110
147
157
77
76
124
-37
-355
-573
-758
-695
-396
-126
82
287
543
538
375
-105
-506
-526
-270
126
508
831
1105
1204
1004
844
509
219
-36
-321
-333
-214
132
314
419
477
424
273
124
106
-48
47
-110
-240
-341
-535
-588
-648
-608
-453
-255
-205
-155
-222
-251
-426
-574
-575
-648
-758
-868
-890
-850
-769
-659
-598
-562
-348
-173
-64
-62
46
194
335
391
307
152
39
-98
-201
-214
-104
79
322
375
369
360
363
494
614
643
579
512
504
548
593
552
483
234
99
188
238
362
414
369
275
212
114
85
156
297
195
109
-39
-88
-91
-77
-22
-64
25
-35
29
155
175
32
-158
-186
-131
-63
-129
-254
-518
-731
-830
-609
-279
-50
115
88
62
-59
-171
-187
-69
83
190
258
256
127
-124
-221
-148
-119
-194
-283
-214
-34
124
153
91
-14
-172
-277
-305
-298
-287
-304
-293
-147
-147
-96
-40
-139
-276
-173
70
402
685
786
708
397
48
-192
-381
-395
-153
86
155
178
108
-181
-309
-344
-242
-169
-143
18
163
111
39
-111
-312
-598
-761
-692
-607
-540
-366
-301
-304
-354
-224
17
215
222
77
22
86
220
334
451
393
444
338
265
370
217
138
-8
24
148
243
418
647
817
773
741
355
78
-160
-205
-30
170
336
509
598
567
663
606
575
433
212
-38
-138
-48
7
-61
-217
-405
-382
-195
138
455
580
469
215
-53
-202
-50
118
240
226
-34
-339
-377
-301
-125
-8
-109
-225
-304
-306
-247
-173
-144
-243
-342
-385
-258
-69
-40
-219
-252
-402
-509
-499
-449
-238
-254
-202
-158
-90
-151
-222
-242
-350
-253
35
317
356
309
186
-6
-285
-644
-878
-982
-820
-636
-353
-200
-107
-55
-52
-177
-276
-190
-74
223
556
892
1069
908
617
199
2
-64
74
361
440
262
95
-1
-54
19
269
477
648
616
551
329
164
252
356
365
155
-54
-129
-51
120
277
245
16
-243
-550
-551
-365
-256
-249
-371
-385
-162
33
78
157
167
188
116
3
-185
-365
-506
-605
-691
-625
-689
-542
-294
-44
0
-85
-304
-310
-147
10
202
157
-42
-177
-37
249
513
663
451
36
-171
-172
56
386
686
840
940
856
726
328
23
-110
-209
-150
-168
-174
-288
-302
-94
218
388
567
445
214
96
28
82
193
268
248
29
-63
0
183
396
345
111
-120
-260
-296
-248
-216
-295
-270
-208
-81
18
24
128
291
444
451
220
-132
-402
-593
-472
-274
61
59
83
41
-127
-126
-230
-273
-361
-487
-620
-729
-721
-664
-572
-429
-223
-231
-264
-320
-328
-132
44
115
87
-75
-221
-333
-258
-19
93
307
329
380
343
332
338
326
370
237
179
155
43
-95
-7
-23
12
76
166
241
83
-133
-356
-425
-387
-233
-164
-154
-192
-120
-97
24
68
42
-14
-108
-82
-166
-81
85
239
537
689
752
536
338
221
179
422
409
296
108
-20
-95
-137
-145
-200
-211
-225
-114
-58
-83
-48
-56
-237
-112
35
137
414
522
492
285
66
-55
-182
-349
-533
-581
-539
-372
-132
152
269
381
428
507
513
267
57
-43
28
182
429
689
902
1045
1034
878
613
276
-171
-428
-454
-251
-51
99
208
203
170
195
319
255
-45
-401
-620
-627
-538
-364
-202
-99
-97
-69
-58
-29
-127
-207
-114
33
201
230
173
0
-170
-187
-183
-192
-298
-605
-819
-834
-755
-486
-210
-56
-39
-190
-340
-358
-432
-542
-720
-742
-586
-354
-279
-337
-405
-529
-531
-383
-94
39
196
215
135
119
-2
-29
14
96
156
245
279
280
349
190
120
77
-75
-135
-149
137
251
406
508
366
206
-54
-190
-186
-32
258
444
514
480
420
272
60
111
167
110
50
23
57
122
263
460
680
704
559
326
6
-72
46
257
489
481
288
87
-105
-270
-421
-361
-380
-429
-370
-431
-256
-79
57
261
160
197
286
398
662
678
507
79
-259
-424
-462
-582
-688
-662
-528
-285
-46
324
490
507
432
267
265
183
54
-176
-419
-633
-552
-233
-73
113
33
-154
-393
-429
-186
147
442
582
591
418
243
202
269
288
218
70
-53
-628
-1908
-2126
-419
1905
2994
1753
-26
-919
-670
90
373
188
133
133
6
-361
-709
-590
-167
145
130
-160
-369
-518
-523
-455
-379
-343
-423
-450
-515
-547
-447
-343
-193
-15
29
76
-137
-489
-817
-1015
-1130
-1176
-1115
-610
207
749
852
376
-434
-1219
-2457
-2907
-1444
1193
3283
3202
1353
-391
-256
823
999
1218
1931
1982
1541
560
-3098
-6469
-5384
-1054
3969
5222
2641
-305
-1465
177
2555
3714
3578
2611
2453
2344
1094
24
-811
-837
84
424
594
210
-578
-528
-271
-266
-1785
-4692
-7170
-6705
-3266
293
3008
3290
1426
-320
-856
-161
1027
2393
3581
4143
4404
4352
3412
1681
380
-36
365
736
919
1033
1013
592
108
-440
-1548
-2602
-2709
-1654
-289
543
653
65
-542
-736
-880
-924
-1240
-1908
-2645
-3402
-4035
-4784
-6065
-7678
-9368
-10455
-10748
-10301
-9235
-7954
-6373
-4769
-2987
-988
1000
2809
4452
6101
8032
9758
10839
11208
10794
10003
8979
7835
6830
5711
4724
3940
3378
3008
2516
2008
1721
1819
2180
2700
3299
3736
3839
3760
3502
2979
2336
1796
1443
928
489
81
-656
-1288
-1730
-1682
-1112
-153
788
1676
2191
2152
1637
497
-538
-1574
-2269
-2757
-3203
-3402
-2794
-1617
-434
639
976
1050
967
774
590
354
343
878
2067
3681
2626
-3496
-14257
-24270
-26397
-19583
-9836
-3623
-2710
-4138
-4285
-2455
-877
-828
-1695
-906
3818
12072
20502
25005
23415
17339
11019
7417
6422
6076
4847
3353
3262
4887
6184
3983
-3315
-13363
-20739
-21563
-16265
-8898
-3358
-427
1526
4038
6728
7549
5363
2247
1518
5548
13285
20484
23008
19870
13456
7246
3084
216
-2941
-6430
-8897
-8395
-5140
-2145
-2810
-8186
-15598
-20671
-20664
-16409
-10841
-6244
-2907
411
4162
7223
7691
5293
2139
1255
4160
8940
12258
11681
7674
2913
-791
-3353
-5978
-9052
-11126
-10297
-6430
-1625
976
34
-3058
-5401
-5111
-2869
-814
-463
-1088
-1229
21
1640
1677
-353
-2788
-3211
-738
3246
5897
5836
3785
1958
1812
2754
3525
3085
2054
1355
1537
1812
1486
377
-650
-864
102
1611
3363
3694
-104
-8652
-19941
-26767
-24187
-14310
-4684
-880
-2352
-4529
-3791
-1260
381
-125
-1311
402
6480
15358
22608
24941
21599
15210
9226
5832
5299
5750
5434
4470
4054
4922
5500
3008
-4218
-13594
-20417
-21013
-15766
-8417
-2313
1399
3674
5429
6772
6467
4264
1741
1524
5644
12868
19810
22667
20205
14052
7591
3105
221
-2333
-5198
-7035
-6236
-3096
-224
-698
-5799
-13411
-19203
-20281
-16703
-11088
-5951
-2110
947
4017
6147
5449
903
-5476
-8963
-6375
1629
10286
14817
13233
7807
1977
-2088
-4598
-6713
-7798
-6389
-1874
3705
7087
5548
-430
-7488
-11822
-11578
-8055
-3849
-720
1300
2669
3542
3189
613
-3247
-5740
-4655
7
5472
8710
8168
4696
935
-954
-1072
-855
-1322
-1803
-962
1027
3183
3899
2857
940
-451
-506
503
1985
3523
3737
542
-7387
-18080
-25302
-24064
-15623
-6760
-2721
-3592
-5575
-5504
-3374
-1404
-1444
-2929
-2813
1622
10055
18770
23575
22663
17505
11342
7398
6816
8204
9253
8988
8315
8751
9858
9073
3933
-5053
-14122
-18944
-17700
-12462
-6756
-3063
-1539
-801
53
473
-710
-3423
-5160
-3086
3527
12240
18936
20667
17703
12852
8802
6380
4592
2442
301
-283
1596
4873
6364
3447
-3650
-11675
-16985
-17768
-15203
-11756
-9278
-7865
-6211
-4083
-2478
-3243
-6700
-11077
-13551
-11899
-6201
1218
7241
10212
10038
8067
5562
3237
1455
426
939
3298
6762
9241
8801
5135
-593
-5873
-9224
-9933
-8370
-5600
-2421
186
1526
1102
-912
-3420
-5410
-5833
-4197
-843
2570
4411
3905
1806
-355
-1817
-2097
-1459
-363
719
1687
2415
2582
2498
2233
1933
1572
1229
1266
1990
3295
4650
4645
1021
-7169
-17630
-24203
-22563
-14173
-5457
-1582
-3024
-6260
-7749
-6414
-4067
-3099
-4137
-4574
-1056
7098
16569
22537
22191
16700
9919
6148
6890
10242
12889
13072
11822
11322
12055
11871
7864
-624
-10532
-16893
-16473
-10471
-3506
-25
-1058
-4254
-6502
-6880
-6860
-7848
-9100
-7913
-2085
7306
15942
19439
16563
10126
4590
2539
3404
4987
5571
5411
6037
7856
8943
6549
-122
-8824
-15453
-16898
-13317
-8130
-4863
-4784
-6450
-7821
-8044
-8194
-9410
-11360
-11878
-9169
-3525
1812
3350
495
-3609
-4947
-1765
3839
8142
8787
6983
5672
6440
8179
8155
5081
569
-2521
-2109
442
2041
327
-4163
-8116
-8985
-6394
-2609
-275
-308
-1217
-821
1130
3006
2984
1017
-920
-831
1439
4162
4914
3123
453
-834
-109
1639
2768
3014
2979
3359
3933
4120
3584
2816
2675
3329
4043
2045
-4650
-15385
-24521
-25539
-17500
-6639
-173
-652
-5530
-10018
-10613
-7200
-2599
277
1689
4462
10648
18496
23711
22821
15941
7190
2014
3685
10058
15955
17137
13376
7418
2393
-977
-4311
-9213
-14808
-17917
-15537
-8340
-458
2772
-600
-7885
-13178
-12322
-5819
2428
8832
12688
15336
17985
19705
18339
13264
6539
1946
1949
5812
10037
10781
6527
-635
-7284
-11509
-13541
-14739
-15538
-15552
-13564
-9739
-5933
-4730
-6959
-10545
-11949
-8983
-2551
4282
8298
8057
4881
467
-3069
-4941
-4472
-1973
1730
5111
6754
5858
2279
-2401
-5848
-6250
-3505
1232
5618
7462
5880
1601
-3497
-7373
-8600
-7028
-3474
548
3324
4190
3024
414
-2306
-3714
-2813
298
4467
8156
9513
7908
4276
219
-2645
-3287
-1754
1094
3453
4521
4104
2807
1422
652
725
1589
2835
3978
4439
2345
-4160
-14742
-24652
-26636
-18961
-7025
1083
2002
-2889
-8963
-11969
-9608
-3456
2912
7355
11046
15720
20866
23553
21291
14078
5324
182
2382
10197
17687
19308
13578
3334
-6806
-13028
-14777
-13738
-11896
-9637
-6392
-2218
1201
1522
-2140
-7345
-9685
-5761
3737
14460
21211
21800
17427
11715
7626
5950
5848
6058
6156
5969
5604
4128
365
-5846
-12657
-17180
-17485
-14165
-9347
-5750
-4864
-6278
-8157
-8752
-7658
-5050
-1604
2536
6469
9431
10071
8082
3079
-3529
-9273
-11659
-8899
-2850
3288
5438
2472
-3887
-9252
-10514
-6830
-705
4764
7577
7520
5580
2516
-1221
-4845
-7197
-6432
-2545
2860
6744
6545
2094
-3886
-7589
-6556
-1351
5042
9631
10576
8201
4134
-150
-3358
-5027
-4779
-2783
350
3188
4315
3267
854
-1394
-2099
-872
1453
3818
5153
5547
5173
4261
1459
-5100
-15387
-25030
-26635
-18340
-5428
3378
4058
-2531
-11310
-16568
-14055
-4975
5776
13446
17518
19578
21026
20999
18377
12496
5604
1967
5260
13875
21422
21934
13878
557
-12244
-18942
-17931
-11787
-5314
-1588
-975
-2087
-3621
-4971
-6187
-6461
-4301
1653
10275
18355
21904
19500
12910
6317
3119
4261
7922
10932
11173
8101
3008
-2766
-7893
-11682
-13278
-12429
-9757
-6725
-4943
-5508
-8051
-10832
-11845
-9820
-5143
649
5561
8313
8347
6275
3105
-602
-4199
-6654
-6582
-3566
873
4147
3682
-849
-7002
-11099
-10381
-5026
1851
6720
7380
4469
374
-2613
-3870
-3913
-3369
-2204
-331
1723
3042
2503
-198
-3667
-5544
-4153
246
5315
8566
8575
5690
1585
-1787
-3132
-2461
-824
587
1261
1165
575
-514
-1512
-1870
-1108
582
2366
3709
4265
4448
4501
4439
2910
-2418
-12014
-22744
-26966
-20882
-8176
2200
4609
-1176
-10399
-16868
-15705
-7096
4190
12764
16886
18027
18165
17980
16824
13529
8284
4158
5290
12165
19841
22340
16499
4380
-8899
-17005
-17091
-10952
-3716
606
804
-1932
-5362
-7597
-8131
-7108
-4347
894
8072
15102
18882
17861
12700
6356
2477
3026
7005
11180
12733
10363
4906
-1801
-7609
-11123
-11793
-10133
-7229
-4565
-3472
-4736
-7558
-10469
-11735
-10333
-6327
-970
3970
6812
6966
4503
993
-2346
-4552
-5155
-4178
-1454
1524
3416
2473
-1123
-5813
-8640
-7733
-3089
2738
6879
7481
4791
390
-3246
-4710
-4066
-2458
-686
863
1853
1840
623
-1673
-4104
-5036
-3473
314
4743
7574
7551
4805
916
-2215
-3314
-2418
-381
1563
2461
1827
375
-1276
-2159
-2079
-1071
459
2028
3099
3476
3392
3254
3497
3727
2776
-1690
-10361
-20847
-26450
-22617
-11253
-281
3767
-455
-9140
-16128
-16377
-9038
2002
11508
16647
17781
16817
15539
14468
12922
10062
7142
6966
10964
16513
19245
15843
6686
-4889
-13507
-15535
-11156
-4386
474
1261
-1604
-6010
-9192
-9715
-7686
-3969
1049
6800
12086
15104
14714
11266
6652
3738
4229
7782
11837
13621
11573
6123
-775
-6657
-9550
-9029
-6232
-3122
-1607
-2630
-5620
-9080
-11343
-11382
-9061
-5233
-1010
2285
3934
3508
1494
-1803
-4973
-6802
-5606
-1816
2832
5769
5383
1596
-3437
-6966
-6996
-3884
512
4148
5326
3878
879
-2298
-4548
-5414
-4807
-3079
-668
1350
2107
1143
-1222
-3851
-4929
-3665
-485
3113
5485
5838
4443
2111
-13
-1352
-1622
-905
508
1892
2355
1711
234
-1274
-1973
-1319
407
2265
3302
3239
2492
1906
2096
3176
4202
3467
-1213
-10003
-20315
-26098
-22931
-12321
-1301
3429
126
-8162
-15409
-16559
-10046
920
11215
17056
18018
15816
13087
11343
10569
9528
8214
7933
10140
13740
16070
14236
7655
-2085
-10769
-14385
-11507
-4677
1624
3775
776
-5469
-11012
-12557
-9250
-2933
3731
8727
11097
11001
9429
7450
5808
5122
5734
7571
9636
10693
9618
6100
792
-4557
-7853
-7916
-5140
-1600
324
-863
-4760
-9294
-12020
-11495
-8242
-3903
-318
1559
1463
-375
-3122
-5573
-6040
-4012
-90
3710
5783
5111
2523
-850
-3201
-3766
-2374
17
2200
3106
2456
532
-1872
-4059
-5195
-4766
-2921
-468
1648
2275
1151
-1227
-3437
-4350
-3386
-1100
1405
3112
3401
2469
1044
-230
-996
-1193
-929
-201
744
1400
1344
407
-785
-1492
-1112
51
1422
2476
2751
2368
1798
1631
2304
3512
3996
2107
-3542
-12364
-21313
-25430
-21569
-11667
-1729
2487
-587
-8146
-14539
-15101
-8369
2391
12209
17323
17338
14191
10738
8850
8760
9145
9346
9662
10887
12627
13390
11312
5968
-1439
-7907
-10430
-7993
-2596
2253
3565
362
-5498
-10466
-11440
-7593
-910
5557
9305
9603
7496
4934
3539
3797
5291
7279
9058
10013
9675
7688
4195
-214
-4164
-6006
-5015
-2023
769
1272
-1408
-6178
-10577
-12345
-10553
-6433
-2022
567
997
-895
-4118
-7379
-8777
-7040
-2530
2887
6529
6976
4136
-119
-3482
-4214
-2450
709
3369
4172
2903
401
-2220
-4182
-5082
-4768
-3284
-1127
824
1774
1080
-894
-3218
-4477
-3878
-1565
1241
3163
3364
2018
93
-1338
-1761
-1255
-327
412
956
1180
1073
530
-384
-1151
-1208
-171
1508
3066
3541
2986
1836
1164
1654
3239
4378
3099
-2007
-10480
-19666
-25015
-22773
-13949
-3567
1932
328
-6790
-14020
-16335
-10952
-306
10704
17220
18009
14487
10054
7345
7380
8831
10103
10516
10728
11088
11324
10376
7408
2233
-3364
-6892
-6457
-2634
1938
4196
2379
-2762
-8467
-11189
-9175
-3441
3057
7364
7973
5632
2484
901
1795
4408
7216
8964
9112
7842
5793
3454
1207
-923
-2364
-2602
-1425
155
961
-147
-3299
-7481
-10911
-11685
-9283
-4922
-883
917
0
-2658
-5134
-5906
-4617
-2042
711
2796
3612
3158
1628
-392
-2368
-3553
-3374
-1791
483
2219
2561
1214
-1142
-3378
-4434
-3762
-1872
296
1604
1450
-17
-1919
-3377
-3791
-2986
-1437
223
1334
1563
1023
43
-938
-1487
-1364
-654
397
1439
2026
2001
1317
267
-734
-1053
-575
591
1936
2741
2556
1620
892
1115
2449
3429
2234
-2545
-10113
-17961
-22679
-21603
-15146
-6647
-1114
-1379
-6735
-12984
-15461
-11544
-2412
7764
14810
16544
13976
9832
7017
6898
8687
10832
11876
11831
11225
10605
9691
8016
5352
2229
-365
-1328
-300
1742
3243
2841
115
-3814
-6949
-7082
-3846
1143
5225
6506
4706
1236
-1459
-1477
1263
5261
8158
8523
6405
3244
648
-279
76
876
1308
1186
576
-327
-1543
-3050
-4865
-6412
-6870
-5775
-3566
-1277
-118
-760
-2763
-5058
-6192
-5547
-3390
-790
961
1305
313
-1376
-2900
-3504
-3040
-1776
-273
918
1346
979
221
-730
-1557
-2245
-2596
-2311
-1523
-612
-174
-556
-1777
-3186
-4024
-3789
-2588
-962
199
492
-14
-844
-1380
-1373
-989
-568
-423
-503
-474
-210
57
27
-363
-869
-1155
-859
48
1028
1598
1354
559
-143
-48
944
2425
3821
4043
2606
-817
-4796
-7676
-8308
-7248
-5699
-4504
-4186
-4661
-5686
-6292
-6049
-4870
-3029
-918
1319
3216
4604
5314
5357
5080
4912
5533
6691
7937
8747
8961
8416
7340
6213
5533
5522
5830
6249
6442
6133
5200
3778
2401
1453
992
845
969
1084
883
431
-144
-587
-955
-1195
-1278
-1123
-804
-445
-159
-52
-143
-382
-517
-456
-128
327
686
713
348
-197
-658
-864
-927
-939
-1143
-1521
-1919
-2323
-2408
-2351
-2242
-2321
-2644
-3101
-3506
-3559
-3179
-2553
-2013
-1753
-1896
-2263
-2552
-2636
-2413
-2080
-1745
-1350
-990
-614
-340
-325
-628
-1138
-1710
-2046
-1987
-1613
-1042
-633
-492
-749
-1285
-1802
-2060
-1838
-1310
-700
-381
-374
-611
-1060
-1455
-1522
-1162
-371
666
1532
1835
1476
762
52
-88
333
1154
1813
2087
1990
1548
1051
712
634
854
1204
1502
1612
1502
1284
995
773
588
399
235
141
210
380
457
371
-18
-449
-573
-369
149
712
894
921
863
735
629
619
846
1269
1779
2240
2439
2341
1997
1669
1435
1402
1573
1734
1800
1670
1364
1105
926
587
261
-50
-151
-182
-116
-83
-126
-230
-405
-634
-730
-611
-259
73
184
230
113
-63
-208
-334
-427
-457
-536
-557
-510
-319
-73
78
-38
-604
-1251
-1707
-1731
-1279
-655
-309
-372
-763
-1233
-1577
-1637
-1465
-1124
-590
-141
183
204
-29
-398
-812
-1082
-1015
-732
-345
-73
-44
-190
-487
-729
-882
-836
-748
-584
-484
-501
-481
-505
-607
-778
-964
-1001
-774
-427
9
281
329
146
-139
-221
-61
277
629
775
713
499
333
134
109
282
574
796
874
803
651
534
456
422
363
405
457
547
454
290
105
-83
-195
-148
-40
61
211
297
405
573
723
652
432
201
39
171
461
711
753
538
257
-26
-96
69
302
475
367
165
-17
-174
-319
-522
-822
-1061
-1145
-1093
-869
-629
-512
-512
-518
-468
-348
-178
77
224
264
247
264
324
455
475
413
297
169
253
448
666
687
467
79
-230
-356
-243
46
297
401
254
31
-144
-202
-116
8
140
317
463
557
568
507
399
386
450
540
554
567
576
446
257
8
-225
-344
-304
-155
-11
-11
-178
-492
-784
-922
-851
-611
-475
-358
-404
-381
-409
-442
-436
-377
-299
-263
-178
-96
79
210
188
69
-127
-301
-269
-73
185
301
384
417
366
383
383
414
439
319
275
87
-112
-198
-333
-349
-328
-355
-300
-199
-189
-221
-206
-285
-282
-295
-309
-153
94
389
549
542
361
136
-61
-91
133
578
1067
1106
749
154
-459
-825
-911
-804
-664
-628
-774
-890
-968
-928
-867
-811
-774
-771
-594
-286
15
251
295
143
79
177
351
528
551
507
376
330
403
527
461
122
-314
-555
-375
48
457
641
519
157
-245
-585
-679
-641
-561
-367
-110
99
304
352
283
284
312
484
600
686
745
758
785
817
755
568
323
-9
-110
-65
83
196
162
3
-222
-374
-363
-171
130
350
389
312
13
-207
-293
-208
-49
100
253
233
218
64
-80
-84
97
334
493
414
184
-17
-123
-86
33
64
34
-39
-77
-149
-208
-276
-499
-518
-383
-128
102
88
-66
-309
-603
-775
-760
-619
-331
-28
151
260
365
475
483
282
-32
-250
-93
368
727
788
485
-25
-472
-604
-499
-196
94
83
-193
-506
-733
-817
-767
-609
-418
-179
143
401
557
514
198
-199
-452
-570
-409
-190
48
130
97
36
-7
-36
-81
-187
-277
-264
-129
123
374
405
213
-93
-369
-523
-464
-261
-7
97
93
42
-16
118
201
368
493
602
522
304
198
261
352
440
440
221
-75
-299
-152
136
450
653
574
266
-55
-221
-235
-101
-7
-1
-86
-161
-160
-98
-122
-162
-191
-174
-47
-58
-121
-279
-385
-345
-212
-90
-45
12
44
95
188
267
298
275
280
208
157
91
111
26
-152
-302
-340
-128
145
379
413
258
122
58
104
227
348
401
308
192
29
-102
-166
-273
-333
-288
-7
372
725
766
380
-179
-654
-827
-563
-23
434
545
331
-20
-339
-437
-378
-264
-263
-337
-302
-115
213
413
355
30
-353
-534
-491
-343
-159
-74
-202
-286
-323
-237
-72
-90
-301
-565
-639
-454
-50
253
271
-5
-370
-689
-872
-727
-512
-301
-161
-128
-195
-232
-151
41
303
470
462
450
404
374
491
628
616
488
207
-65
-113
122
417
552
522
412
227
179
332
519
596
443
139
-86
-75
179
582
874
875
585
207
-82
-99
-33
19
5
-44
-32
110
275
350
270
57
-178
-241
-169
-6
-14
-131
-320
-452
-472
-491
-358
-172
-33
46
136
12
-252
-539
-729
-711
-559
-291
-132
-103
-154
-296
-361
-440
-534
-494
-502
-405
-135
161
291
192
12
-223
-400
-398
-248
-39
139
171
118
69
45
124
325
512
601
535
475
472
433
361
200
0
-115
-114
32
140
272
262
156
121
236
416
458
302
12
-255
-328
-155
60
216
42
-242
-548
-685
-580
-339
-155
-159
-286
-362
-339
-189
9
87
67
-81
-296
-479
-490
-291
137
422
485
215
-165
-385
-248
119
367
496
440
272
141
138
251
350
407
335
239
205
220
396
517
502
290
-13
-257
-258
-22
314
565
611
431
167
-18
-86
-67
-204
-322
-364
-319
-252
-174
-95
-55
-26
49
-20
-170
-319
-399
-406
-234
-95
-179
-268
-322
-312
-152
86
296
220
-11
-258
-409
-313
-130
-79
-184
-350
-356
-161
28
154
-15
-290
-463
-484
-213
26
83
-18
-228
-338
-289
-183
-30
62
71
-9
52
221
425
503
415
340
277
348
470
659
641
506
340
127
52
32
-123
-266
-355
-289
-73
113
197
56
-116
-246
-160
44
276
442
351
220
70
-45
-3
87
286
497
557
435
113
-216
-368
-220
75
263
285
15
-381
-693
-652
-321
64
258
225
86
-8
-62
-128
-249
-394
-464
-436
-208
46
282
343
218
15
-223
-290
-181
46
243
284
184
-18
-108
-73
30
45
17
-12
-54
-20
-94
-158
-230
-383
-434
-427
-398
-341
-313
-298
-143
15
180
314
286
103
-53
-112
-18
203
366
348
239
176
247
229
157
23
-108
-134
-20
113
9
-137
-253
-306
-169
57
266
375
384
262
103
-106
-202
-82
68
357
536
525
382
283
195
-1
-178
-427
-644
-595
-412
-102
91
151
89
-1
-18
-47
-47
-91
-105
-76
-75
-73
-122
-139
-76
-25
-28
-25
-150
-287
-314
-321
-271
-157
-19
115
200
273
227
-14
-231
-257
-100
262
608
702
464
20
-296
-383
-235
66
270
269
121
-49
-134
-66
-19
26
6
-86
-190
-170
-69
79
324
419
429
317
212
169
160
172
101
70
37
87
202
187
126
-56
-226
-317
-258
-156
-151
-317
-552
-754
-778
-566
-272
-20
235
294
312
376
330
343
206
88
61
103
221
302
279
179
86
115
194
237
217
83
-66
-104
-218
-337
-448
-529
-440
-220
66
308
380
215
-74
-303
-330
-101
166
430
505
346
115
-61
-209
-259
-226
-196
-109
17
80
154
110
-77
-204
-229
-137
-25
-22
-151
-199
-221
-133
-23
2
-48
-48
-13
-17
-58
-152
-221
-248
-244
-114
27
134
184
166
172
95
-18
-106
-114
-19
189
308
246
123
-14
-158
-72
134
307
320
220
-19
-259
-192
-93
-19
5
-51
-166
-173
-39
121
251
173
31
-153
-260
-220
-8
224
251
139
-71
-118
-81
12
95
42
-126
-245
-311
-274
-141
45
185
146
73
3
-17
-126
-225
-296
-395
-360
-134
69
237
340
500
599
617
590
453
280
116
126
237
265
256
256
214
108
21
50
-3
-69
-200
-229
-169
-2
170
196
44
-236
-378
-309
-146
50
80
24
-42
-113
-144
-249
-324
-342
-349
-196
46
146
149
-20
-254
-387
-453
-397
-252
-122
-18
13
-1
-25
20
132
200
303
239
136
118
116
102
75
-62
-132
-118
-27
153
228
177
16
-156
-224
-254
-188
-39
123
232
171
-12
-93
-105
100
322
407
331
147
-73
-272
-256
-150
35
101
57
26
-95
-90
-203
-326
-366
-347
-87
209
323
247
139
-73
-257
-236
-8
200
328
302
122
-149
-347
-424
-338
-102
-18
9
-102
-231
-320
-228
-76
56
191
83
51
86
184
351
499
500
386
218
122
38
92
254
365
335
219
149
61
28
-56
-71
-142
-237
-263
-242
-116
38
116
88
-7
-279
-418
-350
-85
212
298
232
54
-64
-19
152
224
268
138
-52
-117
-89
-23
-63
-107
-135
-37
12
41
84
86
10
-69
-228
-393
-436
-361
-163
-87
-23
-102
-121
-38
10
107
67
17
32
-19
-18
-6
29
42
-87
-121
-135
-27
159
261
451
503
455
263
69
-55
-166
-157
-167
-233
-282
-161
68
182
89
-95
-208
-162
-39
-31
-143
-382
-501
-447
-241
-113
-21
-3
-156
-208
-176
67
276
332
255
127
-81
-181
-183
-247
-108
-77
-80
-80
-40
35
168
328
380
347
218
169
181
257
363
428
354
254
116
6
21
112
225
381
550
586
614
452
142
-186
-480
-588
-604
-498
-324
-79
120
263
263
116
-131
-512
-765
-708
-469
-50
367
629
651
480
219
-8
-79
-149
-102
84
150
136
-18
-230
-395
-442
-365
-183
64
273
339
252
106
34
0
7
-133
-178
-154
-139
-24
-91
-56
33
139
248
198
194
295
433
607
583
405
128
-171
-381
-409
-419
-470
-471
-405
-284
-224
-262
-326
-408
-436
-519
-507
-450
-329
-223
-196
-258
-420
-554
-625
-491
-328
10
283
446
540
472
360
299
327
329
362
328
205
126
73
89
94
85
-39
-221
-288
-280
-71
189
356
450
515
502
330
159
-25
-270
-319
-249
25
368
584
584
447
273
98
23
-51
-68
-111
-38
62
85
48
-6
-123
-279
-400
-473
-383
-269
-95
87
257
348
392
389
254
65
-96
-137
-244
-206
-102
-97
-164
-238
-138
-47
116
171
146
93
5
-20
-12
-37
-122
-116
-9
228
425
397
344
87
-106
-30
153
322
359
330
241
306
429
399
214
-49
-215
-301
-338
-314
-262
-232
-184
-105
-13
29
-86
-180
-311
-441
-582
-667
-639
-518
-353
-280
-277
-316
-303
-166
-80
32
64
-29
-149
-340
-380
-269
-151
-28
42
138
264
287
436
494
470
480
523
640
682
685
587
388
104
-140
-346
-491
-503
-464
-328
-263
-217
-127
-41
3
56
88
17
-27
-60
-19
10
50
113
129
124
61
-52
-40
117
347
504
524
388
185
124
-96
-391
-569
-726
-710
-525
-274
-76
42
-82
-160
-85
143
394
494
468
443
431
337
235
8
-204
-372
-399
-222
-82
70
144
216
336
390
454
421
360
316
235
72
-77
-242
-297
-331
-309
-313
-433
-407
-368
-163
224
493
659
550
244
-9
-258
-314
-322
-302
-346
-365
-289
-231
-108
-8
37
117
154
228
368
475
487
420
298
25
-262
-432
-472
-564
-592
-664
-556
-404
-210
-27
140
201
244
352
529
595
425
194
-107
-378
-520
-415
-328
-145
66
272
381
347
275
59
-97
-123
-144
-109
-186
-292
-457
-543
-523
-473
-363
-258
-198
-140
100
384
680
927
935
792
557
338
172
81
67
147
226
269
271
191
-16
-329
-581
-645
-406
-31
164
156
-8
-281
-438
-547
-528
-436
-285
-137
92
305
437
587
605
638
575
406
291
141
149
168
191
91
-150
-340
-470
-516
-435
-225
-99
67
128
138
126
50
54
138
301
445
364
103
-178
-379
-335
-152
56
143
54
-91
-119
-124
-174
-245
-343
-417
-414
-338
-137
28
3
28
-145
-292
-302
-340
-334
-329
-265
-114
-4
48
142
195
173
89
-16
-101
-93
-120
-124
-143
-34
106
197
212
259
308
289
289
320
330
286
264
225
241
267
372
443
524
474
382
226
93
9
-32
-127
-155
-111
-133
-143
-144
-101
-98
-93
-164
-294
-405
-368
-335
-243
-147
-54
97
170
194
216
168
85
62
-44
-118
-166
-172
-179
-300
-256
-211
-92
75
143
44
-127
-190
-185
-87
17
121
173
195
266
292
290
179
-62
-281
-335
-382
-374
-250
-76
109
334
447
413
291
48
-108
-182
-112
-115
-101
-48
-35
31
105
77
11
-84
-169
-139
-82
-7
69
28
68
126
64
-109
-226
-215
-209
-18
145
184
151
35
-34
-205
-320
-322
-230
-130
43
119
91
-22
-93
-51
34
206
329
397
296
230
118
0
-67
-54
-54
-60
-60
-2
172
202
243
160
-64
-258
-320
-290
-278
-310
-277
-171
-134
-33
42
140
82
-55
-148
-170
-54
15
103
87
132
84
73
16
-112
-92
-129
-13
197
472
760
839
714
371
47
-91
-47
179
319
366
273
147
30
-111
-99
-89
-135
-174
-99
-40
117
209
110
-135
-376
-579
-637
-603
-557
-489
-441
-304
-161
-59
-76
-136
-137
-113
122
307
355
424
338
303
265
103
-165
-327
-421
-334
-139
27
198
234
263
182
184
129
25
17
64
126
251
391
472
509
439
309
245
246
201
157
130
133
145
71
-136
-435
-656
-679
-588
-421
-326
-308
-232
-125
-5
163
184
133
168
174
117
94
12
-175
-240
-312
-400
-481
-466
-454
-348
-140
-36
76
11
11
-21
-45
-112
-116
-154
-117
-16
72
135
100
108
73
-36
-121
-191
-177
-3
241
515
512
301
-98
-374
-409
-302
-30
177
227
24
-229
-335
-376
-325
-236
-86
20
140
295
452
555
597
552
349
50
-331
-400
-174
91
356
388
294
178
78
74
88
230
332
379
386
265
170
158
210
308
248
128
-33
-133
-182
-177
-38
113
159
256
292
240
290
220
139
75
-67
-194
-340
-430
-458
-348
-159
8
171
227
218
89
-104
-288
-436
-401
-341
-197
-198
-331
-410
-461
-401
-321
-219
-292
-334
-433
-403
-221
-185
-195
-234
-159
26
201
254
126
-72
-234
-245
-159
-21
125
140
87
57
84
110
123
93
119
97
65
50
82
76
52
41
20
65
198
355
392
419
432
366
229
129
207
395
490
427
240
76
-57
-77
-99
-55
-105
-253
-317
-343
-222
-95
32
49
57
93
197
345
418
391
316
201
74
-27
-60
-153
-255
-335
-321
-277
-166
-87
-82
-169
-274
-219
-135
-43
-11
-51
-205
-371
-470
-460
-414
-278
-171
-58
-50
-51
54
203
280
275
213
69
-6
-35
15
89
133
264
235
162
119
30
14
35
137
283
350
291
274
209
152
61
-17
-34
-21
81
120
139
68
10
-59
-48
-144
-260
-348
-326
-99
222
418
478
401
214
45
-102
-196
-304
-386
-445
-450
-471
-506
-434
-426
-321
-192
-20
116
216
336
349
265
115
70
39
141
221
121
1
-166
-287
-431
-458
-359
-127
121
254
145
-9
-139
-218
-119
24
232
230
175
32
-77
-52
99
256
308
330
185
130
113
86
45
-39
-128
-142
-139
-39
-36
-38
-97
-132
-134
-125
-31
-37
-102
-201
-283
-330
-297
-203
-104
-28
-52
-31
7
71
173
176
104
-41
-193
-147
5
254
483
529
482
277
145
82
217
358
355
252
-25
-180
-113
127
303
328
238
116
-53
-96
-64
-17
71
113
109
94
137
156
278
300
207
109
-33
-102
-116
-139
-39
85
156
177
75
-79
-172
-149
-141
-166
-184
-250
-257
-252
-245
-220
-284
-289
-223
-104
22
98
1
-131
-206
-134
-28
-42
-73
-302
-418
-470
-408
-290
-153
-76
-44
-66
-76
-14
-38
47
113
231
332
292
203
14
-184
-196
-115
-109
-1
100
144
327
498
465
297
-53
-308
-307
-194
57
175
254
149
45
6
-183
-251
-255
-123
-33
61
72
42
-41
23
156
215
255
166
43
-124
-57
-3
-11
-115
-223
-170
-79
-31
84
135
174
89
-44
-132
-243
-324
-391
-419
-431
-341
-221
-124
-50
-48
-110
-98
-70
-27
73
199
243
296
397
461
548
491
365
205
37
43
88
144
189
288
357
345
260
185
120
7
-28
-113
-151
-146
-93
14
150
209
212
173
174
241
274
260
148
16
-88
-71
-35
6
60
177
223
219
145
-19
-188
-276
-266
-209
-146
-32
51
68
48
-64
-169
-289
-362
-333
-225
-168
-135
-184
-286
-307
-370
-370
-286
-171
-82
-15
-40
-170
-348
-578
-808
-908
-899
-682
-430
-265
-112
-48
-28
-14
50
59
82
65
99
175
306
467
599
605
526
475
381
291
260
308
368
451
452
461
361
255
168
118
91
132
176
146
192
253
277
320
304
235
192
150
73
29
-14
-87
-169
-242
-213
-288
-258
-171
-108
-3
-3
-99
-235
-314
-354
-338
-223
-107
-86
-38
-25
-22
19
105
-32
-174
-184
-200
-209
-243
-217
-143
3
115
191
177
31
-186
-304
-345
-297
-231
-139
-26
13
44
-54
-140
-134
-61
16
103
125
81
126
230
345
328
256
137
-15
-13
-99
-111
13
100
190
253
307
337
405
456
514
548
539
474
285
82
-1
-38
-36
-153
-245
-246
-167
-24
150
308
306
47
-176
-354
-435
-378
-329
-224
-178
-171
-211
-259
-357
-371
-317
-304
-240
-276
-253
-292
-255
-180
-166
-40
-36
-22
-47
-137
-194
-306
-450
-379
-269
-166
-43
36
-31
-106
-139
-127
-39
100
219
239
260
297
267
297
230
172
160
103
165
134
82
47
162
323
370
434
400
250
110
-4
-130
-200
-277
-246
-79
104
265
381
345
230
236
262
310
422
401
395
493
437
432
342
137
61
-31
-88
-57
-34
-89
-52
-116
-179
-230
-173
0
72
105
79
29
3
-51
-38
-68
-155
-239
-296
-274
-253
-268
-352
-412
-427
-296
-191
-214
-319
-422
-575
-578
-436
-294
-186
-233
-308
-441
-458
-424
-357
-274
-157
51
248
356
392
425
465
347
182
-57
-111
-84
-11
137
200
249
197
201
169
82
2
73
178
191
270
255
175
6
-44
-4
62
46
52
46
51
18
-44
-95
-192
-230
-225
-129
-49
123
185
203
197
254
275
186
176
62
131
193
113
41
71
129
287
301
301
260
148
84
-75
-99
-50
112
259
312
178
30
-72
-154
-154
-135
-42
-5
-20
3
28
83
142
120
61
-25
-171
-295
-418
-428
-409
-399
-353
-228
-209
-162
-101
-58
-108
-139
-162
-148
-3
118
275
276
177
58
-65
-140
-125
-88
68
156
197
217
180
148
26
-72
-106
-55
10
-19
-79
-83
-112
-296
-443
-462
-304
-79
84
123
52
-64
-115
-147
-118
19
-17
3
51
-30
1
27
65
-17
-128
-232
-269
-210
78
272
370
349
126
-58
-67
24
149
337
325
262
162
82
93
189
191
182
135
27
-166
-332
-292
-168
27
214
217
79
-67
-183
-150
-64
85
170
86
-40
-138
-195
-189
-151
-33
-30
-67
-124
-24
57
108
174
125
139
137
106
132
262
333
254
144
-13
-105
-159
-154
-66
-37
-32
-73
-7
156
224
225
200
228
292
353
208
52
-100
-299
-341
-173
71
168
223
148
19
-86
-86
-36
-47
-103
-123
-163
-127
-87
-141
-193
-271
-313
-306
-276
-162
-124
-74
-55
69
126
93
140
153
142
159
153
110
-118
-319
-423
-467
-439
-343
-169
9
133
74
21
-101
-76
66
140
195
210
155
-24
-167
-187
-202
-114
-100
-166
-117
-74
-18
-6
-43
-50
-66
46
155
178
186
131
24
46
80
162
272
326
318
255
193
177
199
191
39
-146
-365
-534
-443
-283
3
243
311
199
-47
-222
-378
-306
-185
3
190
325
339
306
180
63
20
-68
-144
-260
-257
-310
-272
-117
-25
50
89
116
167
171
177
177
122
-79
-222
-249
-169
45
229
369
326
263
152
78
48
137
239
242
187
112
48
-103
-283
-472
-515
-382
-113
214
510
558
487
286
112
10
93
151
217
242
162
203
249
278
304
319
249
121
0
-140
-219
-150
-70
-31
61
67
-52
-207
-324
-342
-272
-137
-2
61
-16
-152
-376
-482
-503
-466
-324
-211
-76
-5
-63
-84
-61
-76
-96
-29
53
82
114
16
-74
-241
-334
-303
-245
-165
-122
-51
-102
-106
-141
-124
-103
-133
-184
-256
-316
-281
-229
-143
-87
-13
83
70
-28
-152
-195
-215
-138
-118
-92
-116
-170
-177
-72
167
405
536
536
514
437
334
297
287
394
425
390
280
188
268
435
525
471
222
-7
-119
-166
-95
-50
-73
-5
123
220
300
280
186
94
29
32
-7
-148
-313
-439
-439
-378
-133
40
164
237
198
138
4
-129
-218
-104
37
57
88
-8
-116
-16
17
90
100
71
-63
-49
66
196
239
258
238
78
-69
-151
-152
-155
-122
-153
-197
-173
-136
-97
-90
-84
-63
-152
-61
-74
-87
-38
-41
-64
-112
-150
-51
74
65
100
42
73
19
-70
-179
-306
-347
-337
-194
-8
243
381
438
357
139
-99
-230
-226
-140
-34
82
33
27
-2
-124
-286
-386
-466
-487
-302
-137
-2
-76
-233
-319
-203
58
197
282
202
215
245
267
295
313
281
153
76
-99
-60
108
361
499
433
315
64
-122
-237
-125
41
157
270
303
242
218
130
-24
-162
-199
-126
-128
-87
-157
-229
-274
-346
-329
-357
-302
-232
-190
-67
27
113
250
222
90
-16
-154
-90
57
208
333
338
253
157
27
-63
-112
-76
-5
141
267
305
279
151
131
135
163
205
107
-30
-170
-224
-201
-102
44
102
50
-53
-216
-210
-45
58
24
-162
-421
-692
-764
-590
-303
-54
7
-110
-249
-318
-271
-316
-354
-376
-421
-305
-29
158
241
193
88
87
139
174
178
258
326
276
308
229
148
115
51
24
43
142
173
188
150
210
375
584
709
703
593
364
181
139
92
62
103
99
109
167
196
243
217
61
-153
-217
-167
-108
-54
-97
-119
-61
47
175
152
56
-108
-197
-186
-172
-77
-58
-31
-49
-129
-272
-426
-513
-485
-336
-245
-217
-300
-230
-133
-131
-38
-50
-91
-138
-153
-123
-32
-7
16
37
84
218
206
189
29
-180
-297
-372
-372
-314
-288
-130
28
122
175
19
-118
-177
-146
-125
-161
-207
-304
-258
-44
125
216
240
150
231
330
379
361
311
295
143
127
156
230
292
359
340
347
391
375
307
190
111
46
-34
-35
-29
12
103
22
-35
-73
-2
64
121
63
-45
-85
-3
62
139
140
55
-29
-196
-356
-480
-517
-416
-370
-395
-342
-379
-325
-285
-287
-301
-354
-317
-308
-211
-51
48
18
-109
-177
-171
-43
69
112
125
55
61
203
360
512
527
378
153
-33
-119
-147
-106
-38
80
224
278
349
345
138
-26
-140
-249
-202
-159
-87
-81
-118
-70
-60
-78
-116
-136
-128
2
-157
-339
-1338
-3984
-6138
-4612
959
6725
8904
6078
842
-1863
-885
1426
2500
1959
838
160
248
114
-408
-662
-571
-181
136
85
-463
-1198
-1836
-2264
-2527
-2615
-2928
-4002
-5158
-4587
-358
4975
7459
6058
2384
-589
-887
127
1029
988
-157
-1613
-1416
509
1834
2077
1241
-380
-1292
-899
481
2020
2082
536
-1487
-2325
-1771
-976
-706
-1064
-1215
-300
1572
3435
3883
2990
2336
2372
2638
2557
2288
1352
-252
-954
-287
296
-215
-1335
-1992
-2012
-1800
-1337
-1031
-1593
-2673
-3084
-2382
-1387
-683
-820
-1440
-1882
-1796
-1099
-446
-495
-1188
-1822
-1824
-1314
-882
-1009
-1882
-3004
-3799
-3958
-3693
-3569
-3742
-4309
-4787
-4790
-4471
-4015
-3718
-3405
-2632
-1295
541
2432
3642
4398
4771
5154
5961
6709
7157
7164
6891
6516
6217
5960
5587
4953
4195
3621
3241
3129
3029
2754
2542
2354
2361
2424
2344
2206
1911
1742
1822
1978
2121
1949
1466
792
153
-247
-410
-205
14
49
-183
-292
-219
-1
153
222
358
371
229
-231
-932
-1565
-1899
-2110
-2106
-2163
-2038
-1732
-1209
-534
85
619
832
770
435
139
127
416
1146
2106
3302
2565
-2618
-12296
-22158
-25670
-21021
-12430
-5027
-1660
-1890
-3754
-4631
-2975
-51
1781
2573
4802
10148
17314
22903
24086
19922
11903
4278
1311
3283
6641
7626
5649
2587
-125
-2594
-5497
-9734
-15199
-19817
-20019
-13754
-3552
5335
9255
8297
5192
3306
4230
7162
10104
12022
13605
16061
18855
19840
16860
9651
552
-6899
-10490
-10243
-8248
-6761
-6728
-8304
-10568
-12969
-15438
-17813
-18586
-16171
-9820
-1314
6372
10751
10996
8677
6042
4790
5009
5336
4656
3522
2831
2990
2961
1196
-3003
-8430
-12387
-12513
-8740
-3410
412
1310
221
-1057
-1308
-703
-372
-1210
-2776
-3728
-2942
-657
1090
752
-1476
-3621
-3650
-839
3235
6534
7669
6425
4413
2546
1167
-84
-1186
-1927
-2009
-1393
-452
291
408
45
-431
-537
-240
381
1119
2036
3069
4260
3029
-3003
-13552
-23568
-26413
-20738
-11173
-3047
848
685
-1139
-1750
239
2990
3599
2821
4213
9547
17182
23170
24566
20418
11975
3190
-1320
-473
2478
3679
2257
186
-931
-1383
-2529
-6075
-12276
-18672
-20709
-15227
-4070
7217
14109
15570
13292
10413
8888
8890
9014
8717
8889
11083
15092
18419
17957
12043
2158
-8026
-15136
-17641
-16367
-13295
-10176
-8048
-6722
-6111
-6326
-7776
-9776
-10814
-9133
-4319
2389
9066
13202
13674
11014
6856
2621
-1058
-4124
-6070
-6701
-5731
-3765
-1978
-1853
-4009
-7613
-10485
-10817
-8387
-4283
-464
1979
3113
3376
3263
2527
544
-2348
-5033
-5814
-3944
-666
2215
3043
1650
-578
-1869
-1456
-87
1224
1872
2166
2766
3483
3342
1536
-1627
-4680
-5847
-4703
-2248
91
1252
1447
1360
1713
2221
2645
2712
2560
2592
2877
3520
4434
4852
2445
-4580
-15122
-24211
-26214
-20614
-11765
-4610
-1227
-843
-1399
-973
822
2750
3348
3298
4993
10096
17403
23386
24608
20070
11958
4261
241
86
1462
1863
584
-1309
-2388
-2512
-3206
-6498
-12648
-18825
-20513
-15419
-5361
5302
12644
15283
14378
12573
11609
11097
10040
8366
7857
10066
14354
17909
17655
12086
2670
-7396
-14909
-18380
-18384
-16648
-14225
-11285
-7743
-4378
-2685
-3438
-6111
-8600
-8486
-4577
1765
7932
11680
12516
11035
8298
4675
463
-4069
-8087
-9907
-8659
-4966
-1395
-826
-3636
-7742
-10500
-10045
-6948
-3235
-368
1150
2199
3735
5237
5411
3190
-530
-3646
-4400
-2557
453
2435
2181
410
-1075
-1002
270
1479
1718
1223
880
1504
2877
3669
2678
-272
-3561
-5184
-4643
-2716
-901
36
241
584
1613
2968
3806
3717
2989
2373
2358
2858
3544
4261
4650
3532
-1226
-10153
-20359
-26277
-24517
-17077
-8800
-3294
-1190
-1180
-1139
211
2363
3676
3711
4281
7659
13927
20741
24559
22986
16453
8174
2150
174
680
951
-136
-1916
-3082
-3117
-2802
-4206
-8931
-15787
-20333
-18488
-10238
602
9742
14910
16178
15379
14318
13342
11734
9082
6813
7069
10404
14780
16776
14094
6740
-2899
-11537
-16919
-18799
-18534
-16796
-13696
-9356
-5034
-2739
-3232
-5543
-7584
-7396
-4069
1552
7264
11287
13199
13340
11524
7334
1205
-5386
-10469
-12336
-10377
-6074
-2025
-980
-3392
-7075
-9750
-10079
-8196
-5113
-1941
804
3366
6093
8043
7525
4095
-845
-4705
-5938
-4373
-1270
1415
2257
1480
397
-78
56
-63
-486
-820
-319
1081
3092
4573
4346
2195
-1004
-3521
-4682
-4453
-3231
-1464
158
1532
2629
3694
4312
4326
4040
3618
3487
3281
3093
2796
2635
2679
3202
3750
2683
-2416
-11687
-21528
-26463
-24023
-16723
-8925
-3648
-1439
-1032
-166
2197
4732
5386
4430
4700
8367
14721
21071
24306
22589
16239
8089
2032
-241
-293
-787
-2541
-4400
-5006
-4231
-3430
-4636
-9071
-15363
-19350
-17437
-9646
708
9664
15060
16972
16846
16202
15236
13148
9777
6630
5836
8058
11555
13332
11261
5252
-2835
-10480
-15729
-18154
-18450
-17114
-14158
-10003
-5657
-2554
-1347
-1861
-2986
-3201
-1517
1956
5946
9308
11327
11788
10223
6520
1145
-4608
-9133
-11163
-10192
-7177
-3992
-2816
-3903
-5864
-7114
-7022
-5633
-3778
-1729
384
2687
5329
7195
6981
4161
-215
-3999
-5543
-4596
-1990
452
1421
1061
472
319
638
713
446
306
584
1578
2875
3771
3367
1479
-1060
-3080
-4099
-4107
-3367
-2241
-937
503
1807
3017
3732
3788
3489
3309
3464
3659
3616
3174
2591
2172
2216
2882
3398
2137
-3052
-12019
-21400
-26174
-24088
-17296
-9759
-4415
-1844
-864
591
3272
5864
6369
5099
4925
8140
14230
20434
23784
22401
16539
8760
2700
135
-355
-1229
-3198
-5182
-5736
-4696
-3238
-3496
-6899
-12441
-16529
-15778
-9741
-995
7134
12723
15593
16691
16964
16375
14298
10650
6938
5195
6285
8891
10703
9834
5736
-418
-6883
-12108
-15614
-17416
-17475
-15460
-11353
-6053
-1267
1494
1652
-226
-2350
-2787
-1014
2201
5405
7760
8717
8023
5743
2056
-2173
-6254
-8891
-9385
-7630
-4788
-2269
-1501
-2328
-3855
-4889
-4799
-3597
-1965
-440
883
2181
3530
4087
3199
946
-1768
-3796
-4135
-2916
-919
650
1308
1335
1241
1236
1327
1151
690
361
319
819
1467
1636
1107
-57
-1335
-2270
-2943
-2933
-2379
-1408
-103
1285
2604
3440
3693
3429
3180
2973
2773
2432
2024
1633
1557
1871
2743
3495
2813
-883
-8347
-17412
-24304
-25369
-20861
-13561
-7124
-3098
-1012
617
2750
4836
5786
5373
5013
6697
11134
16994
21725
22827
19201
12551
5976
1963
476
-368
-1869
-3684
-4699
-4222
-2877
-2365
-4184
-8334
-12729
-14442
-11930
-5908
1340
7378
11247
13289
14389
14730
13807
11224
7919
5652
5595
7505
9544
10146
8203
3917
-1435
-6540
-10859
-14067
-15687
-15057
-11914
-7330
-2852
-151
97
-1399
-3084
-3566
-2576
-604
1411
3118
4514
5393
5553
4567
2188
-1350
-4640
-6335
-5840
-3964
-2146
-972
-798
-1042
-1455
-1724
-2226
-2959
-3632
-3537
-2302
-416
1304
1840
974
-761
-2453
-3320
-3109
-2286
-1323
-439
433
1353
2149
2468
2236
1429
449
-181
-135
243
704
945
781
259
-664
-1649
-2428
-2738
-2599
-1990
-891
421
1675
2507
2789
2678
2358
2116
2012
1994
1884
1957
2241
2941
3780
3363
800
-5134
-13233
-20929
-24595
-22928
-17226
-10720
-5842
-2742
-777
1312
3279
4540
4712
4388
5136
8170
13286
18434
21269
20108
15480
9733
4983
2525
1626
953
-121
-1314
-1749
-1250
-670
-1403
-4071
-7994
-11122
-11557
-8740
-3775
1347
5308
7835
9377
10192
10222
9303
7406
5632
4831
5673
7487
8931
8792
6458
2457
-1935
-5620
-8030
-9121
-9254
-8592
-7073
-5064
-3241
-2445
-2888
-4167
-5244
-5405
-4700
-3364
-1888
-263
1182
2546
3148
2807
1470
-315
-1693
-2271
-1807
-880
93
576
639
106
-681
-1728
-2939
-3977
-4504
-4216
-3147
-1572
-280
219
-316
-1460
-2404
-2631
-2134
-1260
-440
110
623
1284
1949
2366
2280
1576
713
257
443
1097
1815
2093
1544
407
-966
-1992
-2471
-2353
-1979
-1432
-657
134
1036
1671
2050
1982
1596
1120
926
1058
1684
2643
3860
4795
4000
618
-5836
-13454
-20033
-23003
-21817
-17499
-12191
-7742
-4541
-2340
-237
1563
2733
2951
3017
4246
7500
12364
17069
19808
19304
16079
11666
7661
4988
3511
2786
2273
1870
1655
1651
1416
336
-1906
-4981
-7733
-9010
-8273
-5753
-2298
1099
3650
5222
5837
5636
4962
4121
3777
4029
5089
6465
7657
7997
7117
5291
2758
117
-2258
-3979
-4769
-4702
-4085
-3407
-3042
-3393
-4280
-5426
-6521
-7311
-7588
-7021
-5576
-3482
-1411
182
1003
1179
722
73
-406
-499
-50
805
1834
2457
2423
1683
479
-884
-2141
-2957
-3241
-2973
-2414
-1772
-1306
-1241
-1525
-2096
-2535
-2690
-2574
-2137
-1500
-912
-400
36
303
458
604
750
976
1250
1422
1605
1760
1784
1543
861
37
-819
-1471
-1740
-1610
-1054
-545
-391
-606
-934
-1093
-938
-463
123
809
1545
2288
3061
3661
4186
4118
2566
-1389
-7037
-12799
-16675
-18092
-17374
-15389
-12899
-10089
-7152
-4208
-1823
-400
45
71
717
2622
5866
9786
13328
15468
15944
15113
13706
12106
10304
8538
7058
6155
5857
5950
6127
5890
5068
3621
1819
-66
-1747
-3036
-3705
-3675
-3082
-2015
-866
-18
410
416
386
443
652
1028
1449
2014
2660
3315
3700
3639
3058
2188
1270
493
-63
-588
-1103
-1650
-2198
-2611
-2821
-3107
-3507
-4024
-4398
-4390
-3896
-3199
-2626
-2244
-2175
-2235
-2162
-2007
-1825
-1675
-1427
-1219
-884
-423
57
243
-19
-650
-1232
-1463
-1128
-732
-640
-1073
-1554
-1689
-1266
-639
-430
-716
-1340
-1598
-1656
-1368
-1172
-1035
-1160
-1195
-1011
-993
-941
-775
-719
-685
-694
-829
-909
-860
-605
-495
-666
-897
-1071
-1007
-530
163
697
829
591
231
86
84
93
148
294
320
170
-144
-409
-321
31
516
970
1268
1476
1487
1344
1325
1344
1516
1744
1916
1906
1729
1309
797
305
-12
-123
-9
47
-41
-176
-128
203
584
871
743
360
36
134
674
1459
2120
2334
2172
1955
1920
2170
2562
2728
2409
1974
1736
1825
2172
2269
1955
1318
652
272
240
277
297
179
-47
-172
-133
3
-38
-365
-776
-1010
-942
-592
-260
-306
-639
-1013
-1173
-1000
-732
-581
-530
-559
-640
-667
-607
-546
-656
-855
-920
-917
-803
-822
-1117
-1631
-2058
-2061
-1797
-1545
-1557
-1805
-2038
-2015
-1660
-1192
-902
-808
-893
-950
-826
-401
-9
197
188
94
38
56
186
171
-76
-435
-506
-256
29
41
-170
-493
-765
-678
-429
-197
-124
-192
-207
-29
560
1190
1497
1313
788
256
67
368
767
702
78
-428
-463
-138
331
594
461
206
198
303
534
765
873
684
450
420
655
1030
1222
949
584
482
594
775
714
532
41
-557
-981
-1114
-960
-559
-248
-497
-908
-1189
-1057
-578
-132
127
47
-88
49
398
724
965
874
352
-137
-146
282
639
630
229
71
306
488
295
-91
-73
283
480
441
194
-139
-445
-727
-710
-596
-456
-317
-374
-290
-67
178
409
449
515
634
613
334
201
419
741
973
1109
956
607
354
98
-108
-201
-164
-266
-448
-592
-647
-636
-579
-652
-670
-607
-422
-153
187
605
895
1059
984
744
609
660
841
734
381
208
156
214
41
-421
-1024
-1359
-1193
-840
-574
-338
-323
-513
-650
-583
-350
65
345
-54
-498
-492
133
745
785
127
-630
-789
-503
-198
-62
-34
-70
132
540
637
586
317
-437
-1279
-1458
-735
283
737
503
5
-168
283
549
442
80
-234
-377
-152
326
419
-112
-860
-1310
-1329
-959
-686
-756
-1001
-1291
-1319
-826
-137
307
253
-448
-1306
-1650
-1398
-1048
-1092
-1445
-1984
-2329
-2269
-2016
-1808
-1810
-1862
-1901
-1721
-1182
-534
159
605
772
793
829
926
1038
1196
1296
1332
1447
1696
2093
2462
2796
3015
3153
3172
3145
3146
3030
2944
2858
2903
2925
2785
2490
2198
2052
1964
1879
1879
1885
1856
1839
1731
1552
1339
1106
842
640
517
611
841
1018
1134
1143
986
844
791
669
565
285
-102
-548
-948
-1058
-1071
-1201
-1661
-2397
-2999
-3223
-3146
-2725
-2290
-2182
-2386
-2619
-2673
-2439
-2132
-2062
-2346
-2792
-2911
-2333
-1651
-1243
-1420
-1933
-2354
-2578
-2536
-2403
-2227
-2023
-1748
-1444
-1221
-1168
-994
-816
-985
-1430
-1727
-1505
-897
-222
91
-148
-757
-1317
-1466
-1056
-572
-282
-236
-328
-431
-440
-124
99
214
208
68
25
12
431
1159
1676
1741
1462
871
200
-429
-727
-878
-828
-608
-184
384
748
1049
1199
1309
1276
1125
907
791
967
1579
2354
2924
3104
2672
2025
1550
1565
2111
2790
3409
3654
3562
3439
3342
3371
3194
2808
2496
2432
2780
3371
3452
3043
2237
1383
839
650
910
1312
1622
1617
1442
1176
974
776
413
-197
-645
-814
-624
-320
-212
-384
-756
-1170
-1366
-1059
-729
-404
-535
-1132
-1609
-1569
-1295
-1347
-1696
-2202
-2465
-2381
-2176
-1991
-1965
-2253
-2621
-2760
-2614
-2254
-2078
-1969
-2162
-2505
-2421
-1939
-1809
-2263
-2938
-2918
-2224
-1814
-1620
-1931
-2455
-2777
-2370
-1458
-1020
-765
-1177
-1980
-2724
-3346
-2968
-1968
-1097
-589
-677
-684
89
1438
2170
1664
585
-403
-384
444
1363
1406
872
315
-93
414
1381
2169
2193
1328
465
663
1788
2694
2611
1738
824
261
592
1023
1303
1065
321
-122
-1
333
486
560
561
958
1270
1112
646
265
441
822
1226
1360
1240
894
665
581
512
786
1323
1662
1386
815
511
637
1120
1488
1662
1303
678
597
1070
1468
1501
974
470
416
721
1080
953
646
486
602
863
756
472
571
871
1276
1596
1291
611
2
-112
-90
41
-87
-60
154
419
433
-96
-796
-1580
-1850
-1506
-871
-499
-521
-1032
-1585
-1497
-977
-754
-846
-1226
-1472
-1437
-1125
-609
-450
-284
-794
-1348
-1584
-1651
-1373
-1335
-1634
-2150
-2419
-2315
-1757
-796
-72
41
-594
-1264
-1622
-1169
-262
167
-244
-1011
-1063
-230
542
796
375
-623
-1015
-890
-535
-41
61
-345
-846
-945
-714
-607
-593
-610
-780
-359
469
1121
1140
692
11
-47
561
967
847
381
409
462
593
856
694
114
-195
-451
-365
187
1036
1525
1170
824
416
365
700
926
592
-122
-299
68
613
1187
1234
758
75
-382
-43
572
886
919
664
564
583
506
362
171
-186
-439
-20
519
912
758
253
-538
-1039
-803
-171
224
185
191
188
245
77
-31
144
144
-100
-220
-11
284
713
1006
920
439
-134
-90
-39
-74
91
217
164
236
259
187
97
-52
-293
-308
150
626
773
594
529
682
924
1109
837
332
-147
-633
-520
72
337
133
-537
-1190
-1634
-1400
-859
-271
196
120
-263
-498
-401
-241
-112
-219
-638
-1228
-970
-307
412
893
469
-380
-1043
-923
-233
413
550
82
-446
-684
-490
-317
-471
-610
-940
-1228
-895
-484
-144
141
169
12
14
71
-50
-286
-390
-220
-153
-185
-279
-449
-478
-30
667
1117
1012
647
263
84
79
57
-136
-546
-846
-995
-679
55
619
702
409
-209
-468
-93
523
992
931
453
-23
49
566
929
731
-37
-595
-536
-52
486
483
76
-457
-711
-607
-424
-327
-478
-462
-212
79
488
654
452
9
-265
-329
-214
140
598
634
291
-177
-175
261
523
373
-247
-641
-716
-497
-231
-256
-234
-215
-78
138
-51
-263
-294
-66
308
684
789
614
339
-98
-358
-102
301
651
830
617
181
-52
93
299
305
3
-312
-164
350
797
936
664
164
-194
22
602
909
822
530
191
177
426
609
324
-284
-668
-694
-414
23
321
125
-258
-399
-230
-41
31
-111
-320
-231
158
462
433
88
-513
-829
-623
-183
263
397
153
-47
148
299
145
-379
-1077
-1521
-1227
-455
471
902
754
-9
-1006
-1579
-1473
-903
-366
9
-36
-208
-309
-214
-40
-1
-100
-311
-247
-76
155
363
456
439
152
-205
-393
-182
257
675
905
607
-47
-663
-730
-275
255
652
741
574
292
-111
-200
-33
213
311
149
57
113
284
531
501
139
-577
-1154
-1150
-533
326
819
588
-202
-1010
-1299
-1170
-769
-417
-412
-508
-448
-200
205
423
319
-85
-615
-706
-363
168
576
803
811
731
486
152
-108
-386
-498
-373
88
678
943
886
486
21
-252
-543
-512
-245
50
344
322
270
134
34
-116
-418
-620
-511
-162
225
556
650
455
211
169
221
378
372
197
148
348
710
734
403
-108
-502
-555
-352
-27
242
428
539
407
345
465
708
830
681
326
-39
-98
202
699
1015
955
463
-100
-311
-201
-100
26
-87
-451
-676
-766
-528
-158
155
215
-92
-446
-633
-412
-126
-47
-166
-433
-712
-773
-501
-171
-26
-158
-432
-660
-531
-302
-73
177
217
232
61
-176
-200
-10
207
285
123
-169
-333
-147
137
410
539
354
-25
-345
-299
98
466
494
178
-169
-271
69
564
701
509
30
-368
-539
-416
-132
262
551
575
439
289
121
-8
18
54
-49
-343
-438
-362
-109
-3
-155
-403
-715
-811
-613
-304
-142
-183
-251
-284
-221
-31
134
184
102
-65
-207
-239
-146
6
184
243
129
-116
-302
-373
-361
-190
-2
54
-58
-193
-237
-16
342
510
541
404
209
169
231
249
273
214
189
274
347
521
665
680
446
240
1
-183
-220
-293
-375
-294
-136
7
82
-24
-44
-144
-234
-187
-180
-264
-335
-405
-455
-482
-456
-294
-194
-148
-98
-12
-42
-157
-245
-368
-358
-192
-8
87
38
-38
-181
-293
-203
-102
-83
-90
-125
-188
-163
-152
-191
-196
-92
34
28
-73
-141
-140
-37
125
288
243
27
-193
-252
-107
53
137
249
211
126
202
296
424
382
305
225
105
-110
-146
-130
-65
64
203
348
436
529
562
472
160
-171
-330
-109
197
515
668
561
436
293
223
279
252
174
58
81
292
475
544
405
247
10
-154
-233
-374
-453
-306
-9
327
408
257
2
-171
-135
13
105
84
-35
-121
-184
-84
34
61
-3
-117
-75
193
648
923
864
544
279
153
156
149
64
-47
-124
2
209
348
247
-53
-530
-775
-712
-453
-67
80
3
-267
-384
-432
-327
-198
-190
-181
-170
-211
-394
-539
-623
-451
-235
70
210
234
262
206
286
313
425
370
193
34
-73
58
203
275
146
-270
-550
-600
-498
-369
-435
-570
-710
-669
-528
-425
-403
-351
-321
-411
-515
-650
-733
-656
-402
-143
78
143
112
114
125
165
134
42
-57
26
203
514
841
896
778
520
137
-140
-177
-187
-73
39
148
274
281
204
-20
-287
-486
-531
-358
-37
272
402
331
126
-19
-3
53
133
108
75
129
256
398
511
406
268
129
-9
-126
-272
-361
-343
-171
-25
-56
-181
-240
-148
105
203
168
40
-51
41
240
464
428
184
-191
-554
-677
-483
-172
-4
27
-89
-131
4
99
110
102
23
-198
-435
-614
-605
-380
-189
-75
-73
-158
-169
-76
129
248
347
345
327
369
397
409
312
191
117
182
374
524
719
827
870
854
717
497
305
249
301
308
269
119
-43
-241
-413
-392
-324
-199
-117
127
416
662
768
558
284
46
-88
-104
-33
42
103
287
504
616
543
408
216
-32
-314
-466
-526
-508
-431
-262
61
244
227
-87
-535
-758
-778
-763
-691
-692
-665
-608
-451
-292
-210
-299
-511
-758
-963
-863
-691
-591
-489
-454
-358
-404
-477
-505
-567
-569
-634
-616
-604
-477
-370
-235
-104
-162
-269
-373
-463
-460
-367
-292
-218
-200
-137
-90
10
155
257
353
263
130
2
-26
83
123
227
318
251
341
487
573
669
674
402
47
-199
-246
46
427
795
1047
949
780
550
478
615
725
811
780
726
705
752
930
1047
894
641
382
300
290
300
322
281
148
15
28
11
132
260
424
530
540
363
118
-69
-202
-164
-119
40
95
97
53
29
71
60
-14
-249
-319
-240
-53
89
229
226
94
-77
-201
-244
-147
-37
23
5
16
63
157
275
241
185
123
61
51
71
58
-18
-205
-343
-536
-687
-737
-760
-609
-539
-569
-671
-803
-843
-872
-814
-683
-639
-576
-580
-540
-428
-322
-273
-187
-48
43
74
43
-41
-133
-144
-79
81
195
189
6
-246
-322
-163
87
280
418
493
496
478
482
423
323
195
-27
-180
-166
-236
-339
-413
-466
-412
-335
-296
-260
-221
-236
-150
36
166
189
96
-159
-402
-539
-455
-245
-31
107
31
-32
-125
-46
-32
-196
-349
-466
-349
-27
362
586
581
334
48
-202
-64
219
491
700
699
706
690
714
612
485
360
332
278
99
-253
-581
-704
-532
-228
4
70
-66
-287
-469
-567
-490
-276
-56
60
105
92
65
150
258
327
380
420
456
502
480
417
403
384
429
522
503
461
415
451
571
633
563
396
203
-55
-240
-295
-298
-251
-117
-22
74
95
34
-3
144
261
291
289
243
344
374
289
40
-381
-740
-893
-832
-579
-300
-179
-220
-298
-342
-386
-379
-491
-765
-1055
-1044
-901
-628
-499
-611
-765
-971
-873
-616
-333
-149
-101
-261
-503
-492
-349
-190
-164
-355
-450
-416
-127
297
561
635
551
476
498
657
721
862
992
1110
1179
1117
974
784
717
633
623
611
581
577
576
634
748
727
534
261
30
-205
-301
-385
-308
-119
100
240
238
218
171
149
195
252
270
193
54
-191
-501
-621
-687
-596
-380
-262
-224
-212
-311
-408
-434
-511
-577
-663
-679
-528
-363
-153
-93
-201
-284
-371
-314
-252
-148
-74
-215
-422
-555
-516
-428
-375
-519
-821
-1021
-973
-744
-406
-94
-51
-217
-456
-556
-452
-220
-33
31
-1
-116
-107
-54
112
296
332
322
322
442
683
792
812
781
549
422
371
389
531
655
674
654
595
487
489
517
521
517
493
463
433
433
424
404
378
150
-119
-205
-205
-94
-33
42
144
212
369
504
563
452
313
204
129
223
334
282
190
56
-127
-227
-293
-177
80
166
79
-15
-91
-10
55
73
38
-61
-152
-74
143
354
492
469
302
26
-171
-251
-220
-166
-52
20
56
-20
-281
-461
-532
-590
-733
-800
-816
-768
-569
-316
-81
110
