-437
-488
-514
-434
-259
49
298
468
501
179
-240
-456
-342
-225
-45
117
50
69
65
239
528
682
760
590
530
588
751
976
1256
1491
1611
1822
1834
1794
1841
2052
2161
2241
2314
2377
2269
2012
1879
1831
1871
1991
2127
2102
1987
1735
1407
1087
846
765
684
555
375
205
125
214
249
268
150
-24
-271
-754
-1069
-1331
-1696
-2060
-2211
-2043
-1872
-1805
-2001
-2340
-2614
-2749
-2535
-2237
-2248
-2501
-2709
-2866
-3021
-2931
-2491
-1999
-1777
-1835
-2193
-2522
-2558
-2370
-1769
-1128
-645
-404
-409
-514
-480
-362
-133
189
435
463
293
229
120
228
218
431
513
424
442
364
294
219
319
356
630
873
994
972
933
902
883
979
841
558
380
238
217
432
533
688
757
717
644
430
161
40
-59
-21
17
178
405
633
875
700
391
-30
-244
-275
-145
126
380
561
539
450
255
130
-38
-129
-115
-150
-171
-212
-122
116
246
228
7
-256
-395
-354
-121
230
592
903
907
583
290
188
176
290
266
180
79
90
315
701
1070
1165
1308
1397
1458
1648
1592
1434
1106
799
819
783
867
965
905
786
783
759
782
622
534
509
483
682
749
853
858
756
579
434
122
-225
-706
-1144
-1379
-1315
-827
-343
-111
-39
-97
-101
-247
-571
-929
-1389
-1775
-1950
-1940
-1799
-1520
-1382
-1343
-1302
-1300
-1284
-1383
-1536
-1643
-1697
-1797
-1689
-1378
-944
-498
-321
-591
-947
-1238
-1273
-1148
-1027
-842
-604
-436
-386
-451
-502
-442
-156
6
16
5
-180
-240
-215
24
307
442
436
169
-47
-251
-359
-283
-150
-15
231
372
428
385
209
154
223
378
605
623
553
536
532
588
664
700
643
601
604
648
576
508
462
371
269
178
159
260
512
685
809
821
650
520
350
247
115
136
338
547
650
761
761
568
380
281
381
498
587
490
283
14
-151
-314
-437
-507
-520
-217
93
158
97
-66
-176
-137
-24
119
114
107
45
81
230
489
673
713
670
606
662
714
762
850
897
1030
1135
1281
1436
1522
1481
1390
1154
938
868
901
946
841
528
259
-144
-513
-766
-802
-578
-272
28
233
288
69
-297
-681
-905
-975
-864
-818
-735
-800
-932
-931
-945
-1071
-1303
-1390
-1506
-1684
-1828
-1822
-1594
-1326
-1265
-1201
-1235
-1202
-1012
-886
-756
-740
-775
-721
-709
-698
-672
-790
-824
-991
-1166
-1295
-1408
-1199
-1103
-957
-682
-406
-238
-157
-274
-301
-312
-328
-167
5
-2
3
106
199
410
381
396
330
275
346
433
645
751
776
725
673
766
849
954
933
811
872
940
1010
1072
933
811
576
497
611
770
875
860
799
668
538
530
602
619
812
980
905
657
377
254
256
302
341
399
394
410
370
252
171
41
14
25
-23
-206
-444
-635
-723
-655
-545
-347
-216
-94
-76
-128
-230
-472
-629
-581
-491
-301
13
291
497
362
149
-104
-153
67
366
574
595
636
600
707
798
853
840
854
981
1031
1205
1257
1235
1289
1221
1235
1145
1015
863
650
336
181
178
216
401
488
449
229
71
-125
-352
-629
-843
-955
-1114
-1349
-1458
-1490
-1468
-1434
-1404
-1278
-1166
-1035
-1121
-1385
-1616
-2041
-2360
-2436
-2205
-1956
-1702
-1413
-1192
-1015
-970
-868
-851
-813
-824
-805
-711
-547
-270
-42
117
258
319
274
173
155
179
399
529
741
898
830
727
595
536
530
602
536
487
507
508
487
404
295
225
409
513
667
919
945
893
745
695
590
647
663
648
630
378
322
373
251
84
-204
-498
-570
-288
-180
-257
-282
-355
-267
-207
-171
-290
-438
-764
-926
-959
-775
-581
-669
-757
-1148
-1489
-1664
-1626
-1411
-1291
-1347
-1244
-1032
-919
-830
-775
-769
-834
-780
-817
-738
-498
-113
185
485
701
952
1150
1192
1261
1214
1372
1369
1580
1838
1911
1927
1952
2114
2275
2354
2234
2161
2100
2162
2222
2178
2269
2505
2693
2745
2650
2398
2261
2081
1763
1443
1022
768
654
564
308
76
-6
-225
-394
-509
-606
-722
-766
-949
-1059
-1256
-1420
-1582
-1639
-1491
-1316
-1140
-1283
-1764
-2218
-2577
-2704
-2558
-2275
-1896
-1819
-1753
-1809
-1869
-1752
-1574
-1273
-850
-483
-546
-702
-841
-936
-953
-875
-727
-549
-330
-9
199
305
257
-1
-210
-472
-532
-272
142
438
601
643
546
397
246
232
325
418
482
413
224
175
151
170
121
37
138
336
445
376
153
-127
-257
-283
-206
-73
-132
-165
-159
-63
93
189
207
160
126
87
24
-102
-191
-195
-203
-241
-187
-335
-522
-885
-1211
-1354
-1191
-881
-593
-210
-3
-34
-235
-329
-642
-952
-1206
-1112
-740
-235
160
337
389
295
360
444
922
1219
1486
1783
1920
1886
1728
1689
1706
1857
1998
2122
2056
1723
1439
1473
1693
2126
2358
2315
2197
1891
1572
1457
1496
1701
1848
1735
1640
1535
1471
1348
1054
807
354
-8
-309
-560
-724
-732
-767
-731
-952
-1108
-1525
-2647
-4125
-5342
-5865
-5392
-4296
-2840
-1618
-1505
-2090
-2583
-2288
-1420
-250
362
583
-52
-1058
-2134
-2562
-1986
-790
128
198
-299
-770
-999
-886
-409
-29
176
76
-310
-1034
-1667
-1970
-2044
-2124
-2286
-2341
-1963
-1337
-1514
-1689
-843
808
3277
6116
8184
8770
9284
10542
13106
15723
16472
15598
13405
9719
6975
7252
9437
11949
9592
3910
-427
-4009
-5450
-4665
-2362
-893
-2592
-7716
-13054
-13944
-12981
-13849
-16698
-19554
-20006
-18974
-17743
-16755
-15503
-14193
-12442
-9364
-6055
-3302
-1548
-1464
-2864
-4842
-5537
-3751
-660
1790
2758
3316
5122
8509
12360
14776
14942
14036
13213
13077
13339
13607
13341
11852
9451
7326
6160
5970
5936
5495
5377
6499
8656
10257
9460
6482
2993
616
-300
-686
-1109
-1031
490
3356
6605
8734
9499
9275
8149
6536
4488
1997
-132
-1289
-1096
871
3636
5875
6909
6804
6260
5448
3909
1337
-2438
-5834
-7452
-7271
-6262
-5386
-4509
-2780
113
2925
4489
4381
3560
2966
2768
2373
1372
133
-283
353
1447
2228
1923
625
-978
-2271
-3298
-4588
-6577
-8791
-10544
-10959
-10317
-9617
-9467
-10044
-10484
-10137
-9245
-8042
-6457
-4503
-2369
-706
-231
-1033
-1984
-2176
-1461
-274
538
1048
1628
2650
3899
3505
-820
-8547
-16641
-21519
-21802
-21459
-23471
-25486
-23178
-14307
-2763
4947
8009
9944
14100
19900
22475
19773
14647
10985
10852
12362
12487
11464
11064
12278
14601
15760
14643
11446
6371
39
-6543
-12183
-16079
-19025
-22075
-23559
-20950
-13753
-4522
2419
5932
8858
13298
18473
20813
18201
13324
10244
10562
12311
12298
10593
9725
10954
13103
13430
10790
6361
1722
-2718
-7417
-12707
-17779
-21584
-23457
-23089
-20640
-16500
-11616
-7132
-3068
960
5050
8240
9087
8143
7373
8433
10856
12311
11565
10083
9875
10701
10041
5808
-949
-7090
-10908
-13216
-15826
-18819
-20021
-17999
-13458
-8643
-5161
-2620
-457
1388
2541
2417
1253
-386
-1576
-1714
-398
2030
4301
5519
5712
5874
6214
5310
1659
-4194
-9494
-11761
-11319
-10198
-9699
-8873
-6203
-2084
1218
1912
753
-1060
-2624
-3635
-4663
-4959
-4009
-2590
-1073
-284
-1387
-5062
-10876
-16891
-20656
-21095
-20154
-19502
-18280
-14318
-6304
3560
11489
16314
19187
21989
24741
25159
22304
17539
13101
10713
9634
8340
6739
5467
5499
6474
6796
5568
2605
-1655
-6431
-11070
-14847
-17008
-17703
-17074
-14390
-8852
-688
8074
14843
18712
20808
22288
22915
21167
16420
10307
5242
2459
1016
-773
-2954
-4406
-4393
-3618
-3859
-6026
-9408
-12744
-15376
-17583
-19448
-20512
-20161
-17883
-13771
-8352
-2290
3293
7477
10255
12111
13445
13285
10876
6951
3095
953
309
-599
-2592
-4520
-5010
-4278
-4373
-6991
-10920
-13860
-14388
-13221
-11924
-10343
-7472
-2611
3268
8167
10955
11812
11385
10006
7692
4383
773
-2575
-4853
-5414
-4534
-2755
-1237
-606
-477
-483
-613
-1691
-4147
-6674
-7834
-6700
-4136
-1798
16
2034
4635
6626
6982
5578
3377
1648
479
-671
-1544
-1781
-1207
96
1065
-210
-5506
-13858
-21524
-25187
-24117
-22207
-22168
-21071
-15142
-3585
9119
17013
20113
21708
24236
26805
25562
19843
12822
7849
6346
6279
5083
3180
2099
2628
3869
3639
1048
-3340
-8854
-14189
-18129
-19790
-18912
-16643
-13452
-7861
1106
11853
20722
24862
25012
23995
23149
21148
15938
7952
536
-3416
-4110
-4163
-5682
-7546
-7689
-6212
-5279
-7262
-11907
-16755
-19991
-21346
-21429
-20064
-16324
-10018
-1961
6384
13456
18294
20167
19087
16162
12092
6993
789
-5801
-10797
-12403
-10998
-8953
-7914
-7656
-6688
-4608
-3455
-5183
-8935
-11696
-10881
-7037
-2604
1156
4874
9691
14599
17271
16135
11557
5816
568
-3804
-7216
-9733
-10758
-9525
-6128
-1501
2814
5207
5283
3853
1980
-30
-2803
-6156
-8911
-9165
-6444
-2204
1499
3751
5581
7492
8882
8385
5834
2599
161
-950
-1373
-1556
-1709
-1517
-623
621
1737
2172
495
-4675
-13187
-21833
-26793
-26777
-24152
-22501
-20287
-13438
-1164
12630
21754
24714
25111
25910
26772
24422
17484
9354
4137
3202
4352
4358
3142
2537
3253
4106
2933
-1086
-6841
-12854
-17658
-20019
-19455
-16113
-11142
-5286
2145
11218
20041
25589
26166
23123
19313
15912
11838
5645
-1654
-6826
-7828
-6006
-4401
-4622
-5492
-5302
-4804
-6356
-11022
-17075
-21360
-22089
-19737
-15402
-9603
-2057
6582
14896
21151
23623
21810
16516
9429
2278
-3846
-9611
-14900
-17960
-17396
-12967
-7346
-3828
-2737
-2630
-2078
-1496
-2833
-5875
-7862
-6303
-880
5741
10756
13903
15726
16336
14745
9664
1904
-6516
-13123
-16203
-16087
-13563
-9393
-4289
1636
7488
11520
12255
9048
3719
-1145
-4381
-6466
-8326
-9169
-7473
-3102
2188
5659
6502
5957
5491
5080
3597
1235
-841
-1451
-706
357
1020
1017
999
1118
1251
1427
988
-1028
-6030
-14500
-22992
-27598
-26762
-22454
-19149
-15932
-8941
2549
15286
23171
24657
23677
23282
23563
21318
14786
7294
2994
3142
5273
5890
4669
3351
2563
1487
-1360
-6490
-12480
-17844
-20953
-20380
-16174
-9529
-2426
4152
11145
18714
24860
26888
23879
18280
13174
9352
5348
-71
-5415
-7749
-6197
-3250
-2067
-3587
-6051
-7752
-9609
-13112
-18103
-22183
-22409
-18166
-10828
-2347
5801
13130
19188
23137
24052
20846
13868
4806
-3628
-9368
-12718
-15121
-16756
-16172
-12484
-7027
-3187
-2823
-4576
-5703
-5289
-4329
-3823
-3100
-114
5539
11739
15904
16643
14582
10943
6109
325
-6245
-12464
-16457
-16915
-13557
-7935
-2150
2465
5783
8224
9509
8444
4584
-697
-4827
-6022
-5179
-4075
-3476
-2466
-154
2480
3744
2675
545
-614
-348
655
1528
2069
2699
3613
4453
4408
3284
1305
-1034
-2509
-2782
-2221
-1836
-3534
-8875
-17244
-24700
-27518
-25106
-20709
-17846
-14356
-6348
5945
18013
24337
24936
24116
24316
24391
21100
14137
7397
4321
4924
6237
5638
3488
1366
-284
-2189
-5445
-10304
-15509
-19453
-20275
-16850
-10314
-2732
3936
9846
16394
22725
26335
25080
19786
13883
9645
6549
2712
-2056
-5447
-5679
-3634
-2234
-3387
-6407
-9488
-11846
-14254
-17219
-19641
-19542
-15602
-8155
876
9213
15261
18984
20818
20728
17755
11116
2084
-6299
-11313
-12711
-12972
-13538
-13311
-11184
-7268
-4276
-4570
-6857
-8532
-7816
-5009
-2022
832
4387
8880
13359
15843
14986
11223
5720
68
-4649
-8294
-10981
-12512
-11755
-8060
-2501
2379
4807
5002
4532
4231
3307
834
-2514
-4636
-4170
-2031
-142
467
124
186
523
283
-955
-2673
-3325
-2174
277
2719
4273
4849
4980
4869
4048
1985
-895
-3399
-4155
-3095
-1442
-780
-3029
-9013
-17581
-24886
-27546
-25402
-21458
-18312
-13568
-4239
8414
19480
24457
24393
23370
23124
22168
18029
11455
6224
4801
6326
7903
7602
5679
3176
337
-3166
-7715
-13228
-18526
-21794
-20979
-15316
-6833
1660
8434
14089
19892
24489
25334
21515
15056
9541
6437
4459
2166
-266
-1184
-128
1046
229
-3223
-7992
-12511
-16088
-18532
-19639
-18799
-15359
-9133
-927
7250
13255
16053
16186
15031
12956
9302
3881
-2169
-6649
-8222
-8101
-8155
-9204
-10552
-10893
-10601
-10588
-10978
-11005
-9245
-5203
12
5140
9269
12032
13456
13499
11865
8456
3479
-1753
-5543
-7136
-7138
-6763
-6235
-4874
-2330
441
1952
1729
941
908
1726
2473
2322
1748
1710
2216
2411
1389
-775
-3193
-4921
-5505
-5226
-4559
-3381
-1315
1567
4637
6508
6705
5469
3442
1702
-25
-1876
-3487
-4445
-4023
-2381
-714
-430
-2314
-6620
-13234
-20396
-25665
-27284
-24510
-19167
-12599
-4360
5158
14450
20862
22864
21684
19274
16682
13853
10619
7936
7132
8211
9954
10852
9937
7197
2843
-2663
-8361
-13505
-17326
-19012
-17809
-13031
-5443
2849
9767
14250
16852
18041
17525
14990
11152
7730
6122
6178
6821
7213
6988
6126
4252
893
-3945
-9583
-14738
-18276
-19504
-18138
-14778
-10154
-4676
1178
6396
9632
10179
8575
6513
4594
2524
94
-2011
-2978
-2337
-1161
-1616
-3305
-5717
-8112
-9483
-10312
-10512
-9156
-6333
-2369
2026
5409
7108
7143
5827
4058
2038
-169
-2198
-3450
-3294
-1961
-457
262
227
24
0
-129
-532
-956
-793
302
1726
2641
2773
2125
1074
-163
-1554
-3004
-4355
-5327
-5493
-4676
-3215
-1582
-197
1177
2581
3531
3618
2859
1786
1098
524
-147
-631
-747
-175
602
673
-758
-4946
-12313
-20686
-26751
-27642
-23805
-18433
-12598
-5242
4068
13278
18888
19663
17606
15364
13971
12788
11211
10071
10345
11854
13543
13912
11993
7653
1549
-4771
-10028
-13937
-16546
-17465
-15524
-10144
-2820
3649
7434
8932
9701
10385
10360
9351
8199
8243
9944
12285
13882
13683
11551
7920
3319
-1741
-6856
-11473
-14848
-16043
-14741
-11678
-8407
-6010
-3985
-1896
-42
613
-298
-1773
-2334
-1021
1134
3124
4198
4230
4169
3472
1675
-922
-4053
-6507
-7031
-5951
-4116
-2434
-1585
-1044
-775
-1115
-2287
-4015
-5284
-5238
-3755
-1672
137
1388
2382
3166
3367
2734
1307
-94
-524
311
1733
2805
3125
2905
2488
1685
281
-1799
-3915
-5115
-5024
-4264
-3588
-3364
-3218
-2546
-1578
-737
-245
-73
23
357
650
703
697
528
458
1046
2278
3672
4026
1812
-3565
-11434
-19614
-25605
-27513
-25702
-21274
-14620
-6659
1911
9167
13376
14435
13355
11940
11192
11218
11898
13233
15157
17204
18441
17765
14651
9426
3271
-2513
-7210
-10403
-11982
-11595
-9290
-5742
-2089
342
1144
875
435
563
1434
3046
5352
8336
11615
14374
15578
14629
11940
8191
4169
368
-2960
-5373
-6585
-6484
-5633
-4995
-5159
-6276
-7845
-9175
-10056
-10294
-9596
-7770
-4643
-759
2687
4938
5899
5787
5172
4407
3414
2353
1529
1117
1275
1519
1115
-226
-2304
-4635
-6640
-8045
-8688
-8430
-7169
-5079
-2663
-629
619
1094
1101
1002
817
650
608
978
1797
2769
3386
3281
2524
1356
86
-1126
-2136
-2823
-3192
-3108
-2682
-2232
-2095
-2630
-3590
-4371
-4345
-3834
-3260
-2872
-2695
-1895
-796
-134
-173
-146
555
2285
3982
3408
52
-6257
-13755
-19519
-23016
-23991
-23064
-20748
-15453
-8170
-1305
3887
6492
7642
8724
9705
10946
12563
14310
16729
19281
21142
21587
19578
15602
10981
6838
3794
1398
-477
-1200
-669
475
1243
881
-391
-1574
-2209
-2099
-1165
440
2607
5122
7761
9982
11095
10656
9055
7093
5441
4230
3227
2351
1648
1260
836
-328
-2184
-4517
-6812
-8388
-9171
-9321
-9170
-8733
-7854
-6076
-3980
-2362
-1153
-305
796
2205
3253
3579
3326
2881
2541
2076
1140
-123
-1633
-3027
-4132
-5089
-5822
-6388
-6612
-6249
-5317
-4177
-3219
-2581
-1996
-1222
-441
23
103
-5
-30
-19
-115
-454
-958
-1415
-1476
-1167
-641
-116
141
121
44
-151
-694
-1408
-2021
-2091
-1756
-1474
-1564
-1975
-2331
-2548
-2826
-3154
-3246
-2701
-1711
-245
1450
3146
4672
4770
2178
-3518
-10876
-18131
-23002
-24155
-22478
-18317
-13207
-8147
-2871
1466
4107
4801
4336
4526
6597
9945
13470
16519
18836
20411
20390
18451
14842
10312
6323
3756
2918
3458
4382
5094
5376
5119
4167
2370
-137
-2458
-3271
-2284
-157
2141
4124
5647
6658
6913
6122
4765
3210
2130
1975
2531
3257
3571
3344
2482
1305
-349
-2733
-5281
-6930
-7184
-6370
-5209
-4181
-3225
-2230
-1411
-979
-1103
-1594
-1849
-1611
-714
371
1075
1039
408
-357
-1098
-1936
-2837
-3542
-3703
-3343
-2799
-2409
-2351
-2447
-2614
-2818
-3143
-3487
-3697
-3646
-3277
-2865
-2695
-2801
-3069
-3239
-3328
-3398
-3415
-3245
-2800
-2150
-1535
-1205
-1036
-848
-587
-478
-658
-1173
-1664
-1963
-1969
-1743
-1538
-1363
-1198
-907
-563
-343
-817
-1868
-2306
-1417
754
2627
2248
-243
-3677
-6637
-9066
-11723
-14646
-16557
-15901
-12540
-7775
-3693
-1266
53
1531
3473
5123
6315
7093
8526
11331
14465
16608
16809
15429
13737
12358
11243
10034
8658
7617
7497
8090
8620
8027
6297
4410
2998
2361
2138
1818
1593
1900
2739
3588
3701
2866
1757
1021
945
1317
1543
1387
1239
1298
1411
1271
674
-57
-548
-625
-354
-276
-477
-595
-689
-578
-669
-1405
-2412
-3360
-3948
-4153
-4268
-4370
-4323
-4217
-4000
-3783
-3668
-3679
-3832
-3837
-3601
-3327
-3164
-3163
-3211
-3138
-2911
-2686
-2656
-2736
-2844
-2904
-3095
-3440
-3910
-4200
-4140
-3798
-3395
-3260
-3290
-3360
-3219
-2936
-2719
-2652
-2785
-2865
-2762
-2582
-2424
-2273
-1991
-1420
-663
74
735
1186
1443
1644
1951
2258
2458
2390
2153
2026
2413
3494
4683
5239
4187
1640
-1698
-5056
-8139
-10733
-11936
-11525
-9840
-7858
-6215
-5105
-4556
-4060
-3204
-1329
1122
3257
4856
6409
8296
9959
11070
11489
11223
10595
9584
8601
8070
7797
7314
6616
5850
5258
4598
3583
2741
2332
2142
1738
1081
635
774
1198
1299
1100
763
563
630
1047
1769
2392
2398
1917
1621
1692
2149
2722
3355
4108
4751
4915
4525
3687
2591
1387
362
-158
-344
-473
-860
-1508
-2267
-2984
-3581
-3904
-3831
-3500
-3033
-2552
-2159
-1973
-2192
-2686
-3054
-3207
-3112
-2914
-2657
-2384
-2203
-2163
-2347
-2701
-3112
-3410
-3461
-3279
-3027
-2891
-3025
-3355
-3698
-3888
-3831
-3563
-3229
-2993
-2848
-2822
-2923
-3004
-2941
-2827
-2733
-2932
-3547
-4121
-4191
-3786
-3238
-2602
-1645
-489
513
1187
1529
1736
1880
2352
3129
3979
4760
4939
4302
2762
240
-2595
-4851
-5886
-5647
-5291
-5653
-6164
-6041
-4660
-2683
-1145
-176
215
423
635
739
779
744
724
1124
1817
1953
1279
227
-165
684
1920
2795
3364
3899
4606
5292
5719
5879
6025
6157
6366
6720
6735
6211
5497
5178
5323
5349
5042
4758
4707
4911
5281
5491
5658
5892
5877
5747
5526
5095
4588
4120
3939
4099
4019
3334
2369
1488
921
471
-108
-628
-1043
-1215
-1137
-1221
-1502
-2124
-2758
-3273
-3671
-3961
-4357
-4704
-4763
-4510
-4293
-4442
-4656
-4768
-5030
-5218
-5417
-5425
-5244
-4882
-4091
-3212
-2568
-2253
-2127
-2326
-2530
-2418
-2059
-1784
-1771
-2250
-3174
-4364
-5346
-5629
-5254
-4656
-4165
-4014
-4184
-3912
-2886
-1494
-476
-390
-616
-607
-420
332
457
65
-717
-2030
-3319
-4472
-4469
-3549
-2734
-2327
-1969
-1354
-471
374
1052
1443
1004
298
-640
-1686
-2241
-2156
-1612
-805
-28
153
-229
-1007
-1165
-130
1163
2251
3105
3435
3579
3802
4152
4947
5859
6406
6685
6353
5665
5147
4913
5044
5576
6146
6655
7140
7167
6905
6254
5334
4353
3235
2355
1942
1973
2419
3060
3712
4325
4619
4549
4276
3612
3012
2800
2842
3470
4200
4397
4026
3415
3058
2651
1962
889
11
-284
-307
57
324
141
-545
-1646
-2476
-2683
-3031
-3375
-3925
-4924
-5921
-6660
-7018
-6735
-6585
-6279
-5819
-5862
-5872
-6100
-6092
-5594
-5932
-6367
-6477
-7128
-7051
-6683
-5246
-3730
-2982
-2933
-2751
-3746
-4709
-4732
-4651
-4266
-3585
-2976
-2335
-3109
-3050
-2647
-2356
-1897
-1883
-1331
-1199
-354
630
946
1925
3806
5676
6056
5454
6570
7952
8471
7051
3997
2152
1233
856
1852
2640
2067
-81
-2802
-4593
-4299
-3519
-3328
-3125
-2842
-3016
-3227
-2093
-1810
-667
785
1074
2163
2044
2269
3019
2923
3569
3586
2625
2112
2091
3149
4512
5142
5995
6289
5521
6119
5979
5921
5444
3761
2826
1489
1503
1657
2173
2475
2650
2841
2281
1217
907
903
1141
1600
1243
1050
876
95
-315
106
-721
-1096
-1310
-1930
-1371
-2022
-1860
-1365
-2172
-2224
-2261
-1998
-1212
-575
-1104
-1142
-1304
-1313
-1812
-1925
-2161
-2544
-2603
-3528
-3200
-3279
-3276
-2965
-2657
-1944
-1865
-1418
-1697
-2005
-1889
-1957
-1928
-1754
-1099
-529
74
49
22
305
-323
-568
-109
-4
866
1356
1330
1430
324
-849
-617
-1048
-892
-596
-1758
-1150
-1873
-1961
-861
-749
215
889
717
69
73
-184
-5
110
570
1143
891
684
35
597
32
20
956
1191
1293
796
795
1047
1048
627
561
560
-205
230
730
971
2071
1952
1554
1088
104
283
354
-54
242
-91
-763
-393
-801
-375
124
366
1235
1459
981
784
174
-291
-50
295
273
913
521
182
-394
-418
-587
-453
-921
-1178
-600
-1489
-1014
-1670
-600
-555
-446
234
1022
365
585
91
-268
525
155
182
167
-937
-676
-6
-263
683
390
243
737
-29
-317
-62
-197
19
407
73
155
404
-649
-788
-312
-164
217
210
-391
22
-75
-649
-140
-355
410
806
874
758
724
771
470
839
780
343
-29
147
-106
598
210
-4
909
-129
-18
188
271
442
120
30
-288
43
277
-27
111
-281
-162
233
-105
151
471
84
141
442
79
368
609
-1
477
359
508
102
-42
646
420
812
702
202
483
349
246
681
369
559
472
-18
-352
-525
-656
-616
-685
-550
-324
-990
-1173
-1179
-1001
-1163
-1048
-1199
-887
-883
-850
-884
-674
-902
-651
-599
-946
-275
-863
-788
-795
-1438
-290
-790
-893
-563
-1079
-913
-930
-428
-144
194
-263
96
-98
-289
-34
-6
217
-211
-368
83
-3
592
1040
1108
1013
920
1034
422
800
-76
49
82
-223
238
860
1447
999
1303
388
699
156
-121
642
-107
946
732
218
487
238
65
-58
-376
245
552
64
1094
373
561
397
-325
-442
-609
-882
-626
-40
-862
267
-799
86
210
-34
547
-644
302
-682
-40
-350
-67
175
121
172
-133
205
-163
-73
-302
-323
-203
-126
-611
46
-93
79
-459
132
-18
511
-240
-234
189
-332
188
71
606
-98
275
-28
478
585
296
660
520
635
275
401
317
700
678
243
824
-14
-215
328
281
707
527
-99
117
-176
-592
106
22
408
409
-82
635
220
-17
-128
-264
-385
-330
-719
-510
-221
-248
452
588
726
248
323
-213
-141
-186
-165
-41
-448
-359
-826
-458
-289
-192
-340
-127
-985
-604
-1097
-1181
-790
-1048
-328
-541
-464
-1079
-820
-1309
-1315
-586
-415
-441
375
-286
107
141
-904
-483
-850
-908
-146
-328
-652
-436
-226
-109
744
147
453
481
-359
293
287
313
405
879
587
871
957
456
1226
479
240
809
302
511
802
273
633
564
389
69
563
278
474
700
316
704
714
738
803
895
435
1151
-2
521
270
179
1101
344
855
383
559
152
493
152
239
-243
-562
175
-858
84
-510
-806
62
23
-249
89
3
-249
-371
-756
-516
-426
-828
-150
-247
-458
231
-69
270
351
187
182
32
-706
-184
-949
-507
-208
-23
-18
-274
-204
-381
-72
-310
169
-274
4
-631
-649
-553
-697
-344
-707
-508
-734
-592
-421
-43
-905
432
-662
-493
53
-500
405
99
-210
259
235
40
573
42
355
495
298
483
315
145
1055
658
662
536
-288
-357
-427
-70
258
529
-109
326
-168
-344
127
-852
-213
-616
-426
-520
-889
-716
-569
-377
-586
299
-203
-68
-475
-401
-513
-574
-320
-669
-112
-267
-231
-238
-235
-621
557
-416
349
926
-53
662
-29
204
527
-23
626
509
12
67
10
-383
415
372
189
751
-232
420
363
211
340
150
338
345
1058
678
834
513
361
284
26
492
684
824
373
537
69
336
-16
-22
645
352
1294
761
544
739
275
229
481
-83
250
195
-257
436
-59
698
-231
613
340
-467
606
-481
487
-82
446
157
29
-368
-52
-131
-728
23
-1048
-336
-1037
-676
-498
-298
-245
-237
-884
-499
-798
-571
-176
-610
7
-464
-74
-495
-228
-427
-233
-130
-19
-31
0
-377
-677
-664
-290
-362
-53
0
-538
241
-14
87
136
-405
-587
9
-591
-116
150
-636
-232
-686
-956
-717
-662
-511
40
-8
215
92
443
-445
144
-476
32
101
-116
700
713
1096
545
1503
-243
535
423
538
970
572
491
-347
643
-574
599
205
644
750
455
366
-212
121
-489
-155
-673
-280
-386
-319
-573
-325
-458
-362
-511
-635
-256
-632
-1
-274
34
-144
-522
-214
4
222
693
449
797
189
101
-358
-272
-5
-310
135
104
-201
-376
-316
-573
16
-758
-200
-19
-607
-151
-525
-831
148
-313
528
715
15
1078
-44
528
339
7
678
414
826
962
1130
865
1054
1412
959
1325
1137
121
-385
276
-186
267
1270
512
975
360
-369
-161
-821
-690
-95
92
-111
632
-552
-590
-22
-1389
-295
-532
-213
282
-91
123
152
71
-385
248
-351
244
226
451
-19
218
-150
-575
-72
-367
212
125
134
-353
-556
-500
-813
-256
-700
-604
-530
-809
-503
-788
-353
-137
585
308
421
-196
-516
-332
-518
345
-127
811
147
467
217
12
271
-996
-708
-548
-744
-525
-112
-415
507
149
-315
-310
-551
-8
-891
-396
-60
-662
111
-870
-215
-267
-105
385
541
85
760
456
-546
796
-609
632
154
350
1168
-107
969
332
-833
467
-130
399
1000
-616
612
-131
-559
41
-29
-279
452
-557
385
252
58
556
-136
692
-20
199
-127
18
-322
652
339
973
897
366
1238
-345
1071
652
684
1055
99
98
-9
-560
106
252
-277
291
-555
-174
-95
-376
-173
233
-422
246
-554
39
-104
-166
186
-814
296
-1000
-691
-806
-586
105
-130
267
-42
89
-327
376
-1000
-281
-555
-473
589
-424
374
-364
-296
87
201
-3
-13
-194
-600
79
-41
139
891
528
1191
1055
484
1179
203
71
-4
-483
-648
-523
-175
-210
394
336
-131
-503
-537
-21
-373
-340
148
-507
-999
203
-963
-101
-307
-883
207
-851
395
101
-335
-468
-390
-886
230
-551
-369
650
-650
524
-221
-348
-450
-471
-18
154
-127
168
131
-118
205
-737
504
767
1234
1089
1629
145
90
168
-787
279
82
167
612
-300
793
528
160
724
-348
456
39
170
-75
-264
407
-713
-63
-521
217
-609
671
-532
-424
793
-924
1116
-375
2
374
-546
30
404
305
1056
581
-21
1329
-378
160
878
-680
780
314
-578
482
-631
-535
237
-356
448
450
-160
321
-820
-818
-692
-205
-208
-56
-142
-1290
-842
-1463
-245
398
227
-295
201
-627
-374
203
-164
545
94
-363
-276
-459
-343
355
275
554
363
-42
-255
-567
-427
57
748
753
397
603
-85
-285
-472
46
-379
1318
95
66
675
-313
868
440
207
322
220
-817
453
582
780
965
724
299
-290
-363
-672
87
-313
36
-348
38
-227
186
-169
66
202
-493
193
-285
965
282
583
-274
95
-665
-787
-355
-106
806
297
1119
344
637
-241
115
646
-422
680
-309
-967
-701
-1480
-465
-22
595
386
-513
-1104
-1368
-719
-1360
-121
-707
-122
-407
-497
-65
-786
-377
-88
-112
-46
136
-859
-449
-650
-383
437
-146
282
-126
217
-691
796
457
181
797
-141
348
115
-516
-606
112
-712
90
-370
174
319
893
450
1157
784
-386
305
-109
69
-118
850
90
411
-292
414
546
167
801
142
470
-458
-564
-930
534
355
812
543
192
635
-154
593
129
336
384
45
757
342
512
328
-247
442
24
158
0
684
-5
479
242
-1401
-720
-1172
-1145
619
-627
-291
-189
-1562
-57
-361
-710
-136
-697
-1403
-691
-1196
59
734
757
1189
306
-130
-773
-483
-64
-183
157
-153
113
349
282
852
892
544
744
474
564
710
-39
1129
674
976
393
585
1143
632
222
-427
-1200
-1178
154
-218
431
932
162
645
294
-285
-83
-1237
306
-572
-254
741
-293
309
486
-573
-691
-548
-172
-9
695
-35
52
-968
-1566
-1007
-911
-309
-655
-216
-911
-452
-850
70
-773
-445
-274
-862
-657
-934
-414
-239
-357
492
168
-466
-425
-560
-101
519
711
163
955
-50
145
40
-451
170
-44
254
289
690
277
225
446
293
820
612
973
511
660
906
375
4
147
-189
-383
211
-62
303
530
-162
83
-283
-248
974
417
348
195
-144
-49
-161
265
1464
1543
1144
1272
39
-1030
-210
-523
327
152
-554
-239
-729
-1012
-2
-311
196
548
-913
-171
-847
64
-13
-105
-65
-655
-767
-847
-647
-461
-610
-942
-744
-693
-837
-431
291
987
526
664
166
-42
-304
-548
-178
-498
-383
492
-497
436
470
-546
951
-246
7
94
-309
453
34
-449
345
375
616
698
117
29
-325
228
-229
452
1298
-110
549
-166
-345
838
-203
241
650
-593
483
-537
-9
-40
-282
482
-378
618
231
53
355
-270
-245
-600
-680
858
780
297
653
349
-422
-877
-1487
-6
-759
522
104
-296
211
-553
-522
85
-540
-860
1124
-783
1371
630
-1371
-419
-1587
-1648
766
-645
-56
723
-20
1549
1308
1141
531
768
-705
-529
-1157
-758
-54
67
743
217
324
20
-33
-19
818
519
195
138
-92
-69
762
288
-101
1
-1073
294
-282
583
814
1152
685
925
736
236
622
-258
-274
-279
646
-85
140
-692
-1607
-241
-1306
374
432
-121
1441
284
237
-489
-610
-581
-875
100
391
32
181
-744
172
318
-454
-15
-654
-577
799
-570
517
150
-707
-31
-101
-268
-49
-200
-813
-456
-1472
-4
-1250
260
-1003
-1114
-434
-1367
521
401
-123
505
825
-452
755
-159
179
663
-874
291
-345
-731
584
817
445
653
-319
-1646
-407
-748
541
424
719
896
481
17
211
-748
-1062
-50
-668
350
563
413
745
49
380
376
-190
328
522
-321
-448
1268
-537
221
317
-670
1538
-357
406
1365
-400
892
881
535
567
684
-782
272
46
-411
949
-55
199
54
669
-217
69
843
-1140
-10
-537
-528
-321
-522
21
-285
-76
-758
-102
-436
-317
380
-252
-438
-377
-478
-438
10
-588
-17
530
-83
478
-184
405
258
900
254
584
191
-1122
-407
-387
241
975
667
667
1248
170
448
414
329
641
396
592
477
-907
-938
-711
-910
-299
295
-523
-445
100
-230
243
-149
-476
-333
-575
-590
-101
-549
-222
-837
-536
344
-831
116
-525
-873
69
-1470
182
368
-806
1034
-114
-65
209
-1892
-579
-869
-788
195
-993
-613
-321
-249
-458
500
512
888
8
180
488
-16
1311
111
1610
965
149
1211
-539
176
254
727
578
1499
99
-9
367
-1273
1325
-52
596
821
231
23
329
72
-1114
624
-514
34
709
166
491
1361
48
100
-18
-1510
390
-412
-57
968
95
-93
1306
91
1108
388
-160
300
-600
-678
-325
-228
-494
289
234
936
469
181
-333
-583
-291
-830
-425
-457
-23
356
231
-445
-951
-732
-754
-34
-337
144
-725
-1168
-666
-1333
-908
-811
-1341
-948
-164
-447
1211
1258
1384
926
542
-404
-193
-1420
-618
451
-385
1187
56
-344
-252
-930
-984
460
-338
908
709
-44
1490
-195
-435
-890
-1438
-1355
-582
-198
554
916
-52
627
307
-494
-346
71
-64
589
962
-164
490
23
706
1209
1156
743
677
-215
-978
338
-116
455
458
183
382
72
233
-845
453
-248
149
530
-18
461
736
-211
-607
-279
-1612
896
367
915
2316
363
491
-363
-864
340
-227
12
944
951
748
398
-478
219
103
126
748
-603
-367
271
-1162
213
201
-193
168
-484
-46
54
-424
520
-295
-754
-427
-1246
-366
-512
-1104
-865
-586
-1144
-167
2
652
2043
616
696
622
-904
456
-218
-1317
-398
-618
-1026
323
-1128
167
-903
-428
724
-67
636
883
-459
-1014
190
-1249
-101
-711
-1081
53
-553
37
875
-564
-226
651
-439
-86
946
570
-135
656
401
791
692
-256
1300
295
-446
686
-462
641
1071
-208
453
720
-936
171
345
-309
341
449
790
882
-780
-1177
-1271
-1421
-848
-416
-523
-141
-451
-741
-637
-437
-174
164
292
31
-595
-696
-380
-965
124
-31
-306
-386
76
332
816
198
710
278
-646
-139
-128
192
227
798
212
1264
421
1259
510
540
1065
38
569
-294
54
-53
668
795
1421
621
549
556
-515
-80
-226
419
990
-243
722
600
-399
-188
-293
-109
1121
379
28
470
-844
-616
-417
400
873
517
-122
-437
-963
-791
-819
236
221
-100
-541
-2115
-52
-683
-103
153
-539
-239
-642
-891
597
402
311
1261
262
269
-669
-1488
-404
-268
-436
479
42
171
390
-174
25
-104
-622
195
-154
313
-353
-443
-1181
405
355
-148
657
-841
666
-1123
190
595
-186
823
-548
-468
-1189
-878
-421
-208
-481
-498
-427
-834
163
-563
-319
21
26
376
418
721
-302
-92
-34
683
966
702
1009
192
13
356
-8
-636
60
-22
852
976
671
1322
184
764
1025
-490
557
-148
-785
-62
205
-294
505
-272
-904
-27
39
979
1069
635
-80
-166
-797
-777
-236
-351
414
581
263
806
183
97
661
1256
743
1034
717
90
-780
-562
-921
-454
246
-202
-112
-794
-268
-796
110
-140
129
-309
-1038
-561
-278
-205
-228
-69
-743
94
-413
-144
904
-655
-856
-426
-911
263
2
-9
1176
-1260
-326
-632
-615
266
-78
625
-199
-102
404
-655
164
432
-127
596
451
305
151
-201
-42
-342
236
-393
217
-127
37
-100
-1364
110
-985
-686
138
256
1109
659
380
994
1063
216
931
132
142
950
-588
-179
-37
-342
285
-100
473
-871
-918
-877
-998
380
229
137
-66
-495
-1315
89
101
-261
109
-69
367
229
573
756
302
252
-355
-179
765
-71
109
-230
-987
164
-539
602
758
-174
385
70
-299
443
15
-449
547
-372
345
806
382
1492
971
464
1244
-522
-329
204
-163
915
247
-752
-105
-462
-296
17
165
-16
-240
506
504
486
-196
-122
-738
-600
-354
161
-351
-685
483
-695
-336
-1511
-1069
-1055
-1220
-246
-852
-1302
-1120
-856
-972
874
423
2085
997
-311
168
-467
-331
-236
484
30
619
573
659
283
436
-113
738
685
257
138
859
590
950
442
-395
235
-579
-274
590
604
1059
1363
954
1027
670
35
165
905
158
738
666
516
747
118
-45
-299
-485
-186
172
-541
-181
-714
-1243
-933
-1476
-1279
-1699
-1597
-1616
-1217
-890
-1299
-552
-1143
-1503
-843
-948
-758
-331
-386
-1138
-157
-62
38
707
-418
116
483
-86
554
-92
147
335
-858
-205
475
-243
321
82
-439
76
-173
232
1430
453
841
497
246
1166
1769
1581
1500
937
29
302
-173
755
897
658
1590
2064
611
744
-779
-620
290
98
1486
978
759
662
-267
376
522
380
507
807
-977
-1335
-1257
-262
236
658
1185
134
-1587
-895
-1608
-1078
133
-1225
-71
-221
-676
71
-891
-1367
66
-1199
-539
-1131
-1811
-64
-643
5
17
-1164
-168
-322
-2
642
-278
-868
-86
-177
43
580
186
678
867
-173
-222
94
-696
-435
-39
-382
1834
831
88
753
-57
312
-100
588
712
948
639
631
366
-386
403
293
162
985
363
1112
-180
531
232
-213
980
-130
19
-502
-771
-1691
-819
-1360
209
970
727
691
-645
-44
-476
-21
-563
-4
-1247
-1520
-320
84
394
984
371
-225
-120
-1849
159
231
-577
1065
-869
290
319
-41
-188
-1001
-32
-85
-276
636
1710
383
1125
-205
-422
-968
-1419
-191
-524
-278
893
-491
-285
641
36
-658
175
-337
-984
396
61
791
-140
381
178
-674
1053
56
551
51
-597
458
8
224
1305
269
117
545
-566
-208
-197
-429
249
965
203
487
531
-195
300
-642
-462
-493
-557
365
-114
-187
-568
63
-501
617
-193
-151
1014
-923
523
-151
-323
-52
-465
321
803
-664
399
41
-370
1199
-432
-360
-660
-432
300
909
696
250
-368
-945
716
323
1205
1037
344
895
-840
59
-1158
-572
538
1
-320
624
-415
-538
-248
-1604
846
35
184
774
-350
-474
-1175
-1074
-69
-619
-725
316
315
762
1019
-101
-67
-1128
-1103
-137
-195
576
-84
-744
-610
-316
407
1074
1066
148
-796
-1238
-1129
-420
1033
645
625
669
-707
-534
-266
879
1547
1547
448
377
-443
-1193
-225
-292
113
1274
39
-295
-518
-951
142
805
942
1524
508
55
-408
-259
-58
476
1214
1354
1343
-291
82
47
-1014
-76
-131
-289
1136
-411
573
1382
79
1023
208
-809
-703
-583
-249
473
164
-155
-40
153
726
-333
-381
-168
-615
-1065
-189
-546
185
416
-329
632
142
-650
-244
-912
-794
-645
-1747
-706
-189
-284
-653
-159
-566
-1255
-862
-1318
637
662
303
1056
-713
-590
-1021
-776
-181
-58
279
-477
58
-493
-406
-118
71
334
-213
603
-263
43
756
-68
623
874
533
902
168
628
192
408
324
-252
775
-1115
-122
-373
371
398
345
1257
295
595
-502
-109
-327
-312
404
130
1062
512
630
621
630
10
-562
262
-249
261
-702
-376
-497
-1005
-962
-1037
-506
-339
-192
-13
113
-136
-5
-828
692
346
-487
297
157
-316
-212
-1092
-587
824
46
933
654
-690
83
-216
-555
-229
-360
189
248
-151
268
516
626
846
596
344
-414
-532
150
581
491
978
938
583
42
-570
868
637
623
678
-159
288
300
174
690
-258
-324
697
89
182
695
-471
-460
-298
-666
634
288
713
727
348
237
719
-84
369
631
-533
625
-938
-1190
-1119
-946
-278
207
-134
459
-256
-64
102
-174
89
-476
-777
-1074
-548
-1313
-545
-276
167
-206
258
88
-1214
-61
-1228
200
-908
-44
39
-296
655
-622
-126
-1261
-623
-1235
368
773
713
928
-1032
533
278
156
815
826
976
-1
-263
-415
-693
176
4
601
-179
100
-393
-183
-342
36
-449
-1194
-5
-117
-117
-446
-538
-1429
-291
-788
-262
834
-271
434
-524
-76
539
-129
-385
225
-267
-968
737
284
587
607
456
474
-125
-219
-123
293
225
808
784
381
642
-821
160
1558
1428
2171
1571
1416
1253
1217
289
170
278
-862
1747
539
542
1500
-41
-237
-623
-942
-205
497
-376
1528
-79
-919
12
-2196
-1226
-856
-871
607
284
-100
136
-720
-753
-672
-1402
-397
-659
214
320
-1185
-1113
-1286
-708
665
1271
1154
1412
88
-668
-804
-710
704
631
1529
921
292
3
-708
-168
-777
-616
-965
-834
-581
-43
814
-91
18
-39
-757
-54
45
-26
-234
567
-300
430
494
-1051
-227
-1563
-221
-62
560
-32
-87
-329
-509
425
32
365
-166
-18
-1148
-916
-777
-1053
657
422
232
1147
-544
-1272
-189
-1210
466
749
10
926
-752
-475
-237
243
565
1834
697
868
1094
5
-80
-250
851
204
1379
1072
584
105
-271
-456
-581
662
902
240
304
862
191
667
-22
137
367
-715
629
650
109
-324
-1404
-540
-784
-167
114
512
705
350
259
722
54
-700
85
-762
-94
-268
-844
514
-514
265
70
-180
-104
-411
-658
-1003
-191
-1602
-692
-976
-892
-655
-662
-382
-709
-762
-909
8
480
954
846
-421
-701
-496
-158
968
1254
637
523
561
-523
94
-227
648
1370
678
1066
-225
33
428
441
1200
2011
1274
1135
571
-599
483
130
749
765
-251
1003
688
567
1325
670
195
774
-140
232
303
-211
-731
-1174
-1825
-1902
-2367
-1535
-1357
-893
-383
-838
-1029
-1572
-1070
-1042
-394
-365
-139
-886
-895
-2064
-497
-1162
-254
-30
-893
-448
-1300
-1101
-1234
-523
227
788
1297
828
610
-400
-611
-72
-610
16
-235
1121
1116
782
1643
782
1536
790
1110
1541
675
645
466
1556
1524
1247
1642
-597
291
262
-985
1474
874
2282
1806
950
1034
734
-882
-96
-44
-1139
535
426
233
696
-90
159
164
-671
-244
-367
-1716
-342
-447
-632
-53
-78
119
101
-322
-103
-72
-168
-37
-1345
-1110
-1273
-327
163
250
-684
-475
-562
-976
-872
-1672
-1108
-639
-292
-689
600
-789
-446
-53
-185
1081
769
264
372
-824
-907
-763
-1128
-184
124
976
556
388
-230
24
1035
689
1513
2233
1099
706
148
44
261
428
-156
1138
608
272
834
-621
410
-420
-711
-687
-561
-797
654
-23
385
147
-689
-383
-348
-181
-529
-79
-1668
-272
-538
-322
193
-153
-769
-811
-1032
-617
927
19
803
632
-503
-253
-344
-1014
-1055
-539
-6
459
517
208
79
1209
84
605
-382
-1077
-528
-66
-10
550
1485
780
1684
-280
-511
356
-694
-338
-10
327
603
304
728
359
386
72
526
-380
781
469
828
680
-338
744
-953
-1160
-692
-635
-261
804
12
-155
643
-872
323
-260
-361
-247
-35
52
-25
682
787
329
-441
-531
-812
-466
-276
164
-230
430
194
517
521
313
1076
-151
-367
-232
-891
-838
428
-176
448
306
-752
-515
-370
99
889
457
332
133
-196
557
335
1006
812
1227
298
182
302
-58
9
218
103
665
-115
-679
-417
-567
68
-270
-465
-516
-1052
-1403
132
-658
-415
209
-910
-147
587
223
298
184
-1233
-681
-1212
-1443
-159
-1237
-1093
223
-1211
-100
-445
-63
564
33
19
680
-516
-481
239
-520
288
644
388
1502
312
-31
104
-304
308
460
711
850
876
764
857
542
1233
-46
732
694
700
214
-209
-1315
-688
-771
292
319
-62
1137
-762
251
187
-266
-35
-152
51
194
-359
115
632
370
526
-203
-234
-926
-80
-78
617
956
40
100
-930
-233
47
779
-701
530
180
-211
190
-1071
-848
-178
524
177
985
209
370
-874
-495
-1097
-710
196
150
873
-1423
-581
-1287
-1204
-298
-159
-89
836
-280
-966
505
-560
1185
-112
-698
-23
-558
-582
758
1277
585
1233
-435
117
-697
-188
900
-522
-107
-1217
-1433
-1213
-263
449
1281
1553
1793
932
713
-96
-281
-89
-310
-267
-27
678
598
1593
365
-230
-193
-251
97
458
-167
370
600
624
616
26
64
94
-130
-71
852
-40
-89
-647
124
-144
-62
489
100
857
182
1234
-11
-599
-398
-1265
-863
-953
-1111
-90
-380
-907
-215
-1572
-218
-634
-931
-302
-251
-578
590
-246
-563
127
-1068
269
-387
-613
646
-64
186
1108
-512
-1224
-1347
-1043
-224
587
575
830
161
-269
431
-134
-693
-458
-519
652
144
383
592
-62
-278
-826
-135
111
596
1351
1320
691
626
446
635
1081
228
292
181
-590
645
5
-378
668
-151
857
1070
858
986
-195
716
2
-201
795
-475
-73
463
-475
390
547
-504
481
74
-39
578
-467
-296
123
-362
158
-642
-239
106
-399
797
116
-265
327
-708
-280
-200
-1455
677
-152
-638
841
-753
-448
380
-483
-515
-238
-2249
-1842
-552
-1318
375
298
178
1089
371
299
513
-1136
-301
147
-1934
-120
-632
-716
774
800
1496
1842
111
220
-884
-604
843
390
1385
775
223
-57
704
-61
700
145
-599
1
-1683
-475
486
13
-94
414
-686
294
364
-698
558
-218
-170
498
-492
-121
92
-938
57
-214
-502
-83
-340
-200
430
-331
216
331
150
173
94
184
268
338
476
10
-585
-41
-118
297
-648
-1028
-734
-1131
-26
-313
-576
-20
-164
429
1001
328
810
146
122
770
241
-85
207
-162
-345
400
-277
973
-249
10
67
-921
-788
142
-455
-368
579
51
1603
832
243
622
-529
276
1250
452
547
655
-519
-204
34
-733
-416
122
561
355
1502
436
-121
-199
-1124
-653
-1005
-1082
-216
-173
-265
534
327
-23
928
-478
-905
58
-870
14
810
-563
545
332
-748
457
-329
897
852
454
830
493
26
-593
-557
-48
518
-195
51
-635
-1309
-517
-859
-776
-64
-399
-1149
-268
-814
-794
347
156
333
662
-444
52
-62
-903
-99
-314
397
964
126
193
-53
-643
508
-472
1039
1100
132
420
-42
58
1007
853
2019
1849
820
910
-108
-406
-141
-864
-729
579
-100
-6
-261
-396
-698
-375
-820
-1195
-892
-1734
-628
-260
-919
-438
-392
-1193
335
-505
-619
742
-336
712
526
-408
-243
-22
-144
803
783
417
1121
-65
246
-390
-31
348
131
447
403
287
-319
157
-229
659
981
124
183
-475
-198
16
631
626
465
353
-116
573
389
110
789
304
-93
86
-57
-192
418
45
-31
1397
310
509
212
-427
-821
-352
-46
347
687
-388
-462
-445
-376
-163
-241
-618
-462
-175
481
-438
-372
-1419
-840
-915
309
1084
587
706
-775
-87
-714
-750
-286
-521
-869
-675
-739
-792
-52
-960
332
167
-209
250
-347
131
-194
-647
116
715
247
687
561
282
641
983
1510
915
921
569
154
64
48
45
156
100
-670
302
-407
642
-206
-467
481
-378
907
-164
38
-324
-248
104
-437
-171
136
-248
-591
-15
-1560
-473
-273
-831
554
-639
-525
161
-593
-338
643
55
350
501
-452
-121
-1386
-692
23
515
719
522
336
210
350
-358
549
284
-23
1015
-245
666
732
-725
1128
355
-315
681
164
-479
403
-1042
-176
844
-975
870
107
-278
870
-640
-194
285
-280
736
516
15
-100
-323
-560
-412
-776
96
-165
-425
594
495
312
451
-732
-381
-99
-1462
326
609
-4
441
-925
-632
-178
-574
-244
245
99
395
-361
-1409
-921
-1119
-303
567
951
408
1298
591
-162
911
100
1108
163
253
447
-191
670
275
492
545
678
71
-179
46
212
818
341
-184
-352
-1083
238
591
616
556
9
128
-3
110
-740
-311
-1355
-1021
-358
-492
367
-479
307
753
-330
-380
579
-225
-326
41
-456
-429
-787
-107
1035
-236
-779
-1149
-1279
-1021
-241
291
10
371
-422
-519
-79
-107
-624
348
-205
-300
794
-460
13
-517
-1374
-745
-717
-492
-283
-314
-645
213
459
143
375
644
292
560
716
704
279
-663
-327
283
440
-705
694
1406
1018
1552
298
750
-105
-436
401
769
1861
1453
1233
802
553
385
-53
258
306
350
327
263
401
361
261
614
774
982
312
-142
-165
-754
-1344
-289
-769
-701
323
-1203
-249
-606
-931
-353
-799
-450
-642
-411
-602
140
-869
-603
-195
-1332
-1639
-1717
-820
223
777
1620
946
841
-249
-1227
-902
-629
-366
-164
849
823
1445
879
661
499
55
-109
-32
385
391
533
-647
-349
-64
-649
-926
-508
-330
444
251
90
573
-93
156
-301
-184
468
259
320
-28
636
640
417
633
899
1848
918
359
-483
-455
-17
-515
-211
-46
-208
-572
-19
-450
-670
-169
-794
-401
-151
-617
-192
-771
-1216
-361
-858
178
159
420
191
91
-326
-777
-1044
-627
-229
-513
265
51
-703
-935
-289
-899
-287
-888
257
388
-99
560
121
94
-421
376
335
938
1169
281
225
-73
58
-476
-287
594
1015
468
718
282
50
223
721
1694
1540
1353
866
352
345
-45
-194
532
-83
117
-65
-51
-314
98
-199
737
1111
176
152
-427
35
234
703
-604
-227
-769
-820
210
-932
427
-311
-565
890
53
30
-49
-173
1
900
45
-93
-1668
-1573
-506
-1018
734
-262
20
-103
-835
-204
-214
-298
523
866
621
559
-865
-1208
-1371
-1294
-146
826
700
-594
-620
-638
-1116
-339
23
230
311
-588
101
-37
-390
87
-59
406
216
-60
536
-7
290
148
269
855
590
1068
514
-541
-518
43
-81
745
606
503
1378
1498
263
-118
-525
-693
-515
-893
124
100
770
824
897
244
-236
-754
-444
557
24
1102
553
-39
700
108
-338
98
-649
-231
406
-417
-138
-206
-932
-636
99
-1063
-87
17
-1335
202
-25
-1083
5
-626
-1051
-253
-884
-1197
-953
-470
-319
378
128
135
102
-118
1322
249
9
-145
-1153
-986
92
-182
514
469
-896
730
566
1009
1366
983
907
787
249
394
1298
922
1394
435
-517
-251
-712
-883
272
115
-139
-509
-1046
-800
-320
578
599
1054
141
92
21
798
699
71
391
-830
-1011
-782
-164
178
356
-330
-333
-919
-1084
-441
188
871
1158
880
201
-667
-596
-363
-362
-507
-437
-493
-347
38
-70
508
-246
-313
-220
-617
-408
-138
-128
647
723
-713
-122
-239
-118
1109
259
623
1166
270
1208
844
-238
198
-199
-442
266
97
30
834
-214
-690
618
-918
-1157
-449
-1376
-72
883
-143
671
-83
-810
826
51
-118
473
-94
-147
905
1063
913
795
182
-407
581
485
-490
323
89
-910
11
-1104
-753
610
-764
776
753
327
-51
-437
-1581
-669
-626
-1548
659
-847
169
1370
949
960
808
-889
-541
215
-861
1117
-19
-11
1097
246
-99
-14
-1119
-799
-156
-613
240
194
388
702
324
688
586
968
35
-167
466
100
248
-165
-1139
-900
-1004
-1661
-533
-354
181
669
89
-110
-283
-399
-589
-893
-909
-848
-142
248
4
228
657
210
-285
-541
-42
-172
-410
549
829
676
251
166
322
1021
1161
118
518
-379
-853
-1008
-883
-21
-523
-909
-614
-760
-698
42
-546
44
-185
-258
367
-319
-393
156
-185
-217
702
-124
269
977
1056
1041
104
-27
-745
-560
-839
-1154
-545
-235
362
736
1006
701
1162
283
764
689
640
1083
789
3
-8
173
-622
383
103
542
897
950
991
1228
772
567
390
-269
705
168
-333
-219
-1331
-1198
181
146
779
1087
106
394
-68
-718
-295
-356
-454
-33
-415
-976
-656
-375
-322
-135
-640
-833
-688
-299
-306
-315
-368
-416
-724
-193
405
405
512
-315
121
485
-799
162
1012
524
-172
-308
-1247
-787
349
-247
827
649
-372
-52
-1263
-935
410
205
695
1349
1019
1015
444
-130
-197
-223
-811
186
223
195
948
-427
-299
-572
-782
-105
365
177
182
-297
-1227
-213
-473
-713
4
-1034
-1058
-77
-119
508
529
-480
-157
-492
-1444
-733
-866
-599
903
308
95
42
-865
-711
-627
-682
-224
-322
-158
302
271
1020
1566
1656
1224
647
431
893
815
999
1023
1296
1125
396
-142
-624
-680
-586
697
952
1883
1409
784
677
-436
202
15
149
249
398
-286
-51
-280
-209
365
-478
176
-28
-176
562
145
-113
252
-309
-305
-300
186
877
305
-243
-493
-663
-1062
-1200
-886
-986
-243
643
232
379
-217
-525
-186
-540
-1126
-285
-950
-883
-644
-1298
-549
-975
-890
-382
-795
-769
-1150
-1608
-1487
-1331
-975
-419
189
265
469
1654
1413
690
308
-695
-270
674
597
1925
1368
967
1073
-235
249
272
372
1227
851
1216
1021
477
543
425
-71
989
856
-637
299
-254
-40
62
-430
-367
-203
-567
-541
-220
-852
146
-774
-736
-1320
-1280
-364
-41
356
462
-412
-857
-899
-1172
-238
406
242
463
-771
-1397
-1133
-1499
-482
-325
312
712
250
285
-551
-232
298
-268
545
-234
-134
1147
846
1117
671
156
-140
-142
425
1251
262
-164
392
67
566
397
804
442
-268
-12
972
558
696
580
103
1303
1847
1755
2414
2173
1223
1534
814
1118
1071
936
1876
1803
995
951
858
498
-39
-41
-396
-384
-1125
-1352
-1002
-908
-145
-129
-607
-1036
-882
-1317
-1022
-310
-813
-920
-1175
-1541
-1328
-1517
-1576
-2243
-1682
-1583
-892
-1024
-1757
-954
-1759
-1375
-734
-1067
-1057
-642
-1040
-829
-734
-1228
-157
-792
-1315
-585
-449
-317
-155
-82
284
621
104
417
94
-277
269
512
1188
1648
1039
536
604
72
-12
490
612
780
583
197
804
809
623
539
745
1139
1446
848
290
769
727
888
648
757
753
347
28
278
459
579
518
1572
1340
1154
1078
78
219
551
310
558
854
417
195
-524
18
-550
-780
-579
-909
-29
-1204
-1224
-838
-1338
-308
722
415
874
364
-1327
-568
-1186
-1195
-131
-388
25
138
-880
-763
-275
41
435
1467
666
-369
-270
-845
-534
-6
106
-675
-361
-970
-1066
240
388
746
90
-1656
-1700
-805
-279
648
779
-27
-434
-769
-814
18
786
302
-133
-79
61
269
93
624
242
433
469
675
722
405
94
-222
-319
18
-39
-271
303
180
295
1011
833
1071
349
79
280
117
190
-449
-436
-532
-117
-360
-414
-338
-400
546
1015
638
-323
-292
-1313
-1677
-1028
-1342
62
-222
-962
-835
-737
-1385
-430
-709
-356
243
-1311
-904
-424
-681
-728
-281
27
858
513
327
378
470
726
1094
2014
1979
1272
543
774
970
1365
1739
1431
1832
1333
379
108
821
999
1484
1651
1274
796
-99
-418
-38
1085
838
423
38
-717
-900
-597
-285
565
1072
-20
-68
-706
-1537
-1522
-1241
-939
-443
-29
-891
-377
-643
-1250
-1054
-1040
-1429
-1147
-1749
-1816
-1047
-1431
-1371
-1329
-1899
-1865
-1625
-1171
-49
760
286
374
-365
-863
-317
162
950
1605
1693
1221
1244
827
843
493
816
1216
1779
2270
1998
1973
823
-223
210
270
826
683
-103
-356
170
137
792
979
655
480
346
103
281
528
-236
-22
-1301
-1157
-669
-25
384
337
-520
-1391
-689
-543
-74
416
292
-97
-1062
-1443
-1065
-688
-552
-874
-815
-1247
-810
-798
-1146
-295
-519
-592
-971
-731
-75
127
397
-159
-97
307
741
693
243
298
46
-33
-461
-983
-1119
-866
-588
-72
42
-128
-149
-2
953
1363
2057
1776
1181
-494
-1067
-793
-555
583
631
475
-365
-545
-472
-466
-189
-104
-71
-363
-384
-64
198
463
540
756
831
652
380
613
777
690
816
933
936
734
259
-182
141
888
1101
885
327
216
136
-374
-403
121
537
665
1041
355
-38
-652
-1210
-528
-186
-19
463
592
276
319
-221
-599
407
612
586
614
181
-180
-741
-1387
-851
-474
56
1143
1001
1179
494
-355
-390
-534
-471
-343
-429
-314
-410
-533
-706
-916
-633
-231
-607
-527
-36
-44
198
13
-846
-871
-984
-1041
-532
-267
-175
97
260
118
831
627
-169
201
319
76
391
-151
-889
-387
-916
-1200
-548
-689
-392
-167
-1262
-607
-692
-1349
-782
-902
-752
-28
461
-148
209
-394
-387
-383
-306
573
635
863
1276
822
391
359
306
667
810
834
1248
1244
1012
1537
1494
703
25
-249
-576
-139
598
777
1205
1027
60
-85
-631
-806
179
289
657
668
381
95
-175
-421
295
742
514
230
-436
-523
-480
-6
344
190
-94
-130
-215
132
332
290
443
145
-140
37
389
614
460
-86
-306
-351
-181
35
181
-100
-38
-303
-458
-309
-284
-1064
-1028
-958
-1373
-539
-400
-159
103
-289
-1069
-1068
-814
-627
-500
-727
-215
-559
-1061
-738
-645
-394
-9
140
177
-114
-415
-234
-108
20
-38
247
329
392
302
-274
-285
248
884
1412
1460
992
765
459
33
-99
-375
-154
-158
154
575
991
862
448
226
95
171
59
-275
-466
-95
69
667
285
-20
-278
-686
-388
202
478
1042
1458
923
688
143
206
481
-92
-731
272
-12
343
552
-209
554
474
353
529
498
60
140
-407
-377
309
42
-152
-407
-751
-1209
-1140
-716
-247
-287
-174
-132
104
34
59
259
42
375
113
199
-222
-925
-995
-1527
-1266
-983
-1123
-679
-637
-593
317
144
142
450
-375
-256
-12
-163
192
319
-258
5
218
-290
-120
51
-324
93
-271
-534
-50
-15
89
91
92
-54
-597
-837
-684
-15
258
338
658
573
441
414
573
712
878
857
1211
1189
637
268
107
963
1591
2048
1805
860
607
-19
90
562
502
852
1261
1148
877
218
-430
-830
-508
-428
-460
-323
-609
-710
-539
-464
145
386
104
-619
-1680
-2245
-2204
-2147
-1426
-770
-1002
-1414
-1821
-1992
-1302
-413
-220
-87
-495
-691
-428
-372
62
400
379
763
679
76
-213
-896
-1007
-859
-360
559
838
880
356
-129
-260
89
499
678
1170
1406
1378
1214
1108
984
1284
1388
869
645
223
-172
-152
-279
-138
68
61
208
210
-57
-434
-117
451
1191
1256
957
405
-612
-1061
-732
-95
419
743
383
274
-171
-305
121
542
862
676
82
-710
-654
-597
20
481
780
1103
552
299
334
330
122
175
245
287
321
20
-238
-833
-929
-851
-537
203
210
346
56
-195
-208
-407
-340
-441
-867
-1678
-1943
-1698
-935
-188
-4
-42
-254
-886
-1284
-1378
-796
-437
-337
-349
-896
-837
-906
-879
-883
-873
-903
-578
-395
-106
287
103
169
-171
-333
-195
-28
358
554
800
1029
1554
1942
2083
1936
1316
590
38
-220
133
919
1403
1437
1239
678
474
643
617
481
404
-24
-43
199
161
611
570
501
848
1052
1122
1203
683
473
134
-120
-34
-97
-279
-122
-96
-231
-591
-1190
-1548
-1496
-1288
-1221
-932
-884
-843
-788
-690
-487
-178
-223
-445
-412
-627
-639
-565
-591
-401
-117
195
162
-149
-645
-707
-1249
-959
-344
-241
65
-391
-1237
-1634
-1377
-889
87
520
531
446
-219
-275
220
684
980
758
357
56
-101
95
178
544
913
1093
1128
1066
1020
1004
634
223
51
-134
-34
63
-52
152
451
609
417
4
-295
-653
-482
413
1238
1334
1132
507
-417
-859
-1009
-744
134
509
698
573
57
-161
-235
-308
9
692
1185
1093
538
130
-290
-246
-230
-142
284
63
-207
-454
-616
-111
254
468
892
973
449
-399
-946
-1267
-1116
-844
-513
114
419
414
404
-24
-349
-452
-776
-761
-410
2
527
809
934
1065
817
392
211
109
-117
-304
-401
-450
-149
-30
96
261
167
192
238
267
86
-436
-1108
-1568
-1349
-887
-410
-4
170
398
520
411
435
464
405
666
629
529
414
-299
-742
-909
-1054
-536
99
346
616
459
-40
-106
-541
-770
-428
-304
-36
143
-185
-460
-578
-962
-670
-176
223
895
857
457
152
-280
-186
350
941
1168
705
141
-150
-360
-656
-869
-1126
-763
-42
416
532
304
-117
-469
-520
-401
-167
-119
-381
-642
-699
-733
-462
-29
508
1166
1474
1364
1130
605
-166
-622
-944
-837
-671
-475
-108
286
471
222
-336
-965
-1142
-1109
-805
-285
-31
-282
-647
-1144
-1550
-1717
-1360
-325
711
1415
1600
1396
754
94
-487
-779
-636
-366
159
666
1111
1293
1216
773
513
368
338
521
638
835
690
577
542
515
367
158
45
145
346
411
723
955
988
670
227
-226
-564
-651
-542
36
638
870
674
208
-201
-406
-413
-224
-156
-208
-306
-177
-3
133
329
-34
-471
-649
-966
-790
-306
157
766
1072
889
496
-3
-377
-234
84
108
-29
-143
-322
-436
-450
-557
-525
-499
-451
-107
130
387
568
620
750
665
233
-289
-620
-630
-558
-550
-396
-81
460
899
888
492
-337
-945
-958
-453
215
769
1131
1075
732
99
-484
-746
-857
-821
-663
-557
-390
-168
-77
59
82
-145
-633
-958
-1048
-620
-246
-291
-318
-374
-418
-317
96
590
756
429
-104
-585
-858
-745
-510
-98
223
208
113
-155
-495
-808
-796
-637
-470
-263
-60
265
657
902
926
892
770
707
644
540
378
341
306
134
72
20
121
337
679
810
824
607
393
119
-229
-440
-417
-283
-240
-254
-304
-211
-157
-128
-188
-192
-330
-558
-627
-466
-157
249
748
1103
1233
939
376
-35
-349
-341
-317
-309
-313
-503
-525
-314
47
434
666
788
816
581
327
220
506
710
827
695
146
-462
-970
-1146
-869
-445
-226
11
338
657
825
619
105
-484
-811
-691
-293
55
146
-169
-553
-757
-802
-709
-537
-243
55
235
266
242
130
21
-174
-477
-703
-766
-591
-70
319
796
1033
896
717
375
32
-179
-284
-282
-156
-103
109
199
310
350
485
649
665
747
636
659
656
474
250
14
-94
-307
-483
-409
-213
-104
-137
-193
-342
-531
-509
-322
-11
316
344
63
-370
-774
-1109
-1375
-1503
-1462
-1263
-937
-419
-51
5
-58
-61
-46
-261
-612
-751
-869
-897
-703
-538
-289
-103
-5
190
401
636
710
684
741
746
616
339
74
-61
-111
-109
69
207
454
630
553
364
65
-144
-9
489
1283
1807
1876
1596
1178
791
352
181
317
630
917
1140
1054
815
516
105
-120
-124
-119
-36
-98
-247
-297
-328
-271
-234
-268
-344
-430
-630
-631
-401
-76
80
12
-81
-134
-195
-163
-29
-80
-385
-817
-968
-1075
-1034
-1041
-1211
-1193
-1006
-737
-475
-256
-207
-410
-695
-865
-927
-928
-897
-760
-430
-49
221
477
598
546
400
99
-248
-342
-203
126
658
995
1205
1192
1038
823
550
373
398
528
756
958
1051
1025
762
658
621
542
458
295
252
292
423
459
212
-98
-142
25
120
206
248
111
-116
-271
-220
-234
-352
-593
-710
-747
-681
-440
-223
16
14
-125
-335
-470
-499
-474
-216
241
632
743
509
181
-174
-611
-917
-953
-692
-416
-69
116
91
9
-258
-534
-672
-863
-911
-1016
-938
-749
-703
-659
-497
-281
-162
-91
-111
83
163
167
120
-32
-287
-516
-619
-499
-215
102
272
491
592
499
470
476
457
271
83
-35
27
83
193
516
791
917
912
880
823
883
920
943
1030
1049
937
848
713
540
261
100
117
191
465
671
836
800
637
312
-38
-329
-408
-282
-130
6
-5
-5
57
264
467
329
-112
-604
-1017
-1062
-860
-415
-31
202
68
-253
-393
-181
276
591
567
266
-84
-455
-639
-635
-444
-207
-33
64
-156
-426
-558
-634
-583
-443
-377
-315
-285
-418
-525
-697
-929
-1186
-1373
-1372
-1259
-1260
-1317
-1294
-950
-555
-420
-547
-849
-1116
-1230
-1153
-815
-339
72
473
583
587
449
316
471
551
583
414
283
264
513
990
1253
1248
1049
934
850
964
1146
1141
947
607
387
375
563
784
740
607
356
163
82
207
299
234
-68
-269
-266
-73
198
367
324
233
49
-27
133
237
275
271
185
138
183
269
402
415
336
131
-191
-295
-334
-211
-48
-133
-116
-147
-173
-59
152
237
136
24
-151
-197
-208
-196
-308
-354
-240
-251
-218
-82
241
691
865
746
430
70
-180
-412
-640
-831
-1011
-1126
-1083
-763
-346
-119
-15
-37
-157
-372
-442
-193
170
358
303
89
-151
-234
-312
-166
-26
-11
-167
-317
-329
-283
-299
-220
43
364
419
268
191
111
120
46
70
139
235
157
-10
-104
-320
-353
-354
-127
58
79
-42
-70
5
53
288
515
724
690
427
145
-165
-352
-406
-443
-415
-335
-161
131
368
331
170
-22
-293
-311
-324
-288
-322
-378
-213
-210
-90
-76
-185
-217
-275
-227
12
313
473
600
449
251
173
104
181
254
138
-5
-224
-355
-302
-231
-104
37
162
111
2
45
220
335
335
134
-121
-284
-404
-482
-590
-718
-793
-542
-206
86
260
337
332
185
192
142
158
274
254
171
-116
-338
-460
-224
6
138
162
52
73
290
572
787
854
841
724
457
280
192
265
278
286
283
382
464
488
453
597
572
384
125
-154
-215
-128
-4
41
-123
-335
-385
-324
-153
-31
-64
-146
-295
-428
-445
-312
-104
42
101
193
304
384
462
516
532
327
-78
-424
-479
-359
-140
-50
-139
-330
-546
-593
-524
-349
-151
-30
-44
-179
-345
-432
-432
-390
-456
-690
-861
-933
-772
-575
-400
-245
-215
-143
-144
-62
-55
24
139
274
303
215
81
-24
-3
140
425
546
542
495
443
367
305
449
534
488
346
145
-48
-83
-159
-107
-55
101
270
295
198
-19
-117
-80
74
292
386
347
202
-25
-224
-319
-312
-256
-159
-53
45
67
-69
-206
-235
-227
-202
-109
37
152
239
243
198
134
145
121
89
14
-52
-38
-40
-100
-172
-259
-308
-198
-144
-12
79
97
40
-122
-118
-94
-7
-7
33
16
-83
-215
-300
-307
-253
-267
-285
-360
-462
-383
-302
-160
-62
-112
-94
28
152
205
304
363
419
502
686
936
1020
997
753
494
309
49
-146
-330
-448
-477
-543
-564
-427
-299
-118
-54
-83
-69
3
179
311
381
415
436
401
284
226
298
415
500
447
380
307
236
24
48
57
16
49
32
46
-13
-227
-369
-418
-481
-478
-537
-678
-635
-365
-191
-122
-259
-376
-565
-732
-826
-919
-846
-726
-625
-610
-616
-662
-672
-570
-384
-174
-52
-103
-100
163
542
667
702
539
410
435
437
369
271
258
240
364
370
411
598
758
968
987
800
470
292
313
381
403
352
137
-48
-82
-73
-54
-125
-179
-337
-400
-356
-315
-264
-257
-349
-415
-435
-397
-374
-324
-275
-210
-58
-11
116
238
268
326
353
421
417
353
384
388
564
664
483
242
-78
-218
-94
207
441
507
355
91
-186
-367
-435
-367
-244
18
211
404
499
329
166
-76
-194
-191
-123
-124
-156
-194
-191
-209
-296
-392
-519
-607
-537
-333
-153
4
34
-149
-419
-713
-689
-550
-323
-108
10
175
139
192
193
137
1
-110
-133
-97
-91
16
153
325
522
503
444
282
107
86
218
414
557
617
565
407
366
236
-47
-320
-569
-603
-313
128
427
387
182
-38
-143
-184
-283
-211
-98
-79
-107
-100
-52
-62
-35
-49
-68
-280
-538
-791
-960
-948
-959
-845
-637
-378
-158
9
59
176
212
141
168
166
142
-5
-204
-269
-116
140
254
222
144
102
29
69
110
162
152
204
236
260
336
323
381
434
455
345
269
304
470
635
761
756
659
524
440
318
184
21
-331
-532
-630
-641
-596
-437
-291
-117
-156
-157
-161
-235
-282
-353
-170
-67
46
62
3
17
56
4
-19
52
19
-61
-169
-297
-295
-196
-56
117
181
136
39
7
-22
-52
-70
-131
-183
-113
-65
-29
-102
-170
-140
-107
-95
-85
-126
-256
-362
-385
-198
18
283
428
391
181
6
-51
-71
-17
40
29
-46
-142
-165
-24
185
379
564
442
296
189
126
231
286
363
361
327
260
157
12
-146
-204
-238
-247
-175
-39
101
136
217
315
453
552
571
426
279
182
115
58
-10
17
-11
43
76
38
-46
-205
-295
-244
-142
-32
-145
-215
-255
-240
-291
-397
-387
-407
-375
-460
-477
-433
-457
-447
-326
-269
-280
-347
-496
-426
-294
-147
41
117
148
40
-83
-143
-125
26
226
332
327
303
266
256
189
109
59
82
48
71
88
147
252
189
52
-44
-44
49
192
284
320
240
74
-4
-40
-123
-151
-305
-445
-360
-202
-180
-115
-99
-122
-136
-18
78
169
375
481
558
489
368
278
160
114
170
388
602
697
641
462
320
215
144
81
30
-75
-92
14
196
323
423
343
255
250
351
460
439
336
158
38
48
132
15
-236
-343
-425
-509
-433
-457
-571
-707
-671
-611
-640
-509
-400
-308
-294
-311
-406
-478
-473
-428
-377
-337
-360
-403
-329
-270
-271
-235
-178
-121
-1
2
-71
-91
-92
-121
-209
-420
-581
-617
-535
-313
-157
-12
-19
35
86
182
297
366
420
265
163
103
48
130
236
303
296
357
439
565
641
633
524
432
297
217
242
291
323
220
154
-13
-73
-144
-168
-81
61
259
377
452
472
509
491
449
378
351
215
65
-59
-109
-103
-49
-103
-155
-248
-328
-346
-294
-216
-238
-236
-381
-472
-557
-473
-362
-236
-154
-228
-280
-197
-45
123
151
115
59
5
10
20
45
160
232
153
138
64
-83
-232
-405
-428
-445
-364
-174
25
248
257
311
249
288
299
201
89
28
1
-117
-77
-47
4
-45
-144
-287
-270
-272
-232
-135
-86
16
-11
-52
-39
105
276
302
190
55
-75
-65
4
108
220
240
196
103
111
141
152
120
-13
-167
-304
-307
-189
-76
46
233
269
277
238
197
187
103
31
-60
-46
-94
-31
75
157
164
141
160
149
86
-10
-55
-63
-11
119
134
116
26
-99
-48
-10
107
139
144
51
-16
41
97
181
253
253
267
172
56
97
210
336
342
187
100
-14
-20
-18
-100
-96
-146
-174
-223
-257
-199
-166
-114
-105
-250
-406
-469
-378
-296
-266
-348
-439
-524
-592
-666
-643
-511
-479
-440
-497
-435
-312
-196
-96
-98
-202
-260
-281
-177
-54
94
240
238
126
-61
-114
-149
-52
126
205
290
260
220
251
306
423
559
648
593
436
331
190
92
91
79
62
45
26
-37
181
359
481
627
554
407
385
385
511
695
637
485
285
75
-57
9
52
42
-132
-328
-386
-409
-382
-345
-247
-195
-175
-216
-214
-122
-116
-108
-158
-277
-338
-277
-206
-185
-156
-37
115
179
133
-11
-167
-202
-108
30
126
61
-52
-106
-164
-236
-139
96
217
284
234
128
-73
-221
-229
-330
-330
-229
-145
-150
-151
-196
-164
-39
55
50
28
92
46
51
33
-107
-228
-257
-125
64
284
365
316
227
69
-42
-126
-112
-196
-166
-203
-200
-92
1
120
127
162
197
205
234
151
66
-22
-100
-59
48
196
230
221
235
264
244
159
82
31
47
105
166
307
393
402
392
356
230
115
-16
-157
-272
-310
-185
-43
149
112
-26
-319
-577
-621
-554
-500
-483
-440
-506
-333
-168
-201
-286
-317
-310
-210
-121
-173
-239
-246
-239
-154
-137
-165
-140
-168
-22
97
184
296
231
144
68
55
-41
-87
-157
-148
-48
85
286
406
435
382
385
352
346
288
219
266
410
631
776
729
606
443
236
122
84
77
100
113
127
183
218
228
190
205
90
80
43
52
114
179
164
6
-42
-92
-128
-35
-10
-17
1
-35
58
139
209
181
-28
-275
-406
-407
-195
67
88
5
-169
-368
