-1456
-1417
-1544
-1417
-935
-379
-302
-720
-1269
-2079
-2591
-2606
-2273
-1509
-685
264
893
1284
1330
849
144
-657
-342
832
2149
2444
1995
1121
-322
-1456
-2108
-2351
-2319
-2123
-1939
-1664
-1667
-1972
-2372
-2492
-1983
-1128
-722
-650
-1012
-1211
-1232
-1022
-917
-949
-927
-1267
-927
-426
368
824
1040
1049
1041
1527
1650
1996
1654
1130
357
-533
-637
-336
529
1222
2005
2285
1984
1150
150
83
966
2496
3475
3087
1955
901
526
445
348
-61
-525
-943
-1178
-1107
-1098
-1152
-1275
-1064
-1021
-1108
-1538
-2343
-2959
-2855
-1659
-48
1233
1641
623
-538
-1439
-746
1029
2699
3460
2288
460
-1256
-1559
-979
-121
257
-403
-1212
-1798
-1287
265
1726
2397
2165
1345
175
-699
-1183
-1043
-250
783
1726
2071
1639
820
413
396
611
832
883
818
377
-283
-900
-1305
-1249
-894
-225
744
1413
1755
1524
1128
1070
1179
1667
2373
2971
2764
1985
682
-495
-854
-931
-886
-992
-1009
-566
185
1251
2274
2351
1481
69
-1110
-1630
-1716
-1751
-1660
-1144
-338
351
480
-140
-1495
-2595
-2702
-1869
-959
-817
-1278
-1963
-2243
-2279
-2252
-2272
-2243
-1520
-377
736
792
-297
-1769
-2132
-664
1109
2284
1626
-70
-1532
-1919
-967
54
1105
1476
1047
604
-77
-394
-452
-451
70
289
294
-580
-1439
-1598
-1101
410
1335
1560
577
-373
-453
387
1655
2121
1429
-385
-1662
-1669
-469
1080
1951
2057
1647
1086
980
746
317
337
647
1665
2439
2339
1221
-626
-2159
-2609
-1785
-490
379
713
625
801
990
595
-164
-1147
-1443
-1165
-920
-1014
-1837
-2652
-2851
-2044
-761
236
488
410
411
850
1480
1895
1711
633
-148
-575
-342
153
480
335
-135
-55
724
2180
3222
3454
2892
1981
1907
2652
3559
3694
2811
1603
703
279
-62
-1035
-2681
-4015
-4262
-3387
-1906
-347
503
675
161
-424
-471
-667
-620
-715
-372
118
-31
-431
-1435
-2509
-3181
-3007
-1860
-431
649
571
-515
-1594
-1789
-559
921
1314
432
-1270
-2401
-2617
-1840
-528
82
64
-31
130
403
316
-164
-366
260
1300
2121
1764
124
-1441
-2085
-917
767
1657
1171
-302
-979
-611
745
1724
2068
1931
1783
1754
1790
1576
1208
790
849
1212
1251
484
-1048
-2857
-3691
-2760
-859
1048
1532
666
-1146
-2778
-2750
-1447
680
2324
3012
2594
1749
1151
663
22
-1150
-2239
-2538
-2058
-628
722
1132
512
-592
-831
-375
557
1115
1170
1523
2049
2326
1577
242
-1272
-1762
-860
824
1960
1402
-519
-2380
-3267
-2297
-544
749
633
-501
-1420
-1923
-1444
-1140
-1729
-2543
-2264
-315
1993
3452
3532
2590
1320
572
663
1029
1095
605
-250
-732
-1259
-1543
-1754
-1721
-981
607
2351
3426
3332
2754
1914
1218
887
298
-314
-487
67
705
855
531
-455
-1221
-1240
-615
121
297
-158
-898
-873
-118
643
578
-38
-684
-907
-621
-262
-461
-1208
-1792
-1557
-634
-90
-129
-661
-1077
-798
-48
333
-30
-735
-1315
-682
452
1270
702
-1029
-2785
-3339
-2357
-1172
-706
-1294
-1562
-563
1320
3242
3955
3020
1071
-552
-1127
-793
-564
-885
-1377
-1132
-89
863
900
-118
-929
-456
1579
3974
4923
3296
-176
-3306
-4822
-4510
-3356
-2347
-1260
-165
1245
2601
3324
3225
2758
2732
3263
4406
4611
3313
1125
-1129
-2573
-3071
-3063
-3026
-2967
-2341
-964
556
1601
1767
1295
821
1170
2169
3040
2749
1369
-433
-1601
-1817
-1505
-1423
-2170
-3290
-4345
-4503
-3701
-2071
-10
1206
1055
-225
-1321
-1010
-46
962
901
-69
-1241
-1574
-880
401
1257
1102
470
25
471
1672
2605
2864
2659
2256
1814
1272
495
-212
-452
-255
614
1847
2884
3327
2983
1926
974
341
-81
44
268
799
1056
691
-382
-1699
-2784
-2997
-2331
-1688
-1102
-1166
-1278
-1100
-1262
-1573
-2271
-2651
-2226
-719
827
1539
944
-829
-2245
-3057
-2493
-1367
-29
839
914
649
-344
-1163
-1303
-722
376
1418
2605
3345
3271
2581
1477
465
-684
-1609
-1819
-1382
-360
597
1131
963
802
823
1329
1859
2174
2312
2366
2086
1539
445
-1033
-2489
-3453
-3372
-2677
-1549
-918
-1087
-1847
-2387
-2036
-558
1684
3694
4614
4279
2876
855
-1141
-2294
-1992
-413
1475
1891
409
-2518
-4688
-4951
-3335
-935
797
1748
1879
1979
2189
2133
1712
824
201
54
581
1184
913
152
-890
-1056
-687
-375
-696
-1431
-1350
-477
1400
2592
2334
232
-2466
-3798
-3248
-1410
-41
-115
-1028
-1712
-1412
-866
-902
-1496
-2029
-1404
5
1791
2799
2442
1613
863
1021
1346
1342
742
56
-295
-146
-124
-357
-848
-974
-153
808
1760
1687
1097
340
-6
429
976
1181
817
378
252
455
780
524
-238
-1050
-1768
-1932
-1326
-490
130
-94
-345
-505
-672
-960
-1261
-1147
-703
591
1518
1647
832
-444
-1120
-1002
-90
529
377
-199
-695
-316
368
915
974
852
1152
1925
2979
3510
3355
2627
1698
971
476
-58
-834
-1482
-1693
-1435
-714
-22
698
1256
1509
1516
1159
470
-116
-280
29
621
1208
1255
647
-362
-1726
-2358
-2212
-1541
-723
-263
103
319
256
336
497
601
321
-335
-1076
-1463
-1214
-512
88
35
-660
-1561
-2571
-3279
-3741
-3773
-2795
-1604
-781
-475
-525
-745
-1250
-1757
-1928
-1677
-764
235
1068
865
-561
-2703
-4286
-3887
-1903
587
2188
2525
1691
713
32
-419
-911
-2052
-3564
-4995
-5719
-5885
-6151
-6849
-7810
-8344
-7928
-6665
-5328
-4303
-3624
-2737
-1266
792
3109
5193
6674
7476
7979
8449
9069
9670
9977
9999
9611
8922
7993
6940
6036
5432
5272
5366
5483
5556
5594
5719
6051
6703
7113
7128
6761
6095
5702
5370
5142
4580
3811
2854
1796
810
-179
-1186
-1824
-2267
-2616
-2625
-2519
-2492
-2682
-3189
-3923
-4606
-5103
-5361
-5460
-5461
-5454
-5651
-5880
-5708
-5323
-4867
-4649
-5026
-5548
-5748
-5486
-4882
-4219
-3792
-3979
-4663
-5473
-6208
-6452
-6083
-5409
-4970
-4858
-5235
-5721
-6174
-5811
-5113
-4559
-4462
-4389
-3327
-1757
-158
820
1124
1250
1719
2794
4213
5259
3030
-2585
-11335
-19041
-22647
-20992
-15100
-8936
-5102
-5211
-6908
-8005
-6744
-2831
2392
8231
13504
17663
20331
20396
18239
15005
12360
11712
12712
14164
14370
12448
9011
5498
2757
788
-541
-1563
-1972
-1487
-137
1436
2361
2097
1575
1730
3319
6139
8714
10390
10981
10948
10888
10393
9162
6731
4014
1261
-1095
-2748
-4357
-5779
-7605
-9170
-9879
-9628
-8614
-7496
-6449
-5517
-4639
-3959
-3498
-3024
-2609
-1837
-818
375
1166
769
-1017
-3292
-5234
-6181
-5846
-4841
-3891
-3626
-4387
-5664
-6906
-7674
-7601
-6854
-5710
-4824
-4663
-5222
-6093
-6788
-6908
-6433
-5706
-4773
-3792
-2706
-1559
-395
583
816
278
-613
-1138
-883
-18
1137
1630
1567
772
-248
-1153
-2058
-2691
-3128
-2720
-1668
-557
-28
-100
-629
-1181
-1118
-366
874
2150
3082
3916
3794
981
-6109
-16253
-23671
-23506
-15639
-5865
343
473
-4019
-9054
-10416
-6451
791
7890
13288
16981
19538
20331
18470
14355
10214
8940
11558
15798
18192
16383
10811
3988
-897
-2337
-1436
-836
-1658
-3256
-3808
-2956
-1786
-1691
-2755
-3368
-1642
2716
7947
11428
11809
10240
9343
10309
12196
12787
10909
8030
5710
4870
4460
2741
-1704
-7707
-12278
-13032
-10465
-7640
-6816
-8487
-10928
-11864
-10328
-7664
-5483
-4342
-3164
-817
2239
4438
4001
715
-3094
-4829
-3780
-1157
540
-145
-2932
-6075
-7956
-8182
-7672
-7286
-6942
-6462
-5486
-4712
-4631
-5338
-6396
-6746
-5666
-3834
-2108
-1385
-1605
-1970
-1997
-1333
-239
1008
2000
2798
3116
3016
2404
1317
661
849
1724
2667
2571
1348
-671
-2374
-2691
-1975
-950
-473
-643
-1283
-1512
-1062
-131
949
1782
2496
3116
3417
725
-6951
-17936
-25356
-22872
-12681
-1958
2971
755
-6019
-12437
-13403
-7570
1833
10027
15162
18135
19481
18988
15928
11498
9006
10819
16219
21205
21648
16590
8295
748
-2867
-2262
-140
387
-1519
-3932
-4888
-4472
-4499
-5930
-7772
-7414
-3197
3622
9933
12548
10798
7728
6808
9433
13354
15313
14142
11223
8621
7076
5698
2945
-861
-4700
-6489
-6273
-6404
-7999
-11372
-14047
-14904
-13540
-11338
-10047
-9830
-9474
-7425
-3845
-228
1815
1481
322
-296
453
1858
2547
2369
1514
135
-1410
-3200
-5030
-6231
-6690
-5949
-4414
-3537
-3881
-5226
-6445
-6536
-5225
-3411
-1839
-1280
-1551
-1740
-1685
-1513
-1190
-710
291
1657
2870
3519
3367
2440
1041
-145
-135
829
1827
2430
2383
1401
143
-952
-1689
-1794
-2033
-2224
-2112
-1779
-1014
-406
-21
454
1020
1917
2493
3233
2064
-4124
-14802
-24675
-24902
-15344
-3145
3567
1860
-5769
-13970
-16248
-9904
1463
11449
15809
16513
16054
15948
15546
13622
11669
11813
15087
20095
22783
20484
13050
3400
-3837
-5609
-2635
1225
2459
164
-4222
-8346
-11078
-11692
-10304
-7257
-2751
2194
6465
8470
7291
4597
3219
5536
10894
16107
18364
16550
11903
6555
2657
1105
1029
903
-129
-1787
-3630
-6426
-10080
-14236
-16806
-16555
-13829
-10027
-7528
-7259
-8824
-9873
-8441
-4393
574
4033
4931
3775
2103
1423
1934
3067
3743
3187
1675
-71
-1612
-3019
-4291
-5279
-5642
-5196
-4359
-3732
-4106
-5237
-6282
-6333
-4934
-2780
-700
376
70
-800
-1511
-1150
212
2038
3754
4958
4858
3560
1739
423
527
1537
2908
3317
2472
878
-574
-1024
-953
-668
-565
-546
-351
2
206
252
273
738
1479
2589
3015
-1318
-11108
-22640
-26460
-18843
-6347
2215
2100
-4789
-13384
-17263
-12786
-2690
7072
11870
13163
14023
15037
15099
12575
9560
9265
13143
19565
24003
22604
15221
5203
-1972
-3231
234
4000
4438
1277
-3459
-7240
-9826
-11691
-12795
-12240
-8290
-1671
4798
7525
4877
-570
-3615
-575
7773
16229
20090
18251
13269
8547
5985
5445
5243
4372
2960
2022
1581
-282
-4674
-10840
-15846
-17290
-14915
-11287
-9486
-10800
-13912
-15728
-14319
-10102
-5559
-2704
-1597
-1062
118
1656
2895
3633
4036
4557
5173
5823
5462
3609
868
-1399
-2061
-1262
-355
-386
-1811
-4036
-5956
-6765
-6552
-5766
-4646
-3500
-2715
-2529
-2894
-3317
-3141
-2004
26
2545
4508
5166
4310
2965
2222
2495
3420
4006
3832
2801
1794
769
424
319
-86
-407
-620
-604
-322
-479
-1081
-1558
-1771
-1163
-236
915
1876
2995
248
-7779
-19369
-26237
-21454
-9189
1367
3060
-3215
-11904
-16847
-14658
-6503
3106
9297
11233
12066
13218
14043
11917
8678
8296
12545
19203
24123
23713
17541
8353
1680
384
3187
6169
6546
4016
-198
-4226
-7482
-11023
-14811
-16869
-13859
-6210
1015
3345
-515
-7556
-11937
-9007
943
11848
17869
17758
14158
10542
8419
7827
7764
7849
8371
9822
11036
9414
3590
-4629
-11648
-14231
-12378
-8699
-6985
-8952
-13347
-17165
-17928
-16222
-13549
-11077
-8913
-6433
-3921
-2211
-1844
-1930
-1287
1058
4709
8008
9422
8251
5653
3455
2818
3374
4101
3987
2989
1630
-122
-2229
-4369
-6150
-6721
-5830
-3950
-2704
-3194
-4955
-6835
-7546
-6462
-4010
-1299
872
2022
2085
1567
979
891
1876
3865
6024
7275
7138
5721
3893
2205
1106
982
1086
1434
1152
359
-596
-1513
-1454
-414
1158
2405
2608
-1382
-10253
-21209
-25494
-19260
-7890
-715
-1095
-6082
-12268
-16086
-15329
-9269
-1177
4243
6902
8908
11028
11465
9572
7617
7755
11052
16473
22142
24348
21059
14104
7983
5953
7667
9986
10931
9676
7197
4499
1819
-1733
-6626
-11080
-12142
-8903
-4064
-1594
-3542
-9009
-14332
-15794
-12349
-6153
-716
2423
3521
3468
2840
2293
2066
2567
3931
6524
9870
12386
11809
8209
3192
-457
-1511
-483
721
477
-1531
-4308
-6336
-7253
-7731
-8652
-9908
-10501
-9784
-8497
-7580
-7452
-7885
-8170
-8035
-7407
-6419
-5451
-4443
-3430
-2310
-1546
-1290
-1378
-1229
-446
899
2126
2714
2598
2422
2453
2834
2984
2666
1627
1078
1149
1667
2765
3083
2185
530
-457
-901
-570
183
116
-580
-1420
-1966
-1957
-1314
-918
-1200
-1638
-1722
-1008
-46
719
898
407
-69
-125
549
1612
2713
3390
4290
4184
19
-7889
-14778
-13330
-6182
-1978
-6544
-12893
-12755
-6323
-2517
-6300
-13462
-17948
-16886
-12162
-4804
717
1489
-2453
-5540
-5526
-3715
-787
2956
6893
8600
7985
7442
9700
13073
14170
12356
9770
9107
11729
16437
19975
19941
15930
11261
8888
9594
11735
13132
12715
10728
8419
6616
5698
4698
2973
611
-1622
-2807
-2718
-2074
-1942
-3603
-7065
-10609
-12425
-11993
-10184
-8744
-8777
-10179
-11910
-12916
-12698
-11868
-11123
-10609
-9917
-8866
-7604
-6192
-4864
-4145
-4042
-3776
-2501
-188
2219
3533
3674
3223
2872
2929
3566
4467
5178
5351
5221
5175
5083
4501
3339
2130
1210
982
1245
1664
1471
555
-830
-1995
-2697
-2985
-2933
-2831
-2993
-3514
-3884
-3736
-3299
-3127
-3288
-3352
-2941
-1965
-655
585
1186
997
419
303
1122
2327
3394
3902
4232
4449
5025
5802
6130
2614
-5516
-14054
-15130
-7522
-1145
-3935
-13176
-16980
-12754
-7554
-9258
-15250
-18715
-17866
-14051
-9334
-4653
-2711
-4409
-7410
-8019
-5969
-2747
1814
6566
9360
8441
6699
7863
11854
14742
14007
11825
11123
13543
17528
20604
20597
17295
13067
10697
11151
12922
14175
13798
12077
9808
7582
5904
4445
2947
1283
-302
-1613
-2256
-2142
-2204
-3534
-6546
-10011
-12078
-12065
-10588
-9208
-8888
-9908
-11529
-12855
-13297
-12786
-12062
-11177
-10360
-9174
-7681
-6304
-5422
-4995
-5029
-4937
-3709
-1183
1972
4369
5010
4488
3798
3590
3924
4966
5964
6701
6903
6675
6465
5966
4871
3353
2100
1643
1920
2342
2310
1519
-63
-1901
-3306
-3921
-3589
-3047
-2771
-3103
-3723
-4443
-4859
-5158
-5352
-5135
-4355
-3043
-1635
-569
17
145
42
390
1174
2117
2755
3447
4124
4893
5182
5348
5363
5593
3964
-1958
-9826
-13748
-9129
-2179
-1827
-10122
-16826
-15161
-9052
-7896
-13130
-18110
-18142
-14901
-10911
-7140
-4609
-4981
-7657
-9363
-7835
-4128
53
4780
7913
8093
5877
5715
9098
13562
14910
13379
12154
13325
16523
19520
20393
18585
15350
12912
12767
14188
15384
15256
13749
11336
9060
7146
6022
5029
3809
2072
164
-1401
-1824
-1666
-2169
-4289
-7564
-10258
-11138
-10389
-9092
-8374
-8910
-10445
-12093
-13064
-12847
-11998
-11213
-10555
-10067
-9612
-8736
-7573
-6554
-5898
-5923
-5512
-4028
-1414
1088
2629
2863
2447
2115
2459
3770
5483
6781
7286
7196
6951
6618
6044
5288
4639
4128
4067
4084
3976
3385
2113
447
-1077
-2104
-2464
-2160
-1940
-2259
-3203
-4211
-4839
-5091
-5138
-4817
-4233
-3479
-2789
-2281
-2018
-1932
-1857
-1558
-900
192
1285
2119
2583
2986
3270
3768
4345
4847
3486
-2120
-9378
-13144
-8788
-2220
-1574
-9275
-15782
-13949
-7899
-6487
-11986
-17175
-17408
-14132
-10903
-7517
-4654
-4058
-6612
-9047
-8442
-4796
-467
3888
7118
7537
5541
4665
7680
12261
14423
13000
11658
12776
15997
18970
19927
18751
16105
13688
13047
14155
15690
15940
14658
12335
9960
7881
6515
5818
5147
3853
1781
-224
-1140
-1166
-1572
-3197
-5907
-8446
-9796
-9660
-8675
-7704
-7913
-9392
-11426
-12852
-13110
-12290
-11094
-10122
-9771
-10023
-10154
-9462
-8130
-7035
-6699
-6396
-5340
-3254
-866
965
1674
1386
992
1347
2924
5055
6716
7298
7032
6397
5838
5509
5756
6093
6052
5478
4927
4622
4383
3703
2458
1020
-225
-911
-1044
-1013
-1613
-2931
-4379
-5300
-5545
-5481
-5397
-5169
-4898
-4566
-4059
-3375
-2734
-2445
-2245
-1765
-784
107
703
1164
1564
2219
2803
3561
4256
4506
1815
-4244
-10557
-11277
-5399
-382
-3217
-12199
-16317
-11967
-5710
-6360
-12611
-16764
-15510
-12283
-9732
-7006
-4275
-3733
-6047
-7962
-6996
-3262
808
4771
7423
7463
5675
5355
8637
12637
13933
12258
11019
12409
15609
18283
19028
18076
15817
13458
12358
12855
14350
15241
14571
12435
9781
7574
6240
5892
5836
5085
3148
866
-274
-280
-315
-1662
-4081
-6462
-7924
-8301
-7729
-6717
-6492
-7572
-9734
-11723
-12444
-11870
-10602
-9748
-9788
-10543
-10992
-10346
-9032
-7758
-7245
-7028
-6636
-5650
-4073
-2194
-477
492
688
615
999
2155
3819
5221
5925
5781
5125
4892
5259
5754
5822
5199
4391
3907
3816
3872
3623
2803
1579
463
-204
-487
-625
-962
-1523
-2458
-3453
-4109
-4411
-4263
-4163
-4015
-3801
-3498
-3061
-2812
-2582
-2367
-1917
-1623
-1172
-659
14
801
1593
2294
1914
-1598
-7666
-12409
-10690
-3618
464
-3946
-12590
-14655
-8858
-2854
-4222
-10350
-13520
-11524
-8087
-6016
-4197
-2401
-1966
-4054
-5915
-4962
-1549
2299
5571
7452
6823
5192
5240
8248
12262
13489
11784
10319
11374
14660
17226
17643
16427
14482
12606
11511
11939
13617
14945
14568
12619
10356
8645
7696
7401
7047
6028
3911
1427
182
624
1306
595
-1609
-4335
-6403
-7136
-6699
-5686
-5430
-6808
-9428
-11771
-12424
-11551
-10376
-10248
-11280
-12547
-12671
-11316
-9552
-8574
-8763
-9380
-9138
-7750
-5611
-3318
-1505
-743
-910
-1147
-666
843
2664
3979
4459
4467
4638
5299
6252
6777
6424
5585
4920
4921
5297
5518
5080
3900
2433
1251
872
836
555
-263
-1252
-2303
-3182
-3798
-4234
-4411
-4650
-5124
-5271
-4736
-3934
-3464
-3299
-3541
-3741
-3652
-3198
-2510
-1308
16
983
1425
-1060
-6274
-10698
-9441
-2485
2218
-1337
-10393
-13573
-7337
633
641
-6355
-11623
-10916
-7112
-5095
-3567
-1184
598
-843
-4362
-5697
-3184
1256
5066
6746
5974
4271
3750
6731
11313
13923
12435
9289
8269
10640
14270
16462
16720
15690
14050
11950
10626
11078
13047
14457
13573
10895
8231
6766
6844
7452
7452
5827
2603
-300
-1099
225
1527
1114
-1338
-4329
-6640
-7649
-7383
-6463
-6382
-7861
-10351
-12006
-11834
-10328
-9103
-9381
-10605
-11701
-11370
-9636
-7524
-6373
-6361
-6869
-6837
-6085
-4741
-3262
-2073
-1527
-1473
-1929
-4402
-5216
-1886
3563
8696
11459
9921
5713
3588
5680
10967
15326
14994
10895
5419
1739
211
392
932
422
-553
-1663
-3462
-5582
-8341
-10581
-10000
-7860
-4732
-3269
-4047
-5840
-7390
-6969
-4521
-1472
1155
2122
2049
1897
1968
1254
-4552
-13553
-19687
-14609
-1346
8004
4883
-7232
-18712
-22599
-18848
-9766
2179
9021
5588
-6530
-15200
-12566
-1961
7122
10100
9543
9011
9183
9329
9191
8527
9136
11944
17622
22355
22527
16736
8665
4138
6360
13132
18932
18688
12167
3670
-2021
-2626
-221
2575
3011
805
-3215
-6688
-8704
-9800
-10989
-11491
-9842
-6546
-4194
-5507
-9799
-14094
-14343
-9436
-2106
2460
1474
-4066
-8587
-7883
-1739
5303
8916
7914
4688
2564
2988
5084
6821
7130
6427
5722
5270
4621
2746
1
-2449
-2491
-402
1821
1105
-2898
-7491
-9196
-6890
-2954
-464
-1120
-3932
-6617
-7058
-5051
-2023
-228
-164
-1264
-1993
-1951
-1457
-838
-51
1208
2391
2940
2327
969
29
345
1626
2874
2791
1579
-201
-1317
-1433
-637
290
793
852
509
221
-2567
-8919
-17316
-20627
-14211
-2577
3532
-2202
-14739
-24184
-23551
-14706
-3762
3736
4179
-2142
-9945
-12212
-6172
3330
10519
13016
12672
11553
10233
9125
9175
12026
17236
22486
24531
21627
15283
9234
7052
9768
14944
18495
16943
10122
1565
-3730
-3656
-476
2020
1370
-1854
-6213
-10373
-13144
-13833
-12489
-10047
-7978
-7343
-8607
-11413
-14232
-14675
-11237
-4891
511
1408
-2044
-6018
-6127
-1403
5467
10320
11336
8718
5297
4054
5986
9466
11656
11018
8342
5468
3291
1869
1091
684
608
4
-1744
-4333
-6993
-8513
-8491
-6979
-5125
-4302
-5424
-7740
-9469
-9150
-6782
-3638
-1637
-1524
-2907
-4184
-4124
-2407
167
2439
3480
3021
1959
1094
1472
2504
3677
4238
4179
3336
2078
547
-411
-503
290
1354
1773
1261
119
-914
-4083
-9924
-16997
-19122
-12925
-2669
2029
-3585
-15329
-24381
-23647
-14411
-2858
4567
4073
-3483
-11996
-14185
-7173
4400
13247
15225
12074
7591
5623
6913
10707
15773
20373
22713
21714
17901
13298
10602
10930
13800
17155
18436
15800
9527
2375
-1708
-1045
2526
5019
3703
-1256
-7290
-11673
-12809
-11007
-8266
-6581
-7286
-9970
-12968
-14459
-13765
-11186
-7978
-5547
-4617
-5341
-6503
-6339
-3963
-11
3999
6366
6735
5807
4860
5324
7407
10011
11440
10701
8131
5280
3416
2967
3560
4199
3766
1676
-1520
-4244
-5382
-4920
-3899
-3412
-4038
-5574
-7354
-8467
-8339
-7204
-5824
-5024
-5021
-5532
-5969
-5994
-5071
-3317
-1393
83
581
357
154
367
1173
2418
3675
4294
4004
2961
1805
944
745
978
1517
1922
2032
1643
1243
698
-2786
-9723
-16964
-17902
-10034
548
3366
-4338
-16939
-24722
-22502
-12392
-1035
5634
3789
-5661
-15286
-17068
-7779
5772
14619
14504
8389
2182
766
4711
11571
18109
21493
20418
16464
12408
11182
13131
15962
17641
17553
16124
13526
9713
5764
3797
4394
6099
6355
3964
-422
-4701
-7573
-8396
-7311
-5548
-4711
-6281
-9961
-13531
-14664
-12927
-10016
-7990
-7621
-8428
-9716
-10258
-8999
-5947
-2082
624
1363
1090
1115
2094
3887
5963
7645
8500
8051
6632
5168
4567
4970
5747
6021
5361
3697
1444
-424
-1161
-716
90
42
-1320
-3503
-5435
-6353
-6261
-5564
-5007
-5093
-5910
-6911
-7402
-6920
-5785
-4658
-3853
-3387
-3077
-2786
-2470
-1885
-881
260
1256
1784
1913
1681
1443
1210
1314
1708
2071
2046
1760
1363
1531
1868
2710
1288
-4468
-12642
-17622
-13668
-3200
4571
2391
-7991
-19350
-23341
-18287
-7430
3010
7398
2267
-8922
-17850
-16461
-4839
8642
15656
13538
5906
-1050
-2357
2639
11675
19784
22604
19289
12826
8206
8783
13240
17708
19335
17864
14679
11232
8629
7675
8155
8720
7885
5563
2905
1306
543
-628
-2546
-4607
-5811
-5884
-5589
-5994
-7328
-9354
-11417
-12295
-11489
-9160
-6896
-6346
-7582
-8981
-8870
-6839
-4039
-1750
-300
202
23
-46
605
2130
3829
4681
4391
3693
3318
3422
3655
3638
3236
2655
1973
1492
1333
1148
729
-509
-2064
-3181
-3597
-3256
-2951
-3485
-4863
-6430
-7257
-7040
-5932
-4656
-4018
-4399
-5381
-5956
-5387
-3846
-2122
-837
-468
-745
-1166
-1158
-437
715
1567
1676
1258
892
1017
1498
1869
1898
1570
1205
1170
1697
2620
3646
3105
-313
-5844
-9907
-8615
-2160
4166
5053
-138
-7722
-12413
-11667
-6138
869
5490
4341
-1712
-8476
-10201
-5201
3000
8599
8448
3792
-1291
-2736
415
6549
11943
13447
10189
5019
1991
4024
9750
15031
16395
13058
7708
3894
3954
7375
11790
13805
11657
6287
843
-1174
916
4642
6612
5017
672
-3914
-6403
-6086
-3696
-1357
-1055
-3160
-6216
-8075
-7740
-5924
-4147
-3573
-4262
-5346
-5989
-5649
-4412
-2880
-1835
-1822
-2414
-2812
-2430
-1555
-830
-578
-908
-1319
-1584
-1651
-1518
-1287
-1243
-1444
-1834
-2128
-2092
-1849
-1939
-2338
-2772
-2925
-2714
-2426
-2203
-2140
-2119
-2141
-2169
-2054
-1662
-1311
-1259
-1497
-1637
-1414
-1031
-708
-460
-325
-294
-320
-177
228
724
1029
762
280
-38
134
820
1523
1786
1686
1304
909
823
1200
1917
2691
2989
2597
1673
371
-612
-780
251
1874
3002
2727
1125
-710
-1696
-1425
-114
1468
2422
2141
693
-940
-1731
-1128
336
1618
1936
1273
374
-92
168
1031
2039
2636
2644
2236
1844
2006
2724
3574
3975
3647
2941
2344
2193
2429
2791
2853
2411
1610
732
261
462
1034
1319
958
59
-783
-1154
-998
-626
-409
-460
-773
-1156
-1384
-1311
-1134
-1208
-1521
-1814
-1800
-1583
-1392
-1451
-1698
-2012
-2166
-2000
-1708
-1463
-1399
-1498
-1728
-1995
-2036
-1828
-1503
-1308
-1333
-1459
-1506
-1477
-1423
-1222
-964
-833
-972
-1217
-1296
-1058
-752
-549
-538
-671
-849
-983
-884
-616
-339
-199
-331
-562
-638
-401
-144
-15
-110
-370
-505
-385
-100
167
219
100
-13
-16
234
603
978
1093
859
563
546
746
1102
1400
1569
1525
1304
1058
1011
1211
1433
1596
1561
1319
954
503
163
220
587
925
968
625
145
-132
-188
-38
209
366
240
-95
-399
-494
-361
-306
-340
-360
-283
15
286
403
343
200
171
194
261
405
559
688
789
810
742
664
600
632
766
911
888
721
438
247
340
501
704
721
477
244
124
209
328
341
265
177
130
86
67
24
-38
-116
-255
-425
-439
-350
-300
-459
-730
-896
-942
-805
-719
-719
-755
-860
-1050
-1228
-1250
-1082
-831
-730
-755
-901
-932
-859
-614
-349
-210
-354
-593
-745
-727
-470
-241
-140
-316
-514
-540
-377
-228
-262
-462
-688
-723
-636
-383
-247
-333
-469
-453
-255
20
180
197
152
61
50
186
457
632
533
299
136
194
539
865
943
860
647
478
412
484
623
774
887
860
742
549
440
375
338
376
347
222
127
118
271
558
712
586
285
96
79
229
398
377
218
37
-194
-264
-109
72
202
164
-48
-322
-487
-512
-442
-340
-275
-245
-219
-249
-330
-441
-446
-320
-70
64
-147
-518
-811
-795
-649
-506
-450
-414
-396
-389
-406
-427
-408
-353
-344
-295
-260
-170
29
159
188
187
165
109
220
332
399
357
338
362
435
564
640
626
601
528
401
239
224
367
575
694
544
265
37
52
337
546
579
330
86
34
50
202
297
363
355
240
78
-151
-289
-283
-94
105
213
211
60
-170
-283
-310
-182
-45
-123
-217
-311
-240
-77
20
-56
-304
-515
-589
-499
-349
-207
-167
-301
-426
-548
-592
-496
-327
-192
-151
-57
-65
-130
-294
-354
-280
-93
101
224
234
66
-56
-154
-132
-21
117
173
220
125
-23
-184
-191
-138
-25
141
136
230
61
-206
-214
-149
-15
243
426
195
-32
-108
-223
-198
-4
95
12
-107
-243
-254
-219
-20
132
93
74
14
107
121
92
60
38
-12
-10
71
199
303
364
332
265
253
281
441
455
297
59
-92
-46
254
547
710
582
62
-311
-446
-243
141
361
304
54
-176
-208
2
258
373
175
-81
-320
-362
-219
-159
-67
-88
-240
-433
-532
-503
-426
-350
-331
-400
-452
-416
-288
-104
45
31
-163
-375
-342
-368
-246
-46
-86
-215
-114
11
20
211
474
550
565
471
281
176
9
-94
-118
-11
244
516
670
663
554
364
167
106
169
252
227
139
22
-22
53
178
328
348
161
-226
-524
-645
-475
-168
163
317
161
-150
-437
-597
-564
-502
-440
-310
-192
-176
-183
-196
-215
-154
1
214
261
193
67
-16
71
199
273
225
47
-48
-71
74
218
235
123
-53
-158
-246
-305
-182
-40
30
46
-122
-190
-86
58
182
196
153
6
-172
-158
-27
252
529
606
494
316
69
-107
-150
-63
138
245
184
-59
-270
-363
-220
-32
36
26
-115
-242
-260
-120
9
68
91
53
45
-9
19
47
-12
-20
-50
-123
-156
46
193
242
201
195
257
259
293
293
109
-45
-155
-267
-285
-173
15
199
253
148
-65
-272
-326
-265
-203
-132
-39
-10
16
39
52
138
162
139
105
-30
-207
-299
-311
-200
-2
199
232
57
-109
-230
-228
-150
-8
76
113
175
53
-316
-640
-707
-538
-175
351
623
695
845
942
938
668
253
-250
-655
-699
-577
-320
-253
-448
-606
-530
-90
550
1114
1279
1233
928
512
9
-420
-687
-906
-1144
-1119
-917
-481
193
699
983
855
458
-60
-547
-828
-941
-1026
-1075
-957
-600
-140
273
517
598
360
80
-247
-436
-559
-441
-380
-386
-409
-563
-488
-263
249
621
608
284
-91
-354
-327
-124
68
121
-12
-251
-228
64
493
935
1199
1286
1184
1083
837
462
87
-63
-272
-384
-289
-32
239
553
915
1033
1071
885
495
102
-175
-328
-364
-372
-275
-226
-234
-102
83
303
512
635
481
213
-151
-508
-736
-766
-624
-573
-556
-579
-516
-437
-227
-94
132
274
243
12
-346
-617
-760
-692
-531
-159
243
569
644
97
-459
-926
-1216
-1403
-1220
-984
-788
-219
477
1257
2174
2726
2442
1889
1052
260
-463
-608
-666
-682
-383
-44
425
1079
1820
1970
1711
1239
548
-245
-934
-1433
-1812
-1898
-1698
-1396
-986
-428
172
679
1045
1118
1001
648
205
-219
-581
-657
-684
-631
-445
-235
40
210
333
244
106
-125
-415
-636
-805
-833
-850
-704
-535
-323
-56
266
513
681
644
645
520
273
12
-329
-475
-592
-590
-554
-387
-68
190
366
398
310
142
-62
-281
-495
-508
-479
-292
-102
101
236
258
376
384
499
397
210
-117
-364
-398
-373
-209
19
197
279
245
291
530
644
634
229
-284
-721
-1071
-1189
-1110
-972
-512
145
796
1219
1258
851
330
9
-184
-252
-205
-294
-256
-121
97
548
1076
1443
1390
897
199
-302
-566
-523
-303
27
369
653
915
1009
743
366
11
-370
-846
-1397
-1903
-2140
-2008
-1621
-1094
-543
-44
250
324
32
-455
-1669
-3013
-3386
-3004
-1922
-539
1430
3160
4813
6003
6477
6104
4670
2497
-4
-1941
-3067
-3418
-2935
-1815
-386
1031
2660
3792
4239
4013
2881
889
-1537
-3656
-4965
-5333
-5081
-3977
-2484
-779
1126
3002
4174
4489
4018
2605
762
-707
-1627
-1796
-1490
-1208
-993
-676
2
651
1077
1367
1238
530
-689
-2088
-3125
-3818
-4151
-4167
-3772
-2989
-1892
-704
299
906
1393
1537
1295
828
53
-778
-1349
-1591
-1301
-393
701
1726
2433
2885
3088
2966
2462
1652
606
-613
-1610
-2143
-2161
-1844
-1268
-583
-11
504
999
1355
1296
891
240
-298
-569
-638
-585
-569
-379
-32
633
1481
2251
2872
2882
2540
2079
1735
1301
785
267
-278
-423
-178
369
752
904
861
658
722
878
1009
943
588
169
-160
-301
-228
-224
-393
-321
-74
183
201
339
410
565
882
919
660
273
-43
-370
-686
-839
-645
-478
-292
-200
-192
-210
-353
-451
-915
-1371
-1657
-1594
-1264
-888
-515
-495
-566
-548
-246
310
784
1065
1328
1158
-1012
-5894
-12278
-17370
-19253
-19081
-19393
-20611
-20257
-16328
-9777
-2843
2811
6929
9929
11994
13593
15005
16051
15860
14220
12363
11906
13502
15924
17402
17176
16031
15329
15169
14202
11097
6108
597
-4330
-8192
-11163
-13239
-14556
-15192
-14700
-12698
-9322
-5621
-2967
-1796
-1227
-226
1223
1793
819
-951
-1962
-1313
753
3319
5634
7545
8992
10445
11837
12590
11738
8714
4329
151
-2772
-4802
-7023
-9481
-11425
-11588
-9871
-7324
-4968
-3648
-3040
-2794
-2431
-1901
-1565
-1861
-2854
-3614
-3273
-1723
365
1837
2262
2508
3210
4213
4777
4310
2728
785
-645
-1698
-2455
-3063
-3886
-4954
-5431
-4900
-3870
-3083
-2586
-2212
-1709
-767
296
1008
1156
1356
1827
3005
3046
-1168
-9076
-16817
-19718
-17998
-17369
-20832
-24600
-22513
-14778
-6069
726
5298
9614
13756
16797
19518
21586
21661
18561
14164
11317
11196
13167
14098
12562
10109
9249
11376
13962
13229
8127
1304
-3567
-6363
-9109
-13316
-18052
-20940
-21241
-18546
-13347
-6886
-955
2685
5164
8780
14056
18195
18010
14330
10240
8518
8800
8530
6611
3650
1659
1694
3125
4548
4131
1738
-1954
-5639
-8174
-10063
-12496
-16600
-20880
-22601
-20603
-16004
-11460
-7981
-4736
-551
4711
9508
12472
13034
11592
9313
7077
5529
4189
2150
-763
-3362
-3764
-1926
341
1237
646
-16
27
479
186
-1486
-4024
-6432
-7806
-7877
-6924
-5783
-4939
-4113
-2603
-32
2706
4271
4124
3279
3177
3972
4807
4603
3564
2568
2292
2655
2912
2757
2081
1376
902
896
1106
1520
410
-4425
-12187
-19040
-21094
-19543
-19765
-23622
-26449
-22796
-13828
-4499
2413
7265
12188
17136
21282
24390
25361
23545
19328
14562
11106
9626
9164
7545
4449
1656
1381
3985
6304
5084
275
-4889
-7465
-8499
-10661
-14955
-19250
-20752
-18841
-14283
-8283
-1795
3915
8354
12858
18251
23214
25141
22769
17850
13130
10281
8086
4548
-593
-5589
-7971
-7457
-5695
-4659
-5152
-6351
-7420
-7730
-7479
-7984
-10254
-13902
-16651
-16401
-13075
-8581
-5242
-3105
-365
4255
9781
13724
14699
13259
11040
8941
6817
4493
1507
-1997
-5267
-6795
-6003
-4041
-2777
-3012
-3613
-3163
-1578
-395
-927
-2910
-4652
-4872
-3814
-2474
-1536
-966
-178
1371
3564
5742
6841
6414
4998
3798
3504
3431
2563
470
-1657
-2412
-1609
-370
-67
-592
-1227
-1212
-684
-123
-66
-473
-917
-795
-108
1213
1890
-1283
-8711
-17079
-20798
-19173
-17853
-21020
-25125
-23787
-15721
-5477
2883
8452
13056
17489
21498
24841
26161
24444
19966
14197
9410
6835
6075
4853
2016
-1263
-2400
-32
3317
3907
668
-4071
-6693
-7091
-7851
-10580
-14138
-15979
-14870
-10878
-4807
1939
7673
11484
14709
18506
22378
24133
21859
16331
10165
5740
3009
-47
-4635
-9633
-12623
-12396
-10019
-7503
-6279
-6359
-6884
-6743
-5672
-4735
-5127
-7313
-9769
-10247
-7686
-3272
536
2736
4377
7166
10928
13753
13918
11019
6382
1537
-2597
-5799
-8564
-11312
-13675
-14246
-11757
-6962
-1960
1232
2610
3728
5363
6835
6721
4507
1137
-1646
-2807
-2620
-1941
-1444
-1084
-314
1227
3276
4878
5008
3600
1597
432
436
825
564
-620
-1644
-1516
-217
1069
1289
316
-952
-1601
-1571
-1160
-1070
-1363
-1532
-933
515
2314
3508
3989
4054
4589
4652
1262
-6392
-15296
-20193
-20356
-20514
-23676
-26611
-24379
-16473
-6644
2118
9156
15259
20088
23375
25458
25876
23969
19434
13288
7678
4297
3150
2149
-88
-2709
-3274
-818
2449
3369
872
-3059
-5665
-6878
-8341
-10867
-13393
-14411
-13369
-9889
-4040
3087
9441
13624
16503
19544
22706
23781
21025
15063
8316
3087
-519
-3935
-8064
-12097
-14326
-13946
-11459
-8287
-5882
-4747
-4637
-4644
-4023
-3104
-3046
-4761
-7082
-7736
-5432
-1347
2412
4733
6355
8458
11072
12917
12671
9951
5561
445
-4369
-8282
-11444
-14219
-16599
-17341
-15348
-10842
-5687
-1477
1571
4224
6859
8991
9741
8703
6394
3906
2103
1039
393
-267
-1046
-1614
-1473
-478
762
1415
906
-273
-997
-697
186
835
972
1030
1414
2170
2854
2928
2188
870
-378
-1136
-1452
-1718
-2145
-2304
-1616
-60
1925
3600
4475
4733
4711
4769
4835
4659
2479
-3550
-12596
-20337
-22908
-21993
-22534
-25530
-26563
-21612
-11845
-1399
7048
13253
17971
21476
24089
25639
25203
21989
16338
10072
5421
3550
3196
2060
-472
-2753
-2531
93
2517
2025
-1524
-5593
-8069
-9225
-10385
-12082
-13476
-13547
-11483
-6827
20
7323
12742
15719
17632
19925
22049
21863
18125
11855
5537
944
-2082
-4900
-8332
-11572
-13257
-12717
-10336
-7486
-5516
-4994
-5590
-6090
-5515
-4384
-4048
-5161
-6596
-6304
-3480
859
4745
7060
8288
9452
10912
11804
11062
8425
4099
-878
-5345
-8440
-10468
-12507
-14733
-15933
-14650
-10911
-6400
-2712
-302
1526
3593
5944
7843
8449
7660
6097
4690
4059
4067
3863
2695
762
-882
-1366
-964
-806
-1550
-2821
-3496
-2808
-1146
485
1470
1854
2109
2634
3279
3608
3079
1516
-511
-2026
-2270
-1830
-1587
-1800
-1889
-997
901
2975
4351
4743
4505
4137
3880
3702
3414
2692
-246
-6821
-15703
-22211
-23440
-22019
-22592
-25339
-25516
-19908
-10185
-257
7576
13363
17656
20844
23212
24708
24546
21887
16896
11061
6740
5277
5389
4577
2044
-540
-997
778
2564
1770
-1664
-5728
-8715
-10401
-11627
-12782
-13539
-13349
-11782
-8159
-2135
4911
10587
13757
15473
17422
19584
20355
18253
13571
8118
3600
580
-1770
-4242
-6755
-8725
-9495
-8872
-7286
-5761
-5295
-6284
-7819
-8528
-8135
-7425
-7473
-8117
-8144
-6445
-2894
1307
4832
7267
8889
10009
10732
10928
10214
8065
4397
88
-3479
-5620
-6990
-8515
-10298
-11306
-10796
-8854
-6308
-4140
-2766
-1857
-818
632
2304
3779
4472
4256
3741
3763
4571
5398
5307
4025
2389
1190
715
504
-32
-908
-1760
-2139
-1839
-913
181
885
892
518
393
697
927
526
-519
-1699
-2367
-2295
-1799
-1215
-821
-537
-154
630
1762
2855
3500
3574
3303
3230
3534
4162
3716
11
-7451
-15714
-20284
-20540
-20051
-21959
-24525
-23925
-18783
-10890
-2631
4777
10477
14218
16608
18709
20768
21780
20512
16639
11728
8450
8203
9505
9789
8215
6295
5848
6918
7829
7140
4572
654
-3744
-7830
-10857
-12662
-13660
-14513
-15291
-14596
-11115
-5520
-1
3765
6125
8287
10705
12657
13313
12494
10508
8042
5743
4170
3455
3176
2727
1758
743
375
640
707
-291
-2419
-5035
-7442
-9352
-10758
-11831
-12564
-12773
-12294
-10946
-8616
-5583
-2524
-169
1333
2461
3619
4593
4710
3927
2765
1729
1011
661
695
909
1022
1001
989
1093
1280
1225
560
-721
-1977
-2737
-3011
-3122
-3266
-3244
-2943
-2275
-1401
-422
553
1303
1599
1533
1397
1461
1736
1898
1807
1617
1728
2200
2677
2916
2787
2392
1799
1017
169
-674
-1514
-2410
-3296
-3936
-4117
-3862
-3354
-2802
-2211
-1519
-714
100
765
1218
1532
1894
2307
2878
3044
1618
-1921
-6226
-8961
-9544
-9612
-10733
-12231
-12581
-11128
-8409
-5095
-1559
1545
3622
4586
5164
6039
7246
8188
8173
7289
6565
7014
8582
10379
11691
12373
12625
12522
12045
11302
10254
8690
6273
3199
106
-2176
-3321
-3762
-4150
-4718
-5029
-4818
-4063
-2881
-1586
-494
26
-135
-544
-698
-527
-292
-409
-878
-1326
-1325
-788
118
826
1061
926
466
10
-330
-561
-911
-1660
-2601
-3376
-3683
-3557
-3243
-2940
-2794
-2763
-2734
-2712
-2583
-2358
-2175
-2188
-2420
-2604
-2515
-2195
-1837
-1586
-1440
-1258
-1083
-965
-847
-705
-575
-537
-635
-855
-984
-906
-717
-560
-583
-628
-654
-574
-312
86
449
550
458
345
424
802
1179
1356
1280
1053
993
1238
1573
1729
1572
1163
727
464
376
407
421
313
124
8
71
362
610
694
730
708
682
687
716
781
852
856
717
547
447
478
567
462
208
-92
-260
-367
-417
-425
-491
-537
-598
-659
-585
-434
-240
-131
-126
-101
47
265
422
462
365
260
203
176
209
187
43
-181
-423
-563
-682
-774
-892
-1006
-982
-891
-717
-474
-318
-235
-130
38
355
655
903
982
1038
1197
1422
1617
1746
1758
1704
1668
1609
1616
1597
1454
1304
1094
863
700
585
570
581
535
412
295
200
175
133
63
-17
-72
-118
-154
-200
-159
-15
177
356
422
373
334
346
276
78
-150
-424
-676
-834
-930
-967
-1090
-1291
-1518
-1647
-1593
-1437
-1372
-1457
-1590
-1603
-1407
-1099
-886
-889
-991
-1082
-966
-696
-379
-256
-317
-430
-576
-622
-525
-364
-327
-378
-474
-483
-444
-488
-569
-606
-514
-402
-315
-221
-148
-20
147
349
539
745
905
963
1089
1194
1300
1239
1046
863
633
382
138
-83
-191
-145
-29
110
200
146
109
173
303
432
421
311
199
151
103
204
285
355
380
424
605
888
1110
1091
847
417
24
-252
-454
-641
-813
-1094
-1223
-1197
-1187
-1090
-970
-788
-588
-344
-106
89
133
105
152
283
434
407
315
174
231
396
596
738
740
688
526
382
266
206
40
-269
-614
-858
-940
-942
-1020
-1066
-1051
-854
-476
-139
169
303
436
555
694
913
1026
977
874
693
600
664
722
670
393
86
-114
-173
-138
-189
-311
-435
-441
-370
-321
-330
-285
-160
5
248
460
587
652
611
619
743
843
949
876
625
382
219
110
-1
-105
-221
-290
-332
-331
-352
-418
-488
-554
-605
-584
-458
-308
-253
-283
-276
-145
38
104
168
215
195
194
105
57
49
47
24
-141
-294
-392
-403
-398
-414
-378
-346
-303
-312
-483
-620
-645
-561
-445
-378
-299
-215
-152
-58
80
219
387
438
332
138
-21
-134
-204
-277
-381
-418
-419
-386
-318
-152
-20
76
144
156
125
81
7
-79
-116
-55
65
219
338
409
462
465
509
496
492
467
330
249
152
89
-1
-94
-137
-155
-170
-158
-128
-76
-25
1
-4
-37
-7
103
293
397
408
327
299
346
336
339
340
277
189
160
204
233
182
41
-98
-141
-144
-73
2
-29
-96
-162
-194
-296
-452
-541
-536
-474
-392
-288
-252
-164
-107
-41
128
315
509
488
273
111
5
-42
-111
-192
-253
-269
-216
-85
54
104
175
244
313
313
319
342
399
357
237
102
12
-36
-133
-195
-228
-204
-57
60
126
69
4
-16
-92
-127
-191
-312
-408
-462
-498
-519
-429
-256
20
172
239
293
364
449
464
427
323
184
69
-14
-80
-172
-168
-177
-288
-326
-353
-355
-404
-522
-689
-736
-693
-607
-483
-436
-408
-341
-244
-148
6
175
302
438
511
625
711
670
498
309
249
302
386
420
367
262
117
28
6
-36
-20
-134
-211
-313
-383
-350
-238
-27
215
363
414
454
485
513
477
441
346
276
121
-14
-163
-206
-226
-189
-122
-18
100
45
-59
-175
-192
-198
-225
-339
-374
-383
-381
-372
-386
-340
-177
49
268
466
599
691
742
683
648
552
425
309
199
163
45
-121
-290
-404
-362
-261
-219
-208
-338
-506
-722
-812
-699
-473
-271
-121
-119
-22
182
360
512
450
353
310
319
288
306
254
60
-165
-327
-318
-205
-160
-246
-355
-386
-359
-240
-188
-305
-448
-529
-476
-319
-206
-77
22
91
187
374
523
626
611
489
385
340
267
115
-81
-211
-231
-179
-38
-8
-38
-202
-265
-296
-355
-329
-263
-196
-142
-73
4
145
383
560
656
606
552
491
418
487
443
396
271
108
-59
-145
-221
-326
-490
-685
-719
-648
-516
-449
-404
-385
-276
-133
-30
53
134
272
367
390
360
290
350
449
574
619
526
316
66
-95
-102
-46
-51
-111
-269
-534
-731
-797
-775
-679
-607
-686
-713
-580
-309
23
269
472
621
774
888
1024
1012
904
721
540
454
443
456
373
260
89
9
53
99
190
190
135
-10
-108
-185
-223
-221
-284
-287
-275
-236
-169
-105
-47
-36
-77
-81
-35
-97
-168
-201
-239
-279
-402
-581
-693
-835
-891
-933
-988
-1025
-995
-856
-649
-392
-170
12
41
65
162
232
299
330
257
185
223
363
519
652
573
382
145
3
-129
-254
-276
-409
-442
-350
-175
3
118
220
307
378
538
691
712
654
624
689
791
866
827
720
555
463
422
387
349
194
36
-188
-382
-472
-516
-469
-376
-352
-245
-118
-34
-56
-73
3
130
393
598
698
631
473
332
242
195
200
211
136
60
-108
-128
-166
-319
-560
-748
-752
-661
-605
-665
-796
-878
-828
-617
-318
-7
163
242
290
348
353
264
166
-26
-113
-44
46
46
-97
-236
-296
-273
-183
-115
-21
64
172
166
59
-93
-235
-379
-441
-361
-124
154
276
257
162
104
78
108
122
102
114
67
61
52
89
129
54
-33
-129
-192
-166
-100
-31
-113
-147
-114
-34
164
331
349
318
296
233
289
355
384
394
352
370
383
348
164
-54
-128
-146
-127
-177
-481
-797
-953
-946
-727
-521
-423
-481
-580
-654
-580
-399
-198
28
64
50
90
247
414
452
368
163
36
58
154
225
269
248
185
114
3
-51
-17
-64
-168
-207
-267
-273
-172
-112
-13
139
313
490
571
551
531
553
557
537
442
337
181
60
-9
6
-47
-21
12
18
40
-31
-37
-29
9
44
39
122
174
236
282
306
249
124
-78
-139
-144
-145
-104
-104
-6
102
165
142
126
100
61
62
3
-96
-149
-210
-131
-112
5
134
101
155
153
136
188
318
327
202
98
60
21
-11
7
6
2
8
-124
-299
-527
-697
-879
-1024
-1042
-1025
-857
-683
-612
-573
-570
-561
-628
-695
-710
-666
-397
-213
-22
182
272
321
258
193
242
247
298
283
266
275
246
250
215
217
116
39
-16
-39
102
149
274
389
392
400
383
380
440
472
510
502
418
357
405
487
502
480
436
466
480
514
377
11
-363
-368
-336
-69
154
-15
-323
-453
-352
-76
301
432
367
235
148
261
344
256
8
-276
-395
-268
-50
66
133
35
-159
-344
-529
-639
-856
-1081
-1239
-1341
-1290
-1095
-959
-849
-940
-1214
-1154
-887
-132
787
1474
1629
1419
1113
974
1082
1259
1270
947
611
270
144
302
508
596
401
-37
-398
-449
-233
27
107
45
-261
-523
-669
-593
-394
-258
-90
-107
-154
-225
-202
-23
259
538
785
963
882
760
508
265
190
73
39
21
24
65
48
30
-120
-342
-409
-498
-500
-552
-595
-628
-680
-773
-839
-906
-958
-870
-729
-495
-282
-137
-173
-289
-480
-591
-550
-436
-260
-204
-285
-441
-607
-652
-672
-615
-650
-565
-329
-62
212
366
366
324
334
381
497
586
539
560
601
592
646
655
644
664
714
805
884
868
802
655
530
462
455
454
442
584
659
703
699
575
473
272
130
9
-49
10
162
360
575
694
639
444
190
-14
-211
-265
-289
-237
-213
-228
-203
-126
-15
-1
5
-61
-235
-396
-528
-617
-547
-510
-465
-352
-173
99
263
329
211
1
-201
-294
-168
-92
-54
-58
-77
-95
-121
-137
-104
-193
-349
-453
-405
-329
-264
-328
-364
-262
-145
-21
-14
-23
-24
-2
-14
-48
-32
-63
-85
-37
-34
-43
-71
-116
-258
-345
-519
-633
-680
-691
-601
-538
-457
-440
-447
-356
-289
-189
-102
-100
-133
-202
-233
-213
-76
5
62
73
90
110
111
94
30
-85
-205
-217
-112
4
142
220
230
197
136
169
229
302
366
353
392
512
570
566
555
537
577
567
460
349
335
452
470
407
307
202
136
184
206
212
168
94
-6
-3
20
128
146
40
-62
-159
-128
-87
-11
51
92
84
-14
-84
-44
41
100
178
210
191
220
83
-18
15
91
186
197
86
-42
-67
-67
0
0
-59
-147
-272
-299
-254
-194
-139
-188
-223
-203
-185
-91
-27
4
23
58
83
57
82
98
118
166
220
291
298
143
-117
-299
-387
-271
-71
9
-82
-214
-331
-385
-320
-245
-195
-169
-86
-7
21
-1
-26
1
38
198
319
395
331
115
-44
-168
-245
-212
-171
-100
-48
-11
-4
-156
-377
-621
-726
-662
-451
-297
-277
-390
-503
-572
-550
-402
-191
6
111
164
198
192
184
169
187
264
305
328
346
256
142
71
-3
-17
-45
-54
-5
75
118
32
-98
-169
-114
134
366
551
572
394
146
-16
-87
-112
8
138
246
370
449
527
588
606
504
294
151
-36
-232
-318
-376
-374
-325
-351
-336
-200
-78
31
73
-1
22
145
301
323
349
202
5
-208
-302
-256
-173
-116
-119
-131
-64
43
154
203
263
303
175
68
-46
-55
-30
-98
-277
-346
-302
-130
-10
64
63
23
-45
-73
-31
20
4
-104
-170
-170
-76
-52
-19
-14
4
49
-8
-26
-69
-80
79
189
377
484
440
364
187
57
-163
-250
-256
-191
-100
-93
-26
9
69
91
153
178
124
72
90
65
51
31
-12
-112
-241
-353
-403
-435
-356
-257
-219
-245
-302
-331
-333
-216
-50
96
160
150
108
54
-63
-124
-182
-264
-267
-176
-157
-77
-50
-79
-90
-4
35
59
73
46
53
103
91
-9
13
-28
-10
11
18
-8
31
25
93
218
278
330
287
237
247
316
330
293
240
307
335
364
367
315
287
211
265
427
513
486
303
67
-156
-251
-227
-167
-57
19
76
74
72
71
179
231
107
-69
-270
-367
-376
-278
-175
-141
-84
-72
-59
-57
-15
-21
-127
-250
-278
-248
-268
-357
-456
-509
-494
-461
-415
-405
-398
-275
-87
24
108
116
9
-31
-29
-63
-81
-7
60
91
108
87
44
100
170
257
230
244
306
330
327
217
84
-31
-153
-143
-150
-72
-55
-105
-8
18
2
25
17
2
-57
-21
35
122
171
230
195
59
-48
-176
-220
-216
-213
-229
-172
-139
-56
-83
-106
-142
-138
-87
10
134
209
284
373
400
434
428
433
386
317
238
172
158
6
-33
-92
-132
-127
-254
-323
-376
-469
-496
-481
-399
-179
-17
-3
26
26
69
151
250
239
223
238
145
10
-85
-127
-99
-16
-18
-67
-145
-245
-261
-78
109
340
460
390
279
85
16
79
68
34
60
16
6
63
124
203
292
367
382
373
247
184
59
-163
-304
-350
-284
-203
-56
-7
-102
-140
-217
-346
-395
-408
-282
-110
23
75
0
-58
-60
20
106
191
275
307
260
113
15
-129
-283
-359
-512
-513
-484
-483
-318
-222
-141
-174
-209
-210
-136
-60
-45
-57
-121
-136
-121
-85
-9
104
208
245
261
384
514
608
608
518
389
312
296
276
276
270
265
220
132
-5
-130
-231
-277
-304
-249
-208
-213
-191
-120
-85
-38
47
200
388
449
580
516
343
8
-276
-450
-452
-415
-330
-240
-279
-177
-77
102
231
327
279
122
60
38
7
13
-32
-114
-115
-104
-85
-107
-119
-216
-328
-410
-391
-329
-292
-303
-323
-314
-280
-194
-145
-86
-139
-151
-56
21
77
110
143
94
53
55
92
152
160
115
53
45
111
130
101
-68
-174
-202
-218
47
356
564
590
418
117
-8
88
241
339
476
499
452
441
439
539
628
628
649
512
276
139
4
-105
-146
-140
-124
-22
-14
-126
-258
-340
-378
-260
-5
222
327
246
51
-90
-125
-78
-11
-44
-123
-295
-465
-538
-527
-478
-496
-501
-546
-623
-618
-533
-424
-394
-420
-472
-561
-454
-317
-208
-269
-345
-386
-392
-372
-349
-275
-178
-30
44
21
28
-29
-84
-15
54
207
309
393
421
414
399
441
457
504
574
594
563
446
394
365
336
424
500
578
611
625
641
691
736
591
391
140
-37
-156
-206
-214
-63
24
76
105
20
-11
-95
-135
-159
-217
-243
-311
-410
-436
-336
-285
-257
-199
-125
-93
-67
-159
-306
-406
-426
-409
-408
-288
-327
-342
-327
-379
-395
-363
-301
-325
-256
-224
-134
-85
14
97
171
243
310
329
304
379
405
463
556
561
432
359
294
277
266
205
107
97
104
201
221
209
186
65
-11
-74
-125
-233
-302
-408
-234
-65
13
-48
-158
-191
-220
-324
-323
-438
-274
-981
-3482
-5914
-6400
-2290
4385
8708
7208
1649
-3099
-3686
161
3861
3737
1258
-619
-306
-400
-2457
-5101
-4122
1020
6715
8591
5145
-80
-3025
-1777
902
2123
1407
-14
-392
223
547
-30
-1076
-1591
-1392
-811
-516
-532
-729
-994
-1303
-1473
-1341
-1181
-1142
-1269
-1909
-2934
-3218
-2953
-2726
-3489
-3902
-2767
128
3442
5548
5766
4435
3416
2583
1915
1685
1656
1614
1064
628
-161
-534
-951
-1786
-2255
-1449
663
2626
3334
2218
539
-452
-451
-9
361
601
775
1001
1074
819
152
-921
-2240
-3010
-2575
-1347
-129
565
421
-236
-889
-1372
-1841
-2036
-1975
-1909
-1676
-1275
-708
-485
-672
-1164
-1697
-1778
-1387
-1092
-1026
-1173
-1451
-1605
-1258
-705
-499
-576
-921
-1050
-857
-443
43
222
318
573
948
1547
1904
2000
2043
2153
2585
2978
3193
3029
2560
2397
2561
2842
3069
2857
2341
1704
1392
1428
1553
1640
1412
1110
879
1003
1315
1512
1349
804
429
566
983
1306
1334
919
415
113
126
303
427
269
15
-55
30
102
-21
-409
-881
-1155
-1062
-689
-462
-470
-713
-868
-823
-499
-221
-227
-680
-1238
-1635
-1579
-1190
-810
-544
-675
-836
-928
-974
-994
-1127
-1159
-991
-548
71
906
1802
2808
2209
-2676
-11993
-21682
-24713
-19430
-10906
-4925
-3154
-3231
-3430
-3178
-1958
-333
1012
1524
3139
8346
16186
22650
23754
19358
13074
8871
8142
9143
9752
8972
7362
5877
4963
4167
1764
-3690
-11420
-17906
-19122
-14746
-8277
-3915
-2848
-3450
-3626
-2428
-837
177
535
1472
4593
10167
16357
19840
18679
13767
8105
4347
2805
1949
523
-1436
-2879
-3275
-3294
-4386
-7638
-12562
-17274
-19360
-17864
-13814
-9670
-7036
-5650
-4418
-2687
-849
157
-68
-615
-147
2276
6261
9779
9980
5957
-225
-4931
-5731
-3931
-2012
-1669
-2493
-3000
-2604
-1543
-1284
-2649
-5124
-6874
-5777
-1990
2435
4710
3803
1231
-476
-176
1278
2572
2947
3004
3566
5042
6647
6980
5415
2508
-11
-496
898
2574
2923
1865
434
-341
-298
-116
-346
-1184
-1978
-1811
-553
1200
2076
1602
487
-177
295
1364
2124
2056
1615
1493
2005
2736
3161
2860
2190
1470
1492
1267
-1051
-7033
-15936
-23049
-24561
-20009
-13292
-8274
-5772
-4647
-3310
-1280
1009
2894
3455
3608
5208
9920
16766
22450
23950
20964
15927
11768
9562
8392
6716
4187
1516
-72
-184
291
-321
-3782
-9759
-15654
-18293
-16422
-11893
-7125
-3636
-730
2764
6734
9977
11173
10250
8619
8199
10142
13749
16932
17653
15288
11107
6747
2792
-1171
-5436
-9538
-12428
-13042
-11877
-10288
-9765
-10941
-13155
-14870
-14938
-13112
-10181
-7131
-4129
-857
2849
6346
8419
8393
6588
4199
2670
2624
3581
4137
3352
1335
-1110
-3184
-4946
-7216
-10732
-14464
-16755
-15729
-11461
-6167
-2048
-426
-492
-606
258
2001
3511
4261
4498
5167
6757
8649
9434
8018
4823
1398
-569
-729
182
824
610
-51
-357
39
591
446
-764
-2391
-3235
-2493
-629
1230
2137
1894
1177
887
1244
1865
2079
1633
1140
1222
1938
2856
3328
2996
2142
1293
959
1006
1105
1044
691
548
766
1316
1958
2387
1631
-1738
-8525
-17291
-23737
-24560
-19936
-13432
-8314
-5257
-3213
-1064
1238
3187
4231
4087
3945
5455
9850
16300
21854
23717
21187
16178
11420
8287
6177
3815
971
-1537
-2589
-2009
-725
-445
-2654
-7268
-12365
-15340
-14649
-10946
-6046
-1643
2158
5969
9727
12710
13586
12257
9789
7961
8123
10144
12692
13951
12961
9881
5771
1537
-2693
-6860
-10889
-13971
-15157
-14229
-11848
-9399
-8037
-8124
-9029
-9720
-9483
-8099
-5751
-2779
674
4252
7360
9264
9345
7694
4886
2214
527
-67
-201
-542
-1265
-2069
-2999
-4132
-6222
-9135
-12626
-15394
-15844
-13516
-8786
-3603
345
2273
2871
3204
3707
4409
4843
5054
5535
6489
7920
8837
8319
6103
2696
-733
-3021
-3667
-3254
-2487
-1858
-1526
-1127
-625
-206
-236
-783
-1477
-1579
-754
820
2562
3711
4014
3817
3355
2859
2459
1877
1282
819
788
1297
2134
2679
2452
1546
486
-122
-173
47
298
395
571
992
1635
2390
1481
-2389
-9832
-18551
-24158
-24113
-19061
-12668
-7616
-4534
-2520
-451
1738
3581
4175
3631
3380
5267
10191
16726
21819
23054
20060
14891
10089
6948
4916
2793
205
-2065
-2832
-1851
-253
107
-2070
-6436
-11092
-13638
-12922
-9495
-4984
-844
2755
6251
9750
12403
13090
11671
9182
7253
7168
8838
10935
11971
11138
8668
5330
1591
-2430
-6535
-10280
-12857
-13579
-12272
-9836
-7553
-6394
-6576
-7351
-7819
-7475
-6277
-4356
-1898
923
3889
6498
8045
8045
6329
3571
963
-575
-995
-1029
-1262
-1904
-2789
-3606
-4481
-5884
-7975
-10597
-12804
-13231
-11425
-7705
-3586
-505
1154
1949
2546
3287
3924
4086
3953
4064
4877
6227
7234
7058
5277
2282
-513
-2367
-2933
-2729
-2361
-2190
-2000
-1419
-517
196
161
-565
-1288
-1330
-420
1167
2574
3399
3528
3454
3450
3539
3408
2768
1901
1025
501
498
725
1020
795
281
-339
-799
-934
-871
-817
-628
-302
301
1035
1793
2477
3150
2615
-519
-6603
-14634
-21221
-23882
-21915
-16953
-11304
-6590
-3247
-798
989
2192
2657
2428
2611
4364
8411
13901
18756
21118
20412
17443
13682
10269
7395
4672
1960
-327
-1199
-458
1072
1802
478
-2805
-6883
-10001
-11119
-10095
-7452
-4123
-458
3271
6759
9291
10063
9103
7285
5827
5639
6622
8068
9126
9341
8653
7046
4523
945
-3199
-7241
-10137
-11176
-10522
-8934
-7417
-6533
-6371
-6568
-6810
-6992
-6968
-6638
-5333
-2933
348
3651
5785
6340
5258
3532
1815
577
-89
-705
-1260
-1609
-1711
-2068
-3130
-5197
-7670
-9455
-9772
-8547
-6437
-4194
-2398
-951
381
1605
2497
2775
2537
2087
1972
2425
3183
3785
3777
3155
2138
1059
150
-623
-1126
-1339
-1069
-488
86
529
618
367
19
-279
-328
-242
-41
306
751
1379
2009
2359
2349
2001
1455
972
583
335
299
639
1192
1728
1981
1787
1189
384
-303
-662
-537
-110
451
879
1150
1358
1712
1847
284
-3546
-9668
-16478
-21557
-23198
-20793
-15593
-9754
-5225
-2660
-1271
-126
1474
3087
4324
5328
6653
9308
13313
17668
20665
20830
18049
13436
8788
5359
3561
2784
2242
1548
695
-20
-609
-1303
-2643
-4794
-7332
-9402
-9717
-7708
-3800
717
4356
6275
6627
6230
5947
6028
6314
6448
6459
6668
7274
8132
8505
7573
4957
1192
-2806
-5917
-7553
-7867
-7405
-6874
-6634
-6774
-7128
-7485
-7722
-7614
-7096
-6174
-4698
-2734
-477
1694
3115
3453
2852
1764
776
161
26
39
-112
-404
-913
-1434
-2158
-3279
-4856
-6449
-7370
-7144
-5763
-3869
-2159
-1119
-716
-609
-447
-213
125
323
551
965
1544
2295
2953
3187
2783
1928
1010
403
264
412
690
829
688
434
227
195
182
-2
-414
-819
-958
-648
-80
485
933
1134
1116
1035
964
798
677
571
575
751
1054
1394
1626
1665
1459
1166
691
262
-21
-64
125
381
649
879
1081
1337
1689
2105
1524
-814
-5422
-11800
-17670
-21024
-20781
-17542
-13290
-9468
-6860
-4854
-2922
-893
941
1943
2593
3563
5829
9614
13983
17744
19667
19310
16997
13812
10854
8838
7842
7236
6576
5694
4676
3760
2928
1789
-132
-2892
-5854
-7936
-8249
-6904
-4640
-2373
-862
-152
39
126
482
972
1559
2229
3095
4262
5568
6794
7339
6922
5467
3412
1251
-375
-1289
-1704
-1920
-2335
-2928
-3512
-4101
-4829
-5711
-6777
-7682
-8002
-7530
-6426
-5139
-4029
-3286
-2974
-2913
-2927
-2753
-2240
-1487
-663
-206
-145
-19
323
1046
1776
1992
1506
418
-639
-1113
-970
-540
-419
-800
-1507
-2157
-2570
-2719
-2766
-2962
-3183
-3276
-3002
-2226
-1211
-232
544
1077
1334
1405
1444
1560
1795
1978
2160
2306
2361
2360
2280
2140
1900
1449
821
191
-409
-556
52
810
1056
467
-728
-1909
-2366
-1915
-1067
-745
-1056
-1451
-1542
-1020
-184
350
303
-140
-516
-677
-356
379
1307
2130
2415
1925
895
-29
-483
-122
598
1025
463
-1290
-3719
-5732
-6340
-5452
-3843
-2873
-3015
-4098
-4994
-4739
-3115
-757
1081
1651
1064
247
255
1582
3743
5876
7218
7482
6954
6286
5934
6047
6460
6768
6815
6422
5730
4920
4298
4079
4233
4447
4147
3323
2228
1327
1053
1228
1489
1389
945
286
-291
-468
-363
-287
-514
-1030
-1558
-1736
-1621
-1260
-863
-589
-545
-636
-1159
-1735
-2235
-2476
-2361
-2099
-1759
-1589
-1624
-1754
-1900
-1943
-1842
-1764
-1808
-2032
-2408
-2688
-2588
-2221
-1753
-1674
-1959
-2516
-2921
-3035
-2852
-2582
-2353
-2129
-2097
-2141
-2146
-2002
-1866
-1734
-1605
-1510
-1482
-1393
-1128
-827
-585
-448
-382
-326
-241
-182
-69
18
164
305
369
326
142
-109
-265
-224
-54
218
457
599
556
429
333
368
572
878
1068
1134
1130
1037
961
964
845
754
744
684
772
850
1061
1162
1012
890
741
673
553
405
241
57
-47
46
235
368
448
428
377
337
311
331
310
336
453
463
497
614
751
859
963
975
934
870
623
403
256
210
438
682
815
692
140
-269
-368
-180
185
227
-13
-387
-518
-242
155
453
531
420
199
-39
-143
-45
271
681
993
974
787
615
549
593
579
462
292
98
-28
-82
-27
130
339
555
453
124
-392
-838
-1009
-568
16
443
587
373
4
-386
-499
-278
87
278
149
-339
-799
-829
-328
481
1002
574
-507
-1501
-1811
-1285
-593
-137
-15
-385
-932
-1251
-1189
-748
-20
250
-116
-745
-1274
-1266
-756
-146
107
-256
-622
-921
-1001
-505
38
435
403
0
-671
-1176
-1106
-839
-491
-152
32
109
200
250
345
170
-163
-626
-910
-811
-127
613
655
281
-139
-297
-281
-343
-380
-484
-296
306
749
888
806
478
382
804
1019
825
258
-406
-491
16
942
1832
2287
1683
114
-1211
-1777
-1041
609
1983
1703
-151
-1680
-2075
-1054
709
1757
1330
-47
-1102
-1323
-709
3
549
533
-38
-605
-960
-918
-530
-23
465
734
470
-194
-693
-700
-240
312
646
511
-106
-687
-729
173
1343
2149
2010
1023
-6
-502
224
1557
2439
2344
1113
-198
-1154
-1318
-756
55
777
1004
739
-54
-765
-781
-26
950
1178
669
-369
-1299
-1240
-92
1155
1444
918
-124
-852
-650
-163
31
-34
-80
138
474
376
-579
-1705
-2260
-1673
-254
1123
1626
841
-604
-1745
-1766
-626
1223
2014
1330
-170
-1901
-2731
-2279
-1164
-462
-714
-1797
-2844
-3003
-2066
-478
840
1128
346
-746
-973
-168
1056
2189
2433
1759
953
385
356
955
1666
1735
1069
180
-225
30
580
1145
1100
477
-319
-1005
-1065
-717
-153
-129
-540
-1060
-1131
-720
138
627
-429
-1863
-2821
-2238
-511
1258
1780
757
-793
-1259
-288
1176
2326
1682
-109
-1732
-2168
-1014
742
2098
1802
207
-1532
-2385
-1549
363
1771
1537
585
-647
-1173
-435
802
1669
1249
157
-1033
-1397
-626
667
1434
1266
730
11
-325
-227
-40
198
301
647
969
1172
1145
903
680
465
561
593
275
-295
-658
-511
133
696
796
506
103
-70
-103
-104
-196
-285
-222
-255
-222
-354
-427
-213
8
35
-257
-322
-213
2
229
529
608
609
477
-107
-715
-506
271
1288
1887
1484
581
-361
-639
-424
-101
165
160
-64
-406
-530
-413
-399
-416
-855
-1682
-2407
-2366
-1441
-170
939
1446
1019
114
-646
-1032
-332
475
888
855
570
435
579
856
730
64
-813
-1440
-1747
-1560
-955
-218
244
258
-416
-1496
-2330
-2116
-1244
-19
881
1173
894
197
-90
-148
331
811
752
-31
-881
-1122
-919
14
825
848
139
-998
-1899
-1812
-686
677
1336
1111
130
-919
-1134
-434
769
1384
1150
131
-949
-973
281
1603
2106
1431
238
-950
-1426
-482
505
936
641
-239
-1243
-1728
-1172
-125
755
981
403
-200
-295
-45
370
435
240
182
101
150
267
348
817
1525
1971
1738
986
182
-150
154
790
1182
1275
1150
478
-233
-418
-321
414
1298
1662
1260
211
-734
-1078
-506
428
831
247
-691
-1578
-1860
-1047
319
1296
1550
1035
152
-377
-365
-9
347
525
150
-511
-1220
-1400
-861
73
803
870
154
-815
-990
-188
912
1522
1077
180
-683
-1253
-1207
-799
-442
-401
-566
-787
-782
-811
-807
-750
-700
-685
-617
-433
-43
98
136
-6
-374
-581
-469
-46
148
274
158
-72
-201
-271
-495
-752
-908
-1268
-1425
-1082
-500
116
572
559
41
-425
-440
18
484
837
824
318
-171
-424
-378
-344
-258
-409
-463
-179
481
919
1066
876
405
-143
-706
-752
-595
-11
774
951
471
-204
-646
-417
164
846
1017
656
168
-146
-91
224
748
890
533
-143
-710
-609
-171
410
1027
1266
805
148
-151
-41
336
763
699
124
-286
-217
202
447
553
252
-254
-534
-388
195
758
968
804
362
-255
-481
-374
9
107
-169
-404
-414
-149
520
1085
1194
964
691
411
-180
-534
-684
-615
-364
-180
-282
-601
-867
-794
-452
-112
22
-234
-596
-503
82
862
1364
1163
547
-294
-724
-655
-211
364
724
811
796
583
205
143
365
480
321
25
-311
-508
-447
-93
221
259
13
-397
-804
-833
-565
-78
389
352
155
16
11
-35
-14
1
-44
-62
-192
-268
-283
-153
-63
-76
-271
-644
-1102
-1388
-1351
-997
-378
211
492
422
-91
-897
-1516
-1651
-1395
-915
-478
-340
-379
-376
-334
-377
-453
-605
-832
-946
-716
-208
346
796
1059
928
385
-192
-498
-337
263
858
1262
1213
767
69
-452
-316
73
590
883
862
646
300
-16
11
514
933
818
221
-528
-792
-587
-23
502
636
429
232
269
358
639
1008
1000
620
400
258
318
573
939
1054
728
74
-610
-891
-539
138
569
335
-108
-388
-251
350
884
1107
928
582
253
19
-8
52
159
162
94
-156
-515
-661
-659
-430
-197
-120
-171
-214
-224
-327
-302
-71
95
18
-378
-811
-1259
-1469
-1320
-947
-404
179
507
609
565
410
314
-51
-631
-1182
-1487
-1233
-455
384
630
334
-157
-560
-865
-1120
-989
-407
298
980
1289
846
37
-384
-230
210
472
315
-65
-339
-249
83
327
375
70
-441
-811
-945
-880
-560
-320
-248
-316
-244
21
251
515
561
541
633
738
814
911
1028
1069
982
756
415
20
-228
-392
-307
82
427
507
383
-19
-627
-1053
-1169
-943
-518
-37
246
266
240
251
292
272
221
252
401
670
866
845
568
352
262
99
-88
-206
-356
-284
-18
318
452
287
-27
-474
-502
-312
-70
-10
-86
-311
-581
-683
-697
-509
-76
186
251
160
-173
-463
-466
-76
543
1010
900
287
-488
-891
-826
-424
29
170
-18
-359
-423
-157
299
466
198
-312
-701
-633
-129
455
871
963
619
115
-244
-316
-115
163
265
212
-134
-247
65
573
1096
1201
781
168
-263
-428
-298
-112
90
221
220
111
17
-97
-123
56
283
274
85
-194
-358
-183
161
328
144
-279
-720
-940
-848
-548
-252
-51
-131
-384
-534
-422
-161
-93
-216
-423
-529
-419
-99
165
149
-84
-362
-572
-568
-309
16
114
46
-185
-226
75
376
640
575
347
188
60
-46
-211
-279
-227
85
412
508
532
514
587
686
740
610
365
28
-148
-53
227
495
622
437
19
-87
10
228
435
323
-34
-334
-545
-567
-437
-228
32
153
240
177
-77
-282
-399
-361
-273
-332
-563
-748
-615
-305
-88
-180
-504
-781
-766
-483
-44
237
219
-57
-481
-850
-913
-697
-351
-56
-12
-215
-389
-463
-352
26
253
186
-90
-256
-195
156
458
312
-314
-1026
-1403
-1174
-439
188
425
221
-168
-312
-50
396
646
569
324
244
389
726
1094
1277
1105
680
342
259
424
553
543
314
188
224
262
328
401
382
216
166
179
391
800
1172
1361
1246
985
733
594
673
896
1023
943
737
503
388
390
478
516
337
122
-58
-68
72
192
221
58
-237
-586
-750
-551
-215
111
123
-201
-644
-872
-759
-512
-356
-395
-566
-770
-714
-486
-307
-231
-248
-317
-473
-694
-735
-669
-571
-444
-372
-456
-534
-458
-377
-271
-366
-591
-931
-991
-674
-184
414
772
928
859
846
873
989
1068
909
820
798
741
607
451
236
-11
-323
-575
-809
-1054
-1191
-1287
-1214
-1059
-981
-991
-1094
-1112
-958
-746
-531
-568
-686
-691
-546
-233
2
62
-122
-416
-727
-851
-799
-675
-600
-624
-670
-724
-709
-640
-602
-519
-323
-233
-198
-138
-106
-182
-219
-224
-173
58
413
699
913
892
806
720
771
966
958
883
616
392
432
692
1007
1238
1223
1078
1075
1049
1020
976
961
1003
975
933
801
706
778
1006
1237
1347
1326
1221
1138
1057
949
828
665
575
592
630
532
369
168
-87
-245
-456
-671
-932
-1171
-1321
-1434
-1407
-1366
-1294
-1188
-1088
-885
-732
-684
-804
-965
-998
-762
-442
-232
-166
-260
-263
-197
-171
-228
-352
-383
-281
-82
174
267
160
178
145
158
183
245
248
286
322
112
18
103
244
353
367
281
136
5
35
152
200
201
44
-44
0
39
155
196
150
-50
-401
-637
-638
-439
-334
-348
-467
-610
-550
-361
-89
9
-175
-476
-743
-741
-669
-566
-468
-435
-399
-235
-95
17
181
147
91
140
296
378
619
831
896
880
636
398
175
96
118
207
386
486
501
616
900
1061
1199
1163
919
613
294
149
189
249
255
205
-50
-304
-455
-394
-233
-130
-134
-208
-207
-351
-459
-470
-428
-373
-413
-493
-592
-626
-650
-593
-606
-608
-634
-496
-303
-72
128
185
67
-97
-252
-372
-361
-462
-584
-698
-802
-780
-588
-415
-277
-268
-400
-463
-317
-56
150
225
247
189
192
297
375
499
584
615
547
443
340
396
412
450
549
650
657
480
302
201
196
170
241
236
46
-56
-91
-52
124
135
66
-6
-4
62
135
230
352
483
531
434
275
46
-65
4
190
445
554
519
432
389
420
530
465
338
118
-56
-144
-164
-167
-234
-204
-141
-107
-103
-222
-234
-298
-273
-184
-132
-71
-266
-492
-566
-486
-342
-204
-261
-318
-458
-549
-488
-378
-323
-397
-617
-801
-785
-592
-403
-308
-263
-316
-435
-547
-474
-203
76
214
199
168
256
276
293
263
165
50
-38
-67
-151
-28
60
146
192
125
143
38
-80
-195
-272
-289
-210
-95
60
213
318
287
207
191
193
196
185
144
166
278
408
485
466
458
342
176
84
186
331
430
529
568
615
423
201
86
86
181
359
449
391
290
183
156
121
25
-23
-33
-93
-72
-78
19
217
328
228
93
-11
-153
-196
-110
72
129
-6
-128
-228
-318
-431
-575
-632
-594
-498
-333
-184
-215
-340
-478
-535
-521
-493
-514
-521
-447
-350
-194
-61
72
93
-10
-235
-359
-304
-149
-60
8
-24
-132
-178
-277
-334
-366
-277
-72
192
343
289
127
72
142
131
198
261
177
96
66
191
409
648
692
546
185
-119
-269
-182
2
129
207
196
273
316
325
219
122
-5
-44
-59
-75
-95
-101
-189
-202
-53
158
427
487
407
257
113
-31
-115
-266
-318
-255
-143
124
289
370
318
162
160
169
218
334
272
125
-45
-95
-191
-335
-352
-263
-320
-386
-502
-614
-666
-638
-522
-431
-255
-196
-170
-118
-8
127
56
-194
-384
-415
-358
-226
-11
92
75
86
34
60
346
593
689
704
576
380
211
263
432
724
953
958
791
606
609
683
712
626
378
117
-37
-53
26
190
360
434
387
200
-4
-160
-325
-372
-230
-124
-140
-181
-224
-230
-260
-280
-251
-196
-68
-107
-112
-183
-427
-630
-678
-549
-390
-308
-298
-372
-456
-569
-653
-689
-612
-486
-447
-426
-393
-247
-35
172
240
231
133
-15
-131
-312
-476
-451
-315
-252
-151
-52
-16
39
74
74
59
-3
-90
-77
-1
163
278
227
136
138
282
452
434
417
349
242
170
138
126
165
152
78
17
20
30
70
-51
-282
-406
-362
-215
-60
102
51
-31
-97
-89
-57
31
45
-33
-200
-416
-495
-419
-239
-77
33
183
150
102
125
126
179
202
238
272
278
242
269
196
29
-145
-314
-177
12
244
273
130
19
-142
-215
-186
-87
-19
53
23
69
171
312
365
258
203
175
127
62
-58
-177
-188
-104
174
363
371
311
218
189
213
244
207
-13
-120
-192
-254
-123
129
268
190
141
223
354
502
541
447
280
84
77
144
183
176
135
89
143
238
315
383
387
394
347
241
182
144
13
-30
38
9
-162
-307
-431
-466
-494
-492
-321
-138
-5
-39
-181
-284
-322
-186
27
117
75
-170
-290
-245
-108
0
-45
-139
-143
-167
-295
-421
-559
-580
-523
-452
-351
-437
-526
-556
-502
-407
-331
-352
-542
-780
-949
-950
-790
-524
-278
-113
-21
7
23
76
-23
-160
-240
-60
125
253
272
84
-73
-151
-96
73
225
325
283
223
236
251
400
547
611
624
585
518
505
588
597
593
528
396
345
397
492
529
464
281
104
124
307
329
228
64
-157
-305
-282
-93
58
152
88
25
61
140
248
296
246
115
77
31
71
249
399
360
117
-87
-220
-286
-253
-205
-152
-95
-99
-220
-310
-269
-188
-120
-129
-165
-213
-308
-393
-352
-280
-180
-203
-219
-236
-234
-78
-93
-120
-50
15
-42
-100
-210
-326
-390
-267
-68
204
276
187
-8
-183
-236
-242
-65
79
189
262
321
337
284
261
274
212
219
229
206
218
95
-35
-106
-162
-248
-199
11
251
357
365
244
-27
-349
-445
-475
-396
-178
-12
101
85
74
-38
-128
-278
-267
-146
-102
-78
-176
-245
-282
-328
-394
-353
-196
-77
10
134
217
163
-5
-75
-101
-15
185
386
463
372
232
76
-22
-6
34
100
154
147
182
283
345
322
274
140
83
117
296
371
375
280
79
-112
-236
-241
-233
-223
-251
-248
-169
15
101
130
113
33
-58
-9
12
9
-52
-173
-238
-204
-160
-213
-256
-324
-317
-239
-125
-81
-121
-139
-217
-183
-52
79
129
-5
-153
-154
-21
271
470
474
257
-2
-164
-56
166
287
350
267
207
236
323
368
361
242
102
-26
10
80
140
295
424
339
168
10
-197
-282
-357
-297
-208
-117
-68
-64
-80
-118
-234
-341
-294
-184
-86
-76
-65
-128
-149
-28
-35
-102
-117
-122
-229
-221
-143
-62
49
-37
-144
-173
-243
-178
-32
48
12
-196
-411
-535
-462
-283
-199
-160
-237
-281
-338
-308
-105
26
68
24
-26
15
72
114
120
120
193
285
412
445
390
359
192
95
97
103
201
266
237
201
197
303
412
442
383
239
154
170
303
451
575
499
406
215
78
54
8
121
71
-45
-110
-185
-246
-210
-159
-18
58
82
83
-78
-213
-200
-135
-3
176
143
-49
-288
-324
-104
162
309
185
-64
-266
-243
-56
22
-10
-36
-6
62
141
190
84
-32
-220
-305
-267
-150
8
38
71
133
166
159
172
132
22
-48
-51
-61
-25
3
-71
-95
-90
-124
-47
-49
-175
-405
-625
-757
-660
-552
-510
-468
-537
-517
-469
-299
-67
62
35
-22
-70
-118
-191
-257
-181
-68
33
84
28
-34
-51
-67
16
155
254
187
59
-131
-211
-229
-120
-24
38
96
72
33
21
-16
-95
12
10
73
109
233
328
429
527
454
494
398
273
139
-57
-123
-24
151
332
403
472
433
394
371
321
335
421
430
447
374
180
70
-44
-126
-43
21
1
-103
-164
-145
-154
-61
40
86
47
-94
-308
-333
-289
-85
105
143
155
151
105
26
71
96
-5
-66
-168
-220
-125
-130
-155
-208
-226
-190
-83
-27
57
121
87
101
22
-25
-82
-130
-180
-213
-214
-282
-188
-122
-64
2
82
227
282
295
289
247
119
12
-10
10
80
90
13
-140
-316
-453
-425
-247
-143
-34
-20
-35
95
288
447
426
305
148
63
81
170
248
205
109
-50
-146
-281
-395
-486
-489
-235
82
387
433
281
4
-286
-424
-357
-269
-236
-271
-329
-364
-403
-331
-239
-106
-58
-118
-211
-261
-185
-80
-45
21
29
-68
-209
-345
-432
-491
-412
-264
-53
74
117
154
154
136
143
121
130
155
73
16
20
101
155
165
159
208
310
398
416
368
216
67
-7
52
119
266
474
675
719
624
455
297
234
226
164
27
-15
-35
51
-28
-108
-200
-309
-390
-513
-545
-614
-709
-712
-583
-472
-297
-71
-11
28
16
-1
9
23
55
108
93
109
206
276
270
180
37
-85
-198
-220
-116
117
421
529
627
498
364
269
150
59
-32
93
247
490
700
671
448
276
192
127
202
251
204
119
18
-26
-53
-37
17
111
313
334
181
-70
-294
