-117
-73
-317
-429
-441
-520
-545
-352
-364
-410
-482
-561
-428
-376
-262
-255
-201
-173
-44
135
221
237
117
-114
-405
-476
-351
-241
-82
-5
-43
58
42
-165
-390
-549
-552
-261
95
538
715
656
544
240
171
150
181
145
317
683
801
826
519
143
-158
-342
-261
-125
113
355
413
480
428
270
172
62
22
-135
-241
-272
-97
32
204
306
328
250
114
114
-14
-186
-314
-514
-583
-579
-578
-443
-347
-240
-121
-63
-94
-117
-148
-97
-141
-36
-19
-13
86
112
91
-39
-79
79
371
569
564
221
-136
-548
-716
-655
-599
-396
-108
243
439
500
365
249
104
-25
-152
-303
-308
-47
319
607
723
361
-108
-496
-688
-467
-19
450
891
983
688
282
-4
-171
-15
267
537
755
899
967
806
564
241
-3
-141
-43
51
199
176
102
-21
-157
-83
-88
-29
83
116
126
139
97
165
65
-74
-117
-308
-546
-774
-887
-865
-561
-167
105
173
97
-222
-464
-722
-809
-747
-643
-600
-633
-529
-436
-351
-317
-448
-564
-525
-380
-184
-118
-297
-434
-634
-759
-587
-324
185
485
553
499
421
306
262
200
190
254
66
-26
-26
-74
-39
245
566
611
597
576
622
612
597
500
391
347
372
509
525
417
93
-330
-585
-646
-525
-219
-31
-2
-64
-170
-110
103
345
357
208
-47
-34
241
725
936
857
481
-13
-230
-161
124
333
518
367
75
-191
-468
-482
-295
-233
-446
-564
-626
-553
-313
-217
-79
-64
-276
-342
-103
291
488
507
314
92
-10
-98
33
82
140
178
128
122
-35
-51
-119
-92
39
42
262
296
139
-4
-10
-96
15
417
825
926
598
78
-324
-546
-463
-316
-326
-495
-622
-572
-577
-480
-484
-558
-580
-618
-635
-652
-529
-250
-183
-195
-220
-218
-185
-116
26
241
369
291
79
22
37
-69
-147
-346
-392
-504
-558
-347
-183
-5
198
328
422
395
305
261
250
241
296
385
545
657
686
785
915
803
628
589
493
281
179
118
176
309
373
350
194
122
61
138
280
338
416
464
454
318
174
132
142
24
55
160
98
144
9
-85
-194
-310
-354
-377
-274
-383
-418
-467
-674
-793
-1023
-1257
-1233
-1021
-706
-333
-195
-309
-413
-433
-386
-371
-256
-161
-99
-117
-207
-267
-206
-175
-109
12
56
157
201
234
294
283
250
196
190
374
375
344
316
324
375
228
266
374
420
374
148
-71
-252
-362
-304
-184
91
379
409
85
-211
-434
-380
-132
176
275
64
-124
-175
-106
-1
26
43
55
174
314
436
479
404
175
-20
-197
-316
-221
6
236
365
392
159
-29
-166
-269
-410
-465
-347
-203
-5
61
101
48
183
295
469
552
584
612
726
881
900
1006
920
713
372
84
50
-34
-42
40
72
-21
-191
-317
-449
-507
-573
-616
-622
-497
-348
-268
-215
-193
-137
8
85
-47
-307
-381
-334
-427
-549
-907
-1186
-1230
-1036
-759
-388
-97
13
-22
-32
-89
-237
-417
-499
-456
-334
-201
-216
-172
-89
-50
-64
-130
-212
-155
-151
-106
-83
6
131
65
54
130
220
348
461
598
647
723
904
1153
1147
928
612
329
285
232
249
320
384
405
421
480
207
-61
-228
-157
63
366
710
931
913
639
389
86
-5
-113
-51
137
103
-61
-90
-82
-11
-112
-347
-635
-790
-624
-405
-240
-104
-171
-310
-452
-711
-934
-1026
-896
-803
-494
-208
32
297
226
139
64
-79
-247
-428
-494
-543
-363
-97
-20
-68
-147
-278
-247
-97
7
24
102
159
202
432
622
787
702
410
330
496
802
1018
1016
775
390
-73
-346
-408
-326
-124
166
368
398
387
153
-148
-534
-838
-851
-740
-459
-178
160
158
140
54
-63
-145
-164
-253
-460
-444
-310
-149
12
230
358
443
503
332
79
-63
-185
-28
36
81
-42
-88
-88
-47
26
58
275
279
194
170
247
365
465
369
148
-83
-102
-21
-36
107
225
218
235
228
259
311
155
-9
-245
-542
-609
-462
1
358
549
378
-118
-590
-861
-736
-481
-169
-97
-271
-735
-1538
-2517
-3364
-3210
-2367
-1622
-1631
-2057
-1999
-988
635
2080
2682
2727
2672
2872
3706
4520
5125
4821
3816
2781
1883
1190
312
-669
-1544
-1872
-1835
-1861
-2199
-2800
-3299
-3295
-2411
-975
339
866
679
288
397
1183
1901
2273
2086
1730
1220
885
560
-30
-653
-1263
-1302
-1211
-1167
-1463
-2170
-2768
-2929
-2498
-1739
-849
-377
-132
65
89
40
-149
-216
355
1587
2778
3192
2304
570
-812
-1158
-608
365
986
617
-828
-2512
-3178
-2535
-787
707
1189
689
-284
-631
-328
850
2232
2817
2281
1138
-29
-528
-336
601
2109
3046
2634
443
-2308
-3524
-2144
822
2457
1728
-1117
-3951
-4849
-3811
-1540
114
58
-1882
-4053
-5054
-4923
-4938
-6786
-9094
-9687
-6775
-1592
2660
3831
2108
-100
-354
2397
6773
10477
11579
10074
7587
5705
5010
4872
4435
3866
3346
2728
1606
-541
-3447
-5755
-6389
-4727
-1766
635
1251
213
-850
-458
1624
4195
5988
6587
6273
5403
4542
3571
2364
1158
203
14
18
-370
-1599
-3397
-5572
-9115
-12879
-14973
-12112
-4679
2864
6273
4291
173
-2373
-688
4241
9675
12854
11989
8453
4352
1326
-284
-1360
-2213
-2295
-1709
-1859
-3554
-6741
-9621
-9765
-6821
-2002
2397
4120
3118
968
-357
802
3502
5696
6305
5163
3065
935
-1431
-3732
-5114
-5151
-3548
-1342
-91
-1116
-3583
-5831
-5762
-3389
-246
1912
2304
1868
1278
1462
2438
4141
5870
6878
5788
1196
-7250
-17152
-23358
-21618
-12544
-2313
2540
-615
-8604
-15139
-14992
-7211
4379
14479
19374
18722
14860
10803
8290
7716
9156
12044
14929
15328
11036
2244
-8090
-15491
-16631
-11959
-5205
-983
-1765
-6273
-10705
-11293
-7017
389
8175
14222
17598
18062
15992
12466
9040
7581
8617
11327
13247
11763
5949
-2707
-10860
-15729
-16260
-13858
-10816
-9134
-9354
-10670
-11521
-10846
-8014
-3217
2743
8528
12673
13703
10689
5136
365
35
4114
8915
9794
4917
-3355
-11021
-14413
-12861
-8376
-3967
-2226
-3266
-5376
-6634
-5907
-3110
753
5052
8733
10311
9229
6035
2386
409
885
2740
4447
3900
781
-3573
-7322
-8603
-7478
-4960
-2437
-839
-339
-593
-1221
-1700
-1526
-410
1721
4186
5624
5146
2825
-99
-1880
-1552
210
1956
2423
1108
-779
-2020
-1685
-319
1053
1488
1291
1285
1913
2877
2385
-2099
-11519
-22072
-25630
-17789
-3726
6115
5717
-2578
-11802
-15141
-9843
2002
14178
20528
19655
15004
10809
8472
7253
6709
7659
10414
13360
12903
6422
-4775
-15337
-19665
-16055
-7361
690
3174
-826
-7433
-10691
-7798
-751
6937
13138
17295
19254
18644
15356
10234
5507
3866
6278
10615
12702
9229
189
-10599
-17604
-17954
-13368
-8282
-5994
-6745
-8838
-9985
-8965
-6024
-2686
191
2793
6105
9804
11984
10854
6451
1815
211
2301
5500
5932
1881
-5255
-11782
-14422
-12617
-8289
-4786
-3922
-5131
-6385
-5847
-3505
-252
2848
5584
7760
8948
8524
6564
3790
1391
540
1216
2252
1988
-297
-3595
-6156
-6935
-5794
-3666
-1657
-371
148
226
381
779
1145
1451
1569
1902
2398
2650
2328
1436
583
500
1438
2766
3208
2165
167
-1361
-1457
-442
398
-60
-2572
-8004
-16209
-23953
-25305
-17213
-4394
4279
3930
-2812
-9302
-10384
-4712
5624
16188
22124
21565
16990
12377
9503
7655
6478
6756
8670
10255
8541
2188
-7462
-16350
-20128
-16926
-9025
-1225
2420
925
-3236
-5690
-3587
2328
9336
15331
19708
21830
20771
16495
10660
5567
3131
3916
6523
7866
4918
-2625
-11751
-18228
-19517
-16252
-11366
-7630
-6123
-6015
-5874
-4945
-3089
-1274
199
2312
6513
12323
16332
14828
8050
679
-2902
-1475
2091
3355
675
-5037
-11014
-14392
-14343
-11933
-8863
-6445
-4475
-2296
-99
1045
1106
1219
2879
6466
9910
11121
9010
4542
331
-1794
-1621
-426
-93
-1546
-3526
-4967
-5280
-4955
-4526
-3777
-2586
-877
932
1925
1194
-680
-1935
-1155
1616
4145
4266
2359
-46
-1202
-1021
-456
-155
-446
-1123
-1824
-2109
-1691
-591
660
1017
-1266
-7831
-17951
-25976
-24418
-12225
2397
9125
4904
-4790
-11837
-11153
-2879
9094
19245
23039
20118
14504
10339
8134
6409
5117
6012
9406
12072
10002
1995
-9277
-18457
-20809
-15204
-5284
2873
4934
1199
-4128
-6308
-3295
3089
9846
15569
19943
22141
20775
15413
8045
2099
343
3108
7796
9893
6031
-3304
-13639
-19745
-19517
-14893
-9594
-6240
-5090
-5200
-5282
-5745
-7091
-7860
-5090
3041
13224
19301
16981
8134
-882
-4432
-840
5724
9778
7929
667
-7838
-13342
-14446
-12441
-9331
-6359
-3575
-1421
-1024
-2461
-4346
-4422
-914
5155
10689
12445
9046
2764
-2403
-4144
-2589
-117
995
332
-1324
-3127
-4553
-5875
-6710
-6249
-4000
-519
2316
2610
-208
-4414
-6824
-5219
-665
3418
3970
921
-3242
-5530
-5148
-3038
-914
-162
-638
-1554
-2005
-1578
-650
181
512
-1479
-8019
-18496
-26427
-23454
-9546
5021
9970
4293
-5212
-10787
-8978
-497
11172
20530
23231
19621
14338
11014
9214
6985
5000
5866
9700
12549
10188
1772
-9495
-18359
-20302
-14354
-4244
3823
5675
1819
-3297
-4925
-1819
4013
10114
15521
19993
22268
20750
15170
7432
973
-1196
1466
6190
8370
4604
-4458
-14306
-19959
-19602
-15210
-10590
-7961
-7472
-7584
-6842
-5193
-3212
-1232
1662
6245
11694
15439
15204
10923
4967
602
-374
1106
2147
355
-4546
-10319
-14142
-14662
-12492
-9200
-6177
-4047
-2739
-1733
-648
265
1099
2220
3974
5855
6558
5374
2516
-749
-2919
-3311
-2387
-1390
-1180
-2119
-3350
-4155
-4172
-3368
-2291
-1167
-295
-44
-665
-2213
-3952
-4815
-3962
-1686
556
1178
-277
-2653
-4176
-3817
-1981
49
921
337
-850
-1494
-957
415
1791
2033
-44
-5610
-14694
-23757
-26309
-18429
-4470
6069
6990
-58
-8032
-10609
-5766
4326
15202
22284
23381
19963
15314
11550
8575
6218
5669
7992
11572
12554
7991
-1622
-12376
-19160
-18778
-11890
-2785
3334
4012
714
-2695
-3158
-214
4860
10753
16673
21248
22616
19523
12718
4955
-207
-611
3058
7179
7468
2124
-7040
-15430
-19546
-19041
-16026
-12706
-9800
-7167
-4779
-3384
-3417
-3909
-2665
1941
9024
15264
17119
13548
6754
559
-2330
-1928
-407
-385
-2714
-6390
-9772
-11788
-12409
-11807
-9953
-6788
-2869
414
1942
1483
38
-826
140
2638
5063
5719
4066
1086
-1720
-3309
-3759
-3535
-2805
-1735
-600
-113
-778
-2354
-3505
-3296
-1644
453
1612
1256
-550
-2746
-3843
-3430
-2248
-1529
-1802
-2451
-2680
-2438
-2275
-2069
-1485
-215
1332
2410
2693
2076
405
-2495
-6249
-11151
-17599
-23839
-25221
-18010
-5509
3721
3972
-2408
-8335
-8277
-1613
8616
18301
23668
23409
19453
15269
12657
10877
9069
7977
8674
10236
9819
5104
-3300
-12131
-17371
-16621
-10591
-2991
1895
2246
-244
-2100
-968
2865
7782
12757
17372
20830
21771
19160
13427
6682
1756
565
2615
4999
4437
-318
-7476
-13902
-17074
-16782
-14263
-10938
-7708
-5666
-5919
-7933
-9655
-8083
-1997
6524
13646
16110
13283
7384
2165
-49
730
2540
2930
1225
-2216
-6472
-10427
-13266
-14039
-12190
-8137
-3615
-709
-548
-2363
-4021
-3790
-1151
2483
5266
6125
4858
2231
-605
-2777
-3746
-3345
-1872
-17
1147
732
-1225
-3722
-5114
-4410
-2024
710
2323
2153
604
-1645
-3677
-4697
-4287
-2415
-144
1082
417
-1691
-3678
-4427
-3545
-1612
534
2146
2885
2932
2705
2467
1727
-320
-4884
-12573
-21606
-26814
-22979
-11094
1104
5710
1430
-6383
-10792
-8109
592
11395
19963
23609
22717
19624
16203
12522
8555
5901
6637
10211
13051
11342
4016
-6416
-15348
-18717
-15518
-8264
-1391
1936
1696
140
-606
72
2034
5591
11048
17504
22384
22993
18437
10446
2737
-1112
69
3913
6392
4665
-1089
-8289
-14179
-17494
-18441
-17433
-14319
-9267
-3591
368
906
-1453
-3951
-3272
1800
9026
14265
14600
10317
4074
-1137
-3844
-4427
-4102
-3900
-4157
-4984
-6460
-8525
-10609
-11283
-9505
-5476
-845
2204
2685
1078
-1080
-2261
-1869
-359
1250
2079
1784
408
-1588
-3529
-4651
-4257
-2313
287
2227
2427
901
-1221
-2575
-2398
-965
712
1500
720
-1223
-3115
-3935
-3459
-2240
-1218
-796
-656
-569
-341
-176
-244
-361
-83
730
1805
2759
3311
3210
1855
-1596
-7931
-16671
-24684
-26699
-19595
-6927
3198
5011
-361
-7099
-9466
-5373
3421
13307
20723
23726
22967
20143
16048
10945
6016
3773
5752
10015
12419
9899
2235
-7594
-15296
-17740
-14430
-8000
-1959
1626
2756
2531
1863
1125
1315
3957
9636
16785
22025
22436
17419
9115
1387
-2276
-1142
2272
4337
2910
-1600
-7436
-12890
-17075
-19253
-18333
-13798
-6711
311
4178
3570
-3
-3067
-2441
2272
8425
12489
12672
9353
4406
-464
-4328
-6641
-7244
-6319
-4593
-3307
-3719
-6120
-9413
-11316
-10187
-6320
-1539
2039
3365
2571
529
-1649
-3025
-3114
-1976
-171
1436
1996
951
-1480
-4036
-5047
-3780
-982
1814
3201
2824
1285
-513
-1772
-2228
-1960
-1412
-916
-669
-879
-1407
-2032
-2493
-2534
-2157
-1455
-663
-73
386
801
1179
1284
1135
1185
1881
2847
2817
219
-5885
-14860
-23590
-27025
-21955
-10600
131
4223
1338
-4160
-7057
-4871
1433
9345
16419
21005
22806
22167
19019
13577
7385
3326
3684
7407
10735
10281
5125
-2887
-10291
-14285
-14038
-10677
-6363
-2352
1027
3481
4478
3592
1808
1572
4821
11091
17561
20704
18803
12831
5770
867
-590
283
1313
923
-1249
-4707
-8989
-13451
-16864
-17675
-14942
-9254
-2654
2171
3605
2004
-404
-1117
906
4612
8019
9655
8974
6360
2460
-1816
-5446
-7609
-7747
-6232
-4266
-3259
-4024
-6050
-7889
-8144
-6531
-3744
-954
988
1832
1462
216
-1438
-2694
-3038
-2500
-1415
-172
351
-170
-1308
-2295
-2422
-1439
19
1256
2010
2064
1704
905
-448
-1985
-3244
-3678
-2891
-1411
-380
-809
-2478
-4229
-4674
-3190
-721
1125
1886
1908
1699
1534
1150
525
204
901
1821
1259
-2325
-9020
-17385
-24405
-26339
-20984
-10583
-1153
2651
1058
-1965
-2829
-465
4206
9960
15659
20039
22471
22605
19969
14668
8373
3949
3459
5789
7843
7214
3497
-1892
-6895
-10103
-11047
-10083
-7852
-4531
-398
3641
6108
6000
3977
2650
5028
11109
16746
18471
15662
9119
2302
-869
30
2359
3750
2358
-1992
-7235
-11520
-14600
-16426
-15593
-11305
-4990
888
4477
4527
969
-3099
-4134
-1527
3270
8051
10227
9003
5436
439
-4992
-8888
-9775
-7687
-3983
-527
748
-1244
-5569
-9396
-10256
-7762
-3428
611
2870
2812
862
-1983
-4459
-5654
-5119
-3202
-671
1426
2121
975
-1420
-3396
-3726
-2210
440
3018
4516
4315
2485
-174
-2721
-4305
-4343
-2976
-933
782
1131
44
-1732
-3128
-3115
-1567
314
1315
1457
1280
1433
2086
2805
3401
3664
2654
-837
-6959
-14577
-21664
-25854
-24753
-17718
-8119
-1425
23
-1739
-3238
-2337
773
5382
11004
16460
20742
23203
23144
20029
14352
8293
4753
4706
6467
7617
6608
3466
-816
-5197
-8829
-10977
-11387
-9916
-6399
-1544
2990
5483
5436
4117
3642
5106
8187
11539
13782
14260
13055
10778
7913
4566
916
-2392
-4500
-5141
-5061
-5631
-7328
-9585
-11203
-11133
-9389
-6684
-3936
-1646
183
1760
2861
3106
2554
1777
1729
2412
3267
3389
2294
152
-2335
-4407
-5541
-5725
-5331
-4566
-3605
-2816
-2729
-3444
-4545
-5179
-4851
-3660
-2147
-960
-503
-772
-1417
-2205
-2850
-3102
-2660
-1415
320
1835
2436
2081
1253
402
-35
-6
173
257
117
-135
-697
-1453
-2272
-2710
-2476
-1890
-1323
-922
-452
40
395
382
159
186
984
2618
3818
2751
-1654
-9190
-18124
-25106
-26456
-21004
-11539
-3102
1239
1771
46
-2147
-3132
-1373
3742
10864
17668
22261
23353
20712
15689
10604
7329
6169
6003
6055
6158
6022
4971
2300
-2046
-7139
-11362
-13039
-11158
-6601
-1442
2287
3883
3884
3289
2896
3203
4572
6899
9662
12156
13580
13275
11032
7279
3033
-620
-2988
-3935
-3853
-3548
-3846
-5067
-6935
-8707
-9816
-9852
-8528
-6150
-3267
-604
1188
1934
1809
1187
651
599
1073
1830
2516
2661
1802
-31
-2370
-4410
-5381
-5153
-4090
-2945
-2367
-2512
-3158
-3986
-4681
-4958
-4524
-3336
-1843
-667
-361
-980
-2017
-2887
-3137
-2619
-1482
57
1525
2532
2833
2322
1276
115
-541
-486
151
1055
1671
1598
783
-544
-1858
-2715
-2888
-2349
-1576
-995
-730
-707
-718
-458
365
1825
3127
2694
-1139
-8952
-18532
-25526
-25567
-18023
-7249
817
2880
53
-3612
-4474
-2257
969
3430
5718
9789
15848
21395
23110
19691
13025
7054
4592
5716
8179
9606
9261
7737
5702
3258
0
-4123
-8098
-10365
-9963
-7067
-2949
597
2413
2182
641
-929
-1392
-364
1845
4525
7090
9390
11086
11534
9921
6256
1778
-1546
-2491
-1313
422
1017
57
-1785
-3532
-4828
-6178
-7782
-8939
-8652
-6441
-3240
-711
36
-854
-2255
-3060
-2844
-2000
-1111
-407
189
775
1154
1057
380
-769
-1947
-2658
-2683
-2051
-1070
-410
-600
-1625
-3026
-4039
-4249
-3715
-3060
-2813
-2886
-2935
-2601
-2076
-1705
-1751
-1918
-1735
-921
218
1073
1159
716
347
562
1256
1774
1614
850
143
-100
143
347
53
-698
-1369
-1479
-905
31
1026
1945
2565
2117
-709
-6722
-15028
-22399
-24763
-20019
-10512
-1570
2411
801
-3183
-5421
-4204
-1196
884
1316
2104
5896
12805
19763
22796
20163
13853
7966
5719
7238
10139
11914
11781
10628
9585
8712
7131
4034
-259
-4258
-6450
-6248
-4378
-2101
-369
357
78
-1018
-2614
-4289
-5330
-5048
-3227
-355
2685
5065
6376
6544
5507
3411
681
-1670
-2486
-1216
1534
4184
5261
4157
1493
-1455
-3640
-4663
-4946
-4768
-4181
-3155
-1777
-646
-403
-1279
-3049
-4941
-6112
-6093
-4918
-3140
-1414
-216
57
-610
-1846
-3136
-4001
-4175
-3542
-2310
-891
62
105
-713
-1849
-2591
-2498
-1895
-1531
-1645
-2056
-2339
-2085
-1373
-720
-580
-1093
-1964
-2651
-2652
-1965
-978
-157
176
11
-467
-826
-716
-236
261
536
523
450
563
933
1407
1691
1692
1576
1656
2155
3035
4155
5288
6001
5682
3560
-576
-5847
-10194
-11499
-8928
-3773
1138
3345
2251
-876
-3825
-5153
-4809
-3759
-2897
-2062
-637
1874
5020
7629
8654
7916
6045
4124
2969
2867
3809
5638
7979
10262
11652
11451
9644
6861
4228
2430
1563
1163
960
997
1424
2209
2736
2331
700
-1772
-4081
-5355
-5306
-4300
-3127
-2239
-1742
-1370
-1122
-1118
-1571
-2377
-2964
-2913
-2082
-734
630
1467
1513
747
-567
-2055
-3310
-3831
-3449
-2229
-775
317
576
-22
-941
-1944
-2815
-3197
-2917
-2102
-1111
-509
-469
-831
-1256
-1533
-1537
-1634
-2093
-2830
-3384
-3170
-2059
-612
376
493
-398
-1688
-2569
-2432
-1544
-443
315
366
-155
-695
-993
-1007
-927
-977
-864
-478
120
692
1065
1298
1453
1459
1496
1523
1520
1481
1561
1882
2366
2983
3794
4768
5847
6910
7267
5881
1536
-5896
-14517
-20695
-21008
-15197
-6403
385
1900
-1778
-7434
-11158
-11310
-8849
-6127
-4289
-2620
547
5907
11905
16291
17355
15140
11397
7955
6150
6400
8450
11641
14992
17234
17215
14640
10338
5780
2072
-573
-2529
-4028
-4631
-3840
-1767
442
932
-1397
-6041
-10995
-13945
-13850
-11113
-7150
-3386
-575
1157
1906
1820
1117
280
-101
329
1742
3755
5858
7498
8260
7655
5617
2545
-558
-2634
-3301
-2624
-1343
-316
-47
-611
-1821
-3428
-5120
-6529
-7276
-7052
-5971
-4306
-2561
-1210
-348
-142
-623
-1445
-2250
-2688
-2526
-1689
-448
784
1599
1587
909
-134
-1260
-1996
-2242
-1908
-1339
-876
-632
-533
-480
-673
-1223
-1968
-2668
-2852
-2240
-883
838
2123
2535
2036
1033
192
-95
137
682
1347
2234
3513
5105
6094
4870
-115
-8850
-18571
-24672
-23475
-15408
-5073
2028
3244
-110
-4418
-6520
-5851
-3831
-2001
-543
1626
5424
10579
15590
18925
19727
17849
13931
9038
4991
3567
5453
9525
13212
14270
12001
7573
2962
-500
-2988
-5312
-7801
-9755
-9837
-7561
-3859
-540
835
-229
-2971
-5967
-7810
-7639
-5467
-1892
2053
5297
7283
7858
7363
6291
4804
3131
1632
716
834
1936
3369
4317
4073
2379
-392
-3563
-6352
-8000
-8118
-6812
-4663
-2612
-1468
-1468
-2364
-3512
-4419
-4786
-4696
-4218
-3366
-2152
-650
781
1774
2003
1403
227
-1031
-1917
-2021
-1410
-364
602
1037
809
115
-666
-1410
-2068
-2751
-3422
-3850
-3787
-3153
-2112
-1071
-392
-88
10
100
196
267
289
263
243
320
528
829
1233
1794
2577
3519
3934
2510
-2229
-10363
-19451
-25143
-24026
-16423
-6402
910
3085
1015
-2339
-4219
-3732
-1659
718
2750
4579
7008
10420
14579
18692
21345
21215
17733
11826
5911
2551
2963
6081
9442
10854
9610
6507
2957
-29
-2399
-4622
-7090
-9496
-10912
-10368
-7687
-3623
318
2621
2588
632
-2106
-4148
-4378
-2652
556
4149
6998
8614
8890
8155
6842
5168
3247
1219
-622
-1915
-2305
-1881
-928
-92
-63
-1195
-3323
-5779
-7658
-8327
-7728
-6235
-4599
-3344
-2584
-2213
-1934
-1648
-1465
-1542
-1869
-2222
-2213
-1498
-199
1330
2522
2857
2250
954
-535
-1637
-2042
-1820
-1456
-1294
-1465
-1811
-2134
-2305
-2459
-2733
-3160
-3625
-3815
-3439
-2380
-876
585
1608
2031
1895
1437
905
494
284
400
956
2067
3436
3989
2101
-3496
-12194
-20973
-25542
-23432
-15988
-7382
-1676
47
-601
-1176
-211
1756
3359
3728
3360
3517
5352
9087
13982
18729
21739
21892
18944
13886
8760
5517
4783
5503
5944
5090
3329
1950
1675
2018
1506
-983
-5199
-9545
-12166
-12130
-9793
-6329
-2857
-164
1450
2131
2209
2097
2044
2054
1976
1915
2167
3113
4875
6776
7982
7818
6351
4153
1828
-209
-1949
-3348
-4257
-4569
-4263
-3590
-2937
-2577
-2602
-3025
-3848
-4966
-6123
-6791
-6544
-5296
-3464
-1631
-192
658
919
758
263
-421
-972
-1189
-944
-447
11
344
577
835
945
568
-420
-1829
-3171
-4118
-4501
-4406
-4027
-3373
-2517
-1604
-872
-549
-511
-605
-564
-375
-181
-80
-28
155
505
1015
1615
2309
3171
3905
3421
116
-6820
-16001
-23570
-25586
-21143
-13155
-6134
-2480
-1320
-378
1735
4347
5761
5100
3242
2146
3165
6334
10707
15184
18900
21068
20977
18586
14785
10843
7712
5344
3246
1173
-311
-322
1134
2781
2931
851
-2667
-6031
-8205
-9174
-9470
-9410
-8598
-6529
-3224
623
3898
5891
6488
5864
4572
3236
2420
2463
3186
3996
4429
4481
4583
4929
5113
4306
2052
-1174
-4261
-6215
-6798
-6450
-5760
-4926
-3885
-2746
-1917
-1776
-2404
-3481
-4567
-5319
-5631
-5302
-4125
-2216
-146
1383
1960
1808
1448
1153
706
-209
-1490
-2566
-2818
-2103
-849
215
705
540
-1
-814
-1873
-3077
-4133
-4729
-4691
-4076
-3060
-1709
-172
1305
2308
2619
2286
1618
919
319
-154
-452
-370
343
1787
3287
3203
-296
-7691
-16926
-23789
-25064
-21090
-15132
-10452
-7560
-4861
-958
3856
7904
9570
8774
6706
5064
5032
6637
9385
12873
16428
19069
19959
19007
16984
14594
11884
8405
4203
50
-2866
-3851
-3297
-2341
-1909
-2153
-2566
-2863
-3350
-4581
-6456
-8210
-8793
-7744
-5413
-2335
973
4064
6516
7963
8329
8035
7347
6282
4804
2961
1282
606
1096
2353
3367
3352
2305
659
-996
-2588
-4313
-6105
-7490
-7923
-7316
-5939
-4344
-2902
-1830
-1287
-1352
-1897
-2554
-3029
-3062
-2720
-2238
-1660
-839
349
1767
2876
3155
2470
1212
-108
-1207
-2084
-2679
-2923
-2811
-2393
-1856
-1470
-1428
-1679
-2170
-2704
-3086
-3257
-3128
-2622
-1764
-676
447
1438
2282
2821
2858
2448
1633
737
228
329
1143
1915
780
-3846
-11808
-20105
-24484
-23289
-18725
-14373
-12025
-10321
-7044
-1892
3943
8701
10864
10485
8720
7181
7288
8933
11346
14099
16728
18442
18737
17750
16536
15721
14412
11402
6567
1262
-2839
-4988
-5611
-5503
-5106
-4659
-4357
-4071
-3891
-3785
-3705
-3803
-4150
-4763
-5182
-4474
-1987
1770
5408
7815
8861
9100
9138
8841
7849
5969
3534
1299
-184
-743
-643
-380
-256
-368
-804
-1798
-3248
-4665
-5599
-6111
-6492
-6771
-6644
-5840
-4487
-3059
-2017
-1458
-1133
-948
-897
-1005
-1348
-1694
-1763
-1348
-627
181
811
1223
1479
1444
1054
294
-584
-1433
-2203
-2892
-3464
-3758
-3769
-3499
-3051
-2596
-2187
-1800
-1372
-866
-345
83
375
643
850
1007
1202
1423
1768
2201
2677
3133
3023
893
-4489
-12532
-20441
-24248
-23059
-19577
-16706
-15195
-12992
-7987
-867
6012
10953
12928
12228
10271
8431
8000
9177
10841
12344
13710
14845
16033
17564
18939
19440
17800
13323
7371
2054
-1482
-3617
-5502
-7602
-9219
-9309
-7851
-5436
-2958
-1382
-860
-1302
-2279
-3182
-3464
-2739
-1208
484
1802
3044
4990
7610
9988
10901
9889
7656
5226
3291
1761
428
-927
-2351
-3400
-3765
-3370
-2583
-2072
-2237
-3008
-4143
-5207
-5876
-6070
-5956
-5832
-5664
-5159
-3949
-2235
-573
565
915
558
-162
-747
-969
-904
-790
-797
-844
-615
-137
422
789
750
334
-391
-1201
-1880
-2444
-2990
-3514
-3925
-3986
-3667
-3057
-2120
-936
198
1002
1341
1383
1340
1159
849
466
166
219
754
1921
3045
2140
-2480
-10255
-18188
-22245
-21676
-19591
-18830
-19141
-17880
-12780
-4657
3449
9681
13300
14162
13519
12719
12574
13239
13565
12710
11623
11571
13003
15672
18379
19631
18752
15813
11861
8293
5283
1902
-2450
-7345
-11265
-12813
-12030
-9903
-7537
-5560
-3976
-2491
-1082
211
1083
1259
764
-26
-523
-52
1582
3700
5669
6976
7652
8126
8413
8219
7230
5376
2912
292
-1980
-3711
-4708
-5180
-5374
-5348
-5043
-4493
-3918
-3513
-3393
-3593
-3985
-4498
-4899
-4964
-4647
-3997
-3020
-1945
-981
-113
663
1443
1968
2007
1502
544
-438
-1178
-1629
-1790
-1798
-1778
-1670
-1487
-1200
-993
-995
-1315
-1911
-2625
-3284
-3633
-3614
-3235
-2627
-1861
-927
95
1165
2007
2400
2405
2242
2166
2352
2819
2650
80
-5665
-13189
-19482
-21922
-21081
-19752
-19551
-19458
-17404
-12092
-4438
2901
8059
10760
11812
12549
13661
14509
14572
13837
12734
11981
12171
13544
15672
17556
18237
17548
15968
14163
12239
9574
5727
873
-4101
-8128
-10483
-11418
-11449
-10857
-9739
-7945
-5568
-3041
-983
358
1049
1287
1251
1122
1011
1199
1842
2816
3917
5002
6028
6932
7550
7790
7467
6519
4958
2931
709
-1407
-3194
-4569
-5462
-5987
-6125
-5933
-5440
-4756
-4096
-3648
-3626
-3952
-4386
-4568
-4412
-4092
-3736
-3326
-2597
-1471
-122
1062
1776
1954
1783
1434
1073
661
46
-782
-1741
-2448
-2756
-2713
-2429
-2186
-2109
-2126
-2156
-2254
-2389
-2504
-2613
-2671
-2524
-2163
-1618
-935
-377
37
456
1021
1792
2642
3485
4336
4943
4000
244
-5930
-12234
-16191
-17647
-18616
-20154
-20936
-19405
-15593
-10645
-5429
-145
5002
9054
11613
13038
13754
13987
13695
12982
12080
11403
11294
11794
12530
13382
14682
16182
16901
16117
14072
11568
9122
6218
2454
-1817
-5784
-8858
-10797
-11604
-11476
-10551
-9168
-7508
-5615
-3448
-1083
872
1764
1601
1005
797
993
1220
1177
1219
1789
2955
4498
5993
7167
7766
7806
7279
6224
4747
2824
496
-1872
-3909
-5245
-5900
-6175
-6287
-6197
-5713
-5043
-4500
-4140
-3929
-3792
-3712
-3729
-3688
-3453
-3047
-2447
-1808
-1087
-386
218
699
985
1203
1357
1314
770
-114
-1062
-1701
-2044
-2215
-2371
-2604
-2717
-2608
-2274
-1801
-1431
-1269
-1249
-1371
-1425
-1389
-1214
-1093
-1090
-978
-648
59
1019
2131
3204
3398
1615
-2256
-6804
-10066
-11364
-12305
-14326
-16772
-17683
-16128
-12928
-9380
-5923
-2208
1620
4943
7556
9810
11806
12989
12891
11792
10814
10677
10978
10919
10307
10017
10792
12212
13324
13620
13412
12983
12082
10368
7958
5368
2609
-249
-3268
-6023
-7884
-8788
-9052
-8928
-8276
-6973
-5273
-3707
-2638
-1831
-792
421
1305
1490
1213
1075
1317
1967
2778
3585
4340
4917
5449
5925
6309
6257
5374
3691
1684
-129
-1547
-2832
-4284
-5693
-6579
-6694
-6173
-5544
-4987
-4562
-4376
-4132
-3943
-3766
-3576
-3524
-3627
-3574
-3164
-2411
-1682
-1293
-1108
-803
-263
234
447
363
117
-163
-478
-907
-1293
-1591
-1807
-1937
-2031
-1912
-1701
-1534
-1643
-1821
-1899
-1801
-1633
-1544
-1451
-1236
-844
-497
-243
-96
177
618
1172
1813
2043
1504
-34
-2060
-3727
-4760
-5668
-7251
-9324
-10918
-11140
-10130
-8539
-6743
-4713
-2498
-344
1663
3700
5790
7468
8290
8195
7788
7654
7801
7963
8009
8151
8594
9299
10102
10706
11156
11384
11153
10376
9154
7770
6405
5070
3568
1919
342
-953
-1881
-2588
-3121
-3299
-3103
-2667
-2178
-1612
-845
107
837
1108
1049
863
787
663
359
35
-111
-35
62
186
285
342
239
-131
-613
-1141
-1654
-2144
-2661
-3223
-3702
-3976
-4077
-4185
-4266
-4386
-4346
-4164
-3930
-3699
-3555
-3578
-3701
-3803
-3751
-3545
-3286
-3074
-2884
-2622
-2273
-2003
-1959
-2036
-2056
-1858
-1610
-1486
-1521
-1655
-1771
-1799
-1819
-1806
-1771
-1666
-1437
-1132
-821
-547
-410
-437
-435
-347
-85
234
339
406
534
863
1333
1755
2032
2199
2313
2499
2857
3224
3424
3226
2601
1760
896
188
-486
-1169
-1733
-2183
-2508
-2585
-2423
-2002
-1461
-869
-247
394
1124
1931
2739
3511
4182
4592
4736
4624
4360
4015
3727
3508
3408
3462
3702
4109
4579
4894
4852
4553
4028
3502
3057
2651
2181
1728
1256
830
561
300
80
-100
-199
-254
-273
-242
-241
-349
-474
-521
-547
-686
-1044
-1438
-1779
-2007
-2177
-2256
-2311
-2367
-2356
-2280
-2216
-2160
-2177
-2261
-2219
-2056
-1834
-1680
-1689
-1890
-2113
-2280
-2302
-2232
-2067
-1926
-1847
-1749
-1635
-1578
-1506
-1369
-1163
-1095
-1178
-1357
-1653
-1821
-1881
-1841
-1715
-1598
-1480
-1342
-1201
-1055
-924
-759
-602
-427
-299
-218
-160
-169
-104
-4
175
424
675
885
947
905
846
770
776
775
782
783
753
798
907
1048
1126
1151
1150
1241
1376
1535
1610
1531
1358
1113
910
762
597
412
146
-68
-145
-162
-119
-94
-90
-118
-260
-353
-299
-105
145
272
271
233
192
219
307
350
343
314
292
277
331
489
690
946
1220
1419
1556
1602
1620
1660
1658
1647
1581
1420
1203
995
841
785
752
714
664
633
613
505
367
280
256
345
495
589
629
629
577
438
274
114
-28
-150
-230
-270
-231
-105
-115
-257
-525
-751
-943
-1117
-1282
-1496
-1599
-1679
-1745
-1858
-1935
-1913
-1898
-1857
-1867
-1845
-1691
-1463
-1267
-1131
-1058
-1111
-1228
-1365
-1392
-1259
-1060
-835
-743
-737
-645
-532
-350
-154
-31
-11
-47
-172
-259
-223
-164
-77
-34
-39
34
213
459
608
644
567
423
323
337
465
620
710
654
591
541
520
593
745
871
949
855
704
607
558
587
588
554
500
384
346
280
173
137
87
62
-7
-162
-289
-410
-408
-291
-134
38
131
115
33
-64
-233
-355
-471
-462
-345
-172
5
113
158
188
191
186
171
92
-43
-170
-141
37
369
614
652
540
526
649
864
1087
1171
1054
939
835
805
899
966
1007
980
926
838
792
700
543
336
162
51
32
8
-36
-92
-182
-201
-159
-150
-101
-145
-235
-361
-486
-512
-473
-433
-449
-549
-718
-785
-815
-731
-646
-533
-488
-489
-541
-714
-889
-1052
-1153
-1218
-1230
-1263
-1207
-1172
-1043
-906
-813
-780
-782
-754
-641
-445
-322
-251
-265
-255
-222
-35
182
289
325
238
191
235
347
491
573
574
527
455
422
378
267
165
137
191
258
386
414
403
437
494
560
631
608
489
390
367
386
255
57
-119
-157
-77
34
148
210
254
230
232
203
155
107
-18
-92
-101
-6
80
203
243
207
159
192
316
409
360
210
34
-64
23
162
262
218
100
-14
-64
-12
-15
-134
-199
-306
-361
-381
-329
-244
-232
-187
-142
53
251
378
365
258
168
86
68
113
119
149
152
206
249
194
192
209
261
256
163
9
-159
-262
-308
-298
-323
-391
-373
-334
-293
-298
-389
-428
-392
-318
-147
-70
-46
-122
-277
-376
-361
-244
-115
-42
-77
-270
-447
-501
-418
-233
4
148
113
130
122
101
68
-31
-170
-227
-186
-43
46
36
13
-7
-27
25
71
89
135
126
208
339
311
210
113
119
200
360
473
487
382
254
231
269
327
268
194
113
64
11
-29
-98
-137
-16
187
347
352
170
-72
-392
-536
-425
-235
-57
54
38
-71
-177
-255
-240
-192
-126
-89
-173
-295
-388
-532
-620
-629
-536
-440
-356
-197
-40
50
125
177
161
121
42
-66
-142
-161
-12
188
367
452
421
339
287
310
366
477
486
380
313
184
107
13
-18
-60
-104
-146
-187
-154
-151
-126
-88
7
94
139
111
4
-15
-9
34
121
156
94
36
73
113
181
182
151
110
158
284
394
345
104
-100
-255
-232
-83
82
176
180
127
-10
-160
-241
-260
-245
-134
-72
-8
-32
-117
-138
-123
-80
31
116
146
237
272
247
221
70
-98
-258
-283
-140
5
184
193
240
312
312
284
209
39
-168
-252
-309
-289
-186
-127
-135
-143
-128
-134
-213
-284
-343
-358
-390
-352
-333
-354
-433
-570
-644
-633
-586
-474
-340
-236
-148
-46
97
218
277
243
145
86
25
88
237
266
200
-23
-297
-397
-388
-239
33
401
645
644
523
386
301
204
204
215
275
331
399
399
331
180
11
-112
-185
-230
-281
-208
-121
43
257
393
365
204
-26
-264
-377
-355
-216
-45
154
234
202
157
115
106
83
84
115
138
117
109
69
-7
-55
-120
-163
-163
-133
-29
59
179
217
246
385
478
532
357
123
-62
-98
31
175
247
182
19
-251
-443
-464
-378
-148
97
313
362
271
130
-18
-131
-108
-91
-126
-250
-384
-256
-77
78
53
-114
-360
-627
-723
-624
-442
-227
-158
-209
-298
-339
-195
-28
10
-79
-198
-326
-320
-137
117
287
320
103
-188
-387
-380
-282
-134
-55
-54
-20
-119
-100
74
254
292
213
76
83
267
524
666
596
318
134
144
343
614
794
785
529
201
-69
-145
-161
-114
-67
5
19
-9
29
-17
-26
-109
-265
-386
-410
-324
-185
8
116
205
256
217
110
20
-29
-105
-149
-253
-286
-228
-75
119
192
51
-101
-101
15
178
264
277
178
154
247
359
376
235
42
-179
-286
-161
91
316
450
394
252
142
71
58
87
71
-87
-217
-359
-423
-402
-373
-398
-375
-206
-65
-59
-128
-148
-240
-285
-364
-476
-548
-578
-550
-559
-552
-592
-629
-601
-579
-512
-424
-265
-150
-99
-61
-89
-99
-30
58
226
337
302
237
87
58
206
357
491
516
478
413
429
465
461
351
154
17
57
224
411
430
273
36
-147
-167
-51
141
364
542
640
668
648
633
646
594
398
241
109
2
-37
-44
-6
9
-69
-69
-59
-85
-127
-107
-1
221
418
507
519
337
227
88
-19
-4
44
233
480
738
845
738
463
116
16
44
193
376
471
430
270
4
-242
-341
-382
-319
-329
-324
-435
-544
-554
-547
-626
-629
-592
-602
-746
-996
-1144
-1231
-1176
-1074
-823
-655
-592
-774
-1034
-1273
-1370
-1345
-1155
-909
-733
-556
-387
-288
-323
-195
-101
46
138
122
119
133
306
484
516
453
317
49
-188
-214
-138
67
218
334
319
148
-145
-381
-404
-282
-65
72
168
179
230
327
509
572
446
293
239
286
364
491
471
463
467
418
333
228
216
328
476
627
725
726
657
618
521
612
795
905
889
733
702
796
948
976
815
520
236
81
79
187
274
363
433
391
202
-6
-161
-146
-4
149
192
52
-196
-542
-618
-478
-199
-78
-78
-201
-257
-108
165
476
549
512
355
270
359
471
538
404
73
-260
-224
37
277
364
77
-372
-698
-663
-356
-88
-50
-239
-606
-868
-896
-645
-288
-171
-376
-737
-1050
-1234
-1230
-1054
-884
-728
-586
-534
-583
-770
-800
-648
-555
-479
-505
-693
-875
-1085
-1131
-982
-666
-424
-312
-232
-247
-233
-235
-160
-90
12
131
102
124
178
291
341
312
143
-83
-145
-1
187
289
315
245
302
429
580
717
773
594
300
92
69
358
699
806
778
705
653
640
654
733
837
880
841
783
763
731
807
898
770
530
342
263
301
316
211
19
-186
-376
-524
-452
-253
-91
22
7
-109
-228
-259
-156
-48
-16
-27
-185
-336
-445
-434
-243
-15
52
-105
-441
-664
-661
-489
-104
199
367
91
-407
-818
-933
-738
-441
-292
-356
-608
-994
-1215
-1230
-920
-494
-213
-132
-355
-709
-938
-921
-658
-420
-365
-491
-684
-651
-353
146
653
918
926
765
661
579
680
1010
1408
1638
1602
1346
1123
1113
1321
1637
1867
2055
2084
2081
1974
1977
2088
2089
1928
1561
1125
830
796
862
891
744
370
-87
-441
-596
-547
-457
-525
-643
-875
-998
-1038
-1125
-1157
-1235
-1332
-1387
-1386
-1423
-1476
-1504
-1439
-1205
-981
-863
-898
-998
-1092
-949
-756
-633
-626
-644
-721
-875
-960
-956
-776
-581
-505
-538
-532
-455
-242
10
385
775
1228
1664
1478
-405
-4538
-9283
-11911
-11093
-8118
-5429
-3870
-3252
-3883
-5933
-7973
-7952
-6152
-5085
-5838
-6222
-3747
732
4569
6453
7180
6971
5447
3684
4223
7528
11052
12495
12610
13142
14228
14574
13604
12072
10519
8988
7827
7805
8804
9807
9649
8084
5659
2947
293
-1987
-3736
-4768
-4920
-4414
-3742
-3646
-4128
-5019
-6068
-7498
-9230
-10581
-10962
-10384
-9074
-7205
-5284
-4168
-4222
-4889
-5192
-4613
-3427
-1921
-177
1600
3150
4229
4679
4584
3851
2749
1687
1262
1662
2461
3042
3123
2674
1916
1050
152
-681
-1245
-1506
-1611
-1440
-1077
-710
-736
-1448
-2657
-3724
-4324
-4407
-4085
-3271
-2185
-1392
-889
-756
-653
-553
-482
-213
303
986
1563
1949
2134
2229
2169
2028
1957
2020
2360
2940
3566
3350
505
-5686
-12562
-15291
-12416
-7823
-6607
-8520
-9269
-7892
-7678
-10039
-11538
-10165
-8892
-9996
-10052
-4784
2738
5726
3741
2401
4236
5853
4911
4360
7096
10931
12699
13284
15205
17512
16918
13465
10621
10391
11022
10876
10386
10655
11147
10781
9383
7078
3996
548
-2329
-3885
-4151
-3454
-2570
-2316
-2933
-4160
-5300
-6605
-8578
-10663
-11303
-9767
-7290
-5328
-4217
-3620
-3663
-4554
-5542
-6004
-6016
-5619
-4218
-1263
2312
4659
4900
3773
2418
1383
697
547
1041
2071
3343
4441
4688
3702
1735
-519
-2215
-2863
-2461
-1480
-708
-290
159
552
56
-1748
-4022
-5202
-4764
-3289
-1800
-724
-228
-453
-901
-995
-828
-1087
-1765
-1964
-934
785
1963
2174
1661
1082
857
977
1093
866
345
265
1004
2072
2766
2784
2294
2032
1310
-1698
-8094
-15165
-17301
-13092
-7749
-7332
-10622
-11079
-7800
-6918
-11092
-15070
-13895
-10287
-8644
-7297
-2079
4237
5376
2460
2299
6177
8128
5418
3790
8139
14825
17950
17729
17589
17851
16453
13851
12669
13264
13110
11740
11382
12753
13836
12336
8496
4010
436
-1429
-1779
-1802
-2283
-2841
-2809
-2619
-3175
-4786
-7075
-9525
-11556
-11888
-9764
-6605
-4557
-4183
-4340
-4073
-3982
-4557
-5280
-5468
-4831
-3334
-966
1691
3586
3630
2329
1051
502
653
853
816
810
1378
2530
3345
2760
784
-1581
-3346
-3766
-2959
-1556
-828
-1375
-2267
-2444
-1874
-1729
-2802
-4210
-4549
-3353
-1385
195
756
165
-785
-1195
-624
192
387
87
181
1248
2720
3560
2987
1659
488
214
849
1824
2324
2041
1502
1284
1552
1721
1434
710
272
672
1797
2012
-1149
-8537
-16254
-17893
-12812
-8088
-9637
-14099
-13228
-7056
-4619
-9700
-15320
-14490
-9874
-7216
-5808
-1523
3571
4459
2995
5061
9695
10276
5576
3187
8122
15552
18512
17400
16635
17161
16881
15240
13817
13033
11541
9922
10067
11870
12955
11323
7536
3266
42
-1652
-2327
-3073
-3819
-4044
-3705
-3502
-4088
-5177
-6431
-8147
-10280
-11134
-9468
-6341
-3895
-3038
-2943
-2894
-2934
-3037
-2806
-2455
-2360
-2156
-970
1394
3481
3741
2339
466
-389
-89
680
1159
921
394
263
546
535
-238
-1777
-3545
-4575
-4228
-2807
-1678
-1946
-3251
-4150
-3884
-3043
-2557
-2680
-2764
-2467
-1629
-473
544
807
198
-417
-222
876
2012
2395
2131
1874
1905
2148
2379
2312
1730
937
553
722
1103
1282
930
309
-37
-18
396
688
589
273
244
891
2032
2289
-564
-7558
-15595
-18009
-12899
-7027
-7976
-13278
-13456
-6396
-1848
-6850
-15208
-16663
-11266
-6403
-4391
-1146
3548
5079
3577
4523
8748
10080
5864
2462
6270
14044
18450
18063
16867
16726
15821
13562
11829
11503
11217
10370
10129
10966
11723
10953
8500
4684
420
-2937
-4587
-4430
-3348
-2308
-1998
-2915
-4641
-5931
-6406
-7234
-9181
-10968
-10375
-7151
-3342
-1018
-660
-1710
-3338
-4361
-4183
-2997
-1838
-1298
-784
681
2809
4191
3743
1669
-601
-1741
-1320
-88
915
1249
950
58
-1020
-1790
-2320
-2988
-4092
-4887
-4453
-2973
-1498
-1074
-1686
-2636
-3417
-3725
-3260
-2138
-1024
-555
-385
139
1174
1963
1773
809
-17
162
1212
2434
3070
2701
1808
1077
1024
1347
1428
984
213
-236
-88
522
1020
939
178
-731
-1107
-847
-334
99
362
499
596
854
1346
848
-2964
-10505
-17018
-16208
-9182
-4886
-8997
-15038
-12672
-3765
-511
-7822
-16418
-16421
-10107
-5263
-2964
618
4402
4316
2274
3933
8688
9945
5982
3548
7539
14276
17796
17830
17616
17546
15758
12608
10722
11140
12280
12614
12228
11452
10612
9761
8534
5970
2145
-1644
-3903
-3965
-2363
-442
343
-1182
-4246
-6612
-7100
-6830
-7527
-8804
-8966
-7194
-4740
-2464
-1144
-1193
-2657
-4817
-6007
-5426
-3463
-1434
50
1084
1442
1166
485
-91
-494
-1074
-2158
-3093
-2589
-426
2019
2550
678
-2145
-4092
-4438
-3912
-3282
-2946
-2970
-3029
-2569
-1514
-736
-1236
-2960
-4303
-4065
-2431
-687
401
773
689
491
368
486
588
406
170
311
930
1808
2397
2547
2053
1020
5
-342
155
853
1186
1049
870
841
834
824
617
215
-361
-702
-362
490
1310
1805
2113
2317
2223
584
-3880
-10250
-14889
-13433
-7440
-4616
-9071
-14608
-12094
-3567
-214
-6946
-15440
-15801
-9518
-4866
-3634
-1057
3503
6134
5751
5659
6956
6721
4733
4945
9575
15141
17245
16492
16123
16627
15697
12716
9513
8121
8919
11120
12930
13130
11891
9751
6823
2682
-1744
-4453
-4305
-2442
-932
-674
-1428
-2733
-4262
-5631
-7083
-9238
-11229
-10793
-6710
-943
2834
2464
-944
-4466
-5431
-3462
-259
2077
2782
2628
2547
2629
2224
621
-2013
-4493
-5188
-3476
-885
483
-597
-3331
-6242
-8030
-8034
-6449
-4383
-3234
-3566
-4372
-4409
-3872
-3714
-4088
-3857
-2006
1066
3385
3503
1689
-465
-1225
-9
2491
4552
4825
3570
2146
1450
1131
479
-847
-1813
-1430
363
2324
2746
1269
-1127
-2719
-2682
-1292
448
1684
2078
1873
1581
1473
1432
1184
811
720
1137
1805
2293
2335
1961
1676
1831
1909
-315
-7106
-17208
-24108
-21280
-10006
503
2665
-3138
-11092
-16182
-16569
-11556
-2154
7355
11985
11442
9821
9944
10253
8615
6780
8393
14011
20049
22341
19445
12616
4811
-793
-2132
337
3941
5638
4054
-116
-4917
-8727
-11099
-12119
-11254
-7562
-1761
3215
4396
1283
-3474
-6058
-4172
1933
9598
15056
15932
12767
8300
5010
3461
3046
3417
4362
5685
6122
4246
-440
-6723
-12126
-14473
-13332
-9822
-6219
-4824
-6265
-9625
-12551
-13098
-11182
-7441
-2852
1551
4667
5444
3897
1271
-686
-815
1281
4694
7632
8154
5458
905
-3081
-4784
-4091
-2023
-2
997
375
-1698
-4134
-5699
-5787
-4498
-2439
-265
1096
973
-416
-2243
-3113
-2375
-194
2535
4487
4961
4129
2667
1316
825
1367
2539
3738
4158
3570
2179
499
-955
-1752
-1655
-996
-349
-244
-670
-1368
-1999
-2392
-2316
-1514
-126
1510
2785
2122
-2344
-11062
-20629
-23952
-17326
-4807
4350
4591
-2718
-11619
-16468
-14736
-6436
4609
13136
15502
12470
8178
5561
5012
5858
8501
13036
17392
18689
15672
9788
3577
-781
-2154
-365
3240
6008
5763
2116
-3250
-7897
-10134
-9228
-5460
-5
4987
7126
5253
782
-3076
-3576
60
6139
11825
14538
13022
8481
3480
461
-69
1002
2425
3504
3585
1972
-1499
-6088
-9986
-11717
-10737
-7742
-4853
-3893
-5291
-7726
-9349
-9142
-7188
-4276
-1033
1678
3219
3021
1345
-514
-1378
-544
1506
3349
3878
2559
-97
-2913
-4526
-4420
-3098
-1673
-876
-868
-1554
-2590
-3755
-4335
-3745
-2141
-29
1476
1711
677
-931
-1994
-1698
-109
1689
2893
2817
1686
337
-364
56
1240
2588
3405
3327
2168
406
-1148
-1574
-816
424
1256
1134
286
-894
-1790
-2144
-1807
-1079
-373
81
287
424
541
911
1481
1919
382
-4675
-12988
-20515
-21709
-15043
-4754
1845
895
-6458
-14536
-17655
-13165
-2554
8682
15194
14905
10039
5273
3690
5762
9841
14012
16844
17208
14976
10970
6633
3002
928
782
2478
4902
5892
4051
-472
-5631
-8865
-8506
-4669
768
5210
6422
4313
506
-2247
-1910
1367
6145
10270
11987
10799
7203
3038
200
-517
780
2887
4282
3813
969
-3342
-7460
-9766
-9644
-7643
-5322
-3886
-4050
-5518
-7248
-8365
-8237
-6623
-3723
-313
2296
2840
1219
-1454
-3264
-3114
-1041
1718
3284
2532
-170
-3314
-5251
-5118
-3570
-1721
-666
-728
-1527
-2499
-3137
-3218
-2644
-1519
-162
1025
1545
1148
101
-951
-1191
-475
983
2426
2964
2346
1010
-150
-373
550
2077
3415
3820
2958
1242
-468
-1355
-1017
121
1240
1662
1110
-9
-1151
-1777
-1847
-1335
-495
24
-19
-365
-688
-558
-106
430
1012
1664
991
-2934
-10149
-17768
-20743
-17158
-9499
-2830
-845
-4155
-10295
-14615
-13321
-5888
3918
11203
13600
11730
8146
5495
5151
7275
10761
13912
15286
14236
11286
7328
3553
1244
913
2272
4080
4825
3766
1134
-1919
-3762
-3642
-1594
1509
4450
6097
6077
4776
3111
2223
2671
4514
7033
8943
9207
7335
4022
942
-836
-827
293
1001
447
-1420
-3938
-6104
-7088
-6879
-5945
-5222
-5456
-6039
-5989
-4917
-3580
-3027
-3307
-3386
-2573
-983
379
852
276
-900
-1928
-2184
-1647
-1163
-1592
-2832
-3946
-4340
-4102
-3788
-3710
-3693
-3373
-2902
-2231
-1553
-1150
-950
-904
-584
67
669
951
921
826
966
1288
1526
1566
1414
1261
1129
1219
1534
1793
1844
1678
1418
1220
1036
684
267
14
33
205
255
134
-98
-189
129
599
967
959
605
88
-419
-658
-565
-102
645
1300
1659
1866
1014
-2669
-9275
-16263
-19421
-16865
-10990
-5479
-3161
-5073
-9955
-14079
-13441
-6871
2377
9269
11340
9670
6657
4616
5002
7838
11707
14166
13890
11466
8361
5957
4526
4016
4262
4614
4334
3090
1174
-420
-1049
-726
366
1693
2844
3745
4319
4676
5120
5614
6079
6277
6340
6429
6227
5690
4759
3535
2365
1412
515
-485
-1840
-3376
-4465
-4785
-4407
-4026
-4010
-4630
-5778
-6556
-6065
-4062
-1675
-507
-1247
-2886
-3600
-2692
-662
1053
1408
276
-1608
-3084
-3334
-2691
-2225
-2520
-3504
-4462
-5077
-5331
-5221
-4807
-4168
-3474
-2882
-2428
-2013
-1673
-1286
-797
-96
605
945
962
821
782
1015
1328
1461
1358
1077
829
729
865
1185
1409
1449
1355
1213
1123
982
672
348
256
359
564
666
482
239
109
44
96
242
404
307
-60
-666
-1122
-1099
-557
394
1361
2049
2152
1662
-617
-5591
-11989
-16883
-17377
-13806
-9051
-5584
-5000
-7565
-11499
-13461
-10327
-2555
5614
10163
10265
7798
5326
4631
6402
10021
13193
14037
12166
8954
6400
5119
4868
5327
5829
5739
4684
2824
1182
463
928
2255
3909
5343
6053
5903
5245
4928
5262
6026
6660
6756
6399
5591
4454
3087
1754
711
54
-352
-931
-2001
-3619
-5090
-5646
-5126
-4017
-3193
-3161
-3885
-4822
-5124
-4276
-2431
-738
-319
-1490
-3053
-3748
-3104
-1521
-453
-721
-2248
-4106
-5116
-4964
-4224
-3749
-4035
-4759
-5463
-5747
-5526
-4853
-3971
-3076
-2275
-1569
-1083
-893
-800
-477
143
968
1626
1776
1548
1180
1170
1437
1655
1657
1358
1053
960
1018
1177
1194
1019
824
913
1279
1892
2224
2060
1457
699
251
317
677
791
538
226
311
731
1245
1248
731
4
-467
-617
-616
-699
-943
-991
-651
-23
426
713
500
-1644
-6737
-13226
-17096
-15864
-11463
-7552
-6056
-6630
-8516
-10634
-10831
-7116
-381
5914
8878
8581
6921
5599
5352
6604
9256
11986
12924
11355
8238
5423
3955
3753
4422
5152
5168
4138
2339
840
776
2224
4165
5738
6575
6702
6392
5898
5735
6066
6474
6603
6293
5642
4626
3101
1401
123
-164
36
-313
-1454
-3095
-4455
-4960
-4592
-3666
-2684
-2296
-2725
-3615
-4390
-4157
-3081
-1664
-868
-1250
-2282
-3112
-3218
-2664
-2145
-2091
-2565
-3445
-4175
-4495
-4418
-4285
-4407
-4673
-4693
-4576
-4373
-4136
-3759
-3190
-2493
-1745
-1108
-569
-181
63
213
505
791
1056
1206
1190
1140
1005
901
796
814
909
1054
1084
842
566
419
444
672
1034
1272
1400
1436
1365
1139
717
249
3
161
603
883
761
519
328
332
311
36
-274
-589
-745
-665
-563
-384
-163
-13
2
12
189
846
1055
-1391
-6977
-13200
-16047
-14145
-10326
-7793
-7167
-7819
-9070
-10209
-9335
-5157
1071
6014
7978
7668
6536
5630
5353
6532
9128
11617
12181
10401
7510
5174
3942
3867
4593
5535
5786
4875
3272
2149
2163
3081
4432
5868
6982
7599
7494
6766
5974
5408
5215
5149
5230
5197
4587
3186
1444
19
-802
-1271
-1716
-2186
-2663
-3055
-3543
-3920
-4046
-3748
-3246
-2821
-2683
-2974
-3281
-3331
-3003
-2276
-1582
-1379
-1725
-2560
-3323
-3697
-3719
-3645
-3732
-4033
-4428
-4763
-5025
-5108
-4874
-4337
-3714
-3313
-3157
-3089
-2893
-2477
-1822
-979
-253
189
187
-86
-234
-170
140
562
936
1163
1207
1084
887
705
570
509
706
1058
1353
1558
1613
1645
1675
1639
1587
1440
1082
805
672
672
734
650
352
-99
-559
-829
-659
-98
481
600
144
-549
-976
-1177
-1151
-902
-585
-82
349
625
859
1119
680
-1984
-7048
-12201
-14035
-12095
-9284
-8230
-8789
-9295
-8916
-8208
-6864
-3902
137
3534
5264
5911
6313
6469
6430
7067
8777
10605
10800
8908
6348
4806
4546
4985
5432
5597
5288
4432
3576
3269
3728
4535
5227
6026
6975
7704
7732
7021
6156
5703
5761
5909
5684
4951
3589
1911
482
-323
-444
-618
-1267
-2119
-2924
-3377
-3573
-3626
-3536
-3433
-3113
-2570
-2296
-2411
-2811
-3248
-3233
-2636
-1937
-1458
-1538
-2271
-3264
-4240
-4774
-4671
-4191
-3715
-3512
-3783
-4405
-5112
-5489
-5174
-4378
-3525
-3029
-2770
-2743
-2739
-2548
-2097
-1449
-788
-313
-162
-253
-435
-525
-426
26
586
1070
1217
1159
1039
1042
1201
1412
1603
1652
1694
1565
1318
1033
946
1047
1196
1334
1372
1192
759
342
156
238
404
448
429
387
443
461
304
-62
-381
-407
-235
12
-189
-714
-1212
-1196
-432
707
1625
1926
1547
-203
-3943
-8711
-12040
-11823
-9123
-7057
-7270
-8875
-10121
-9827
-8239
-5389
-1669
1881
4188
5124
5403
5403
5374
5622
6809
8526
9673
9214
7743
6196
5195
4698
4454
4441
4484
4353
4181
4142
4235
4360
4252
4715
5962
7506
8301
7874
6615
5312
4490
4371
4858
5500
5511
4427
2737
1070
-44
-818
-1386
-1774
-1998
-2207
-2613
-3360
-3959
-4234
-3915
-3174
-2286
-1855
-2103
-2753
-3262
-2965
-2340
-1881
-1926
-2210
-2703
-3273
-3807
-4236
-4533
-4446
-4225
-4068
-4334
-4984
-5485
-5589
-4957
-4098
-3347
-2892
-2635
-2407
-2204
-2097
-2004
-1805
-1458
-1057
-481
-87
116
81
5
125
439
899
1301
1537
1549
1344
1188
1268
1506
1817
2056
2239
2068
1792
1632
1461
1230
899
607
478
442
426
345
205
36
-123
-234
-267
-399
-590
-550
-464
-461
-763
-1199
-1464
-1518
-1382
-1073
-787
-725
-887
-1138
-1284
-1245
-1142
-1499
-2623
-4389
-6123
-7046
-6755
-5573
-4325
-3324
-2641
-2192
-1952
-1652
-846
661
2276
3217
3333
2938
2729
3046
3866
4641
4925
4609
4307
4673
5374
5987
5937
5405
5057
5086
5582
6078
6138
5767
5237
4963
5020
5260
5275
4889
4139
3451
2994
2818
2808
2669
2436
2186
1908
1517
1105
646
287
8
-233
-451
-794
-1256
-1707
-2179
-2396
-2641
-2798
-2937
-3017
-2991
-3069
-3285
-3626
-3835
-3838
-3642
-3433
-3323
-3412
-3693
-3989
-4123
-3945
-3718
-3638
-3519
-3417
-3371
-3349
-3383
-3349
-3290
-3062
-2814
-2522
-2482
-2604
-2612
-2338
-1743
-1178
-837
-911
-1085
-1025
-666
-67
538
874
925
875
929
1009
1029
1058
1143
1299
1611
1896
1994
1851
1534
1302
1312
1460
1605
1523
1292
1083
862
734
664
732
989
1274
1381
1139
514
-97
-446
-359
182
647
689
289
-209
-489
-512
-367
-223
-230
-187
-96
-59
73
-35
-451
-1202
-2130
-2799
-2891
-2450
-1908
-1706
-2121
-2947
-3630
-3566
-2827
-2036
-1853
-2404
-2938
-2676
-1531
-178
627
541
-16
-323
63
1074
2245
3086
3493
3937
4553
5390
5986
6121
5837
5475
5457
5673
6046
6303
6210
5755
5155
4733
4451
4208
3852
3448
2991
2538
2104
1883
1779
1742
1711
1451
1001
335
-251
-665
-784
-767
-803
-1013
-1308
-1598
-1683
-1647
-1726
-1794
-1945
-2230
-2554
-2889
-3198
-3454
-3597
-3838
-4083
-4254
-4312
-4169
-3877
-3539
-3417
-3566
-3892
-4217
-4257
-3934
-3597
-3316
-3253
-3202
-2913
-2432
-1965
-1769
-1733
-1808
-1752
-1575
-1224
-794
-397
-40
313
562
753
894
1014
1170
1277
1339
1423
1553
1548
1534
1491
1488
1536
1646
1761
1885
2109
2269
2411
2313
1947
1457
934
449
92
-59
-13
275
584
752
756
603
338
16
-317
-443
-306
-33
288
364
180
-438
-1395
-2465
-3228
-3254
-2682
-2053
-1892
-2478
-3286
-3627
-3208
-2344
-1873
-2258
-3209
-3725
-3152
-1835
-553
-142
-620
-1221
-1197
-224
1193
2393
2926
3130
3439
4153
5091
5650
5684
5389
5086
5231
5565
5825
5951
5739
5358
5013
4623
4075
3504
3174
3237
3551
3741
3531
2937
2365
1952
1688
1342
770
120
-435
-732
-773
-719
-807
-1081
-1370
-1453
-1369
-1487
-1862
-2353
-2774
-2749
-2521
-2317
-2510
-3066
-3618
-3861
-3711
-3621
-3622
-3767
-3877
-3779
-3613
-3447
-3373
-3441
-3416
-3210
-2907
-2544
-2413
-2490
-2587
-2434
-2158
-1807
-1544
-1400
-1110
-669
-194
151
297
340
369
493
748
910
1043
1147
1272
1524
1874
2133
2156
2103
1943
1959
2142
2288
2323
2061
1661
1302
1084
930
809
754
794
787
661
330
-180
-599
-853
-800
-569
-287
-129
-59
9
14
-12
-16
-168
-217
-197
-197
-389
-1009
-1931
-2809
-3170
-3094
-2847
-2868
-3330
-3956
-4179
-3820
-3001
-2396
-2489
-3023
-3419
-3106
-2241
-1478
-1227
-1286
-1276
-666
429
1528
2194
2339
2349
2807
3718
4799
5627
5917
5899
5799
5822
5898
5852
5687
5508
5436
5391
5312
4971
4444
4079
3904
3945
3790
3430
2940
2601
2488
2435
2245
1808
1213
574
291
220
146
-159
-724
-1227
-1398
-1303
-1151
-1322
-1829
-2507
-3090
-3215
-3102
-2950
-3006
-3401
-3846
-4208
-4329
-4350
-4353
-4382
-4474
-4497
-4326
-3892
-3414
-3010
-2770
-2811
-2899
-3079
-3205
-3253
-3141
-2713
-2232
-1898
-1597
-1365
-1158
-779
-376
40
386
713
1127
1432
1555
1586
1424
1267
1237
1316
1533
1645
1670
1634
1487
1491
1629
1884
2057
2060
1830
1482
1087
764
579
494
577
656
713
584
409
172
-41
6
115
223
311
309
186
26
-54
-99
-206
-344
-310
-183
-199
-643
-1561
-2756
-3572
-3520
-2852
-2256
-2404
-3277
-4270
-4513
-3731
-2704
-2421
-3033
-3815
-3756
-2570
-1040
3
-32
-577
-705
203
1734
3018
3485
3303
3197
3602
4330
4975
5157
5012
4827
4884
5107
5199
5187
5106
5185
5301
5380
5106
4572
4023
3682
3515
3490
3251
2738
2222
1828
1725
1667
1437
1100
733
572
561
499
273
-371
-1116
-1599
-1770
-1749
-1845
-2048
-2448
-2860
-3114
-3109
-3011
-2914
-2899
-3091
-3267
-3409
-3387
-3312
-3308
-3324
-3449
-3651
-3876
-3883
-3616
-3337
-3106
-3079
-3113
-3023
-2810
-2341
-1982
-1831
-1862
-1884
-1719
-1388
-930
-663
-506
-421
-376
-88
399
818
1163
1292
1317
1483
1832
2155
2368
2376
2116
1825
1536
1453
1401
1361
1255
1130
1135
1225
1308
1272
1087
802
519
388
462
451
213
-246
-510
-485
-192
122
280
161
-107
-260
-334
-271
-340
-435
-584
-592
-437
-425
-859
-1896
-2903
-3438
-3258
-2705
-2453
-2974
-3851
-4317
-3778
-2611
-1830
-1903
-2593
-2952
-2500
-1311
-184
232
148
50
659
1708
2686
3093
2930
2890
3272
4090
4879
5273
5156
4813
4643
4686
4812
4812
4742
4708
4779
4852
4681
4252
3724
3491
3594
3623
3388
2784
2251
2003
2087
2300
2122
1539
638
-76
-367
-374
-386
-722
-1087
-1235
-1034
-742
-790
-1287
-2171
-3015
-3463
-3431
-3102
-2810
-2698
-2844
-3067
-3338
-3531
-3607
-3676
-3697
-3675
-3656
-3671
-3634
-3509
-3335
-3390
-3492
-3627
-3534
-3167
-2596
-2048
-1679
-1483
-1411
-1206
-873
-401
-146
-82
-98
-110
58
416
835
1147
1309
1324
1306
1420
1627
1784
1847
1921
1940
1926
1885
1734
1535
1184
831
574
535
617
741
771
758
709
704
716
723
655
378
97
-192
-356
-384
-281
-203
-281
-487
-805
-1007
-1065
-870
-557
-297
-62
-131
-652
-1613
-2710
-3351
-3281
-2772
-2307
-2443
-3082
-3607
-3448
-2683
-1909
-1815
-2463
-3091
-2865
-1540
-43
817
738
204
59
679
1710
2464
2740
2763
3026
3783
4749
5469
5548
5197
4841
4770
4928
5103
5262
5374
5489
5476
5172
4528
3734
3150
3003
3140
3246
2978
2477
2139
2101
2181
2042
1475
604
-125
-362
-205
-105
-281
-834
-1318
-1462
-1360
-1236
-1469
-2046
-2625
-2966
-2941
-2762
-2669
-2777
-2958
-3152
-3331
-3447
-3664
-3876
-3986
-3931
-3716
-3553
-3532
-3614
-3670
-3669
-3504
-3242
-2992
-2720
-2474
-2170
-1946
-1822
-1710
-1604
-1425
-1151
-800
-548
-398
-177
38
379
621
754
720
635
748
901
1029
1094
1185
1325
1460
1579
1612
1648
1533
1428
1411
1381
1396
1247
1045
903
799
743
772
729
744
775
580
407
201
126
216
339
324
212
-18
-282
-338
-265
-130
-58
-84
-125
-81
43
60
-356
-1193
-2114
-2618
-2468
-1949
-1640
-1974
-2768
-3370
-3189
-2399
-1686
-1701
-2453
-3142
-2949
-1689
-187
597
504
12
-120
428
1478
2296
2567
2661
2829
3320
3919
4423
4506
4458
4582
4870
5153
5123
4892
4723
4706
4818
4691
4069
3435
2988
2975
3196
3176
2725
2018
1571
1487
1594
1555
1152
495
-96
-306
-310
-348
-665
-1041
-1385
-1529
-1632
-1733
-1919
-2285
-2461
-2566
-2533
-2522
-2515
-2574
-2680
-2788
-3014
-3266
-3405
-3418
-3247
-3108
-3077
-3222
-3469
-3605
-3642
-3469
-3249
-3050
-3013
-2991
-2843
-2492
-1979
-1574
-1292
-1071
-975
-865
-643
-299
72
175
264
377
468
595
720
776
859
814
769
812
895
1059
1232
1335
1386
1459
1500
1524
1447
1332
1262
1187
1120
958
733
643
555
637
791
878
849
783
800
771
658
436
216
104
49
65
-32
-156
-301
-384
-375
-339
-173
-139
-239
-493
-982
-1610
-2104
-2238
-1924
-1414
-1321
-1919
-2955
-3876
-3938
-3138
-2050
-1449
-1605
-2104
-2208
-1588
-574
298
495
258
190
666
1406
2102
2442
2556
2706
3006
3467
3835
4040
4131
4226
4395
4426
4387
4367
4385
4538
4657
4576
4191
3648
3291
3246
3303
3102
2693
2126
1743
1707
1776
1732
1371
863
499
340
334
258
-116
-580
-1055
-1315
-1499
-1614
-1613
-1623
-1700
-1904
-2225
-2547
-2706
-2761
-2723
-2736
-2803
-3008
-3089
-3127
-3077
-3085
-3214
-3387
-3509
-3509
-3466
-3360
-3341
-3391
-3364
-3189
-2807
-2444
-2252
-2235
-2313
-2284
-2046
-1756
-1334
-894
-576
-245
-11
167
273
361
415
421
459
539
750
1001
1180
1320
1401
1508
1584
1540
1341
999
724
508
390
426
551
763
869
954
979
891
695
515
424
450
523
573
624
565
533
464
436
390
287
197
160
53
-25
-64
-71
-44
50
242
398
376
-172
-1086
-1795
-1919
-1422
-766
-531
-956
-1757
-2233
-2100
-1515
-884
-617
-801
-1007
-930
-554
-107
173
172
124
369
820
1320
1748
2156
2405
2662
2761
2760
2864
3216
3766
4192
4369
4226
3935
3722
3739
3752
3733
3447
3043
2864
2918
3082
3016
2805
2474
2055
1801
1607
1341
878
389
-69
-364
-477
-530
-592
-729
-945
-1316
-1597
-1888
-2108
-2237
-2324
-2442
-2606
-2812
-3048
-3091
-3067
-3021
-3004
-2923
-2856
-2827
-2822
-2914
-3071
-3163
-3237
-3212
-3030
-2823
-2663
-2612
-2736
-2864
-2800
-2540
-2272
-1911
-1543
-1243
-1017
-894
-791
-710
-658
-562
-426
-365
-214
-59
169
404
625
800
878
907
933
1036
1132
1266
1368
1494
1534
1502
1312
1145
1027
966
1048
1162
1330
1343
1218
978
668
424
362
449
559
626
636
576
524
581
544
366
234
109
60
173
306
363
349
240
149
-43
-149
-375
-608
-657
-591
-358
-254
-599
-1085
-1364
-1208
-599
-163
-201
-788
-1283
-1322
-808
-129
160
-40
-429
-533
-221
380
752
824
651
528
695
1107
1513
1790
2033
2172
2254
2358
2426
2539
2768
2862
2785
2672
2550
2574
2654
2715
2611
2256
1970
1680
1626
1747
1715
1509
1186
996
962
961
719
333
-103
-450
-538
-561
-599
-808
-1097
-1297
-1476
-1530
-1577
-1605
-1616
-1551
-1569
-1588
-1544
-1609
-1661
-1817
-2022
-2317
-2475
-2480
-2289
-2039
-1985
-1921
-1893
-1909
-2021
-2181
-2369
-2319
-2071
-1823
-1566
-1472
-1408
-1310
-1267
-1275
-1298
-1238
-1143
-878
-562
-308
-150
-99
8
18
100
47
-57
-159
-79
193
462
697
702
667
590
576
577
559
554
559
641
805
855
719
495
152
69
139
324
394
503
634
718
857
770
541
284
76
42
76
93
153
199
264
211
74
-64
-129
-60
155
310
302
248
312
434
626
768
714
502
175
24
-76
-131
-107
-284
-471
-643
-658
-525
-249
39
167
90
-32
-131
-87
55
221
392
499
617
640
663
686
814
1038
1317
1440
1550
1545
1570
1675
1815
1881
1822
1733
1661
1756
1757
1681
1534
1392
1459
1558
1718
1751
1579
1375
1158
1018
953
980
932
804
632
419
211
-93
-401
-551
-551
-494
-466
-602
-740
-960
-1206
-1354
-1395
-1284
-1209
-1269
-1457
-1607
-1722
-1699
-1603
-1520
-1548
-1641
-1740
-1813
-1843
-1696
-1610
-1597
-1747
-1973
-2196
-2469
-2530
-2467
-2127
-1904
-1759
-1841
-1911
-1843
-1747
-1539
-1279
-983
-846
-825
-813
-837
-723
-495
-211
77
261
342
301
247
207
155
94
100
215
434
651
760
650
395
265
235
478
769
939
1078
1095
1262
1455
1530
1403
1126
855
834
1062
1275
1382
1126
754
443
226
177
138
137
185
373
579
620
470
275
155
146
282
412
406
478
490
405
369
179
24
-34
-31
53
213
303
238
141
115
168
235
240
126
-69
-177
-138
41
293
528
585
519
482
453
485
440
357
262
263
331
627
951
1051
998
702
438
323
464
758
1038
1182
1072
816
573
414
452
593
744
843
794
783
824
710
582
378
207
158
202
299
315
258
163
51
-80
-126
-140
-162
-328
-609
-859
-1004
-1074
-1148
-1183
-1142
-1104
-1071
-1109
-1148
-1170
-1149
-980
-819
-771
-804
-846
-999
-1194
-1290
-1413
-1447
-1406
-1448
-1488
-1546
-1588
-1557
-1500
-1484
-1480
-1486
-1403
-1308
-1241
-1164
-1052
-914
-805
-704
-723
-777
-833
-845
-787
-600
-380
-251
-221
-296
-331
-203
57
395
688
905
1032
1018
970
962
1009
1093
1133
1168
1181
1146
1139
1098
972
771
702
585
539
630
777
913
911
738
500
445
586
777
910
804
483
353
223
245
401
412
440
454
471
438
403
378
270
295
390
457
443
462
403
347
357
269
233
188
175
157
110
2
-67
24
123
144
61
-248
-498
-550
-469
-217
11
18
-95
-123
21
177
326
407
429
474
508
556
488
483
446
476
444
365
279
106
-56
-279
-376
-257
12
335
522
523
343
152
11
-16
84
145
135
61
-14
-32
-28
9
-55
-114
-158
-177
-248
-287
-392
-488
-527
-643
-772
-861
-865
-847
-812
-806
-769
-637
-513
-334
-227
-158
-133
-213
-237
-332
-299
-179
-134
-177
-421
-645
-753
-672
-479
-385
-280
-320
-421
-523
-604
-748
-742
-611
-509
-402
-156
101
198
326
300
106
-31
-70
-37
120
347
409
366
274
118
117
211
374
348
271
22
-243
-339
-331
-181
1
103
68
-18
-190
-252
-348
-302
-218
-249
-181
-168
-160
-206
-231
-193
-197
-239
-335
-391
-371
-233
32
206
201
76
-29
-127
-93
47
220
444
570
621
499
424
307
354
590
783
967
920
787
591
480
467
536
676
742
592
498
360
231
231
351
460
376
267
278
425
478
542
441
289
229
278
313
316
295
289
274
217
166
3
-211
-332
-279
-92
158
368
432
323
195
-15
-240
-281
-249
-78
29
-51
-136
-121
15
196
291
230
121
29
-110
-244
-227
-198
-207
-241
-355
-549
-625
-668
-704
-715
-670
-560
-576
-591
-536
-431
-316
-284
-349
-408
-474
-551
-514
-535
-531
-573
-672
-763
-773
-568
-349
-180
-138
-107
-86
-4
166
203
132
15
-48
-14
57
115
148
180
222
328
522
594
621
561
500
472
398
419
390
347
286
243
254
223
240
121
45
175
380
559
642
634
529
385
284
198
148
133
51
28
54
56
53
-56
-261
-420
-505
-515
-521
-423
-450
-471
-393
-233
-106
-44
-52
-204
-324
-439
-293
-161
-114
-227
-473
-587
-640
-593
-531
-518
-493
-477
-515
-537
-530
-591
-657
-748
-752
-773
-793
-739
-629
-533
-473
-380
-245
39
383
697
867
836
729
656
612
694
729
730
660
602
731
898
963
900
720
507
440
488
567
608
549
310
156
113
216
277
333
308
222
224
361
598
782
810
617
477
384
381
474
556
637
661
711
795
819
661
505
379
348
342
401
426
269
93
-31
-122
-170
-206
-278
-306
-336
-435
-561
-730
-856
-960
-1023
-962
-978
-951
-915
-877
-807
-676
-569
-547
-542
-624
-746
-838
-961
-952
-815
-772
-805
-785
-700
-594
-417
-311
-334
-411
-411
-367
-379
-431
-411
-380
-340
-259
-272
-373
-453
-443
-327
-150
-80
-25
28
66
102
178
336
577
751
1033
1223
1375
1401
1333
1323
1289
1244
1147
1120
1033
993
774
596
463
281
86
-12
-50
-130
-129
-64
46
-50
-260
-581
-847
-959
-886
-693
-517
-435
-509
-734
-907
-1023
-981
-862
-762
-613
-465
-370
-343
-424
-575
-579
-562
-394
-152
98
282
434
547
620
709
639
469
325
336
531
795
1005
1103
1104
1081
985
843
674
453
255
195
333
533
718
773
805
664
452
329
306
444
601
802
940
880
712
479
191
29
-103
-135
-116
31
174
281
318
230
70
-174
-380
-603
-637
-560
-428
-218
-185
-350
-705
-938
-1121
-1153
-879
-572
-379
-339
-391
-424
-445
-510
-667
-903
-1067
-1118
-1037
-869
-679
-466
-430
-479
-587
-649
-590
-511
-406
-439
-385
-275
-132
-25
-21
-141
-269
-253
-178
-24
101
79
1
-146
-225
-251
-314
-258
-119
138
431
656
750
728
753
726
770
734
663
500
343
306
373
481
578
626
605
510
367
267
217
198
190
203
210
211
173
98
-25
-109
-70
-2
2
62
177
312
347
285
199
106
84
195
270
199
80
50
197
443
707
685
441
109
-147
-124
-121
-108
-161
-277
-331
-427
-478
-616
-766
-874
-932
-1014
-1036
-926
-754
-627
-521
-539
-621
-594
-376
-60
202
317
307
231
184
248
317
380
417
477
418
261
72
-95
-228
-229
-183
-127
3
125
97
5
-11
95
241
350
403
390
310
219
111
67
142
315
560
632
716
799
866
928
897
607
325
145
43
131
174
264
359
333
195
-39
-244
-493
-704
-862
-974
-1019
-982
-923
-812
-764
-783
-785
-831
-798
-597
-326
-131
20
126
224
426
724
922
913
742
566
401
276
336
455
492
432
307
244
233
294
341
215
105
-71
-300
-599
-736
-674
-584
-410
-406
-505
-590
-620
-665
-655
-639
-571
-512
-409
-249
-70
221
374
469
464
338
252
147
96
75
84
170
357
689
832
853
753
637
415
79
-178
-327
-310
-211
-64
-12
-4
-2
54
89
76
-29
-124
-58
38
48
-104
-339
-478
-519
-389
-245
-247
-286
-263
-152
-131
-89
-158
-192
-212
-154
-31
-29
-98
-232
-374
-423
-337
-233
-93
64
173
291
390
424
394
395
366
372
390
423
582
856
1119
1093
790
326
-12
-218
-203
-85
-66
-128
-175
-202
-319
-445
-629
-775
-775
-738
-719
-653
-771
-907
-1008
-1048
-928
-802
-656
-599
-588
-605
-666
-697
-537
-277
-60
82
165
254
399
582
730
752
789
867
954
1097
1286
1508
1607
1686
1607
1539
1445
1272
1161
1127
1142
1113
1008
846
692
715
846
916
926
868
821
876
876
776
635
348
183
40
-70
-261
-534
-789
-1065
-1333
-1460
-1497
-1593
-1555
-1499
-1357
-1267
-1252
-1212
-1315
-1417
-1486
-1557
-1632
-1596
-1464
-1266
-1175
-1243
-1244
-1123
-768
-485
-468
-635
-767
-829
-763
-768
-889
-1007
-821
-418
24
321
396
309
186
89
0
-3
37
204
439
758
1025
1188
1078
872
684
568
556
495
452
441
476
586
674
632
550
561
730
833
891
985
1068
1074
1048
1008
1002
971
890
825
816
836
887
834
619
363
151
47
39
82
181
166
35
-176
-425
-655
-858
-916
-920
-848
-640
-462
-252
-156
-214
-282
-312
-243
-139
75
233
356
311
220
160
128
109
133
258
450
806
1015
1080
932
600
408
245
148
113
80
-22
-177
-375
-559
-593
-469
-342
-284
-189
-195
-275
-331
-347
-417
-493
-657
-926
-1132
-1159
-1058
-1017
-994
-937
-893
-772
-657
-525
-393
-328
-307
-247
-179
-101
-147
-211
-241
-209
-9
110
234
347
344
445
488
441
260
-31
-362
-626
-797
-845
-869
-837
-817
-987
-1183
-1428
-1544
-1441
-1084
-682
-258
18
182
292
361
432
432
422
387
549
807
1063
1206
1275
1344
1358
1358
1288
1216
1145
1169
1202
1142
1077
831
452
-41
-436
-588
-487
-280
82
408
603
907
1088
1183
1193
1173
1233
1439
1770
2099
2181
1981
1522
1115
864
714
617
449
296
347
480
492
260
-258
-740
-1083
-1268
-1310
-1390
-1489
-1550
-1641
-1603
-1609
-1613
-1576
-1609
-1521
-1227
-887
-575
-479
-666
-1059
-1500
-1601
-1397
-956
-446
-141
-13
-36
-103
-167
-110
-190
-220
-294
-224
51
264
460
359
-14
-405
-613
-619
-327
-88
-83
-179
-167
-62
196
321
209
-3
-156
-137
-122
-81
-41
13
95
183
270
279
257
231
326
477
618
632
481
179
-175
-332
-412
-400
-359
-311
-253
-91
100
273
404
299
69
-56
103
389
712
769
602
236
-185
-392
-465
-354
-56
256
645
864
826
603
232
-5
-138
-47
170
378
513
461
271
159
127
94
59
100
176
280
478
758
985
1089
1034
800
454
113
27
86
274
398
533
603
590
540
324
132
20
48
88
113
175
133
-54
-287
-594
-814
-995
-1231
-1288
-1147
-842
-456
-151
63
175
112
-86
-442
-766
-938
-878
-684
-482
-332
-233
-213
-154
-141
-281
-370
-435
-312
1
230
415
452
313
106
-188
-423
-586
-641
-642
-470
-223
67
487
676
613
470
273
162
95
24
-15
-77
-95
-14
-58
-145
-178
-108
-91
-80
24
114
203
299
404
331
275
131
-114
-323
-569
-699
-696
-630
-522
-457
-290
-68
101
228
262
256
269
341
471
538
491
428
307
143
-4
-114
-139
-60
89
178
303
264
96
-49
-196
-130
-6
91
88
-60
-203
-145
-50
179
502
711
750
541
357
268
362
597
732
681
413
112
-175
-242
-190
-37
121
131
130
71
30
-85
-204
-213
-218
-146
-120
-1
69
-19
-260
-597
-742
-825
-834
-816
-771
-772
-700
-672
-617
-542
-569
-454
-397
-332
-204
-111
-4
-64
-149
-115
-121
-141
-113
-160
-106
18
191
395
644
743
825
770
571
529
608
806
829
724
554
471
528
625
762
826
772
639
426
300
240
215
261
297
215
146
38
5
-7
34
140
240
280
202
73
-119
-305
-356
-272
-156
91
91
-125
-350
-520
-456
-126
281
516
484
287
-120
-487
-733
-837
-775
-795
-867
-1101
-1139
-1116
-1008
-881
-847
-937
-1043
-1124
-1136
-1014
-822
-636
-431
-264
-137
-26
46
38
45
226
436
729
949
934
781
624
509
531
724
829
864
796
566
345
-9
-244
-461
-453
-318
-188
-77
-140
-258
-520
-728
-888
-884
-855
-968
-997
-889
-566
-188
170
417
337
126
-13
-60
115
361
610
771
830
865
821
758
731
625
589
674
786
912
902
807
717
708
791
826
835
890
932
867
658
356
79
-82
-62
-24
23
33
-73
-26
-30
-16
54
126
117
68
-61
-219
-369
-359
-268
-259
-203
-286
-440
-521
-518
-504
-473
-412
-265
-100
-37
-29
-222
-485
-731
-881
-827
-695
-529
-322
-202
-34
115
99
9
-315
-628
-809
-821
-698
-497
-284
-89
74
221
348
493
605
715
808
887
956
975
980
886
841
801
791
665
493
380
303
264
294
232
38
-195
-476
-749
-933
-999
-900
-808
-729
-775
-916
-1029
-1290
-1467
-1539
-1467
-1342
-1086
-786
-523
-376
-257
-306
-301
-216
-169
-142
-149
-37
162
511
775
895
767
539
278
131
204
409
676
902
960
853
650
443
290
118
94
73
5
-81
-148
-86
16
82
82
173
180
208
234
122
94
91
227
368
498
579
634
626
588
597
589
621
638
536
216
-125
-364
-537
-423
-282
-196
-188
-413
-634
-836
-897
-816
-607
-269
3
172
313
300
188
93
-82
-272
-392
-412
-483
-381
-151
77
279
322
327
267
335
421
400
262
58
-52
-55
113
274
357
368
217
37
-102
-125
-7
134
228
140
15
-152
-259
-315
-337
-356
-417
-438
-332
-139
3
175
209
139
112
117
126
115
163
125
122
55
-70
-94
-47
55
35
11
-174
-322
-487
-637
-549
-351
-77
121
305
365
390
400
417
335
272
204
199
223
183
69
-74
-90
-58
37
25
18
45
83
198
344
387
357
262
173
60
103
147
99
14
-128
-183
-161
55
176
111
-47
-282
-441
-448
-366
-197
-197
-294
-427
-457
-427
-435
-419
-429
-531
-544
-615
-725
-759
-793
-653
-538
-458
-408
-283
-74
205
402
347
173
-2
-79
-100
-38
46
85
136
31
-29
-122
-152
-45
17
13
-36
-68
-40
28
54
186
305
364
267
63
-189
-317
-279
-83
204
353
380
312
358
542
808
954
893
685
510
409
366
306
215
128
101
144
241
337
275
151
61
16
141
237
341
374
275
250
233
186
160
178
213
328
405
520
628
748
807
775
732
658
651
525
500
538
618
681
547
294
-59
-456
-697
-688
-583
-397
-298
-284
-202
-95
54
40
-174
-336
-486
-611
-724
-853
-821
-678
-630
-734
-1004
-1347
-1491
-1531
-1334
-1061
-765
-536
-494
-616
-769
-819
-850
-827
-784
-778
-861
-869
-799
-763
-675
-642
-687
-729
-809
-775
-719
-670
-577
-337
-148
67
281
319
281
308
453
681
975
1165
1250
1241
1104
1088
1235
1321
1380
1380
1330
1266
1219
1162
1091
1023
969
772
572
479
591
734
859
858
664
394
79
-53
-158
-190
-269
-374
-600
-821
-890
-852
-798
-794
-793
-847
-877
-845
-648
-555
-530
-531
-507
-487
-378
-143
6
165
311
320
268
265
241
197
167
183
256
408
499
552
591
602
613
582
521
482
458
428
431
377
216
22
-50
-119
-19
77
115
220
211
107
37
-116
-275
-391
-399
-103
335
683
809
754
538
274
242
408
670
793
692
395
12
-262
-455
-521
-588
-816
-1061
-1179
-1190
-1054
-899
-851
-936
-961
-922
-766
-634
-611
-562
-497
-333
-239
-221
-210
-204
-32
209
399
505
393
100
-128
-245
-174
81
292
436
535
558
513
409
288
286
293
306
317
258
204
295
394
403
419
279
106
-83
-249
-335
-406
-387
-321
-273
-212
-197
-225
-137
-116
-136
-172
-226
-229
-309
-339
-381
-497
-634
-792
-869
-812
-691
-581
-632
-729
-785
-814
-703
-514
-325
-193
-201
-241
-191
-46
152
353
429
415
445
466
485
472
591
698
801
973
1000
1081
987
944
865
725
693
626
566
510
509
472
429
314
110
-48
-134
-46
87
235
325
214
69
-187
-352
-425
-456
-436
-492
-532
-573
-564
-550
-504
-321
-254
-273
-278
-452
-457
-317
0
292
411
275
89
-52
-14
212
392
560
592
616
543
538
514
418
335
272
218
168
138
118
175
196
288
471
575
620
724
691
652
549
307
203
104
82
93
109
193
234
273
189
108
-17
-195
-282
-385
-422
-517
-588
-553
-524
-456
-440
-428
-540
-623
-728
-778
-783
-806
-742
-694
-666
-615
-610
-569
-474
-395
-355
-292
-330
-374
-446
-511
-479
-375
-255
-182
-131
-132
-101
-72
10
33
108
233
382
549
642
675
597
428
263
245
319
488
671
791
765
661
469
330
191
16
-135
-202
-168
-100
-46
-37
-123
-277
-435
-549
-563
-549
-636
-678
-634
-434
-212
-86
-82
-102
-98
-222
-200
-84
82
142
136
176
203
161
126
48
-11
3
-16
-5
12
42
54
-12
23
-10
-69
66
249
429
459
486
488
507
579
599
602
532
532
573
655
665
490
181
-138
-392
-456
-449
-450
-472
-529
-522
-410
-283
-286
-328
-551
-677
-640
-609
-519
-472
-418
-288
-157
-70
5
2
-38
-58
-51
18
116
185
145
145
121
101
268
448
528
507
508
400
387
507
576
595
611
592
584
614
703
816
865
923
983
848
594
357
233
169
254
413
481
564
568
547
426
317
173
-43
-192
-382
-458
-619
-662
-646
-625
-576
-675
-796
-910
-915
-815
-724
-717
-714
-774
-835
-817
-690
-598
-426
-311
-322
-281
-389
-548
-654
-744
-759
-669
-561
-433
-352
-327
-291
-100
114
186
265
230
259
310
375
330
197
240
352
524
570
543
412
242
272
374
411
414
291
114
7
7
212
435
534
591
528
442
386
410
483
479
371
175
34
-65
-69
-62
-46
-82
-192
-244
-246
-171
-88
-9
49
37
12
46
180
345
526
661
704
704
710
614
492
302
71
-121
-342
-579
-779
-951
-1166
-1303
-1413
-1564
-1686
-1681
-1541
-1379
-1255
-1255
-1358
-1495
-1454
-1283
-1061
-846
-694
-532
-254
155
528
750
724
567
420
473
583
631
712
796
907
1066
1271
1371
1411
1435
1324
1195
1005
909
818
696
710
590
468
357
297
351
323
292
196
79
92
145
171
97
-90
-280
-389
-328
-211
-53
33
-50
-238
-398
-498
-509
-494
-301
-50
113
272
319
188
-56
-162
-177
-169
-162
-216
-277
-227
-28
157
300
345
261
181
130
97
145
221
355
474
645
759
753
580
397
168
31
-12
-22
-12
-56
-70
-160
-262
-413
-557
-654
-593
-522
-460
-421
-494
-592
-703
-692
-672
-652
-690
-674
-499
-258
-16
125
188
137
63
165
249
229
215
102
-41
-107
-128
-92
-86
-149
-319
-555
-658
-644
-564
-461
-381
-292
-224
-74
96
149
145
166
143
114
87
94
113
66
0
50
163
340
568
748
786
803
716
692
637
549
463
232
99
91
156
307
313
228
103
-81
-185
-256
-403
-498
-530
-416
-233
-76
64
175
197
116
20
-40
-128
-193
-244
-288
-167
-63
37
146
223
138
13
-114
-252
-359
-377
-373
-346
-287
-291
-278
-260
-137
-70
-61
44
93
77
-22
-121
-148
-116
-122
-93
-121
-192
-168
-130
-35
-2
-40
-53
-54
64
259
407
467
478
397
316
274
341
404
471
545
560
562
503
472
455
481
437
361
329
299
289
275
210
74
-8
-50
-123
-109
-200
-257
-295
-346
-358
-364
-349
-283
-194
-181
-218
-279
-273
-249
-223
-202
-218
-212
-214
-298
-330
-295
-304
-361
-423
-410
-349
-366
-304
-224
-253
-201
-89
-31
-38
-36
-125
-194
-265
-340
-345
-394
-305
-247
-301
-409
-500
-572
-670
-658
-559
-366
-173
-13
177
306
392
397
340
314
366
601
886
1074
1066
918
838
857
955
998
964
780
633
630
579
580
639
696
754
737
681
612
564
624
689
606
365
67
-114
-182
-164
-193
-250
-313
-472
-587
-724
-849
-854
-814
-734
-656
-709
-776
-869
-870
-769
-737
-674
-603
-538
-536
-421
-185
83
330
386
232
100
65
41
118
197
270
346
436
417
293
154
37
-3
33
127
101
95
-32
-106
-169
-190
-160
-175
-325
-412
-406
-452
-391
-341
-357
-534
-608
-509
-335
-93
3
79
113
78
-47
-319
-370
-252
17
323
540
630
626
645
589
612
675
723
683
687
577
491
434
217
185
116
107
115
-13
-164
-330
-514
-596
-534
-454
-466
-497
-455
-404
-361
-288
-252
-259
-286
-314
-277
-188
-226
-189
-135
-162
-128
-76
61
192
229
158
126
136
303
420
449
417
293
255
288
317
300
292
280
252
267
349
372
337
328
263
151
29
-4
-118
-126
-144
-120
-141
-150
-122
-190
-310
-505
-633
-654
-523
-322
-102
-55
-139
-283
-382
-352
-193
-67
-101
-156
-152
-190
-150
-144
-19
70
93
160
334
461
472
494
508
487
413
352
285
203
57
104
193
389
444
369
268
80
38
42
42
28
-6
-8
20
72
105
128
106
88
98
147
218
257
271
268
291
227
102
72
123
221
234
271
247
171
40
-99
-101
-144
-230
-344
-385
-490
-610
-694
-800
-790
-830
-831
-751
-721
-669
-649
-660
-632
-627
-663
-717
-654
-581
-524
-417
-380
-424
-419
-312
-190
-35
196
323
283
106
-84
-163
-44
159
284
357
331
322
359
291
296
369
448
440
410
449
557
646
593
479
387
326
328
398
451
534
583
561
453
341
303
287
383
351
275
168
81
83
75
170
251
250
261
215
108
4
-19
22
6
-29
-102
-139
-162
-202
-134
-200
-255
-236
-28
198
196
117
-64
-154
-94
64
243
336
332
285
142
71
67
41
89
188
211
104
-50
-209
-194
-41
50
18
-109
-272
-315
-243
-134
-95
-167
-218
-193
-165
-137
-154
-211
-148
-62
65
93
11
-169
-373
-549
-706
-705
-746
-735
-688
-632
-634
-610
-549
-553
-565
-622
-550
-519
-432
-405
-320
-223
-79
25
70
40
-76
-149
-158
12
273
572
643
444
155
-115
-170
18
272
474
372
25
-285
-397
-314
-117
30
116
140
69
34
-39
7
35
30
-73
-123
-95
-38
23
21
134
354
536
616
620
551
488
465
543
601
579
533
441
405
358
338
344
205
79
-32
-83
-34
66
162
311
426
491
539
484
352
198
9
-27
-19
-39
-8
-60
-4
6
142
287
255
219
89
-12
-34
-57
-111
-143
25
246
325
406
353
173
55
-60
-187
-211
-228
-189
-62
109
147
145
27
-104
-263
-375
-466
-477
-444
-375
-279
-245
-219
-327
-316
-279
-177
-101
-101
-195
-229
-166
-146
-24
62
143
214
146
-48
-284
-461
-441
-299
-172
-13
60
-40
-125
-34
13
97
52
-142
-144
-211
-122
47
136
155
114
44
11
-2
-62
-79
-142
-152
12
196
