-1523
-1563
-1659
-1756
-2037
-2241
-2307
-2220
-1930
-1608
-1494
-1594
-2022
-2491
-2806
-2891
-2615
-2210
-1900
-1632
-1519
-1573
-1753
-1899
-1908
-1707
-1256
-795
-424
-296
-334
-312
-300
-312
-217
-44
148
346
572
741
894
810
735
596
581
612
611
639
709
817
852
919
974
974
999
952
882
857
721
635
447
483
584
635
665
584
420
254
181
231
299
248
260
213
106
92
-90
-162
-252
-326
-300
-148
-8
20
40
-40
-210
-190
-81
75
120
73
-117
-442
-671
-739
-782
-877
-985
-1091
-928
-675
-406
-223
-135
-236
-405
-442
-454
-355
-102
173
530
849
1054
1027
921
842
905
1148
1318
1654
1923
2023
2102
2093
2064
2044
2021
1944
1935
2039
2099
2252
2249
2081
1927
1719
1490
1487
1497
1437
1369
1289
1219
1087
956
805
686
636
429
178
-105
-395
-768
-1125
-1438
-1677
-1792
-1817
-1787
-1786
-1887
-2151
-2399
-2797
-3101
-3299
-3319
-3191
-2966
-2642
-2501
-2455
-2474
-2421
-2307
-2202
-2125
-2040
-1930
-1810
-1690
-1452
-1258
-1078
-947
-710
-535
-323
-137
-3
112
144
276
270
230
193
127
66
216
522
893
1402
1678
1711
1631
1414
1174
1010
1004
1056
1203
1438
1496
1449
1326
1011
735
574
491
605
803
983
1098
1058
969
598
288
52
-75
-90
-97
173
349
454
453
262
29
-105
-123
-14
104
69
100
174
164
47
-80
-279
-544
-662
-705
-727
-894
-981
-1178
-1352
-1486
-1348
-1010
-719
-517
-469
-459
-628
-788
-1055
-1261
-1249
-1124
-875
-501
-102
256
564
773
1047
1189
1446
1689
1909
2172
2218
2242
2043
1969
1750
1498
1369
1376
1813
2172
2360
2349
2100
1754
1477
1293
1341
1452
1585
1582
1500
1375
1126
862
530
219
-99
-283
-233
-175
-17
3
-244
-577
-1014
-1393
-1631
-1771
-1940
-1943
-1883
-1936
-2109
-2328
-2455
-2439
-2465
-2418
-2342
-2184
-2017
-1911
-1904
-1838
-1818
-1899
-1885
-1918
-1682
-1461
-1188
-825
-720
-739
-756
-501
-495
-284
62
268
574
709
802
795
460
81
-95
16
398
763
1091
1381
1596
1639
1429
1207
892
640
611
723
897
1092
1190
1023
773
517
237
97
41
46
152
134
187
152
206
253
159
24
-337
-622
-852
-1035
-947
-775
-402
-178
-7
175
232
144
22
-85
-244
-301
-428
-535
-614
-640
-757
-738
-734
-791
-926
-1080
-1075
-924
-676
-645
-579
-620
-694
-705
-634
-435
-282
-210
-131
-26
182
583
1021
1403
1819
2025
2189
2347
2417
2394
2384
2376
2208
2140
1949
1698
1590
1593
1634
1871
2114
2255
2326
2255
2037
1730
1509
1437
1376
1251
1105
999
898
687
581
400
326
307
297
99
-98
-342
-576
-779
-985
-1162
-1331
-1485
-1690
-1856
-2008
-2065
-2037
-2054
-2107
-2319
-2525
-2664
-2673
-2705
-2713
-2619
-2606
-2492
-2505
-2563
-2485
-2225
-1752
-1316
-992
-913
-878
-977
-1025
-1053
-946
-649
-443
-219
-158
-165
-238
-95
6
159
371
553
748
795
871
838
903
983
1277
1503
1459
1319
925
779
608
514
504
544
579
586
716
874
904
982
1027
916
794
523
184
-100
-274
-379
-332
-147
75
163
79
93
233
412
474
427
254
-26
-385
-749
-909
-997
-967
-924
-1014
-1189
-1401
-1567
-1605
-1436
-1118
-817
-657
-533
-535
-521
-495
-471
-421
-447
-460
-612
-630
-374
-88
473
892
1322
1622
1821
1978
2118
2382
2335
2427
2498
2493
2498
2391
2352
2355
2443
2514
2490
2368
2208
2189
2142
2200
2336
2445
2417
2145
1800
1438
1235
991
861
791
770
732
499
292
1
-257
-417
-635
-671
-729
-806
-913
-1253
-1734
-2229
-2781
-3058
-3070
-3096
-3027
-3165
-3227
-3299
-3176
-2953
-2705
-2598
-2636
-2571
-2664
-2732
-2643
-2504
-2414
-2195
-2048
-1920
-1696
-1531
-1181
-797
-469
-186
125
238
184
235
366
729
1022
1247
1294
1307
1373
1483
1672
1844
2007
2047
1913
1700
1508
1233
1087
1078
1094
954
944
802
749
732
683
808
911
928
777
547
217
-117
-269
-263
-202
-21
15
-141
-488
-842
-899
-921
-810
-648
-560
-510
-618
-802
-895
-893
-828
-725
-697
-845
-986
-1048
-1202
-1243
-1328
-1417
-1525
-1636
-1713
-1701
-1444
-1170
-840
-551
-248
-188
-422
-748
-1047
-1182
-1069
-785
-348
96
515
825
1140
1535
1877
2044
2287
2540
2706
2949
2998
2842
2708
2548
2634
2726
2873
3049
3185
3210
3096
2933
2735
2776
2736
2779
2810
2873
2789
2436
2007
1591
1295
1212
1051
908
796
599
234
-32
-323
-486
-637
-854
-997
-1169
-1331
-1583
-1850
-2251
-2621
-2934
-3153
-3163
-3116
-3141
-3026
-3097
-3109
-3309
-3662
-3821
-3815
-3594
-3288
-3032
-2852
-2691
-2483
-2279
-1913
-1668
-1482
-1357
-1274
-1102
-960
-652
-419
-186
-142
-161
-296
-307
-100
44
273
832
1302
1701
1845
1677
1503
1158
918
894
993
1107
1214
1240
1235
1288
1437
1749
2029
2192
2143
1793
1097
728
718
983
1347
1571
1578
1267
843
523
355
257
570
938
1344
1670
1892
1967
2042
2081
2146
2143
1780
939
-518
-2168
-3694
-4832
-5841
-6904
-7859
-8338
-8221
-7399
-6233
-4835
-3396
-1963
-571
531
1229
1387
1172
600
9
-419
-622
-571
-188
376
1509
3059
4808
6553
7925
8683
8894
8710
8163
7116
5658
4103
2613
1383
470
3
-178
87
654
1408
2391
3287
3850
3868
3359
2314
1096
-267
-1838
-3385
-4697
-5597
-5798
-5522
-4965
-4221
-3361
-2441
-1759
-1337
-1460
-2410
-3805
-5076
-6052
-6462
-6255
-5604
-4491
-2974
-1192
945
3028
4823
5931
6440
6391
5775
4763
3220
1442
80
-791
-1024
-679
-70
576
1106
1445
1348
1012
302
-712
-1727
-2481
-2843
-2852
-2605
-2132
-1418
-448
719
1768
2375
2678
2779
2753
2651
2334
1791
1126
606
417
468
779
1244
1886
2523
3113
3389
3262
2595
1567
565
-242
-617
-815
-992
-1023
-1030
-878
-313
464
1124
660
-2520
-8148
-14171
-18132
-19480
-20250
-21844
-22867
-20594
-14644
-7206
-388
5189
10266
14970
18705
20867
21255
19965
17410
14366
11657
9786
8908
8682
8441
7901
7707
8625
9995
9735
6638
1787
-2732
-6125
-9479
-13793
-18297
-20967
-20695
-17809
-13436
-8771
-3913
1337
6941
12207
16168
18452
18920
17603
15133
12373
10048
8047
5620
2804
958
1139
2661
3778
3158
1120
-1216
-3068
-4989
-8042
-12333
-16697
-19596
-20440
-19555
-17575
-14667
-10965
-6752
-2501
1494
5065
7716
9083
9229
8971
9011
9240
8911
7669
6493
6468
7547
8372
7458
4780
1577
-1336
-4308
-7770
-11482
-14482
-15845
-15552
-13906
-11176
-7810
-4225
-682
2498
5297
7330
8089
7388
5581
3749
2753
2515
2146
1383
979
1766
3411
4390
3808
2083
-13
-1954
-4010
-6256
-8389
-9936
-10384
-9597
-7762
-5188
-2433
-141
1465
2541
3401
3903
3766
2913
1825
1080
969
1348
1836
1331
-2251
-9045
-16479
-21185
-21849
-21013
-21295
-21437
-17861
-9612
210
8414
14049
18259
21915
24404
24811
22980
19504
15219
10860
7183
4691
3387
2935
2549
1758
1073
1575
2667
2057
-1697
-7392
-12022
-13954
-14625
-15873
-17013
-15604
-10418
-2705
5181
11463
16123
19800
22425
23380
22117
18707
13820
8263
2664
-2227
-5731
-8027
-10058
-12185
-13309
-12090
-9075
-6736
-6983
-9454
-11859
-12556
-12325
-12704
-13976
-14150
-11261
-5452
1407
7363
11908
15235
17302
17796
16448
13271
7785
50
-8333
-15540
-19783
-20795
-20182
-18592
-14949
-8475
-465
6845
11229
12219
12050
11501
9684
6064
1169
-3448
-6020
-6030
-4651
-2459
234
2488
3740
4076
3576
2032
-643
-4248
-7551
-8533
-6530
-2704
1011
3770
6656
10020
12539
12349
8514
2538
-3199
-7456
-10399
-12271
-12672
-11075
-7234
-1744
3868
8517
11361
12078
10905
8746
6165
3332
361
-2517
-4602
-5275
-4754
-3585
-2122
-536
241
-2279
-8662
-16343
-21490
-22135
-20616
-19934
-18834
-13827
-4210
6785
15459
20805
24020
26087
26382
24109
19488
13510
7272
1505
-3195
-6279
-7361
-6582
-5076
-3951
-2995
-1347
494
467
-2830
-7982
-11622
-11865
-10116
-8415
-6266
-1697
5797
14242
20955
24374
24959
23680
20690
15782
9006
1172
-6459
-12950
-17682
-19961
-19298
-16316
-12708
-9565
-6457
-2612
1323
3341
2131
-1149
-3666
-3713
-2164
-594
653
2998
7304
12285
15684
16202
14148
10308
5093
-1152
-7835
-14088
-18997
-22073
-22938
-21544
-18513
-14527
-10397
-6156
-1025
4974
10550
14549
16538
16966
17071
16669
14313
9798
4306
-879
-4808
-7854
-11008
-13937
-15532
-15305
-13272
-9836
-5755
-1457
2913
7146
10988
14033
15629
15170
12682
9023
5379
2001
-1463
-5152
-8472
-10126
-9563
-7588
-5539
-3685
-1771
705
3671
6038
7197
7121
6358
5255
4012
2710
1435
-40
-1393
-2128
-2177
-1446
-593
-173
123
821
1976
2880
1071
-5479
-15121
-23348
-26101
-23714
-20535
-18308
-13856
-4284
8467
19371
25327
26922
26396
24627
20949
15274
8478
1756
-3809
-7510
-8730
-7355
-4265
-1126
462
427
135
167
-894
-4733
-10407
-14293
-13314
-8272
-2579
2174
7182
13697
20682
25305
25570
21907
16061
9397
2299
-4910
-11557
-16727
-19561
-19825
-17326
-12285
-5898
-361
2545
3105
3147
3443
2840
43
-4046
-6234
-4162
1076
6310
9678
11637
13351
14582
13573
9252
2316
-5470
-12633
-18415
-22250
-23572
-22232
-18496
-13073
-6424
865
7587
11818
11989
8965
4822
1430
-556
-2035
-2934
-1408
3290
8960
12919
13519
10664
6438
1394
-4942
-11702
-17247
-19928
-18847
-14306
-7459
721
8820
15097
18616
19206
17054
12529
5868
-1856
-8549
-12244
-12403
-10109
-6712
-2541
2460
7381
10573
10606
7534
2885
-1647
-5496
-8417
-9807
-9122
-6233
-1725
3073
6927
9205
9534
7990
5391
2687
448
-1086
-2041
-2311
-1725
-308
1369
1660
-1930
-9845
-18968
-24793
-24942
-21775
-18911
-15693
-8645
2931
15254
23796
27102
27002
25416
22405
17382
10639
3371
-3002
-7547
-9845
-9621
-7270
-3986
-1466
-712
-1110
-1477
-2009
-4025
-8003
-11841
-12011
-7243
-113
6188
11157
16111
21473
25405
25520
21184
13935
5753
-2123
-9264
-15275
-19430
-20979
-19652
-15864
-10220
-3628
2307
5724
6063
4613
3322
2640
1572
-519
-2163
-993
3436
8832
12264
12756
11266
9121
6042
1018
-5993
-13552
-19651
-23107
-23678
-21492
-16825
-10303
-3084
3721
9467
13671
15819
15211
11546
5837
-176
-5162
-8753
-10922
-11059
-8215
-2963
2635
6672
8225
7806
6284
3552
-653
-5066
-8120
-8604
-6437
-2678
1690
5943
9412
10993
10200
7205
2769
-2045
-6347
-9452
-10398
-8510
-4217
1263
6360
10255
12646
12901
10591
5727
-707
-6842
-11338
-13641
-13663
-11355
-6911
-1036
4808
9119
11118
11051
9462
6842
3774
746
-1580
-2776
-2926
-2308
-1307
-43
1410
2642
2238
-2081
-10419
-19592
-25209
-24889
-20705
-16194
-11137
-3168
7960
19060
26208
28022
25967
22075
17041
10830
3778
-3001
-8192
-11046
-11392
-9307
-5366
-1027
1812
1890
-172
-2609
-4568
-6514
-9100
-11146
-9663
-3106
6363
14996
20757
24018
25806
25807
22469
15155
5073
-5407
-14053
-19712
-22326
-22046
-19053
-13983
-7846
-1552
4051
7859
8817
6711
2898
-353
-1472
-737
538
1939
4366
8373
12702
14825
12962
7579
717
-6028
-12239
-17894
-22383
-24365
-22843
-17994
-10906
-2910
4630
10547
13948
14727
13474
10782
6863
1484
-4589
-9621
-11982
-11092
-8103
-4688
-1229
2417
5743
7793
7532
4962
1378
-1705
-3511
-3973
-3086
-1152
1522
4213
5895
6086
4690
1942
-1793
-5644
-8402
-9060
-7356
-3996
14
4320
8630
12151
13672
12215
8148
2868
-2330
-6807
-10274
-12285
-12138
-9504
-5046
-23
4362
7342
8711
8417
6809
4547
2259
490
-693
-1123
-851
-20
1109
1863
2031
1816
1679
1859
1579
-1414
-8742
-18527
-26070
-27197
-22059
-15139
-9045
-2107
7478
18249
26137
28283
25286
19768
13655
7501
1428
-3928
-7623
-9054
-8431
-6046
-2344
1400
3400
2316
-1581
-6067
-8855
-9666
-9743
-9460
-6846
132
10443
19996
25423
26314
24401
21051
15795
7892
-1957
-11629
-18645
-21631
-20828
-17183
-11783
-5881
-721
3099
5508
6429
5456
2328
-1849
-4555
-3745
275
5107
8751
11051
12806
13965
12900
8135
35
-9069
-16543
-21098
-22798
-21976
-18784
-13335
-6387
858
7174
11502
13109
11786
8328
4232
603
-2173
-4432
-6331
-7092
-5834
-2949
-25
1698
1873
1378
1059
582
-437
-1555
-1929
-940
1252
3686
5477
6239
5711
3860
966
-2434
-5686
-8045
-9092
-8500
-5926
-1666
3282
7744
10575
11557
11085
9265
6043
1729
-2737
-6215
-7881
-7892
-7017
-5506
-3473
-1177
925
2301
2693
2378
1830
1434
1482
1915
2584
3217
3488
3163
2479
1725
1020
419
-67
-406
-297
466
1512
1538
-2107
-10499
-20617
-27168
-26247
-19605
-12498
-6452
1009
11272
21679
27644
27288
22475
16182
9932
3914
-1546
-5561
-7354
-7092
-5330
-2389
960
3254
2926
-548
-5611
-9487
-10611
-9717
-8159
-5558
-194
8420
17669
23615
24660
21967
17552
12159
5370
-2719
-10582
-16159
-18140
-16628
-12608
-7303
-2202
1285
2658
2554
1760
558
-1394
-3842
-4973
-2838
2519
8739
13013
14410
13717
11778
8315
2509
-5381
-13423
-19146
-21248
-19855
-15907
-10439
-4508
851
4864
7261
7972
6967
4334
918
-1803
-2742
-2237
-1512
-1251
-1246
-310
1601
2777
2290
387
-1675
-2466
-2139
-1788
-1535
-786
715
2679
4141
4378
3387
1409
-1101
-3510
-5085
-5413
-4699
-3286
-1214
1559
4676
7125
7891
6965
5009
2985
1218
-661
-2624
-4038
-4355
-3406
-2011
-1065
-738
-718
-716
-598
-390
-202
133
618
1279
2271
3454
4326
4441
3647
2351
1170
167
-683
-1439
-1849
-1613
-670
902
2509
2621
-1441
-10540
-21321
-27832
-26019
-18378
-10637
-4131
3740
14153
23719
27848
25385
18934
11845
5504
115
-3732
-5170
-4339
-2369
-103
2311
4221
4235
983
-5163
-11349
-14430
-13424
-9961
-5744
-525
6667
15136
21795
23732
20868
15226
8942
2863
-2917
-7971
-11173
-11704
-9862
-6493
-2611
540
1690
218
-2916
-5740
-6968
-6717
-5831
-4223
-675
5270
11834
16241
16733
13669
8849
3505
-2187
-7988
-12944
-15737
-15508
-12575
-8105
-3334
429
2192
1873
205
-1594
-2847
-3505
-3474
-2216
689
4450
6977
7009
4663
1210
-1521
-3523
-5170
-5981
-5534
-3437
-41
3036
4789
5236
4462
2746
599
-1585
-3223
-4130
-4298
-3433
-1597
869
2880
3462
2891
2097
1545
1165
697
157
190
1024
2205
2998
2858
1966
596
-1000
-2461
-3698
-4529
-4723
-4181
-2874
-803
1598
3449
4330
4284
3674
2981
2124
1000
-19
-597
-587
-232
72
162
159
246
594
1285
2293
2599
-657
-9220
-20386
-27910
-26363
-17526
-8361
-1638
5027
13562
21495
24310
20782
13846
7113
2053
-1144
-2020
-248
2906
5123
5590
5132
3991
1270
-4249
-11848
-17707
-18302
-13619
-6483
249
6118
12048
17433
19944
18024
12607
6279
1292
-1776
-2991
-2498
-915
691
1277
879
49
-1601
-5013
-9931
-14094
-14720
-11079
-5335
-79
4128
7988
11614
13734
12892
9129
3996
-609
-3640
-4930
-4797
-3831
-2811
-2334
-2480
-3021
-4014
-5856
-8539
-10867
-11080
-8469
-4008
605
4456
7421
9157
8868
6108
1532
-3001
-5814
-6287
-4592
-1633
1599
4096
5044
4284
2205
-722
-3817
-6096
-6646
-4875
-1348
2400
5008
5875
5279
3704
1391
-1348
-3689
-4558
-3393
-781
2169
4438
5527
5267
3730
1333
-1251
-3304
-4343
-4203
-2910
-716
1583
2925
2709
1210
-705
-2253
-3011
-2847
-1706
266
2635
4703
5701
5307
3597
1097
-1324
-2939
-3542
-3191
-2166
-755
1040
2946
4360
3132
-3607
-15099
-25724
-28297
-20981
-10178
-1650
5083
12285
19048
21620
18143
11081
4333
-438
-2668
-1363
3273
8811
11627
10323
6891
3120
-1472
-7885
-15253
-19847
-18224
-11097
-2290
4917
9493
11974
12801
11355
7723
3459
394
-342
1209
4482
8437
11030
10261
5873
-233
-5697
-9735
-12928
-15149
-14789
-10724
-4100
2174
5678
6130
4609
2391
481
-430
-50
1369
3318
5424
7401
8399
7175
3210
-2522
-7893
-11102
-11867
-10915
-9013
-6366
-3289
-600
851
716
-479
-1846
-2568
-2200
-787
1267
2954
3838
4085
3865
3418
2255
78
-2031
-2988
-2641
-1419
-297
454
1118
1361
896
-191
-1650
-2828
-3219
-2658
-1028
1214
3254
4347
4359
3586
2343
768
-878
-2009
-2102
-1019
608
2024
2674
2352
1270
-218
-1707
-2821
-3305
-3064
-2088
-476
1336
2710
3138
2580
1569
602
22
-310
-503
-459
-84
512
998
1054
652
136
-201
-102
354
-627
-6237
-16450
-25994
-27426
-18473
-6146
2450
7280
11009
14044
14062
10161
5218
2500
2194
3761
7784
13365
17267
15936
9160
857
-5379
-9217
-11908
-13658
-12710
-8023
-1568
3420
5055
3483
517
-1909
-2771
-1264
2667
7684
12018
14482
15068
14138
10961
5011
-2222
-7610
-8949
-6839
-3850
-1956
-1401
-2010
-3565
-5914
-8479
-10099
-9966
-7638
-2985
3251
9072
12215
11633
8327
4455
1404
-632
-1792
-1936
-845
943
2174
1778
-669
-4738
-9288
-12749
-13773
-12091
-8612
-4627
-1143
1426
2867
3192
2429
1170
587
1269
3384
5936
7446
7410
5792
2925
-308
-3235
-5277
-6017
-5540
-4218
-2417
-830
-49
-183
-830
-1171
-749
431
1964
3455
4473
4715
4109
2778
1087
-531
-1645
-1955
-1443
-493
344
595
309
-239
-776
-1175
-1277
-1003
-385
472
1205
1496
1273
712
85
-246
-312
-262
-128
-6
-38
-275
-560
-640
-353
231
936
1552
685
-4837
-15250
-25174
-27004
-17913
-4591
4774
8664
9311
8111
5094
1262
-478
1617
5779
10137
14689
18738
19938
15651
6430
-3066
-8264
-8073
-4738
-1270
855
1614
736
-2041
-6010
-9639
-10951
-9073
-4797
1198
7721
12483
13407
10343
5870
3013
2564
3472
4872
6462
7840
7984
5789
1599
-3407
-8034
-10979
-11442
-9305
-5708
-2817
-2068
-3023
-4273
-4716
-4235
-3112
-1131
1634
4487
6509
7052
6254
4631
2642
1075
555
881
1112
149
-2268
-5715
-8924
-10820
-11080
-9910
-8015
-5647
-2830
115
2167
2962
2877
2544
2891
4113
5837
7272
7481
5818
2774
-328
-2530
-3408
-3394
-2909
-2184
-1585
-1350
-1784
-2554
-3108
-2916
-1595
537
2815
4398
4706
3546
1490
-517
-1792
-2022
-1404
-265
870
1551
1473
603
-574
-1467
-1538
-750
543
1802
2396
2200
1295
110
-843
-1358
-1396
-1242
-870
-631
-779
-1201
-1821
-2109
-1549
-183
1159
-372
-7928
-18974
-26287
-23074
-10604
1730
8224
9046
5644
-541
-6930
-8217
-1062
10224
18146
20408
18936
15838
11541
5770
1325
615
2687
5742
7950
8223
5653
-458
-8411
-13843
-13736
-8641
-1882
2559
3375
1343
-2074
-4760
-5195
-2478
2704
7780
10709
11174
9751
7315
4711
2707
2333
3608
5232
5913
4603
1220
-3392
-7846
-10370
-9991
-7240
-3875
-1977
-2552
-5027
-7895
-9675
-9295
-6626
-2528
1644
4334
4741
3303
1220
-246
-339
821
2439
3749
4020
3059
1179
-1006
-2750
-3278
-2490
-1142
-175
-235
-1245
-2612
-3695
-3826
-2884
-1281
227
827
517
-151
-602
-497
277
1484
2596
3046
2604
1584
362
-619
-1032
-706
273
1351
1899
1607
576
-765
-1829
-2228
-1945
-1295
-715
-466
-585
-906
-1248
-1436
-1270
-666
203
963
1240
1087
743
310
40
-4
163
431
507
267
-21
-118
205
783
911
-2047
-10002
-20137
-25702
-20712
-8108
2497
5520
2072
-3859
-8980
-11253
-7822
1967
13379
19962
19857
15161
9739
5884
4853
7930
13653
18086
18133
13398
6402
304
-3408
-4499
-3199
-781
1105
883
-2331
-7111
-11066
-12164
-9693
-4911
254
3704
3794
815
-2870
-4305
-1907
3411
9037
12669
13058
10362
6126
2407
872
1770
3676
4927
4402
2121
-1214
-4634
-7159
-8009
-7426
-6477
-6252
-7362
-9266
-10795
-11025
-9464
-6435
-3156
-893
-83
-318
-685
-95
1591
3995
6262
7289
6642
4941
3114
1966
1785
2189
2683
2583
1433
-436
-2399
-3614
-3892
-3531
-2959
-2654
-2885
-3596
-4337
-4505
-3791
-2400
-847
365
948
846
341
-54
141
1045
2251
3264
3781
3710
3176
2446
1826
1546
1535
1440
1009
200
-831
-1779
-2422
-2665
-2478
-2139
-2109
-2486
-3042
-3414
-3114
-2391
-1454
-567
260
1285
2278
1098
-5802
-16286
-23127
-18686
-4587
6849
7076
-893
-9615
-13427
-12327
-7433
1340
10851
15073
12462
6787
2847
3009
5757
10785
17002
20825
19211
12724
5133
1705
3489
7694
10897
10937
7455
2295
-3036
-6807
-7600
-5773
-2935
-1314
-2036
-4419
-7210
-9122
-8832
-6021
-1688
2041
3197
1767
-290
-1237
-14
2871
6071
8168
8345
6605
4213
2532
2285
3101
3686
3021
625
-2817
-5799
-7176
-6471
-4563
-3247
-3288
-4677
-6604
-7822
-7786
-6420
-4275
-2321
-1308
-1234
-1653
-1899
-1576
-507
1159
2546
3087
2767
2138
2030
2591
3341
3743
3544
2682
1440
315
-328
-384
-172
-105
-507
-1400
-2606
-3763
-4377
-4254
-3794
-3411
-3233
-3070
-2657
-1963
-1084
-174
630
1069
999
731
608
951
1765
2662
3303
3494
3140
2380
1574
897
587
507
375
-48
-660
-1419
-1901
-1948
-1412
-394
433
-1581
-9082
-18831
-23949
-17977
-5027
3230
711
-7684
-14053
-14306
-10533
-4887
2773
9751
11556
7856
2934
1539
4937
10182
15857
19962
20211
15796
9593
5962
7938
13163
16922
16555
12092
5922
1080
-1374
-1416
330
1989
2001
-833
-5602
-9938
-11648
-10539
-7557
-4807
-3872
-5208
-7868
-9792
-8962
-5413
-808
2709
3812
2961
1453
674
1511
3993
6717
8204
7552
5343
3089
2104
2407
3274
3876
3540
1950
-513
-2887
-4212
-4302
-3839
-3670
-4170
-5116
-6066
-6524
-6297
-5643
-4867
-4222
-3681
-3155
-2576
-1781
-790
328
1141
1407
1317
1325
1636
2224
2868
3262
3192
2519
1461
446
-177
-410
-486
-580
-842
-1405
-2052
-2441
-2372
-1946
-1663
-1828
-2447
-3045
-3312
-3095
-2387
-1462
-685
-306
-368
-518
-410
-36
466
944
1376
1787
2106
2288
2855
3423
3228
-1454
-9619
-16234
-15021
-5618
2377
1685
-6365
-13270
-14811
-11833
-7969
-3424
1609
4030
1923
-2153
-3780
-787
4715
10227
14358
15364
12709
8483
6865
9808
15653
19644
19435
15675
10845
7435
6571
7262
8510
9047
7873
4730
260
-3745
-5456
-4609
-2873
-2166
-3822
-7097
-10280
-11635
-10523
-7689
-5066
-3825
-4429
-6044
-7170
-6669
-4478
-1374
1103
1942
1409
81
-494
333
2403
4594
5910
5711
4345
2852
2238
2921
4095
4573
3583
1412
-728
-1940
-2049
-1492
-1215
-1718
-3117
-4800
-6009
-6185
-5438
-4324
-3391
-3165
-3656
-4301
-4307
-3352
-1926
-670
-219
-462
-757
-553
388
1804
2956
3236
2687
1649
766
501
855
1580
2076
1916
1147
156
-581
-1021
-1245
-1431
-1690
-1975
-2358
-2484
-2272
-1719
-1132
-746
-787
-943
-997
-522
441
1374
-835
-7804
-15114
-17066
-9515
307
3062
-3165
-11019
-13909
-11825
-8206
-4848
-11
3932
3541
-604
-3847
-2160
3449
9193
13274
14525
12427
8299
6185
8518
14293
18671
18465
14915
10893
8663
8622
9830
11131
11780
10396
6975
2435
-1075
-2030
-684
706
324
-2393
-6331
-9218
-9856
-8232
-5821
-4748
-5761
-8075
-10152
-10558
-8943
-6098
-3464
-1925
-2502
-4076
-4952
-3711
-68
3681
5478
4719
2826
1767
2529
4668
6855
7787
6746
4281
1748
333
564
1454
1987
1326
-710
-3264
-4865
-4703
-3277
-1940
-2099
-3539
-5278
-6137
-5604
-4064
-2307
-1351
-1697
-2796
-3649
-3509
-2374
-879
163
526
249
-200
-208
433
1457
2189
2272
1733
1049
707
1017
1741
2465
2530
1695
413
-711
-1167
-947
-507
-317
-494
-1116
-1751
-2126
-1831
-1047
79
1054
1388
-578
-7314
-15154
-18652
-12630
-1588
3585
-1696
-11528
-16217
-13915
-8457
-4684
-1347
1879
1601
-2616
-6835
-5442
1696
8914
12368
11916
9077
5548
4511
7870
14847
20493
20032
15037
10207
9028
11327
14379
15905
15696
13190
8939
4606
2212
2729
4749
5440
3251
-1257
-6098
-8666
-8132
-5858
-3991
-4596
-7771
-10988
-12287
-11176
-8905
-7094
-6475
-6736
-7460
-8454
-8208
-5919
-2061
1574
2635
1087
-846
-714
1818
5323
7699
7733
5846
3482
2260
2748
4273
5388
4808
2837
526
-1265
-1906
-1146
47
465
-557
-2817
-4817
-5239
-4209
-2947
-2577
-3442
-4885
-6015
-5998
-4851
-3315
-2194
-2055
-2683
-3139
-2833
-1679
-110
1150
1646
1514
1226
1258
1853
2720
3436
3412
2641
1612
940
994
1484
1684
1354
678
-41
-350
-306
-91
230
435
499
493
462
-1367
-6693
-12844
-15305
-10363
-2134
855
-4742
-13221
-16549
-13379
-8105
-5111
-3400
-2193
-3033
-6071
-8202
-5309
1633
7306
8797
7265
5159
4074
5469
9772
15745
19336
17509
12626
9669
11131
14973
17596
17348
15290
12315
9436
7597
7692
9163
9846
7809
3564
-749
-3343
-3464
-2234
-1502
-2494
-5643
-9460
-11477
-10846
-8721
-7471
-7970
-9621
-11066
-11530
-10687
-9028
-6858
-4906
-4147
-4308
-4567
-3906
-1742
1251
3412
4101
3438
2584
2746
4110
5657
6364
5803
4520
3278
2716
2765
2839
2566
1829
608
-830
-1806
-2162
-2039
-1942
-2382
-3539
-4714
-5376
-5313
-4709
-4167
-4192
-4751
-5238
-4982
-3984
-2617
-1508
-1082
-1126
-1168
-887
13
1221
2224
2714
2665
2441
2260
2440
2813
3023
2937
2504
1865
1350
1213
1260
1296
1147
745
361
282
661
1331
1961
1962
-272
-5293
-11231
-13629
-9522
-2229
1075
-3203
-10968
-15351
-13523
-8764
-5010
-3175
-3004
-4493
-7265
-8417
-5236
784
5350
5956
4087
2443
2476
4232
7952
12742
15806
14735
10771
8312
9992
14277
17187
16926
14430
11636
9906
9596
10664
11993
11616
8583
4210
864
-229
332
930
633
-939
-3860
-7146
-9224
-8907
-7056
-5999
-7245
-9984
-11949
-11712
-9600
-7080
-5548
-5570
-6782
-7921
-7545
-5160
-1865
545
994
48
-697
-373
1026
2807
4020
4138
3274
2121
1630
2217
3240
3648
2979
1621
240
-551
-576
-104
202
-321
-1649
-3113
-3845
-3695
-3317
-3233
-3658
-4194
-4552
-4633
-4285
-3597
-2963
-2758
-2846
-2865
-2414
-1657
-854
-223
254
610
871
1189
1704
2409
2837
2893
2638
2528
2665
2895
2913
2676
2302
1827
1492
1377
1680
2138
2247
1799
1205
748
-519
-2836
-6122
-7954
-6607
-3184
-986
-2518
-6608
-9940
-9647
-6894
-3696
-2236
-2703
-4360
-6158
-6329
-4039
-332
2405
2758
1405
443
1134
3008
5483
7778
9142
8950
7690
6984
8258
11029
13141
13193
11446
9707
9105
9671
10654
11264
10591
8508
5691
3459
2980
3533
3765
2679
392
-1948
-3529
-4111
-3905
-3575
-4041
-5480
-7448
-8725
-8388
-6931
-5591
-5239
-5993
-7099
-7416
-6661
-5120
-3495
-2737
-2926
-3388
-3121
-1831
-274
705
725
79
-419
-205
679
1810
2397
1967
798
-249
-550
-133
303
206
-612
-1754
-2694
-3123
-2911
-2394
-2143
-2515
-3247
-3840
-3905
-3533
-3115
-2844
-2834
-2945
-2983
-2669
-1976
-1083
-495
-337
-410
-406
-69
407
971
1440
1820
2092
2227
2198
2125
2012
1852
1782
1803
1932
2111
2219
2322
2277
2251
2227
2363
2430
2360
1825
525
-926
-2121
-2318
-1569
-625
-260
-738
-2079
-3572
-4119
-3412
-1913
-932
-1202
-2196
-2944
-2649
-1506
-120
868
1168
647
97
302
1535
3311
4481
4523
3970
3684
3914
4700
5456
6026
6096
5683
5190
5005
5384
6066
6327
5619
4405
3282
2855
3102
3433
3404
2683
1402
90
-714
-862
-708
-849
-1522
-2524
-3354
-3587
-3328
-2974
-2969
-3402
-4126
-4613
-4497
-3879
-3147
-2766
-2821
-3115
-3184
-2810
-2133
-1548
-1296
-1443
-1733
-1799
-1619
-1238
-914
-902
-1195
-1687
-2068
-2192
-2078
-1851
-1728
-1683
-1721
-1706
-1665
-1733
-1991
-2284
-2472
-2455
-2219
-1807
-1361
-1194
-1346
-1583
-1517
-1072
-412
127
219
96
36
113
347
724
1075
1269
1335
1306
1302
1387
1417
1171
927
835
913
1129
1312
1586
1894
2022
1887
1693
1550
1599
1758
1992
2229
2389
2190
1724
1253
1112
1395
1523
1175
465
-6
-44
159
270
121
-87
-284
-492
-666
-649
-520
-523
-706
-884
-762
-348
65
231
263
271
318
620
1075
1604
1939
1859
1577
1461
1683
1970
2065
1870
1572
1295
1156
1155
1164
1234
1164
918
597
312
137
-8
-207
-422
-606
-690
-658
-584
-517
-491
-550
-786
-1014
-1117
-1102
-1107
-1164
-1221
-1153
-928
-714
-657
-794
-1090
-1332
-1537
-1537
-1315
-1060
-1000
-1170
-1429
-1567
-1456
-1193
-909
-755
-796
-971
-1171
-1242
-1133
-943
-862
-975
-1152
-1230
-1191
-995
-726
-524
-444
-495
-612
-741
-770
-611
-428
-231
-69
2
47
92
48
13
-4
31
163
316
519
675
781
739
677
680
685
742
776
862
910
946
944
912
932
936
1010
1072
1154
1178
1195
1129
1032
961
881
855
861
901
970
973
934
867
752
716
627
578
482
346
153
-80
-268
-336
-193
10
182
228
131
-87
-402
-600
-625
-517
-296
-142
-114
-279
-515
-595
-532
-385
-240
-194
-179
-265
-338
-418
-463
-457
-492
-467
-430
-287
-123
-43
-65
-114
-146
-173
-90
50
154
261
348
378
480
518
505
383
247
157
156
181
231
333
405
449
393
311
335
390
449
385
196
-16
-282
-437
-570
-570
-512
-475
-456
-508
-605
-658
-723
-691
-548
-366
-243
-295
-406
-465
-440
-378
-393
-467
-424
-431
-454
-595
-718
-697
-612
-407
-176
-30
-8
-144
-372
-555
-621
-610
-537
-356
-164
18
95
77
-32
-159
-158
-128
-34
117
292
384
459
526
524
550
549
520
592
665
709
715
666
675
723
788
795
777
701
531
309
156
125
101
118
166
234
312
353
351
300
268
226
181
123
94
108
134
253
314
288
129
-78
-205
-253
-190
-88
-2
-11
-137
-262
-385
-426
-418
-445
-432
-450
-444
-391
-307
-286
-260
-227
-168
-143
-157
-184
-235
-251
-281
-256
-263
-257
-201
-162
-106
-148
-210
-146
42
268
453
500
354
114
-106
-227
-131
135
479
705
691
532
268
65
14
99
218
343
364
323
250
137
64
115
163
170
180
114
26
-38
-72
-19
53
79
57
-40
-159
-224
-221
-214
-234
-290
-343
-400
-428
-427
-459
-545
-542
-473
-359
-260
-267
-281
-401
-468
-460
-358
-213
-81
2
-62
-190
-323
-331
-304
-180
60
288
358
302
152
50
80
214
330
401
409
344
209
62
-12
-7
60
158
250
283
255
165
48
-8
41
162
266
350
407
417
463
396
273
137
53
11
34
119
238
330
304
176
-14
-137
-182
-245
-296
-268
-242
-237
-254
-210
-137
-121
-231
-446
-604
-662
-477
-191
65
179
68
-197
-409
-415
-326
-170
-39
17
45
-10
-88
-152
-204
-208
-265
-315
-302
-210
-27
241
404
466
377
244
90
63
133
253
402
434
435
348
249
135
77
65
99
129
135
114
36
-18
16
44
62
64
9
-37
-86
-91
46
167
222
201
174
235
249
232
201
117
46
25
118
195
191
72
-79
-143
-173
-145
-30
147
295
336
280
94
-62
-140
-169
-72
25
65
29
-33
-77
-44
-56
-82
-89
-38
16
11
-51
-155
-222
-190
-108
-20
46
46
134
173
199
135
16
-73
-130
-144
-100
-55
-91
-140
-205
-231
-218
-196
-88
31
100
111
54
-2
11
29
12
-24
-61
-117
-182
-238
-152
-56
-23
-44
-254
-359
-373
-362
-277
-249
-235
-212
-198
-145
-114
-138
-123
-138
-240
-304
-364
-344
-215
-139
-71
-59
-133
-190
-177
-94
29
123
228
336
337
291
188
79
142
298
449
581
583
547
427
233
139
163
207
262
189
28
-161
-334
-357
-275
-110
119
308
379
329
208
49
-60
-104
-73
45
186
295
242
39
-177
-312
-341
-226
-143
-130
-111
-88
3
74
171
226
78
-175
-368
-498
-514
-356
-118
55
124
27
-66
-150
-203
-138
-149
-74
4
38
43
-29
-61
-83
-92
-113
-120
-3
185
338
340
264
170
115
204
297
298
305
260
235
200
174
181
298
343
367
417
330
194
84
90
113
96
97
9
-13
-86
-210
-297
-238
-56
141
239
200
39
-78
-140
-169
-124
-13
101
94
31
-62
-124
-97
-70
-122
-265
-428
-518
-525
-378
-220
-107
-65
-78
-124
-143
-140
-172
-190
-170
-164
-199
-177
-200
-116
25
69
9
-61
-130
-202
-290
-364
-268
-73
156
380
488
480
432
299
135
3
-4
74
190
248
255
258
173
126
101
74
21
-64
-125
-157
-84
26
120
208
221
186
51
-49
-12
35
52
36
-15
-77
-128
-156
-123
-30
52
93
48
-87
-203
-346
-425
-378
-255
-95
-19
-89
-248
-340
-239
28
270
333
252
55
-132
-176
-124
108
339
510
514
351
186
77
76
108
130
136
141
160
170
133
120
85
-13
-82
-131
-139
-119
-66
90
310
388
299
132
-103
-299
-413
-356
-225
-35
163
211
184
-16
-177
-225
-259
-222
-128
11
134
182
102
39
-97
-224
-233
-173
-112
-22
59
54
16
-73
-249
-456
-562
-595
-503
-366
-218
-65
-14
-68
-239
-435
-498
-332
-29
168
308
243
1
-203
-359
-382
-335
-207
-90
-11
55
78
119
211
270
319
268
233
287
328
383
416
440
436
486
491
353
283
289
302
338
310
215
109
60
18
52
147
304
406
430
312
64
-77
-33
85
189
246
195
119
30
-63
-159
-269
-325
-293
-227
-114
-39
-25
-99
-195
-247
-261
-186
-140
-163
-251
-299
-361
-369
-314
-179
-24
33
6
-137
-264
-350
-371
-336
-324
-240
-53
146
221
208
109
33
-40
-73
-38
62
194
211
177
90
102
149
185
144
37
-29
-78
-62
49
175
320
349
241
50
-148
-218
-214
-64
121
283
364
394
338
157
89
65
63
55
-35
-115
-169
-211
-215
-196
-153
-120
-147
-226
-340
-438
-391
-264
-191
-150
-134
-145
-124
-170
-173
-152
-149
-129
-78
70
142
74
98
100
129
205
227
255
280
233
234
255
321
419
439
408
291
134
20
-42
-32
73
149
146
87
8
-1
57
124
163
140
41
-92
-196
-281
-363
-413
-386
-312
-149
39
95
92
32
-52
-192
-271
-281
-223
-176
-226
-185
-195
-237
-250
-189
-70
73
168
280
287
212
114
-44
-194
-251
-198
-117
-25
13
15
23
-35
-128
-226
-295
-224
-68
60
193
286
334
279
125
15
-10
101
217
286
207
161
64
41
53
113
224
296
323
272
220
171
149
123
124
101
106
109
83
20
14
58
134
237
289
289
192
34
-158
-302
-417
-435
-510
-444
-322
-286
-263
-250
-237
-281
-296
-336
-301
-269
-238
-201
-121
26
180
298
294
204
137
71
54
53
130
220
281
264
179
90
-29
-143
-254
-246
-205
-138
-77
-43
-81
-121
-149
-164
-144
-75
50
159
190
143
84
-39
-42
44
131
201
184
169
66
41
66
-40
-128
-187
-132
-56
79
148
187
142
103
49
-30
-13
-17
13
88
139
177
178
158
82
22
-34
-56
-92
-112
-151
-164
-115
-21
88
117
115
69
-23
-92
-50
7
59
146
269
307
275
202
16
-215
-339
-360
-275
-39
193
334
339
244
151
51
24
-27
-21
25
66
110
54
-12
-45
-182
-240
-249
-239
-166
-138
-146
-189
-240
-262
-263
-283
-356
-359
-311
-260
-198
-168
-174
-212
-252
-205
-104
51
200
281
298
205
76
-13
-52
-85
-130
-155
-96
-4
107
150
163
137
149
136
53
138
183
204
254
148
30
-106
-238
-291
-201
-68
31
29
3
-11
21
125
192
283
339
294
235
264
227
243
150
114
105
122
207
259
264
321
368
331
297
134
13
-23
-56
-22
91
164
137
99
-19
-138
-287
-389
-450
-466
-395
-261
-114
-16
61
30
20
-14
-122
-201
-254
-254
-217
-145
-143
-38
54
94
64
-23
-53
-98
-83
-19
5
-1
-46
-96
-192
-244
-284
-251
-155
-47
137
254
296
175
65
-34
-31
14
71
146
245
215
161
33
-177
-377
-477
-470
-301
-83
156
310
269
150
-68
-229
-377
-443
-479
-312
-147
62
279
413
448
355
228
43
-7
51
138
260
389
479
522
505
479
416
345
277
251
239
108
25
-115
-221
-181
-136
-105
-100
-80
-156
-167
-272
-386
-386
-341
-237
-98
14
6
-2
-37
-7
14
-18
2
-32
-44
19
47
67
87
55
-57
-149
-200
-120
-47
-32
-76
-125
-198
-251
-236
-205
-150
-72
-22
-5
19
-13
30
68
133
187
192
95
-41
-126
-216
-172
-106
-76
-84
-100
-113
-98
-101
-80
-51
-40
-37
-35
-24
11
134
190
236
211
113
14
-23
-23
8
96
195
174
163
116
65
59
68
106
123
179
78
83
90
82
150
240
276
261
250
236
238
215
106
12
-79
-191
-346
-444
-485
-458
-277
-84
93
208
179
102
31
-61
-29
-41
63
113
124
108
-15
-153
-304
-360
-406
-349
-237
-122
-3
137
314
490
537
336
98
-107
-211
-197
-98
117
347
373
259
20
-213
-396
-477
-329
-189
18
132
163
92
-74
-134
-178
-93
-35
-18
-29
-120
-136
-171
-153
-65
-5
15
104
122
106
111
-4
-73
-147
-200
-202
-150
-113
-39
43
176
229
211
153
60
3
-37
27
142
168
148
15
-68
-109
-125
-64
-28
-30
-71
-61
-19
95
91
51
44
-15
-46
-67
-144
-145
-96
-38
-37
-46
14
23
9
24
1
-61
-63
-90
-97
1
143
336
414
365
213
39
-106
-203
-182
-136
-59
56
122
154
220
247
260
269
173
71
35
45
88
125
163
160
109
141
167
191
176
144
111
74
81
93
65
7
-140
-221
-345
-374
-379
-324
-175
-62
23
27
-43
-142
-137
-105
-53
-24
35
125
175
246
260
341
235
143
66
-57
-82
-126
-109
-98
-45
-95
-187
-352
-416
-470
-429
-454
-418
-369
-307
-205
-153
-107
-123
-108
-145
-240
-299
-235
-199
-93
-20
87
150
140
119
18
-155
-273
-283
-237
-83
98
231
306
363
356
358
337
296
296
308
281
187
82
85
121
152
246
285
374
437
486
500
500
535
503
367
198
0
-117
-174
-240
-245
-231
-131
-137
-58
-40
-7
-104
-165
-167
-165
-102
-58
-6
3
7
-117
-248
-433
-551
-578
-516
-430
-391
-369
-357
-242
-103
36
133
147
131
-1
-115
-170
-247
-237
-194
-134
78
298
467
445
260
55
-143
-233
-174
-63
92
241
368
445
397
340
214
22
-124
-162
-77
103
195
295
364
423
401
349
215
100
-29
-70
-85
-88
26
88
140
69
-35
-115
-99
8
78
60
27
-56
-88
-92
-153
-175
-206
-243
-329
-457
-584
-565
-472
-362
-250
-211
-232
-241
-208
-101
48
138
141
75
-4
-97
-42
-55
18
96
136
113
87
113
175
297
366
376
344
274
205
200
276
419
538
584
469
303
149
10
-74
-80
-166
-212
-275
-297
-253
-188
-117
-78
-69
-34
57
81
10
-82
-162
-179
-166
-85
-34
30
30
7
84
150
219
239
153
-41
-198
-324
-362
-360
-300
-241
-206
-134
-101
-12
-29
-97
-183
-203
-150
-55
127
245
268
187
115
-10
25
20
-7
-9
-66
-68
-76
-45
8
60
-23
-120
-234
-166
0
204
348
368
259
89
13
-13
75
203
317
351
297
215
215
182
118
36
-35
-113
-138
-123
-139
-91
-20
14
-39
-155
-341
-479
-505
-376
-226
-88
36
104
174
118
112
21
-70
-58
-107
-35
-10
11
-40
-60
-20
-12
18
-93
-200
-194
-150
-66
4
-42
-69
11
86
131
303
408
475
489
397
292
86
-29
-120
-67
14
149
221
167
111
15
32
98
107
99
85
27
30
65
114
131
173
89
-102
-223
-338
-382
-222
-176
-88
79
-44
-150
-98
-90
-136
-102
-166
-330
-498
-607
-734
-693
-521
-360
-113
65
113
88
14
-1
20
51
47
41
-8
54
130
101
155
147
136
154
141
191
242
292
285
201
86
-46
-84
-2
134
300
357
376
347
264
223
188
232
234
228
243
229
91
-28
-135
-174
-90
39
113
153
223
185
84
-113
-342
-519
-589
-517
-292
-76
93
97
-23
-82
-221
-208
-91
40
159
262
226
103
7
-75
-125
-138
-101
-55
7
60
39
13
-13
-115
-158
-146
-74
-85
-121
-192
-118
71
219
252
137
28
-118
-141
-153
-107
-81
-130
-204
-234
-169
-138
-91
-49
-28
-7
-14
-32
77
121
129
221
251
251
156
180
201
225
201
184
123
39
-27
-101
-67
-85
-96
-143
-191
-186
-60
73
128
193
129
56
-78
-178
-177
-202
-229
-183
-96
26
57
-14
-61
-89
-53
3
26
28
123
185
159
110
29
-37
-42
8
-11
5
29
71
107
138
104
41
-63
-161
-147
-32
185
308
308
276
150
-27
-159
-231
-200
-128
-72
-69
-101
-102
-119
-67
-98
-119
-166
-280
-212
-228
-108
70
215
347
320
141
-55
-224
-241
-215
-73
62
156
243
226
216
142
20
-77
-141
-137
-104
-48
-6
-52
-80
-103
-111
-70
-12
102
70
34
47
23
-61
-16
30
50
129
206
243
258
191
99
-4
-16
-17
-63
5
111
252
418
519
473
316
149
-55
-196
-288
-225
-134
-55
27
100
157
161
118
24
-63
-74
-49
-48
-14
44
3
-64
-105
-118
-99
-92
-67
-16
-10
-34
-39
-97
-139
-185
-253
-263
-283
-258
-104
16
90
133
91
43
-53
-109
-137
-185
-110
-70
-53
93
179
170
141
57
-23
-126
-230
-251
-229
-179
-113
-130
-143
-105
-74
9
76
110
131
142
46
-18
-92
-93
-82
-152
-49
-37
67
147
153
80
-28
-136
-170
-156
-113
-29
55
142
194
222
164
13
-103
-147
-186
-158
-102
44
241
329
290
225
96
24
-67
-87
-62
-93
-28
96
253
461
463
388
282
49
-79
-177
-151
-14
177
283
279
179
63
14
-68
-10
54
72
122
71
-2
38
16
2
34
-13
-97
-125
-181
-194
-187
-230
-281
-336
-333
-280
-184
-97
-4
42
40
33
91
159
181
151
8
-134
-155
-155
-64
66
65
15
-33
-63
-21
121
271
431
426
356
207
-4
-193
-299
-319
-247
-158
-60
-5
-18
-40
-126
-69
-80
-50
-73
-186
-247
-291
-306
-274
-233
-93
-54
-79
-30
-87
-146
-155
-110
-72
-12
20
-74
-159
-161
-111
4
112
248
309
365
387
320
250
166
129
205
260
211
137
59
-42
-167
-330
-599
-1537
-2060
-1771
-675
1014
2640
3627
3417
2080
-39
-2025
-3072
-2889
-1564
409
2456
3621
3530
2272
281
-1745
-3022
-3102
-2322
-788
836
1981
2249
1636
401
-862
-1710
-1912
-1337
-300
717
1001
492
-348
-1040
-1037
-173
1043
2151
2506
1850
464
-1155
-2296
-2625
-2038
-866
407
1343
1601
1244
451
-560
-1276
-1420
-1047
-284
516
1074
1226
878
262
-436
-879
-957
-652
-72
528
878
943
645
147
-361
-743
-809
-588
-188
289
594
595
379
57
-338
-601
-700
-565
-258
30
361
625
778
643
350
-49
-360
-529
-575
-435
-250
-58
62
-68
-430
-823
-1074
-1155
-972
-532
177
835
1351
1582
1393
821
3
-734
-1123
-1004
-501
196
872
1206
1230
876
321
-215
-687
-847
-690
-321
93
449
694
699
530
274
12
-216
-339
-252
99
554
858
819
575
-11
-1175
-2490
-3301
-3169
-2029
-302
1350
2412
2435
1623
377
-761
-1200
-939
-99
1066
1999
2371
2035
1090
-68
-1098
-1599
-1438
-723
232
1095
1487
1322
710
-168
-889
-1294
-1202
-794
-173
396
639
688
333
-142
-639
-960
-954
-653
-132
355
711
771
543
226
-73
-299
-394
-360
-232
-37
149
202
213
50
-137
-277
-332
-221
-85
55
78
36
40
45
8
-50
-123
-221
-237
-239
-179
-156
-110
-160
-191
-191
-179
-109
-29
105
174
230
189
128
-93
-216
-284
-306
-262
-156
-12
53
197
290
279
304
322
334
363
359
285
101
-332
-879
-1308
-1601
-1497
-869
89
1231
2228
2703
2642
1912
675
-651
-1774
-2282
-1998
-1056
184
1245
1928
1883
1215
104
-885
-1375
-1375
-975
-390
365
976
1273
1154
575
-341
-1112
-1445
-1197
-470
486
1102
1285
1069
483
-250
-919
-1219
-1102
-524
153
619
707
382
-243
-861
-1261
-1396
-1135
-442
480
1166
1359
1190
643
-122
-706
-909
-680
-72
525
743
632
129
-406
-823
-948
-603
97
854
1458
1731
1526
907
100
-568
-953
-935
-565
-24
583
770
603
241
-296
-654
-752
-654
-398
-84
249
397
172
-168
-599
-851
-883
-840
-526
-111
269
647
829
909
625
38
-459
-811
-882
-529
13
452
808
837
570
7
-475
-841
-873
-497
47
600
952
881
358
-247
-768
-1035
-1005
-711
-316
236
724
1028
1059
774
339
-196
-456
-490
-267
184
732
1009
879
304
-450
-1083
-1387
-1120
-570
145
668
1017
1011
810
506
141
-183
-321
-209
23
419
792
1022
954
575
5
-624
-1228
-1413
-1017
-242
666
1177
1263
680
-218
-1179
-1866
-1905
-1593
-832
106
819
998
558
-127
-891
-1344
-1458
-1205
-727
-98
523
901
1065
940
499
45
-331
-463
-282
54
432
646
770
714
515
260
-27
-291
-443
-496
-491
-344
-163
63
242
456
563
599
522
272
-65
-284
-331
-82
430
878
970
856
645
305
58
-173
-438
-754
-864
-622
-57
476
749
226
-1465
-3071
-3672
-3117
-1601
426
2335
3481
3604
2837
1690
672
52
72
827
2066
3113
3419
2662
963
-1076
-2780
-3669
-3573
-2524
-983
380
1232
1357
507
-830
-2190
-3228
-3330
-2423
-841
793
1901
2272
1774
571
-704
-1729
-2098
-1500
-466
670
1633
1992
1619
671
-360
-1220
-1654
-1529
-838
18
760
1256
1209
657
-262
-1083
-1759
-2118
-2010
-1473
-653
412
1305
1824
1867
1415
541
-407
-1105
-1321
-1209
-677
215
902
1333
1318
981
424
-148
-362
-284
8
531
1075
1450
1248
570
-302
-1010
-1364
-1211
-544
289
1127
1681
1730
1332
566
-327
-1031
-1415
-1247
-519
380
1327
1854
1682
1058
236
-337
-430
129
938
1700
2013
1589
869
-8
-798
-1400
-1662
-1431
-747
226
980
1216
752
-284
-1674
-2676
-2861
-2373
-1273
168
1509
2170
2008
1187
-161
-1571
-2427
-2431
-1783
-602
658
1558
1832
1300
189
-988
-1923
-2140
-1736
-997
114
910
1296
1077
260
-646
-1444
-1869
-1787
-1209
-263
731
1463
1508
947
15
-780
-1380
-1426
-812
96
957
1551
1724
1444
711
-284
-954
-1076
-876
-548
-5
619
988
1105
1175
904
407
-236
-859
-1141
-877
-205
615
1361
1299
578
-163
-446
-511
-217
317
553
470
401
540
668
729
757
389
-157
-615
-822
-691
-207
485
983
1056
699
46
-800
-1176
-1089
-912
-492
228
912
1110
1053
543
-371
-1202
-1622
-1261
-339
706
1250
1285
1191
931
504
29
-275
-602
-605
-115
325
805
1111
1089
574
37
-273
-378
-357
-272
-82
135
578
963
1051
1031
601
-262
-1194
-1920
-2096
-1371
-147
794
1159
837
155
-412
-356
87
319
241
-140
-738
-1257
-1462
-1463
-1077
-327
346
565
255
-357
-1160
-1810
-2222
-2372
-2123
-1452
-688
-49
442
274
-345
-859
-971
-733
-82
789
1494
1773
1766
1439
919
623
639
874
1002
1112
1033
611
46
-356
-588
-637
-410
100
849
1377
1789
1674
1031
103
-730
-1339
-1457
-779
36
660
1001
1035
832
462
351
355
465
461
264
-63
-278
-331
-347
-244
-100
-34
-41
-148
-435
-690
-1035
-1220
-1086
-440
128
502
534
166
-301
-650
-886
-987
-762
-467
-301
15
190
214
-25
-144
-1
416
1162
1763
2059
1936
1456
795
50
-590
-1178
-1403
-1323
-902
-325
73
42
-180
-393
-898
-1451
-2020
-2304
-2361
-2094
-1461
-541
5
51
-226
-675
-1196
-1367
-1011
32
1542
2566
2797
2264
1242
216
-348
-138
657
1540
2186
2397
2169
1777
1337
921
819
864
818
619
504
378
264
231
112
-55
-343
-413
-276
40
356
709
952
974
894
668
510
311
70
-97
-246
-379
-685
-829
-809
-787
-747
-763
-1057
-1705
-2157
-2595
-2919
-2931
-2649
-2149
-1559
-1011
-715
-515
-733
-1262
-1875
-2100
-1716
-908
270
1293
1664
1447
885
-87
-1141
-1626
-1249
-255
1062
1956
2199
1735
873
-119
-951
-1081
-657
-1
704
1204
1393
1493
1630
1587
1460
1237
882
607
594
834
1525
2507
3232
3360
2729
1908
906
-52
-407
6
658
1243
1619
1524
993
275
-515
-1151
-1568
-1457
-1012
-323
452
1084
1382
1042
359
-385
-1048
-1536
-1531
-760
333
1347
1626
1029
-290
-1858
-2913
-2891
-1751
83
1836
2616
2141
510
-1323
-2901
-3830
-3623
-2323
-531
736
1226
601
-1164
-3052
-4162
-4347
-3724
-2523
-1133
-101
338
315
18
-333
-543
-337
-39
335
937
1648
2001
1672
1063
521
-7
-167
230
492
538
470
38
-944
-1662
-1517
-1133
-712
-344
-255
-479
-860
-1005
-1193
-1296
-1270
-1063
-717
-268
384
1299
2283
2913
3249
3179
2700
1971
1423
986
633
684
1037
1367
1571
1479
971
64
-906
-1693
-2207
-2282
-1909
-1266
-875
-658
-682
-768
-663
-208
529
1271
1915
1936
1503
932
620
823
1550
2430
3071
3336
2989
2331
1671
837
-59
-751
-1095
-1030
-518
464
1673
2661
2990
2503
978
-1375
-3714
-5050
-5048
-4006
-2217
-522
268
-254
-1782
-3632
-4809
-4665
-3370
-1166
1432
3586
4698
4661
3809
2323
673
-585
-728
102
1552
2712
2857
1889
310
-1106
-1904
-1640
-611
425
1085
1043
360
-653
-1576
-2296
-2701
-2787
-2675
-2376
-1803
-1264
-1145
-1723
-2938
-4192
-5001
-5078
-4125
-2429
-544
931
1701
1896
1112
-277
-1598
-2469
-2474
-1780
-491
955
2209
2960
3021
2598
1868
1007
467
505
1334
2379
3124
3484
3244
2425
1594
886
311
420
1051
2357
3716
4782
4963
4124
2714
987
-272
-642
-356
233
1048
1740
1715
902
-417
-1818
-2521
-1988
-473
1209
2450
2891
2515
1441
366
-404
-677
-212
574
1313
1619
1279
143
-1421
-3015
-4006
-4296
-3817
-2947
-2190
-1761
-2039
-2759
-3938
-5387
-6350
-6362
-5476
-4037
-2680
-1879
-1869
-2392
-3089
-3238
-2397
-1017
227
935
997
510
-21
-247
82
921
1975
2830
2995
2433
1503
874
802
1202
2033
3072
3924
4294
4187
3723
3206
2715
2427
2140
1687
1262
964
658
178
-309
-551
-262
434
1441
2363
2737
2283
1331
341
-493
-935
-740
-183
617
1532
2065
1876
945
-402
-1782
-2794
-3289
-3283
-3051
-2950
-3101
-3438
-3791
-3782
-3493
-3193
-2913
-2907
-2940
-2765
-2363
-1701
-560
527
943
609
-312
-1287
-1809
-1371
-60
1794
3655
4767
4700
3668
2189
919
359
596
1491
2620
3472
3630
3003
1793
497
-459
-515
115
1033
1913
2363
2308
2083
1839
1409
842
73
-639
-1363
-1825
-1912
-1852
-1381
-593
128
600
735
575
220
-40
54
356
829
1048
922
434
-496
-1439
-1991
-1804
-1066
-93
790
1370
1496
1080
194
-939
-1888
-2425
-2585
-2261
-1773
-1426
-1316
-1514
-1757
-1893
-2010
-1798
-1395
-919
-345
204
615
746
628
173
-491
-1190
-1814
-2259
-2416
-2412
-2186
-1799
-1469
-1127
-857
-703
-553
-544
-652
-887
-1170
-1024
-591
145
1106
1972
2551
3005
3288
3297
3189
3161
3178
3029
2888
2922
2839
2560
2247
2126
2505
3272
4407
5373
5717
5169
4009
2602
1196
289
15
132
60
-331
-1119
-2384
-3641
-4528
-4902
-4738
-4094
-3330
-2623
-2151
-1980
-2010
-2223
-2373
-2295
-2105
-1925
-1798
-1889
-2290
-2926
-3698
-4425
-4875
-4773
-3968
-2616
-998
483
1462
1604
972
17
-738
-887
-194
1313
3166
4594
5013
4310
2469
219
-1501
-2042
-1287
565
2782
4484
5067
4224
2254
29
-1741
-2557
-2307
-1483
-334
552
621
-127
-1197
-2190
-2639
-2250
-1210
283
1880
3246
3801
3342
2302
1412
1213
1966
3521
5280
6548
6826
5848
3864
1470
-488
-1442
-1121
320
1851
2913
2939
1910
123
-1892
-3492
-4265
-3905
-2695
-945
650
1566
1474
500
-750
-1867
-2615
-2827
-2542
-1973
-1396
-1147
-1456
-2420
-3585
-4713
-5427
-5474
-4954
-3896
-2663
-1763
-1148
-802
-895
-1168
-1315
-1183
-703
3
792
1447
1799
1735
1177
277
-569
-1109
-1282
-1141
-1037
-858
-502
73
740
1363
1700
1766
1632
1291
783
131
-594
-1248
-1553
-1553
-1233
-709
-210
-36
-46
-13
115
402
763
1300
2130
2931
3631
3859
3776
3390
3107
3031
3237
3724
3970
3668
3091
2639
2418
2427
2486
2481
2237
1826
1204
395
-498
-1270
-2091
-2908
-3631
-4208
-4487
-4787
-4974
-4733
-3989
-2705
-1191
156
771
665
-72
-865
-1180
-835
-135
558
887
576
-197
-1096
-1616
-1386
-492
731
1957
2643
2567
1841
681
-527
-1333
-1367
-674
392
1331
1950
2189
2060
1932
1857
1960
2077
2153
2080
1838
1406
655
-223
-946
-1356
-1454
-1539
-1815
-2097
-2326
-2437
-2586
-3011
-3612
-4451
-5157
-5640
-5854
-5584
-4984
-4304
-3432
-2481
-1838
-1439
-1194
-970
-632
-100
444
965
1290
1477
1619
1907
2093
2225
2098
1804
1540
1543
1990
2382
2543
2336
1885
1435
1196
1399
1773
2301
2927
3444
3843
3948
3956
3877
3665
3493
3326
3203
2963
2590
2137
1479
866
429
125
-25
168
658
1272
1954
2557
3218
3842
4098
3754
2888
1664
138
-1335
-2571
-3163
-2907
-2142
-1363
-1053
-1195
-1764
-2708
-3699
-4360
-4438
-3837
-2910
-2331
-2524
-3556
-5104
-6538
-7287
-7246
-6651
-5886
-5276
-5327
-5931
-6633
-7230
-7367
-6929
-5936
-4669
-3143
-1589
-406
257
326
155
63
347
980
1827
2909
4105
5306
6324
7009
7047
6508
5671
4849
4433
4527
5139
6092
7214
8022
8059
6986
5170
3037
1031
-279
-893
-948
-909
-924
-1047
-1477
-2235
-2907
-3336
-3317
-2772
-1988
-1164
-109
1161
2292
2908
2775
1855
325
-1378
-2748
-3296
-3015
-2229
-1137
-142
417
321
-342
-1332
-2321
-2870
-2811
-2161
-1014
316
1395
1855
1509
604
-360
-1167
-1561
-1174
-158
1012
2070
2745
2804
2357
1550
785
328
341
686
1032
1159
1206
1118
821
586
423
370
598
1131
1863
2736
3856
5229
6663
7751
8124
7675
6442
4817
3369
2332
1654
1078
426
-451
-1595
-2887
-4145
-5282
-6307
-7099
-7663
-7881
-7868
-7669
-7391
-7244
-7222
-7377
-7590
-7716
-7664
-7244
-6359
-5178
-4138
-3323
-2908
-2821
-2914
-2882
-2571
-2122
-1654
-1210
-746
-557
-465
-403
-235
218
1015
2184
3300
3963
3935
3271
2397
1668
1480
1936
2777
3674
4142
4028
3210
2066
1035
443
616
1585
3074
4799
6312
7197
7520
7479
7243
6936
6602
6238
5975
5929
5856
5596
4984
4143
3300
2554
2005
1634
1425
1160
676
-202
-1276
-2321
-3291
-4063
-4654
-5233
-5813
-6136
-6133
-5840
-5064
-4015
-3066
-2420
-1977
-1738
-1665
-1657
-1885
-2406
-3210
-3940
-4400
-4494
-4365
-4280
-4285
-4486
-4862
-5090
-4947
-4516
-3723
-2789
-1716
-796
-73
356
507
345
10
-213
-20
665
1519
2312
2767
2934
2654
2097
1438
984
936
1285
1990
2770
3475
3710
3488
2861
2152
1630
1231
1156
1532
2282
3219
4025
4276
4009
3408
2687
2019
1678
1634
1937
2445
2875
3049
2688
1927
1063
478
261
280
320
263
134
-96
-304
-429
-518
-496
-344
-293
-484
-711
-1038
-1273
-1330
-1283
-888
-338
70
104
-398
-1175
-1949
-2435
-2488
-2240
-1916
-1734
-1761
-2180
-2965
-3805
-4379
-4537
-4166
-3398
-2299
-1247
-623
-550
-1042
-1793
-2405
-2706
-2629
-2153
-1493
-759
-252
-12
31
-154
-363
-635
-793
-607
-264
306
915
1355
1548
1426
1102
770
577
759
1211
1706
2249
2648
2999
3191
3140
2891
2561
2170
1842
1746
1719
1690
1450
1015
423
-39
-310
-417
-190
268
757
1012
1038
726
244
-270
-607
-739
-617
-175
459
881
954
722
204
-249
-616
-613
-251
340
1168
1901
2428
2559
2150
1438
561
-172
-631
-780
-583
-107
375
780
774
170
-828
-1762
-2304
-2413
-2056
-1403
-776
-447
-665
-1217
-1894
-2479
-2713
-2569
-2132
-1656
-1227
-976
-889
-970
-1206
-1329
-1389
-1371
-1119
-903
-647
-531
-637
-871
-1108
-1275
-1366
-1445
-1420
-1312
-1255
-1115
-829
-561
-300
-28
136
277
339
485
586
583
475
276
-91
-503
-828
-1015
-871
-352
484
1240
1783
1917
1767
1530
1338
1321
1610
2079
2678
3112
3293
3270
2939
2337
1626
1134
944
1020
1172
1325
1429
1495
1508
1401
1136
823
505
244
64
-19
-46
58
272
496
822
1260
1708
1976
2024
1709
1074
485
13
-292
-477
-594
-663
-773
-913
-1147
-1418
-1783
-2099
-2358
-2484
-2404
-2136
-1811
-1523
-1276
-1149
-1118
-1254
-1400
-1388
-1266
-1174
-1075
-948
-734
-349
-112
-153
-291
-421
-512
-483
-508
-450
-335
-363
-431
-535
-555
-506
-272
-5
220
435
511
550
591
561
421
213
-10
-128
-190
-366
-420
-313
-32
385
852
1211
1241
976
653
350
337
440
540
561
410
341
341
514
820
1150
1496
1874
1961
1670
1263
817
570
582
781
1044
1109
1004
704
296
-61
-316
-485
-631
-781
-896
-950
-935
-818
-510
-103
439
962
1537
2176
2523
2485
2159
1666
1189
732
416
195
-11
-235
-469
-756
-1104
-1662
-2336
-3004
-3522
-3837
-3968
-3833
-3452
-2865
-2319
-1817
-1595
-1667
-1953
-2301
-2474
-2488
-2246
-1865
-1334
-816
-439
-256
-358
-591
-987
-1411
-1794
-1884
-1614
-1209
-643
-248
15
132
60
-150
-279
-303
-288
-93
199
490
780
1053
1270
1334
1344
1467
1604
1863
2158
2325
2361
2264
2122
2035
1942
1794
1757
1716
1814
1954
2154
2304
2380
2419
2398
2359
2156
1962
1722
1563
1387
1308
1328
1254
1238
1035
687
311
-5
-78
-44
189
406
566
674
749
735
596
366
100
-63
-144
-81
77
288
436
494
399
80
-297
-618
-734
-628
-449
-285
-292
-400
-658
-1047
-1464
-1762
-1826
-1753
-1471
-1038
-583
-348
-414
-756
-1264
-1766
-2045
-1971
-1431
-680
77
517
393
-203
-1163
-2194
-2901
-3064
-2743
-2060
-1279
-670
-353
-322
-534
-791
-1085
-1329
-1393
-1405
-1122
-742
-262
89
296
328
140
-212
-561
-654
-604
-441
-311
-314
-534
-832
-1132
-1263
-1211
-1006
-728
-468
-200
-63
-54
-121
-193
-246
-252
-136
132
503
933
1274
1444
1454
1346
1222
1220
1268
1351
1476
1565
1605
1657
1763
1899
2085
2313
2414
2511
2571
2559
2455
2118
1707
1362
1008
698
373
150
106
230
492
727
829
779
523
130
-400
-944
-1348
-1677
-1682
-1392
-886
-404
-96
-110
-360
-807
-1413
-1671
-1539
-1224
-790
-381
86
519
731
692
534
290
167
116
200
550
870
1082
1093
993
803
520
330
207
148
118
58
100
155
227
197
151
-14
-241
-433
-652
-917
-1256
-1481
-1482
-1273
-873
-517
-267
-196
-267
-454
-797
-1091
-1340
-1351
-1304
-1244
-1223
-1207
-1168
-1247
-1269
-1227
-1220
-1225
-1156
-1004
-781
-376
29
259
422
460
444
363
339
291
190
90
152
431
662
757
699
488
242
128
109
174
251
400
484
464
321
220
228
336
514
682
824
911
970
1031
1108
951
766
453
133
-156
-276
-311
-311
-183
-186
-113
-50
-66
-186
-377
-476
-536
-583
-728
-794
-770
-696
-623
-722
-809
-783
-677
-527
-130
332
877
1307
1418
1289
921
459
126
46
106
417
744
1112
1499
1756
1876
1711
1383
835
178
-342
-687
-737
-417
98
606
975
1044
873
515
23
-350
-490
-429
-261
-60
198
406
569
635
599
452
212
-84
-366
-628
-718
-694
-536
-245
33
197
245
103
-131
-385
-580
-661
-608
-440
-195
135
435
651
684
515
160
-298
-725
-1161
-1441
-1471
-1279
-830
-288
158
427
465
251
-233
-891
-1365
-1506
-1388
-1029
-553
-259
-179
-343
-608
-819
-918
-880
-734
-571
-524
-452
-443
-429
-269
-169
-172
-211
-336
-560
-753
-855
-739
-486
-85
341
778
1116
1228
998
649
243
-157
-427
-402
-171
67
379
437
381
196
79
94
224
406
630
743
772
872
919
974
978
923
818
639
428
313
347
450
550
692
776
758
730
538
287
66
-119
-256
-223
2
399
814
1106
1174
896
453
16
-292
-346
-115
186
584
901
980
943
755
449
39
-371
-696
-873
-934
-919
-950
-981
-1036
-1117
-1139
-1109
-1049
-1006
-882
-722
-589
-525
-516
-577
-581
-673
-731
-762
-743
-694
-627
-532
-438
-407
-557
-661
-698
-536
-243
59
364
593
602
504
424
359
386
431
512
586
534
417
262
40
-45
45
209
428
666
910
1062
1061
1068
1011
1017
1086
1155
1209
1184
1120
947
812
736
842
1031
1101
1089
995
908
666
429
242
98
-69
-337
-529
-669
-869
-1041
-1186
-1294
-1272
-1201
-1098
-962
-847
-718
-725
-805
-982
-1038
-1018
-934
-746
-546
-337
-174
-37
89
120
124
115
63
37
-91
-141
-13
114
248
314
262
160
-13
-136
-155
-92
57
234
301
248
167
-2
-264
-393
-426
-465
-568
-720
-865
-940
-910
-758
-591
-581
-601
-734
-886
-839
-748
-633
-516
-320
-106
22
121
-51
-297
-500
-617
-538
-272
82
361
475
497
505
474
460
482
531
612
877
1073
1181
1119
862
477
121
-14
-7
174
477
906
1272
1531
1641
1573
1436
1127
825
489
186
-12
-120
-138
-84
118
297
416
356
161
-74
-298
-334
-275
-28
384
638
659
497
258
-118
-583
-1096
-1481
-1493
-1293
-899
-578
-225
17
57
-21
-212
-481
-668
-621
-484
-289
-91
-4
-16
-72
-131
-65
-1
54
154
282
428
481
505
395
278
179
60
52
114
245
406
564
596
521
424
253
100
33
71
232
354
528
590
568
523
381
190
29
-138
-353
-563
-802
-863
-847
-591
-274
37
209
224
139
-126
-431
-685
-768
-734
-641
-428
-169
-34
-6
-113
-286
-517
-620
-617
-597
-517
-494
-431
-371
-226
-120
-60
-16
-125
-280
-374
-413
-362
-253
-148
-67
-69
0
106
205
307
350
294
202
96
20
-65
-138
-153
-91
62
280
482
725
739
633
429
162
-57
-303
-411
-402
-346
-241
-84
17
191
257
164
48
-161
-385
-440
-372
-124
211
493
626
588
460
258
91
-14
-26
4
53
117
186
274
386
376
369
380
439
532
577
579
500
456
354
268
95
-52
-170
-136
65
349
606
685
581
251
-79
-263
-241
-47
153
297
308
287
195
-1
-201
-434
-472
-363
-289
-213
-258
-238
-191
-91
82
120
22
-165
-292
-372
-418
-453
-468
-383
-346
-318
-227
-113
32
114
112
21
-76
-199
-346
-248
-99
56
178
89
60
-79
-189
-165
-98
32
-24
-225
-483
-658
-705
-613
-437
-198
-58
-41
-168
-385
-563
-758
-803
-717
-581
-512
-569
-537
-632
-514
-273
-122
43
96
128
131
169
300
473
674
829
785
662
550
517
596
807
974
1156
1102
966
802
573
375
216
138
162
239
194
186
180
146
126
141
122
176
176
139
220
334
484
499
515
424
327
251
193
167
179
188
168
160
10
-170
-323
-397
-376
-320
-192
-149
-195
-236
-371
-434
-502
-478
-354
-227
-112
-79
-36
6
-24
-110
-233
-384
-498
-547
-500
-465
-470
-436
-437
-392
-323
-318
-227
-135
-89
-86
-65
-101
-187
-411
-629
-676
-544
-186
170
536
712
600
426
232
97
134
175
70
-33
-153
-294
-412
-455
-403
-255
-101
-29
29
-20
-60
-97
-130
-129
-108
-66
-16
26
17
-8
-71
-116
-109
-64
44
77
48
11
-5
-10
-13
119
256
328
456
473
420
240
50
-84
-128
-65
13
169
277
406
448
567
689
769
818
789
735
587
470
383
361
316
392
522
641
716
696
636
537
390
174
-13
-134
-220
-194
-112
-35
-35
-84
-151
-306
-403
-460
-547
-580
-507
-313
-215
-160
-188
-288
-500
-793
-1006
-1020
-708
-392
-25
174
222
109
-112
-343
-654
-837
-969
-967
-958
-848
-612
-326
-3
215
321
273
90
-166
-324
-437
-326
-156
77
326
376
430
429
465
504
495
424
266
89
-84
-137
-183
-93
142
370
553
539
412
123
-155
-354
-470
-386
-217
-9
209
322
297
279
266
153
104
-42
-133
-94
15
192
306
342
262
110
-96
-268
-431
-474
-477
-386
-203
-83
-78
-91
-85
-161
-201
-287
-304
-263
8
257
392
415
196
24
-195
-335
-391
-242
-33
235
535
665
649
435
63
-205
-356
-366
-353
-298
-182
-72
157
361
484
545
485
373
247
241
247
307
357
402
504
519
480
332
225
53
-117
-256
-262
-194
-24
153
276
360
261
28
-290
-475
-528
-357
-127
85
242
330
322
133
-32
-114
-124
-31
170
335
413
345
83
-220
-379
-446
-450
-309
-113
27
94
73
-78
-232
-320
-264
-109
42
190
344
465
524
533
493
412
329
206
64
-35
-36
16
29
35
-20
-92
-208
-316
-303
-183
-115
-99
-101
-213
-405
-591
-689
-676
-513
-156
121
348
401
295
48
-253
-468
-635
-687
-733
-714
-669
-456
-302
-319
-369
-493
-526
-556
-623
-636
-572
-441
-199
6
175
329
350
294
227
126
13
-51
-89
-144
-160
-167
-122
-102
-130
-155
-227
-189
-111
0
60
85
113
205
264
373
516
635
678
592
482
349
189
139
220
391
656
800
926
959
875
713
567
445
432
497
476
457
291
109
-43
-152
-153
-65
93
256
309
147
-105
-374
-561
-552
-457
-233
-8
227
421
458
409
259
140
-99
-308
-506
-615
-594
-557
-350
-95
150
408
511
352
165
-114
-340
-468
-569
-397
-138
71
160
118
0
-28
-61
-103
-47
32
95
39
-133
-277
-333
-307
-237
-197
-91
-123
-139
-221
-304
-292
-360
-326
-217
-190
-156
-166
-237
-299
-339
-269
-183
27
257
388
452
478
397
173
-53
-130
-112
-8
116
116
83
-51
-174
-178
-149
-56
78
153
238
255
207
108
41
21
95
282
373
425
247
-3
-173
-365
-473
-377
-184
69
304
385
392
245
58
-47
-123
-90
-29
51
124
114
-17
-134
-231
-207
-122
-147
-85
-5
-61
-143
-170
-88
-41
-15
64
71
112
158
148
107
88
3
-116
-111
77
195
284
286
228
175
54
-45
-72
-62
-175
-220
-302
-326
-380
-423
-353
-378
-442
-513
-578
-571
-400
-149
218
453
542
525
326
6
-233
-336
-371
-264
-115
21
139
219
257
349
438
554
661
551
288
-28
-252
-294
-176
103
343
463
522
511
364
138
-52
-96
-13
93
259
360
488
534
482
422
242
70
-69
-101
-49
51
109
116
-36
-150
-207
-266
-266
-234
-106
44
146
108
-64
-241
-421
-434
-336
-139
-4
92
245
196
56
-143
-348
-404
-324
-144
105
231
204
0
-342
-553
-648
-584
-416
-163
94
151
136
142
13
-13
30
52
54
-27
-80
-129
-35
52
82
134
197
361
529
636
736
727
611
382
161
-62
-237
-313
-308
-144
18
201
267
189
-48
-367
-579
-669
-667
-568
-498
-445
-396
-414
-388
-382
-385
-439
-490
-573
-669
-753
-813
-823
-779
-641
-419
-225
-58
17
-64
-159
-313
-384
-416
-422
-488
-404
-235
-3
286
459
517
514
503
533
695
902
997
976
824
690
626
677
865
1028
1180
1288
1249
1133
969
740
599
586
629
637
568
392
284
143
1
-23
-65
9
123
158
135
47
-73
-93
-4
177
254
201
126
21
-41
-133
-253
-381
-595
-812
-840
-797
-792
-770
-764
-757
-747
-721
-631
-466
-416
-344
-331
-315
-332
-382
-408
-620
-743
-835
-706
-461
-298
-158
-120
-107
-132
-111
-139
-155
-52
20
56
47
16
117
271
484
656
650
459
105
-143
-320
-383
-158
90
314
298
199
19
-124
-84
-13
46
-59
-196
-352
-440
-453
-321
-136
39
185
272
360
326
270
177
102
-3
-30
12
40
124
254
356
426
433
347
263
244
294
422
520
624
749
825
824
676
531
287
86
-15
-93
-28
173
369
511
557
513
368
214
48
-30
-23
-18
107
198
176
128
130
140
216
306
380
307
84
-164
-382
-464
-498
-506
-447
-505
-512
-528
-600
-692
-824
-925
-889
-736
-506
-268
-132
-93
-53
-112
-242
-427
-634
-667
-612
-539
-395
-277
-255
-281
-312
-324
-366
-369
-422
-461
-416
-355
-274
-267
-210
-191
-183
-163
-71
46
131
257
327
382
408
413
391
300
241
285
266
345
408
464
451
439
517
561
577
561
550
510
479
432
360
382
489
541
521
358
234
124
123
152
260
361
440
436
332
219
119
62
39
108
155
131
83
-42
-175
-221
-206
-155
-206
-213
-312
-351
-367
-479
-476
-477
-492
-457
-409
-401
-408
-354
-287
-171
-92
-16
29
32
-85
-229
-371
-472
-407
-220
38
173
305
189
51
-109
-300
-371
-414
-310
-161
-7
96
110
205
288
325
308
200
52
-74
-92
-24
58
133
191
166
19
-190
-277
-313
-181
-51
145
337
397
401
286
271
225
203
217
162
209
261
391
406
319
172
13
-57
-37
-45
-59
-56
-5
133
305
510
558
464
220
4
-103
-67
97
240
297
223
62
-162
-339
-459
-494
-417
-288
-242
-287
-439
-600
-682
-641
-485
-257
-114
-61
-129
-300
-488
-618
-681
-608
-453
-260
-74
-7
147
230
268
345
345
370
273
42
-119
-277
-246
-130
-66
70
55
22
-41
-140
-115
-82
-109
-191
-365
-538
-567
-497
-312
-139
0
121
188
179
193
193
198
260
405
443
345
160
-70
-214
-246
-112
23
183
242
195
97
-3
-64
14
109
149
183
179
157
202
225
315
427
419
352
239
50
-34
-135
-196
-145
11
199
239
346
362
350
378
353
339
337
354
327
313
260
226
275
401
673
939
1059
1070
923
727
561
380
299
214
234
320
415
452
368
198
-50
-259
-294
-215
-19
108
104
127
7
-170
-350
-471
-569
-638
-603
-614
-618
-718
-764
-824
-821
-761
-760
-764
-793
-840
-843
-849
-827
-832
-739
-644
-640
-704
-680
-558
-512
-482
-548
-597
-660
-668
-473
-236
58
358
509
464
305
87
-151
-309
-332
-289
-217
-80
-3
146
425
627
696
596
433
230
-38
-69
-21
139
382
612
724
666
435
157
-84
-296
-412
-397
-288
-155
56
157
155
61
-53
9
227
501
754
860
791
591
329
234
193
296
454
556
622
624
573
428
333
292
256
247
307
408
542
492
342
74
-177
-292
-243
-93
143
322
372
362
259
152
190
267
254
94
-148
-382
-600
-634
-590
-375
-157
-71
-39
-190
-357
-592
-684
-698
-658
-461
-399
-279
-236
-186
-147
-130
-161
-256
-398
-718
-836
-873
-831
-715
-527
-354
-313
-321
-427
-397
-378
-302
-146
-26
70
122
266
462
675
755
662
544
403
305
236
145
164
264
397
623
750
773
715
615
453
260
189
125
141
92
58
87
28
51
40
90
113
122
97
50
-8
-52
-140
-170
-117
-86
-8
95
248
229
85
-50
-156
-254
-225
-123
-57
-21
-105
-201
-270
-324
-392
-448
-480
-578
-510
-363
-171
-21
55
96
-11
-48
-63
-55
-39
-16
21
-33
11
106
236
266
255
147
17
-8
-67
0
51
120
213
252
308
372
373
299
250
151
23
-103
-89
6
73
179
184
148
12
-49
-23
79
151
137
59
-31
-112
-234
-420
-528
-537
-550
-469
-287
-70
35
124
120
25
-68
-79
-144
-201
-322
-449
-425
-367
-241
17
257
389
308
164
-89
-359
-371
-357
-228
-106
48
92
76
-26
-142
-161
-187
-153
0
122
254
318
234
143
62
106
194
283
360
352
244
171
89
17
47
173
299
361
372
382
369
369
212
51
-131
-194
-116
-14
271
510
631
532
291
21
-220
-347
-337
-200
-94
-23
71
167
196
117
103
11
-36
-88
-165
-186
-136
-88
-63
13
-14
-149
-339
-457
-529
-457
-382
-310
-282
-301
-263
-308
-300
-215
-128
-45
30
27
-71
-173
-225
-236
-219
-136
30
193
298
308
340
314
259
144
-14
-102
-121
-102
16
129
254
359
389
355
284
241
177
228
168
207
191
122
106
1
-70
-45
-9
59
121
90
69
-26
-81
-76
-12
106
197
175
143
65
-98
-269
-461
-568
-540
-391
-239
-114
46
147
208
163
126
91
75
124
96
63
6
44
108
99
67
-29
-211
-376
-460
-510
-378
-81
152
332
386
270
179
8
-137
-274
-307
-331
-302
-237
-171
-126
18
152
224
239
66
-52
-199
-224
-172
-80
66
86
134
104
99
73
22
45
19
40
-108
-237
-245
-278
-191
-92
-17
-22
-103
-196
-201
-212
-154
-84
-72
-80
-79
-52
20
76
54
-5
-155
-191
-138
-85
25
108
142
63
33
6
49
178
270
399
473
477
443
263
104
19
-33
120
251
387
428
389
252
148
27
-101
-71
15
170
253
248
170
139
126
68
118
182
223
225
249
255
204
79
-82
-162
-151
-111
-80
-125
-196
-181
-192
-205
-223
-300
-418
-526
-610
-527
-393
-115
202
362
438
304
81
-146
-201
-86
32
237
384
364
209
-53
-298
-500
-611
-577
-416
-169
-29
-1
-64
-172
-232
-219
-203
-154
-107
-46
120
250
241
160
-87
-380
-479
-391
-182
97
359
502
471
337
119
-8
44
185
375
488
569
590
497
410
331
268
149
70
103
124
208
207
121
40
-45
-86
-157
-181
-110
-38
-1
0
23
49
89
33
-29
-67
-68
-47
-39
-102
-214
-300
-463
-592
-560
-322
-76
88
166
101
-42
-240
-362
-414
-309
-177
-39
76
75
71
-22
-97
-125
-144
-169
-206
-287
-297
-311
-249
-75
52
254
343
321
191
42
-161
-260
-281
-290
-136
-34
119
166
198
179
165
143
120
180
164
104
19
-138
-265
-351
-372
-209
-18
204
413
398
277
133
-67
-168
-159
-11
80
167
167
76
8
-115
-169
-203
-149
-76
28
90
50
49
36
72
183
318
322
252
82
-88
-256
-325
-294
-237
-80
20
73
87
92
116
159
172
48
-59
-171
-194
-78
-61
-73
-107
-233
-318
-315
-214
-52
120
234
244
188
161
211
167
287
414
480
530
496
403
256
166
175
272
327
248
173
1
-183
-250
-210
-39
69
237
244
196
176
57
-19
-85
-58
-2
99
99
35
-51
-86
-134
-105
-91
-128
-199
-257
-294
-296
-257
-249
-247
-321
-390
-445
-379
-198
-24
91
152
99
28
-130
-277
-274
-149
55
224
352
400
303
135
60
47
142
173
135
91
58
54
136
201
283
268
91
-74
-217
-191
-33
86
190
339
313
215
7
-207
-321
-311
-139
64
189
285
248
34
-222
-494
-663
-679
-552
-449
-384
-294
-204
-130
-152
-225
-268
-345
-300
-148
-96
11
-31
-164
-296
-457
-392
-310
-194
-6
121
198
231
177
28
-119
-299
-308
-207
-98
53
103
65
22
6
22
100
258
481
609
616
494
418
341
206
119
75
106
225
372
436
461
476
435
281
32
-214
-390
-488
-481
-353
-148
27
172
237
179
62
3
-47
-33
-32
-40
-3
-7
-46
-23
44
90
97
145
204
174
107
60
-1
35
185
325
465
527
514
429
378
316
306
291
360
429
469
488
415
372
286
149
-14
-158
-310
-377
-366
-297
-232
-144
-89
-106
-185
-367
-488
-471
-372
-254
-213
-123
-119
-139
-137
-137
-145
-172
-145
-157
-192
-272
-285
-453
-398
-225
-24
171
200
97
-130
-356
-560
-632
-579
-413
-182
72
277
409
301
157
-30
-238
-333
-237
-61
104
259
289
239
130
43
-185
-436
-566
-653
-646
-597
-482
-435
-342
-261
-133
31
137
181
74
-63
-91
22
263
465
581
561
416
248
142
20
-133
-291
-326
-345
-348
-289
-262
-228
-223
-181
-189
-153
-186
-133
-11
-26
-23
0
88
233
344
510
655
733
725
679
586
592
595
462
257
28
-122
-153
-79
-48
46
66
12
-7
-114
-98
-15
45
201
277
305
193
26
-67
-81
90
283
467
497
411
264
42
-128
-264
-236
8
349
537
585
565
451
400
331
317
211
123
81
108
254
371
383
224
-33
-215
-297
-234
-180
-172
-118
-142
-129
-225
-373
-545
-720
-727
-732
-676
-629
-674
-764
-778
-727
-585
-409
-366
-328
-280
-263
-184
-94
-23
139
335
372
246
20
-98
-148
-82
18
1
39
56
75
-5
-75
-57
3
60
96
153
191
295
363
372
399
303
235
81
61
129
233
339
312
251
283
351
377
377
286
204
242
321
427
467
488
487
519
577
617
557
397
158
-44
-100
-120
-131
-183
-180
-218
-216
-98
-72
-16
-29
-110
-275
-454
-596
-714
-739
-673
-641
-610
-527
-573
-524
-446
-422
-394
-335
-339
-361
-307
-252
-269
-298
-317
-264
-249
-270
-272
-355
-414
-517
-618
-652
-645
-499
-258
-48
138
311
331
218
131
35
62
136
228
265
327
391
379
326
251
225
107
8
-51
-112
-103
-1
76
173
307
370
385
325
259
250
292
376
371
327
289
245
253
277
345
354
362
306
210
139
70
19
94
233
375
495
497
412
287
102
-12
6
168
289
315
322
86
-139
-353
-401
-257
-8
236
229
120
-158
-452
-718
-812
-836
-679
-495
-316
-113
-42
4
-45
-134
-260
-406
-489
-403
-242
-32
179
313
336
293
266
195
10
-35
80
253
431
502
489
306
56
-212
-279
-183
40
387
615
702
555
300
77
-52
-75
-77
-25
95
142
238
228
125
63
-35
-96
-138
-126
-89
-20
43
45
-30
-187
-217
-232
-165
-50
114
255
286
214
38
-105
-228
-212
-185
-121
-60
-56
-28
36
144
153
59
-50
-186
-222
-204
-214
-241
-274
-301
-305
-291
-275
-231
-217
-212
-231
-262
-407
-558
-661
-626
-501
-395
-315
-244
-180
-182
-209
-307
-358
-257
-163
-165
-33
43
115
139
139
196
182
258
368
467
630
654
536
478
427
426
446
431
492
475
386
209
68
24
75
120
156
191
179
144
61
98
199
322
345
262
138
13
-130
-227
-244
-231
-244
-296
-422
-523
-572
-615
-657
-658
-577
-450
-295
-235
-224
-231
-271
-261
-312
-388
-464
-482
-389
-243
-88
31
-38
-69
-76
-172
-144
-69
116
290
445
446
385
267
72
-13
-29
207
472
664
738
584
359
164
41
38
235
446
557
638
610
540
463
372
234
118
-45
-143
-9
151
378
448
451
332
114
-131
-316
-264
5
329
593
723
705
574
377
158
16
20
265
625
877
974
844
484
54
-342
-604
-587
-512
-364
-310
-201
-170
-292
-489
-804
-1121
-1234
-1205
-1000
-696
-467
-380
-314
-321
-362
-407
-575
-701
-803
-816
-658
-387
-179
-15
13
-50
-90
-89
-39
139
400
513
521
405
161
27
-48
47
180
326
409
338
258
119
-126
-304
-356
-260
67
351
602
718
680
490
219
-154
-408
-477
-404
-116
109
317
359
215
-62
-341
-492
-487
-312
-91
97
143
55
-181
-416
-603
-720
-622
-465
-315
-124
-4
60
69
-59
-264
-416
-564
-643
-527
-296
15
249
387
309
125
-80
-171
-174
-103
-9
155
347
497
613
518
376
270
181
167
302
385
437
489
499
430
347
161
59
-2
8
150
281
390
474
544
586
540
429
398
271
169
72
106
199
372
502
559
556
390
269
203
213
224
204
222
261
284
278
230
196
266
323
378
363
253
232
54
-51
-58
-32
-64
-170
-227
-268
-218
-179
-182
-179
-282
-429
-569
-696
-779
-730
-518
-314
-192
-195
-456
-742
-878
-966
-807
-588
-387
-277
-304
-390
-490
-599
-567
-441
-378
-306
-288
-202
-116
-44
28
94
165
121
33
-118
-272
-272
-171
4
202
278
221
116
-12
-109
-135
-59
78
200
294
295
225
157
39
-92
-221
-362
-503
-493
-426
-367
-293
-181
-103
-21
74
129
161
240
306
370
346
350
266
169
44
-228
-380
-456
-358
-263
-30
182
396
651
756
700
703
746
832
986
1151
1211
1100
1002
901
834
812
705
560
449
396
338
333
259
61
-204
-535
-783
-992
-1065
-1076
-962
-828
-695
-704
-796
-908
-1073
-1150
-1147
-1066
-920
-672
-406
-211
4
18
-98
-192
-245
-252
-161
-32
104
175
236
189
114
76
97
215
317
505
509
484
412
345
289
286
300
342
446
454
502
411
345
269
245
268
347
463
480
456
424
372
272
196
157
228
258
317
373
380
301
153
44
-116
-184
-140
-46
144
229
153
57
-109
-209
-284
-329
-349
-273
-268
-400
-579
-806
-898
-856
-689
-473
-198
-168
-175
-210
-298
-309
-226
-123
-78
-24
-6
96
244
375
403
367
305
179
62
-23
-82
-5
84
220
231
125
40
-174
-321
-347
-345
-223
-131
-112
-108
-67
-18
-102
-171
-208
-206
-159
-111
-35
85
86
7
-77
-184
-271
-222
-33
188
348
344
257
249
186
227
187
129
-27
-285
-352
-299
-86
71
245
408
455
410
294
203
130
120
145
160
157
162
178
75
-85
-352
-605
-748
-851
-766
-559
-243
74
365
459
359
190
-95
-282
-435
-432
-341
-290
-137
-37
54
231
291
317
356
290
374
451
579
697
716
684
641
543
325
108
-138
-230
-324
-311
-208
-11
256
436
503
461
332
190
94
101
120
142
172
148
33
-37
-140
-176
-177
-262
-264
-265
-285
-232
-214
-197
-266
-301
-343
-371
-359
-426
-445
-565
-617
-641
-588
-404
-266
-209
-178
-123
-75
-27
-56
-128
-228
-274
-329
-298
-241
-126
-12
103
232
245
172
6
-83
-49
87
256
390
442
331
227
138
74
127
244
349
430
483
551
504
378
329
294
358
415
455
485
348
161
-51
-328
-520
-538
-426
-190
35
202
186
55
-163
-405
-557
-550
-388
-231
82
385
542
506
298
78
-90
-123
-43
136
333
502
569
513
394
158
-6
-201
-388
-424
-447
-448
-501
-645
-748
-786
-738
-616
-512
-482
-504
-515
-522
-452
-310
-200
-59
42
186
444
706
871
908
794
608
425
334
384
514
698
897
986
992
825
605
191
-69
-116
-63
151
296
471
342
101
-159
-361
-475
-512
-572
-588
-712
-899
-1018
-1191
-1201
-1191
-1078
-991
-940
-919
-886
-859
-823
-697
-616
-566
-492
-373
-104
143
366
500
487
262
41
-111
-137
-31
116
285
431
564
595
566
587
620
640
563
446
393
339
349
447
545
669
692
628
576
535
546
540
547
540
455
327
243
146
134
227
386
565
626
667
555
407
263
94
42
81
176
235
256
229
43
-153
-310
-406
-404
-353
-179
0
141
174
167
89
-80
-199
-346
-476
-551
-562
-512
-431
-333
-252
-210
-116
-101
-122
-146
-205
-260
-341
-363
-398
-369
-345
-293
-212
-267
-353
-429
-395
-265
-102
36
8
-110
-221
-285
-199
-91
-2
68
-5
-100
-211
-238
-169
-17
72
110
193
287
434
453
373
300
210
146
108
65
-36
-28
-39
38
58
-52
-136
-225
-242
-203
-78
80
237
302
374
314
118
-27
-176
-232
-222
-249
-189
-146
-73
-32
-96
-95
-101
-91
-157
-254
-338
-356
-415
-405
-402
-349
-279
-276
-151
-84
53
167
235
211
100
-63
-210
-220
-238
-173
-45
128
196
151
134
93
97
142
261
316
357
315
193
63
-83
-100
-109
-58
43
144
257
278
224
54
-29
-2
118
259
396
540
639
637
502
290
114
-94
-191
-270
-268
-59
100
211
259
217
108
-5
-122
-153
-124
-39
71
96
101
45
55
42
26
16
61
137
158
254
311
292
208
127
-14
-49
-107
-154
-139
-94
-38
22
58
44
84
107
109
5
-62
-172
-180
-82
58
159
117
15
-150
-387
-618
-803
-889
-851
-758
-587
-471
-400
-392
-440
-482
-438
-340
-210
15
165
212
275
255
241
231
226
284
400
541
755
902
1008
972
778
542
354
219
147
143
266
423
530
561
494
318
107
-37
-94
-127
-100
-122
-234
-301
-435
-477
-521
-599
-696
-812
-977
-1091
-1035
-1011
-973
-871
-761
-613
-477
-297
-83
88
154
185
223
226
250
353
399
401
362
405
455
463
449
374
235
175
216
365
530
605
721
582
362
149
126
167
215
320
330
205
-6
-185
-317
-355
-401
-288
-300
-235
-230
-360
-429
-454
-563
-600
-565
-540
-384
-146
12
113
100
37
-15
-30
51
34
-21
-53
-1
112
276
469
605
663
467
236
50
-42
71
218
397
473
451
344
280
188
288
355
317
307
183
147
93
-13
-59
-48
-48
-44
-89
-110
-99
-30
63
125
101
55
-10
-64
-42
65
190
297
450
469
416
338
201
103
98
203
304
406
509
616
670
474
157
-278
-643
-1020
-1357
-1591
-1775
-1835
-1947
-2002
-2143
-2352
-2537
-2599
-2450
-2153
-1720
-1242
-834
-549
-394
-350
-365
-299
-96
259
685
962
1198
1359
1496
1650
1706
1683
1607
1482
1414
1498
1591
1735
1782
1761
1634
1426
1218
1136
1189
1299
1341
1355
1317
1232
1131
1001
809
634
449
207
-12
-251
-396
-516
-600
-709
-793
-890
-950
-954
-973
-958
-1037
-1212
-1335
-1480
-1509
-1574
-1552
-1450
-1180
-986
-982
-1070
-1262
-1231
-1174
-970
-694
-411
-220
-80
-55
-190
-363
-543
-539
-438
-226
16
201
389
565
631
587
490
420
480
670
988
1228
1253
1106
925
617
273
-17
-95
-5
154
441
653
722
673
453
157
-136
-230
-196
3
135
238
242
100
-9
-90
-8
135
260
372
365
347
348
406
501
566
562
540
437
309
176
81
185
254
341
298
132
-24
-151
-153
-54
99
180
205
133
-74
-149
-258
-85
114
196
208
134
-13
-186
-287
-308
-138
99
354
428
409
176
-67
-367
-577
-659
-653
-560
-358
-172
-106
-122
-195
-286
-369
-389
-324
-234
-143
-26
-121
-357
-530
-655
-793
-966
-1161
-1369
-1435
-1324
-1169
-992
-906
-899
-903
-877
-836
-719
-496
-267
-117
-108
-268
-493
-670
-654
-482
-222
68
317
526
687
781
817
742
566
352
234
226
354
542
678
778
849
887
818
802
721
581
561
586
696
860
1054
1129
1102
935
754
572
348
162
130
134
173
238
248
307
285
249
242
243
223
259
305
267
263
286
298
299
204
69
-71
-225
-259
-203
-165
-95
-20
39
83
115
25
20
13
27
99
9
-135
-263
-365
-332
-297
-317
-391
-451
-424
-276
-202
-165
-152
-295
-516
-737
-799
-846
-810
-768
-766
-706
-667
-691
-636
-600
-620
-636
-676
-612
-530
-447
-304
-196
-114
13
55
173
235
307
359
419
470
526
669
711
735
698
640
542
544
531
601
583
611
581
455
386
221
143
128
144
152
138
98
41
-42
-61
-52
-68
18
74
31
-41
-149
-214
-212
-167
-123
-64
-188
-279
-394
-525
-430
-216
132
481
670
693
614
461
305
192
124
97
95
116
147
82
4
-69
-192
-265
-349
-410
-421
-345
-257
-170
-182
-259
-306
-292
-187
-44
88
105
14
-158
-265
-309
-297
-281
-185
-72
38
104
110
-3
-123
-316
-464
-609
-707
-637
-500
-237
-147
-243
-455
-671
-780
-844
-782
-654
-439
-280
-231
-294
-364
-409
-436
-321
-121
120
264
382
403
334
196
99
48
80
243
389
578
756
822
818
747
610
511
458
367
370
467
595
722
679
617
524
423
359
387
506
547
527
516
420
245
35
-128
-100
5
204
337
359
324
204
46
-67
-54
34
241
418
589
598
537
390
227
61
-154
-285
-336
-305
-117
63
118
63
-92
-185
-273
-285
-283
-277
-218
-217
-239
-271
-247
-275
-296
-336
-368
-291
-270
-270
-289
-319
-423
-492
-592
-684
-713
-686
-520
-341
-252
-212
-157
-165
-156
-180
-168
-102
-26
5
-122
-240
-299
-298
-201
-147
-90
-23
180
383
457
392
219
59
-14
64
195
310
290
189
100
26
1
-39
-28
55
165
355
419
414
268
65
-59
-124
-51
134
302
427
494
433
333
229
129
75
32
3
18
131
175
173
119
-75
-170
-320
-390
-481
-481
-374
-304
-182
-81
-108
-177
-260
-346
-396
-451
-431
-455
-392
-225
-116
-104
-159
-305
-389
-458
-410
-145
75
194
204
85
-42
-23
38
171
361
478
456
397
351
213
115
5
-36
45
220
471
650
773
704
493
281
108
-36
-96
-75
-25
48
134
223
226
208
183
156
152
56
-8
-42
-83
55
89
111
120
63
-53
-197
-283
-292
-255
-119
59
129
123
93
65
74
11
-67
-56
-89
-207
-348
-490
-582
-475
-379
-267
-134
-43
-95
-152
-220
-340
-295
-256
-200
-43
94
123
132
88
-11
-53
-80
-112
-85
-46
-91
-68
-85
-178
-241
-249
-222
-139
14
67
154
146
153
134
208
323
352
361
232
46
12
76
111
126
83
38
95
132
121
109
94
-29
-127
-218
-193
-85
97
287
408
555
651
728
668
544
321
94
-22
-51
147
427
641
721
654
435
225
117
73
123
170
209
242
263
238
169
164
118
49
23
-85
-174
-216
-182
-85
5
6
-76
-307
-489
-471
-309
-190
-187
-315
-463
-598
-715
-769
-715
-609
-493
-516
-620
-798
-889
-892
-806
-599
-372
-155
-61
6
5
-62
-179
-211
-241
-326
-457
-617
-726
-717
-667
-508
-349
-240
-160
-119
-161
-194
-229
-114
38
144
332
448
598
713
681
660
608
573
512
517
531
540
550
554
572
643
638
551
468
327
215
187
333
456
544
534
492
310
125
20
-37
-11
-4
57
60
36
57
-1
36
41
32
63
23
-115
-271
-377
-416
-290
-115
30
107
160
177
135
90
94
159
279
443
539
522
404
225
74
-37
-80
-44
-56
-74
-153
-216
-238
-160
-38
56
102
34
-6
-77
-225
-353
-468
-534
-551
-541
-503
-448
-426
-362
-285
-221
-196
-208
-275
-349
-431
-498
-487
-548
-515
-434
-400
-370
-344
-248
-142
-46
46
65
81
27
-26
-88
-203
-194
-68
136
383
469
375
177
22
-111
-226
-215
-167
-33
219
319
360
390
444
504
454
346
284
198
121
116
103
168
227
292
372
410
481
473
446
348
160
46
-27
-63
-33
64
194
303
404
390
351
203
39
-66
-150
-130
-38
-14
-5
-8
-87
-123
-149
-140
-183
-226
-243
-242
-214
-147
-52
18
137
38
-62
-140
-249
-159
-110
102
256
312
246
170
42
-68
-48
-44
20
31
45
-78
-163
-244
-301
-247
-118
77
158
160
74
-84
-144
-235
-196
-107
-58
-9
-52
-53
-38
11
22
-43
-105
-152
-197
-202
-147
-109
-67
-97
-143
-112
-77
68
180
290
298
206
109
-19
-133
-170
-132
-28
60
91
101
38
83
73
113
193
135
81
6
-121
-271
-257
-234
-140
-19
-149
-284
-381
-395
-322
-197
-68
17
78
105
129
40
-19
-121
-115
-45
-3
100
148
220
159
44
-32
-100
-84
26
186
378
474
470
388
275
209
75
-28
-93
-98
-41
18
62
32
35
34
58
16
19
-20
-58
-21
-27
-14
-117
-115
-134
-39
65
87
116
32
-65
-206
-177
-108
-56
-39
-31
-76
-201
-289
-294
-289
-247
-177
-134
-124
-169
-199
-294
-228
-104
-26
87
214
263
281
389
427
302
121
-38
-111
-117
-112
1
30
24
33
36
77
164
302
346
294
199
141
136
63
67
103
120
194
211
172
95
24
29
18
37
105
96
41
-54
-127
-127
-40
62
149
265
276
224
165
-33
-121
-127
80
291
406
514
438
221
14
-139
-330
-329
-230
-99
18
81
158
48
-96
-164
-242
-284
-273
-253
-228
-232
-285
-269
-264
-284
-243
-242
-290
-326
-333
-357
-319
-259
-234
-149
-72
-44
-24
31
57
49
39
33
64
50
41
0
-55
-28
-3
-13
-27
14
55
81
42
-77
-184
-292
-367
-484
-500
-424
-184
95
226
267
188
13
-209
-332
-350
-182
62
223
324
341
289
152
-4
-78
-104
19
271
462
562
484
298
13
-224
-308
-278
-138
21
90
69
19
-40
-27
91
201
362
480
536
551
523
452
398
326
214
145
106
124
170
329
494
522
387
103
-262
-464
-474
-175
197
439
612
576
352
166
17
-111
-124
-65
74
186
239
203
124
34
-66
-163
-310
-433
-544
-507
-462
-368
-291
-320
-394
-467
-475
-431
-287
-160
-20
7
-15
-112
-281
-371
-396
-311
-136
4
59
124
78
-54
-177
-225
-204
-241
-272
-248
-188
-131
2
47
-30
-154
-292
-335
-224
-83
178
389
475
483
414
266
39
-144
-251
-75
118
343
455
547
516
369
204
44
-84
-67
-2
15
128
136
131
161
91
7
-153
-289
-260
-166
7
189
255
193
44
-160
-277
-267
-255
-179
-51
45
40
-46
-150
-215
-239
-153
-51
26
117
154
135
121
74
-24
-195
-292
-289
-298
-222
-198
-158
-115
-121
-30
35
-27
-102
-147
-130
-96
-36
80
191
232
245
235
190
199
224
307
294
223
137
83
115
105
118
126
103
61
74
89
127
149
180
