29
135
419
710
942
1002
901
615
210
-173
-438
-403
-107
240
424
520
403
24
-84
-113
-99
-102
-120
-46
-56
-35
-1
-81
-107
-56
-19
46
-91
-203
-50
112
224
266
109
-7
-62
-9
191
284
489
669
736
731
724
573
469
321
42
-280
-356
-297
-173
-86
12
82
73
19
-243
-384
-605
-647
-484
-302
-98
-20
-120
-231
-380
-236
-15
94
52
-40
-90
-39
32
80
201
171
6
-210
-429
-538
-274
162
520
547
321
-16
-256
-274
-190
-237
-298
-302
-106
152
264
206
107
88
4
44
-1
-102
-159
-102
60
112
94
-53
-86
-87
-194
-171
-109
-47
-58
-102
-37
-46
-37
-57
-288
-432
-432
-360
-250
-92
45
32
-102
-183
-306
-464
-475
-306
-58
14
-90
-286
-471
-544
-437
-177
80
147
198
266
213
213
271
356
508
780
966
1048
856
570
288
197
182
218
117
-24
-16
-94
-196
-325
-388
-367
-152
-12
17
58
-68
-192
-364
-700
-989
-1068
-783
-377
-32
181
121
-100
-232
-114
265
587
689
617
440
329
208
77
58
171
382
469
374
138
75
71
218
488
580
751
838
861
931
877
633
433
240
112
39
-81
-195
-305
-352
-358
-443
-493
-635
-688
-567
-302
29
309
315
47
-124
-177
-178
48
309
568
708
632
502
349
399
538
633
501
351
190
-100
-306
-505
-657
-843
-866
-898
-971
-967
-937
-839
-622
-532
-566
-594
-594
-401
-140
44
113
67
-27
-211
-440
-526
-651
-724
-717
-752
-765
-656
-367
-161
57
63
-60
-198
-272
-261
-146
41
264
437
619
666
677
638
427
245
72
-146
-276
-187
-193
-169
-149
-124
-146
-7
85
235
482
573
622
621
866
969
982
1006
850
876
929
931
995
933
830
838
695
687
556
297
261
68
26
-16
-108
-196
-401
-516
-579
-516
-463
-461
-446
-500
-622
-747
-670
-476
-244
131
198
252
227
27
-34
-82
-38
-92
-128
-410
-687
-838
-795
-615
-444
-246
-161
-123
-240
-455
-338
-168
66
280
248
73
-132
-111
22
268
459
303
49
-110
-142
-18
244
328
276
-61
-482
-646
-662
-458
-132
137
352
343
436
543
640
615
416
211
46
-3
-48
-33
-145
-254
-179
10
187
234
166
-22
-37
-51
-95
-112
-125
-199
-169
-182
-266
-254
-185
40
54
-6
-129
-275
-261
-307
-275
-153
-38
174
313
208
105
83
163
216
296
180
-89
-323
-452
-365
-94
131
279
365
210
6
-60
-92
-152
-50
-9
45
11
-50
-166
-342
-437
-552
-477
-259
-51
-26
57
112
125
-4
-94
-228
-331
-303
-260
-258
-101
39
46
137
167
279
296
310
303
365
408
350
288
151
97
26
110
222
209
298
347
327
459
564
698
696
589
425
226
74
0
86
93
179
216
339
370
356
481
401
344
235
77
-34
-167
-213
-226
-6
65
38
14
-152
-305
-252
-93
15
77
129
79
-37
-250
-553
-826
-914
-929
-754
-545
-532
-562
-618
-515
-378
-274
-441
-681
-720
-689
-484
-179
-121
-219
-160
-97
-48
-20
54
206
496
883
1024
850
484
190
57
-28
-9
11
-38
-1
-76
-69
-127
-360
-562
-776
-820
-586
-224
85
362
569
565
434
293
249
298
339
392
312
189
106
-41
-113
56
307
455
494
353
244
280
339
387
328
227
128
-82
-57
1
76
51
-143
-224
-329
-246
-75
124
262
147
99
64
-107
-231
-272
-193
1
97
97
112
78
-13
-172
-318
-406
-453
-364
-328
-161
-71
-9
38
-72
-120
-203
-330
-435
-379
-264
-66
98
218
157
189
53
7
135
186
228
174
150
40
7
94
214
339
489
580
510
350
133
18
65
126
212
214
214
323
424
386
180
-115
-263
-194
2
197
293
92
-252
-610
-649
-378
-170
15
-126
-350
-640
-735
-601
-393
-287
-523
-698
-808
-449
393
790
812
-18
-777
-992
-737
-18
271
202
39
-260
-245
-67
-39
-79
-295
-273
-202
-152
-135
-281
-374
-453
-220
76
448
998
903
419
-78
-483
-38
811
1516
1609
849
-213
-815
-243
571
1408
1183
58
-916
-880
-67
1002
1149
257
-495
-939
-380
329
437
202
-249
-264
-39
176
407
428
417
300
-177
-575
-739
-723
-196
350
320
-90
-684
-1169
-710
-158
401
407
59
-123
-310
157
530
534
230
-424
-565
-143
92
535
574
236
327
244
-18
-167
-562
-313
162
387
333
-152
-362
-208
-154
-52
-195
-370
-152
133
459
644
409
-20
-175
-198
4
227
292
276
279
108
-30
-324
-638
-747
-681
-512
-458
-376
-217
-6
55
-38
-272
-326
-235
-38
169
27
-180
-1715
-4753
-6686
-3985
2419
7829
6410
-913
-7390
-6553
1542
8840
7895
-774
-10052
-11778
-4557
3963
7148
3405
-2756
-4826
-1996
3924
8614
9318
7529
4774
1781
-780
-2489
-1990
537
3723
5233
3939
967
-1622
-1827
330
3490
4001
1406
-1665
-3771
-3547
-2779
-3293
-5332
-7477
-7663
-5914
-1479
1964
5999
7658
5340
2866
1675
4257
6941
7292
5141
2123
1833
4203
6842
5752
3432
-270
-2404
-2382
-3047
-2397
-1782
-153
506
-1352
-4531
-7868
-9234
-8177
-5258
-2912
-1654
-2522
-4822
-5253
-4486
-3655
-4706
-6760
-7078
-5748
-3179
-1757
-2597
-3827
-4110
-3127
-2526
-2566
-2763
-2401
-2005
-2123
-2187
-1137
491
1137
-1
-1849
-3067
-3342
-3262
-4148
-5020
-5153
-4411
-3509
-3736
-4633
-5388
-5104
-3764
-2279
-1146
-194
968
2498
4075
5503
6784
8184
9180
9739
10363
10983
11843
12551
13123
13422
13165
12541
11949
11479
11005
10142
9009
7882
6877
5990
4966
4281
3656
3090
2052
575
-888
-1587
-1469
-806
227
707
590
77
-1560
-3652
-5335
-5701
-5188
-4615
-4029
-3441
-4246
-6766
-9199
-9936
-7602
-4562
-2192
-1995
-3974
-6953
-9651
-10825
-10080
-7667
-4864
-2973
-3626
-5206
-5861
-6168
-5503
-4267
-3187
-2588
-2282
-1315
430
2983
4280
2149
-4612
-14896
-23501
-25203
-18637
-8645
-2368
-2283
-5273
-6201
-3521
-403
-634
-3855
-5531
-1660
7556
17738
23896
24214
20604
16751
14859
14719
14856
14556
14395
15009
16526
18138
18199
15005
7910
-1354
-8769
-11318
-9361
-6264
-5201
-6412
-7995
-8274
-7886
-8968
-12869
-17969
-19753
-15031
-5167
4806
10148
10051
7500
5915
6259
6958
5931
3342
1420
2773
7424
12417
12957
7076
-3104
-12755
-17447
-17083
-14464
-12702
-12337
-11989
-10108
-7427
-6602
-9424
-14768
-18618
-17613
-11627
-3876
1726
3721
3391
2835
3097
3660
3334
2091
1372
2980
7134
11724
13876
12060
7400
2404
-1033
-2557
-2905
-3012
-3336
-3537
-3052
-2122
-1761
-3150
-6336
-9514
-10653
-8872
-5107
-1513
401
1064
1779
3281
4708
4763
2733
295
-230
1256
3355
4405
3848
2342
1013
491
852
1530
1786
-258
-5393
-13638
-21809
-25148
-21179
-11880
-3458
-890
-3738
-7463
-7356
-3270
782
966
-2304
-4020
369
10374
20579
25155
22638
16826
13008
13313
15608
16224
13950
11109
10795
13570
16634
16315
11371
3668
-3004
-6162
-6451
-6246
-7587
-9707
-10711
-9341
-6812
-5779
-7707
-12021
-15862
-16445
-12682
-6178
490
5084
7305
8283
9418
10946
11886
10992
8195
5455
5040
7938
12138
14091
11543
5052
-2105
-7140
-9371
-10272
-11512
-12950
-13325
-11246
-7722
-5195
-5764
-9108
-12959
-15000
-13947
-10524
-6927
-4407
-3096
-2175
-855
683
1154
-507
-3505
-5664
-4993
-2130
1727
4084
3998
2783
727
-1319
-2711
-3316
-3396
-4000
-4639
-5099
-4867
-3701
-3121
-3895
-6234
-8826
-10393
-10402
-9218
-8064
-7407
-7421
-7439
-7319
-7240
-6951
-6262
-5353
-4111
-2826
-1495
-234
542
1004
1319
1624
2050
2593
3289
4034
4648
5435
6349
7430
8479
9132
8640
6685
3472
42
-1937
-1481
907
3431
4310
3326
1927
1574
2793
4177
4041
1925
-904
-2172
-532
3100
6319
7230
5521
3142
2063
3044
4907
5816
4903
2870
1487
2385
5083
7976
9279
8418
6473
4871
4326
4355
4295
3845
3523
3939
4938
5883
5844
4456
2714
1742
1895
2700
3164
2685
1608
953
1481
2761
3608
3109
1247
-964
-2267
-2014
-1174
-774
-1550
-2828
-3531
-3120
-1998
-1579
-2824
-5222
-7267
-7574
-6211
-4484
-3651
-4083
-4871
-5178
-4776
-4210
-4373
-5354
-6507
-6840
-5799
-3979
-2510
-2118
-2643
-3280
-3382
-2985
-2608
-2691
-3025
-3243
-3047
-2343
-1495
-1142
-1335
-1796
-2138
-2077
-1933
-2017
-2236
-2189
-1758
-946
-130
235
173
-231
-541
-635
-443
-101
333
826
1484
2186
2644
2797
2728
2532
2152
2041
2167
2417
2781
3076
3328
3682
4050
4378
4647
5053
5213
4305
1646
-2671
-6902
-8622
-6820
-2905
111
20
-2433
-4808
-5078
-3656
-2840
-4482
-8044
-10593
-9179
-3995
1917
4615
3176
-255
-2160
-1023
1624
3016
2050
352
720
4653
10364
14245
13810
9687
4885
2366
2985
4709
5380
4406
3031
3307
5467
7596
7211
3785
-891
-3666
-2988
-194
1814
1530
72
-598
740
2774
2972
258
-4030
-7115
-6822
-3652
-285
716
-819
-2800
-3282
-2162
-1125
-2044
-4660
-6912
-6631
-4114
-1465
-1198
-3315
-5736
-6088
-4369
-2546
-3092
-6433
-9944
-10855
-6690
964
7732
9684
6149
283
-3554
-3141
320
3379
3378
306
-3453
-5103
-3555
394
4012
5980
5853
4186
2100
1027
2318
4432
4899
2960
-530
-3528
-4626
-4318
-2303
1537
5877
7871
6141
2238
-836
175
3522
5295
3850
794
-123
2375
5910
7168
5840
3892
3212
3864
4540
4453
4046
4387
5078
3997
-848
-9902
-19657
-24167
-20422
-11330
-4041
-3576
-8563
-13599
-14300
-11549
-9720
-11212
-13910
-12775
-5077
6552
16004
18558
14556
8740
6084
7950
12007
15458
17446
18766
20333
21730
21765
19024
13206
5813
-383
-2619
-653
3106
5325
3968
-494
-5836
-10000
-12479
-14424
-16842
-18727
-17429
-11778
-4010
1526
1743
-2208
-6530
-7560
-4428
790
5365
8455
11095
14287
17317
17772
14155
7762
2280
630
2997
6686
8177
5809
405
-5277
-9084
-10889
-12492
-14932
-17137
-16714
-12819
-7354
-3825
-4283
-7624
-10612
-10132
-5542
707
5413
7097
6978
7547
9176
10640
10057
7343
4969
5081
8058
11674
12834
10360
5526
1173
-882
-1028
-783
-1221
-2029
-2312
-2154
-2611
-4592
-7925
-10760
-11340
-9211
-5520
-2174
-642
-1231
-2405
-2519
-952
1478
3067
3212
2491
2045
2217
2390
2270
2026
2184
2855
3835
3748
601
-6407
-16643
-24962
-25586
-17581
-7008
-1329
-3270
-9206
-13745
-13413
-10181
-7503
-6617
-5047
297
9565
18697
22670
19742
13245
8584
9250
14381
20534
24456
24649
21700
17208
12976
9837
6887
3223
-832
-3288
-2433
947
3668
2256
-4177
-12981
-19503
-20449
-16554
-11337
-7756
-5923
-3938
-1156
1279
1651
-329
-2411
-1794
3033
10690
17442
20033
17839
13238
9480
8095
8006
7530
5993
3833
2414
1815
1099
-1736
-7392
-14388
-19595
-20328
-17316
-13495
-11965
-13534
-15869
-16566
-14411
-10729
-7902
-6353
-4864
-1536
3995
9169
11410
9860
6415
4412
5708
9625
13466
14532
12131
7823
3861
1536
489
-581
-2265
-3783
-4220
-3211
-2245
-3268
-6621
-10846
-13179
-12057
-8393
-4365
-1946
-1461
-1858
-2239
-2148
-1855
-1131
372
2957
5869
8044
8586
7483
5266
2806
887
102
362
1239
2076
2388
2133
1321
-308
-3959
-10153
-18648
-25337
-25405
-17289
-5810
1061
-980
-9006
-16400
-17422
-12741
-6146
-814
3098
7131
11897
16175
17695
15524
11334
8414
9599
14461
20577
24851
25177
21365
14847
8532
4975
4406
5093
5127
4158
3149
2623
1475
-1945
-8151
-15383
-19935
-19037
-13160
-5890
-1446
-1475
-4299
-7127
-7937
-6466
-3399
742
5406
10280
14707
17319
16864
13179
8415
5577
6468
9963
13252
13728
10703
5391
-130
-4432
-7400
-10044
-12522
-14085
-13877
-12518
-11944
-13774
-17386
-20261
-20085
-16018
-9851
-4295
-1297
-997
-1624
-1365
349
2953
5481
7442
9197
10808
12176
12431
10646
6885
2513
-151
382
3286
6027
5994
2496
-3019
-8068
-10746
-10954
-9821
-8605
-7834
-7259
-6733
-6755
-7672
-8979
-9658
-8749
-5797
-1384
2980
5904
6681
5635
4058
2845
2527
3018
4021
5047
5462
5118
4252
3232
2397
1751
995
-1378
-6714
-15393
-23592
-25194
-17491
-5348
1773
-1409
-11586
-20499
-21442
-15130
-6490
160
3762
5530
7012
8865
10209
10222
8973
8344
10372
15168
21033
25066
24898
20217
12975
7207
6043
9114
12803
13771
11288
7129
3127
-270
-3622
-7365
-11005
-12942
-12017
-8538
-5275
-5219
-9256
-14766
-18132
-16765
-11005
-3254
3141
6058
5647
4116
3311
3783
4925
6646
9426
13261
16406
16864
13828
8067
1916
-2173
-2733
-608
1425
964
-2573
-7827
-12859
-16608
-19019
-20179
-19930
-17732
-13565
-8858
-6001
-6931
-10803
-14098
-13108
-6877
1813
8807
11493
9867
6273
3478
2928
4294
6067
7277
8039
8727
8967
7752
4406
-393
-4488
-5739
-3382
771
3515
2478
-2204
-7988
-11879
-12324
-9754
-6013
-3079
-1927
-2366
-3407
-3922
-3480
-2019
69
2568
4926
6504
6733
5678
3890
2323
1794
2564
4002
5258
5414
4288
1961
-2416
-9395
-18447
-24834
-23059
-12716
-1017
2861
-3776
-15433
-23471
-22815
-15182
-4891
3913
8702
8850
6227
4044
4189
6312
8996
12074
16079
20679
24243
24595
20788
14109
7954
6119
9408
14844
17899
16146
10165
2644
-3805
-7314
-7415
-5309
-3288
-2915
-4355
-6721
-9713
-13147
-16060
-16414
-12865
-6142
942
5157
4866
1020
-3152
-4119
-645
5527
11582
15364
15987
13583
9099
4454
1480
864
2337
4687
6504
5881
1612
-5573
-13030
-17652
-17917
-14746
-10951
-9154
-10392
-13634
-16174
-16277
-13955
-10560
-7313
-4108
-731
2340
4333
4481
3000
1598
2092
5271
9742
12606
11796
7562
2366
-898
-760
1951
4853
5530
3623
360
-2541
-4025
-4471
-4629
-4834
-4812
-4256
-3421
-3109
-4061
-6021
-7481
-6981
-3969
136
3266
4274
3360
2009
1472
2220
3609
4550
4646
3961
3309
2999
3303
3594
3272
587
-5907
-15525
-23727
-23571
-13778
-1239
3849
-2579
-15096
-24377
-24227
-15590
-3532
6730
10868
8007
1330
-2738
-809
5612
12016
16189
18810
20462
20719
18906
15240
11434
9416
10721
14780
18935
19431
14691
5998
-3071
-8167
-7464
-2236
3026
4128
55
-6764
-12728
-15506
-14769
-11212
-6145
-1318
1662
2173
347
-2360
-4319
-3393
1106
7683
13124
14748
12120
7095
2732
1220
2763
5951
8323
8347
5684
1143
-3824
-7981
-10465
-11105
-10037
-8580
-8037
-9661
-13361
-17282
-19103
-17230
-12042
-5765
-1214
-439
-2690
-5387
-5329
-1852
3348
7422
8973
8153
6101
4226
3359
3498
3967
4126
4006
3951
3573
2260
2
-2357
-3525
-2894
-967
770
752
-1490
-4956
-7446
-7380
-4826
-1507
545
389
-1291
-2925
-2936
-1052
1889
4352
5448
5152
3947
2689
1798
1664
2149
3125
3820
3926
3175
1824
-709
-6141
-14482
-22209
-22076
-12526
-267
4295
-2838
-15665
-24859
-24126
-14349
-741
10426
13381
7272
-2860
-7933
-3823
6131
15203
19465
19661
17049
13546
10259
8715
9400
11563
14277
16151
16265
13354
7275
-94
-5564
-5779
-1281
4487
6620
2986
-4639
-12107
-15359
-13072
-6750
-181
3350
2637
-828
-4143
-5351
-3658
330
5371
9785
11737
10508
6619
2538
599
2073
5783
9135
9736
6721
1400
-3898
-6747
-6588
-4794
-3672
-4790
-7644
-11210
-13815
-14970
-14489
-12702
-10554
-8486
-6855
-5629
-5049
-5140
-5024
-3419
92
4111
6536
6214
4013
1607
772
2296
5017
7154
6790
3955
397
-1675
-1397
252
1751
1930
852
-825
-2251
-2937
-2965
-2512
-1978
-1549
-1210
-1046
-1286
-1966
-2492
-2134
-457
1742
3451
3843
2970
1829
1208
1721
2700
3421
3307
2380
1498
909
1194
1526
1417
-1520
-8463
-17889
-23755
-19492
-7827
2411
1729
-8823
-20803
-25188
-18711
-5730
7392
13817
10575
548
-7850
-6814
2741
14149
20064
19579
15206
10168
6978
6339
8482
11387
13540
13526
11652
8454
4133
-318
-3412
-3066
566
4687
5844
2378
-3602
-8703
-9619
-6131
-232
4610
5766
3293
-715
-2793
-1525
2278
6347
8800
8976
7106
4140
1280
-86
681
2911
4992
5053
2619
-1588
-5524
-7537
-6795
-4489
-2818
-3603
-6816
-10387
-12214
-11337
-8742
-6224
-4861
-4946
-5660
-5967
-5119
-3159
-1100
188
722
1113
1352
1298
648
-83
-132
521
1462
1906
1424
37
-1659
-2497
-1777
135
1616
1790
592
-752
-1156
-473
755
1682
1823
1251
371
-129
154
861
1455
1565
1392
1209
1315
1471
1629
1747
1915
1848
1450
627
-35
-332
253
1188
2013
1683
55
-3900
-10732
-18411
-22361
-16801
-5526
3285
781
-10774
-22039
-24098
-15174
-1496
10239
14159
8989
-1513
-8732
-5821
5061
16288
20682
17764
11357
5421
2906
4074
8338
12300
13674
11009
6276
1599
-1678
-2943
-2105
831
4262
5826
3878
-807
-5021
-5972
-2619
2806
7233
8322
5718
1760
-753
534
4540
8660
10059
8463
5079
1802
-207
-578
397
2037
3056
2364
-471
-4405
-7635
-8459
-6669
-3428
-1108
-1409
-4495
-8536
-10578
-9241
-5188
-1244
410
-1021
-3916
-6198
-6374
-4187
-1163
825
549
-1608
-3848
-4739
-3961
-2519
-1056
-227
-195
-1178
-2586
-3470
-3199
-1914
-272
1151
1786
1355
127
-906
-709
1059
3340
4704
4265
2443
394
-441
395
2384
4016
4304
2988
886
-721
-909
264
1702
2573
2231
1019
-491
-1861
-2438
-1890
-400
1277
1990
1567
229
-1311
-4271
-10021
-17281
-20790
-14779
-3345
4522
448
-12125
-22666
-22695
-11794
2434
12719
13806
5841
-5723
-11304
-5231
8045
18921
20682
14498
6181
702
298
4163
9941
13737
13404
8816
3009
-1064
-2477
-1262
1534
5077
7431
6762
2865
-1848
-3920
-1662
3684
8499
9897
7291
2526
-834
-483
3377
7803
9679
7728
3661
-126
-1769
-1237
211
1443
1588
568
-1413
-3734
-5611
-6196
-5145
-3010
-1209
-1226
-3565
-6924
-9055
-8131
-4330
-261
1111
-1186
-5468
-8254
-7453
-3529
703
2248
151
-4059
-7364
-7506
-4626
-1137
550
-283
-2411
-4104
-4415
-3324
-1386
417
1241
1060
182
-641
-722
-18
1406
3097
4227
4153
2750
1010
253
1053
2718
4027
3973
2570
808
-371
-335
475
1408
1777
1555
759
-168
-1090
-1679
-1729
-1229
-153
1021
1751
1609
699
-1007
-5317
-12372
-19445
-19846
-10888
459
4470
-3898
-16785
-23726
-18728
-5660
7176
13383
10126
35
-9602
-9959
140
13104
19896
17177
9372
2417
-78
2172
7280
12244
13827
11057
5219
254
-1793
-727
2181
5526
7788
7354
3905
-727
-3044
-1033
4142
8985
10199
7445
2697
-650
-181
3787
8327
10052
7754
2989
-807
-1943
-594
1129
1788
1078
-419
-2220
-3913
-5138
-5631
-4953
-3264
-1489
-1177
-3126
-6355
-8374
-7195
-3344
337
941
-1989
-6161
-8407
-6815
-2656
1090
1746
-1054
-5192
-7662
-6946
-3928
-1003
-148
-1455
-3544
-4747
-4357
-2808
-1004
253
652
366
-207
-641
-448
532
2071
3479
3954
3233
1834
754
795
1880
3170
3739
3227
1929
692
321
958
2001
2450
2012
907
-177
-832
-959
-639
-267
82
16
2
-70
252
725
762
-2221
-9390
-18009
-21066
-13440
-1279
5159
-1372
-14692
-23457
-20094
-7370
5876
12652
10056
436
-9256
-10611
-1254
11626
18814
16368
8425
1593
-467
2178
7209
12057
13621
10953
4866
-662
-2865
-1236
2688
6779
8964
7972
3757
-1322
-3438
-426
5836
10947
11334
7021
1276
-1851
-266
4702
9411
10289
6777
1251
-2326
-2334
100
2216
2206
453
-1738
-3499
-4347
-4540
-3980
-3010
-1980
-1802
-2662
-4343
-5744
-5795
-4253
-1951
-444
-714
-2672
-4602
-5137
-3767
-1721
-413
-761
-2401
-4540
-5778
-5404
-3574
-1736
-1174
-2207
-3717
-4499
-3968
-2442
-757
373
337
-553
-1460
-1340
-136
1449
2544
2818
2357
1504
738
642
1294
2167
2628
2380
1630
1019
801
1151
1778
2338
2447
1791
706
-456
-862
-547
414
1029
1007
334
-429
-521
-122
-840
-5883
-14144
-20980
-18150
-7368
2580
1520
-9938
-21143
-22462
-12321
1096
10328
10883
3825
-5897
-10060
-4144
8049
17201
17458
10551
3191
-121
1475
5728
10511
12968
11679
6879
1365
-1670
-1362
1554
5293
8139
8346
5320
493
-2549
-1087
4324
9842
11728
8612
3138
-937
-554
3786
8874
10692
7953
2530
-1784
-2451
-243
2256
2732
1026
-1475
-3349
-4060
-3907
-3412
-2845
-2394
-2401
-2926
-3833
-4484
-4447
-3677
-2448
-1441
-1228
-2029
-3218
-3837
-3355
-2218
-1400
-1671
-2764
-4114
-5028
-5124
-4246
-2997
-2237
-2605
-3608
-4221
-3808
-2658
-1354
-529
-445
-854
-1260
-1111
-181
1125
2059
2244
1831
1316
968
994
1340
1978
2470
2433
1702
616
-51
188
1282
2409
2747
1982
663
-447
-785
-730
-234
304
1048
1392
1202
486
-163
-2143
-7579
-15157
-19965
-15041
-4150
3663
-643
-13289
-22871
-20963
-8658
4357
11242
9293
813
-8225
-10155
-2036
10619
18385
16660
8721
1666
-459
2227
7026
11600
13256
11051
5474
-78
-2457
-1028
2871
6836
8877
7763
3687
-1111
-2964
25
6147
11061
11303
6828
1119
-1830
70
5213
9841
10429
6694
1110
-2522
-2428
221
2568
2561
319
-2303
-3766
-3930
-3660
-3518
-3475
-3159
-2779
-2853
-3307
-4153
-4185
-3276
-1620
-185
-157
-1667
-3675
-4513
-3523
-1588
-417
-1075
-3100
-5173
-6097
-5381
-3502
-1871
-1674
-2946
-4462
-4857
-3935
-2185
-552
443
483
-353
-1421
-1612
-573
1161
2469
2718
1996
883
-14
-21
912
2174
2893
2584
1610
746
582
1026
1764
2030
1705
763
-264
-947
-871
-211
634
1178
1250
1159
972
338
-3779
-11164
-18977
-18825
-9236
2231
4787
-5517
-18893
-24239
-16131
-1793
9378
11892
5816
-4367
-10933
-7717
3806
14983
18109
12431
4254
-421
188
4003
8773
12008
11970
8306
2555
-1468
-2180
394
4410
7886
8786
6158
1031
-3013
-2425
2927
9184
12024
9368
3558
-1281
-1676
2479
8129
10907
8762
3317
-1688
-2940
-794
2058
2985
1519
-936
-2725
-3621
-3942
-4208
-4037
-3066
-1489
-531
-1095
-3172
-5064
-4823
-2230
926
2092
196
-3245
-5610
-5191
-2687
-414
-275
-2192
-4760
-6389
-6303
-4903
-3195
-2244
-2423
-3335
-3911
-3733
-2951
-1963
-885
-91
127
-641
-1633
-1822
-749
1036
2269
2174
957
-412
-1015
-224
1524
3135
3382
2120
434
-251
615
2118
3058
2727
1371
-31
-754
-442
456
1284
1646
1579
1380
1325
-1826
-8745
-17548
-20410
-12515
-151
6008
-1732
-15733
-24380
-19412
-5380
7592
12616
8303
-1644
-10121
-9680
544
12997
18700
14773
6318
252
-495
2689
7352
11448
12638
10096
4259
-937
-2830
-829
3315
7313
9074
7332
2462
-2593
-3781
586
7439
11877
10610
4978
-767
-2521
781
6533
10497
9625
4682
-954
-3370
-1806
1183
2595
1544
-679
-2223
-2934
-3579
-4449
-4671
-3543
-1059
517
35
-2722
-5416
-5615
-2762
1277
3252
1585
-2576
-6000
-6283
-3592
-581
381
-1271
-4125
-6460
-7003
-5749
-3518
-1828
-1425
-2351
-3449
-4117
-3982
-3058
-1420
331
1157
358
-1426
-2601
-2041
-45
1911
2595
1810
262
-814
-550
893
2490
2954
2183
972
465
728
1394
1721
1530
1043
452
207
269
680
1099
1603
2049
2413
-99
-6883
-16149
-20611
-14050
-1553
6499
691
-13300
-23870
-21321
-7951
5842
12571
9653
213
-9243
-10775
-1921
10822
18111
15735
7632
954
-852
1670
6089
10560
12619
11100
5848
118
-2878
-1926
1913
6461
9161
8122
3345
-2334
-4526
-816
6133
11271
10997
5810
-137
-2625
-28
5433
9594
9252
4921
-319
-2798
-1716
844
2309
1788
36
-1559
-2701
-3706
-4552
-4499
-3118
-671
875
325
-2299
-4857
-4990
-2245
1500
3182
1466
-2484
-5658
-5851
-3343
-591
105
-1698
-4494
-6530
-6789
-5498
-3491
-1984
-1561
-2384
-3582
-4322
-4098
-2937
-1224
281
766
-148
-1779
-2627
-1768
374
2277
2712
1487
-302
-1287
-790
905
2586
3137
2319
1102
510
893
1592
1916
1685
1073
530
228
143
402
635
1102
1661
2258
-333
-7509
-17226
-21573
-14356
-1362
6555
347
-13788
-24059
-21206
-7814
6022
12952
10338
866
-8669
-10323
-1655
10748
17810
15705
8289
1955
-214
1435
5314
9776
12274
11204
6154
423
-2829
-2244
1439
6207
9313
8670
3937
-1896
-4279
-682
6208
11365
11072
5983
173
-2251
169
5355
9335
9062
5000
-41
-2717
-2163
16
1595
1760
693
-617
-2217
-3951
-5193
-4978
-2823
112
1791
738
-2223
-4777
-4741
-1819
1782
3425
1825
-1906
-5051
-5587
-3614
-1116
-187
-1517
-4036
-6250
-7046
-6130
-4134
-2273
-1551
-2236
-3627
-4676
-4608
-3368
-1408
238
640
-455
-2150
-2911
-2060
-57
1718
2227
1387
6
-861
-496
905
2292
2651
2033
1122
581
720
1030
1234
1071
593
240
-94
18
276
742
1370
2145
2053
-2552
-11192
-20333
-20476
-9969
2712
5961
-4383
-18530
-24742
-17217
-2563
9430
13045
7514
-2731
-9982
-7726
3278
14537
18483
14001
6533
1351
324
2525
6841
11195
12965
10407
4440
-1182
-3467
-1700
2917
7778
10022
7760
1874
-3532
-3932
1433
8289
11766
9622
4001
-940
-1852
1475
6552
9468
8242
3872
-518
-2397
-1510
267
1384
1432
698
-400
-2020
-3973
-5200
-4765
-2336
567
1850
298
-3102
-5576
-5001
-1545
2106
3321
1122
-2871
-5934
-6178
-4112
-1573
-554
-1550
-3874
-6099
-7063
-6316
-4371
-2322
-1380
-1940
-3419
-4746
-4956
-3733
-1636
251
617
-648
-2302
-2808
-1587
414
1900
2071
1086
-85
-434
250
1636
2578
2626
2015
1440
1287
1453
1580
1515
1218
731
229
49
304
819
1282
1578
2113
295
-5835
-15446
-22049
-17859
-5537
4441
2108
-10673
-22507
-23182
-12214
2027
11286
11864
4468
-5287
-9651
-4007
7659
16508
17261
11782
5385
1702
1279
3642
8178
12352
13251
9485
3211
-1778
-3046
-478
4381
8750
9723
5994
-165
-4164
-2468
3678
9573
11097
7796
2400
-1262
-1006
2616
6924
8655
6693
2590
-820
-1814
-886
420
1208
1266
797
-546
-2667
-4661
-5265
-3637
-669
1702
1707
-841
-4014
-5355
-3676
-211
2323
2090
-776
-4162
-5878
-5199
-3140
-1379
-1070
-2311
-4388
-6242
-6913
-5961
-3896
-2005
-1420
-2291
-3960
-5220
-5060
-3303
-878
644
251
-1528
-2933
-2706
-990
926
2032
1902
958
-94
-463
299
1607
2581
2660
2045
1500
1211
1242
1400
1618
1739
1367
578
-62
27
898
2101
2983
1337
-4954
-14599
-21798
-18742
-6814
4073
3550
-8336
-21239
-23971
-14397
-7
10405
12440
6207
-3326
-8783
-5254
5187
14418
16826
12888
7084
2845
1277
2340
6109
10754
13091
10787
5009
-755
-3403
-1889
2853
8006
10341
7759
1692
-3239
-3038
2114
8100
10680
8541
3723
-500
-1367
1291
5270
7499
6529
3343
236
-1295
-1374
-833
-29
833
1258
297
-1969
-4571
-5724
-4420
-1292
1607
2296
228
-3062
-4986
-4081
-1037
1745
2261
181
-2944
-5165
-5362
-3914
-2123
-1308
-1864
-3627
-5581
-6692
-6175
-4386
-2405
-1418
-1957
-3352
-4627
-4793
-3602
-1577
94
330
-717
-1933
-2205
-1333
-50
918
1298
1243
1000
790
909
1347
1725
2033
2181
2428
2583
2232
1455
585
184
329
769
1197
1396
1517
1679
2110
166
-6047
-15545
-22023
-18168
-6153
3693
1877
-10090
-21873
-23267
-13473
246
9953
11802
5674
-3467
-8342
-4410
5700
14366
16443
13108
8026
3798
1493
2034
5844
10890
13466
11047
5247
-684
-3682
-2429
2442
8044
10702
8086
1942
-2967
-2784
1987
7561
10131
8668
4653
830
-351
1657
5048
7129
6585
4159
1610
-191
-1280
-1682
-1025
440
1634
1056
-1411
-4413
-5883
-4816
-1689
1362
2297
467
-2712
-4725
-4119
-1567
862
1531
221
-2139
-4276
-5236
-4726
-3317
-2008
-1679
-2819
-4826
-6644
-7011
-5675
-3410
-1729
-1636
-2973
-4571
-5286
-4503
-2644
-877
-212
-773
-1627
-1826
-1185
-167
617
1040
1263
1242
956
718
834
1397
2120
2518
2543
2099
1563
1285
1348
1632
1740
1543
1165
966
1268
1939
2741
1038
-5284
-15154
-22566
-19948
-8520
2080
2182
-8319
-20112
-23368
-15795
-2970
7814
11954
8161
-19
-5954
-4637
3184
11630
15778
15290
11931
7140
2528
608
3325
9063
13481
13153
8302
1799
-2958
-3569
291
6176
10099
9129
4204
-659
-1930
681
4795
7630
8038
6241
3504
1584
1541
2956
4474
5116
4730
3688
1970
-294
-2112
-2422
-1062
813
1516
375
-2287
-4720
-5538
-3879
-876
1465
1609
-403
-2805
-3879
-3203
-1556
-128
246
-671
-2592
-4432
-5392
-5027
-3860
-2732
-2476
-3351
-5088
-6471
-6578
-5336
-3648
-2506
-2366
-2940
-3604
-3849
-3450
-2550
-1543
-811
-458
-351
-343
-446
-566
-450
202
1140
1918
2028
1633
1098
873
1079
1717
2318
2558
2204
1461
814
471
495
589
785
1119
1689
2421
3155
1679
-3994
-13516
-21596
-21105
-11283
-71
2911
-4832
-16717
-23044
-19033
-7551
4519
11464
10192
3251
-3451
-4710
206
7461
12986
15560
15131
11617
5981
1301
1009
5403
11143
13945
12154
6857
713
-3097
-2396
2106
7250
9449
7769
4155
1249
526
1664
3594
5315
6274
6352
5779
4609
2900
1209
610
1871
4186
5401
4063
544
-2992
-4409
-3177
-719
1051
925
-1147
-3455
-4597
-4055
-2515
-1007
-146
26
-404
-1413
-2629
-3381
-3264
-2412
-1530
-1472
-2381
-3941
-5195
-5542
-5035
-4327
-4014
-4152
-4337
-4421
-4514
-4618
-4642
-4302
-3560
-2642
-1917
-1756
-2193
-2706
-2558
-1504
-11
1080
1274
832
254
-83
-7
578
1507
2258
2394
1943
1313
797
583
734
1267
1780
1731
929
-90
-492
-2
899
1739
2571
2892
1108
-4292
-12775
-19480
-19091
-11318
-2282
680
-4156
-12110
-16792
-15564
-9936
-2210
5032
9152
8525
4258
225
-726
1508
5454
10037
13937
15092
12306
7276
3617
3508
5657
7947
9232
9518
8685
6481
3593
1396
700
1404
3341
6159
8641
8945
6272
1935
-1115
-1141
1513
5108
7603
7836
5654
2244
-380
-953
116
1554
2366
2254
1618
590
-780
-1973
-2753
-2973
-2636
-1794
-731
38
-30
-1015
-2285
-3183
-3425
-3180
-2660
-2024
-1810
-2519
-3936
-5448
-6354
-6403
-6115
-5958
-6264
-6939
-7383
-7197
-6503
-5746
-5271
-5053
-4782
-4298
-3672
-3144
-2838
-2589
-2170
-1606
-940
-308
190
539
824
1126
1429
1721
1891
2068
2183
2255
2285
2244
2159
2142
2246
2244
1931
1442
1033
1080
1581
2041
2035
1445
612
207
572
1490
2344
2530
2006
925
-359
-1576
-2605
-3076
-2731
-1748
-911
-1143
-2603
-4442
-5228
-4394
-2542
-1265
-1765
-3486
-4861
-4442
-2123
399
1321
151
-1857
-2558
-959
2179
4831
5580
4408
2822
2529
3922
6054
7392
7147
5848
4756
4741
5662
6618
6750
6009
5016
4450
4280
4137
3573
2597
1848
1793
2303
2719
2467
1471
310
-281
-298
-106
-164
-622
-1058
-1155
-868
-487
-467
-819
-1285
-1540
-1454
-1304
-1311
-1584
-1849
-2080
-2287
-2604
-3047
-3406
-3407
-3150
-2996
-3073
-3456
-3829
-3991
-3892
-3545
-3239
-3269
-3625
-4055
-4130
-3668
-2934
-2245
-1853
-1690
-1754
-1851
-1782
-1415
-768
-89
346
429
257
61
20
173
547
924
1041
899
675
605
946
1550
2109
2296
1955
1470
1207
1419
1948
2337
2251
1824
1344
1074
913
536
-358
-1872
-3167
-3471
-2583
-1442
-1105
-2203
-4076
-5157
-4714
-3260
-2215
-2649
-4073
-4954
-4230
-2097
-198
149
-1031
-2225
-1834
449
3373
5022
4645
3151
2371
3346
5563
7352
7452
5931
4145
3582
4642
6559
7794
7487
5934
4347
3537
3597
4012
4054
3598
2863
2237
1954
1836
1624
1179
672
214
-146
-546
-813
-858
-698
-382
-239
-402
-783
-1104
-1233
-1046
-781
-759
-1018
-1443
-1765
-1872
-1829
-1911
-2180
-2522
-2879
-3096
-3186
-3243
-3371
-3493
-3572
-3541
-3535
-3668
-4033
-4271
-4134
-3614
-2992
-2606
-2513
-2539
-2410
-2160
-1823
-1511
-1248
-1033
-887
-781
-573
-258
141
573
884
906
657
247
57
465
1382
2215
2355
1694
770
293
610
1418
2164
2265
1757
993
640
1027
1742
2305
2325
1843
944
-123
-1325
-2626
-3448
-3302
-2326
-1303
-1366
-2866
-4856
-5735
-4849
-2816
-1313
-1647
-3319
-4875
-4729
-2696
-373
597
-292
-1855
-2182
-518
2339
4513
5098
4381
3585
3884
5241
6603
6968
6216
5289
5078
5746
6678
7006
6421
5333
4517
4202
4186
4005
3407
2713
2324
2367
2507
2334
1710
861
139
-126
-25
35
-173
-604
-994
-968
-607
-300
-246
-484
-883
-1189
-1358
-1445
-1506
-1598
-1817
-2031
-2358
-2860
-3350
-3797
-3822
-3428
-2972
-2771
-2928
-3309
-3614
-3680
-3540
-3346
-3278
-3371
-3504
-3548
-3457
-3185
-2852
-2504
-2242
-2164
-2212
-2147
-1785
-1213
-600
-176
-62
-169
-252
30
664
1345
1645
1310
760
482
804
1583
2251
2444
2155
1634
1349
1470
1800
2044
2020
1795
1493
1251
1130
1042
1069
1166
1225
1034
339
-837
-2294
-3300
-3341
-2456
-1427
-1302
-2485
-4339
-5568
-5229
-3709
-2296
-2187
-3453
-4681
-4513
-2614
-390
624
8
-1349
-1760
-480
1907
3923
4539
3921
3195
3443
4696
6040
6533
6064
5408
5210
5709
6386
6611
6200
5439
4807
4555
4436
4185
3577
2817
2243
2136
2443
2679
2631
1997
1089
289
-197
-339
-316
-291
-375
-642
-927
-1111
-1144
-1077
-1128
-1360
-1667
-1952
-2102
-2057
-1840
-1628
-1723
-2061
-2658
-3177
-3391
-3248
-2956
-2814
-2908
-3194
-3434
-3587
-3571
-3511
-3526
-3597
-3703
-3656
-3459
-3115
-2639
-2265
-2020
-2097
-2314
-2421
-2188
-1563
-901
-425
-311
-427
-452
-155
449
990
1340
1317
1042
724
613
833
1276
1718
1994
1987
1617
1223
1016
1103
1473
1811
1866
1684
1391
1147
1090
1240
1415
1434
1265
949
460
-328
-1553
-2754
-3266
-2915
-2015
-1559
-2169
-3614
-4774
-4810
-3608
-2247
-1850
-2623
-3657
-3884
-2773
-1170
-278
-642
-1608
-1758
-524
1810
3814
4589
4139
3418
3525
4558
5940
6732
6449
5596
5014
5310
6129
6789
6687
5933
5017
4329
3961
3728
3397
2870
2441
2155
2157
2199
1919
1393
814
346
67
-148
-493
-774
-960
-1085
-1070
-1036
-1016
-1105
-1206
-1387
-1554
-1785
-2022
-2127
-2076
-1885
-1880
-2135
-2596
-3034
-3180
-3062
-2951
-3038
-3244
-3490
-3665
-3612
-3417
-3213
-3142
-3355
-3713
-3881
-3637
-3050
-2466
-2026
-1964
-2172
-2342
-2243
-1841
-1372
-932
-715
-625
-461
-223
135
487
731
831
826
835
926
1119
1360
1524
1607
1607
1578
1630
1749
1868
1950
1949
1733
1440
1320
1431
1641
1718
1677
1329
1052
942
920
1072
1171
841
14
-1273
-2529
-3108
-2805
-2016
-1502
-1870
-3178
-4454
-4890
-4147
-2876
-2170
-2522
-3394
-3874
-3254
-1883
-750
-479
-919
-1185
-538
1003
2648
3616
3709
3433
3606
4404
5394
5974
5825
5306
5029
5299
5878
6286
6232
5637
4936
4393
4029
3778
3381
2787
2183
1818
1703
1720
1688
1511
1204
703
111
-402
-692
-754
-608
-427
-455
-666
-975
-1226
-1315
-1322
-1261
-1358
-1681
-1901
-2015
-1994
-2022
-2182
-2300
-2456
-2680
-2957
-3176
-3228
-3049
-2806
-2717
-2906
-3358
-3730
-3836
-3596
-3231
-2997
-3019
-3096
-3083
-2684
-2140
-1785
-1648
-1753
-1800
-1668
-1289
-824
-396
-173
-27
188
436
710
845
930
1035
1185
1215
1159
1119
1088
1152
1285
1478
1574
1541
1405
1164
1127
1242
1319
1346
1220
1002
807
757
988
1315
1553
1532
1356
1129
972
764
274
-703
-2058
-3102
-3437
-2959
-2222
-1866
-2430
-3542
-4325
-4176
-3262
-2434
-2475
-3261
-3939
-3655
-2232
-770
-48
-404
-1065
-1050
87
1971
3458
4006
3792
3549
3952
4867
5670
5848
5388
4922
4877
5304
5896
6056
5686
4997
4238
3747
3518
3364
3213
2958
2711
2460
2074
1650
1255
1051
958
814
418
-148
-608
-713
-609
-441
-449
-811
-1122
-1293
-1280
-1212
-1246
-1397
-1603
-1682
-1702
-1723
-1889
-2218
-2546
-2828
-2978
-3113
-3242
-3279
-3248
-3159
-3103
-3255
-3545
-3724
-3752
-3521
-3176
-2953
-2825
-2768
-2662
-2492
-2344
-2191
-2101
-1928
-1677
-1383
-1016
-720
-512
-397
-255
46
251
373
365
406
675
1069
1429
1577
1580
1423
1317
1419
1598
1741
1764
1630
1424
1351
1353
1366
1378
1246
1116
1077
1160
1277
1359
1310
1199
1079
1056
1007
968
857
343
-502
-1698
-2772
-3272
-2970
-2345
-2024
-2457
-3491
-4297
-4457
-3778
-2913
-2633
-2979
-3406
-3327
-2457
-1296
-618
-616
-982
-940
28
1710
3239
4006
3989
3755
3906
4531
5297
5835
5901
5782
5583
5429
5379
5255
5191
5018
4769
4376
3838
3373
2977
2810
2690
2409
1929
1358
962
987
1170
1189
823
26
-714
-1054
-901
-598
-395
-555
-957
-1217
-1302
-1228
-1243
-1405
-1634
-1904
-2012
-1976
-2025
-2203
-2600
-3071
-3375
-3521
-3504
-3428
-3333
-3189
-3127
-3202
-3440
-3660
-3589
-3419
-3191
-3071
-3204
-3233
-3105
-2766
-2399
-2148
-2002
-1975
-1774
-1397
-899
-537
-344
-214
-40
403
914
1276
1395
1335
1271
1336
1422
1527
1500
1465
1378
1271
1238
1236
1297
1367
1499
1622
1697
1637
1556
1496
1549
1612
1511
1345
1152
967
932
1015
1123
1122
967
710
566
516
231
-497
-1721
-3006
-3673
-3562
-2925
-2300
-2326
-3043
-3917
-4294
-3933
-3083
-2554
-2614
-2888
-2996
-2459
-1618
-948
-661
-760
-664
-32
1044
1992
2633
2907
3011
3418
4181
4784
5089
4954
4614
4487
4688
5107
5397
5515
5319
4946
4455
3914
3492
3182
3024
2919
2800
2509
2074
1658
1348
1270
1196
877
297
-302
-639
-519
-262
-265
-660
-1160
-1511
-1565
-1418
-1395
-1560
-1894
-2159
-2183
-2040
-1978
-2076
-2340
-2692
-2930
-3084
-3095
-3053
-2979
-2910
-2827
-2756
-2752
-2747
-2739
-2693
-2685
-2731
-2879
-2927
-2776
-2438
-2041
-1781
-1743
-1828
-1780
-1503
-1129
-818
-692
-658
-616
-357
128
561
785
795
752
750
871
1149
1387
1480
1466
1416
1352
1390
1535
1635
1601
1527
1489
1510
1540
1551
1479
1387
1172
947
831
840
917
851
609
289
64
-1
151
410
597
558
114
-748
-1849
-2928
-3433
-3276
-2708
-2160
-2165
-2789
-3484
-3812
-3461
-2718
-2116
-2036
-2350
-2587
-2356
-1563
-735
-287
-327
-545
-407
380
1497
2527
3160
3386
3517
3898
4360
4817
5040
5006
4939
5022
5302
5532
5626
5466
5122
4607
4063
3557
3194
3079
3062
2972
2700
2160
1622
1275
1162
1163
967
489
-219
-717
-838
-732
-497
-485
-810
-1212
-1530
-1636
-1611
-1629
-1784
-2021
-2244
-2422
-2414
-2394
-2443
-2522
-2765
-3082
-3357
-3526
-3574
-3489
-3349
-3260
-3187
-3129
-2979
-2820
-2678
-2588
-2618
-2649
-2640
-2457
-2079
-1801
-1706
-1692
-1636
-1382
-1003
-664
-572
-569
-542
-344
62
386
701
877
878
804
805
954
1280
1632
1803
1674
1369
1181
1183
1360
1572
1735
1784
1611
1371
1107
1029
1072
1098
1115
985
807
532
305
168
194
309
387
348
159
-55
-159
-80
5
83
-266
-1021
-2017
-2856
-3091
-2869
-2437
-2149
-2225
-2594
-2939
-3119
-2975
-2705
-2531
-2505
-2411
-2105
-1527
-906
-478
-304
-281
-50
510
1264
2040
2746
3332
3744
4115
4479
4673
4764
4767
4809
4878
4911
5059
5232
5369
5328
5095
4686
4121
3675
3328
3169
2993
2652
2188
1697
1292
1048
993
970
794
436
-33
-474
-751
-729
-643
-662
-797
-1032
-1285
-1455
-1684
-1977
-2249
-2381
-2354
-2229
-2071
-2120
-2395
-2732
-2990
-3094
-3103
-3082
-3201
-3349
-3492
-3578
-3556
-3557
-3533
-3413
-3269
-3131
-3004
-2903
-2752
-2507
-2209
-1969
-1858
-1747
-1625
-1480
-1218
-858
-532
-282
-101
13
169
322
530
733
930
1058
1189
1366
1550
1712
1773
1788
1686
1616
1490
1393
1358
1393
1507
1548
1503
1375
1228
1120
1070
968
830
696
588
460
378
222
93
7
3
133
221
340
341
382
356
188
-262
-888
-1606
-2049
-2217
-2156
-2050
-2179
-2494
-2875
-3044
-3025
-2857
-2737
-2803
-2832
-2631
-2180
-1462
-832
-427
-217
-136
81
432
881
1389
1908
2433
2915
3354
3746
4216
4604
4908
5126
5093
4956
4766
4635
4592
4559
4508
4345
4048
3731
3394
3170
2918
2574
2148
1802
1606
1584
1539
1399
1129
621
88
-342
-473
-391
-264
-264
-445
-756
-1189
-1522
-1674
-1762
-1860
-1974
-2087
-2072
-1981
-2082
-2284
-2668
-3100
-3395
-3440
-3418
-3304
-3122
-3004
-2903
-3000
-3131
-3259
-3280
-3228
-3012
-2868
-2721
-2596
-2443
-2195
-1943
-1713
-1665
-1617
-1629
-1520
-1275
-1070
-743
-315
33
299
381
426
476
641
881
1104
1342
1506
1527
1533
1490
1373
1278
1182
1170
1210
1372
1526
1528
1388
1236
1130
1012
965
911
841
735
575
467
400
204
-82
-350
-469
-304
-64
153
229
167
30
-47
-62
-44
-223
-696
-1402
-2029
-2206
-1975
-1635
-1636
-2010
-2432
-2676
-2661
-2467
-2408
-2476
-2510
-2226
-1711
-1180
-755
-598
-419
-94
391
956
1352
1603
1901
2327
2822
3324
3654
3908
4142
4367
4614
4792
4832
4837
4846
4785
4658
4435
4113
3742
3517
3270
3101
2905
2631
2443
2388
2476
2570
2410
1928
1310
731
325
100
-66
-383
-669
-951
-1076
-1093
-1208
-1450
-1747
-1968
-2153
-2306
-2425
-2549
-2570
-2546
-2643
-2843
-3097
-3232
-3230
-3118
-2979
-3027
-3195
-3448
-3504
-3275
-2980
-2777
-2723
-2753
-2789
-2711
-2590
-2480
-2491
-2496
-2273
-2053
-1846
-1666
-1532
-1349
-1143
-890
-651
-446
-278
14
308
615
838
924
1010
1035
1064
1151
1174
1177
1201
1230
1272
1282
1315
1363
1352
1392
1438
1335
1116
948
812
811
870
897
867
787
716
591
401
122
-150
-402
-395
-195
84
219
181
147
139
158
233
191
16
-56
-183
-354
-678
-1086
-1409
-1524
-1423
-1315
-1415
-1671
-1863
-1824
-1386
-961
-855
-1053
-1301
-1462
-1232
-772
-320
-17
90
308
674
1035
1464
1759
2007
2352
2727
3147
3438
3559
3620
3791
4026
4135
4118
3907
3670
3567
3545
3572
3578
3344
3052
2729
2439
2289
2135
2012
1842
1767
1549
1269
892
497
257
114
-23
-314
-730
-1073
-1245
-1322
-1317
-1391
-1553
-1689
-1755
-1870
-2028
-2271
-2479
-2572
-2569
-2510
-2577
-2790
-3030
-3198
-3210
-3061
-2972
-2903
-2902
-2865
-2781
-2638
-2512
-2520
-2627
-2690
-2672
-2604
-2475
-2186
-1821
-1547
-1336
-1309
-1379
-1339
-1126
-806
-461
-241
-153
-75
8
281
616
862
1051
1061
1045
1015
1057
1118
1166
1205
1131
981
836
828
892
1024
1150
1126
1087
1019
930
891
857
760
646
622
602
530
467
351
194
118
48
48
78
117
152
171
229
232
214
152
135
154
205
215
106
-124
-471
-743
-937
-1072
-1045
-893
-812
-830
-1033
-1279
-1408
-1344
-1155
-1000
-868
-897
-907
-753
-511
-86
198
302
326
296
451
722
1134
1509
1686
1749
1792
1975
2268
2630
2884
3087
3294
3461
3600
3608
3499
3346
3183
2999
2964
3021
3024
2987
2824
2579
2286
2019
1817
1654
1606
1454
1224
911
536
265
60
-21
-57
-161
-325
-590
-760
-939
-1078
-1285
-1533
-1796
-2070
-2253
-2358
-2337
-2355
-2346
-2321
-2395
-2501
-2644
-2809
-2945
-3055
-3139
-3175
-3147
-3049
-2989
-2993
-2976
-2991
-2967
-2925
-2843
-2630
-2408
-2189
-2008
-1863
-1773
-1699
-1626
-1442
-1257
-1095
-970
-829
-566
-254
31
182
287
336
447
614
794
975
1078
1125
1175
1208
1206
1225
1242
1174
1104
1127
1175
1205
1163
1082
1022
915
827
745
685
644
610
601
612
624
557
459
329
198
186
283
435
595
550
384
195
70
108
210
368
445
380
346
340
413
373
282
211
85
-86
-248
-352
-308
-154
8
112
-27
-237
-318
-236
-68
118
222
214
166
141
128
99
185
310
448
591
658
668
672
815
1096
1226
1285
1247
1188
1270
1508
1884
2098
2146
2023
1983
2053
2100
2167
2085
2044
1994
1911
1777
1616
1451
1316
1242
1162
1084
977
845
623
356
114
-115
-338
-501
-556
-573
-558
-646
-737
-873
-1029
-1173
-1311
-1346
-1340
-1359
-1432
-1517
-1636
-1784
-1967
-2092
-2195
-2250
-2217
-2183
-2225
-2361
-2443
-2508
-2485
-2375
-2324
-2318
-2365
-2406
-2490
-2517
-2477
-2348
-2160
-1965
-1878
-1852
-1813
-1714
-1537
-1437
-1311
-1165
-1112
-1050
-890
-680
-435
-261
-102
22
79
178
326
429
571
703
850
960
1034
1071
1051
1054
1132
1244
1298
1267
1229
1218
1269
1390
1475
1528
1479
1427
1325
1310
1300
1316
1375
1358
1276
1157
1099
1096
1166
1099
1000
792
720
781
836
816
700
599
535
586
670
792
787
689
474
319
224
256
323
373
400
361
373
314
309
257
135
7
-177
-280
-286
-235
-127
-97
-147
-164
-116
-49
-51
-129
-183
-240
-211
-152
-63
7
67
167
196
196
191
193
109
143
199
345
602
808
934
924
848
746
715
689
764
785
803
700
594
568
698
788
755
617
391
258
169
173
163
128
-74
-279
-439
-502
-494
-520
-557
-634
-697
-855
-1009
-1137
-1240
-1423
-1548
-1553
-1520
-1443
-1485
-1555
-1622
-1689
-1658
-1590
-1572
-1600
-1650
-1703
-1788
-1830
-1727
-1589
-1436
-1351
-1346
-1387
-1398
-1287
-1125
-959
-827
-785
-768
-724
-629
-492
-365
-248
-210
-106
64
235
382
472
449
404
451
599
869
1081
1151
1070
905
765
779
824
867
783
648
595
566
591
653
686
750
884
954
1008
1034
1032
1099
1154
1188
1115
1039
1046
1006
1019
973
926
908
739
535
371
201
133
176
209
170
95
-88
-230
-278
-284
-224
-228
-252
-254
-354
-365
-415
-493
-540
-534
-441
-373
-233
-134
-43
12
-29
-32
2
-4
-44
-97
-262
-434
-539
-542
-413
-281
-191
-197
-182
-72
53
130
112
-26
-227
-341
-239
-4
243
436
563
617
694
870
1061
1163
1211
1303
1408
1497
1547
1578
1654
1766
1831
1896
1901
1902
1878
1735
1573
1456
1324
1163
992
755
513
293
114
-89
-205
-264
-258
-411
-677
-1039
-1418
-1663
-1810
-1847
-1857
-1975
-2140
-2359
-2532
-2559
-2509
-2396
-2340
-2298
-2281
-2240
-2200
-2084
-1979
-1820
-1629
-1503
-1478
-1415
-1388
-1303
-1050
-835
-550
-269
-102
53
141
239
235
171
171
261
477
698
892
991
1071
1076
980
969
993
976
954
854
772
627
529
537
528
566
451
287
88
-92
-292
-433
-465
-498
-550
-633
-675
-731
-749
-781
-778
-741
-575
-360
-248
-158
-255
-289
-208
-85
-68
26
131
177
277
363
477
567
587
666
789
900
1028
1147
1179
1126
1067
953
840
753
764
908
1057
1183
1194
1145
1110
1011
916
771
505
389
446
603
699
746
715
674
641
578
542
416
258
128
131
204
364
486
510
575
621
631
661
567
468
423
383
328
250
92
-35
-124
-281
-398
-454
-513
-604
-673
-694
-736
-795
-800
-713
-641
-654
-748
-884
-896
-761
-701
-661
-743
-862
-825
-802
-712
-697
-852
-1054
-1226
-1307
-1349
-1378
-1410
-1369
-1231
-1081
-1033
-1050
-1108
-1152
-1054
-950
-880
-887
-963
-908
-803
-630
-428
-334
-161
-21
161
339
417
532
615
777
806
731
685
558
518
561
571
618
715
827
971
1113
1264
1478
1800
2096
2250
2268
2149
1946
1801
1732
1667
1498
1277
1159
992
857
740
619
440
181
-142
-425
-636
-702
-710
-704
-700
-780
-931
-1046
-1174
-1270
-1271
-1226
-1181
-1245
-1321
-1385
-1484
-1463
-1351
-1238
-1028
-792
-562
-483
-557
-663
-661
-601
-584
-499
-381
-278
-304
-313
-249
-261
-153
-42
18
4
13
78
148
133
118
61
-21
14
123
372
546
614
473
241
14
-119
-116
-203
-171
-157
-216
-214
-130
1
71
71
62
169
264
450
599
656
802
913
870
787
725
741
889
1110
1370
1504
1425
1275
1198
1224
1286
1356
1418
1410
1366
1229
1074
895
744
717
694
620
472
305
143
26
-83
-146
-153
-98
-90
-131
-163
-55
10
-20
-133
-364
-573
-761
-824
-873
-830
-744
-736
-765
-867
-971
-1095
-1144
-1241
-1339
-1280
-1227
-1177
-1191
-1079
-988
-925
-886
-932
-1016
-1055
-1014
-1032
-1080
-1124
-1231
-1287
-1217
-1130
-1042
-950
-923
-842
-669
-511
-307
-158
53
114
221
308
357
538
658
823
1000
1114
1182
1234
1264
1300
1260
1278
1468
1696
1732
1595
1326
995
758
678
574
496
501
538
510
395
235
67
12
32
45
-2
-38
-71
-95
-150
-177
-238
-403
-605
-778
-849
-826
-794
-825
-893
-885
-823
-824
-832
-661
-392
-73
187
318
386
444
491
521
572
569
472
319
118
7
-75
-135
-171
-256
-227
-209
-129
-28
72
225
187
115
-2
-109
-137
-64
47
66
-35
-203
-335
-360
-266
-140
17
86
62
9
-63
-207
-286
-365
-295
-147
23
112
121
81
79
136
234
348
373
346
295
321
319
333
362
439
463
461
327
86
-77
-88
-17
12
85
55
-63
-93
-166
-175
-161
-262
-297
-275
-192
-62
30
166
307
365
327
181
95
85
78
134
161
223
239
235
195
135
164
243
450
595
630
558
356
108
-50
-113
-72
3
52
59
-5
-52
-104
-50
19
37
30
8
65
56
60
48
4
-44
-71
-59
36
139
217
193
110
106
113
211
267
184
37
-130
-310
-387
-411
-464
-601
-897
-1213
-1458
-1569
-1526
-1437
-1282
-1210
-1194
-1030
-894
-753
-663
-705
-854
-911
-846
-749
-557
-393
-251
-183
-133
34
305
552
799
947
1061
1142
1153
1203
1050
912
847
918
1106
1424
1799
2087
2131
1981
1665
1305
1022
823
723
585
413
169
-37
-310
-504
-597
-720
-777
-837
-778
-717
-709
-768
-919
-1052
-1163
-1251
-1241
-1181
-1162
-1131
-1092
-905
-671
-533
-534
-565
-599
-508
-242
2
175
357
556
638
610
455
278
237
242
336
413
373
332
204
109
136
200
287
395
470
664
797
986
1170
1214
1100
811
583
428
407
470
489
324
64
-242
-524
-656
-602
-515
-514
-654
-777
-827
-840
-857
-882
-901
-867
-744
-565
-282
-111
30
174
262
265
211
148
145
166
302
450
607
602
410
242
99
-28
-144
-103
97
328
471
496
307
91
-123
-338
-468
-661
-738
-790
-713
-473
-283
-140
-36
56
181
420
607
738
749
746
770
764
869
923
881
771
630
477
285
171
54
37
-41
-145
-191
-229
-257
-288
-226
-250
-300
-458
-634
-877
-1241
-1466
-1621
-1478
-1227
-940
-723
-610
-526
-434
-336
-222
-96
39
116
124
141
135
246
452
677
867
978
980
876
662
365
97
-105
-129
-7
232
456
576
587
486
336
296
399
526
633
725
795
708
632
615
700
819
953
988
964
937
805
676
480
291
97
-17
-130
-185
-355
-553
-738
-1001
-1116
-1181
-1204
-1210
-1166
-1149
-1151
-1063
-1020
-946
-953
-1030
-1054
-1062
-1037
-1049
-1046
-1105
-1136
-1054
-956
-815
-769
-693
-773
-897
-971
-837
-578
-363
-152
-102
80
220
306
300
212
152
232
429
595
731
829
919
893
918
1000
1044
1095
1004
935
839
802
786
633
568
512
458
431
462
517
562
578
567
500
370
309
276
222
274
412
556
671
739
744
685
641
612
617
621
761
843
905
897
671
386
159
59
85
71
-9
-188
-411
-607
-765
-684
-629
-557
-434
-395
-301
-355
-407
-565
-748
-873
-886
-764
-711
-801
-913
-990
-966
-680
-339
-101
52
84
104
177
320
419
504
545
526
568
629
577
513
394
286
287
331
385
392
250
-1
-221
-464
-497
-563
-721
-872
-879
-774
-637
-526
-434
-400
-383
-404
-532
-580
-586
-490
-334
-308
-340
-401
-429
-405
-382
-236
-137
-77
-40
-74
-148
-212
-277
-320
-268
-219
-75
34
37
-19
-31
16
161
367
419
307
159
85
74
174
338
406
326
182
-76
-380
-554
-645
-616
-585
-533
-558
-583
-579
-499
-442
-409
-287
-213
-171
-75
-15
-14
21
20
146
312
499
700
877
985
1050
1086
1128
1192
1311
1473
1601
1656
1636
1592
1549
1650
1762
1769
1595
1267
883
521
346
276
196
71
-121
-266
-362
-462
-457
-432
-397
-379
-459
-425
-392
-315
-223
-227
-378
-565
-662
-664
-684
-666
-678
-746
-764
-760
-751
-670
-714
-852
-1027
-1247
-1257
-1169
-1013
-803
-635
-606
-644
-697
-814
-934
-991
-1044
-1111
-1076
-828
-522
-307
-170
-81
-52
106
336
538
687
731
569
351
180
84
159
319
494
572
568
484
415
467
580
573
487
373
322
349
498
686
893
1249
1611
1942
1967
1831
1542
1224
996
848
844
974
1139
1119
914
674
461
319
360
258
28
-203
-341
-420
-417
-492
-538
-488
-448
-356
-366
-458
-587
-740
-880
-978
-1081
-1124
-1184
-1170
-1079
-1007
-899
-859
-842
-824
-775
-654
-654
-660
-705
-671
-488
-347
-164
-51
-30
-54
-81
-225
-353
-469
-491
-491
-530
-463
-379
-348
-424
-540
-679
-820
-844
-702
-400
-112
192
391
356
215
158
180
253
479
727
1019
1209
1264
1198
1152
1073
1013
884
716
592
518
503
415
272
36
-215
-408
-559
-710
-745
-703
-630
-457
-236
-68
-54
-14
-34
-83
-136
-182
-269
-367
-422
-332
-147
15
180
276
418
486
488
547
629
692
754
737
732
725
768
885
997
1134
1150
1076
879
654
503
396
437
513
633
713
715
792
850
861
789
647
545
537
522
425
302
96
-82
-228
-348
-538
-669
-786
-871
-904
-881
-844
-867
-963
-1177
-1399
-1525
-1542
-1588
-1666
-1748
-1751
-1624
-1447
-1243
-1185
-1120
-1043
-1012
-945
-855
-649
-322
160
617
967
1117
1114
1115
1110
1065
958
716
492
305
179
65
-32
-147
-283
-353
-334
-321
-409
-537
-613
-543
-342
-130
206
539
847
971
803
628
449
326
292
350
318
277
149
-35
-72
-43
12
98
61
-154
-334
-566
-728
-857
-809
-685
-558
-543
-575
-565
-547
-410
-279
-135
-130
-244
-450
-721
-934
-1141
-1219
-1203
-1089
-858
-497
-199
-108
-145
-220
-127
153
588
1087
1513
1858
2087
2250
2305
2325
2287
2236
2201
2180
2198
2180
2202
2099
1953
1760
1513
1320
1128
1011
798
575
347
-3
-259
-329
-250
-145
16
36
-147
-322
-508
-753
-923
-1012
-1057
-1108
-1205
-1228
-1276
-1355
-1355
-1253
-1123
-1089
-993
-847
-680
-534
-491
-444
-467
-520
-566
-615
-670
-760
-701
-543
-279
-39
-73
-215
-450
-684
-874
-905
-817
-683
-464
-364
-388
-361
-384
-544
-658
-783
-849
-872
-945
-893
-836
-652
-386
-141
103
334
583
710
722
701
654
724
1003
1334
1580
1701
1575
1282
911
625
437
246
42
-215
-499
-737
-755
-696
-659
-634
-641
-646
-667
-555
-549
-586
-629
-542
-311
-31
359
636
827
917
1001
1100
1221
1314
1318
1276
1264
1226
1173
1131
1121
1145
1073
1060
1015
1033
1012
827
663
459
291
141
-18
-153
-248
-420
-658
-876
-983
-1014
-940
-847
-734
-597
-535
-470
-358
-224
-276
-303
-318
-297
-174
-140
-126
-192
-211
-237
-246
-287
-374
-447
-560
-723
-914
-1039
-1186
-1267
-1467
-1599
-1613
-1533
-1260
-1028
-833
-777
-717
-781
-666
-543
-366
-112
53
204
304
466
686
898
1013
1003
878
824
721
686
685
674
766
825
891
1000
1133
1265
1311
1295
1286
1315
1376
1462
1521
1470
1177
949
720
628
600
536
492
385
347
292
258
260
187
152
127
26
69
109
89
56
-101
-244
-313
-288
-318
-419
-539
-665
-770
-980
-1074
-1128
-1219
-1211
-1253
-1272
-1272
-1212
-1194
-1123
-1096
-1069
-1058
-1057
-977
-938
-809
-703
-634
-574
-473
-424
-295
-279
-306
-309
-352
-433
-407
-375
-353
-318
-306
-226
-270
-273
-276
-330
-328
-386
-354
-258
-124
116
382
646
922
1126
1270
1405
1508
1547
1503
1523
1472
1471
1353
1211
1123
1084
1058
981
971
910
923
904
961
967
923
762
500
286
107
22
-24
-134
-302
-482
-596
-573
-575
-577
-527
-564
-628
-692
-708
-643
-613
-584
-678
-843
-1092
-1323
-1452
-1471
-1416
-1476
-1601
-1704
-1665
-1439
-1200
-940
-781
-706
-552
-365
-62
177
390
615
837
1076
1263
1387
1492
1608
1599
1584
1445
1213
1007
816
695
723
739
745
803
864
937
1024
976
747
606
539
580
606
448
205
-56
-280
-339
-370
-412
-502
-623
-762
-854
-855
-748
-653
-584
-545
-561
-496
-546
-605
-690
-867
-978
-1101
-1151
-1135
-1012
-870
-785
-812
-891
-889
-793
-602
-370
-80
42
59
126
222
312
429
544
590
609
621
720
880
1024
973
891
727
563
437
324
270
258
142
20
-42
8
137
167
155
62
34
70
142
251
426
389
304
275
339
489
621
671
533
416
230
81
15
-1
30
99
125
169
180
112
147
85
8
-9
-94
-159
-210
-246
-246
-230
-296
-470
-584
-696
-696
-715
-786
-842
-795
-624
-526
-549
-642
-683
-728
-654
-539
-344
-252
-296
-419
-507
-474
-245
-47
117
163
97
43
-25
106
198
361
549
670
846
932
797
623
434
340
350
331
249
100
16
-26
64
225
207
34
-141
-261
-321
-301
-261
-235
-197
-179
-123
-53
32
155
246
284
212
195
182
242
279
381
508
546
616
651
653
601
498
412
399
360
407
489
581
581
526
408
185
121
131
163
209
223
186
44
-103
-223
-340
-438
-483
-555
-536
-563
-538
-466
-462
-471
-637
-764
-850
-963
-1073
-1201
-1353
-1362
-1292
-1241
-1250
-1262
-1259
-1161
-931
-663
-471
-471
-550
-469
-288
-81
217
423
591
791
884
974
1031
1069
1110
1066
1055
969
848
867
863
810
820
826
823
764
735
720
666
640
576
486
319
156
-19
-203
-368
-537
-687
-771
-715
-507
-183
136
436
644
739
738
617
388
183
10
-71
-136
-170
-180
-233
-278
-336
-356
-304
-195
-12
131
255
240
154
-87
-369
-611
-812
-854
-898
-803
-658
-487
-275
-120
-35
-16
-46
-39
-21
-5
-75
-62
-26
-49
-89
-230
-368
-420
-373
-228
-68
34
170
212
236
240
229
150
169
239
301
381
434
419
231
152
82
88
135
12
-151
-356
-474
-571
-528
-420
-350
-353
-410
-331
-261
-131
-12
-78
-140
-284
-329
-274
-203
-45
72
126
131
153
164
197
378
487
540
556
532
476
542
658
772
768
630
432
213
-8
-119
-124
-98
-14
-39
-149
-261
-308
-294
-230
-189
-160
-69
-11
3
4
81
268
497
639
639
456
309
207
97
20
7
72
132
209
283
346
411
377
302
176
91
152
143
82
-34
-175
-235
-174
-7
174
298
169
-2
-276
-488
-588
-603
-550
-518
-445
-476
-545
-565
-587
-670
-716
-717
-722
-684
-681
-606
-531
-463
-358
-285
-260
-320
-194
-113
-25
69
135
134
76
87
157
277
372
510
670
764
754
592
422
249
57
-82
-106
-26
101
240
383
303
114
-57
-235
-238
-220
-185
-145
-61
-30
37
85
172
211
258
169
-6
-193
-304
-262
-123
9
24
-57
-155
-143
-82
95
230
303
410
433
467
528
531
584
714
853
979
929
808
711
617
545
519
418
262
206
97
-62
-199
-360
-431
-411
-365
-298
-280
-283
-386
-581
-768
-944
-1022
-972
-898
-825
-883
-1005
-1084
-984
-761
-523
-344
-378
-455
-519
-543
-515
-367
-248
-193
-222
-333
-193
111
374
475
441
339
292
405
487
546
520
549
619
581
472
384
421
468
535
478
326
143
61
-12
-73
-15
46
85
156
236
197
173
204
222
269
268
192
169
203
273
429
562
717
806
785
676
529
371
217
125
86
-104
-230
-226
-137
-40
-80
-217
-487
-749
-875
-813
-694
-627
-624
-718
-828
-962
-1014
-1020
-925
-714
-540
-401
-417
-459
-389
-223
-145
-173
-144
-90
83
258
454
524
560
509
539
707
877
1050
1217
1341
1383
1388
1357
1303
1254
1197
960
637
271
-115
-423
-703
-986
-1259
-1484
-1595
-1605
-1514
-1306
-1037
-824
-613
-569
-550
-405
-199
-10
78
75
27
-1
-17
35
84
245
381
530
559
443
327
201
186
241
340
393
369
332
381
415
335
202
112
70
89
157
237
213
102
-88
-203
-140
-22
39
62
48
91
262
267
346
390
411
375
239
73
-154
-281
-309
-194
-197
-322
-490
-585
-518
-349
-276
-265
-336
-511
-636
-779
-818
-769
-702
-659
-620
-564
-628
-691
-687
-599
-503
-356
-254
-176
-156
-131
-47
30
120
124
130
153
193
219
288
356
390
528
745
891
971
928
831
768
800
809
809
821
811
843
893
879
848
752
572
367
181
100
164
264
328
394
333
227
85
78
116
142
178
233
198
122
39
53
43
20
78
81
45
-42
-213
-414
-613
-784
-811
-743
-702
-768
-850
-796
-761
-699
-647
-587
-520
-485
-455
-501
-503
-424
-273
-59
73
152
148
144
82
-30
-109
-189
-197
-182
-134
-21
11
97
59
-88
-262
-383
-358
-347
-280
-310
-467
-657
-759
-764
-642
-544
-472
-388
-332
-242
-93
161
348
501
540
514
460
463
457
395
448
448
457
516
574
655
676
684
746
762
806
857
842
956
1031
1022
1065
977
828
664
450
286
143
13
-67
-110
-226
-274
-342
-406
-452
-422
-374
-391
-364
-394
-473
-611
-723
-747
-680
-598
-575
-630
-712
-862
-918
-989
-1045
-1058
-1068
-1104
-1103
-988
-759
-522
-348
-304
-341
-403
-438
-477
-479
-409
-288
-113
-26
11
24
30
70
126
273
414
533
648
666
807
946
1098
1097
1048
995
995
1091
1234
1262
1171
1040
875
796
729
738
756
836
884
896
866
773
634
461
321
269
176
43
-97
-208
-139
43
207
252
113
-54
-279
-420
-484
-534
-536
-554
-545
-520
-429
-358
-443
-542
-580
-595
-501
-303
-20
97
8
-110
-111
36
269
455
452
409
191
-70
-227
-352
-330
-321
-352
-327
-325
-267
-209
-180
-165
-201
-291
-551
-783
-938
-959
-845
-720
-586
-428
-263
-166
-125
-166
-267
-304
-324
-237
-116
-7
58
-2
-65
-215
-281
-263
-163
29
172
173
185
125
67
77
16
-3
79
87
22
-25
-133
-96
-127
-163
-171
-141
-96
-127
-137
-228
-316
-399
-333
-216
-153
-60
-1
40
132
205
274
344
404
398
346
357
409
590
707
886
998
1028
1023
859
595
266
79
25
75
210
244
224
165
183
166
27
-31
-74
-44
41
53
38
33
-36
-18
-38
-93
-203
-324
-358
-349
-333
-463
-571
-599
-456
-238
-182
-251
-358
-403
-331
-196
-116
30
110
175
299
408
423
443
505
584
641
646
653
559
449
374
369
401
459
482
431
273
127
47
61
180
252
301
291
253
264
224
175
155
99
113
147
211
227
135
-21
-168
-201
-140
-82
-128
-259
-391
-471
-577
-634
-755
-867
-928
-891
-818
-802
-800
-866
-894
-876
-853
-826
-805
-767
-650
-501
-309
-177
-97
-86
-111
-145
-167
-251
-361
-417
-394
-324
-231
-185
-156
-43
-1
113
357
541
621
576
375
163
51
17
21
149
248
442
611
642
623
596
585
591
556
508
534
491
564
709
865
849
847
778
647
603
467
324
205
170
243
276
287
134
-61
-225
-353
-451
-553
-458
-310
-152
-110
-102
-214
-318
-350
-304
-189
-254
-350
-403
-415
-427
-390
-428
-551
-662
-712
-719
-646
-601
-523
-386
-259
-91
66
191
184
177
206
299
387
502
614
745
765
637
468
340
337
458
708
900
912
846
672
565
519
509
493
361
209
116
84
77
-4
-122
-287
-405
-466
-429
-428
-453
-526
-672
-744
-871
-873
-825
-788
-795
-766
-782
-827
-778
-769
-723
-623
-561
-660
-666
-612
-528
-463
-350
-314
-282
-181
-112
-79
18
73
-19
-146
-240
-224
-86
195
360
446
431
355
299
282
332
416
520
524
476
462
435
469
529
499
443
433
470
558
620
601
590
526
484
424
370
301
186
81
26
2
87
245
389
516
583
631
727
942
1149
1299
1199
1007
845
663
517
372
240
100
-59
-175
-273
-337
-339
-297
-384
-484
-618
-751
-705
-638
-537
-538
-601
-630
-606
-532
-344
-118
55
192
303
402
460
415
338
254
88
-19
-99
-323
-493
-634
-804
-924
-960
-898
-1016
-1180
-1292
-1320
-1266
-1221
-1136
-1116
-1053
-983
-866
-733
-539
-399
-339
-429
-538
-550
-524
-428
-358
-237
-120
-26
-28
-156
-231
-201
-28
133
251
434
611
681
687
745
750
747
672
586
540
681
789
915
962
908
829
799
781
748
732
607
617
706
892
959
930
768
540
401
435
545
663
680
577
427
274
256
311
349
390
432
435
423
359
203
50
-14
24
13
-33
-94
-220
-309
-341
-416
-555
-737
-875
-941
-967
-865
-853
-815
-780
-783
-748
-771
-804
-800
-737
-603
-496
-439
-358
-329
-317
-288
-324
-393
-353
-343
-385
-304
-311
-218
-193
-126
7
17
63
114
209
296
339
419
428
434
553
610
681
692
571
416
253
163
102
76
38
-47
-44
-44
-21
30
138
292
500
614
593
535
371
246
202
214
348
445
567
600
533
491
347
223
50
-218
-388
-348
-280
-212
-161
-221
-341
-473
-598
-571
-513
-402
-328
-340
-417
-430
-380
-361
-381
-435
-351
-285
-170
-14
27
60
83
64
47
71
76
5
-28
-86
-112
-127
-107
-48
-29
-64
-63
-29
-15
-9
-48
-90
-124
-101
-79
20
105
151
82
-16
-86
-1
190
221
267
155
53
-48
-39
-62
-203
-333
-428
-391
-237
-55
34
52
21
25
80
215
288
314
331
326
309
308
251
203
179
13
-95
-129
-65
-39
64
210
350
528
562
530
416
295
245
199
332
369
430
477
354
271
177
102
-13
-93
-268
-336
-297
-196
-56
25
25
-34
-57
-145
-202
-130
-119
-75
-1
40
14
-66
-226
-354
-342
-243
-106
-52
-90
-240
-390
-495
-711
-812
-789
-730
-569
-413
-212
-24
95
189
223
240
128
32
-16
-17
126
294
466
521
538
549
455
339
184
107
73
76
70
69
107
43
-43
-144
-215
-174
-80
-120
-140
-164
-132
69
237
326
258
-37
-278
-319
-206
-42
65
90
-4
-46
-99
-107
-106
-82
-174
-301
-382
-552
-604
-654
-619
-470
-389
-308
-250
-126
-19
65
52
30
-27
-47
-5
15
105
212
280
317
288
149
39
37
239
432
618
744
655
501
374
304
347
425
525
519
391
201
27
-11
-57
-30
56
93
175
115
-4
-116
-241
-348
-344
-234
-168
-105
-85
-71
-76
-46
9
-11
-31
-85
-108
-121
-35
70
64
94
52
113
145
193
291
286
161
141
200
274
337
301
140
-17
-53
-51
76
70
63
20
-82
-164
-215
-164
-105
-106
-150
-158
-235
-299
-292
-367
-391
-461
-491
-424
-288
-103
17
86
105
82
88
-47
-235
-291
-277
-162
-34
5
9
4
5
40
-30
-58
-28
-24
-60
-168
-134
-31
134
231
141
62
-75
-59
-70
-17
62
64
74
-42
-116
-162
-172
-138
-93
-79
-45
-92
-128
-97
-153
-140
-118
-71
17
18
110
96
59
-30
-57
-12
-30
61
63
15
13
-24
-2
79
153
233
302
264
163
95
95
121
168
253
273
204
78
42
82
158
240
197
93
1
44
155
317
434
412
350
177
22
-46
-4
81
46
47
-15
-30
-62
-148
-211
-234
-221
-171
-108
-93
-114
-70
19
218
317
281
72
-152
-310
-386
-331
-244
-125
-53
-34
-85
-215
-270
-335
-329
-296
-340
-293
-294
-219
-48
120
131
118
75
17
56
224
344
367
321
217
150
86
65
67
65
147
154
210
292
325
395
376
239
115
15
-65
-163
-247
-303
-262
-136
60
193
213
150
-2
-88
-169
-175
-160
-44
108
152
90
-101
-276
-323
-354
-239
-148
-87
-46
-78
-60
-13
-14
93
131
92
76
137
302
392
450
398
160
-84
-229
-346
-281
-102
43
46
-23
-104
-133
-99
-42
-25
-2
44
3
23
24
-31
-106
-261
-383
-485
-525
-588
-618
-591
-608
-619
-642
-692
-708
-693
-603
-516
-345
-317
-231
-206
-260
-220
-204
-65
-6
110
133
116
136
281
496
676
808
761
689
729
775
921
1019
985
816
673
698
855
1038
1097
1019
873
729
613
569
541
526
552
465
363
269
99
51
51
12
48
64
-56
-140
-226
-353
-370
-373
-364
-445
-625
-747
-793
-770
-736
-699
-728
-791
-846
-784
-747
-633
-597
-527
-482
-507
-461
-392
-344
-411
-467
-539
-492
-441
-348
-266
-137
94
259
382
369
297
167
55
90
160
219
188
156
65
42
6
86
162
208
242
281
350
360
318
252
179
145
105
103
176
234
258
281
296
285
214
104
-20
-163
-280
-262
-196
-55
113
245
301
239
257
167
134
35
12
85
156
270
297
256
194
136
115
121
154
121
16
-33
-204
-310
-291
-291
-263
-215
-185
-70
-7
68
92
-35
-229
-404
-362
-223
-64
7
6
-47
-12
7
-8
29
-37
-37
-51
-73
-36
-25
14
36
122
206
243
214
129
-59
-182
-226
-213
-28
136
310
340
301
233
25
-204
-277
-237
-188
-126
-142
-147
-192
-216
-114
41
124
100
50
11
-116
-138
-44
-5
-52
-74
-56
89
187
245
196
-9
-257
-470
-614
-642
-448
-164
144
237
217
168
83
147
268
324
261
75
-99
-121
-69
116
273
355
276
96
28
65
216
265
300
198
-23
-204
-195
-96
-12
93
64
33
55
95
148
70
-127
-301
-330
-301
-142
-96
-69
-86
-216
-298
-364
-304
-155
65
92
-21
-202
-380
-273
-134
40
31
-45
-23
-20
161
262
254
293
248
258
244
157
110
62
28
-7
-74
-81
52
242
429
505
464
444
334
214
105
88
137
225
278
273
187
37
-114
-192
-152
-75
112
199
219
170
56
-9
44
161
254
236
159
19
-76
-144
-214
-190
-72
-50
-106
-215
-269
-314
-425
-500
-598
-626
-563
-500
-496
-508
-418
-274
-196
-126
-217
-306
-382
-422
-320
-173
-43
-10
42
25
-27
-51
-98
-146
-188
-223
-190
-91
89
191
193
162
178
242
298
276
244
173
114
166
228
281
241
97
-51
-21
6
32
14
-36
16
31
153
276
299
266
140
54
29
72
174
242
317
317
238
166
154
160
285
364
379
327
210
139
42
31
60
60
13
-8
31
33
50
77
99
122
182
222
225
176
83
-32
-24
29
80
51
-51
-101
-143
-122
-80
-132
-160
-235
-302
-306
-291
-347
-378
-351
-368
-341
-331
-324
-349
-378
-455
-458
-462
-327
-180
-145
-111
-153
-172
-128
-92
-84
-127
-222
-237
-232
-177
-28
167
294
351
301
250
165
69
80
65
50
21
115
193
230
200
107
60
18
76
146
156
158
107
107
100
135
85
137
162
184
234
266
273
314
386
396
343
234
163
59
127
191
200
213
242
193
89
1
-89
-100
-269
-410
-383
-337
-238
-223
-244
-347
-420
-369
-302
-232
-207
-186
-145
-128
-45
-86
-164
-256
-324
-287
-212
-80
-10
3
-8
-2
33
117
111
29
-28
-69
-40
100
165
190
215
178
235
292
296
258
127
88
198
255
286
244
122
9
-18
-59
-18
44
75
113
88
63
17
19
111
116
176
135
19
-6
-7
82
175
195
150
-4
-116
-169
-137
-67
-85
-74
-96
-120
-111
-127
-117
-34
55
110
74
18
-81
-138
-116
-93
-65
-67
-40
-107
-125
-83
-35
56
57
-27
-189
-293
-369
-416
-375
-391
-420
-430
-391
-345
-380
-317
-167
-1
112
78
-40
-139
-96
111
218
284
252
150
97
103
123
207
332
300
314
229
135
96
79
167
305
372
332
188
71
-57
-99
-57
-27
-29
-42
-34
-29
9
20
71
150
152
150
126
100
93
117
144
110
117
178
225
158
40
-38
-95
-83
-24
-6
65
115
98
115
184
225
194
48
-155
-316
-427
-360
-285
-164
-240
-306
-296
-265
-145
-140
-240
-414
-557
-553
-431
-338
-300
-351
-311
-232
-140
-11
104
100
96
88
125
222
296
379
313
257
193
124
102
109
140
167
86
3
19
57
174
221
213
130
60
-28
-12
55
136
192
177
83
-24
-3
109
302
358
367
315
203
196
293
355
311
241
158
151
135
204
258
210
95
-81
-110
-62
36
155
192
103
-70
-241
-293
-250
