-330
-584
-713
-619
-530
-428
-285
-268
-276
-234
-172
-180
-204
-234
-277
-188
-154
-171
-298
-290
-316
-184
-7
95
54
-124
-208
-285
-160
-62
-15
-111
-142
-235
-381
-329
-69
132
256
297
147
213
358
406
445
597
609
594
437
145
-185
-298
-261
-170
5
-22
-241
-388
-412
-352
-233
-84
-18
55
75
142
20
-171
-279
-202
-34
66
51
-7
89
91
197
171
293
314
143
-3
-277
-541
-706
-435
-37
237
358
348
281
185
123
135
35
-87
-191
-286
-190
-28
237
365
412
447
581
704
645
537
290
152
16
-150
-189
-226
-207
-318
-372
-232
104
150
137
30
-196
-294
-265
-65
87
255
405
562
479
224
-89
-350
-301
-279
-283
-128
-62
-26
-109
-184
-199
-161
-229
-348
-477
-466
-362
-315
-175
142
285
196
146
44
-56
-124
-245
-393
-434
-460
-446
-285
-116
-115
-183
-266
-407
-155
37
145
261
342
401
346
401
365
429
529
584
736
803
890
907
806
576
327
196
173
80
-199
-424
-544
-553
-485
-261
-7
139
163
127
122
107
117
273
346
253
1
-314
-422
-408
-260
-64
64
119
206
333
375
170
-144
-461
-542
-453
-419
-95
207
387
363
188
-93
-354
-468
-389
-110
-13
33
-49
-141
-125
-169
-234
-390
-493
-677
-767
-691
-702
-713
-504
-203
-92
-119
-225
-152
-63
-48
-56
-148
-128
41
199
148
61
-62
-25
314
796
1239
1207
868
286
-179
-355
-258
-56
132
138
121
96
63
161
195
198
99
102
180
173
13
-41
7
249
431
412
221
-76
-214
-376
-322
-154
-23
-43
36
169
228
131
75
84
129
309
464
435
352
336
264
307
370
312
354
265
-13
-325
-672
-740
-595
-293
137
258
211
222
167
201
158
17
-178
-408
-466
-417
-162
-29
126
383
388
382
246
-87
-231
-99
9
122
115
-48
-227
-486
-760
-850
-811
-513
-327
-422
-591
-726
-685
-526
-333
-146
-166
-210
-352
-570
-678
-659
-569
-272
59
173
68
-100
-190
-185
-3
-3
-90
-214
-328
-221
-140
73
166
45
69
319
534
702
765
607
531
494
392
303
237
261
430
773
1017
1024
1101
942
846
769
591
566
535
589
731
881
848
776
582
401
278
171
-10
-198
-316
-338
-480
-471
-369
-308
-75
-84
-53
107
199
207
94
-88
-246
-483
-664
-668
-695
-551
-455
-272
-281
-303
-333
-489
-740
-1042
-1320
-1417
-1212
-895
-509
-200
-34
2
-146
-269
-310
-321
-361
-415
-447
-528
-363
-203
8
250
283
244
90
-145
-136
-91
42
260
226
-1
-274
-408
-368
-232
18
284
589
719
636
488
294
190
175
332
588
836
982
1017
875
690
502
429
445
548
626
686
658
612
467
312
310
257
283
280
369
478
453
310
65
-187
-370
-543
-607
-656
-742
-743
-564
-293
-112
-96
-102
-166
-312
-377
-390
-388
-463
-565
-583
-467
-285
-205
-251
-274
-398
-495
-570
-519
-460
-516
-667
-811
-602
-368
3
225
269
118
-193
-517
-808
-582
-156
380
711
731
546
370
311
394
555
599
503
368
283
278
430
529
560
653
799
1010
1102
943
635
256
41
18
-29
-51
-158
-202
-188
-75
57
205
304
271
170
-38
-200
-259
-207
-99
106
331
432
218
-142
-501
-772
-860
-770
-797
-735
-615
-487
-213
35
35
-107
-320
-589
-623
-566
-406
-176
12
175
252
260
331
407
404
369
323
210
175
168
98
130
162
167
15
-44
23
13
-71
-144
-122
-105
32
87
121
96
-22
19
-21
-55
-142
-126
-125
-132
-187
-240
-253
-164
-34
-89
12
-18
-48
-134
-183
-209
-341
-316
-285
-298
-223
-137
-143
-144
-243
-347
-409
-474
-434
-300
-49
334
602
651
583
337
74
-125
-239
-182
-63
36
183
208
288
277
174
207
222
195
392
665
835
877
777
536
317
326
429
586
593
509
263
-195
-567
-629
-593
-243
83
241
326
295
141
-60
-214
-360
-444
-467
-325
-282
-126
-49
-83
-85
-41
80
114
186
135
-12
-149
-291
-439
-400
-206
45
73
-46
-291
-509
-565
-386
-182
-109
-50
-90
-105
-162
-266
-263
-227
-227
-144
38
142
248
273
168
69
88
180
372
499
576
747
690
634
687
770
833
873
780
463
97
-263
-613
-652
-540
-465
-269
-106
-1
-76
-237
-330
-319
-152
140
389
411
308
93
-181
-246
-198
-353
-526
-813
-1021
-990
-943
-732
-602
-580
-464
-218
-121
-119
-83
-140
-238
-256
-346
-298
-256
-118
151
393
658
733
744
593
284
24
-165
-353
-293
-13
114
218
68
54
-21
-132
-118
-364
-533
-458
-120
171
590
930
978
1090
1006
778
471
189
-135
-420
-625
-652
-773
-645
-864
-2076
-3068
-1577
2431
5648
5799
2698
-712
-1669
-200
1472
1567
495
-203
80
370
-223
-1210
-1621
-677
657
946
214
-759
-860
-347
154
120
-367
-703
-975
-1152
-1412
-1643
-1654
-1177
-859
-515
-766
-1053
-1168
-712
-588
-2388
-4304
-4168
-163
4632
6170
3599
498
-201
1369
3060
2666
891
392
1207
2238
1867
199
-907
-926
-210
269
459
115
-148
-271
-1207
-1357
-373
-266
-1194
-2734
-6867
-11688
-13096
-8237
989
8018
7807
3672
1104
842
101
-1924
-2527
-1130
3493
9143
12783
12739
9132
4871
2513
3435
4742
4139
2773
1947
1948
3104
3728
909
-3953
-8642
-9318
-6600
-3267
-581
147
-808
-1706
-974
805
1637
758
-813
-1940
-1323
1088
3571
4191
3478
2127
1672
2009
1869
585
-1651
-3031
-2760
-1707
-835
-1224
-3621
-6745
-9052
-9043
-7500
-5885
-5453
-6719
-7752
-7543
-6430
-5586
-5596
-5911
-5875
-5132
-4228
-3909
-4084
-4686
-5308
-5297
-5238
-5512
-6544
-8027
-8834
-8760
-7882
-6903
-6698
-6940
-6834
-5802
-3610
-967
1384
3328
5044
6850
8971
11146
12866
13782
14081
14253
14215
14024
13516
12286
10663
9227
8376
8240
8154
7654
6785
5913
5450
5588
5882
6066
5875
5533
5201
4959
4932
4806
4632
3991
3214
2437
1814
1441
1031
774
682
1069
1892
2748
3074
2801
2385
1531
166
-1594
-3284
-4669
-5303
-5322
-5021
-4818
-5391
-6130
-7164
-7918
-8062
-7454
-6873
-6603
-6536
-6311
-5310
-4603
-4570
-4936
-5141
-4276
-2760
-1622
-1232
-1551
-1625
-923
311
1002
-108
-3969
-10607
-18256
-24058
-25565
-22661
-17220
-11658
-7235
-3613
89
3935
6897
7975
7315
6491
7519
11007
15872
20123
22079
21530
19371
16793
14208
11330
7723
3574
-38
-1856
-1268
750
2447
2203
-176
-3259
-5397
-6087
-5815
-5394
-4636
-2468
1785
7439
12658
15543
15707
14033
11911
9987
7998
5415
2387
-314
-1818
-2024
-1846
-2358
-4248
-7105
-9295
-9877
-8597
-6416
-4638
-3723
-3360
-2410
-692
735
823
-808
-3374
-5187
-5448
-4456
-3628
-4129
-5405
-6111
-5324
-3440
-1839
-1456
-2475
-3954
-4660
-4196
-3379
-3203
-4227
-6150
-7898
-8768
-8632
-8162
-8267
-9012
-9462
-9029
-6990
-4047
-1590
-402
-721
-1329
-1084
-3
1573
2381
1820
456
-908
-1483
-1814
-2153
-2297
-1700
-577
427
885
710
689
1037
1986
2665
1785
-1878
-8832
-17325
-23779
-25002
-20759
-14158
-8659
-5569
-3346
183
5284
9973
11703
10024
7202
6612
9902
15356
19763
21252
20595
19869
20065
20354
18825
14599
8808
3765
1103
1077
2332
2907
2020
133
-1501
-2073
-1873
-1841
-2909
-5111
-7335
-7587
-4723
633
6487
10489
12127
12481
12970
13990
14276
12738
9353
5342
2665
1518
777
-1268
-4980
-8806
-10477
-9044
-6366
-5179
-6852
-9813
-11244
-9541
-5730
-2605
-1745
-2572
-3541
-3524
-2466
-1894
-3314
-6453
-9277
-9692
-7561
-4955
-3610
-3686
-4411
-3680
-2129
-501
-718
-2963
-6611
-8512
-7375
-4320
-1493
-2180
-5424
-9890
-11348
-9555
-6166
-4322
-5581
-9895
-13053
-11952
-8737
-5102
-5228
-7085
-9866
-10155
-7584
-5394
-4739
-5401
-6638
-6556
-4477
-2212
-1002
-1695
-2314
-1887
127
3098
4070
3072
1151
-158
913
3807
6615
8131
7617
6490
5903
6695
8594
9981
9878
8593
6868
5369
4457
3769
3248
3185
3765
4899
5878
6106
5513
4596
4295
4732
5370
5430
5016
4206
3574
3731
4124
4320
4012
3522
3538
4089
4806
5313
5318
5126
5126
5208
5223
4814
4166
3841
3971
4577
5225
5641
5562
5113
4543
4074
3835
3414
2997
2483
2017
1654
1385
1067
469
46
-409
-794
-1196
-1710
-2255
-2777
-3215
-3455
-3677
-3857
-4240
-4645
-4976
-5274
-5445
-5579
-5553
-5690
-5880
-6226
-6584
-6826
-6930
-6939
-6758
-6334
-5817
-5301
-5104
-5158
-5336
-5410
-5380
-5203
-4902
-4601
-4040
-3566
-3139
-2828
-2578
-2247
-1905
-1588
-1377
-1184
-894
-657
-304
61
366
643
804
1174
1444
1725
1915
1832
1640
1365
1387
1652
2195
2484
2357
2011
1512
1209
1191
1270
1217
960
646
530
757
1158
1261
1227
217
-1594
-2626
-542
3864
8072
9232
6370
3215
2277
4085
6511
6579
4842
3985
5563
8193
8547
4568
-2159
-7970
-10683
-10455
-9644
-10164
-11124
-10872
-8346
-4335
-1278
-645
-2544
-5630
-8111
-9214
-8535
-6187
-3103
435
4071
7639
10989
13381
13960
12370
8916
5200
2827
2641
3962
5532
6337
6473
6897
7533
7760
6353
2785
-1898
-6329
-8791
-8953
-7960
-6442
-4961
-3222
-1255
227
640
-612
-2867
-5292
-6660
-6142
-3720
-197
3098
5404
6556
6801
5905
2942
-2158
-8028
-12026
-11779
-7789
-2243
2329
4620
5505
5853
6080
5329
3024
-79
-2184
-2070
388
3520
5313
4750
2287
-636
-2559
-3014
-2878
-2623
-2511
-1384
1455
5343
8674
9459
7200
3415
346
-716
-293
282
232
-669
-1096
-617
345
892
257
-1322
-2814
-2905
-1413
891
2727
3467
3295
2991
3075
3312
3184
2637
1643
702
351
807
2032
2891
1100
-4959
-14892
-24288
-27690
-23605
-15743
-9374
-6071
-3817
-20
5532
10195
11361
8698
4858
3543
6729
13130
19502
23144
23444
21330
18356
15519
12366
7360
-515
-9541
-15711
-15985
-11091
-5413
-3009
-4630
-7625
-8782
-7166
-4563
-3337
-3661
-3007
1294
9051
17350
22631
23292
20263
15792
11932
9284
7145
4237
313
-3258
-4797
-4233
-3298
-4159
-7703
-12674
-16571
-17975
-17093
-15981
-15785
-15858
-14217
-9267
-2295
4013
7305
7647
7119
7723
9938
12038
11799
8561
4119
859
219
831
112
-3119
-7785
-11262
-11582
-8659
-4775
-2392
-2270
-2861
-1985
826
3792
4691
2666
-1066
-3713
-3598
-1228
1151
1544
204
-1138
-668
1693
4169
4917
3547
1273
-132
72
1222
2270
2348
1691
800
190
-49
-12
157
445
816
936
-495
-5112
-13251
-22513
-27899
-26111
-18524
-9961
-4035
-591
2658
7108
11735
14169
13237
10167
7798
8404
12080
17024
21005
22894
22363
19593
15170
9861
3948
-3072
-10944
-17836
-20664
-18032
-11802
-5791
-2557
-1756
-1337
174
2308
3636
3694
3892
6455
11915
18211
22574
23491
21440
17561
12991
8231
3546
-962
-5191
-8878
-11313
-12110
-11646
-10642
-10182
-10669
-11755
-12680
-12732
-11708
-9905
-7911
-5372
-2258
1413
5008
7866
9635
9986
8905
6754
4296
2066
165
-1368
-2546
-2980
-2750
-2377
-2571
-3801
-5593
-7208
-7479
-6367
-4836
-3817
-3359
-2972
-2066
-714
401
799
325
-376
-592
312
1937
3564
4447
4460
3924
3341
2687
2071
1180
-116
-1427
-2322
-2440
-1802
-796
143
721
851
806
859
1232
1859
2352
1798
-1497
-8512
-18286
-26417
-28154
-22535
-13425
-5682
-1033
1906
5039
8710
11512
11975
10090
7555
6794
8944
13339
18171
21990
23634
22258
17797
11422
4643
-2042
-8892
-15233
-18917
-18121
-13393
-7405
-2863
-758
-288
-60
675
1319
1382
1752
4342
9750
16366
21582
23826
22972
19746
15119
9948
4976
517
-3310
-6483
-8745
-9869
-9994
-9686
-9637
-10521
-12301
-13888
-14218
-13029
-11040
-8201
-4263
950
5805
8038
7081
4147
1726
1362
2513
3282
2314
81
-1812
-1981
-849
-50
-503
-2149
-4198
-5612
-5782
-4457
-2383
-892
-788
-1950
-3330
-4059
-3895
-3283
-2823
-2664
-2184
-642
1617
3633
4618
4861
4878
4644
3947
2849
1675
757
57
-235
-474
-798
-1072
-1232
-865
-48
934
1673
1958
1858
1582
1616
1950
2036
-3
-5743
-15158
-24540
-28444
-24479
-15574
-6826
-941
2398
4708
6870
8833
9967
9865
8616
7592
8155
11032
15689
20689
23946
23301
18396
11162
4240
-1596
-7227
-12728
-16322
-16436
-13341
-8840
-4612
-1659
-315
-324
-900
-1559
-1719
-403
3461
9624
16125
21035
23440
23225
20355
15421
9927
5166
1406
-1888
-4802
-6854
-7757
-7712
-7379
-7459
-8694
-11149
-13623
-14615
-13782
-11377
-7795
-3081
2070
5934
7269
6153
3762
1400
-35
-149
406
468
-184
-880
-869
-382
82
83
-525
-1891
-3560
-4376
-3488
-1657
-70
396
-240
-1564
-3042
-3862
-4064
-3920
-3827
-3525
-2420
-624
1209
2801
4002
4576
4494
3848
3052
2129
1052
167
-315
-532
-890
-1283
-1443
-855
242
1447
2348
2689
2481
2019
1792
2089
2729
2460
-724
-8351
-18980
-27184
-27829
-20840
-11125
-2979
2158
4766
5685
6150
7337
9157
9997
9088
7648
7883
10981
16362
21934
24471
21871
14830
6550
-567
-6393
-11158
-13922
-14110
-12713
-10802
-7941
-3804
207
2087
1470
-414
-2237
-2489
327
6628
14329
20435
23481
23247
20216
15304
10234
6086
2468
-1463
-5339
-7786
-8371
-7755
-6800
-5855
-5692
-7045
-9502
-11417
-11821
-10888
-8868
-5237
-718
3121
5062
5378
4513
2567
414
-766
-786
-476
-578
-594
38
636
868
786
570
-593
-2683
-4508
-5000
-4248
-3102
-1992
-1056
-1024
-1918
-2828
-3141
-3115
-3186
-3059
-2232
-991
314
1904
3782
5274
5472
4452
2915
1274
-258
-1199
-1228
-783
-585
-507
-67
589
1021
1278
1585
1826
1844
1707
1807
2289
3099
3028
156
-7295
-18067
-26789
-28147
-21855
-12395
-3566
2967
6449
6817
5960
6601
8982
10490
9678
7975
7994
10696
15543
21053
24187
22062
14875
5921
-1830
-7762
-11732
-13086
-12327
-11261
-10414
-8165
-3918
152
1985
1752
562
-998
-1706
810
7225
14929
20623
22921
21967
18266
12980
8082
4526
1360
-2356
-5876
-7668
-7669
-6479
-4755
-3484
-4052
-6642
-9565
-10936
-10611
-9133
-6467
-2667
1158
3656
4708
4148
1915
-1163
-3266
-3290
-1917
-511
736
1797
2408
2426
2263
2160
1091
-1233
-3807
-5252
-5274
-4372
-2960
-1523
-1038
-1950
-3269
-4002
-4099
-3957
-3467
-2344
-850
564
1989
3465
4526
4536
3672
2420
959
-645
-1858
-2158
-1798
-1203
-586
63
537
696
741
1014
1445
1855
2128
2302
2343
2481
2896
3571
2878
-1359
-10293
-21071
-27853
-26900
-19779
-10587
-1961
4387
6977
6225
5193
6318
8636
9372
8495
7847
8669
10976
14983
19828
22405
19667
12250
3588
-3567
-7979
-9331
-8116
-6613
-6587
-7213
-6577
-4494
-2115
-430
173
-893
-2909
-3174
439
7169
14116
19035
20699
18622
13731
8642
5426
3647
1828
-208
-1713
-2554
-2874
-2406
-1382
-1344
-3246
-6391
-9128
-10842
-11406
-10295
-7363
-3788
-775
1724
3417
3745
2540
822
-460
-1314
-1833
-1529
-385
809
1408
1638
1776
1482
334
-1189
-2587
-3786
-4507
-4362
-3164
-1719
-903
-763
-1023
-1682
-2609
-3447
-3858
-3940
-3764
-3004
-1597
197
1870
3026
3461
2896
1648
235
-962
-1636
-1767
-1359
-914
-531
-174
269
832
1258
1435
1368
1131
870
822
1285
2330
3754
4720
3092
-3081
-13440
-23422
-27708
-24916
-17853
-9309
-1116
4339
5473
4118
3910
5800
7474
7450
6723
6432
6806
8702
13047
18284
20548
17675
10989
3358
-2787
-5613
-4756
-1847
544
1033
-5
-1607
-2723
-2571
-1770
-2178
-4513
-7126
-7583
-4952
505
7494
13631
16132
14123
9773
6074
4163
3599
3925
4326
3713
1888
278
367
1400
1595
-24
-3102
-6777
-9879
-11122
-9831
-6774
-3658
-1545
-689
-654
-751
-431
215
555
126
-854
-1834
-2302
-1901
-547
1175
2218
2140
1224
-81
-1356
-2209
-2457
-2247
-2013
-1852
-1628
-1227
-883
-1078
-1738
-2855
-4420
-5908
-6645
-6116
-4553
-2449
-366
1202
2096
2248
1759
927
-17
-908
-1601
-2005
-1955
-1485
-787
58
766
1152
1016
298
-696
-1479
-1699
-1156
4
1765
3818
5445
4940
640
-7341
-16496
-23047
-24835
-21919
-15650
-7918
-1162
2644
3537
3385
3741
4410
4602
4354
4112
4350
5475
8186
12401
16460
18214
16609
12301
7020
2684
530
836
2720
4737
5763
5471
4377
3182
2153
1085
-558
-2804
-5057
-6479
-6506
-4782
-1596
1957
4538
5398
4914
3730
2398
1287
760
923
1357
1676
1721
1760
1932
2154
2282
2038
1070
-692
-2751
-4440
-5212
-4903
-3821
-2496
-1476
-1102
-1125
-1289
-1327
-1447
-1773
-2468
-3497
-4417
-4763
-4077
-2503
-701
553
827
98
-1163
-2114
-2584
-2609
-2507
-2592
-2814
-3116
-3190
-2918
-2416
-1942
-1930
-2556
-3371
-3875
-3742
-3034
-1948
-905
-272
-97
-221
-516
-864
-1170
-1425
-1675
-1878
-1882
-1770
-1463
-977
-220
601
1326
1726
1588
1097
477
-2
-4
544
1409
2375
3173
3851
4381
4855
5078
4652
3277
961
-2094
-5190
-7167
-7444
-6158
-4090
-2019
-642
-187
-649
-1638
-2582
-2961
-2758
-2167
-1205
171
2133
4321
6453
8239
9372
9418
8221
6352
4479
3501
3746
4924
6356
7455
7891
7662
7037
6214
5283
4040
2405
648
-718
-1354
-1279
-814
-214
174
48
-689
-1646
-2502
-3129
-3493
-3712
-3682
-3476
-3011
-2319
-1503
-726
-112
92
-144
-600
-1096
-1352
-1455
-1437
-1394
-1345
-1312
-1262
-1182
-1147
-1201
-1541
-2141
-2771
-3397
-3932
-4262
-4377
-4230
-3679
-3107
-2576
-2133
-1810
-1629
-1581
-1441
-1211
-876
-490
-222
1
275
559
711
755
759
592
318
-44
-286
-321
-334
-343
-449
-487
-407
-292
-19
273
387
232
-224
-642
-768
-592
-45
718
1424
1843
1819
1746
1733
1814
1893
1863
1662
1344
1122
1025
1244
1550
1686
1385
750
-12
-557
-678
-450
16
479
809
906
763
721
757
712
662
483
178
-98
-270
-154
207
598
794
696
395
37
-68
14
123
134
145
112
186
330
425
389
181
-175
-603
-850
-862
-688
-597
-638
-672
-687
-737
-754
-748
-670
-561
-388
-137
231
638
1047
1243
1349
1482
1521
1493
1446
1260
969
812
767
828
768
557
139
-405
-925
-1297
-1445
-1393
-1112
-827
-489
-171
6
150
289
370
323
268
159
-12
-191
-268
-222
-125
17
146
47
-308
-870
-1366
-1568
-1513
-1254
-989
-830
-754
-723
-668
-552
-412
-405
-508
-554
-354
-46
115
70
-89
-208
-207
-92
162
304
323
164
-136
-434
-649
-703
-611
-387
-150
34
0
-258
-526
-626
-255
263
600
723
576
265
-65
-277
-260
-131
-33
46
161
323
415
448
438
413
368
294
211
144
113
252
524
740
832
719
519
312
142
11
16
85
139
150
202
395
563
539
379
215
23
-59
-37
101
346
550
605
475
273
194
194
153
80
-107
-306
-427
-313
-58
145
205
12
-377
-877
-1222
-1272
-1157
-849
-416
-18
408
803
950
1008
892
582
315
192
244
346
338
306
287
333
395
359
201
-182
-539
-757
-640
-337
-149
-137
-215
-364
-491
-477
-264
67
317
475
471
359
180
-11
-56
-33
-27
-156
-296
-324
-314
-334
-322
-296
-281
-325
-445
-507
-574
-663
-721
-754
-713
-503
-207
7
211
323
281
307
229
168
236
204
245
322
435
549
674
788
810
693
525
345
106
-75
-291
-388
-296
-198
-133
-162
-353
-554
-743
-717
-494
-128
39
-60
-259
-465
-443
-252
15
253
243
18
-90
202
566
914
1112
1022
759
435
236
212
319
259
144
-32
-186
-179
-294
-450
-699
-1024
-1247
-1380
-1377
-1164
-878
-541
-147
99
281
380
398
418
453
514
593
689
827
938
943
876
678
477
268
35
-198
-465
-602
-509
-255
47
120
-6
-263
-502
-506
-395
-224
-8
219
339
404
386
463
550
501
367
111
-37
-24
-3
39
45
-25
-78
-128
-122
-106
-224
-403
-605
-697
-686
-431
-112
213
416
379
266
-31
-299
-406
-247
47
242
253
168
-47
-262
-175
60
344
520
471
195
-85
-187
-30
306
535
661
493
162
-146
-390
-395
-237
-92
18
168
339
484
435
224
-10
-215
-450
-663
-614
-448
-113
236
487
600
531
421
434
486
434
336
163
83
164
346
390
108
-408
-965
-1398
-1621
-1537
-1271
-976
-809
-640
-423
-253
-27
60
12
-192
-342
-338
-266
-154
-17
6
27
272
481
566
509
363
173
76
237
494
700
684
385
21
-268
-377
-280
-44
183
288
332
393
384
394
246
30
-198
-335
-233
-58
79
136
125
0
-48
79
226
373
411
323
192
111
106
99
222
372
480
463
231
-73
-300
-387
-387
-278
-247
-330
-439
-627
-676
-533
-290
-121
-162
-299
-408
-426
-282
104
596
1087
1281
1081
680
151
-151
-191
-125
-28
-49
-168
-310
-303
-143
113
217
167
93
-60
-65
7
85
100
80
33
40
182
337
364
330
86
-158
-173
-187
-21
136
151
-20
-358
-604
-702
-735
-734
-744
-615
-492
-380
-197
83
308
370
369
261
198
140
271
377
254
183
48
5
12
-21
-77
-262
-410
-552
-403
-87
100
67
-143
-350
-344
-129
113
163
81
-133
-281
-107
45
177
232
271
298
312
349
323
242
216
118
31
-41
17
172
275
322
209
46
3
-120
-74
90
125
152
142
114
59
41
16
31
-19
-90
-167
-167
-30
95
207
192
131
-43
-234
-285
-93
256
551
746
709
550
361
103
-105
-253
-413
-323
-222
-176
-237
-283
-226
-128
-9
-92
-335
-622
-826
-812
-510
-127
123
106
-4
-131
-111
-124
-108
-137
-155
-96
-30
9
-73
-144
-233
-336
-436
-471
-389
-251
-42
91
157
257
404
556
648
685
620
492
339
290
350
490
601
543
329
161
-3
-35
76
199
247
261
316
425
375
101
-245
-478
-451
-300
-110
81
83
-182
-351
-300
-135
-40
-51
-115
-276
-255
-215
-132
-64
-46
-38
-5
28
-28
-76
-85
-64
-117
-228
-364
-366
-318
-78
115
172
-14
-365
-660
-755
-628
-510
-375
-300
-305
-232
-27
234
414
404
214
-31
-231
-321
-306
-146
225
570
726
771
789
601
445
358
225
117
61
0
36
165
400
587
434
182
-48
-180
-212
-224
-172
-30
106
272
352
369
290
96
-90
-204
-227
-133
67
160
91
-150
-441
-520
-440
-398
-332
-309
-311
-342
-242
-156
-130
25
195
280
252
244
244
272
324
296
285
205
98
-40
-194
-276
-278
-241
-171
26
163
180
107
21
-47
-204
-265
-269
-257
-157
30
218
319
437
482
316
182
-55
-292
-448
-473
-464
-322
-92
172
335
413
328
97
-37
-138
-102
-26
114
130
31
-39
-42
-41
-73
-111
-192
-271
-398
-482
-413
-272
-119
138
350
312
46
-340
-584
-549
-276
33
280
559
754
822
708
458
238
-53
-186
-201
-156
-18
79
268
303
288
258
151
115
-29
-155
-235
-336
-280
-153
-13
129
247
363
454
363
114
-158
-347
-254
-40
66
18
-208
-335
-361
-321
-141
-75
-67
-225
-413
-671
-808
-730
-452
-107
76
99
76
97
190
332
451
430
303
116
-127
-130
-95
105
181
145
116
74
128
176
407
423
307
183
17
-108
-201
-247
-188
-23
243
308
263
222
220
202
109
10
-173
-294
-212
69
222
302
282
200
206
270
232
105
4
-218
-341
-310
-128
209
381
368
150
-5
-49
-167
-260
-329
-309
-240
-12
102
139
50
-100
-340
-542
-561
-513
-337
-157
-78
-91
-193
-323
-356
-269
-172
-201
-242
-343
-440
-377
-239
43
229
187
-26
-273
-282
-191
-80
26
122
97
0
10
178
437
632
600
323
52
-35
111
288
445
431
292
122
-96
-144
-107
-86
-106
-105
-72
56
239
420
548
457
227
-52
-269
-366
-290
-135
97
285
312
216
55
-29
-25
110
306
426
427
303
177
109
113
14
-48
-164
-363
-486
-481
-322
-198
-59
-35
-116
-185
-187
-44
106
292
272
187
62
11
-2
8
20
-20
-69
-96
-75
7
206
290
317
338
367
439
434
365
191
16
-242
-445
-470
-457
-288
-177
-134
-149
-204
-184
-122
-16
78
63
62
0
-83
-104
-147
-236
-354
-484
-531
-419
-266
-167
-212
-187
-84
83
360
481
425
133
-128
-229
-195
-27
54
178
378
572
578
486
302
45
-149
-249
-328
-323
-339
-289
-228
-228
-239
-231
-180
-235
-302
-505
-603
-547
-398
-201
2
194
201
318
316
172
-4
-57
-10
73
259
367
475
510
467
364
174
107
200
284
301
313
294
231
208
183
90
46
-53
-164
-192
-131
48
202
254
300
206
36
-131
-359
-423
-330
-252
-155
-83
-71
-100
-117
-101
-39
66
191
279
219
70
-163
-259
-293
-121
28
118
175
201
267
370
545
582
456
160
-105
-373
-470
-346
-98
241
447
421
335
193
40
-80
-104
-59
-117
-190
-303
-297
-208
-67
10
-175
-390
-468
-390
-238
-111
-44
-55
30
202
204
85
-29
-101
-55
-49
-90
-220
-352
-427
-542
-583
-565
-511
-446
-363
-354
-347
-270
-158
10
143
141
-52
-93
-8
136
302
373
297
191
198
290
341
356
262
185
68
-4
-24
30
50
-20
-61
-95
-40
-42
-11
116
278
370
516
646
787
835
779
668
483
357
267
192
70
-31
-111
-98
-130
-122
-172
-284
-412
-383
-263
-279
-264
-233
-144
-106
-2
71
223
354
267
61
-252
-475
-498
-362
-323
-343
-426
-533
-492
-287
-9
237
296
164
-43
-186
-170
-130
-55
64
162
341
523
528
501
380
171
-16
-202
-277
-337
-368
-342
-309
-247
-184
-54
52
98
150
230
188
97
7
-140
-113
-27
183
306
324
256
151
119
145
172
86
69
7
-100
-157
-299
-379
-243
-146
12
114
92
48
6
1
-1
65
159
312
384
369
325
258
173
136
215
222
117
-102
-271
-408
-360
-253
-112
-45
-205
-348
-429
-401
-299
-173
-85
-71
-26
55
154
152
66
-68
-200
-247
-211
-61
-18
-30
-89
-175
-193
-235
-162
-39
-24
-100
-83
-18
85
246
284
241
187
100
64
91
140
213
185
72
-27
-65
-66
41
87
94
129
111
174
281
136
-39
-146
-188
-37
181
357
360
306
169
89
53
-25
-122
-262
-338
-312
-179
-70
73
102
87
66
62
121
153
24
-182
-267
-230
-195
-185
-203
-194
-135
-64
-33
29
47
53
27
-56
-1
111
290
272
239
275
312
386
442
538
629
595
460
290
150
67
50
-50
-172
-275
-402
-528
-513
-412
-337
-230
-230
-182
-218
-254
-231
-214
-269
-369
-444
-430
-351
-313
-189
-154
-286
-323
-374
-341
-258
-107
99
182
102
-10
-69
-82
38
276
429
449
431
378
379
402
402
279
124
42
31
-16
50
197
355
354
263
189
33
-134
-244
-241
-174
-30
16
26
5
-19
-60
-137
-94
-147
-176
-115
-139
-29
13
23
-20
-73
-111
-57
94
179
210
232
256
277
310
381
427
392
241
25
-215
-370
-460
-479
-434
-352
-197
-170
-157
-113
-155
-99
-49
-10
-21
-137
-126
-203
-116
-45
-23
12
13
159
237
280
274
170
87
-25
-94
-268
-305
-260
-108
86
128
163
28
-195
-252
-143
124
379
571
576
474
342
135
27
-44
-121
-188
-147
-89
-8
95
208
198
112
-82
-165
-234
-298
-306
-320
-193
-11
164
334
362
216
53
-118
-141
22
306
503
520
462
294
115
-70
-51
24
120
265
399
398
289
183
3
-138
-256
-205
-80
21
2
-41
-290
-432
-505
-477
-391
-359
-274
-263
-178
-153
-87
-166
-285
-325
-264
-178
-30
9
5
-10
-79
-74
-69
-69
-99
-210
-304
-425
-442
-346
-361
-188
-61
4
58
40
33
17
-43
-58
-5
59
132
237
283
258
212
177
199
274
337
407
404
371
319
249
142
-45
-153
-142
44
293
435
343
135
-141
-276
-321
-205
-71
-54
-8
-4
33
70
96
128
69
48
41
77
172
218
154
164
203
278
336
296
266
101
-74
-195
-251
-166
97
320
469
490
287
31
-260
-421
-401
-278
-99
-55
-205
-328
-433
-514
-435
-354
-211
-159
2
57
44
-61
-166
-212
-215
-151
-133
-25
-43
-46
-52
-38
-52
5
77
-43
-101
-129
-95
-12
143
170
85
-40
-123
-127
-112
13
38
164
247
288
219
210
157
98
106
80
202
239
219
183
61
-109
-118
-57
-37
-60
-90
-69
55
165
273
293
260
38
-63
-133
-102
29
125
244
226
56
-60
-69
-137
-206
-271
-165
-40
99
75
-58
-145
-225
-302
-334
-379
-492
-582
-630
-613
-493
-369
-166
-1
219
468
559
589
411
249
130
144
245
190
55
-122
-150
15
144
208
96
7
46
56
48
61
127
161
134
91
67
192
327
245
234
232
193
247
212
174
132
132
178
197
207
83
-167
-352
-379
-391
-281
-181
-188
-86
12
91
28
-1
64
59
151
73
-28
-152
-229
-290
-443
-494
-514
-580
-670
-764
-768
-565
-304
-123
-51
-101
-158
-224
-237
-121
15
214
420
554
559
482
300
256
387
505
538
467
320
113
-23
-103
-85
-23
140
181
193
166
-5
-16
110
237
490
687
752
623
455
285
86
-12
15
118
198
236
274
243
164
-73
-289
-488
-635
-550
-308
-110
30
23
-58
-224
-406
-396
-306
-152
-18
-35
-169
-166
-138
-35
95
40
-116
-177
-282
-342
-417
-588
-639
-729
-650
-513
-427
-342
-304
-313
-336
-298
-147
53
140
171
127
109
14
-75
-89
-108
-116
-44
81
245
286
316
349
348
430
377
300
244
246
246
227
201
67
107
153
220
366
464
524
510
494
592
680
586
348
108
-7
39
281
430
438
275
40
-111
-241
-327
-306
-352
-431
-475
-444
-364
-227
-222
-257
-195
-278
-321
-315
-257
-239
-324
-383
-424
-427
-279
-53
167
240
182
150
73
-34
-110
-122
-142
-112
-6
34
115
227
374
450
457
453
441
323
226
92
3
-68
-28
-77
-39
50
14
-25
-117
-81
-180
-258
-199
-112
84
142
136
45
-56
-23
-13
46
80
189
257
181
184
119
85
5
-31
-38
-111
-236
-308
-420
-480
-452
-415
-394
-472
-485
-476
-384
-322
-228
-132
-74
71
201
335
435
420
375
285
198
251
342
389
203
73
-16
-55
-102
-121
-108
-117
-122
-85
35
96
76
0
-71
-59
-18
27
83
132
241
283
309
243
284
292
297
283
151
9
-73
-6
3
-53
-98
-173
-213
-276
-232
-140
-118
-140
-144
-210
-265
-354
-400
-329
-254
-111
-15
46
127
169
94
23
3
71
131
178
127
91
64
104
171
131
71
66
115
35
40
74
107
153
143
82
33
-82
-159
-67
12
121
259
332
395
410
303
214
127
-33
-186
-274
-203
-10
136
328
319
209
43
-132
-236
-292
-223
-199
-191
-290
-443
-499
-431
-305
-77
60
107
56
-148
-269
-346
-405
-392
-372
-321
-187
-88
35
209
267
209
67
-148
-308
-352
-249
31
233
226
182
97
19
17
-15
-111
-128
-85
66
206
194
12
-175
-202
-27
189
287
312
185
131
57
-2
-156
-215
-91
6
247
262
154
-40
-210
-264
-129
197
485
538
393
129
-29
0
117
249
259
254
241
238
267
287
280
258
330
488
630
675
484
239
-32
-117
3
135
252
252
116
-125
-317
-466
-317
-146
83
281
267
120
-117
-203
-363
-313
-183
-125
-30
-17
-61
-224
-373
-469
-574
-574
-483
-340
-295
-352
-489
-543
-516
-510
-472
-432
-409
-387
-371
-393
-482
-502
-490
-391
-243
-186
-79
-64
-99
-113
-165
-142
-97
42
202
341
377
289
170
101
150
260
182
185
233
203
87
26
54
127
322
527
711
648
553
398
248
216
239
255
280
232
176
172
113
204
187
167
93
-87
-251
-326
-269
-272
-89
17
87
144
87
182
212
236
401
493
479
572
599
482
411
354
281
298
299
223
165
25
-44
44
144
153
80
-123
-369
-467
-422
-324
-234
-201
-243
-190
8
212
333
263
-67
-412
-648
-671
-515
-300
-82
13
-21
-91
-201
-208
-210
-245
-279
-317
-268
-297
-336
-379
-437
-389
-343
-311
-363
-451
-433
-360
-212
-84
37
132
67
139
291
403
411
432
351
276
193
181
220
252
210
141
188
148
211
195
217
203
116
-11
-84
-118
-104
81
194
297
318
230
42
-91
-195
-294
-312
-332
-317
-248
-231
-263
-334
-361
-364
-393
-465
-548
-520
-425
-173
77
145
169
52
-58
-113
-73
-38
-22
-9
-45
42
94
122
92
-12
-178
-282
-216
-123
83
202
155
86
-27
-114
-152
-126
-55
72
185
266
368
340
235
46
-97
-165
-137
-61
79
185
210
281
297
236
116
-62
-182
-174
-23
129
165
233
220
292
321
361
420
397
423
374
361
391
462
481
453
462
488
561
511
359
252
221
355
490
580
486
267
155
89
139
264
340
387
307
280
209
99
59
-37
-91
-136
-81
-74
-144
-252
-340
-387
-402
-386
-390
-479
-559
-500
-475
-432
-351
-418
-508
-571
-684
-740
-809
-775
-687
-571
-386
-252
-182
-268
-348
-469
-626
-684
-634
-360
7
229
286
94
-114
-187
-235
-174
-24
64
161
166
69
-18
-78
-83
71
166
186
191
89
-62
-188
-144
-34
124
146
76
24
-99
-147
-76
-71
-79
-80
-135
-128
-79
-95
-41
21
9
-66
-58
-28
9
18
-35
61
134
277
346
376
351
245
149
-22
-91
-176
-94
-28
-4
85
162
269
348
360
281
246
194
212
270
346
407
483
606
633
671
706
705
700
510
373
393
549
660
702
618
374
50
-206
-343
-284
-81
150
397
371
235
-19
-140
-296
-271
-269
-241
-209
-277
-209
-200
-221
-375
-469
-485
-433
-293
-154
-151
-212
-260
-253
-209
-254
-402
-522
-664
-599
-416
-242
-168
-103
-114
-140
-252
-401
-397
-324
-69
159
328
298
151
9
-156
-297
-336
-389
-336
-296
-325
-332
-159
-73
64
161
168
221
217
101
-113
-224
-298
-183
25
267
430
484
460
508
527
474
441
380
391
250
18
-78
-78
53
174
215
150
-25
-82
-97
-119
-184
-303
-447
-461
-392
-196
21
171
236
98
-115
-339
-462
-499
-340
-110
4
85
77
-46
-63
-86
-151
-110
-72
88
230
438
609
654
563
419
386
358
450
521
545
389
199
107
95
139
128
227
229
123
-1
-174
-286
-361
-269
-93
-25
-54
11
-15
33
159
259
257
176
221
118
116
51
-46
-180
-245
-280
-297
-243
-202
-122
3
65
12
-81
-246
-353
-357
-276
-139
15
28
-65
-88
-162
-188
-128
-30
34
89
38
-41
-195
-454
-592
-634
-519
-355
-244
-206
-265
-304
-288
-321
-278
-178
-95
-64
-13
20
-33
-79
-183
-268
-307
-202
-316
-191
-629
-1509
-1672
-1135
156
1447
3075
3778
3629
2660
1506
88
-1316
-2178
-2635
-2444
-1704
-406
864
1948
2784
3116
946
-1763
-3553
-4334
-3971
-2422
210
1985
3339
4034
4069
2960
1274
-602
-2236
-3066
-3008
-1847
-147
1473
2814
3644
3705
3226
2369
1210
-174
-1360
-2135
-2342
-2023
-1405
-641
265
919
990
824
443
-221
-895
-1324
-1549
-1695
-1572
-1059
-440
268
921
1269
1188
759
320
1
-320
-585
-740
-800
-764
-521
-82
358
635
701
503
52
-530
-1085
-1463
-1522
-1268
-741
-180
326
565
593
419
12
-397
-654
-650
-503
-245
45
177
323
592
755
949
1028
789
528
208
-84
-229
-80
115
285
423
510
599
572
504
336
122
-132
-164
-200
-278
-237
-185
-95
-54
111
176
161
-17
-112
-138
-177
36
102
216
173
-42
-287
-357
-209
-109
28
27
63
78
202
244
276
125
-50
-304
-559
-600
-473
-149
221
467
480
528
320
32
-271
-318
-314
-176
10
112
91
0
-41
-40
75
279
455
426
386
231
85
-65
-181
-235
-127
-11
-1
-10
-114
-66
62
289
325
218
157
-119
-385
-712
-915
-1051
-1012
-973
-984
-1040
-785
-361
150
782
1239
1624
1933
1855
1110
28
-959
-1838
-2281
-1886
-1180
-167
561
981
1111
939
544
-141
-592
-933
-970
-832
-595
-415
-140
213
287
252
-12
-216
-459
-546
-481
-358
-239
-945
-2494
-3632
-4278
-4117
-2898
-765
1673
3977
6166
7480
8005
7443
5631
3232
933
-869
-1761
-1405
-339
871
2101
2584
2199
1160
-527
-2313
-3877
-4687
-4722
-3822
-2244
-576
966
1787
1770
961
3
-1057
-1688
-1874
-1540
-787
197
1363
2085
2338
1902
787
-558
-1751
-2416
-2413
-1996
-1319
-636
-39
186
98
-456
-1320
-2084
-2825
-3070
-2886
-2165
-1275
-170
1020
1899
2033
1629
1006
314
-258
-518
-570
-433
457
1650
2729
3360
3370
2532
1354
228
-596
-1236
-1342
-820
-56
973
1774
2234
2162
1723
493
-1137
-2410
-2988
-2945
-2091
-766
593
1768
2212
2047
1148
277
-373
-759
-787
-452
434
1337
2245
2963
2986
2214
970
-297
-1148
-1382
-1142
-826
-318
133
667
1182
1455
1270
369
-973
-2381
-3217
-3457
-2967
-2052
-875
305
1359
2240
2501
1851
696
-752
-1999
-2649
-2575
-1964
-844
192
908
1367
1101
503
-199
-701
-1107
-1146
-647
-90
413
747
801
573
63
-699
-1406
-1673
-1614
-1031
205
1292
1900
1878
1432
750
332
-146
-397
-325
-23
568
1293
1549
997
85
-1287
-2323
-2882
-2527
-1578
-461
627
993
1028
659
325
-112
-566
-884
-1253
-1147
-734
-42
617
1205
1451
1672
1612
1362
783
85
-763
-1298
-1225
-740
-41
763
1095
899
428
-399
-985
-1138
-335
591
1469
1981
1552
616
-713
-1569
-1833
-1654
-1164
-662
-31
350
730
872
514
-172
-465
-75
742
2050
2764
2298
1315
106
-943
-1584
-1233
-543
283
1224
1778
1946
1362
439
-592
-1212
-1698
-1966
-1802
-1281
-586
163
789
784
98
-368
-762
-876
-416
-62
199
372
447
589
682
735
340
-42
-566
-989
-927
-950
-999
-988
-766
-393
35
694
1013
748
373
-170
-526
-476
100
643
1152
1403
1207
761
50
-462
-871
-1183
-1038
-399
429
960
779
285
-368
-929
-1249
-1293
-1198
-996
-258
602
1124
1182
480
-458
-1178
-1721
-1991
-1962
-1814
-1372
-680
174
519
491
610
480
290
38
-8
-40
223
1101
1766
2260
2415
1924
1026
120
-482
-499
-91
525
1149
1365
1355
1073
714
134
-515
-635
-621
6
818
1202
1279
831
-33
-898
-1201
-1477
-1572
-1232
-784
-291
-45
58
-102
-335
-307
220
907
1528
1856
1591
1059
471
-584
-1620
-1804
-1130
29
1364
2310
2368
1496
88
-1241
-2238
-2191
-1033
374
1836
2748
2983
2375
1205
38
-1154
-2325
-2874
-2354
-1165
93
1479
1805
1195
565
-271
-1127
-1863
-2299
-3012
-3447
-3073
-2072
-783
231
732
478
-215
-511
-492
-618
-1161
-1779
-1857
-1807
-1400
-834
-739
-1080
-1368
-1373
-1010
-15
828
850
-2
-734
-999
-734
140
914
1382
1274
936
566
913
1498
1867
1757
863
-214
-648
-280
895
2433
3822
4259
3694
2623
837
-1007
-1886
-1114
276
1724
2843
3415
3169
2306
959
-981
-2720
-3343
-2509
-858
1137
3130
4128
3805
2405
346
-1575
-2623
-2623
-2200
-1094
-128
281
565
782
191
-389
-851
-2264
-3152
-2937
-2229
-1645
-422
826
1547
1992
1646
407
-1380
-2327
-2589
-2102
-816
247
955
884
365
-651
-1805
-2514
-2707
-2190
-1270
-318
527
835
761
712
987
1184
1305
1345
997
545
213
513
997
1157
937
577
-11
-890
-1476
-1731
-1486
-675
390
1105
1076
292
-655
-1345
-1666
-1452
-644
245
257
16
-208
54
586
1007
1435
1523
1665
1745
1973
1965
1890
1798
1587
1366
935
546
-75
-559
-418
-199
159
142
410
98
-625
-1302
-2337
-3071
-3371
-2453
-1452
-474
313
660
705
577
300
-207
-730
-1294
-1101
-633
331
1354
1850
2190
2377
2614
2191
1507
136
-1649
-2730
-3013
-2338
-566
1585
2555
2199
618
-1650
-3939
-5094
-4920
-3688
-1536
367
2220
3435
3465
2393
628
-1527
-3185
-3525
-2906
-2024
-581
1537
3311
4154
3664
2308
678
-908
-2072
-2481
-2458
-1718
-244
1095
1882
2209
1740
676
-218
-934
-850
-249
468
645
746
1048
1044
1368
1485
935
-264
-1236
-1823
-1800
-1014
-58
683
982
802
585
347
-189
-768
-1067
-1103
-1133
-664
347
1027
1415
2326
3107
2993
2919
2645
2091
1892
1788
1364
532
344
600
675
872
647
238
-657
-2032
-3086
-3533
-3468
-2753
-1147
517
1120
575
-562
-2280
-3530
-3823
-3219
-2388
-1226
538
1660
1864
1390
272
-1245
-2511
-3118
-3085
-2708
-1952
-815
278
839
905
870
118
-975
-1667
-1625
-1389
-1089
-562
-434
-594
-567
-454
-592
-600
-731
-854
-900
-521
123
725
1307
1986
2599
2610
2316
1924
2036
2316
2652
3065
3044
2654
1888
1440
1131
1292
1715
1555
945
249
-411
-588
-402
-514
-455
-201
287
683
954
933
567
577
801
1222
1887
2437
2592
2330
1576
608
-164
-375
-485
-259
40
-228
-482
-870
-1246
-1362
-1233
-1294
-1450
-1450
-1586
-1697
-1535
-1143
-952
-1066
-1231
-1417
-1318
-665
-327
-372
-704
-1173
-1207
-888
-2
1062
2066
2486
2151
1450
466
-478
-1545
-2529
-2868
-2872
-2267
-1203
-237
272
202
-416
-1708
-2768
-3245
-3234
-2445
-873
599
1579
1711
784
-540
-1488
-1716
-1076
106
1144
1593
1813
1609
1168
616
161
-304
-896
-1132
-825
-296
-4
550
990
1212
928
196
-449
-771
-390
906
2620
3666
4265
4336
3723
2838
1957
744
-180
-279
154
994
1482
1121
76
-1171
-2142
-2597
-2569
-2518
-2124
-1055
9
591
648
271
-642
-1589
-1734
-1254
-699
-152
259
589
882
1223
1621
1497
886
-90
-872
-1218
-1083
-353
430
965
1092
1243
1372
1338
1249
1054
1044
1050
1154
997
730
475
498
1120
835
-22
-513
-380
-455
-788
-670
-1339
-2123
-2246
-1979
-1621
-1557
-1517
-1998
-2665
-3072
-3203
-2873
-2565
-2132
-1277
-252
354
1052
1884
2128
1606
900
272
-327
-243
266
807
971
670
212
-442
-1151
-1521
-1592
-1404
-601
813
1907
2470
2746
2206
1368
824
385
182
453
948
1022
1027
1202
1045
766
243
-165
-261
194
537
551
763
405
-88
-231
-166
-177
-163
-1
-47
-198
-150
-28
351
669
575
499
453
492
779
971
426
-103
-72
105
-22
-178
-738
-1791
-2381
-2077
-1248
-596
-329
-593
-1134
-1568
-1732
-1219
-514
-163
83
63
-19
242
736
1049
846
586
615
793
755
267
-158
-264
-199
203
859
1002
911
1124
1132
864
529
189
-241
-580
-702
-769
-403
455
1426
2078
1699
310
-1436
-2927
-3834
-3914
-3199
-2066
-761
236
936
905
314
-363
-1023
-1575
-1707
-1252
-737
-163
536
1294
1906
1970
1562
673
-486
-1338
-1767
-1681
-1068
5
1034
1278
919
438
-275
-843
-1227
-1761
-1804
-1285
-282
805
1832
2257
1995
1563
1217
1374
1953
2658
3303
3864
3969
3762
3436
2946
2346
1890
1545
670
-148
-500
-835
-950
-1275
-2087
-2931
-3277
-3027
-2318
-1825
-1699
-2024
-2726
-3568
-3645
-2709
-1462
-514
170
798
795
351
-290
-1227
-1863
-1470
-801
-492
-347
-182
-60
134
490
782
836
847
991
1202
1477
1829
2036
1973
1892
1530
1260
820
176
-237
-390
-478
-346
178
385
177
-134
-568
-879
-848
-683
-672
-685
-249
76
535
1142
1383
1278
978
756
464
172
341
360
233
187
224
262
135
111
-63
-244
-426
-751
-886
-1091
-1773
-2355
-2451
-2370
-2149
-1857
-1671
-1713
-1414
-811
-333
88
372
338
288
360
715
1378
1826
1996
2005
2069
1937
1920
2013
1774
1459
939
387
-354
-517
-27
287
584
748
658
362
204
204
-11
-547
-1100
-1121
-682
55
983
1264
827
307
10
10
79
48
-364
-935
-1411
-1466
-1374
-1265
-1395
-1566
-1588
-1523
-1099
-469
95
432
555
203
-583
-1237
-1515
-1435
-1042
-489
-18
406
680
816
789
700
719
608
479
246
51
-116
-285
-341
-427
-411
-210
104
342
587
593
505
377
2
-338
-544
-489
-342
22
414
661
916
955
594
105
-56
-42
135
626
928
1032
1075
1170
1403
1577
1498
997
501
-124
-683
-1128
-1517
-1770
-1844
-1274
-556
31
352
153
-388
-1082
-1602
-1792
-1432
-664
216
853
1082
1028
838
571
392
422
533
575
635
650
644
624
638
597
605
369
-107
-667
-1350
-1441
-992
-260
384
779
755
324
127
-82
-457
-544
-528
-412
-171
201
399
300
231
-40
-172
-121
-96
-166
-262
-281
-177
151
461
462
267
76
-259
-435
-432
-234
140
533
877
932
684
240
-165
-586
-933
-1125
-1101
-952
-478
328
874
1141
1135
840
411
57
37
198
369
539
628
589
517
471
233
-247
-500
-707
-881
-960
-992
-986
-738
-299
142
260
-54
-660
-1242
-1469
-1323
-847
-410
-173
-209
-213
-236
-348
-393
-361
-331
-222
142
638
1145
1485
1550
1320
897
409
52
-105
-87
68
367
555
641
603
395
178
57
-66
-268
-478
-575
-487
-198
238
543
609
396
-19
-346
-526
-643
-585
-472
-235
128
496
650
517
160
-288
-806
-1100
-1062
-1067
-902
-559
-258
-176
-158
-272
-471
-593
-661
-665
-637
-478
-265
22
190
320
116
-194
-603
-1036
-1134
-732
-17
709
1379
1705
1707
1555
1290
912
588
331
282
427
779
1119
1256
1183
820
431
123
26
105
241
375
480
482
603
622
517
420
314
387
580
901
1186
1091
667
228
-85
-186
-74
84
266
344
189
30
-249
-545
-823
-1100
-1359
-1608
-1590
-1490
-1206
-922
-696
-623
-667
-619
-621
-741
-971
-1246
-1432
-1249
-826
-390
-128
-74
-77
-183
-325
-291
-248
-176
50
277
636
945
981
802
322
-272
-781
-869
-658
-219
305
641
781
693
495
276
33
-212
-448
-619
-406
-172
221
627
813
770
445
135
-162
-289
-126
244
523
771
1025
1017
807
444
69
-371
-688
-783
-808
-567
-74
564
752
756
481
74
-273
-572
-696
-593
-372
-140
50
204
300
412
562
520
355
162
-40
-154
30
311
507
666
646
458
233
34
-16
-187
-270
-233
-67
204
556
837
787
427
-106
-511
-653
-552
-342
-118
-173
-231
-98
98
179
73
-155
-478
-718
-763
-567
-160
260
573
610
371
2
-352
-654
-779
-721
-626
-415
-161
-102
-177
-231
-354
-317
-260
-42
394
730
896
841
648
359
135
10
-36
-42
-148
-322
-493
-527
-428
-307
-173
-24
120
336
431
415
212
-73
-209
-335
-438
-508
-461
-418
-243
-86
-113
-280
-544
-698
-725
-626
-349
-149
43
250
277
256
48
-210
-390
-377
-328
-190
-84
55
258
473
653
838
885
796
615
411
297
151
87
97
158
285
447
582
484
303
-31
-276
-218
-101
49
101
102
96
112
113
166
211
274
466
647
713
705
625
551
534
543
572
582
603
606
621
543
370
132
-158
-482
-690
-698
-620
-471
-430
-520
-632
-700
-719
-643
-604
-579
-514
-428
-312
-256
-157
-106
-217
-373
-408
-432
-478
-356
-215
-26
135
244
222
-12
-256
-446
-458
-398
-279
-139
-130
-179
-280
-213
-115
-139
-92
-71
133
327
509
561
543
462
451
532
575
640
575
463
304
163
-30
-221
-314
-348
-375
-393
-290
-125
83
269
348
334
125
17
-95
-183
-142
-234
-420
-604
-695
-641
-495
-285
-66
5
-39
-115
-212
-344
-407
-388
-337
-223
-184
-84
-33
-63
-41
-66
44
140
266
292
282
162
-93
-225
-217
-96
32
218
222
179
155
169
297
452
574
647
777
711
672
629
571
583
552
488
412
422
382
282
19
-205
-334
-446
-345
-253
-130
82
143
123
105
117
184
219
154
75
-45
-68
41
223
433
508
512
445
298
215
129
58
14
108
187
183
184
163
225
128
-152
-592
-1041
-1290
-1202
-768
-198
330
610
585
394
69
-342
-670
-900
-1112
-1183
-1170
-924
-640
-453
-340
-362
-327
-313
-190
-8
195
286
168
48
-65
-171
-218
-194
-297
-475
-687
-834
-820
-659
-357
13
251
350
301
193
210
268
330
214
-44
-345
-538
-534
-381
-214
-33
152
377
514
577
541
354
160
-27
-129
-57
123
297
348
349
293
252
378
585
703
686
678
656
684
733
755
688
430
275
168
156
131
132
120
129
189
206
217
138
110
168
170
95
47
2
-37
-58
-43
104
152
91
44
-37
-56
-81
-109
-38
63
166
191
-58
-400
-591
-548
-335
15
235
277
151
-89
-201
-112
-24
-53
-192
-369
-435
-407
-166
-64
-126
-396
-589
-529
-453
-308
-132
-62
-36
124
277
410
436
282
70
-100
-305
-353
-239
-99
34
7
42
-35
-75
-155
-267
-337
-336
-303
-243
-63
106
244
390
507
418
205
-32
-314
-408
-397
-284
-163
-91
-137
-308
-409
-426
-297
-211
-134
-101
-127
-101
-99
-88
-105
-69
-90
16
95
120
203
231
276
297
176
37
-83
-95
61
264
443
436
361
220
72
-97
-270
-461
-445
-204
57
440
566
440
144
-113
-290
-276
-17
116
207
270
357
526
741
734
517
241
-94
-377
-455
-485
-463
-304
-106
33
125
151
138
5
-235
-386
-530
-482
-515
-382
-283
-254
-218
-119
78
330
548
493
366
165
78
148
325
584
766
798
806
668
557
528
555
540
497
496
406
356
292
165
19
-89
-168
-90
-7
88
82
-53
-275
-531
-664
-766
-795
-723
-634
-523
-357
-256
-187
-188
-324
-497
-481
-436
-362
-328
-324
-361
-431
-465
-479
-388
-267
-97
47
17
-41
-9
94
229
217
139
49
-115
-203
-207
-260
-285
-265
-335
-334
-355
-329
-214
-39
90
167
179
115
100
-38
-111
-171
-99
135
325
372
384
399
333
352
384
469
654
933
931
673
307
-44
-212
-174
69
168
198
168
56
-31
1
90
102
9
-163
-380
-514
-585
-537
-338
-160
21
83
146
165
76
-37
-129
-168
-247
-157
-112
-72
-103
-265
-429
-431
-229
68
374
565
511
406
424
511
693
860
812
686
528
341
181
46
-32
-74
-89
-61
85
144
226
288
344
441
486
464
340
351
325
318
366
341
216
58
-4
-117
-236
-244
-205
-103
22
-22
-250
-486
-622
-556
-248
54
199
181
73
-36
-204
-289
-369
-378
-418
-461
-456
-350
-246
-174
-185
-282
-324
-340
-305
-312
-244
-229
-248
-263
-403
-602
-645
-596
-358
-225
-54
-83
-358
-486
-670
-704
-596
-407
-183
65
141
75
104
150
201
197
4
-187
-329
-412
-352
-81
125
132
36
-67
10
100
221
345
422
450
456
404
360
379
415
538
524
398
251
207
266
276
378
358
310
184
44
69
126
169
166
107
26
46
-32
-228
-333
-441
-411
-332
-201
-30
51
101
1
-15
-3
0
120
155
167
83
95
160
162
60
-54
-26
133
311
403
347
125
-58
-88
-95
82
230
246
254
165
51
-58
-66
2
98
152
191
240
322
317
317
247
130
-16
-104
-119
-105
-73
-72
-127
-206
-156
-61
-37
24
6
-25
-37
-136
-347
-537
-677
-749
-670
-437
-231
-40
16
57
12
-100
-254
-394
-376
-397
-275
-162
-222
-280
-272
-332
-293
-239
-216
-201
-168
-96
-17
59
-54
-138
-90
12
231
303
298
220
169
92
-51
-137
-186
-252
-183
29
152
232
348
501
606
680
636
529
441
365
212
189
268
386
481
556
630
504
297
106
11
19
57
236
423
533
478
403
362
369
264
105
32
-129
-170
-69
45
116
98
57
77
27
45
-80
-185
-198
-195
-124
-97
-123
-189
-233
-243
-259
-299
-301
-363
-416
-423
-455
-555
-545
-389
-315
-295
-204
-137
-131
-110
-164
-160
-189
-312
-363
-423
-486
-455
-365
-303
-178
-38
115
188
174
26
-99
-212
-142
-13
124
372
484
572
500
334
113
4
-3
-38
-61
-75
-124
-252
-314
-326
-185
-28
170
280
305
302
111
-111
-276
-280
-117
-46
-5
-35
-149
-156
-74
-132
-224
-208
-262
-183
-48
257
394
260
21
-144
-156
-129
-100
-153
-253
-239
-183
-161
-87
27
127
190
160
120
6
-38
-46
10
-23
-11
82
209
455
596
741
683
583
489
446
475
579
511
451
404
318
249
112
89
-44
-107
-108
-62
59
66
76
24
-10
28
-44
-50
-10
30
95
50
-50
-145
-129
-24
37
-131
-387
-493
-478
-237
0
53
33
-118
-197
-114
34
239
267
150
-50
-266
-472
-528
-456
-407
-284
-276
-272
-197
-66
-2
62
127
50
13
-83
-131
-202
-144
-51
65
152
63
46
-19
-4
-19
12
117
209
198
103
-52
-129
-147
-180
-189
-209
-225
-229
-136
-43
119
205
288
308
290
206
274
434
507
640
582
493
212
-22
-54
-15
119
242
323
326
257
15
-91
-131
-119
-117
-94
-41
-8
74
99
218
247
172
157
73
-6
-129
-256
-261
-239
-223
-228
-246
-254
-284
-327
-470
-641
-767
-778
-819
-732
-590
-491
-325
-216
-46
63
105
65
62
19
-25
42
137
229
309
260
68
-141
-339
-308
-182
55
239
251
132
43
60
140
253
314
302
204
103
58
16
-5
45
113
198
270
293
218
122
81
87
32
62
133
263
350
384
399
289
211
54
-46
-80
-97
-133
-100
34
120
165
137
91
-42
-105
-91
-138
-270
-423
-439
-343
-129
58
156
124
97
67
104
132
66
-10
-114
-116
-68
11
8
-80
-204
-315
-201
74
245
291
178
-61
-284
-402
-419
-323
-135
76
244
225
179
138
-4
-111
-206
-318
-304
-185
-20
165
239
149
15
-81
-111
-40
143
192
235
198
83
97
153
365
491
397
227
119
145
223
297
211
63
-142
-224
-78
1
3
14
4
-123
-232
-281
-184
-146
-96
-27
-22
-4
-9
35
-46
-175
-400
-619
-714
-636
-505
-360
-214
-134
-25
85
174
161
37
-184
-304
-306
-267
-254
-178
-99
-103
-90
-8
103
222
398
530
539
362
217
130
4
124
302
487
568
588
557
434
380
240
153
229
191
124
117
102
79
154
191
171
68
110
167
186
149
25
-16
-92
-128
-181
-279
-347
-335
-285
-252
-158
-67
75
121
44
-128
-362
-421
-357
-55
175
343
284
202
182
91
-50
-200
-325
-449
-454
-477
-479
-450
-270
-10
198
286
200
45
-78
-97
-203
-226
-244
-214
-85
-28
56
57
33
15
17
89
113
4
-137
-163
-109
27
35
-70
-115
-191
-153
27
164
225
155
-43
-288
-384
-342
-242
-48
87
155
86
65
86
72
100
250
291
275
193
81
97
166
175
11
-98
-307
-422
-293
-109
1
-30
-218
-453
-524
-483
-242
-40
140
255
395
450
462
371
282
245
137
79
58
239
366
404
323
176
67
41
31
119
197
93
93
4
53
147
179
143
76
38
59
233
344
325
203
90
83
146
225
234
74
-61
-156
-147
-182
-143
-168
-142
-172
-212
-242
-272
-132
-68
-24
-93
-143
-216
-234
-206
-228
-152
-148
-185
-232
-297
-277
-263
-242
-151
-145
-171
-289
-402
-411
-315
-195
-178
-101
-77
-75
-173
-271
-297
-198
29
89
55
44
171
300
281
153
8
-128
-143
-9
229
374
371
271
19
-245
-360
-270
24
398
640
799
757
652
549
371
158
54
-10
-111
-116
-144
13
208
391
459
407
200
65
-13
48
210
277
289
173
31
-164
-246
-218
-116
-22
42
114
146
193
309
322
316
182
-49
-266
-359
-380
-300
-192
-189
-150
-208
-252
-333
-341
-315
-229
-152
-64
29
-23
-136
-133
-169
-153
-234
-394
-514
-422
-163
29
273
293
239
35
-203
-209
-132
-124
-150
-197
-202
-228
-247
-257
-232
-162
-134
2
179
225
260
284
265
268
294
283
247
95
-22
-87
-98
-54
29
148
224
252
190
99
-48
-135
-103
12
42
44
27
7
21
109
269
367
351
210
-48
-230
-290
-217
-76
27
141
261
323
298
228
109
-14
-69
-15
1
-38
-20
54
208
207
153
109
58
22
52
80
82
152
164
92
-14
-155
-298
-378
-282
-6
206
270
79
-137
-312
-456
-398
-353
-332
-293
-217
-215
-126
-67
-152
-171
-256
-301
-243
-142
-132
-219
-203
-167
-17
122
138
168
130
20
50
111
142
232
211
119
-35
-140
-190
-180
-98
-100
-79
-75
-45
-78
-47
-61
-246
-372
-511
-566
-466
-308
-199
-116
-78
-113
-97
-84
63
226
319
406
486
648
745
819
816
703
610
459
251
162
72
27
1
-35
-41
-53
-87
-156
-199
-128
87
253
253
164
86
57
79
148
268
357
498
572
531
488
339
92
-44
-156
-83
-23
-9
-48
-76
-58
-21
-57
-116
-55
-15
81
116
74
-36
-242
-403
-453
-400
-259
-177
-169
-177
-211
-220
-209
-121
-95
-155
-223
-289
-246
-263
-266
-334
-394
-316
-274
-230
-190
-57
24
3
14
-84
-107
32
56
34
49
-54
-113
30
126
172
182
140
72
85
73
85
61
27
81
118
91
-47
-125
-157
-170
-98
-77
-118
-79
-41
85
150
151
159
124
94
112
205
206
154
96
120
102
143
168
86
67
44
72
122
173
141
-18
-187
-339
-394
-444
-322
-246
-303
-307
-247
-136
-7
-8
-71
-35
104
212
304
290
145
18
-53
-45
-99
-124
-174
-159
-85
68
130
146
87
-5
5
-16
-23
19
38
-14
62
100
189
302
321
256
172
185
162
166
215
209
258
269
217
200
180
121
55
-30
-80
-54
-29
-46
-103
-149
-132
-78
-76
-75
-29
-9
-9
-12
-54
-81
-128
-191
-279
-273
-226
-168
-89
48
199
306
273
149
12
-6
110
159
172
219
188
159
151
222
327
402
329
172
73
-59
-130
-37
33
67
73
96
72
-33
-76
-150
-123
-126
-182
-254
-325
-318
-313
-321
-311
-371
-420
-400
-311
-262
-287
-305
-260
-166
-133
15
4
14
-72
-249
-241
-337
-408
-510
-506
-514
-337
-95
124
325
266
120
-58
-190
-230
-177
-126
-91
-51
-43
-30
5
106
184
163
108
-21
-165
-242
-215
-126
18
175
314
499
549
526
402
271
63
-48
18
88
249
315
333
387
341
287
278
287
230
233
239
196
188
140
149
183
247
361
328
337
308
318
346
360
369
382
436
446
388
303
154
22
-81
-171
-284
-307
-251
-158
-6
207
337
191
39
-138
-284
-361
-381
-364
-286
-325
-386
-391
-398
-446
-548
-603
-692
-672
-622
-463
-248
-78
-119
-360
-506
-523
-302
-77
80
136
93
-52
-158
-248
-225
-160
-95
21
243
407
476
409
225
69
-8
-81
-200
-165
-55
84
239
328
297
206
74
-6
-59
-39
63
156
160
35
-21
-63
-99
-22
-43
10
25
178
312
423
478
537
623
547
446
229
122
-89
-213
-246
-226
-140
-94
-84
-61
-46
-98
-132
-134
-240
-226
-152
-140
-209
-293
-382
-394
-311
-154
-108
-66
-40
-35
-81
-206
-324
-396
-289
-103
154
353
562
629
508
240
17
-136
-188
-91
-2
125
272
363
433
544
575
431
148
-127
-274
-307
-223
-38
-33
-33
-142
-279
-403
-410
-254
-114
-69
-91
-181
-187
-197
-160
-200
-258
-265
-272
-183
-202
-70
-40
10
4
-14
-2
98
425
706
858
746
503
291
221
218
312
409
410
352
177
45
-26
8
-32
34
163
141
229
232
231
203
148
182
183
249
177
124
81
27
-19
-17
-32
-47
-28
9
93
206
382
347
130
-191
-493
-620
-624
-435
-132
24
70
10
-164
-416
-643
-713
-629
-517
-451
-451
-491
-477
-449
-350
-324
-322
-159
-20
85
133
19
-85
-201
-197
-216
-282
-296
-396
-489
-424
-283
-131
-42
-81
-176
-229
-165
-134
-132
-192
-233
-150
-27
198
431
526
521
410
392
310
264
150
79
186
336
500
563
628
626
633
547
536
446
344
314
376
455
351
171
26
74
161
210
225
113
26
60
102
88
113
98
-61
-283
-495
-582
-451
-123
170
358
335
215
142
15
-27
-43
-66
-133
-153
-131
-160
-143
-181
-179
-124
-43
-40
-134
-238
-316
-273
-181
-153
-217
-272
-261
-197
-64
80
125
1
-102
-110
-117
-47
-20
-51
-112
-153
-89
69
246
327
275
56
-151
-236
-271
-334
-277
-279
-191
-57
59
95
-69
-159
-263
-339
-322
-256
-94
-33
-157
-321
-444
-390
-166
80
224
187
137
117
99
175
96
-39
-167
-224
-121
140
343
482
549
464
312
157
171
323
531
654
688
519
419
357
278
297
229
171
125
131
271
334
327
226
-19
-166
-161
-98
-3
-15
-82
-125
-150
-203
-283
-309
-259
-56
139
217
226
189
19
-112
-137
-99
-28
-29
-96
-219
-391
-552
-671
-690
-616
-548
-489
-453
-409
-375
-358
-285
-137
-22
1
-43
-163
-249
-240
-189
-106
-44
-131
-246
-251
-162
83
300
405
352
241
278
313
380
418
424
321
155
106
58
139
174
144
116
169
209
345
413
362
274
123
47
-86
-50
-22
51
-16
-107
-170
-87
94
201
298
315
236
195
168
146
192
264
291
235
207
162
229
241
89
-96
-265
-410
-571
-666
-648
-508
-365
-161
-33
-40
-189
-302
-373
-286
-122
-7
28
-11
99
106
-18
-156
-184
-107
87
309
380
369
285
235
160
144
122
87
72
106
143
66
28
-31
-9
-23
19
192
397
431
380
303
234
220
183
70
-155
-348
-385
-321
-194
-101
-131
-221
-324
-376
-379
-224
-168
-196
-169
-255
-301
-288
-211
-232
-295
-432
-548
-615
-467
-235
-150
-157
-376
-549
-605
-523
-360
-165
-17
86
115
43
-68
-263
-287
-154
-8
60
199
167
-15
-54
23
88
237
362
363
369
312
386
443
408
395
409
539
582
594
617
607
473
313
175
34
10
48
130
239
400
473
388
219
11
-122
-129
44
193
340
306
180
102
10
9
-28
-90
-176
-161
-144
-75
-17
54
69
-5
-33
-75
-160
-218
-275
-325
-311
-261
-143
-82
-88
-185
-218
-247
-197
-60
22
113
117
63
47
21
-56
-134
-121
-140
-127
-89
-103
-112
-13
62
87
47
40
48
34
107
120
117
148
213
175
183
196
124
150
263
263
253
223
206
254
193
133
28
-17
14
56
66
-9
-161
-249
-281
-262
-268
-232
-227
-199
-218
-311
-330
-470
-480
-444
-428
-398
-391
-361
-321
-399
-385
-406
-310
-183
-102
-22
10
35
49
123
92
53
-3
-60
-26
37
36
-10
57
251
411
453
429
285
243
243
262
401
379
351
314
274
143
90
85
-23
-97
-192
-256
-165
2
236
360
323
308
229
214
227
172
142
150
88
65
-1
-72
-146
-141
-112
-138
-262
-391
-436
-328
-193
-140
-249
-461
-554
-563
-418
-253
-129
-103
-100
-92
-46
-74
-114
-185
-165
-33
67
127
53
-9
-176
-285
-259
-276
-163
-6
123
221
310
361
408
378
219
34
-66
-35
89
196
349
436
453
351
171
46
-105
-132
-94
45
204
333
393
424
452
336
153
-45
-213
-266
-92
43
166
224
153
100
22
5
-16
59
61
90
88
72
51
-27
-71
-149
-198
-127
-17
-1
-87
-284
-437
-538
-551
-429
-224
50
205
284
165
35
4
-67
-49
-3
-32
6
27
100
174
159
93
-24
-63
-63
13
97
96
21
64
182
249
343
274
216
131
60
15
-64
-93
-28
17
37
84
103
114
3
-128
-155
-239
-238
-158
-92
-66
-73
-55
-26
2
-44
-22
4
8
-12
-86
-138
-165
-37
29
117
166
158
191
175
218
156
55
-30
-92
-71
-37
-75
-122
-211
-190
-150
-78
-18
24
15
-33
-61
-34
63
120
116
39
49
-31
15
22
-57
-133
-135
-96
-153
-191
-309
-411
-360
-271
-231
-191
-181
-288
-446
-516
-568
-485
-321
-131
-67
-73
-86
-181
-194
-131
-28
-9
36
45
-34
-62
2
49
136
194
157
134
154
228
279
216
87
29
48
159
293
399
497
438
296
224
163
189
199
227
300
356
431
437
486
487
356
189
-59
-235
-286
-286
-156
-69
-64
-108
-122
-80
-63
-4
66
78
74
72
90
174
259
314
387
468
378
297
312
275
111
-89
-202
-358
-392
-417
-538
-657
-774
-751
-692
-486
-210
23
235
357
421
437
464
377
338
211
118
-18
-223
-410
-477
-347
-241
-62
90
186
180
135
51
74
-27
-132
-133
-143
-47
-31
55
204
360
556
613
448
163
-135
-306
-367
-282
-101
55
52
-45
-210
-397
-512
-580
-541
-382
-263
-195
-200
-231
-240
-226
-132
-66
27
50
108
207
295
336
191
47
-13
-88
-89
-37
-40
-119
-140
-109
-35
123
156
109
11
1
-40
-20
102
98
102
66
-12
38
48
127
176
159
57
-18
42
165
358
460
461
334
219
106
32
-5
72
209
257
151
-78
-259
-281
-182
-10
248
322
369
246
97
39
-95
-160
-248
-283
-190
-119
-7
76
125
-46
-241
-194
-98
39
117
189
205
250
272
265
218
144
61
-97
-143
-132
-52
-54
-173
-309
-377
-350
-260
-192
-201
-204
-285
-280
-271
-279
-395
-467
-452
-403
-171
1
121
139
52
63
28
-21
-1
78
252
465
583
582
527
440
425
439
282
184
53
-94
-107
-92
-114
-75
-50
-35
-17
-42
-110
-133
-266
-342
-274
-172
-111
-214
-283
-320
-303
-242
-292
-351
-300
-292
-291
-304
-340
-316
-259
-228
-121
4
133
171
72
-39
-118
-131
-50
88
98
193
300
453
562
530
401
291
279
324
407
358
345
336
226
125
-15
-126
-84
-41
-9
43
-12
-111
-132
-303
-411
-412
-434
-397
-304
-140
-43
-122
-144
-117
-11
59
89
160
189
289
364
418
413
429
436
521
507
417
331
277
381
514
624
611
431
302
165
147
157
164
75
-48
-222
-306
-221
-171
-75
-11
-10
-29
-47
-45
-65
-139
-280
-354
-319
-302
-315
-360
-408
-393
-354
-303
-263
-256
-283
-248
-197
-141
-65
56
50
48
0
-144
-258
-389
-320
-197
-36
51
23
-55
-202
-372
-518
-657
-634
-511
-294
-199
-267
-271
-293
-239
-183
-135
-38
31
165
255
289
200
-23
-154
-200
-42
173
238
228
175
221
279
281
255
269
291
361
438
401
394
448
507
531
472
383
389
431
455
545
593
531
485
404
373
386
310
237
74
-61
-180
-272
-280
-189
-114
-31
-51
-126
-147
-237
-242
-227
-221
-223
-192
-173
-207
-217
-114
45
184
205
187
111
61
47
93
190
176
159
139
55
-80
-163
-115
-27
59
128
126
17
-82
-143
-94
-28
26
85
83
48
-15
-9
-32
-38
-167
-371
-404
-461
-290
-187
-94
-88
-172
-179
-276
-331
-383
-366
-267
-262
-224
-290
-330
-415
-454
-447
-418
-232
-145
-177
-308
-384
-388
-353
-262
-206
-257
-350
-412
-483
-463
-420
-366
-270
-207
-163
-169
-132
-28
123
153
163
216
155
112
129
92
146
217
219
229
200
264
384
484
480
464
406
313
242
191
241
295
406
407
292
258
204
208
290
433
564
529
454
334
155
102
138
227
190
159
56
2
-2
-2
47
44
9
-71
-111
-126
-35
37
93
247
391
573
559
454
254
48
-45
82
238
310
267
99
1
-39
48
131
113
-18
-135
-277
-367
-416
-369
-257
-176
-84
-2
-2
-55
-142
-244
-244
-247
-258
-213
-80
-13
65
82
70
109
68
-66
-260
-399
-327
-98
188
324
364
288
188
102
89
68
46
-7
-77
-79
-121
-153
-178
-149
-179
-201
-196
-209
-226
-235
-172
-61
77
80
-87
-238
-316
-306
-221
-130
-56
-57
-75
-95
-106
-134
-109
-100
-123
-210
-195
-139
-120
-90
-29
-4
-65
3
-77
-165
-172
-232
-178
-89
-180
-229
-339
-356
-272
-193
-133
-97
-133
-157
-165
-159
-168
-173
-178
-195
-213
-92
0
134
260
299
284
242
209
178
296
382
424
427
454
371
315
313
428
461
489
463
332
252
203
269
336
438
504
418
316
315
241
133
74
10
89
106
38
39
53
34
83
68
-33
-55
-24
71
171
170
87
-37
-177
-220
-207
-158
-63
-62
17
152
173
173
58
-66
-162
-98
45
155
183
105
42
-32
-84
-142
-217
-307
-336
-304
-271
-201
-258
-284
-285
-346
-257
-167
-211
-206
-192
-242
-244
-229
-179
-134
-155
-175
-151
-97
90
215
171
125
-98
-273
-303
-223
-174
-136
-110
-186
-148
-83
52
29
16
-28
39
93
66
77
56
22
8
-16
-90
-105
-154
-176
-241
-330
-341
-292
-163
-43
86
182
199
179
113
0
-231
-319
-266
-143
14
151
212
232
195
183
216
229
224
123
-29
-164
-247
-200
-75
6
42
70
122
192
288
292
248
269
233
192
85
72
137
183
234
204
123
-52
-270
-371
-287
-4
212
266
283
183
153
151
267
336
336
308
269
175
112
104
34
-3
-79
-105
-105
-26
-68
-122
-191
-147
-80
-68
8
51
53
35
17
62
81
-71
-140
-183
-241
-188
-109
47
129
17
-74
-170
-146
36
194
264
246
152
101
37
19
92
181
251
283
289
143
38
-57
-207
-169
-8
44
-29
-55
-2
40
69
-9
-37
-55
-47
-25
86
124
118
80
-42
-186
-309
-336
-393
-329
-307
-285
-171
-130
-146
-253
-358
-470
-449
-364
-194
15
126
131
8
-146
-261
-163
-31
90
198
114
71
-3
-91
-128
-165
-46
133
236
165
39
-107
-197
-245
-108
-23
-56
-109
-159
-90
-2
50
-16
-81
-178
-148
-20
134
226
301
294
291
316
294
217
225
294
328
382
399
341
225
223
216
180
228
288
269
264
260
297
168
7
-133
-144
-59
126
302
279
150
-128
-242
-239
-211
-227
-282
-356
-352
-332
-347
-273
-228
-120
-56
-107
-134
-216
-160
-1
134
204
132
72
90
115
94
38
-65
-197
-285
-336
-353
-405
-403
-340
-236
-5
128
204
229
168
111
119
139
185
305
389
429
421
446
379
301
289
315
252
128
-91
-176
-201
-153
-40
27
141
168
174
106
21
-105
-234
-319
-288
-188
-130
-124
-232
-388
-554
-639
-549
-345
-247
-322
-445
-484
-400
-337
-228
-83
-75
-48
6
30
-67
-147
-83
37
102
52
5
0
43
120
245
261
257
221
97
-33
-83
-59
55
147
139
179
272
284
176
51
-85
-40
73
160
198
226
235
262
351
345
375
286
196
228
251
302
381
362
307
162
-23
-117
-119
-25
88
216
250
206
125
15
-60
-144
-255
-310
-278
-208
-197
-196
-309
-334
-435
-510
-559
-515
-343
-198
-127
-153
-279
-337
-287
-265
-223
-185
-102
-34
91
90
-2
-35
-103
-173
-61
84
231
238
251
233
122
98
83
113
155
197
239
192
147
-38
-241
-269
-229
-81
106
228
225
113
-8
12
101
304
464
506
488
417
363
305
306
197
134
127
186
259
364
480
531
528
376
219
-87
-251
-216
-22
259
391
333
99
-128
-364
-352
-263
-189
-231
-314
-283
-308
-253
-191
-133
-213
-362
-580
-563
-452
-216
-109
-141
-205
-290
-325
-280
-218
-186
-191
-184
-194
-162
-111
-159
-189
-167
-159
-204
-234
-221
-168
-73
-7
153
166
182
96
-95
-137
-46
185
328
390
286
26
-269
-442
-537
-424
-216
-14
290
425
372
189
-8
3
72
98
177
122
50
17
-8
-31
-36
-28
-127
-152
-64
112
351
485
466
368
163
-28
-158
-162
-39
112
246
307
459
396
271
184
67
37
-42
-22
-25
65
188
222
146
26
-65
-158
-226
-229
-151
33
155
276
305
271
185
50
15
38
94
191
195
234
188
84
100
-37
-120
-191
-246
-192
-43
41
43
-3
-56
-234
-300
-278
-198
-59
19
59
-70
-247
-390
-507
-529
-362
-146
-7
80
136
63
-14
-113
-246
-380
-528
-534
-356
-28
202
225
67
-176
-323
-305
-222
-65
71
75
38
70
162
135
148
173
38
-12
-75
-109
32
299
420
363
223
73
57
112
298
267
265
191
105
43
-49
-28
19
151
331
461
492
325
98
-84
-231
-237
-231
-51
120
136
183
181
168
121
25
-13
27
95
138
179
125
18
19
3
-21
-13
-1
31
0
65
113
201
164
35
-37
-151
-119
-50
194
345
260
125
-100
-287
-287
-250
-63
106
259
427
406
298
-5
-344
-638
-789
-635
-326
-11
102
37
-125
-350
-483
-562
-578
-569
-621
-614
-540
-452
-256
-216
-182
-268
-366
-390
-348
-246
-237
-181
-203
-218
-153
-80
42
142
207
240
235
245
254
275
286
252
166
33
-68
-26
88
312
567
702
643
410
131
-13
44
240
441
543
516
368
208
148
195
182
140
-28
-266
-451
-501
-452
-336
-241
-215
-178
-226
-128
-22
110
82
5
-38
-2
73
62
31
-122
-107
-65
-29
100
126
75
103
158
268
212
42
-38
-180
-195
-59
92
208
239
179
162
187
243
332
331
231
147
116
66
119
62
-74
-102
-158
-54
54
125
90
-42
-143
-248
-151
-3
151
165
75
29
-7
-35
-25
61
96
151
114
87
99
77
159
104
14
-86
-222
-250
-242
-209
-244
-250
-174
-121
-32
35
177
378
458
518
426
306
83
-130
-183
-117
34
287
417
301
70
-157
-325
-409
-223
-73
82
125
69
12
-67
-108
-169
-214
-226
-169
-88
33
25
4
-33
-137
-206
-314
-324
-271
-281
-285
-329
-325
-269
-123
-5
-39
-189
-361
-408
-374
-253
-58
92
120
147
134
122
101
88
63
105
123
100
75
15
26
-15
-107
-153
-158
-249
-135
78
173
244
223
39
-160
-353
-458
-465
-332
-102
117
239
251
171
22
36
99
138
120
72
19
2
138
165
58
22
-109
-285
-260
-186
-94
19
147
297
349
352
246
105
-45
-92
-78
-6
130
144
158
154
162
194
204
130
80
35
74
148
193
147
-24
-159
-193
-32
98
214
264
196
229
144
132
121
116
39
75
240
416
601
742
653
455
329
197
168
86
-55
-147
-218
-223
-213
-155
-127
-221
-244
-376
-463
-585
-670
-687
-595
-444
-196
-25
-65
-97
-218
-230
-244
-169
-24
83
242
221
92
-50
-226
-302
-217
-60
70
116
29
-170
-457
-554
-461
-376
-267
-250
-157
-14
109
160
200
57
-118
-290
-419
-492
-424
-164
-35
99
161
199
226
251
157
75
39
50
57
163
316
438
403
376
325
242
143
87
191
303
374
222
232
239
246
266
149
35
-6
201
485
717
695
478
229
-88
-233
-127
1
139
313
427
466
446
410
289
94
-65
-208
-304
-346
-309
-262
-203
-159
-117
-58
-9
38
20
-74
-283
-298
-176
-92
-45
-48
-168
-248
-251
-162
-66
-124
-271
-366
-427
-363
-222
-112
-92
-124
-246
-310
-335
-251
-158
-128
-121
-179
-125
-147
-124
-177
-274
-307
-282
-259
-222
-238
-357
-422
-428
-409
-350
-425
-418
-274
-99
98
244
384
293
118
-56
-146
-234
-160
22
180
355
388
329
229
83
47
143
204
277
279
269
217
181
212
121
174
289
435
405
370
358
344
432
444
460
347
229
139
210
374
530
679
621
475
327
183
169
205
322
481
609
724
653
540
455
343
318
242
116
-45
-208
-243
-270
-199
-218
-327
-451
-544
-552
-508
-534
-568
-606
-548
-395
-215
-108
-213
-288
-358
-435
-459
-400
-408
-403
-316
-303
-312
-343
-329
-239
-121
-35
-22
-122
-268
-413
-408
-299
-287
-189
-136
-150
-156
-117
-34
121
217
266
288
222
203
193
148
218
318
407
385
327
356
356
276
220
139
60
70
103
138
14
-187
-313
-373
-173
-28
-2
-79
-97
-100
-16
81
80
-9
-188
-349
-419
-281
-113
118
166
88
-79
-248
-313
-317
-233
-234
-180
-100
-29
30
105
107
104
91
39
-86
-129
-154
-215
-72
17
107
179
188
69
-12
22
27
58
97
78
4
-129
-228
-246
-241
-165
-136
-132
-175
-109
0
85
205
301
281
254
218
272
323
355
417
419
410
422
364
282
165
60
67
106
176
185
110
12
-7
50
205
335
382
256
74
-38
-93
108
334
395
425
314
134
11
-43
-30
-13
103
252
333
361
271
130
49
31
73
194
183
67
2
-156
-192
-120
-167
-164
-217
-286
-366
-409
-383
-299
-208
-189
-180
-228
-288
-313
-323
-369
-405
-417
-470
-575
-610
-566
-470
-324
-232
-149
-9
23
-18
-100
-150
-158
-97
-31
-50
-98
-202
-258
-281
-201
-81
32
134
133
77
-15
-81
-172
-185
-104
-11
154
318
362
476
440
304
186
74
79
144
244
286
395
454
480
541
561
595
410
155
-32
-105
-92
38
178
234
259
183
156
138
118
105
105
45
4
-90
-165
-217
-302
-356
-344
-328
-368
-344
-336
-352
-380
-410
-360
-361
-293
-264
-272
-216
-162
-176
-239
-301
-305
-215
-121
47
146
78
-4
-74
-146
-123
-131
-60
70
182
226
138
92
28
84
51
16
79
163
243
255
306
407
445
364
264
202
260
357
374
249
67
-78
-177
-171
-52
84
235
235
171
60
-50
-1
133
279
336
322
263
193
115
130
164
137
120
88
52
13
-66
-170
-200
-155
-64
62
187
221
168
100
-7
-104
-107
-25
8
-9
-118
-241
-297
-317
-232
-70
31
-19
-88
-190
-210
-143
26
126
219
169
45
-27
11
61
25
13
-65
-193
-227
-110
15
107
-30
-134
-203
-74
62
49
-55
-230
-414
-555
-418
-244
-86
-36
-79
-75
-63
-21
102
154
164
102
30
12
-8
-36
40
22
-9
-74
-199
-345
-468
-499
-525
-499
-438
-383
-365
-273
-247
-221
-123
-125
-64
113
189
175
186
186
128
93
150
246
175
162
130
88
25
-3
80
114
105
83
44
72
98
168
179
195
221
210
346
413
443
362
278
144
128
111
96
140
129
101
57
-80
-186
-255
-201
-144
-51
93
134
105
10
-71
-107
-55
112
275
338
290
186
51
-11
-2
-56
-46
-63
-33
-20
32
28
-31
-60
-28
65
43
33
-40
-147
-88
47
94
211
224
176
200
146
171
337
399
445
372
284
216
190
239
337
392
334
228
29
-126
-201
-196
-162
-77
32
250
287
222
-13
-275
-418
-456
-216
46
248
253
97
-27
-69
-231
-332
-387
-475
-526
-510
-476
-494
-434
-515
-577
-585
-617
-638
-590
-511
-479
-526
-563
-471
-377
-255
-209
-135
-167
-199
-158
-146
-134
-175
-239
-298
-297
-272
-260
-206
-134
-98
-65
-36
0
23
64
116
236
286
299
303
283
295
182
102
99
113
169
312
404
515
623
676
642
582
430
303
255
180
92
94
222
260
357
363
329
257
229
272
317
414
462
431
439
370
269
179
211
287
322
284
184
118
-5
-44
-127
-178
-276
-353
-259
-81
130
272
302
114
-108
-204
-184
-73
74
80
-17
-57
-103
-123
-97
-141
-254
-332
-447
-398
-235
-23
94
-27
-179
-452
-653
-701
-611
-550
-416
-290
-235
-130
-32
101
183
187
-44
-302
-495
-609
-545
-371
-269
-228
-251
-208
-147
-114
-47
-82
-166
-270
-325
-185
39
221
270
267
313
337
442
462
386
80
-36
-89
86
346
426
465
466
449
407
323
202
43
-126
-188
-232
-98
22
232
406
416
371
216
46
26
98
119
133
109
68
30
83
181
328
475
526
423
355
174
-31
-163
-259
-126
64
251
370
284
154
-38
-47
-25
50
30
-102
-177
-144
-10
94
137
147
144
65
-4
-186
-373
-564
-621
-659
-581
-396
-144
14
39
31
-129
-254
-383
-471
-414
-342
-244
-161
-152
-123
-206
-242
-274
-333
-302
-292
-268
-305
-319
-182
-58
86
108
39
1
20
126
163
74
-29
-156
-232
-228
-101
-42
29
196
288
413
384
304
226
89
66
66
105
187
151
118
15
37
122
49
-57
-193
-364
-395
-308
-52
231
331
361
291
163
85
18
74
129
210
264
260
295
350
433
499
615
484
259
47
-144
-190
-190
-126
-109
-205
-311
-372
-284
-111
28
113
112
67
0
-23
19
-48
-126
-303
-414
-414
-409
-412
-369
-432
-489
-491
-455
-429
-481
-527
-505
-335
-146
-18
-42
-136
-280
-284
-256
-142
49
217
368
549
523
451
371
263
255
218
234
274
343
460
491
410
366
283
261
306
403
541
652
686
533
394
235
225
342
356
259
123
56
166
321
495
612
567
540
329
138
-31
-153
-111
-105
-138
-157
-160
-122
-17
-2
-100
-175
-237
-216
-173
-229
-359
-506
-585
-737
-640
-521
-422
-307
-294
-291
-319
-258
-128
-40
-106
-127
-218
-247
-156
-73
71
117
47
-111
-173
-125
-132
-135
-171
-161
-98
-20
86
125
76
-44
-133
-182
-94
21
170
255
265
350
389
416
347
327
258
244
266
333
405
340
242
93
8
66
32
112
186
207
204
88
82
3
-3
1
28
114
69
-19
-137
-253
-334
-370
-396
-387
-378
-379
-338
-276
-192
-182
-205
-199
-211
-99
-146
-267
-363
-473
-436
-366
-396
-397
-454
-507
-373
-246
-201
-230
-296
-386
-439
-458
-441
-363
-243
-162
-101
-37
13
-55
-253
-409
-498
-402
-220
34
144
123
49
-31
-95
-220
-258
-283
-247
-192
-142
-87
-6
78
146
181
253
302
312
307
282
338
376
509
661
730
758
697
604
519
445
473
525
582
671
739
788
817
820
710
527
505
580
694
747
719
577
488
447
539
739
883
944
848
718
557
517
496
467
465
380
214
100
-12
-13
-68
-107
-118
-173
-214
-250
-323
-381
-479
-598
-615
-603
-499
-471
-472
-568
-606
-550
-489
-467
-533
-668
-940
-1067
-1080
-975
-826
-721
-660
-675
-644
-716
-704
-700
-687
-604
-518
-354
-274
-164
-103
-185
-241
-263
-257
-273
-238
-166
-30
32
-58
-218
-377
-422
-340
-168
25
131
134
240
294
309
304
237
170
112
126
156
222
195
119
113
168
282
357
449
534
516
500
438
430
409
389
396
358
320
276
258
238
256
221
255
219
141
120
39
34
132
195
268
382
366
284
200
99
76
90
128
141
32
18
-91
-116
-122
-20
-8
-98
-124
-194
-185
-194
-157
-69
23
133
54
-24
-112
-227
-289
-302
-323
-443
-476
-424
-317
-224
-170
-127
-79
-35
-104
-147
-320
-428
-413
-375
-229
-159
-61
49
103
193
196
145
154
51
-29
-105
-166
-113
23
176
235
226
120
-14
-87
-106
-61
-60
-65
-56
-6
9
66
156
264
328
349
337
270
210
95
-63
-81
63
242
328
335
314
243
141
48
-10
-40
-20
13
34
3
-38
-83
-174
-197
-97
-58
-7
122
180
249
338
376
320
229
143
99
138
64
0
56
125
228
201
119
40
-13
-8
15
73
64
52
-7
-102
-136
-179
-199
-222
-259
-272
-208
-84
9
51
-52
-162
-312
-495
-521
-533
-466
-428
-311
-146
35
138
100
0
-233
-480
-588
-625
-503
-333
-278
-274
-341
-368
-240
-160
-79
63
150
59
46
173
278
399
492
549
487
388
368
332
315
259
218
236
322
437
456
485
489
489
481
491
471
377
261
162
157
159
241
263
253
302
341
303
201
17
-196
-218
-204
-201
-129
-103
-109
-115
-132
-236
-424
-455
-396
-358
-294
-371
-460
-494
-507
-462
-371
-215
-177
-134
-129
-109
-161
-351
-346
-276
-202
-108
-71
-136
-196
-256
-353
-472
-552
-529
-439
-383
-305
-256
-293
-316
-392
-447
-430
-341
-320
-303
-258
-246
-232
-213
-151
-64
12
-30
-62
-97
-51
28
184
241
231
236
180
333
454
553
639
711
713
579
384
258
231
257
336
421
431
484
536
590
587
479
430
347
359
489
543
511
399
347
396
450
569
555
537
517
504
488
371
287
171
122
-9
-119
-209
-202
-147
-109
-104
-43
72
153
254
279
383
338
291
261
222
192
68
-44
-222
-353
-439
-414
-363
-321
-282
-406
-489
-492
-504
-509
-600
-673
-635
-609
-438
-332
-289
-292
-313
-289
-302
-273
-316
-328
-293
-202
-84
-23
49
72
128
210
228
180
111
83
40
34
17
-104
-139
-105
-36
-14
77
53
52
71
8
3
-25
-26
26
143
176
94
-19
-59
-128
-108
-78
-141
-142
-104
-12
17
21
-36
-167
-184
-186
-166
-119
-190
-299
-340
-334
-271
-174
-134
-161
-225
-267
-298
-284
-276
-256
-161
26
225
283
247
94
-127
-307
-318
-239
-52
63
95
142
118
132
217
253
257
194
2
-220
-490
-715
-698
-584
-428
-151
15
93
-5
-146
-97
46
114
182
229
218
255
364
486
653
596
526
573
619
673
712
728
680
658
559
554
462
444
501
437
341
316
249
230
396
527
603
513
267
53
76
201
302
281
203
54
-170
-345
-460
-545
-622
-591
-524
-556
-578
-600
-680
-710
-644
-589
-584
-603
-758
-735
-578
-410
-297
-242
-271
-345
-293
-179
-174
-131
-146
-217
-207
-149
-49
65
129
30
-189
-325
-327
-341
-241
-98
129
298
322
224
96
68
189
276
292
361
356
426
537
634
636
637
565
491
560
650
755
812
781
700
629
620
641
688
670
628
461
289
270
175
106
54
59
113
142
222
305
347
284
142
-84
-273
-419
-521
-544
-484
-308
-260
-294
-347
-478
-535
-626
-657
-667
-684
-695
-707
-665
-673
-705
-761
-836
-928
-973
-965
-906
-802
-679
-480
-245
-40
-21
-139
-466
-686
-781
-709
-435
-124
26
31
-20
-141
-216
-310
-354
-265
-48
208
412
545
586
602
674
736
702
695
660
500
337
305
410
686
942
1088
1114
1030
842
622
533
398
290
200
218
301
343
308
321
270
193
222
234
241
217
110
24
-75
-173
-210
-269
-336
-400
-448
-499
-413
-368
-366
-451
-474
-315
-168
-55
-51
-7
77
167
272
271
190
82
-38
-12
121
299
445
424
373
357
344
358
341
251
178
128
59
85
213
374
446
443
361
220
124
121
66
42
63
5
-96
-135
-194
-379
-455
-407
-292
-152
-28
-91
-278
-438
-637
-735
-793
-844
-798
-813
-739
-674
-750
-912
-1043
-1057
-1021
-899
-802
-644
-366
-207
-96
-101
-182
-285
-427
-510
-531
-487
-439
-285
-38
202
428
515
477
421
368
495
692
796
780
706
665
602
652
740
736
730
787
733
686
636
528
428
371
323
283
433
500
464
368
248
41
-181
-266
-360
-391
-466
-567
-600
-522
-412
-328
-266
-281
-425
-579
-675
-662
-575
-525
-581
-707
-793
-864
-803
-671
-573
-562
-612
-618
-555
-565
-581
-615
-630
-641
-667
-665
-664
-484
-429
-374
-333
-217
-23
121
264
341
347
309
326
283
294
329
403
454
452
446
432
539
755
945
1039
1037
1064
1085
1074
1099
1129
1149
1255
1225
1174
1147
1177
1253
1209
1109
1002
956
957
1069
1100
1085
1059
922
826
705
550
431
386
398
383
410
475
517
482
452
454
445
479
336
207
111
65
-43
-229
-354
-516
-628
-738
-762
-785
-756
-687
-641
-633
-663
-727
-773
-809
-761
-708
-687
-699
-639
-584
-562
-492
-460
-358
-297
-228
-158
-138
-251
-324
-517
-591
-674
-799
-908
-984
-995
-1001
-967
-964
-1072
-1149
-1149
-1211
-1205
-1187
-1223
-1228
-1243
-1280
-1246
-1249
-1252
-1232
-1141
-1042
-904
-711
-557
-434
-458
-461
-461
-428
-294
-132
120
247
208
205
215
292
428
623
816
934
969
1006
1092
1145
1203
1157
919
822
916
998
1013
973
839
692
628
584
607
625
713
861
980
1085
1093
1044
892
794
645
604
656
684
737
653
501
347
314
337
439
509
576
561
438
373
226
114
70
23
-34
39
46
44
1
-79
-120
-213
-266
-253
-205
-170
-185
-156
-182
-230
-358
-471
-665
-753
-745
-683
-654
-680
-630
-660
-596
-567
-537
-616
-775
-773
-654
-487
-388
-322
-299
-286
-213
-132
-97
-147
-202
-235
-182
19
324
606
781
870
961
1079
1201
1234
1243
1185
1136
1035
917
788
692
659
672
701
661
587
446
288
128
-3
-146
-267
-436
-627
-738
-805
-839
-965
-1216
-1530
-1769
-1839
-1795
-1668
-1611
-1707
-1785
-1910
-1910
-1858
-1688
-1542
-1473
-1414
-1403
-1359
-1285
-1257
-1134
-992
-887
-807
-743
-686
-609
-394
-206
-84
-86
-49
-59
32
139
173
264
384
551
716
879
992
999
971
900
903
1024
1211
1469
1569
1625
1599
1558
1545
1496
1466
1444
1451
1435
1476
1547
1594
1621
1573
1548
1583
1713
2011
2252
2316
2188
2040
1876
1852
1876
1966
1796
1541
1375
1265
1391
1480
1390
1290
1027
781
654
453
236
75
65
26
-3
-66
-174
-278
-386
-451
-566
-659
-765
-958
-1097
-1197
-1174
-1175
-1132
-1194
-1402
-1623
-1836
-1999
-2069
-2078
-2169
-2174
-2201
-2280
-2252
-2283
-2295
-2264
-2162
-2069
-2082
-2053
-2005
-1918
-1835
-1683
-1591
-1573
-1536
-1560
-1523
-1434
-1292
-1102
-954
-890
-854
-870
-958
-999
-970
-778
-598
-497
-360
-319
-213
9
262
426
528
571
673
796
889
975
993
874
874
899
920
910
765
590
300
202
253
307
510
599
668
688
686
694
725
798
762
650
509
433
437
465
532
601
646
733
809
1000
1028
915
664
355
142
102
334
569
846
958
1094
1154
1129
1147
1113
1204
1289
1335
1435
1425
1387
1359
1281
1273
1267
1319
1275
1234
1126
928
799
684
617
531
445
317
148
-19
-140
-224
-382
-515
-712
-823
-910
-988
-1061
-1205
-1351
-1444
-1510
-1642
-1690
-1774
-1900
-1962
-1935
-1914
-1966
-2078
-2119
-2043
-1983
-1858
-1787
-1767
-1603
-1379
-1067
-721
-546
-426
-306
-96
268
614
809
910
899
958
1027
1024
1070
1072
1115
1157
1323
1363
1381
1342
1226
1256
1280
1395
1501
1472
1460
1410
1316
1284
1258
1234
1170
1048
968
949
884
831
725
615
526
439
369
314
316
247
125
-13
-162
-254
-256
-233
-272
-327
-299
-202
-64
-54
-146
-282
-421
-471
-493
-455
-521
-645
-735
-849
-748
-640
-572
-517
-475
-485
-544
-582
-632
-571
-549
-492
-400
-304
-359
-436
-498
-522
-557
-588
-576
-551
-400
-304
-250
-232
-233
-343
-346
-428
-540
-803
-1117
-1229
-1292
-1232
-1133
-1017
-1030
-1086
-1139
-1160
-1081
-1013
-898
-868
-831
-763
-738
-712
-663
-552
-500
-454
-402
-346
-313
-290
-270
-247
-201
-162
-98
-68
2
95
166
291
352
357
448
513
582
628
693
765
785
889
908
959
1005
1038
1072
1138
1209
1206
1225
1203
1209
1213
1204
1132
1065
939
729
659
660
748
860
988
944
879
776
744
705
652
583
470
467
473
491
562
541
386
228
73
53
125
277
352
335
311
191
50
-43
-37
-66
-8
-44
-140
-185
-225
-125
-58
68
105
140
129
36
-52
-179
-285
-358
-369
-423
-447
-420
-408
-445
-472
-531
-508
-554
-664
-729
-766
-749
-798
-782
-772
-735
-576
-572
-668
-801
-873
-872
-818
-742
-749
-693
-757
-892
-960
-993
-975
-947
-902
-807
-642
-443
-269
-281
-322
-392
-356
-216
-101
14
151
241
220
232
144
8
15
89
116
113
62
56
17
57
220
389
578
641
756
836
775
691
642
575
595
637
614
680
779
837
882
825
756
699
677
695
723
791
767
653
533
430
351
259
185
176
227
246
333
334
346
383
418
548
593
585
574
521
408
327
294
316
362
383
304
255
165
89
37
-42
-101
-107
-175
-200
-131
-70
-72
-171
-326
-409
-420
-466
-453
-481
-531
-569
-596
-558
-522
-484
-465
-501
-544
-562
-592
-617
-634
-639
-663
-709
-744
-750
-647
-560
-501
-520
-525
-445
-342
-359
-483
-567
-639
-647
-578
-468
-423
-432
-438
-468
-458
-379
-322
-242
-124
-72
-37
-79
-60
-123
-88
-48
-83
-83
-88
-8
48
208
268
282
201
149
166
285
421
408
364
354
358
349
289
144
83
80
124
180
285
245
222
206
203
329
394
475
536
583
619
708
690
492
267
93
2
104
324
528
556
465
342
291
377
432
447
382
360
296
295
389
502
608
583
481
315
235
199
155
136
118
91
108
118
85
35
-113
-218
-320
-380
-378
-426
-537
-676
-707
-667
-523
-374
-293
-412
-528
-583
-625
-545
-425
-401
-402
-420
-453
-502
-441
-363
-359
-297
-251
-213
-82
-33
9
22
14
-61
-75
-23
120
229
275
294
223
118
-45
-114
-157
-89
99
222
248
162
57
-22
-65
-42
-35
-47
-89
-108
-58
28
55
41
9
-61
-157
-191
-207
-126
6
53
95
136
257
325
317
209
40
-1
-25
-51
-111
-114
-23
184
406
416
334
173
37
35
60
125
197
248
285
260
240
207
265
269
308
313
207
187
140
122
64
-38
-111
-172
-69
26
89
49
-44
-107
-195
-207
-201
-181
-205
-105
0
46
9
-22
-71
-106
-130
-157
-155
-174
-196
-209
-215
-304
-398
-403
-351
-310
-247
-199
-242
-252
-304
-357
-292
-204
-111
-8
33
44
9
0
26
152
149
95
93
117
194
245
257
339
407
410
465
413
275
69
-95
-97
23
137
206
214
209
166
109
100
132
149
212
290
327
424
512
595
574
486
347
245
204
227
256
265
278
264
240
153
136
42
-61
-205
-235
-186
-74
-31
-31
-83
-220
-279
-351
-417
-532
-570
-580
-457
-296
-197
-115
-233
-337
-372
-433
-374
-320
-334
-377
-346
-274
-210
-161
-178
-203
-264
-332
-326
-232
-183
-106
-123
-287
-290
-327
-348
-276
-154
-73
-17
-2
-97
-134
-168
-148
-36
-8
78
168
175
161
164
132
40
-52
-76
19
165
332
503
555
625
604
583
531
411
308
256
249
232
230
173
157
72
22
-37
-25
122
292
396
381
315
257
124
76
-1
-40
-8
28
18
8
-20
-6
28
-57
-83
-154
-250
-345
-375
-397
-398
-355
-342
-372
-442
-472
-465
-439
-305
-192
-89
-64
-85
3
25
64
113
203
282
361
336
185
22
-106
-140
-151
-70
-54
-115
-123
-101
-92
44
155
257
366
306
208
112
52
-38
-84
-83
-80
-59
28
154
235
269
171
59
-41
-136
-80
-11
80
86
43
-30
-110
-142
-146
-142
-95
-16
-13
-31
-8
-21
25
41
89
163
147
142
75
41
-75
-175
-185
-140
-67
-30
52
107
151
203
259
354
370
302
220
147
111
103
69
12
-61
-76
21
111
159
138
42
-47
-109
-101
15
97
180
228
158
35
-52
-80
-161
-252
-255
-195
-144
-126
-119
-118
-153
-118
-64
-103
-197
-269
-194
-165
-125
-74
-55
-71
-37
48
122
182
210
214
153
149
136
137
133
151
250
283
191
129
44
64
111
144
172
128
20
-50
-24
-58
-76
-172
-170
-77
-26
-49
-124
-208
-312
-257
-159
-120
-91
-145
-196
-309
-399
-481
-551
-571
-546
-509
-477
-347
-279
-246
-286
-305
-214
-161
-115
-92
-37
60
101
79
38
15
126
204
302
251
210
139
163
263
364
420
496
571
628
563
411
309
164
89
109
235
210
259
326
368
330
272
197
78
49
-36
8
90
98
59
-2
-4
27
50
-16
-53
-77
-171
-252
-300
-362
-407
-409
-386
-218
-104
-114
-190
-383
-521
-512
-299
-113
51
192
182
196
252
232
224
135
110
-27
-196
-298
-371
-283
-192
-42
66
203
277
243
170
76
44
4
47
65
125
127
128
201
270
324
337
258
74
-93
-160
-157
-85
-83
-94
-116
-77
36
14
-58
-143
-230
-248
-243
-167
-32
43
109
164
174
62
-38
-57
-7
63
121
49
-47
-121
-73
72
204
244
97
-42
27
136
272
410
394
265
155
139
188
170
94
-29
-132
-145
-145
-171
-106
-17
11
31
111
133
-55
-209
-438
-575
-607
-502
-345
-210
-72
15
39
-13
-69
-92
-30
47
38
36
19
-23
-1
64
53
16
-40
-36
-10
27
93
142
196
107
112
182
210
200
205
176
97
92
34
-98
-138
-195
-196
-147
-47
113
172
239
182
149
91
52
7
26
94
157
244
238
261
209
155
-65
-312
-455
-454
-351
-224
-94
-14
-56
-21
3
-15
-66
-283
-493
-620
-516
-339
-134
-108
-246
-324
-403
-296
-76
-2
86
-30
-270
-444
-527
-590
-489
-393
-236
-40
30
0
-124
-252
-359
-268
-118
119
299
434
532
515
543
477
262
78
-73
-139
-107
-1
146
259
371
424
449
470
512
507
399
348
324
353
458
485
427
398
404
420
407
336
220
75
86
166
253
353
415
341
202
125
76
83
74
23
-74
-53
-36
80
163
159
68
-27
-119
-203
-208
-216
-164
-104
-34
-79
-135
-250
-339
-446
-445
-398
-322
-301
-330
-307
-323
-373
-260
-185
-225
-245
-299
-358
-365
-388
-389
-307
-121
35
130
152
21
-126
-255
-215
-202
-133
-78
-34
-21
-83
-179
-275
-263
-219
-172
-132
-172
-166
-38
53
110
164
245
260
234
223
189
181
220
325
429
449
379
325
323
294
270
204
113
56
45
55
64
133
213
239
197
128
64
-7
-96
-212
-234
-247
-234
-209
-121
-19
79
146
156
97
-81
-178
-321
-409
-400
-287
-145
-129
-119
-117
-140
-83
-53
-12
83
229
417
542
590
465
321
208
166
153
131
96
-41
-68
-145
-100
-49
-90
-51
-40
-41
27
167
194
79
-69
-169
-144
-19
4
-63
-144
-199
-173
-63
-14
14
-39
-75
-82
-95
-61
-147
-234
-409
-558
-605
-532
-339
-149
1
156
263
269
197
74
-98
-247
-289
-202
-93
68
126
166
166
86
56
-44
-121
-72
-18
27
101
161
178
212
246
246
257
114
59
84
117
141
194
277
410
412
302
125
6
-82
-117
-49
20
58
61
79
-38
-82
-97
-150
-114
-51
4
64
85
124
164
142
39
34
34
-17
22
-41
-52
-49
-70
-38
-7
-39
-31
26
82
219
269
265
176
54
4
-47
-134
-148
-110
20
94
95
74
-5
-48
-50
-24
-96
-226
-275
-356
-265
-172
-151
-211
-275
-294
-311
-318
-446
-528
-569
-564
-520
-381
-205
-122
-123
-166
-188
-144
-172
-237
-240
-212
-89
35
23
27
-18
-99
-42
-25
2
41
48
59
29
140
319
473
497
553
491
405
334
265
217
160
106
81
122
150
328
483
530
487
343
258
184
189
249
290
225
150
129
157
246
394
433
424
316
218
184
194
250
275
327
399
421
269
118
-56
-254
-351
-253
-68
75
23
-79
-258
-422
-327
-233
-158
-144
-124
-62
19
56
10
34
28
114
37
-149
-296
-383
-375
-279
-197
-205
-199
-240
-304
-301
-359
-311
-233
-104
-66
-135
-192
-302
-389
-410
-360
-318
-225
-189
-148
-162
-115
-133
-180
-267
-318
-348
-330
-233
-187
-63
-5
-62
-148
-164
-125
-33
-5
100
125
109
67
63
131
117
189
208
166
94
77
57
35
6
-43
-52
-37
48
135
257
282
204
214
188
187
194
191
189
143
89
88
41
-10
3
-3
-10
-38
-23
6
63
106
73
-22
-130
-185
-231
-207
-139
-69
-43
32
88
67
103
165
242
264
237
167
77
1
0
36
87
127
106
152
131
166
200
157
95
-38
-94
-191
-260
-263
-211
-148
-30
150
246
344
379
357
318
207
53
-71
-79
36
124
219
255
268
250
172
154
40
53
139
244
395
398
312
238
152
53
132
117
88
55
74
162
138
120
52
28
-67
-101
-148
-195
-224
-229
-206
-198
-178
-208
-263
-306
-321
-369
-301
-312
-378
-392
-319
-199
-119
-113
-219
-243
-249
-134
-88
-125
-141
-261
-373
-423
-382
-237
-146
-90
12
43
-31
-131
-266
-345
-377
-395
-251
-151
-45
43
89
168
185
221
75
-78
-125
-125
-106
29
145
246
378
399
368
180
29
-95
-204
-201
-212
-225
-161
-153
-128
-131
-141
-85
-58
-1
-31
-57
-107
-201
-231
-142
-75
-3
82
58
45
-65
-95
-102
-100
-85
-137
-157
-139
21
113
139
113
-15
-97
-72
40
164
384
493
589
590
562
514
454
446
390
332
212
75
-21
33
265
438
594
656
627
544
439
457
382
273
184
99
58
122
348
610
689
688
571
421
383
381
401
372
251
162
41
-65
-105
-188
-98
38
0
-83
-205
-293
-346
-373
-283
-188
-102
-118
-187
-259
-360
-297
-266
-238
-241
-341
-418
-524
-541
-534
-403
-336
-380
-427
-523
-609
-677
-685
-663
-589
-491
-459
-376
-250
-195
-197
-300
-516
-647
-660
-597
-455
-359
-308
-264
-294
-312
-246
-174
-134
-116
-155
-185
-139
-111
-86
32
-39
-66
52
90
200
274
294
262
245
241
331
459
555
663
722
689
532
223
-26
-73
106
341
511
564
481
298
247
201
189
166
107
134
198
215
263
404
498
606
531
487
424
299
238
199
193
226
152
193
175
224
226
140
83
-41
-86
-63
-82
-84
-174
-293
-243
-148
-32
3
-10
-152
-186
-147
-137
-97
-109
-102
-123
-145
-146
-146
-162
-184
-179
-83
29
3
-96
-200
-264
-274
-204
-118
-110
-96
-97
-49
30
25
-8
-66
-79
-69
-72
-76
-76
-137
-204
-232
-261
-279
-272
-303
-295
-242
-197
-203
-293
-379
-423
-436
-337
-234
-188
-119
24
167
220
250
184
84
114
155
206
287
254
155
84
-3
-89
-58
-12
95
231
312
321
249
161
43
9
-14
6
172
244
281
270
213
318
406
403
255
64
-110
-178
-92
80
216
189
129
76
-103
-320
-461
-392
-289
-217
-154
-161
-178
-177
-150
-169
-213
-253
-275
-189
-15
84
165
99
26
-23
-26
65
199
295
281
186
137
109
151
150
91
179
248
384
418
427
395
351
369
371
387
427
463
426
317
117
-16
-32
78
110
139
112
82
34
-51
-147
-228
-292
-268
-246
-216
-131
-152
-212
-292
-369
-267
-112
-70
-40
-110
-177
-174
-51
18
8
35
-87
-171
-154
-185
-170
-156
-184
-226
-309
-436
-469
-519
-454
-330
-182
-38
126
234
198
99
-26
-56
-34
16
46
46
9
22
-37
-54
-73
-228
-441
-492
-467
-371
-192
-107
-152
-216
-246
-245
-145
-2
77
54
80
105
126
94
123
97
86
109
35
-60
-180
-330
-360
-246
-155
-93
-81
-122
-117
-34
166
238
287
314
212
200
275
371
429
449
339
265
280
347
407
404
338
249
193
127
131
237
271
232
126
19
-82
14
129
311
490
440
304
114
13
57
22
34
94
103
207
255
201
-25
-231
-316
-321
-273
-305
-380
-405
-386
-189
-18
24
6
-53
-145
-167
-209
-184
-148
-136
-65
-2
43
98
113
59
78
129
227
288
155
39
-94
-49
89
296
429
411
355
208
95
57
79
171
242
252
229
161
75
-7
-61
-90
-132
-206
-227
-229
-164
-79
25
-39
-129
-238
-289
-295
-356
-405
-406
-336
-275
-235
-271
-433
-599
-729
-710
-499
-268
-112
-159
-185
-217
-264
-240
-309
-290
-221
-180
-127
-126
-25
136
237
243
120
79
99
175
248
263
419
517
640
658
587
500
408
332
186
28
-80
-112
-120
-58
55
212
286
285
265
230
160
62
-43
-109
-110
-52
-8
12
33
66
31
-74
-231
-412
-498
-497
-391
-237
-197
-118
4
124
189
230
209
99
11
-63
-83
-14
22
-51
-119
-199
-181
-75
54
126
192
254
214
148
79
5
-165
-258
-261
-225
-134
-28
172
311
303
283
189
92
34
102
211
301
370
294
176
178
275
314
280
181
76
42
67
72
45
18
-20
-19
62
157
175
108
6
-104
-163
-195
-134
-112
-112
-103
-93
-43
-19
-16
-133
-172
-104
28
106
176
79
-89
-254
-380
-380
-355
-341
-354
-395
-440
-339
-280
-179
-94
-74
-90
-40
8
-40
-131
-242
-227
-197
-61
38
19
-136
-256
-297
-264
-127
29
127
100
-42
-187
-72
72
196
214
122
-49
-142
-79
30
166
208
234
205
259
352
446
430
367
287
230
268
303
280
143
57
25
66
135
180
245
209
100
-1
-60
-89
-61
-71
-86
-119
-224
-248
-245
-244
-216
-130
-52
-22
-147
-205
-199
-139
67
160
230
215
150
-8
-143
-144
-158
-119
-56
-29
-80
-153
-144
-97
32
232
406
476
439
343
227
80
38
23
-25
54
213
426
576
598
549
436
391
379
268
131
40
2
-73
-44
39
75
61
-23
-41
-85
-145
-172
-189
-242
-275
-285
-236
-133
-118
-150
-344
-503
-554
-586
-531
-378
-295
-199
-31
-6
-37
-195
-389
-542
-650
-650
-613
-488
-382
-302
-332
-377
-350
-319
-296
-309
-329
-298
-245
-125
-54
-11
-30
-44
-17
11
62
102
138
183
103
20
95
207
327
330
259
107
150
279
376
444
382
394
416
361
285
214
204
185
289
418
453
518
496
534
557
546
471
301
100
-67
-90
-56
68
193
231
219
190
123
63
5
-75
-170
-202
-32
174
361
470
454
361
113
-45
-96
-28
40
48
95
122
167
186
111
76
-61
-148
-187
-255
-337
-403
-380
-373
-333
-298
-287
-228
-146
-172
-163
-116
-174
-187
-165
-155
-216
-264
-366
-465
-496
-387
-300
-174
-115
-90
6
-2
-42
-104
-206
-306
-240
-169
-150
-175
-306
-400
-347
-289
-153
-100
-88
-12
38
75
70
-21
-130
-164
-112
-13
41
68
75
50
85
142
198
255
182
119
89
120
189
264
256
192
161
146
159
177
239
239
187
212
215
264
335
247
52
-129
-86
1
81
143
154
131
186
186
145
99
95
131
192
308
344
342
286
222
163
164
245
341
385
388
350
215
143
124
110
129
51
33
43
114
210
330
405
356
278
159
22
-66
-93
-59
-88
-160
-244
-326
-366
-361
-362
-326
-322
-377
-392
-403
-374
-394
-372
-381
-338
-237
-171
-136
-179
-197
-218
-259
-333
-384
-451
-432
-407
-396
-372
-487
-586
-601
-568
-577
-552
-399
-228
-73
75
125
159
205
297
391
420
355
272
191
161
189
250
291
318
271
129
51
-17
-10
-59
-137
-169
-166
-113
-67
-136
-160
-170
-140
-92
-105
-98
-151
-124
-118
-89
-138
-188
-181
-206
-196
-136
4
39
53
54
48
103
147
235
234
217
184
112
169
251
355
502
510
512
471
453
417
283
182
208
278
397
470
395
251
114
-21
-202
-232
-250
-237
-199
-106
-106
-151
-111
-111
-119
-35
134
265
391
385
267
150
99
56
86
149
115
77
120
132
193
189
210
