-2071
-2137
-2242
-2222
-2159
-2090
-2076
-2177
-2232
-2143
-2006
-1835
-1668
-1435
-1045
-680
-260
102
550
1128
1628
2161
2600
2827
2994
3279
3561
3883
4280
4363
4163
3868
3556
3590
3900
4339
4783
4728
4487
4348
4160
4132
4009
3746
3232
2674
2246
2097
2230
2407
2530
2424
2089
1650
1163
829
629
226
-262
-654
-960
-1204
-1501
-2019
-2619
-3156
-3650
-3899
-4050
-4113
-4212
-4339
-4270
-4260
-4052
-4097
-4292
-4468
-4467
-4463
-4292
-4159
-3903
-3666
-3581
-3420
-3229
-2990
-2732
-2526
-2489
-2381
-2099
-1681
-1292
-948
-960
-940
-765
-394
32
337
619
736
925
1130
1349
1546
1553
1590
1593
1719
1975
2086
2003
1897
1784
1700
1556
1450
1431
1346
1347
1227
1120
1136
1158
1156
1138
1100
979
912
818
661
514
308
393
567
689
540
177
-310
-539
-485
-269
-110
-258
-639
-1103
-1469
-1685
-1849
-1959
-2179
-2419
-2418
-2134
-1679
-1282
-1148
-1344
-1550
-1580
-1562
-1446
-1360
-1352
-1115
-797
-375
62
380
667
964
1303
1687
2170
2482
2704
2841
2819
2877
2977
3257
3365
3381
3316
3321
3548
4003
4401
4476
4374
4057
3898
3771
3677
3757
3760
3672
3430
3032
2457
1965
1467
1069
773
539
464
452
544
519
238
-114
-544
-968
-1426
-1862
-2280
-2700
-2977
-3136
-3380
-3685
-3966
-4321
-4555
-4515
-4479
-4400
-4414
-4439
-4408
-4330
-4127
-3911
-3810
-3766
-3681
-3406
-3083
-2868
-2762
-2811
-2706
-2488
-2096
-1607
-1292
-989
-789
-682
-352
-143
-33
-25
33
358
874
1444
1857
1870
1665
1581
1544
1627
1835
1880
1800
1686
1594
1633
1698
1714
1638
1550
1408
1294
1163
1120
1199
1305
1341
1318
1051
663
320
291
408
606
823
791
598
333
269
219
110
-130
-278
-534
-814
-979
-975
-893
-870
-1097
-1396
-1650
-1840
-1659
-1439
-1264
-1222
-1180
-1110
-970
-915
-915
-1118
-1489
-1775
-1875
-1700
-1421
-1217
-1103
-753
-199
475
1222
1874
2221
2462
2642
2914
3230
3412
3488
3303
3056
2997
3199
3418
3665
3742
3517
3287
3169
3258
3411
3577
3631
3481
3206
2917
2709
2610
2633
2575
2176
1535
1027
623
494
595
595
379
13
-435
-796
-1133
-1505
-1859
-2256
-2680
-2892
-2956
-3061
-3254
-3547
-3729
-3806
-3899
-3937
-3929
-3829
-3751
-3716
-3687
-3841
-3976
-4020
-3823
-3311
-2857
-2439
-2390
-2471
-2506
-2399
-2073
-1766
-1419
-1079
-873
-865
-839
-875
-806
-591
-302
8
313
733
1123
1377
1322
1194
1147
1138
1102
1135
1055
1112
1191
1371
1471
1434
1347
1282
1170
1185
1328
1532
1842
2029
1907
1602
1331
1017
850
761
648
536
351
121
-68
-43
80
285
320
282
197
1
-209
-295
-384
-495
-573
-972
-1267
-1452
-1529
-1493
-1485
-1560
-1631
-1724
-1707
-1686
-1627
-1532
-1268
-850
-612
-666
-858
-991
-983
-716
-449
-128
151
427
798
1170
1556
1819
2169
2583
2978
3234
3283
3241
3106
3058
2987
3067
3091
3086
3183
3439
3589
3619
3742
3774
3766
3658
3490
3272
3118
3042
2851
2466
1929
1336
901
649
473
227
-84
-325
-392
-342
-407
-551
-799
-1301
-1693
-2189
-2616
-2909
-3136
-3436
-3596
-3636
-3692
-3664
-3791
-3925
-4123
-4199
-4150
-4119
-3989
-3793
-3730
-3490
-3228
-3013
-2987
-2992
-2844
-2558
-2199
-1922
-1700
-1648
-1463
-1385
-1089
-741
-502
-319
-369
-559
-515
-227
79
566
842
1119
1256
1407
1381
1474
1685
1729
1691
1420
1162
1055
1141
1317
1537
1661
1710
1740
1676
1459
1234
1045
962
962
1099
1160
1201
1105
938
834
818
844
849
872
856
718
418
177
-82
-256
-376
-516
-551
-691
-912
-1189
-1555
-1826
-2150
-2244
-2169
-2032
-1791
-1479
-1207
-1087
-1057
-1044
-975
-937
-861
-834
-950
-1187
-1255
-1201
-851
-493
-56
395
754
1023
1268
1747
2365
2988
3390
3598
3555
3549
3603
3481
3295
3104
3009
3065
3328
3563
3665
3791
3858
3926
3904
3871
3886
3632
3276
2905
2522
2091
1575
1126
882
614
248
-83
-476
-783
-1073
-1216
-1180
-1265
-1567
-1841
-2134
-2427
-2650
-3030
-3382
-3740
-3922
-4002
-3954
-3915
-3773
-3673
-3729
-3978
-4634
-4967
-5260
-4809
-3862
-3241
-2535
-2388
-2521
-2719
-2605
-2163
-1743
-984
-325
122
534
862
1167
1228
1097
1007
791
810
1122
1413
1441
1389
1446
1401
1364
1286
1393
1816
2187
2460
2449
2028
1478
1012
911
1110
1260
1255
1144
947
788
811
807
677
556
414
227
147
190
190
154
110
168
374
581
632
645
629
319
-467
-1938
-3514
-5001
-5903
-6584
-7783
-9071
-9946
-9781
-8641
-7242
-5841
-4404
-2686
-450
1848
3724
4759
4831
4438
3977
3682
3445
3255
3195
3056
3056
3638
4857
6753
8369
9048
9207
9191
9366
9394
8868
7583
5708
3998
2793
2206
1607
643
-197
-595
-249
610
1322
1844
2002
1881
1741
1667
1292
340
-1055
-2987
-4869
-5920
-6540
-6953
-7313
-7606
-7385
-6646
-5430
-4081
-2959
-2035
-1365
-720
-410
-602
-901
-1265
-1465
-1433
-1035
-309
251
630
892
1137
1546
1906
1938
1541
1063
791
925
1008
867
522
130
-3
275
521
626
311
-281
-798
-1204
-1499
-1849
-2345
-3134
-3655
-3896
-4049
-4294
-4675
-4699
-4203
-3341
-2596
-2400
-2557
-2594
-2285
-1707
-941
-496
-409
-281
-18
441
1048
1560
1949
2188
2295
2450
2694
3137
3467
3808
4208
4548
4864
4905
3834
889
-3028
-6702
-9193
-10459
-12569
-15873
-18449
-18947
-16639
-12908
-9289
-6120
-2758
1530
6476
11274
14696
16074
16357
16163
15979
15785
15052
14268
13123
11733
11180
11728
13237
14428
14094
12795
11330
10369
9209
6894
3079
-1913
-6453
-9702
-12090
-14287
-16791
-18684
-18985
-17450
-14587
-11421
-8448
-5629
-3042
-291
2411
4590
5744
5624
4732
3667
3478
4039
4291
3973
3328
3488
4635
6045
6464
4907
2538
298
-1607
-3174
-5469
-8790
-11858
-13826
-14454
-13920
-12687
-11447
-9945
-7599
-4543
-885
2675
5010
6037
6449
7268
8472
9303
9334
8542
7747
7879
8794
9430
9133
7908
6184
4838
3841
2130
-289
-3211
-6202
-8279
-9082
-8967
-8692
-8596
-8469
-7833
-6097
-3823
-2035
-1240
-1182
-914
-65
1288
2236
2234
1985
2020
2776
4020
4718
4657
4098
3563
3184
2959
2651
2160
1706
1433
1257
1124
58
-3250
-7904
-12218
-14977
-15739
-17043
-20146
-22769
-22839
-19386
-13715
-8308
-4001
23
5117
11200
17165
21471
22993
22952
22384
21723
20994
19454
17462
15058
12238
10292
9641
9954
10260
9070
6794
4801
3788
2937
900
-3045
-8489
-13209
-15863
-17235
-18413
-20227
-21631
-20659
-17115
-11815
-6317
-1678
2631
6859
11228
15249
17810
18349
16977
14643
12220
10299
8584
6033
2787
-326
-2251
-2296
-1545
-1461
-2746
-5222
-7741
-9782
-11689
-13863
-16614
-19444
-21245
-21259
-19520
-16767
-13407
-9804
-5780
-754
4748
9828
13626
15503
16143
16362
16398
15645
13508
10342
6874
4376
3202
2577
1547
-231
-2126
-3654
-4693
-5682
-7542
-10170
-12775
-14586
-14978
-14098
-12815
-11770
-10562
-8518
-5317
-1133
2618
4996
6321
7587
9192
10773
11634
10809
9079
7667
7159
7298
7116
6237
4795
3271
2273
1511
611
-362
-1333
-2085
-2342
-2548
-3508
-6529
-11090
-15354
-18052
-18443
-18700
-20559
-22044
-21096
-16875
-10353
-4088
901
5151
9962
15424
20512
24078
25000
24203
22914
21402
19715
17294
14409
11354
8115
5677
4369
4023
3991
2837
552
-1574
-2603
-3101
-4609
-7944
-12777
-17046
-18750
-18754
-18391
-18394
-18083
-15453
-10085
-3246
3174
8106
12151
15696
19011
21718
22697
21628
18731
14900
11054
7627
4562
897
-3419
-7349
-10043
-10641
-9924
-9729
-10655
-12186
-12965
-12724
-12816
-14099
-16853
-19768
-20616
-19704
-18080
-15816
-13169
-9387
-3664
3070
9176
14343
18137
20079
21054
21252
20050
17522
13553
8611
3842
186
-2353
-4851
-7536
-9970
-11414
-11174
-9830
-8953
-9410
-10087
-10252
-9826
-8694
-7886
-7646
-6930
-5162
-2434
900
4289
7051
8937
10586
11939
12963
13421
12549
10115
7160
4946
3303
1809
148
-1731
-3092
-3358
-2947
-2789
-2975
-3160
-3230
-2955
-2411
-2294
-2629
-4122
-7850
-12449
-16175
-18121
-18212
-18804
-20871
-21574
-19132
-13513
-6492
-472
4078
8370
13560
19061
23503
25484
24696
22854
21071
19165
16820
13462
9882
6543
3536
1727
1037
965
854
-282
-1927
-2904
-3025
-3369
-5439
-9278
-13887
-16724
-16848
-15936
-15254
-15016
-13573
-9240
-2778
3892
9173
12928
16231
19382
22080
23323
22259
19065
14699
10180
5971
2104
-1725
-5985
-10318
-13663
-15231
-14770
-13665
-13419
-14121
-14663
-13716
-11766
-10691
-11845
-14870
-17403
-17543
-15469
-12825
-10636
-8492
-4948
516
7029
13061
17267
19336
19954
20027
19568
18102
14834
9869
4486
-60
-3096
-5161
-7388
-9929
-11869
-12118
-10554
-8588
-7633
-7954
-8496
-7921
-6205
-4360
-3368
-3090
-2492
-563
2542
5855
8082
8977
9059
9275
10081
10938
10652
8557
5537
2645
925
-39
-1260
-3027
-4513
-4953
-4153
-3056
-2541
-2661
-2890
-2595
-1863
-1106
-868
-1606
-4530
-9349
-13953
-16956
-17751
-17816
-19760
-21941
-21267
-16940
-9933
-3040
2003
6029
10766
16576
21913
25196
25402
23413
21411
19636
17561
14532
10615
6836
3440
1032
23
-139
4
-627
-2215
-3357
-3318
-2842
-3704
-6762
-11251
-15125
-16017
-14880
-14028
-13997
-13686
-10676
-4640
2430
8373
12273
15313
18423
21334
23286
23060
20261
15783
10854
6289
2079
-1924
-6169
-10777
-14510
-16509
-16362
-14736
-13498
-13406
-13633
-12618
-10226
-7926
-7452
-9317
-11724
-12614
-11724
-9961
-8623
-7803
-5696
-1546
3986
9732
14411
17167
18474
19287
19484
18739
16503
12157
6635
1582
-2199
-4847
-7219
-9910
-12447
-13305
-11847
-9418
-7660
-7033
-6840
-5919
-3768
-1388
-146
121
170
645
2147
4235
5837
6604
6948
7211
7615
8267
8314
7006
4770
2547
970
141
-604
-2028
-3796
-4856
-4791
-3890
-3146
-3025
-3062
-2923
-2129
-1204
-1016
-2313
-6188
-11192
-15229
-17348
-17515
-18246
-20685
-22008
-20107
-14667
-7476
-1266
3357
7596
12904
18714
23507
25858
25054
22835
20772
18669
16153
12580
8362
4379
909
-1115
-1764
-1739
-1800
-2801
-3995
-4183
-3262
-2585
-3877
-7111
-11055
-13457
-13137
-12128
-11825
-12080
-11208
-7167
-765
5844
10886
14238
17138
20054
22696
23856
22417
18582
13470
8403
3868
-311
-4524
-9139
-13593
-16559
-17456
-16287
-14442
-13409
-13058
-12274
-10125
-7467
-5928
-6580
-8826
-10421
-9962
-7981
-5950
-4585
-3039
-6
4961
10590
15107
17791
18577
18191
17362
15868
12913
8233
2425
-3161
-7201
-9347
-10501
-11559
-12503
-12502
-10683
-7492
-4536
-3204
-3087
-2944
-2017
-620
162
-153
-1042
-1240
-154
1854
3865
5275
6049
6792
7796
8723
9001
8052
5929
3339
1352
122
-893
-2302
-4031
-5329
-5462
-4530
-3561
-3001
-2737
-2172
-1267
-558
-1641
-5688
-10766
-14867
-16882
-17098
-18354
-21094
-22070
-19607
-14012
-7040
-968
3822
8655
14294
19863
24233
26243
25474
23407
21001
18169
14886
10918
6764
2687
-1007
-3191
-3795
-3492
-3285
-4047
-4915
-4565
-3102
-2174
-3278
-6293
-9848
-11699
-11295
-10589
-10737
-11080
-9928
-5908
190
6334
11163
14813
18077
21042
23254
23955
22229
18265
12948
7471
2418
-2112
-6543
-11381
-15810
-18564
-18914
-17189
-14917
-13488
-12589
-10965
-8248
-5767
-4578
-5415
-7139
-7602
-6577
-4941
-3160
-1463
708
4347
8896
13020
16008
17577
17271
15860
13914
11114
7405
2695
-2531
-7200
-10150
-11272
-11609
-11656
-11158
-9709
-7017
-3652
-1238
-462
-418
-364
-310
-244
-622
-1511
-2120
-1774
-710
788
2669
4371
5707
6945
8032
8665
8773
7992
6002
3562
1588
-47
-1669
-3205
-4753
-5788
-5823
-5124
-4275
-3452
-2590
-1813
-1535
-3339
-7441
-11979
-15220
-16359
-16924
-19192
-21735
-21591
-18008
-11798
-5328
-147
4616
10176
16359
21908
25505
26343
25189
23437
21174
18036
14083
9569
5258
1290
-2031
-4062
-4771
-4618
-4655
-5266
-5468
-4421
-2865
-2291
-3574
-6271
-8755
-9467
-8955
-8881
-9587
-9934
-8035
-3241
2796
8096
12113
15581
19003
21996
23801
23572
21042
16663
11326
5886
747
-4103
-9087
-14059
-18030
-20010
-19675
-17610
-15418
-13962
-12536
-10366
-7612
-5521
-4863
-5449
-5865
-5078
-3543
-1837
58
2148
4671
7878
11113
13604
15155
15439
14178
12031
9379
6235
2719
-1146
-5165
-8321
-9680
-9711
-9309
-8746
-7663
-5887
-3488
-1271
-241
-328
-715
-1030
-1405
-1782
-2383
-2986
-2845
-1794
-353
1438
3457
5167
6519
7543
8151
8373
8020
6719
4591
2312
401
-1133
-2519
-3914
-5099
-5676
-5302
-4296
-3051
-1989
-1334
-2627
-6328
-10564
-13973
-15382
-15862
-18166
-21604
-22654
-19923
-14342
-7913
-2720
1592
6999
13640
20033
24738
26453
25674
24229
22701
20408
16734
12053
7249
2751
-1023
-3507
-4574
-4779
-5032
-5758
-6133
-5092
-3256
-2274
-2895
-4927
-7233
-8045
-7433
-7035
-7850
-8980
-8253
-4577
853
5802
9472
12675
16048
19324
21743
22443
20819
17062
12349
7630
3086
-1377
-6219
-11371
-15848
-18617
-19097
-17661
-15726
-14529
-13820
-12129
-9133
-6089
-4141
-3612
-3784
-3347
-1646
604
2452
3798
4881
6350
8588
10661
11704
11491
10166
8136
6060
4200
1993
-949
-4210
-6825
-7827
-7271
-6233
-5646
-5356
-4625
-3156
-1328
-114
-222
-1331
-2373
-2720
-2651
-2654
-2876
-2985
-2394
-944
1056
3250
5045
6090
6657
7276
7811
7831
6928
4935
2626
621
-766
-1780
-2950
-4216
-4999
-4824
-3749
-2189
-999
-804
-3011
-7275
-11511
-14298
-15022
-15757
-18645
-22049
-22627
-19177
-13150
-6904
-2095
2160
7759
14456
20821
25288
26432
25270
23697
22042
19676
15970
11351
6630
2216
-1347
-3647
-4556
-4737
-5247
-6062
-6167
-4768
-2870
-2047
-2820
-4911
-6900
-7264
-6557
-6295
-7196
-8261
-7349
-3677
1392
5698
8815
11685
14613
17628
19938
20474
18778
15073
10533
6097
1920
-2204
-6740
-11462
-15435
-17767
-17767
-16016
-14007
-12847
-11919
-10146
-7842
-5450
-4103
-3887
-3591
-2987
-1816
71
2071
3607
5164
7007
8706
10433
11568
11242
9833
7664
5104
2790
712
-1914
-5020
-7178
-7683
-6999
-5731
-4557
-3614
-2524
-1012
470
1093
930
43
-1283
-2157
-2589
-3001
-3173
-2879
-2331
-1308
416
2521
4282
5445
5940
6164
6573
6674
5826
4043
2073
314
-999
-1846
-2727
-3591
-3997
-3610
-2545
-1239
-972
-3585
-8062
-12453
-15089
-15310
-16040
-19250
-22572
-22873
-19084
-12699
-6456
-1824
2488
8126
14588
20917
25404
26467
25299
23594
21780
19435
15830
11356
6582
1972
-1655
-3846
-4375
-4284
-4932
-6138
-6425
-4976
-3093
-2341
-3185
-5383
-7262
-7400
-6445
-5737
-6283
-7187
-6261
-2648
2248
6329
9271
11811
14248
16637
18442
18862
17272
13656
9185
4888
1144
-2489
-6651
-10975
-14662
-16822
-16858
-15320
-13943
-13501
-13124
-11380
-7849
-4256
-2222
-1494
-865
498
2697
4996
6237
6445
6369
6531
7222
7842
7324
5741
3701
1692
145
-678
-1314
-2522
-4014
-4879
-4354
-2849
-1516
-1189
-1554
-1532
-824
-120
-76
-1040
-2659
-3847
-3968
-3424
-2982
-2716
-2341
-1423
203
2214
4109
5465
6025
5890
5687
5734
5501
4379
2352
230
-1208
-1913
-2243
-2656
-3252
-3374
-2425
-759
551
-915
-5346
-10507
-14173
-14753
-14834
-17510
-21561
-23625
-21393
-15478
-8702
-3494
715
5901
12055
18599
24182
26538
26012
24259
22049
19636
16481
12459
7843
3034
-1228
-4178
-4999
-4398
-4328
-5388
-6353
-5543
-3321
-1633
-1646
-3553
-5950
-6903
-6406
-5575
-5594
-6620
-6817
-4437
126
4721
8203
10920
13130
15266
17150
18090
17450
14581
10046
5229
1200
-2068
-5697
-9940
-14019
-16999
-17739
-16434
-14289
-12662
-11727
-10088
-6859
-2691
640
2147
2576
2986
3940
5226
6013
5826
4712
3436
2822
3043
3374
2872
1629
202
-745
-748
-296
-226
-976
-2103
-2603
-1978
-899
-495
-1104
-1977
-2278
-1931
-1578
-1763
-2602
-3670
-4177
-3717
-2653
-1564
-819
-246
713
2253
4050
5474
6085
5805
5081
4596
4335
3818
2483
462
-1419
-2602
-3028
-3105
-3047
-2765
-1843
-995
-2500
-6245
-10977
-14427
-14664
-14926
-17880
-21664
-23157
-20327
-14245
-8026
-3518
806
6606
13011
19439
24504
26359
26066
24868
22975
20390
16712
12369
7938
3483
-797
-4182
-5385
-4954
-4958
-6086
-7033
-6170
-4010
-2462
-2543
-4309
-6237
-6716
-6114
-5231
-5228
-6043
-5793
-3133
1252
5266
8313
10876
13211
15303
16577
16908
16029
13246
8919
4152
118
-3166
-6704
-10687
-14379
-16704
-16903
-15326
-12952
-11077
-9752
-7883
-4712
-842
2006
3120
3286
3557
4222
4887
5138
4768
3760
2600
1921
2044
2435
2158
1126
-180
-990
-1005
-646
-569
-1210
-2194
-2679
-2140
-1130
-783
-1379
-2233
-2521
-2259
-2090
-2356
-3015
-3669
-3871
-3374
-2244
-993
-63
627
1553
2972
4571
5787
6226
5802
4936
4078
3414
2652
1228
-555
-2178
-2846
-2718
-2172
-1508
-575
-1190
-4446
-8881
-13417
-14944
-14342
-16103
-20115
-23347
-22808
-17784
-10841
-5355
-1667
3123
9386
16089
22585
26148
26343
25279
23727
21800
19000
14998
10330
5677
1418
-2394
-4651
-4714
-4202
-4757
-6253
-6693
-5003
-2925
-2143
-3373
-5856
-7333
-7257
-6321
-5568
-5975
-6534
-5238
-1267
3648
7518
10263
12357
14445
16205
16827
16437
14477
10646
5720
1025
-2450
-5426
-8818
-12610
-15569
-16286
-15035
-12579
-10128
-8510
-6990
-4695
-1386
1877
3589
3618
3069
3001
3337
3551
3324
2559
1509
550
247
856
1556
1422
387
-573
-606
14
402
4
-1039
-2017
-2230
-1718
-1237
-1474
-2405
-3355
-3507
-3131
-2946
-3195
-3576
-3680
-3366
-2530
-1227
110
1136
1782
2637
4027
5458
6178
5776
4858
4015
3343
2654
1614
189
-1221
-2108
-2042
-1339
-330
442
-1447
-5380
-10338
-14597
-14912
-14594
-17127
-21295
-24066
-22077
-15671
-8393
-3506
134
5379
11420
18072
24076
26518
26181
24503
22334
20197
17345
13479
8852
4342
247
-3306
-4677
-4047
-3452
-4282
-6111
-6330
-4383
-2449
-2221
-4409
-7199
-8525
-8318
-7136
-6267
-6297
-6223
-4239
311
5453
9564
12210
13844
15445
16378
16361
15399
12758
8358
2936
-1688
-4602
-6766
-9384
-12682
-14695
-14344
-12227
-9346
-7035
-5447
-4106
-2365
40
2109
2963
2336
1196
655
708
957
982
744
259
-270
-45
1129
2348
2501
1385
202
-53
485
692
-86
-1408
-2585
-3015
-2773
-2416
-2464
-3168
-3959
-4170
-3763
-3219
-2999
-2951
-2771
-2238
-1193
281
1831
2842
3166
3441
4229
5239
5660
4910
3610
2508
1763
1316
723
-50
-717
-906
-343
893
-170
-4137
-9810
-14993
-15933
-15401
-17273
-21061
-24130
-22925
-17119
-9771
-4026
427
5692
11146
17111
22986
26155
26666
25106
22268
19329
16332
13153
9454
5509
1437
-2419
-3908
-2919
-1538
-1721
-3753
-5093
-4319
-2853
-2616
-4706
-7811
-10052
-10777
-9949
-8516
-7246
-6218
-4313
-346
4714
9660
13289
15290
16337
16241
15515
14424
12149
8143
2658
-2472
-5635
-7089
-8388
-10504
-12078
-11974
-10192
-7448
-4959
-3268
-2359
-1802
-999
93
971
787
-388
-1562
-2026
-1504
-523
481
890
601
572
1470
3026
3895
3227
1653
500
339
363
-178
-1260
-2497
-3382
-3705
-3462
-2983
-2989
-3669
-4539
-4794
-4228
-3315
-2642
-2348
-2113
-1480
-81
1797
3455
4078
3989
4050
4634
5195
4921
3821
2426
1315
757
484
500
694
1081
1381
-618
-4678
-10330
-15215
-15938
-15866
-18084
-22032
-25055
-22987
-16201
-8693
-3374
1129
6746
12479
18556
23729
26204
26595
24760
21555
18335
15199
12140
8670
5181
1453
-2086
-3167
-1822
-17
-38
-2342
-4166
-3994
-3013
-3377
-6152
-9515
-11810
-12473
-11695
-10178
-8141
-6081
-3290
982
6110
11219
14919
16812
17230
16304
14855
12995
10355
6376
1068
-3717
-6556
-7464
-8063
-9200
-9750
-8928
-6771
-4333
-2506
-1303
-729
-707
-1022
-1219
-1107
-1486
-2445
-3445
-3787
-2985
-1471
108
971
1142
1214
1793
2951
3664
3122
1668
408
-54
-236
-591
-1135
-1792
-2501
-3178
-3482
-3283
-3021
-3396
-4356
-5067
-4858
-3854
-2793
-2089
-1625
-1046
199
1881
3429
4383
4463
4203
4004
3899
3623
2986
2382
1698
1255
1140
1980
2121
-759
-6274
-13580
-17632
-17180
-17013
-19151
-23317
-25383
-21523
-13658
-5807
32
5058
9758
14540
19975
24122
26359
26101
22922
18846
14991
12094
10228
8365
5824
2025
-1060
-1211
1130
3323
2426
-781
-3655
-4913
-5084
-6379
-9107
-11984
-14304
-15017
-13770
-10615
-6543
-2696
1003
4750
9284
14007
17382
18740
17498
14535
11311
8573
6003
2367
-2064
-5867
-7632
-7473
-6808
-6034
-5137
-4097
-3034
-2381
-1759
-1137
-1200
-2344
-4007
-4939
-4816
-4054
-3495
-3424
-3134
-2176
-455
1443
2567
2659
2123
1787
1868
1932
1571
870
225
-392
-862
-978
-713
-494
-1075
-2435
-3710
-4132
-3944
-4015
-4594
-5133
-4970
-3924
-2340
-788
516
1594
2541
3433
4210
4530
4364
3904
3209
2377
1749
1355
1459
1865
2575
2710
160
-4885
-11997
-17244
-18007
-17960
-19432
-23163
-25836
-22838
-15355
-6953
31
5853
10845
15141
19545
23070
25644
26189
23209
18699
14055
10531
9054
8448
7454
4988
2014
762
2204
4829
5061
2311
-1582
-5172
-7428
-9460
-11677
-13436
-14967
-15829
-15140
-11943
-6606
-725
4502
8104
10888
13437
15466
16764
16061
13022
8753
4747
1972
-79
-1832
-3261
-4037
-4034
-3848
-3147
-1816
-492
-158
-1410
-3163
-4317
-4650
-4892
-5576
-6244
-6452
-5746
-4261
-2491
-754
418
1049
1402
1603
1720
1676
1580
1224
569
-40
-120
510
1155
1087
362
-470
-999
-1652
-2796
-4162
-5317
-6023
-6382
-6317
-5585
-4168
-2423
-812
593
1851
3026
3934
4354
4132
3409
2593
1952
1550
1303
1082
1155
1777
2898
4272
3443
-556
-7658
-15483
-19140
-19623
-19912
-22083
-25739
-25639
-20128
-11131
-1468
7042
13870
18052
20778
22560
24119
25515
24055
19846
13912
7871
4797
4974
7071
8301
7154
5124
4277
5637
6822
5787
2515
-2670
-8252
-13412
-17150
-17930
-16757
-14933
-13220
-11073
-6989
-911
6152
11841
14803
15036
13346
11765
10449
8853
6709
3752
798
-1642
-2861
-2177
15
2191
2426
853
-1121
-2100
-2047
-2433
-3908
-6207
-8280
-9112
-8391
-6268
-3729
-1682
-731
-717
-786
-430
465
1199
875
-589
-2173
-2479
-1096
1035
2687
3315
3273
2848
2249
1626
833
-344
-2350
-5041
-7454
-8508
-7882
-6179
-4424
-3275
-2491
-1555
-128
1518
2678
2930
2397
1433
545
119
387
1199
2020
2296
2156
2199
3051
4548
6014
6655
4308
-1940
-11578
-20965
-25230
-25001
-23395
-23354
-24505
-22393
-15805
-6052
4342
13169
19180
21253
20411
18374
17307
17636
17462
16011
12493
8255
6193
7532
11868
15761
16431
14115
10310
6642
3080
-535
-4067
-8031
-12651
-17794
-21282
-20844
-16418
-9660
-3553
392
2398
3683
5823
8538
10468
10432
8295
5304
2698
1700
2717
5128
7334
7410
5513
3266
2308
2602
2538
1008
-2028
-5534
-8239
-9284
-8454
-6426
-4323
-3138
-3032
-3407
-3392
-2495
-1267
-889
-2045
-4119
-5539
-5170
-3243
-689
1603
3175
3838
3726
3298
3042
2861
2093
212
-2511
-5127
-6513
-6275
-4920
-3423
-2479
-2186
-2136
-1986
-1620
-1171
-931
-1149
-1979
-2973
-3327
-2491
-707
1170
2479
3106
3441
3741
3976
4050
3853
3593
3237
3167
2359
-955
-7487
-16386
-23307
-25362
-23524
-20357
-18360
-16317
-12567
-7245
-730
5822
11983
16362
17474
15708
12686
11125
11829
14210
16550
16910
15583
13775
13381
14708
15884
15625
13096
8604
2813
-3423
-8253
-10548
-10511
-9824
-10036
-10935
-11360
-9926
-6626
-2727
245
1179
574
-543
-1080
-209
2093
5145
7725
8836
8613
8002
7875
8147
8054
6877
4475
1464
-1431
-3471
-4430
-4280
-3298
-2342
-2107
-2874
-3989
-4566
-4360
-4009
-4167
-4981
-6149
-6974
-6991
-5949
-3950
-1464
713
1908
2080
1664
1351
1502
1786
1701
972
-145
-1073
-1515
-1484
-1060
-494
-195
-581
-1701
-3102
-4252
-4763
-4662
-4301
-4058
-3957
-3742
-3159
-2061
-645
716
1775
2178
1816
1084
504
548
1074
1674
2097
2504
3097
4013
4643
3655
-396
-7768
-16377
-22930
-25316
-23862
-20183
-15429
-10293
-5301
-976
2783
6440
10056
12811
13692
12314
9452
6896
6497
8821
12940
16925
19374
20054
19209
17161
14296
11285
8411
5463
2043
-1929
-5738
-8346
-9055
-7771
-5350
-3077
-2024
-2452
-4073
-6197
-7941
-8542
-7560
-5436
-2892
-427
1864
4257
6793
9219
10965
11301
9985
7257
3916
935
-846
-1055
-112
1268
2173
2208
1452
268
-1063
-2412
-3696
-4996
-6358
-7698
-8633
-8736
-7816
-6005
-3778
-1855
-798
-744
-1343
-2154
-2857
-3061
-2616
-1662
-455
649
1504
2189
2739
3082
3039
2423
1155
-611
-2458
-3937
-4752
-4781
-4124
-3064
-2011
-1329
-1155
-1291
-1649
-2098
-2437
-2623
-2556
-2294
-1802
-991
53
1223
2262
3172
3738
3930
3926
3876
3773
3054
844
-3631
-9900
-16115
-20187
-20631
-17832
-12953
-7439
-2668
614
1866
1652
848
552
1415
3013
4940
6632
8222
10194
12521
15181
17434
18902
19341
18245
15572
11621
7429
4144
2388
2262
2957
3813
4279
3895
2602
288
-2641
-5587
-7937
-9443
-10245
-10401
-9849
-8433
-6205
-3542
-770
1560
3291
4156
4033
3092
1774
773
673
1688
3448
5284
6698
7278
6867
5558
3513
1188
-915
-2525
-3613
-4274
-4608
-4616
-4180
-3445
-2744
-2512
-2945
-3996
-5378
-6748
-7788
-8133
-7474
-5905
-3827
-1674
160
1430
2098
2246
1922
1294
559
-72
-434
-448
-178
192
652
991
1091
856
162
-927
-2198
-3396
-4287
-4682
-4494
-3814
-2825
-1850
-1104
-680
-662
-929
-1338
-1623
-1704
-1527
-951
-41
1149
2367
3534
4502
4912
4408
2663
-363
-4167
-7972
-10826
-11854
-10778
-7837
-3985
-76
2742
3872
3213
1204
-1199
-3134
-3870
-3075
-857
2525
6398
9914
12257
13141
12779
11574
10154
8796
7573
6635
5994
5770
5906
6383
7003
7467
7497
6792
5232
2956
237
-2498
-4741
-6175
-6675
-6143
-4812
-3048
-1463
-630
-662
-1432
-2614
-3758
-4527
-4674
-4052
-2722
-907
973
2549
3565
3976
3833
3151
2178
980
-111
-917
-1336
-1268
-806
-207
206
174
-468
-1655
-3148
-4673
-5930
-6699
-6810
-6155
-4985
-3612
-2423
-1648
-1383
-1574
-2034
-2526
-2842
-2991
-2838
-2420
-1695
-863
-139
421
679
750
587
238
-232
-783
-1293
-1740
-1953
-1858
-1433
-814
-211
226
460
419
158
-209
-505
-565
-360
74
695
1317
1883
2289
2459
2388
2047
1634
1225
1015
997
1144
1525
1926
2268
2358
2216
1876
1346
685
-96
-913
-1513
-1730
-1469
-766
94
936
1595
2012
2163
2081
1796
1343
784
245
-99
-73
277
818
1273
1498
1544
1424
1219
913
529
209
-20
-7
274
755
1286
1723
1907
1843
1658
1295
879
413
-13
-294
-306
-80
231
605
918
1125
1156
932
533
4
-489
-851
-1081
-1124
-1044
-935
-848
-770
-648
-493
-367
-406
-683
-1118
-1477
-1614
-1546
-1324
-1060
-914
-871
-887
-871
-873
-955
-1120
-1319
-1493
-1552
-1381
-1113
-801
-581
-502
-492
-566
-732
-1013
-1363
-1665
-1815
-1750
-1534
-1269
-1017
-809
-638
-529
-407
-222
-95
-38
-55
-62
70
240
367
414
457
507
510
529
502
406
266
199
219
324
452
614
762
879
870
767
607
445
390
398
443
499
609
778
996
1196
1305
1273
1124
816
541
352
255
288
289
236
77
-83
-178
-173
-151
-163
-216
-238
-189
-161
-120
-82
-41
10
15
-41
-121
-182
-110
78
312
464
541
623
707
778
866
936
865
744
615
500
392
281
152
99
136
212
349
483
542
566
522
459
435
431
429
397
342
240
124
46
-12
-30
-18
12
56
103
81
18
-56
-220
-374
-562
-707
-727
-782
-885
-1037
-1182
-1176
-1082
-920
-808
-788
-776
-824
-840
-770
-671
-556
-473
-507
-527
-496
-463
-457
-554
-662
-742
-758
-686
-539
-381
-234
-196
-200
-205
-184
-147
-165
-231
-365
-398
-371
-257
-118
14
110
201
286
361
371
397
448
488
429
380
313
214
157
99
84
50
42
88
143
216
309
377
402
368
292
263
289
379
539
627
673
620
503
395
394
447
498
474
375
342
299
283
330
330
237
98
-54
-138
-191
-206
-239
-319
-352
-354
-297
-210
-141
-116
-123
-113
-36
36
122
184
246
325
317
264
185
208
256
261
235
146
121
204
315
350
309
169
49
-2
21
46
24
-40
-74
-81
-122
-76
33
160
283
355
366
372
388
382
384
363
304
252
153
15
-75
-178
-188
-185
-148
-117
-202
-329
-530
-710
-782
-786
-778
-826
-896
-990
-1013
-942
-788
-632
-546
-439
-331
-172
3
172
272
264
179
29
-124
-215
-248
-240
-174
-115
-121
-144
-111
-66
-33
-74
-190
-291
-371
-382
-390
-375
-319
-254
-198
-81
89
169
256
314
432
567
628
678
666
625
576
468
302
187
118
139
144
97
114
90
80
113
179
250
244
143
-41
-221
-248
-112
65
214
281
334
363
401
525
613
623
574
467
328
236
209
230
206
198
107
5
-69
-201
-346
-533
-713
-801
-812
-768
-713
-634
-544
-427
-301
-206
-138
-36
36
46
54
22
33
102
142
171
247
357
442
547
637
667
587
464
331
166
59
-51
-56
-46
-92
-159
-275
-383
-419
-425
-387
-302
-216
-43
145
313
380
324
261
169
157
222
287
284
239
180
128
149
188
228
264
256
213
122
-2
-190
-386
-577
-684
-724
-714
-682
-718
-719
-627
-487
-335
-232
-165
-141
-104
-101
-116
-71
-55
-7
117
363
540
573
468
277
104
12
-13
-54
-7
-53
-87
-172
-177
-119
-72
-92
-220
-367
-467
-371
-202
-6
95
137
161
105
137
248
402
613
753
764
661
478
326
244
167
80
-28
-199
-268
-233
-168
-105
-111
-166
-181
-171
-201
-266
-362
-449
-465
-398
-240
-70
23
70
103
156
222
261
228
219
214
165
140
72
83
120
163
119
-2
-119
-228
-246
-278
-317
-294
-208
-91
-47
-129
-246
-317
-255
-129
17
93
131
172
186
248
285
359
459
529
634
637
585
490
457
423
285
152
48
61
48
41
-48
-139
-143
-145
-102
-142
-233
-356
-409
-414
-389
-301
-273
-235
-186
-124
1
137
181
107
-101
-280
-310
-178
22
136
195
161
89
-14
-89
-41
-32
-68
-155
-233
-246
-231
-190
-122
-99
-105
-173
-171
-132
-29
59
126
182
177
216
192
171
59
-9
-36
-36
10
15
20
66
150
303
345
285
125
-53
-209
-355
-414
-480
-476
-326
-138
103
298
364
354
235
80
-60
-174
-160
-67
30
131
188
250
336
391
396
353
285
228
128
-9
-103
-91
-102
-119
-169
-219
-233
-230
-267
-267
-237
-259
-260
-260
-221
-105
69
177
213
202
188
147
142
160
173
204
281
273
227
164
80
-29
-120
-192
-294
-357
-393
-388
-321
-240
-209
-164
-165
-203
-209
-178
-78
43
114
96
45
-7
41
68
175
285
332
287
205
190
176
200
179
146
144
134
125
128
94
81
131
148
190
139
71
73
55
18
-11
-1
-59
-105
-100
-199
-305
-382
-428
-305
-208
-52
117
211
298
212
77
-73
-229
-225
-150
-45
24
83
149
142
90
49
15
-33
-125
-225
-300
-251
-72
128
247
257
154
-99
-314
-369
-237
-74
54
122
167
220
206
179
113
14
-92
-150
-203
-195
-208
-308
-336
-343
-317
-241
-241
-212
-245
-207
-127
-23
69
143
297
358
384
293
187
58
20
61
118
127
126
116
119
137
147
190
158
152
188
158
81
-5
-111
-235
-229
-282
-292
-250
-221
-50
111
276
448
516
497
457
345
326
333
384
479
443
396
301
165
17
-159
-271
-340
-361
-357
-331
-298
-346
-338
-298
-249
-129
-70
-67
-73
-82
-72
7
45
52
9
-68
-124
-123
-53
68
123
139
25
-182
-335
-474
-486
-404
-356
-292
-276
-294
-288
-221
-137
-79
-69
-64
12
134
310
435
490
474
329
180
112
66
56
51
43
20
73
123
138
115
17
-95
-196
-235
-152
-89
-77
-104
-96
-56
-4
43
81
138
101
108
168
201
302
362
373
297
203
125
109
171
138
46
-59
-54
-55
-59
-74
-65
-49
-60
-73
-126
-109
-88
-85
-82
-141
-264
-375
-403
-382
-265
-130
-22
45
-28
-81
-82
-23
127
182
135
-29
-164
-144
-26
155
307
276
143
29
-19
58
132
172
154
89
94
117
125
150
78
22
-3
-17
-1
37
68
31
49
68
110
181
239
169
54
44
25
-13
-84
-176
-309
-354
-363
-288
-259
-198
-104
-48
-11
25
22
-31
-51
-40
30
63
91
81
77
106
79
82
43
7
1
23
119
149
168
122
-18
-148
-158
-15
114
161
109
-5
-92
-51
9
46
-12
-111
-153
-191
-98
-61
57
45
-1
21
4
24
84
118
139
144
46
-27
-77
-48
-39
-47
-102
-188
-238
-298
-357
-377
-273
-167
-64
-19
-79
-110
-94
-49
66
150
210
173
53
-75
-149
-170
-91
75
230
283
257
167
119
41
-41
-108
-220
-292
-376
-350
-198
-70
53
140
115
130
162
140
159
134
77
118
194
306
384
399
278
144
-14
-126
-91
-28
51
76
81
73
62
40
58
92
106
134
101
79
116
147
145
119
136
168
223
224
218
142
38
-35
-94
-103
-108
-86
-84
-69
-142
-224
-282
-273
-242
-256
-309
-368
-370
-345
-315
-187
-22
37
71
44
45
47
71
50
78
62
-6
-65
-56
10
-27
-115
-220
-302
-251
-151
-50
4
62
45
-34
-71
-86
-28
27
35
-10
35
105
186
299
388
445
391
319
212
126
57
20
73
38
52
32
48
81
75
39
-90
-120
-159
-147
-104
-128
-191
-262
-269
-232
-207
-250
-294
-248
-165
-73
-22
-45
-42
-18
56
131
199
212
167
83
-21
-160
-247
-262
-277
-246
-225
-166
-120
-69
-99
-155
-165
-161
-71
56
215
301
286
273
248
263
367
390
399
345
278
180
145
114
39
22
-98
-122
-107
-70
-50
-72
-106
-106
36
134
204
252
290
354
459
565
655
638
463
296
197
129
93
105
97
-7
-128
-242
-245
-187
-167
-162
-151
-127
-91
-48
-83
-89
-155
-243
-249
-261
-335
-423
-435
-473
-450
-370
-296
-133
34
168
229
245
249
275
215
98
20
-40
-71
-128
-185
-198
-191
-225
-261
-275
-298
-313
-300
-216
-193
-153
-96
-112
-93
-101
-134
-137
-88
-10
102
171
115
49
-23
8
25
56
96
72
45
-98
-195
-256
-209
-153
-72
-67
-174
-187
-148
-38
3
79
113
104
240
377
515
622
602
543
483
413
357
238
185
88
-42
-98
-16
97
189
192
88
-18
-216
-372
-463
-465
-346
-260
-203
-204
-222
-195
-68
30
90
113
104
130
203
260
261
283
309
410
443
438
419
401
367
316
334
293
255
151
75
31
-87
-89
-176
-226
-171
-103
-31
-3
-29
-129
-224
-244
-162
-11
83
24
-87
-141
-153
-109
-74
-140
-211
-202
-191
-126
-97
-154
-282
-408
-544
-595
-547
-449
-365
-357
-335
-278
-174
-78
-27
40
119
236
320
382
415
400
355
396
372
276
242
186
122
61
-22
-36
-44
-48
-110
-236
-401
-559
-556
-389
-176
40
136
123
81
-17
-31
-38
-18
-40
-62
-9
6
110
233
318
314
293
204
129
53
-11
-28
-59
-45
-136
-240
-284
-250
-164
-75
55
122
136
122
59
31
-26
27
64
69
75
102
174
256
341
387
367
253
156
126
180
218
245
202
136
40
-79
-89
-84
-125
-175
-271
-311
-249
-168
-94
-149
-249
-286
-249
-138
-14
11
39
45
32
51
43
58
40
-2
2
-33
47
127
93
20
-49
-137
-145
-125
-122
-53
5
-16
-72
-52
-32
0
39
160
256
344
396
439
412
386
346
273
249
187
169
98
104
122
66
0
-70
-170
-241
-271
-306
-343
-337
-285
-256
-162
-196
-168
-131
-97
-144
-186
-159
-179
-147
-126
-31
64
224
253
213
190
94
47
47
40
92
117
84
40
-18
-87
-125
-162
-241
-305
-372
-364
-373
-347
-311
-319
-333
-374
-338
-377
-342
-206
-85
71
85
7
-30
7
94
105
100
46
-96
-99
-67
-5
127
191
199
195
276
237
200
140
89
108
101
148
237
286
271
286
240
213
216
217
254
286
280
229
161
87
149
203
245
272
262
98
-56
-111
-206
-231
-210
-173
-172
-39
43
85
63
-27
-62
-42
-15
-57
-1
34
82
175
287
314
296
162
-40
-158
-198
-193
-163
-150
-154
-156
-134
-81
-14
-12
24
-23
-186
-319
-490
-449
-297
-117
-3
47
9
-49
-21
-27
-37
-12
-15
-3
130
319
481
467
382
259
179
100
-2
-32
-76
-109
-127
-70
-79
-118
-102
-90
-30
31
69
53
-21
-131
-180
-163
-112
-46
-9
-74
-116
-136
-99
-45
32
90
15
-122
-247
-285
-325
-297
-155
-191
-296
-361
-381
-286
-146
13
114
123
120
75
34
-50
-114
-118
-121
-77
-75
-56
17
108
193
241
249
253
251
230
206
146
131
120
158
237
212
203
167
133
162
222
235
221
196
160
159
121
-16
-165
-241
-263
-217
-89
-37
30
53
40
-94
-127
-125
-62
14
146
278
346
370
298
246
195
155
60
37
0
-55
-16
-44
-100
-92
-14
201
224
207
66
-69
-152
-246
-305
-322
-288
-235
-151
-103
-6
1
16
-80
-149
-128
-131
-154
-175
-98
-53
-35
-7
-4
50
84
58
-23
-97
-120
-120
-87
-12
92
122
167
277
292
229
114
15
-64
-125
-132
-143
-93
45
122
107
65
45
2
-13
-70
-201
-343
-475
-487
-453
-349
-227
-104
24
-8
-62
-64
-34
-16
-14
-45
-50
-83
-103
-81
-43
37
103
39
-41
-17
101
224
276
265
246
209
128
63
24
77
94
88
77
117
70
61
50
50
75
60
-16
-131
-225
-254
-199
-106
-7
115
156
205
216
164
140
168
195
171
177
136
103
80
134
256
319
328
316
244
145
84
33
-45
-193
-293
-338
-257
-174
-125
-17
-46
-82
-144
-180
-172
-173
-148
-54
-43
26
-49
-202
-277
-337
-278
-140
-57
29
71
155
92
-396
-668
-769
-310
426
772
655
444
159
185
410
598
586
552
269
-791
-2268
-3738
-3913
-2250
336
2262
2799
1934
788
357
667
1172
1277
940
617
693
962
928
459
-54
-274
-19
499
879
1049
872
623
332
-45
-568
-1208
-1509
-1444
-1008
-613
-467
-542
-789
-1098
-1447
-1556
-1291
-914
-536
-202
-30
-204
-165
210
272
461
797
687
140
138
522
622
496
395
556
508
-185
-477
85
764
1192
1305
1052
575
113
47
325
614
681
557
534
598
424
188
-157
-417
-249
78
373
257
44
-139
-366
-480
-403
-74
132
111
-51
-58
-123
-434
-710
-707
-425
-262
-194
-259
-328
-414
-648
-785
-725
-685
-794
-833
-685
-586
-563
-456
-267
-85
-7
-212
-405
-491
-460
-326
-170
-101
-235
-430
-696
-978
-954
-879
-774
-610
-436
-203
-87
-48
-188
-307
-272
-143
87
309
386
368
379
492
522
377
158
-39
-195
-157
-295
-365
-358
-328
-250
-182
-135
-125
-91
-158
-95
-134
-207
-103
-153
-65
348
794
1134
1397
1723
1862
1852
1812
1739
1678
1687
1666
1557
1427
1207
706
6
-568
-905
-873
-674
-574
-431
-306
-293
-323
-262
-148
-23
154
182
-11
-289
-553
-598
-604
-497
-165
198
752
1360
1871
2123
2179
2074
1773
1480
1245
1074
845
599
561
725
889
980
816
440
119
-111
-208
-205
-34
274
650
939
867
333
-412
-1067
-1429
-1370
-889
-124
618
854
539
68
-58
326
932
1288
1285
699
94
-244
-337
-104
-19
-410
-1183
-2127
-2761
-2916
-2670
-2347
-2314
-2391
-2566
-2904
-3250
-3395
-3185
-2790
-2198
-1486
-1009
-743
-817
-1076
-1308
-1394
-1347
-1173
-811
-325
309
867
1384
1721
1690
1325
605
-100
-407
-227
277
885
1372
1630
1580
1385
1353
1475
1682
1664
1214
471
-265
-820
-1189
-1406
-1728
-2137
-2420
-2222
-1629
-885
-140
449
583
43
-755
-1538
-2137
-2167
-1728
-1141
-654
-311
-56
-123
-343
-402
-177
405
1170
1787
1795
1477
1194
985
948
988
1246
1503
1511
1395
1175
1028
1056
1226
1473
1623
1613
1406
1033
632
324
197
220
403
662
869
1001
1033
1028
785
487
316
279
395
710
959
883
583
437
705
1152
1548
1636
1247
722
185
-199
-463
-659
-686
-747
-794
-572
-45
573
1188
1590
1621
1412
1165
801
204
-373
-843
-1022
-1044
-1066
-1033
-1096
-1148
-1084
-942
-809
-636
-512
-441
-352
-42
174
-176
-899
-1695
-2239
-2444
-2257
-2029
-1866
-1832
-1748
-1620
-1795
-2000
-2115
-2081
-1853
-1266
-690
-513
-424
-344
-139
68
499
780
679
564
400
464
604
951
1478
1900
2167
2416
2643
2694
2551
2280
1741
1233
869
545
259
102
33
44
155
400
593
306
-75
-286
-301
-211
-176
-261
-443
-479
-348
-212
-176
-191
-237
-177
-3
82
-58
-494
-802
-913
-971
-1103
-1308
-1370
-1259
-780
20
713
1170
1336
1115
864
886
1304
1647
1724
1556
1128
724
468
259
-27
-383
-596
-528
-208
306
633
373
-332
-1005
-1354
-1291
-1030
-695
-716
-1000
-1009
-717
-379
-125
-201
-588
-1086
-1297
-1420
-1611
-1759
-1667
-1347
-1027
-533
34
472
799
1111
1427
1658
1735
1563
1126
768
670
633
483
237
37
-61
-277
-437
-516
-631
-740
-650
-557
-441
-456
-614
-770
-829
-559
-350
-298
-442
-922
-1508
-2054
-2359
-2347
-2099
-1493
-873
-333
6
119
135
226
528
874
1034
1023
858
630
479
464
657
738
668
519
386
496
933
1477
1814
2002
1958
1721
1534
1515
1689
1802
1763
1634
1428
1077
799
647
638
733
791
770
704
736
791
838
792
741
618
257
-119
-412
-677
-964
-1229
-1431
-1590
-1663
-1672
-1787
-2063
-2193
-2020
-1744
-1267
-776
-477
-374
-238
87
390
683
758
741
545
376
404
490
531
536
520
414
219
114
-162
-511
-820
-1114
-1312
-1401
-1224
-870
-440
-114
-39
-164
-233
-85
160
530
1054
1484
1698
1662
1379
862
146
-389
-649
-622
-564
-571
-820
-1130
-1234
-1116
-953
-856
-749
-699
-561
-214
333
870
1282
1263
942
602
408
292
207
267
437
723
850
783
425
-91
-532
-797
-871
-971
-992
-1050
-1012
-901
-749
-601
-515
-379
-261
-226
-130
-10
148
284
336
191
-52
-125
68
148
47
-56
-166
-63
158
353
386
288
113
-96
-246
-180
36
363
472
322
-71
-568
-822
-712
-361
-22
196
211
135
188
512
913
1303
1508
1392
1165
880
557
310
132
84
82
-8
-85
-198
-344
-309
-154
79
266
389
346
191
117
141
231
263
313
302
48
-297
-681
-914
-902
-665
-236
121
82
-149
-540
-959
-1135
-1155
-933
-621
-213
235
674
912
870
619
383
302
541
869
1117
1149
897
554
154
-45
-167
-221
-299
-249
-114
196
513
407
32
-438
-620
-564
-339
-77
133
318
330
245
-23
-518
-1184
-1817
-2206
-2002
-1375
-581
235
682
803
693
508
424
491
592
681
749
827
860
944
860
708
473
177
-10
4
347
560
782
923
845
552
91
-384
-758
-853
-696
-465
-226
-54
4
135
202
277
337
383
415
382
246
-167
-749
-1241
-1411
-1300
-1128
-990
-1008
-1175
-1189
-1081
-939
-908
-887
-890
-937
-1075
-1213
-1097
-915
-661
-505
-473
-522
-629
-632
-657
-605
-389
-182
64
207
442
634
698
763
595
324
0
-189
-191
-32
128
274
448
655
892
1054
1215
1321
1314
1085
814
691
689
798
779
566
219
58
126
195
160
-1
-96
55
363
562
600
579
514
546
574
641
720
770
891
937
993
1038
986
805
509
140
-315
-672
-844
-768
-441
-109
143
13
-219
-542
-698
-639
-442
-324
-394
-541
-757
-854
-835
-668
-548
-462
-342
-221
-35
99
107
109
158
141
116
177
163
183
135
130
253
496
776
947
964
781
611
431
345
268
205
247
175
126
226
222
189
123
1
-49
-49
-55
-175
-321
-422
-515
-419
-296
-296
-454
-689
-890
-908
-734
-388
-176
-115
-133
-148
-138
-214
-317
-534
-694
-689
-488
-257
-15
274
424
488
474
348
153
-62
-301
-447
-529
-589
-626
-549
-393
-239
-244
-425
-745
-935
-879
-735
-372
-54
196
148
-118
-440
-648
-718
-620
-434
-306
-129
-83
30
114
251
316
303
347
296
306
271
269
317
273
214
163
124
225
335
519
620
670
625
472
414
377
268
186
45
-128
-356
-614
-717
-823
-823
-736
-607
-537
-443
-214
-12
20
-31
-182
-180
-12
173
346
311
262
192
324
651
1004
1325
1492
1625
1675
1722
1772
1807
1718
1550
1381
1228
1015
746
457
284
256
194
99
-63
-251
-425
-583
-623
-597
-571
-509
-500
-561
-573
-725
-946
-1167
-1233
-1154
-831
-422
-131
-48
-86
27
120
317
513
488
367
315
304
388
493
531
411
205
-12
-197
-291
-414
-490
-663
-862
-988
-1013
-921
-681
-446
-321
-300
-315
-395
-465
-454
-380
-215
-126
-23
-94
-264
-396
-589
-767
-879
-862
-812
-746
-542
-301
-55
136
190
163
95
4
-51
-47
14
7
-56
-68
-12
107
208
353
455
511
644
771
793
768
740
636
637
691
681
708
643
577
462
398
387
458
505
514
560
497
516
440
259
37
-111
-153
-146
-22
-102
-363
-631
-849
-859
-620
-345
-36
37
-94
-168
-276
-232
-214
-207
-306
-371
-282
-195
-179
-117
-57
-41
-66
-98
-45
7
119
232
355
460
435
297
62
-168
-363
-509
-515
-459
-368
-191
-52
-79
-213
-319
-344
-256
-173
-97
28
86
87
89
71
34
-12
-51
-79
-125
-153
6
226
369
402
334
272
190
226
258
309
338
345
325
211
217
158
75
64
114
190
334
317
294
146
-99
-193
-242
-194
-92
-35
-49
-114
-229
-325
-512
-572
-651
-750
-697
-518
-317
-75
61
58
-52
-202
-268
-235
-120
-22
23
94
278
400
423
328
166
14
-17
33
187
394
536
650
608
409
170
127
274
503
748
700
547
292
61
-120
-243
-273
-237
-209
-173
-101
-35
-55
-222
-383
-558
-697
-717
-637
-494
-293
-138
-111
-190
-253
-232
-106
3
28
-47
-74
-23
138
322
349
276
84
-54
-48
2
104
212
309
290
290
165
-34
-116
-216
-164
-72
-90
-101
-72
-75
-146
-233
-232
-241
-227
-176
-109
66
142
214
164
21
-112
-184
-134
12
245
499
705
733
731
635
423
201
104
142
143
139
115
59
13
19
-111
-247
-378
-517
-512
-387
-117
139
199
194
85
25
-24
84
164
180
95
-57
-116
-169
-117
17
-20
-63
-95
-184
-102
-38
155
139
56
19
-44
-66
-65
14
-11
-7
-63
28
195
330
445
380
138
-174
-397
-531
-590
-510
-419
-261
-74
70
204
238
188
121
33
41
123
169
78
-29
-57
-43
27
-3
14
-23
-163
-258
-309
-301
-394
-420
-399
-335
-297
-308
-326
-406
-504
-588
-647
-538
-341
-183
-13
139
238
217
222
247
292
314
348
381
349
214
167
86
76
185
271
362
364
392
332
193
135
160
291
422
497
424
353
150
103
148
196
195
163
159
178
241
284
273
176
62
-48
-44
-11
6
-79
-270
-441
-506
-492
-304
-102
-1
12
-95
-250
-417
-450
-450
-308
-80
124
253
234
38
-145
-240
-386
-442
-338
-313
-224
-139
-93
29
65
71
-40
-160
-217
-232
-228
-269
-241
-257
-189
-76
60
131
127
231
290
291
238
97
28
75
237
430
498
400
254
163
158
264
335
314
316
169
45
-146
-250
-309
-282
-128
15
151
218
247
230
259
289
382
303
131
-68
-184
-249
-217
-117
-131
-267
-420
-585
-571
-424
-345
-227
-236
-323
-463
-605
-672
-610
-448
-190
-10
98
196
283
362
285
194
89
5
-63
-100
-61
0
84
172
246
199
223
352
535
701
761
699
538
410
329
344
398
458
450
431
382
347
332
283
169
135
158
212
330
510
669
669
496
249
18
-178
-126
-59
-44
-89
-158
-268
-337
-427
-497
-586
-610
-535
-388
-185
-119
-157
-332
-488
-639
-747
-821
-758
-596
-402
-227
-84
-80
-143
-269
-352
-359
-321
-277
-257
-203
-246
-330
-410
-444
-397
-220
-31
77
107
104
106
48
96
166
220
280
217
119
111
127
160
239
290
349
356
382
337
240
155
24
37
72
146
191
269
294
272
235
189
92
49
40
-66
-174
-314
-465
-566
-617
-658
-550
-431
-223
-126
-154
-192
-209
-219
-190
-142
-41
132
258
382
316
193
126
51
3
76
121
182
299
309
336
368
381
415
393
424
456
399
344
286
230
172
168
26
-52
-25
-32
76
117
116
24
-66
-106
-135
-85
-41
-41
-76
-93
28
183
247
283
245
213
290
323
371
402
375
347
229
155
1
-212
-369
-466
-455
-344
-182
-99
-44
-15
-40
-152
-257
-343
-399
-403
-449
-394
-367
-357
-257
-274
-408
-606
-715
-779
-687
-516
-393
-307
-264
-228
-233
-208
-143
-56
-71
-80
-62
-4
48
113
93
35
-51
-100
-157
-142
-50
48
159
266
287
245
221
284
372
443
438
394
401
411
470
569
689
698
676
684
723
784
757
726
637
414
101
-119
-145
-10
111
194
195
176
237
256
300
314
242
96
-45
-156
-205
-235
-152
-142
-127
-127
-167
-193
-212
-297
-378
-392
-419
-311
-186
-117
-49
-155
-378
-529
-653
-761
-796
-782
-664
-399
-213
-2
115
24
-33
-170
-158
-175
-150
-84
-85
-99
-166
-231
-261
-212
-157
-185
-206
-235
-160
84
272
393
406
232
-14
-185
-330
-267
-217
-185
-193
-226
-159
-60
71
165
248
193
144
138
214
296
402
496
388
182
13
-66
-46
173
390
479
501
443
430
396
355
335
312
310
243
221
180
77
37
-30
0
-83
-194
-281
-283
-146
12
97
41
9
-83
-173
-325
-487
-560
-575
-453
-334
-302
-289
-235
-225
-100
120
264
329
287
288
324
375
380
298
139
-31
-105
-33
113
183
214
162
31
41
58
145
322
378
288
200
80
-85
-172
-191
-113
-36
-55
-77
-147
-148
-90
-15
112
104
74
28
-48
-56
-69
-142
-158
-154
-129
-61
67
134
81
-2
-149
-269
-391
-411
-399
-330
-266
-227
-168
-182
-196
-176
-236
-265
-261
-271
-193
-219
-258
-264
-222
-175
-112
35
136
192
145
180
226
268
398
490
449
395
316
279
278
213
207
217
230
201
214
213
197
249
240
163
110
159
204
207
168
101
1
-79
-130
-144
-106
-92
-46
-50
-129
-211
-208
-177
-151
-163
-163
-200
-219
-96
-9
30
16
-120
-292
-407
-443
-388
-284
-230
-204
-176
-192
-212
-238
-282
-282
-167
-59
-31
-42
-61
-75
-74
-21
-37
-57
-38
-84
-134
-170
-125
-83
27
216
331
419
401
363
343
485
608
629
606
521
438
382
431
428
434
498
541
512
408
271
127
-42
-201
-337
-329
-215
-99
20
59
45
21
48
40
29
-14
-83
-122
-100
-91
-138
-168
-210
-291
-384
-396
-333
-218
-159
-182
-266
-407
-360
-251
-131
-106
-169
-198
-314
-371
-257
20
212
386
417
276
165
120
204
188
146
14
-29
-59
-24
69
95
100
-9
-116
-232
-299
-320
-330
-420
-469
-513
-473
-324
-148
-84
-113
-169
-120
-121
-86
-22
-62
-19
39
88
79
34
-24
-95
-152
-113
54
252
428
536
495
328
156
138
230
409
522
606
567
505
406
341
307
172
135
53
38
77
173
209
192
46
-48
-33
56
154
125
89
20
-65
-94
-38
50
3
-130
-204
-145
-144
-110
-67
-86
-226
-288
-173
-54
90
172
157
181
200
119
36
-1
50
86
75
44
32
-26
-170
-147
-77
-29
49
-29
-1
0
-24
-97
-328
-477
-629
-657
-561
-399
-307
-374
-573
-761
-839
-877
-847
-680
-435
-125
131
219
244
201
100
-28
-136
-253
-242
-110
45
190
232
159
28
-141
-244
-198
-59
96
225
304
352
360
317
236
241
268
315
388
462
505
499
459
377
338
344
334
374
392
422
363
267
253
188
126
36
-76
-118
-15
138
288
311
175
39
-32
-20
62
127
121
118
106
60
18
-62
-139
-231
-360
-322
-282
-156
-12
42
-26
-91
-136
-196
-186
-180
-104
-172
-328
-468
-576
-549
-444
-264
-66
58
102
67
15
-2
9
17
60
110
68
19
6
-77
-144
-115
-27
-6
97
132
127
112
87
147
185
154
139
143
62
21
16
-8
1
3
-72
-177
-266
-246
-83
40
145
194
180
165
141
106
32
-8
-12
115
170
139
138
60
-36
-61
-28
43
106
116
164
127
-12
-166
-255
