-308
176
406
470
580
511
346
265
153
59
0
37
38
-14
22
-174
-266
-429
-624
-644
-500
-266
-74
-102
-378
-349
-13
350
616
715
618
296
0
-209
-350
-336
-358
-393
-435
-122
291
607
662
470
50
-293
-570
-733
-572
-382
18
288
435
215
-180
-428
-447
-346
-198
-13
4
97
200
181
122
47
-127
-165
-252
-66
331
675
854
800
570
240
-56
-199
-143
11
308
635
771
704
445
176
41
-126
-54
-40
12
18
-187
-245
-243
-93
164
75
-106
-308
-630
-725
-629
-310
-46
88
-50
-377
-586
-739
-609
-497
-364
-308
-361
-459
-515
-570
-765
-755
-724
-667
-570
-528
-439
-310
-217
-253
-223
-238
115
295
300
339
220
346
368
501
545
593
593
584
610
533
624
841
1200
1502
1567
1434
1179
964
880
674
720
786
730
595
367
81
-131
-41
23
28
-237
-517
-668
-755
-702
-549
-321
19
358
467
541
460
204
-130
-356
-627
-906
-952
-765
-508
-314
-197
-325
-465
-614
-647
-576
-624
-739
-964
-1135
-1242
-1259
-907
-541
-279
-110
-24
8
-164
-515
-722
-760
-415
100
506
719
755
804
920
1073
1049
950
754
476
221
14
-53
101
173
241
291
281
537
706
826
767
655
572
325
71
-140
-211
-156
48
163
236
161
7
-121
-225
-306
-243
-197
-178
-73
-172
-310
-391
-396
-391
-467
-490
-431
-335
-308
-328
-327
-295
-354
-399
-253
-16
180
298
151
-146
-299
-415
-470
-573
-603
-581
-686
-724
-576
-321
-54
65
199
246
321
411
525
593
546
586
579
556
497
478
592
682
632
645
766
817
834
758
769
651
505
349
291
155
-133
-294
-266
-107
110
305
504
505
298
146
-91
-144
-123
59
154
-54
-114
-201
-280
-172
-157
-123
-108
-275
-481
-452
-274
-229
-354
-601
-799
-979
-876
-712
-461
-300
-276
-434
-541
-474
-402
-386
-416
-459
-462
-450
-507
-552
-713
-828
-811
-793
-621
-506
-282
-80
141
250
188
145
65
55
-3
4
118
316
362
606
657
614
623
562
575
352
287
141
163
296
515
803
894
801
658
510
512
543
462
436
440
433
536
579
631
838
993
1197
1064
760
469
39
-244
-528
-565
-565
-492
-255
-88
89
200
295
222
-14
-220
-412
-400
-329
-430
-301
-255
-349
-456
-633
-537
-293
-145
-104
-371
-615
-871
-1041
-1029
-989
-731
-526
-525
-523
-419
-277
-289
-229
-114
4
128
60
65
106
237
428
621
750
682
626
454
282
261
328
461
452
388
286
207
255
372
465
599
678
739
666
480
148
-272
-558
-718
-777
-825
-830
-843
-730
-468
-257
-211
-412
-614
-745
-641
-508
-366
-327
-593
-604
-758
-709
-571
-420
-250
-360
-619
-742
-714
-654
-494
-191
-70
-31
-169
-371
-429
-487
-367
-204
-33
79
195
261
279
159
140
192
311
314
356
360
510
743
841
973
1037
1205
1248
1187
1132
1151
1261
1386
1503
1452
1296
1086
1037
1193
1329
1358
1304
1293
1215
1210
1154
848
623
508
539
682
640
692
618
744
836
821
635
235
-178
-483
-387
-310
-291
-477
-587
-573
-543
-491
-672
-954
-1197
-1550
-1634
-1532
-1262
-940
-775
-734
-855
-984
-1224
-1428
-1538
-1443
-1170
-951
-767
-725
-889
-1125
-1445
-1653
-1772
-1706
-1515
-1275
-1065
-800
-648
-614
-602
-599
-487
-515
-444
-274
-67
165
276
200
-107
-933
-2121
-3111
-3138
-2400
-1360
-764
-870
-1231
-1641
-1789
-1705
-1453
-1386
-1992
-2699
-2634
-1981
-1184
-622
-261
77
670
1508
2387
3124
3553
3903
4410
4827
4998
4725
4497
4476
4444
4490
4441
4374
4432
4531
4639
4691
4362
3884
3439
3208
3072
2906
2539
1972
1393
771
323
75
-87
-478
-1019
-1343
-1292
-1310
-1423
-1444
-1197
-982
-1248
-1810
-2567
-3193
-3510
-3583
-3402
-3338
-3396
-3267
-3065
-2681
-2405
-2295
-2347
-2497
-2461
-2217
-1958
-2052
-2404
-2707
-2741
-2503
-2090
-1778
-1595
-1396
-1076
-729
-612
-450
-474
-338
-79
58
191
56
-119
18
453
1026
1235
1222
1278
1325
1430
1445
1409
1360
1243
1381
1381
1349
1243
1045
1166
1338
1430
1315
1044
487
176
61
-19
6
70
133
232
271
205
-5
-493
-1074
-1603
-2142
-2540
-2799
-2778
-2509
-2377
-2487
-2695
-2813
-2828
-2781
-2641
-2679
-2846
-3045
-3189
-2868
-2346
-1940
-1813
-1700
-1377
-797
-22
755
1444
1904
2236
2502
2770
3011
3263
3543
3913
4381
4777
4969
4874
4719
4700
4793
4856
4918
4931
5005
5256
5363
5180
4644
4007
3447
3175
3029
2764
2395
1846
1206
583
88
-77
45
252
258
-180
-883
-1540
-2124
-2411
-2532
-2988
-3621
-4109
-4271
-3998
-3553
-3124
-2998
-3159
-3299
-3274
-2976
-2767
-2806
-3081
-3240
-3100
-2790
-2375
-2317
-2381
-2445
-2306
-2086
-1916
-1725
-1398
-1072
-921
-861
-1002
-1075
-1241
-1272
-1182
-1095
-922
-585
-40
433
617
531
285
-35
-6
234
659
1018
1211
1298
1261
1148
1077
947
766
806
945
1303
1731
1955
1976
1931
1873
1772
1680
1178
-299
-2595
-4373
-4241
-2546
-911
-811
-1761
-2668
-2972
-2464
-1505
-1151
-2499
-4915
-6467
-5811
-3868
-2662
-2737
-3378
-3456
-2493
-894
684
1457
1499
1602
2305
3484
4184
4246
4113
4320
4911
5379
5272
4994
5037
5586
6611
7177
7134
6554
6063
6306
6659
6476
5396
3924
2927
2756
3054
3378
3060
1900
835
757
1449
2028
1677
626
-457
-1011
-1120
-1273
-2065
-3545
-4935
-5414
-4935
-4310
-4201
-4509
-4794
-4656
-4041
-3327
-3225
-3750
-4401
-4638
-4599
-4750
-5129
-5338
-5117
-4700
-4113
-3683
-3578
-3445
-2978
-1987
-1013
-720
-976
-1439
-1441
-754
-63
12
-296
-589
-365
483
1492
2119
2239
2007
1926
2146
2409
2360
1979
1807
1978
2501
2786
2678
2390
2086
2055
2191
2222
2010
1629
1502
1674
1911
2020
1913
1800
1712
1810
2058
2086
1780
1198
935
896
740
217
-1155
-3302
-5191
-5424
-3816
-2116
-1928
-3032
-4300
-4884
-4720
-3844
-3128
-3541
-5403
-7473
-7598
-6065
-4582
-4367
-4999
-5036
-3979
-2046
-197
858
967
933
1634
2954
4232
4757
4564
4261
4536
5298
5980
6251
6233
6273
6803
7505
8016
7893
7310
7056
7338
7536
7000
5887
4768
4115
3884
3880
3581
2806
1807
1391
1870
2576
2694
1781
492
-460
-930
-1027
-1561
-2787
-4468
-5612
-5719
-5219
-4799
-4794
-5052
-5283
-5094
-4573
-4041
-4229
-4821
-5372
-5597
-5485
-5477
-5558
-5485
-5083
-4362
-3509
-2803
-2563
-2419
-2076
-1577
-1289
-1537
-1928
-2167
-1837
-893
12
449
426
565
991
1465
1683
1521
1209
1024
1314
2038
2470
2501
2127
1919
2146
2729
3284
3363
3153
2685
2428
2354
2248
1871
1462
1322
1354
1553
1637
1502
1311
1221
1406
1607
1552
1137
651
263
-159
-874
-2331
-4327
-5732
-5378
-3772
-2510
-2755
-4105
-5361
-5673
-4897
-3605
-2996
-4134
-6451
-7941
-7213
-5447
-4470
-4971
-5924
-5776
-4152
-1601
538
1466
1391
1487
2466
3999
5275
5417
5049
4869
5459
6554
7388
7683
7425
7335
7810
8522
8948
8607
7943
7563
7722
7940
7513
6533
5435
4853
4721
4753
4449
3503
2176
1352
1555
1942
1722
680
-644
-1761
-2173
-1964
-2028
-2858
-4205
-5299
-5588
-5543
-5509
-5794
-6255
-6394
-6063
-5601
-5362
-5662
-6114
-6263
-6108
-5910
-5884
-5815
-5694
-5284
-4508
-3654
-3296
-3436
-3477
-3219
-2368
-1519
-1090
-870
-809
-609
-215
249
437
484
524
999
1691
2038
1978
1494
1235
1426
1985
2491
2476
2114
2062
2456
2921
3238
3009
2407
1876
1668
1884
2037
1950
1642
1475
1485
1726
1873
1581
1112
518
402
635
720
520
214
5
-287
-1277
-3055
-4920
-5648
-4604
-3004
-2293
-3005
-4406
-5376
-5271
-4054
-2778
-2781
-4417
-6287
-6400
-4513
-2738
-2570
-3830
-5160
-5188
-3302
-612
1226
1524
896
1028
2375
4412
5624
5468
4583
3964
4483
5850
7071
7237
6646
6257
6830
8007
8711
8513
7739
7365
7606
8024
7975
7199
6042
4999
4493
4415
4262
3583
2466
1857
1973
2299
2267
1270
-420
-1945
-2583
-2416
-2331
-3174
-4518
-5457
-5802
-5710
-5553
-5703
-6219
-6728
-6785
-6267
-5778
-5918
-6362
-6681
-6565
-6081
-5481
-5279
-5432
-5588
-5273
-4569
-3892
-3592
-3347
-2968
-2365
-1633
-1163
-901
-834
-632
-114
537
870
784
656
783
1223
1898
2290
2167
1938
1998
2359
2624
2587
2240
1964
1792
1987
2279
2244
1803
1185
894
1116
1389
1481
1305
910
643
636
964
1199
1178
819
661
857
1005
959
803
619
435
361
388
27
-1204
-2892
-4251
-4464
-3632
-2819
-2644
-3278
-4116
-4415
-3801
-2393
-1485
-1829
-3314
-4760
-4731
-3533
-2527
-2736
-3701
-4203
-3628
-1908
248
1636
1918
1653
1826
2743
3796
4415
4411
3927
3765
4355
5386
6111
6014
5636
5428
5962
6969
7652
7739
7365
6949
6936
7004
6811
6387
5694
4924
4407
4127
3755
3256
2548
1916
1663
1691
1684
1110
151
-765
-1508
-1947
-2312
-2993
-3941
-4761
-5221
-5260
-4984
-4869
-4996
-5324
-5575
-5467
-5389
-5517
-6001
-6499
-6614
-6327
-5781
-5366
-5339
-5268
-4937
-4283
-3563
-3061
-2904
-2777
-2812
-2634
-2385
-2296
-2063
-1902
-1464
-835
-213
297
429
303
101
124
493
936
1193
1332
1368
1513
1691
1855
1909
1787
1747
1851
2051
2006
1710
1352
1194
1301
1542
1669
1689
1685
1679
1816
1783
1534
1114
868
857
1101
1317
1377
1241
914
697
503
522
545
394
64
-654
-1493
-2218
-2480
-2365
-2144
-1863
-1821
-1733
-1685
-1483
-997
-750
-1072
-1941
-2836
-3152
-2807
-2240
-2024
-2209
-2390
-2141
-1394
-228
623
1011
999
1055
1472
2303
2989
3232
3143
3031
3222
3687
4377
4627
4472
4134
4127
4563
5241
5706
5945
5875
5597
5497
5512
5461
5007
4285
3449
2819
2652
2640
2467
2197
1849
1545
1484
1312
975
557
-12
-600
-1197
-1813
-2515
-3246
-3700
-3782
-3752
-3715
-3682
-4020
-4406
-4812
-5124
-5228
-5452
-5441
-5524
-5548
-5392
-5180
-4958
-4844
-4700
-4429
-3952
-3420
-3013
-2954
-2945
-2863
-2607
-2202
-1882
-1624
-1394
-1183
-1032
-1019
-1091
-1110
-1120
-910
-350
302
863
1175
1184
1144
1194
1227
1364
1473
1553
1606
1640
1696
1585
1524
1600
1771
2142
2275
2324
2284
2009
1771
1591
1613
1628
1667
1576
1382
1244
1095
978
968
1045
1235
1256
1062
845
576
277
-16
-676
-1049
-1220
-1196
-1030
-1000
-1081
-1413
-1750
-1898
-1783
-1544
-1455
-1626
-1847
-1811
-1525
-1409
-1628
-2054
-2442
-2293
-1767
-1087
-393
-55
270
632
1136
1813
2413
2702
2764
2705
2674
2987
3423
3455
3447
3480
3659
4059
4421
4647
4523
4388
4077
4053
4212
4279
4350
4145
3789
3430
3132
2742
2301
1941
1714
1759
1836
1900
1569
917
43
-430
-672
-972
-1414
-2002
-2531
-2933
-3051
-3140
-3304
-3643
-3941
-4120
-4070
-3949
-3836
-4031
-4301
-4541
-4567
-4425
-4352
-4339
-4285
-4136
-3821
-3425
-3104
-2998
-3080
-3168
-3182
-2910
-2663
-2484
-2404
-2354
-1993
-1517
-942
-513
-322
-256
-250
-128
-68
-77
-226
-173
105
583
1238
1781
1991
2010
1821
1616
1413
1237
1139
1099
1335
1587
1870
2022
1953
1828
1657
1462
1206
1027
1031
1011
1228
1373
1532
1685
1694
1672
1802
1920
1922
1856
1485
1082
554
26
-472
-871
-1026
-1142
-1200
-1291
-1454
-1801
-1843
-1528
-1327
-1197
-1436
-1966
-2394
-2462
-2343
-2131
-1917
-1819
-1612
-1323
-929
-479
-15
424
865
1247
1590
1965
2148
2154
2226
2408
2816
3059
3076
2887
2528
2477
2628
2964
3278
3519
3803
4099
4383
4309
3951
3445
3064
2715
2555
2537
2575
2369
2067
1845
1575
1378
1171
1048
749
429
60
-286
-561
-931
-1230
-1594
-1800
-1880
-1901
-1883
-2065
-2359
-2705
-3038
-3217
-3370
-3694
-3928
-4190
-4192
-3921
-3617
-3316
-3295
-3303
-3371
-3497
-3493
-3531
-3540
-3498
-3260
-2918
-2444
-2119
-2039
-2128
-2196
-2147
-1941
-1608
-1276
-948
-576
-214
-27
-14
-143
-54
170
541
1027
1210
1349
1423
1333
1239
1133
1060
1144
1233
1348
1509
1709
1919
2074
1958
1825
1515
1158
1059
1196
1528
1787
2089
2193
2190
1982
1615
1069
546
333
229
373
437
265
-36
-570
-986
-1020
-972
-936
-903
-943
-967
-960
-987
-1100
-1300
-1277
-1215
-1093
-1035
-1092
-1128
-1137
-1135
-1258
-1473
-1709
-1666
-1248
-622
-69
562
1016
1383
1561
1535
1634
1804
2125
2386
2457
2470
2389
2282
2374
2616
2815
3065
3350
3533
3654
3667
3601
3429
3189
3063
2911
2830
2880
2847
2744
2551
2335
1935
1585
1267
1035
861
637
423
71
-175
-412
-630
-792
-1000
-1395
-1736
-2118
-2422
-2734
-2979
-3151
-3321
-3645
-3917
-3962
-4054
-3957
-3844
-3683
-3552
-3428
-3366
-3401
-3240
-3107
-3028
-3000
-3016
-2765
-2271
-1980
-1815
-1854
-2031
-2099
-2229
-2091
-1825
-1653
-1521
-1298
-960
-584
-232
138
475
737
1040
1196
1183
1144
1306
1502
1742
1937
1958
1857
1744
1709
1720
1750
1723
1540
1358
1145
883
624
528
529
542
570
839
1064
1196
1139
1007
1121
1085
993
804
616
406
347
211
115
89
-57
-293
-518
-645
-846
-971
-1031
-1018
-1010
-1048
-1057
-1033
-915
-768
-623
-437
-349
-397
-572
-748
-848
-966
-976
-914
-788
-591
-209
138
436
615
843
1067
1233
1334
1629
1871
2030
2086
2149
2312
2517
2704
2602
2521
2381
2303
2209
2334
2499
2707
2913
2949
2934
2826
2617
2365
2097
1844
1528
1288
1061
885
785
787
833
826
763
392
42
-435
-894
-1166
-1466
-1806
-2075
-2273
-2421
-2433
-2359
-2298
-2158
-2197
-2343
-2531
-2798
-2866
-2819
-2724
-2622
-2495
-2215
-2142
-2239
-2433
-2696
-2814
-2686
-2539
-2201
-1919
-1847
-1728
-1711
-1628
-1426
-1190
-1023
-907
-799
-691
-670
-680
-681
-643
-518
-364
-83
183
489
600
449
323
158
260
510
852
1140
1078
1053
1107
1172
1281
1339
1342
1281
1190
970
712
551
728
1035
1179
1195
959
720
590
444
314
278
339
582
812
907
882
733
538
420
319
458
459
236
-224
-697
-828
-729
-488
-422
-497
-528
-593
-642
-738
-769
-773
-818
-845
-887
-872
-892
-676
-459
-287
-174
-42
31
103
296
519
846
1080
1285
1393
1526
1740
1992
2243
2447
2588
2454
2280
2268
2221
2159
2138
2139
2189
2270
2256
2200
2156
1980
1697
1481
1257
1247
1434
1651
1736
1573
1098
518
57
-87
-56
54
93
-195
-569
-1035
-1410
-1501
-1418
-1351
-1515
-1750
-2132
-2455
-2511
-2413
-2236
-2051
-2097
-2252
-2462
-2680
-2704
-2591
-2305
-2181
-2034
-1865
-1839
-1952
-2034
-2002
-1965
-1718
-1539
-1448
-1578
-1823
-1870
-1819
-1637
-1427
-1160
-939
-657
-365
-31
274
373
480
411
292
33
-72
-28
267
769
981
1014
865
599
286
162
147
217
432
588
689
667
646
484
430
538
556
382
232
190
316
480
536
633
665
653
532
234
35
64
329
784
1066
1071
870
616
447
384
465
748
1063
1358
1420
1112
667
201
-65
-152
30
128
152
33
-273
-408
-382
-156
-25
133
191
52
-244
-430
-426
-310
2
212
374
571
652
821
1058
1279
1544
1563
1529
1337
1136
969
873
1053
1337
1451
1472
1482
1594
1670
1560
1408
1412
1456
1459
1475
1350
1159
892
688
484
309
153
-1
-149
-203
-220
-218
-328
-687
-1114
-1463
-1689
-1625
-1385
-1071
-904
-988
-1333
-1759
-2051
-2107
-1967
-1817
-1542
-1372
-1276
-1308
-1393
-1467
-1475
-1514
-1522
-1634
-1914
-2066
-2121
-1972
-1738
-1457
-1289
-1216
-1136
-1056
-1022
-1048
-943
-840
-529
-287
-181
-131
-148
-82
74
224
322
370
237
109
32
-3
24
-51
-67
-157
-74
160
381
689
845
960
808
422
213
59
190
342
381
335
175
176
202
203
207
232
215
210
429
724
973
1157
1063
790
430
324
516
848
1086
1198
1303
1277
1253
1012
835
721
493
337
73
-133
-331
-576
-673
-730
-756
-828
-757
-570
-240
64
188
207
81
-42
-232
-115
71
84
155
33
84
222
432
799
1156
1441
1593
1559
1554
1644
1603
1703
1714
1573
1506
1524
1605
1731
1686
1488
1203
1064
952
829
768
669
578
550
623
718
637
468
145
-21
31
11
53
-99
-316
-505
-622
-944
-1340
-1550
-1631
-1381
-1134
-1074
-1238
-1555
-2043
-2373
-2631
-2827
-3373
-4360
-4297
-3474
-1611
186
927
877
83
-677
-1135
-1046
-760
-303
-95
-200
-494
-835
-973
-757
-152
398
719
273
-536
-1116
-1321
-1356
-2216
-3373
-4237
-3463
-1117
2064
4760
6024
5679
4098
2500
1159
712
838
1357
1758
1825
1693
1458
1335
1247
1260
934
108
-892
-1547
-1495
-1055
-463
3
172
246
307
555
836
924
951
873
918
864
297
-1342
-4100
-7275
-9474
-10178
-10446
-11087
-12068
-11856
-9764
-6469
-3212
-864
842
2459
4117
5377
5715
4989
3936
3046
2532
2404
2759
3690
4941
6302
7775
9490
11107
11956
11421
9818
7709
5771
3966
1915
-474
-2668
-3690
-3404
-2362
-1612
-1044
-355
763
2082
3019
3221
2464
1287
59
-1150
-2391
-3641
-4760
-5166
-4799
-3306
-1005
1315
3060
4184
5354
6556
7474
7335
5990
3943
2329
1293
585
-234
-1252
-1987
-2295
-2071
-1848
-1877
-2192
-2731
-3349
-4051
-4635
-5187
-5614
-5614
-4934
-3457
-1630
-204
460
449
267
79
-355
-1448
-3242
-4882
-5977
-6412
-6392
-6118
-5704
-4904
-3643
-2229
-1070
-532
-611
-1050
-1343
-1545
-1758
-1914
-2182
-2135
-1348
-6
1291
1926
1976
1902
2059
2441
2596
2357
1879
1564
1600
1832
2236
2733
3411
3245
143
-5970
-12780
-16301
-16410
-16372
-19001
-22199
-21408
-15025
-6300
11
3265
5986
10594
16021
19335
19016
16596
14509
13809
13622
12907
12050
11895
12672
13636
14551
15335
15717
14448
10599
5063
-163
-3888
-7335
-12055
-17759
-21520
-20984
-17038
-12814
-10456
-8734
-5345
345
6229
9369
9162
7726
7262
7960
8430
7744
6506
5943
6493
8052
9919
11250
11131
8814
5062
1048
-2209
-5626
-10184
-15615
-19868
-20811
-18662
-15515
-13223
-11233
-8038
-3166
1549
4169
4433
3733
3668
4302
4628
4269
4038
4924
6936
9210
11028
11972
11745
9862
6696
3121
-399
-4204
-8755
-13081
-15291
-14392
-11613
-9019
-7632
-6343
-3921
-854
1010
520
-1438
-2886
-2662
-1545
-654
-71
1161
3767
7245
10387
12201
12284
11069
9018
6462
3936
1411
-1305
-4130
-6193
-6645
-5565
-4158
-3576
-3595
-3370
-2362
-1069
-167
286
722
1200
-252
-5687
-13821
-20328
-21583
-19522
-18512
-19855
-19718
-13950
-3561
6297
11897
14367
16962
20863
23874
23201
19028
14211
11086
9687
8555
7138
6192
6560
7745
8628
8779
8433
7488
4458
-1049
-7481
-12359
-14932
-16962
-19829
-22051
-20305
-13650
-4858
2117
5975
8909
13169
17971
20237
18214
13547
9293
6968
5678
3857
1514
-121
-284
451
1296
1714
1210
-508
-3691
-7650
-11424
-14532
-17279
-20185
-22239
-21644
-17630
-11548
-5547
-473
4324
9442
14067
16395
15623
12847
9862
7626
5579
2923
125
-1422
-1175
-9
767
617
-351
-1975
-4276
-7186
-10113
-12575
-14265
-15045
-14134
-10697
-5246
378
4663
7322
9263
10918
11023
8396
3679
-856
-3394
-3793
-3431
-3047
-1958
556
4185
7224
8035
6873
4467
1561
-1431
-4529
-7196
-8875
-9439
-8654
-6781
-4135
-1575
55
933
1440
1941
2482
2624
2400
2254
2434
1532
-3286
-11797
-20330
-23657
-21920
-19865
-20630
-21668
-17569
-7269
4472
11953
14834
16590
19854
23445
23934
20325
15001
11120
9738
9442
8909
8244
8333
9162
9619
9113
7728
5606
1521
-5212
-12855
-18294
-20021
-19973
-20482
-20868
-17486
-8764
2293
10801
14571
15817
17757
20624
21560
18261
12163
6870
4441
4060
3660
2555
1393
956
961
611
-580
-2857
-6367
-11229
-16350
-20007
-21132
-20725
-20450
-20034
-17611
-11850
-4301
2173
6085
8577
11410
14385
15700
13931
10170
6820
5200
4502
3096
845
-1003
-1840
-2156
-3102
-5100
-7610
-10171
-12319
-13587
-13410
-11816
-9685
-7461
-4475
-170
4907
8676
9638
8508
7240
6671
5646
2828
-1263
-4170
-4360
-2410
-115
1197
1974
3072
4402
4818
3515
702
-2588
-5177
-6698
-7118
-6614
-5365
-3640
-1320
1462
4068
5498
5011
3398
1643
708
429
370
278
416
1145
1878
116
-6203
-15326
-22415
-23724
-21632
-20803
-22059
-20991
-13601
-1592
9091
14705
17067
19631
23222
25246
23224
18083
12944
9853
8590
7698
6705
6201
6478
6876
6550
5391
3470
205
-5665
-13286
-19613
-22059
-21319
-20208
-19386
-16099
-7775
3823
13859
19028
20239
20829
22141
22356
19074
12777
6567
2951
1852
1548
933
116
-379
-735
-1654
-3391
-6054
-9800
-14468
-19179
-21959
-21810
-19399
-16429
-13487
-9355
-3189
3883
9340
11867
12407
12743
13067
12047
8905
4713
1716
1003
1521
1485
398
-1114
-2359
-3489
-5219
-7809
-10704
-13193
-14418
-13664
-11081
-7395
-3573
-205
3255
7109
10343
11227
9193
5591
2691
1195
-78
-2085
-4138
-4526
-2567
503
2767
3444
2948
2206
1434
372
-1551
-3979
-6212
-7231
-6443
-4137
-1483
408
1311
1992
3106
4144
4183
2659
557
-851
-983
-440
-63
243
795
1829
2791
1995
-2845
-11483
-20462
-25186
-24711
-22970
-22663
-21692
-15574
-3692
9094
17407
20724
22295
24343
25693
23670
17972
11399
6954
5292
5135
5219
5554
6286
7031
6954
5576
2991
-1012
-6962
-14432
-20824
-23381
-21727
-18292
-14732
-9687
-1235
9755
19220
23773
23590
21556
19765
17680
13501
7203
1282
-1815
-1872
-520
628
1064
990
216
-1685
-4871
-8912
-13543
-18294
-22074
-23306
-21074
-16087
-10059
-4159
1930
8299
13682
15843
14381
10692
7141
4457
1743
-1552
-4355
-4811
-2621
619
2580
2524
947
-1270
-3829
-6974
-10461
-13533
-15034
-14048
-10261
-4659
1165
5680
8417
10113
10933
10322
7182
1802
-3636
-6670
-6924
-5613
-4141
-2486
302
3988
7102
7779
5712
1967
-1869
-4947
-6990
-8105
-8107
-6868
-4289
-411
3623
6431
7062
6003
4120
2639
1446
241
-1171
-2186
-2060
-890
681
1946
2681
2888
2884
2583
1664
-1506
-8403
-17526
-24733
-26317
-23408
-20102
-17862
-13888
-5099
7026
17282
21995
22369
21852
21975
21168
17389
11467
6497
4687
5692
7629
9060
9659
9312
7668
4604
380
-4688
-10707
-17481
-23115
-24678
-21116
-14510
-7983
-2114
4743
13159
20822
24359
22666
18006
13641
10587
7796
4161
570
-1091
-62
2331
4078
4044
2174
-1097
-5413
-10284
-15143
-19371
-22381
-23373
-21264
-15640
-7760
145
6321
10632
13612
15094
13914
9582
3712
-1300
-3914
-4424
-4343
-3956
-2505
284
3251
4616
3232
-417
-4898
-8918
-11535
-12648
-12265
-10346
-6673
-1324
4838
9710
11627
10353
7208
3899
818
-2581
-6306
-8864
-8522
-5032
-181
3818
6024
6940
7007
6031
3451
-607
-5004
-8247
-9305
-8018
-5107
-1696
1279
3512
5183
6148
5728
3428
-64
-2935
-3705
-2412
-377
1311
2356
3319
4100
4213
3371
1720
78
-935
-1262
-1746
-3555
-8576
-16345
-23512
-26067
-23343
-19033
-15984
-13025
-6609
3749
14135
20049
21089
20392
20418
20746
19066
14821
10185
7676
7833
9173
9994
9475
7619
4547
612
-3714
-8181
-13017
-18245
-22315
-22514
-17788
-10222
-3109
2377
7812
14365
20493
23212
21311
16641
12369
9917
8293
6249
3838
2408
2599
3537
3656
1916
-1745
-6741
-11915
-16304
-19241
-20691
-20696
-18821
-14347
-7514
18
6103
9686
11270
11815
11255
8922
4721
168
-2703
-3341
-2605
-1711
-1015
-377
412
568
-509
-3009
-6352
-9388
-11025
-10414
-7998
-4879
-1874
1127
4369
7395
8721
7186
3592
-210
-2590
-3535
-4034
-4181
-3277
-903
2374
4903
5555
4539
2556
364
-1725
-3531
-4786
-5330
-5040
-3633
-1229
1420
3125
3256
2202
1049
212
-644
-1714
-2585
-2211
-223
2486
4392
5013
4688
4018
3075
1554
-414
-2236
-3081
-2691
-1540
-640
-1908
-7604
-16539
-24247
-26177
-22987
-19381
-17393
-13996
-5312
7091
17505
21875
21746
20938
20988
20237
16684
11383
7182
5881
6882
8602
9738
9532
7536
3789
-703
-5042
-9394
-14530
-19978
-22827
-20248
-12977
-4889
1057
5543
10765
16701
20585
19989
15791
10967
7986
6830
6144
5286
4688
4899
5449
5469
4169
939
-4368
-10716
-16255
-19401
-20137
-19434
-17509
-13488
-6970
575
6545
9363
9494
8618
7397
5431
2371
-607
-2108
-1544
421
2351
3422
3165
1769
-571
-3173
-5955
-8705
-11093
-12086
-10352
-6287
-1549
1872
3676
4729
5636
5515
3425
-92
-3376
-4673
-4030
-2364
-503
1250
2912
4077
4330
3375
1268
-1510
-4109
-5597
-5510
-4245
-2591
-1135
317
1933
3120
3050
1428
-797
-2373
-2770
-2386
-1798
-1032
293
2450
4525
5626
5291
3970
2264
592
-773
-1743
-2117
-1703
-511
782
1246
-1324
-8155
-17490
-24758
-26364
-23554
-19975
-16726
-11134
-1394
10014
18265
21017
20162
18563
17216
15218
12045
8883
7290
7699
9518
11691
12895
11910
8158
2503
-3164
-7897
-12267
-16827
-20294
-19913
-14603
-6697
222
4629
7713
10789
13340
13762
11698
8472
6081
5654
6831
8696
10222
10798
10097
8279
5562
1655
-3762
-10240
-15889
-18764
-18466
-16260
-13413
-9986
-5528
-630
3069
4273
3037
1000
-583
-1139
-920
-227
1086
3039
5313
7142
7622
5796
2088
-2279
-5749
-7581
-8388
-8622
-8068
-5940
-2428
1038
2646
2042
357
-1144
-1954
-2696
-3379
-3511
-2453
-171
2518
4591
5258
4519
2893
1304
9
-1214
-2509
-3456
-3255
-1717
291
1489
1529
911
359
-133
-882
-1988
-2953
-3218
-2471
-951
697
1921
2362
2164
1473
699
-238
-1272
-1986
-2055
-1236
147
1615
2681
3017
2239
-662
-6503
-14682
-22243
-26036
-25081
-21058
-15832
-9430
-1525
6994
13625
16753
16528
14591
12401
10603
9543
9388
10315
11962
13946
15599
16005
14110
9523
3269
-3042
-8063
-11677
-14083
-14752
-12827
-8426
-3075
1314
3753
4537
4326
3770
3192
2932
3373
4748
7093
10165
13195
15038
14787
12317
8415
3943
-614
-5174
-9126
-11585
-11907
-10489
-8424
-6540
-5448
-4929
-4789
-4952
-5447
-5980
-6157
-5584
-3796
-1093
1919
4180
5364
5658
5401
4517
2718
353
-1844
-2862
-2655
-1765
-1111
-939
-1181
-1577
-2011
-2825
-3939
-5154
-5664
-5043
-3422
-1452
16
811
1208
1470
1525
1219
455
-296
-463
161
1126
1792
1848
1423
931
502
-130
-1126
-2161
-2709
-2367
-1585
-1000
-907
-1058
-941
-591
-374
-448
-737
-699
-186
232
291
-219
-931
-1434
-1455
-958
10
1017
1500
923
-1410
-6259
-12742
-19551
-23855
-24374
-21659
-17089
-11825
-5296
1975
8955
13310
14664
13990
13014
12833
13044
13785
14541
15574
16525
16880
16134
13586
9430
4127
-709
-4247
-6241
-7174
-7469
-6641
-4706
-2068
-57
608
206
-374
-276
460
1669
3140
4818
6765
8671
10207
10723
10001
8056
5433
2833
581
-1235
-2819
-3976
-4564
-4606
-4567
-4899
-5564
-6365
-6909
-7329
-7548
-7655
-7475
-6915
-5921
-4265
-2112
207
2008
3298
4103
4560
4460
3677
2613
1600
1051
557
-112
-1021
-2060
-2925
-3610
-4199
-4658
-4867
-4839
-4316
-3449
-2415
-1560
-1116
-780
-433
71
566
960
1259
1535
1888
1987
1764
1135
331
-435
-1172
-1664
-1815
-1807
-1707
-1728
-1616
-1424
-1515
-1926
-2654
-3156
-3093
-2698
-2495
-2365
-2108
-1763
-1274
-1050
-816
-502
-160
572
1534
2709
3820
4010
1670
-3135
-9313
-15248
-19347
-21747
-21898
-19601
-14816
-8629
-2741
1921
5066
7080
7976
8533
9289
10650
12762
14873
17080
18937
19784
18989
16345
12667
8843
5643
2940
1100
212
274
1133
1860
2289
1991
1108
-41
-847
-931
-706
-63
763
2051
3558
4754
5257
5050
4695
4270
3967
3521
3009
2607
2150
1757
1011
-134
-1755
-3524
-5174
-6499
-7228
-7672
-7533
-7064
-6069
-4737
-3413
-2292
-1477
-763
-208
349
568
766
900
925
763
356
-231
-1045
-1883
-2751
-3270
-3447
-3424
-3276
-3111
-2775
-2447
-2382
-2655
-2989
-3270
-3424
-3415
-3405
-3232
-2921
-2497
-2087
-1741
-1542
-1449
-1312
-1304
-1285
-1388
-1541
-1548
-1404
-1197
-1106
-1141
-1200
-1348
-1460
-1485
-1660
-1955
-2368
-2857
-3055
-2859
-2349
-1740
-1102
-167
1567
4248
6835
8541
8354
5658
774
-4722
-9958
-14116
-17070
-18517
-17439
-14236
-9764
-5231
-1447
1104
2728
3662
4502
5887
7939
10566
13397
16308
18523
19360
18494
16428
13785
11418
9499
7953
6911
6419
6409
6715
6972
6478
4891
2414
-88
-1569
-1807
-1241
-480
301
1097
1707
1878
1196
-136
-1389
-2091
-1806
-709
620
1297
1498
1679
1688
1391
-164
-2548
-4587
-5414
-5474
-5197
-5182
-5296
-4940
-4554
-4222
-4404
-5094
-5837
-5927
-5412
-4522
-3839
-3632
-3482
-3251
-2660
-2084
-1926
-1875
-1667
-1113
-172
579
833
758
536
533
786
888
722
430
357
567
754
436
-397
-1328
-1849
-1874
-1835
-1858
-1776
-1398
-720
-146
27
-149
-759
-1202
-1353
-1401
-1310
-1094
-797
-483
-385
-943
-1708
-2377
-2411
-1555
-308
1179
2576
3808
4803
5773
6586
7408
7888
7211
4578
30
-4685
-8825
-12431
-15871
-17973
-17679
-15266
-12011
-8931
-6498
-4866
-3830
-3348
-2542
-1419
249
2689
5794
9357
12217
13721
13635
12894
11721
10361
8884
7679
7334
7444
7957
8059
7842
6946
5509
4300
3302
2584
1550
672
198
302
785
1122
1361
912
171
-1012
-2089
-2552
-2537
-1720
-755
438
1263
1517
1033
-57
-917
-1370
-849
94
1184
1985
2263
1993
886
-572
-2209
-3283
-3750
-3594
-3022
-2399
-1769
-1489
-1539
-1990
-2456
-2633
-2350
-1701
-939
-138
386
610
640
413
88
-318
-605
-729
-717
-586
-381
-164
-134
-239
-598
-1001
-1398
-1628
-1699
-1633
-1483
-1605
-1722
-1877
-1944
-1900
-1792
-1569
-1277
-1111
-1206
-1359
-1578
-1658
-1752
-1845
-1803
-1551
-977
-440
-40
38
-56
-350
-250
104
746
1634
2402
3362
3842
3011
-48
-4164
-8184
-10825
-12310
-13162
-12730
-11287
-9306
-7895
-6805
-5974
-5132
-4407
-3558
-1901
320
2673
4752
6658
8181
8732
8123
7060
6391
6341
6919
7544
8393
9147
9244
8497
7410
6489
5776
5305
4862
4941
5237
5244
4608
3317
1710
114
-941
-1306
-829
61
698
1155
1264
1098
534
17
112
954
2204
3159
3915
4368
4478
3863
2865
1922
1253
957
806
706
289
-425
-1312
-2175
-2690
-2922
-2992
-2933
-2663
-2352
-2443
-2986
-3782
-4524
-4941
-4940
-4394
-3620
-2948
-2313
-1642
-1005
-612
-609
-847
-793
-442
-74
346
726
1201
1633
1694
1407
682
-206
-946
-1416
-1390
-1225
-1308
-1603
-2024
-2390
-2385
-2126
-1672
-1063
-568
-506
-1202
-1824
-2126
-2037
-1942
-2085
-2386
-3141
-4082
-4319
-3386
-1847
-281
606
363
-456
-1357
-1843
-1494
-355
959
1470
507
-1793
-4302
-6432
-7482
-7565
-7116
-6301
-5352
-4578
-4178
-3707
-3271
-2542
-1464
19
1661
2671
3134
3338
3706
3954
4211
4222
4331
4791
4997
5132
4811
4404
4138
4009
4216
4649
5065
5261
5420
5357
5026
4285
3305
2638
2470
2998
3692
4286
4709
4873
4876
4824
4741
4505
4144
3776
3795
4290
4540
4532
4405
4121
3881
3320
2641
2062
1874
2000
2215
2219
1692
1280
404
-362
-672
-1251
-2076
-2789
-2937
-2674
-2759
-3197
-3596
-4201
-4004
-3474
-3097
-2608
-2617
-3165
-3675
-4322
-4290
-3935
-4083
-4378
-4822
-5309
-5537
-5601
-5143
-4300
-3528
-2479
-2150
-2447
-3092
-3374
-3278
-3315
-2631
-2367
-2883
-3460
-4820
-5109
-5448
-6155
-5044
-4464
-4463
-4640
-5237
-5052
-3884
-2793
-659
-14
-719
-1229
-3029
-2856
-2326
-1031
795
1410
1982
2276
1472
807
454
255
994
1494
2011
1895
1208
631
372
495
886
1422
2100
2545
2711
2851
3046
3536
4223
4857
5147
5045
4869
4882
4631
4504
4896
5009
5252
5151
5082
5313
5070
5084
4840
4695
4199
3783
3585
2998
3119
3576
3869
4608
4742
4368
4069
3245
2847
2866
2688
2396
1982
1508
1413
859
429
91
-468
180
-169
-229
366
-333
-1017
-1883
-2274
-2008
-2066
-1724
-1759
-1652
-2397
-2985
-3029
-4450
-4225
-4088
-4232
-3874
-3788
-3598
-3883
-4313
-4396
-4421
-4403
-4050
-4191
-3532
-3445
-4255
-3623
-3408
-3514
-3848
-3685
-3537
-2825
-2436
-2821
-2479
-2968
-2973
-2921
-2870
-2829
-2108
-1026
-881
-855
-1077
-1696
-2274
-2103
-1734
-893
-138
-452
-232
-817
-760
-611
26
653
1494
1749
1777
1474
1302
1381
1375
3168
3670
3258
3624
3612
3175
3542
3655
2741
2827
2542
1921
1842
1563
2276
2303
1939
1697
1677
1138
868
1258
1824
1695
1731
2048
1754
2792
2313
1528
1953
2136
1573
1503
1635
1371
1426
112
354
-74
136
312
172
538
136
-62
-1186
-1011
-1345
-799
-869
-690
-196
-493
-501
-925
3
-584
-614
-130
-728
-769
-683
-1104
-876
-937
-1175
-902
-1759
-1183
-1400
-1647
-1183
-1376
-1260
-1161
-1397
-1277
-1196
-1365
-1118
-1238
-699
-1289
-1068
-926
-402
-171
-332
130
-235
219
-118
-199
-137
133
-217
-573
206
142
734
419
654
1070
1011
358
585
963
94
1351
594
294
1138
448
628
1295
1429
833
1498
432
-147
59
-886
16
-38
-234
418
-185
-335
-429
-601
108
-488
282
195
-226
619
8
253
979
-696
975
334
-273
1187
-614
621
185
-224
589
-617
-246
-295
-746
-279
-430
-316
-194
-359
-510
-578
-455
-447
-318
520
377
679
1018
-74
1034
102
-143
469
-223
222
74
169
-255
215
-574
-373
-230
-810
-37
-938
-345
-815
-511
67
-130
857
74
26
-195
-69
-260
-54
-115
10
386
-146
509
-421
335
-504
-390
-556
-985
-212
-959
-242
11
183
-25
349
-170
75
537
-193
578
-627
-87
-357
-625
-254
-329
340
-125
518
-30
254
-521
-64
-230
-152
803
-702
813
-677
103
754
-176
1459
16
867
158
-200
-278
-369
-207
-154
650
222
930
331
295
17
-425
7
140
-318
265
-529
-428
-416
-638
-200
-199
166
112
364
-585
784
-405
357
767
-360
1282
-391
525
631
24
654
182
30
-83
303
-305
663
-439
-105
220
-661
161
-506
-89
-805
-689
-356
-552
-93
62
477
358
623
402
584
822
107
1115
431
527
681
101
161
464
-360
230
-166
-490
721
-925
152
-522
-825
-501
-482
-373
-54
-459
-562
-159
-737
988
-186
396
781
80
467
-33
23
-235
-622
-564
-841
-447
-404
-570
170
-650
184
-342
-615
307
-432
434
-38
522
304
-72
283
216
178
92
-69
-300
354
-244
446
-163
184
79
-22
17
-323
134
-169
134
-11
73
329
-225
174
17
115
362
-603
548
-464
-109
376
-364
615
133
487
527
28
342
-152
-245
-51
-509
-153
-3
-457
404
122
27
808
-7
4
451
-522
354
79
-252
306
-424
-49
75
116
488
490
647
365
-178
73
-636
-873
-32
-854
155
-72
-606
161
-920
-278
-326
-855
47
-167
267
176
-180
244
9
474
289
714
517
-139
-223
-515
-176
-191
333
506
265
130
81
-355
-197
86
-256
-235
-236
-128
-335
78
-271
309
249
-216
333
-128
131
8
260
-103
254
-40
-40
-84
-328
-475
-276
-44
-675
501
-647
521
333
-217
849
-130
255
270
-165
304
-230
-188
159
-303
239
-33
193
194
325
315
499
227
-28
-259
-496
-253
-621
316
-90
181
373
-337
198
-395
-351
44
-242
-121
48
2
-186
475
132
342
493
92
288
-348
-48
-214
-280
-408
-138
269
121
958
351
723
298
52
-200
-493
-189
-679
-211
-262
246
128
92
498
-85
157
-129
-319
145
-34
134
443
487
103
374
-360
110
-304
-328
52
-596
-163
-237
-179
-33
78
-623
300
75
126
683
-177
306
86
-192
-166
43
-494
-12
-119
-63
485
327
731
42
450
-137
-256
-97
-485
-198
-363
-138
-333
36
-288
33
20
-302
174
-179
187
-229
-75
-242
-690
-432
-603
-516
35
92
91
515
39
258
-10
-215
58
-122
-207
164
-108
243
376
377
839
456
721
453
74
406
36
-114
121
-82
-16
6
162
-8
110
251
-116
161
-75
-68
241
11
-167
-497
-290
-200
-411
17
-131
-188
-127
-572
-551
-540
-364
189
430
382
401
94
-211
-118
-461
-425
-273
-581
-336
-582
-558
-323
-334
-286
48
-159
-146
141
77
461
557
492
219
646
-108
273
236
427
907
532
1240
618
732
818
595
231
743
317
353
698
141
400
-64
-6
-480
244
-354
-387
375
-643
-125
-384
-244
149
-170
-138
-205
-896
-263
-851
-680
138
-528
706
-583
-51
-327
-960
-192
-796
-129
-759
-363
-197
68
-293
217
-370
-250
-362
-728
-173
-288
313
-144
295
-58
577
210
252
712
424
642
137
435
336
575
404
525
93
305
455
40
335
-27
78
140
110
195
48
-150
48
-514
-296
-452
-962
-70
-589
-439
-270
-755
-420
-261
-848
125
-226
-345
-122
-513
-325
-243
-173
79
51
205
258
-5
290
-18
402
-151
-155
-324
-133
165
358
851
632
357
491
-213
88
93
164
608
150
1213
402
901
806
132
538
229
548
286
887
34
822
268
11
574
-404
226
-64
5
-185
-221
-227
-306
80
-300
130
-134
11
67
-52
183
-288
-409
-255
-620
-698
-132
-616
-115
-379
157
-183
-373
-180
-261
-149
-426
-48
-482
-144
-256
-223
-337
-572
-83
-924
-389
-377
-743
-245
-477
-331
-192
-290
68
147
-169
418
26
286
226
-119
108
-297
-51
-235
62
129
147
485
590
608
377
494
319
182
341
376
-76
723
187
366
632
2
169
-60
-119
481
452
113
449
301
246
151
-49
-248
62
-59
-49
536
-552
87
-379
-704
267
-501
191
313
-307
-48
-92
-717
-158
-148
-688
-92
-540
-724
-14
-629
-236
328
-413
491
-321
-384
113
-495
-61
137
97
142
348
124
360
-91
-488
-47
-444
-107
14
255
56
260
288
455
817
463
1122
209
326
152
-100
154
-294
496
314
-185
367
-120
-509
72
-549
-347
-38
-279
70
312
-125
615
387
-15
1132
157
477
838
-291
371
-441
-310
323
-610
885
170
332
525
-430
678
-481
72
-99
-357
-65
-159
-435
-511
-419
-489
-53
-267
-105
255
-600
-50
-124
-920
-93
-517
142
-598
-66
-550
-562
-308
-580
-355
-100
105
-35
596
-339
-380
-153
-560
-380
-147
-122
-141
415
326
881
922
14
95
-647
-897
-231
-283
199
934
465
956
315
316
5
-717
473
-790
283
83
-254
726
-334
71
58
-103
-388
-143
-966
-4
-264
-406
557
-87
564
311
624
376
500
190
-107
399
-530
326
457
414
885
404
979
-33
-159
-236
-921
11
-38
-72
332
255
300
-27
-506
78
-271
-96
114
-67
205
-465
-550
-187
-809
-203
-28
-22
367
145
246
184
283
-187
663
-31
720
-120
383
-213
-25
648
-693
549
-10
-160
272
345
-250
1081
-371
-261
424
-1127
93
-51
-296
33
218
-80
105
-177
-166
-113
-585
623
-137
513
375
-289
463
-1002
-398
-368
-611
-50
-123
190
-207
-115
-327
-419
-194
24
-278
-179
-181
-48
88
-699
-107
-371
-52
77
-164
883
-244
-206
549
-791
704
-403
-484
658
-990
185
462
-123
1076
-512
-136
67
-812
601
-408
-74
152
-247
13
151
-212
360
-5
-595
499
-152
-120
27
339
431
260
234
-169
-46
-35
422
454
965
372
790
-18
-211
575
-390
256
460
44
88
413
-368
-168
27
-1004
461
-125
-567
779
-752
178
72
-631
619
-72
271
454
-320
367
-82
-150
119
99
-52
219
-62
253
3
-107
344
-443
386
-135
-48
215
-429
244
1050
-712
908
-147
-819
442
-1026
797
37
60
801
-494
-260
-269
-829
181
-401
-445
341
-308
345
-416
236
-433
-659
479
-373
502
-17
395
62
-354
-324
-151
-516
-849
-73
-1027
-26
-195
-660
-17
-60
-22
701
19
60
663
-791
585
-559
91
40
-656
428
-689
484
31
220
278
196
-108
-124
-388
-436
6
-366
70
207
160
-43
1021
-518
552
161
-502
1263
23
823
1004
123
630
460
57
674
-325
16
319
-655
-3
-254
42
172
381
225
367
-256
193
-55
-636
279
-594
-70
27
-378
-127
-23
-33
732
523
256
722
-23
-248
56
-352
-790
40
-367
-793
582
-434
-271
55
-344
642
-200
371
-960
-287
-712
-835
-104
-240
63
-292
-97
-417
23
-289
-286
-123
472
-33
458
391
454
310
328
-45
296
75
255
813
-400
715
-506
-215
-160
70
133
514
258
-70
70
-772
60
-189
-94
602
245
16
361
-669
318
-318
41
603
-381
1445
93
-129
590
-820
55
-360
70
114
-532
740
-977
738
-587
-502
470
-567
396
-316
-198
-616
479
-446
120
211
-779
180
-1019
-366
-378
-609
-423
-71
-14
-369
624
-437
39
62
-438
358
218
276
701
-25
453
1012
-170
989
110
-208
649
-1108
530
-101
-145
553
-61
487
-606
126
-538
-352
188
-419
-27
149
-489
477
-69
831
442
-110
390
-162
464
-338
615
-872
440
-552
-79
414
-175
712
-517
794
-794
728
-332
511
-6
-416
561
-1301
-60
-1167
-330
-760
138
-339
-158
139
-480
1401
-1113
706
15
-586
929
-564
737
-82
-134
108
-130
-2
200
276
242
732
-67
589
222
-75
490
-405
511
374
590
673
789
-169
208
-191
46
387
307
184
-54
270
-1068
701
-978
255
510
-794
201
-506
-186
250
-728
-498
-362
-1510
156
-590
67
-359
259
-880
-528
-246
-1517
168
-1204
-105
62
-425
711
-336
228
-36
728
741
-130
1169
-635
625
379
437
443
167
306
-884
1083
-1019
359
760
-400
1337
11
476
454
163
177
611
265
137
292
-596
838
-87
-304
340
-1086
149
-999
-1000
113
-982
600
-581
151
-187
-74
13
164
291
-423
1005
-528
184
-175
-542
-75
-649
560
-255
88
-70
-377
-501
-506
-305
-899
271
-361
-282
-80
-988
455
45
-302
660
-753
561
-327
-12
1061
-129
1364
242
523
974
295
1210
887
501
597
85
228
612
-522
-22
821
-625
481
-132
-786
319
-791
-158
-306
-1587
-277
-1467
-303
-124
-328
-92
-551
-218
-73
522
130
618
-509
534
-918
708
-604
305
505
-54
1207
-719
1166
-1059
681
-1078
-39
-46
-849
1331
-1008
1509
-259
138
668
-923
298
-591
117
-480
29
27
140
714
122
135
419
328
-213
1179
-277
86
465
-999
827
-1066
1024
-599
-50
607
-619
1389
-1063
555
-279
-262
192
-85
-290
597
-328
196
550
-406
823
-884
58
-410
-602
504
-495
350
-368
-194
-654
-36
-546
468
-639
56
243
-1731
632
-1318
254
-515
-845
592
-568
-111
651
10
176
451
-1200
2
-782
373
406
104
800
-300
245
254
44
499
919
293
491
290
105
182
-9
136
-177
746
-113
1011
475
-188
512
-549
285
377
726
182
281
-51
-672
67
-99
229
674
598
200
258
-546
-575
17
-365
282
270
-390
-302
-342
-165
-210
272
-148
-235
-119
-828
137
-587
541
226
-68
223
-1103
-4
-461
-866
711
198
33
1141
-1130
137
-203
-1035
630
-496
445
154
-334
-558
-116
-480
18
219
-247
522
-891
-507
93
-781
1026
-44
788
1022
-536
1332
-871
558
428
-191
490
329
-521
-229
61
-215
260
-222
-39
-313
-230
-587
224
-393
-51
47
-303
-156
-310
-288
-558
-309
352
-451
481
719
-1095
1124
-517
-580
776
-747
-152
1065
-153
-190
454
-1565
703
-927
-59
1637
-1852
1611
-1482
-355
409
-1351
872
380
144
357
879
-856
806
-333
-107
1059
-49
590
81
928
-1256
415
-72
-777
1326
-508
872
718
547
106
894
-413
-220
1319
-302
652
551
-282
888
123
645
783
-234
474
-90
340
-335
-18
-289
-308
110
-777
-18
196
-537
-343
-426
-1135
181
-586
-226
1062
-722
899
-29
-861
1100
-647
-1031
-307
-1307
-1327
-202
-166
-711
277
-100
477
549
-572
1179
-502
-304
291
-660
655
-1
714
18
48
201
-1243
24
-522
-339
99
566
-700
513
830
-959
845
-176
-485
474
-98
-59
434
-566
284
764
-79
703
625
-298
247
-565
59
-907
309
-33
-920
1880
-624
770
-458
-789
-139
-591
257
172
509
23
53
-97
-136
659
57
-238
637
-809
411
-434
-216
339
-422
589
-385
-63
-36
155
-104
-16
108
-918
169
-862
145
98
-300
1002
-48
395
380
506
-510
243
-209
-974
-230
-107
-383
153
-55
-788
997
-883
879
375
-526
1452
-1336
1089
142
366
797
-38
490
-198
-626
7
411
168
740
511
171
-48
694
-740
745
677
-299
-111
-648
391
-1253
390
278
-198
1536
-596
-84
-763
-1000
-727
-514
-439
65
-27
-326
-130
-628
-396
-1061
368
-257
76
1781
-1127
782
561
-1368
870
-374
-597
1301
173
418
1179
-1354
1042
323
-562
800
-329
-317
507
-285
-697
574
-585
1056
-6
80
34
-544
260
669
40
73
175
-483
166
-697
68
-282
-356
330
34
221
605
882
140
640
155
-500
195
-423
291
10
-197
-372
-363
80
-1076
-236
-1
-206
-144
-613
-465
309
-197
-876
358
-1331
383
93
-1475
685
-713
-431
-415
-120
-662
296
430
-1293
325
-65
-24
637
480
-393
68
-282
-521
1549
-385
1068
324
-152
1326
-351
1384
962
-782
1052
-947
517
1162
-350
1888
-773
846
512
-1208
322
-409
127
729
459
-596
353
-732
-418
-407
-408
-70
39
687
-903
791
-1386
450
322
-1548
1285
-1136
-95
-197
-1180
336
-655
-1244
776
-448
-149
1779
-1251
1055
91
-912
462
-548
305
760
480
387
450
-181
-44
-639
718
425
-55
1052
-513
687
260
-464
773
-516
793
502
-191
340
-450
-115
-783
48
872
-325
938
585
-530
674
-305
-785
187
-388
225
650
394
35
396
737
-1143
1010
-808
358
869
-909
-14
-1046
-672
-1250
-548
-815
-902
-509
-1323
-525
603
-306
800
168
-711
551
-1692
-510
399
-470
561
414
22
566
-244
-257
190
-148
203
-324
-468
332
-185
1115
918
53
273
224
-1168
-32
696
-189
1517
631
456
-55
-316
212
-126
69
448
759
-9
762
-461
-1456
383
-1803
63
-188
397
1906
-464
591
-1001
-826
-110
-691
-142
-1022
-801
167
-98
513
51
1017
-581
138
99
-752
947
-1370
491
836
-250
1427
-73
471
324
-746
163
-52
415
65
429
-92
648
601
487
860
218
-549
-377
-69
-286
1084
-102
222
-895
-218
-1087
-200
8
-723
2202
-152
703
1007
-515
401
-217
-498
1385
-166
-179
472
-1798
420
-1178
-1180
303
-1400
440
-1171
-688
-177
-370
936
473
1242
-238
347
-962
-537
455
-1362
721
-267
500
111
-237
386
49
1221
-27
1165
-662
-330
-724
-1292
-397
-265
-294
283
426
-259
733
-478
-477
1015
31
946
1092
-604
711
-983
-1110
-223
-919
620
1039
-97
445
470
-687
-397
55
-287
-287
252
-412
-24
159
-344
-104
137
-299
-74
273
-17
482
-131
434
-859
-74
1185
-899
1576
-310
17
765
-1050
1405
59
-65
941
533
-122
324
-438
-52
-314
292
779
-166
1187
-173
399
79
-497
360
-1134
575
-60
-1750
307
-1393
-1238
346
-970
1297
-155
-847
777
-1758
1208
113
-571
872
-279
-474
246
-455
-872
570
-1053
257
-233
-92
311
-597
592
-541
105
-435
-421
-187
191
434
-98
906
-48
-160
651
81
137
583
-343
383
-24
271
630
480
476
708
1231
-19
257
834
-14
727
-167
-103
-1113
-456
-102
228
831
218
1227
-119
-501
-756
-652
-433
-644
468
448
-120
590
-126
-555
699
-539
-611
144
-1168
700
-443
-1592
-321
-749
-1073
-396
84
-223
-175
218
-836
-902
-456
-520
-806
776
-620
1371
1297
-584
958
236
-167
414
723
-498
160
90
191
432
495
103
-179
502
338
286
1585
208
772
226
-205
-39
-1095
1220
-428
1375
1013
218
1071
-311
774
-588
-448
-627
-38
-577
552
100
-422
1002
-1471
-314
-924
-1225
-65
-995
1014
84
125
965
-1431
711
-169
-1707
410
-1284
-431
1132
-50
1239
495
-456
-156
-1765
-682
123
-487
910
-147
-111
330
-507
150
-328
182
383
252
-518
-225
42
-1144
362
252
497
375
-92
-20
1074
1170
449
537
-454
-230
-922
-1095
-372
-162
-1012
-381
130
68
603
104
278
-403
-405
-1549
-111
-592
138
1119
370
829
968
-278
-522
37
-1950
1550
-328
-81
1357
-700
-710
69
-374
-932
917
-1600
651
117
91
860
552
1045
788
923
-28
1046
-767
-122
-268
-497
254
32
697
817
2
507
333
-424
1342
-894
481
-158
-825
677
-364
914
20
-402
253
-7
103
1237
-16
803
322
-607
778
-421
-1170
-220
-566
-97
1229
692
1819
-139
475
-146
-971
768
-1790
25
370
-653
734
-621
-674
-1285
-1272
-397
-448
-401
1263
-5
272
563
-1399
80
-362
-1374
412
-192
69
769
-253
636
-502
-804
192
-1429
200
911
-1435
1198
-886
741
655
-1370
361
-333
-1307
-267
-192
-1764
1380
-547
716
483
-853
142
-1733
-286
-799
-570
873
-441
354
671
-233
1437
-123
374
1066
207
-214
222
-343
-657
150
-697
1049
71
184
164
-930
370
-622
537
682
966
965
451
343
283
-55
424
286
851
1006
443
834
-568
686
561
127
1209
-100
503
51
-426
697
-444
809
-339
17
85
-1340
330
-457
-649
-347
-522
-618
-199
-615
-581
-49
-678
624
-201
597
195
-286
261
-1158
186
-710
547
-208
264
251
-1602
115
-960
-725
-207
-140
-355
430
-214
-478
390
-514
1018
-772
-211
469
-132
185
637
70
-45
76
-517
84
176
50
558
1227
-353
937
-342
48
456
467
937
28
1229
5
-322
-664
-289
-175
-186
740
-940
564
-59
-590
386
-648
996
-673
479
393
-306
285
-345
469
-145
24
17
709
-564
311
-314
-1571
-83
-996
-104
-65
-656
636
-665
-1361
401
-1105
-657
-53
-953
334
-495
-348
662
-650
1731
846
-266
926
-1044
694
154
27
1518
285
512
379
-124
-213
587
-806
-764
-70
202
744
529
568
-273
508
-232
-10
13
-6
843
95
693
134
59
75
-303
-850
94
-147
-435
575
-977
421
-652
-710
144
-289
51
-148
234
220
254
-415
-114
-451
497
-736
324
427
556
152
-1107
164
-796
-297
1218
510
291
1530
-47
86
-203
-1504
-196
677
-1260
823
382
-300
251
-221
-699
123
222
-646
1303
-314
361
556
-258
514
-109
361
215
-569
-391
-198
-73
-340
231
-322
889
534
-189
1054
-965
540
-73
-58
379
-354
-757
-121
-1618
-867
877
-611
754
264
553
-285
-78
-334
-354
170
-572
165
-149
-1137
263
16
-643
1181
-648
-629
1132
-912
433
150
-878
569
-194
-618
507
-1217
-1042
305
-1199
518
955
-190
-330
197
-521
1084
-30
33
369
-1316
259
-604
-973
766
-374
-593
474
-597
784
457
49
1032
176
757
868
321
1389
1265
1527
1550
318
1518
-236
-499
-36
-1023
523
372
601
1249
-109
1206
484
-352
569
-439
-422
-102
-694
-536
-1074
-1279
-184
110
235
939
-157
770
11
-864
482
-781
-140
-309
-941
193
-599
-280
-133
-720
-28
-145
-950
818
-493
-1317
1602
-1344
-940
1044
-2134
-13
-686
-2762
627
-1807
-154
-660
-1733
76
-512
370
469
1093
745
660
552
441
-195
-506
28
-337
500
349
-444
1411
317
203
42
-14
411
-394
1318
1295
1083
1920
744
-100
877
304
-130
1227
44
108
751
-169
-307
398
-792
-589
493
-726
1352
513
-255
614
-340
-616
-370
419
-585
661
-232
-937
1374
-1050
-435
723
-1957
837
-401
-758
40
-509
-502
-1061
-281
-708
-420
-631
-229
-527
-12
-372
-513
-179
-450
227
-646
-234
82
-924
834
-177
196
309
-757
984
-293
581
728
276
912
-214
-491
-210
-587
-262
1009
272
813
918
-667
401
87
-1069
846
466
31
1164
690
0
360
-221
-733
713
101
1203
1232
750
1267
-488
-491
-776
-193
551
229
998
454
746
666
-285
705
-1096
-1526
-345
-1813
-446
-555
-669
774
-531
-635
664
-1330
-297
-511
-2202
-49
-623
-717
603
-127
-638
939
-968
496
-103
-1430
1119
-785
655
1385
-373
-230
333
-1024
866
279
-677
958
-374
420
323
-433
925
423
-431
1223
572
-609
618
-267
-8
744
-751
1063
27
268
532
-191
915
-437
-196
-208
-241
-652
872
197
811
482
-240
166
345
-199
41
19
-1133
119
-746
-913
268
-658
-669
3
76
128
83
658
163
271
58
288
-578
3
-475
-240
-425
-545
249
-650
578
611
-521
669
76
-1265
271
17
508
362
-418
884
-463
-260
104
-518
89
488
441
-576
262
-460
-728
-232
312
-281
-424
-117
-656
662
-94
486
614
403
267
154
797
-5
-375
569
524
89
910
-621
491
-378
-686
-137
-294
-294
-700
355
349
672
-148
-221
2
-1026
-215
647
-25
213
-71
-36
-936
-537
-88
-357
-391
1453
830
112
1589
-1563
871
-25
-1002
1842
-670
748
770
-671
413
103
-151
117
230
-863
302
-255
134
1074
-145
1030
605
-294
-857
-196
-608
-459
503
-534
303
-282
379
45
-752
328
46
-343
-376
-736
19
-1281
-367
-107
-444
554
-969
-97
-1086
-144
-375
-453
544
67
548
256
2
-10
-168
-441
70
295
119
685
-243
41
253
-472
128
215
-100
377
586
-569
-34
-618
-714
338
433
1224
882
549
149
-306
316
-446
-354
828
-303
600
-440
-988
484
-262
235
593
-95
-51
576
-905
232
80
-587
406
-241
396
-306
188
-521
55
360
-289
473
-545
180
-100
81
969
308
-334
283
-357
-421
-83
403
-304
-515
400
-1110
166
388
117
-159
878
153
-923
816
-647
157
987
-486
712
-174
-1159
349
-625
-482
984
-1028
247
1106
-611
688
1214
177
-761
-628
-401
-354
338
123
1047
789
302
78
-61
209
339
-745
68
96
11
576
-264
588
-795
583
221
-1140
64
226
-96
402
-21
-837
295
-624
-1008
713
572
-197
1453
-593
-460
650
-1332
-96
-58
-1192
-175
1179
-1680
527
62
-1508
934
-913
81
-686
-197
-748
431
-367
-752
481
-1413
-54
271
-240
458
878
-273
324
947
-940
1290
457
-1003
773
-706
-522
-218
-781
485
489
-696
891
-218
-188
1963
-103
1586
850
-570
665
-751
106
654
-371
331
867
73
1064
196
-476
-124
-137
212
251
-19
-286
-618
-895
142
-531
-61
-238
-597
192
-295
325
1
-453
253
-424
-136
1223
-305
169
-27
-275
1084
646
-251
119
-455
-957
178
-925
-592
1
140
-1
-160
-106
-432
31
220
270
313
413
144
1288
79
-230
593
-403
652
749
520
-653
-466
6
-475
822
140
99
345
-626
-585
419
-534
-52
1119
-1089
105
492
-1037
838
113
-619
938
50
587
1889
-482
490
-393
-1000
-573
-1597
-555
-534
328
-164
337
-66
-334
-282
-630
-434
-603
-871
-37
65
-714
634
398
130
1493
-611
-143
283
-767
1149
23
16
576
-269
-646
211
-1199
-987
-652
-1471
808
-637
361
882
6
775
4
-206
-276
552
273
722
733
-798
602
-373
-988
565
746
732
228
-6
-454
-309
-212
-516
231
-305
503
542
-670
755
694
-226
188
89
756
678
105
354
141
-429
44
-272
-1634
-96
-412
-473
1116
-195
187
1117
6
391
519
-1454
-354
795
-978
644
1309
-486
579
773
-374
-191
458
-432
-398
335
128
951
244
-201
550
-362
-668
-732
-54
-902
-125
573
-896
1568
224
-699
713
-733
-418
388
-342
-87
848
226
70
-1072
-1719
-959
-879
-849
-291
153
202
97
321
283
-42
279
365
452
296
765
215
369
271
-130
908
531
-446
-358
-525
-905
-286
-816
288
424
796
838
1130
-239
-1022
1314
-1537
110
75
-1159
691
-1240
307
691
-187
-539
202
-668
-697
1567
-166
706
1137
-309
1302
-334
341
326
-1050
-332
-946
114
-860
618
152
-347
-190
-77
6
-552
-166
-685
-243
-406
339
51
-161
468
775
-310
39
256
-870
-71
-688
140
430
10
169
-178
-210
-444
157
-110
1089
691
94
538
596
690
729
250
19
-525
-1489
-1056
-849
428
-272
238
-143
-972
360
-756
679
474
983
1569
371
1863
196
271
462
-627
-29
146
-265
-161
1139
-615
73
-68
-1717
-78
-1305
-789
827
97
175
-595
-90
-1044
-1236
218
-405
677
184
-46
187
-15
504
277
369
-165
200
-358
-290
-368
-390
169
-50
23
-505
103
354
184
643
1179
432
936
924
408
424
1328
30
-337
-824
-1437
-299
201
-236
689
338
-748
113
-612
-763
-83
223
-434
-848
-1434
-44
698
91
1164
-65
-399
299
-1245
-224
-112
-575
433
347
-538
174
-448
-1044
715
-903
-418
394
-643
-564
-627
-1108
-196
-435
-720
1223
288
1888
495
473
1021
-109
711
470
920
588
157
112
-1
-408
531
-344
-597
1427
-205
1041
946
-141
548
166
-343
1047
508
-712
843
-797
-710
422
-465
568
859
159
259
-686
-834
-1004
-41
-1034
-980
312
-1380
-254
34
-1529
-508
-407
-1404
-73
142
438
1446
-133
76
55
-106
-117
853
-42
86
602
-268
490
-178
590
-1148
45
439
-965
357
-108
-270
200
617
-31
682
551
-963
-350
-254
258
-220
170
570
385
348
-306
-271
-1167
-405
-205
560
450
1176
2286
-88
505
26
-976
509
190
994
1164
92
46
225
-48
-375
990
490
716
1180
74
706
-279
-1131
-1156
-1767
-364
88
-373
522
-48
-779
-520
-991
-945
-328
425
558
22
-354
-462
-80
-872
-309
995
-407
-38
156
-1541
-687
-923
-638
184
-57
351
473
-430
-90
160
-1101
821
66
-684
460
-338
-208
586
42
-10
1160
-978
-306
-318
-1372
110
-461
750
303
1525
823
-27
880
-1233
-125
723
55
950
707
168
114
-11
638
699
1450
541
-21
-622
-1202
-337
-849
-502
130
-452
-334
848
-204
207
-97
-393
-145
-1055
-309
78
-1113
133
331
-774
697
-84
607
680
-101
877
-924
-710
623
533
1436
1526
969
390
-688
-1132
-1012
-317
625
243
1616
-295
-182
551
-596
-148
199
-127
-88
634
-172
-29
-326
-530
85
-279
-88
400
271
11
5
-428
-560
-689
-26
-497
1434
1253
-379
964
-779
-586
824
778
280
701
624
-454
971
315
189
1020
-749
805
895
-671
880
-58
-889
109
-427
-1061
472
86
-1164
-48
-664
-403
464
-390
277
-775
-671
-518
-1957
-725
-883
-791
-334
-975
-981
-753
-720
-162
330
780
1050
230
-806
-137
-1210
-999
651
-1282
47
-377
-902
603
165
77
624
946
76
1040
-148
112
839
-597
913
776
367
1079
202
-295
850
475
-121
259
-450
490
403
-137
746
-250
529
663
-745
355
149
-847
313
425
-208
153
495
-70
-12
-267
-78
-27
-7
-335
251
-446
2
549
-748
306
-1062
-325
443
-463
1323
26
835
1683
-273
613
-24
316
851
19
-242
-311
-825
-1604
-1000
-1674
-1004
101
-630
659
75
274
501
-145
629
142
976
100
-377
-598
-1280
-1142
-693
-41
708
395
298
1264
576
464
1097
678
-17
353
593
17
207
264
427
-146
-499
-245
146
-300
-32
798
-829
-32
185
-255
255
825
-337
-912
414
-1427
-380
-315
-1078
73
-263
407
975
250
429
347
-335
99
-221
174
274
-468
-705
-170
-340
-596
174
-856
167
225
-852
624
-285
299
-118
-514
-592
404
65
-673
252
-941
82
-242
-167
-499
-720
-329
-338
932
380
948
776
331
579
-804
-140
-2050
-752
-56
-582
981
238
746
723
488
4
552
-117
1228
1288
822
1148
280
575
125
184
-92
287
225
-102
435
-561
235
-355
-958
63
-242
228
330
91
-889
-755
-638
-1474
-569
-125
-168
136
292
-499
-132
-18
-346
1047
551
-245
-434
-32
150
1257
265
1080
892
-318
1233
-229
1
-65
80
-534
134
457
-280
494
-300
-153
-493
-220
-311
33
-133
-599
-632
-536
42
101
450
-173
3
-736
-153
736
-389
-31
-433
5
-8
-461
223
-125
-913
68
-59
-164
922
62
-167
3
-922
-270
151
-211
462
599
-258
267
261
288
611
-170
645
-679
-111
476
-384
502
428
651
138
11
-818
-281
-654
-703
365
-1029
-389
-658
-1405
-77
398
-67
288
435
131
355
547
676
632
236
237
132
-186
558
5
-128
1
-885
-1028
559
405
357
579
-166
924
-433
402
72
-258
753
229
426
246
87
-42
478
-11
682
128
304
709
25
-274
208
-996
-897
576
-773
812
-7
-839
-93
-1754
-437
-24
-481
673
401
-1087
-704
-672
-1592
238
8
465
1305
92
-529
-647
-971
-142
62
-748
546
473
252
993
-71
953
1448
-423
943
747
-21
459
-631
-356
260
-613
-487
746
498
872
1010
-798
-399
-563
-1393
735
645
140
1099
-852
-1067
-605
-1330
-144
-18
32
1427
1213
-505
222
-469
-400
683
-133
-301
-868
-1031
-730
-588
-517
657
282
191
346
149
-224
345
430
-647
174
-465
-893
-553
-347
163
531
-8
-365
298
-94
8
-203
-187
408
214
330
947
695
912
1148
285
367
119
81
481
485
1077
1194
717
1090
321
-38
-363
-1192
-1216
-572
-578
374
1293
-149
-74
-503
-1162
-221
-241
89
636
-399
-443
-239
-876
-769
-1431
-1370
-1058
121
994
503
565
-569
-1374
-1122
-669
19
1153
490
186
-580
-1046
-808
-511
-82
-5
601
87
329
364
600
701
506
7
259
-58
0
1055
894
1171
953
861
694
1110
920
121
210
-356
472
1463
355
-13
-199
-1031
-522
48
-350
-167
-215
-601
-546
-641
-588
168
-173
-20
339
-765
-1024
-1102
-1040
-553
-106
-176
293
687
512
-206
-552
-367
-160
-236
-183
429
-400
-447
-764
-811
-182
-190
-158
-701
-581
-101
280
801
1229
430
-228
-176
-315
-636
-177
-71
209
699
230
802
459
591
518
-45
86
91
479
1021
1515
730
654
-19
-299
216
266
1078
1381
799
472
-26
-1081
-960
-506
538
1227
757
445
77
-527
-547
-997
-1253
-1052
-696
-299
-376
-182
-342
-682
-816
-281
71
-189
-379
-367
-219
466
492
175
72
-490
-481
-514
-203
184
271
178
319
368
445
-68
-62
76
-306
-140
-350
-27
-160
-161
-336
-643
-368
-474
314
833
911
587
180
-306
-1138
-1025
-766
116
738
617
431
230
-194
-13
-18
-146
502
224
-192
-447
-544
-408
196
341
137
-328
-1204
-1084
-821
-206
698
539
804
282
-161
-2
-451
33
16
14
121
371
-81
14
295
166
510
365
369
268
447
425
522
539
352
195
412
945
982
1052
588
106
18
-700
-719
-105
708
1787
1436
831
396
-5
-655
-509
123
220
349
-346
-391
-425
-132
86
-28
227
254
164
-114
-125
-342
-447
-791
-844
-567
-521
89
397
-27
-258
-797
-1249
-986
-631
-84
302
332
26
-263
-551
-1210
-1157
-1202
-781
114
586
624
103
-13
-709
-951
-780
-855
-295
-135
-439
-134
-192
62
168
-141
347
458
777
1284
1438
1390
943
408
-143
-275
-214
-63
389
269
150
-3
-140
-162
81
746
659
517
21
-64
-360
-229
-60
-306
-101
-379
-83
-170
185
367
525
665
71
-219
-614
-402
-232
-68
283
421
-24
-393
-478
-488
-98
210
358
648
655
382
275
-407
-419
-249
-332
-256
153
267
100
168
-252
-762
-898
-709
-400
270
434
140
-91
-566
-501
-186
112
57
500
-59
-522
-491
-488
252
600
868
871
844
124
-266
-831
-1154
-673
-605
-260
490
672
495
187
-353
9
553
1082
1252
1084
365
-106
-411
-733
157
497
970
1299
1150
745
188
-361
-368
-236
-468
53
110
332
596
422
-11
-605
-1112
-1218
-1040
-466
217
265
276
17
-458
-704
-402
-155
-11
277
207
-15
-268
-803
-1007
-910
-821
-611
-303
133
478
366
224
244
529
636
499
453
437
223
-37
-99
-74
223
205
171
369
613
547
503
408
104
19
-95
-152
5
28
-153
-220
-337
-475
-43
72
189
214
74
-163
-428
-574
-569
-131
-162
275
113
-9
30
-278
-292
-365
-641
-738
-315
-500
-451
-259
-439
-331
-264
-289
-97
-93
-361
-660
-863
-972
-623
-86
335
671
981
450
15
-255
-524
-98
125
552
686
779
727
452
464
390
725
791
524
520
-119
-445
-529
-545
-360
20
170
540
484
68
452
315
367
-31
-487
-532
-865
-881
-646
-199
248
281
209
349
328
432
444
710
1097
789
464
131
-148
0
81
246
347
516
648
621
637
432
171
29
165
319
292
186
212
-92
-424
-471
-862
-747
-433
-74
271
368
276
75
66
-113
-142
-154
-136
-267
-51
90
180
287
-424
-823
-1381
-1776
-1660
-1345
-589
175
663
717
632
290
47
-104
-232
-441
-686
-871
-1181
-1140
-912
-515
34
106
39
-46
-252
-285
-109
181
368
430
239
9
-241
-568
-401
-198
-57
209
425
732
806
612
589
558
391
522
731
1114
1459
1154
805
486
293
637
851
1024
1232
1296
988
918
856
474
502
255
1
-111
-481
-676
-912
-1159
-952
-818
-685
-466
-288
-428
-290
-260
-623
-573
-500
-331
13
219
221
233
-139
-290
-615
-795
-294
53
374
279
-56
-485
-883
-846
-632
-83
334
399
131
-290
-666
-822
-744
-526
-287
-109
-56
-123
64
58
27
41
-187
-126
-408
-706
-731
-849
-584
-396
-361
-351
-403
-715
-713
-546
-402
-315
-177
-87
-65
87
-68
130
126
240
385
366
567
424
315
364
493
543
648
611
514
427
151
-18
-36
95
436
564
497
618
395
292
413
539
787
874
1000
1162
1037
935
762
401
63
-325
-616
-641
-229
-35
213
429
251
44
-283
-263
26
106
247
273
196
253
201
35
12
17
-154
42
11
-71
5
-21
128
16
-115
78
347
578
524
368
170
-242
-503
-507
-328
-108
-58
-10
-66
-177
-321
-608
-724
-749
-744
-724
-584
-338
-206
-270
-380
-307
-445
-510
-664
-847
-837
-858
-594
-405
-299
-214
-144
148
554
773
856
870
687
428
233
187
293
394
342
248
199
-2
-75
-47
75
273
309
267
327
328
224
204
469
625
745
927
1047
1041
865
662
668
917
849
773
496
-18
-343
-688
-755
-608
-588
-550
-441
-302
-321
-627
-873
-1168
-1343
-1577
-1689
-1532
-1268
-1033
-1023
-982
-900
-781
-625
-336
-100
83
124
39
-62
-324
-404
-476
-538
-568
-753
-670
-445
-76
-51
-91
115
196
277
210
227
380
466
579
603
802
799
561
323
50
-190
-330
-219
121
801
1276
1593
1526
1177
720
247
155
-57
-19
219
402
762
944
942
944
780
444
323
155
166
159
6
54
82
260
494
763
742
396
-96
-464
-530
-436
-235
115
408
565
421
11
-354
-683
-1003
-1243
-1025
-777
-229
273
525
701
444
9
-571
-1048
-1233
-1171
-954
-487
32
390
469
324
132
-167
-333
-299
-261
-145
102
191
137
96
22
215
451
582
657
686
630
532
399
218
-151
-513
-802
-885
-814
-707
-530
-273
-119
-102
-31
-229
-370
-600
-805
-793
-654
-465
-122
336
670
611
417
285
-15
-225
-375
-452
-160
42
132
298
379
343
171
174
197
289
258
56
-163
-138
0
149
266
309
403
376
237
46
-85
-49
159
447
466
363
161
-224
-437
-497
-540
-431
-304
-265
-354
-550
-538
-402
-71
341
525
477
499
169
-291
-684
-778
-627
-595
-378
-281
-133
-118
-128
-69
-23
-6
21
170
392
454
367
313
124
-108
-302
-330
-331
-346
-251
-120
-59
87
263
320
378
248
61
-101
-69
81
226
472
584
649
563
458
208
33
32
70
260
414
498
472
512
608
626
476
312
174
-148
-354
-641
-555
-195
197
525
591
548
410
344
183
95
-82
-233
-289
-264
-276
-339
-367
-416
-376
-456
-417
-217
-58
-45
-132
-376
-471
-559
-620
-458
-115
238
505
625
571
478
229
3
-136
-195
-75
-16
111
213
220
247
248
238
117
77
205
256
321
413
541
619
575
375
95
-123
-224
-255
-259
-77
30
223
466
591
544
433
230
-72
-209
-340
-359
-255
-156
-53
-43
-60
-187
-265
-386
-462
-525
-679
-686
-713
-700
-583
-393
-193
-225
-389
-578
-727
-861
-957
-829
-778
-774
-741
-719
-629
-442
-135
51
139
139
-92
-315
-511
-508
-482
-362
-233
-78
45
131
204
164
182
208
264
254
157
78
64
144
315
548
621
598
567
476
532
693
847
859
744
545
484
509
563
630
515
269
80
26
156
180
141
153
119
119
118
172
265
222
227
97
-81
-169
-326
-264
-231
-240
-244
-226
-221
-80
53
-45
-167
-293
-504
-606
-493
-489
-329
-134
47
134
92
200
377
399
183
-61
-139
-119
60
373
798
1076
1296
1245
1072
925
704
542
213
61
-24
-26
48
235
423
552
445
196
-46
-163
-24
179
184
122
-39
-277
-381
-476
-398
-320
-190
-130
-290
-308
-221
-106
-71
-133
-262
-566
-876
-1058
-1202
-1155
-901
-761
-697
-721
-817
-984
-935
-793
-645
-553
-543
-564
-666
-724
-678
-497
-368
-178
-152
-52
48
34
-23
-28
-136
-151
44
242
490
563
560
475
407
432
454
531
469
443
490
503
538
431
202
68
17
137
352
572
773
746
590
434
248
317
520
704
823
709
503
263
-40
-147
-232
-313
-378
-301
-51
189
317
389
386
292
112
-131
-246
-220
-136
-92
-30
3
174
125
172
480
502
430
323
291
270
164
66
42
33
108
178
179
149
41
-218
-375
-383
-155
83
294
326
171
-132
-318
-273
-322
-487
-702
-853
-911
-876
-820
-629
-424
-225
-181
-320
-753
-1086
-1178
-1303
-1222
-1013
-641
-294
5
168
260
337
313
263
98
-36
-166
-227
-110
138
315
432
585
734
742
798
771
626
525
452
372
429
577
725
760
641
404
209
245
484
703
710
423
133
-114
-408
-502
-360
-174
-155
-147
-300
-473
-553
-594
-563
-451
-374
-394
-416
-373
-391
-470
-485
-468
-396
-438
-516
-542
-384
-104
185
337
324
216
-18
-132
-382
-418
-357
-376
-326
-312
-202
-160
73
215
326
371
351
270
-15
-324
-445
-391
-207
-19
265
430
479
366
201
193
238
327
460
628
627
610
355
218
131
10
68
177
250
417
482
370
213
114
118
85
255
345
382
372
310
289
291
439
525
643
704
713
687
661
513
316
200
7
-19
118
363
381
239
74
-30
-10
146
410
589
646
523
201
-69
-225
-273
-142
49
261
312
129
-110
-308
-393
-403
-366
-415
-601
-703
-722
-727
-712
-715
-838
257
435
856
890
-1142
-3539
-4484
-3968
-3011
-1915
-437
501
-1016
-1345
-1275
-1229
-127
284
-791
-641
451
373
21
616
887
411
653
575
-53
-18
637
482
8
-67
18
102
301
389
55
59
309
472
403
381
464
431
408
412
565
677
898
1118
1031
865
708
536
359
301
459
605
756
737
624
472
515
636
623
595
436
325
289
207
61
-89
-230
-327
-384
-427
-449
-426
-402
-439
-603
-783
-815
-782
-699
-666
-582
-586
-628
-588
-611
-543
-452
-437
-505
-471
-406
-287
-124
-62
-115
-163
-194
-239
-299
-388
-278
-102
75
180
297
289
335
506
620
646
499
344
295
295
459
603
713
845
874
889
774
621
457
270
105
40
30
68
20
108
294
588
796
790
688
561
487
460
553
645
877
912
856
722
559
482
388
318
221
112
72
-20
-164
-258
-242
-191
-98
-60
-65
-163
-385
-548
-573
-500
-398
-293
-344
-389
-549
-777
-932
-956
-912
-909
-827
-687
-630
-582
-621
-709
-728
-685
-611
-643
-631
-592
-626
-653
-793
-952
-1035
-1013
-901
-734
-573
-441
-374
-227
-72
-62
-53
-148
-267
-325
-381
-265
-8
306
511
595
500
286
130
-16
-25
92
253
363
448
464
438
337
317
395
552
742
706
589
471
301
164
122
148
143
169
248
225
220
132
-50
-167
-253
-245
-61
140
111
30
-57
-61
5
40
71
2
39
124
162
256
350
404
555
710
697
603
485
432
505
540
424
371
428
469
560
621
719
732
679
676
674
647
513
415
342
320
329
303
210
117
44
95
151
203
262
184
117
41
65
69
118
136
125
114
24
-29
-134
-284
-374
-519
-643
-712
-913
-1158
-1366
-1423
-1271
-1167
-1136
-1082
-1106
-1128
-1127
-1070
-1026
-1015
-846
-610
-376
-260
-223
-217
-188
-148
-101
-102
-154
-161
-322
-457
-588
-717
-863
-1010
-1084
-1131
-1126
-1072
-909
-724
-546
-365
-323
-172
87
378
571
681
794
840
846
867
953
935
951
926
929
1025
1055
1070
1016
993
902
814
709
676
763
897
898
866
650
425
321
372
604
740
793
723
687
555
467
350
237
203
255
298
358
348
208
156
123
126
226
379
487
378
165
-23
-320
-407
-406
-386
-412
-509
-636
-765
-735
-735
-759
-854
-919
-1000
-1051
-1049
-958
-877
-860
-776
-744
-693
-585
-442
-240
-105
59
281
458
649
677
569
481
388
352
413
442
528
648
623
513
260
-26
-219
-241
-201
-152
-134
-213
-314
-463
-470
-538
-668
-676
-550
-333
-235
-266
-362
-473
-602
-544
-417
-213
-27
60
34
42
83
100
142
197
223
197
141
50
85
220
433
606
677
719
673
724
745
666
634
540
321
199
87
52
84
172
172
104
40
-82
-223
-363
-445
-526
-571
-517
-350
-229
-58
-83
-190
-389
-500
-525
-601
-609
-575
-437
-335
-405
-553
-635
-556
-338
-41
185
258
313
423
528
631
675
680
681
628
600
610
676
746
837
912
939
885
856
684
503
349
311
372
408
373
279
176
-25
-168
-270
-348
-267
-135
-53
-97
-179
-396
-472
-429
-291
-179
-159
-109
-287
-363
-430
-485
-537
-642
-681
-710
-738
-756
-753
-766
-807
-742
-619
-533
-472
-492
-547
-547
-386
-321
-229
-201
-70
11
79
130
79
245
273
414
524
525
559
556
562
564
511
354
254
225
292
453
628
711
699
628
525
463
357
277
328
266
201
115
-31
-51
-53
-48
9
57
-3
-7
-10
-37
-115
-257
-360
-256
-182
-53
-10
-105
-244
-483
-564
-619
-625
-489
-407
-400
-444
-439
-442
-376
-260
-199
-146
-174
-147
-140
-223
-122
-48
-108
-174
-294
-347
-379
-408
-332
-259
-262
-269
-252
-279
-313
-266
-240
-250
-221
-253
-185
-39
17
114
188
269
297
350
423
346
337
351
487
659
775
824
837
823
809
825
916
920
741
610
443
374
395
498
547
531
407
233
143
62
86
116
196
196
186
113
83
-5
-90
-224
-380
-396
-333
-118
150
403
488
298
110
-1
-33
139
262
360
411
305
169
107
50
149
245
182
134
87
33
54
24
2
-12
-192
-372
-535
-623
-488
-266
-29
28
-66
-162
-439
-577
-667
-627
-462
-297
-205
-221
-302
-356
-368
-328
-345
-329
-351
-380
-340
-322
-297
-231
-280
-317
-297
-389
-510
-546
-651
-789
-716
-614
-480
-333
-295
-317
-421
-552
-603
-632
-556
-360
-187
-31
113
151
142
10
-67
-95
-62
-53
-48
49
205
360
426
371
198
157
215
264
384
408
452
463
452
273
175
103
61
135
244
285
264
237
188
168
169
249
249
365
409
589
692
659
682
531
479
418
271
161
192
236
254
237
169
93
42
-23
-95
-79
-164
-211
-187
-172
4
339
564
526
373
155
-80
-214
-229
-241
-169
43
149
276
330
312
280
240
266
331
449
469
430
358
351
241
181
112
-77
-210
-361
-311
-299
-227
-217
-299
-316
-481
-621
-615
-554
-421
-292
-135
-32
52
68
-52
-149
-170
-99
-70
-22
-9
26
-6
-5
-96
-168
-225
-304
-258
-142
37
22
-119
-220
-213
-68
-50
-252
-326
-440
-468
-378
-247
-177
-117
-95
-128
-60
-110
-67
14
45
-1
-92
-143
-278
-433
-513
-519
-539
-573
-693
-672
-532
-392
-390
-423
-548
-520
-334
-262
-190
-152
-42
15
32
-52
-98
-141
-59
-56
-21
-70
-140
-94
-89
108
316
494
643
670
650
655
743
842
942
1056
1043
976
901
832
879
980
1016
1011
921
879
869
847
809
844
780
588
464
466
569
754
806
662
441
191
-29
-32
60
151
134
81
90
72
-113
-239
-364
-599
-713
-858
-871
-848
-798
-734
-781
-830
-895
-1019
-909
-805
-782
-825
-880
-786
-722
-628
-545
-418
-403
-489
-560
-644
-704
-741
-679
-561
-463
-505
-518
-553
-607
-589
-565
-572
-526
-509
-520
-387
-226
-160
-80
37
127
226
244
200
135
196
338
316
305
356
401
581
694
693
607
534
479
592
751
842
996
1029
1071
1073
971
967
1106
1147
1223
1193
1005
898
877
954
1031
1030
1042
953
881
814
596
356
143
7
-92
-98
-133
-113
-128
-101
-109
-162
-179
-226
-331
-419
-534
-609
-661
-711
-680
-702
-786
-927
-1123
-1176
-1059
-837
-764
-921
-1158
-1352
-1465
-1424
-1209
-1074
-933
-832
-727
-526
-350
-266
-305
-275
-239
-250
-224
-283
-345
-341
-344
-222
-158
-36
33
210
361
491
542
501
495
475
506
483
619
764
839
931
950
908
737
557
237
21
-49
-49
114
132
211
280
287
313
222
130
-52
-267
-338
-227
-106
-26
-28
-157
-221
-240
-286
-243
-309
-454
-448
-381
-254
-131
-73
-60
-100
-141
-95
-73
-10
79
190
311
408
449
445
383
331
371
459
745
889
804
676
548
581
674
694
666
571
480
477
479
401
267
-1
-144
-229
-107
55
129
102
-35
-112
-194
-189
-175
-122
-86
-112
-178
-170
-220
-174
-149
-207
-383
-590
-695
-806
-726
-576
-482
-442
-449
-350
-423
-551
-636
-682
-657
-669
-614
-528
-315
-265
-294
-382
-439
-291
-226
-109
-59
-117
-130
-80
-1
-50
-30
-61
-25
-7
29
49
73
140
154
115
165
155
213
251
215
279
294
330
368
388
405
325
227
309
410
483
553
592
631
612
600
454
198
-81
-167
-76
81
273
344
246
96
93
184
354
536
574
513
355
141
31
-25
-27
-76
-78
-26
-82
-153
-197
-234
-220
-223
-215
-206
-185
-130
-122
-95
-3
55
52
55
50
103
59
53
-36
-150
-246
-327
-310
-261
-200
-121
1
48
12
-43
-66
-118
-195
-170
-175
-246
-255
-384
-441
-385
-324
-250
-201
-293
-353
-390
-277
-47
174
372
465
315
125
-37
-95
81
255
364
338
271
115
27
67
192
285
282
253
78
-82
-181
-209
-174
-251
-320
-401
-433
-349
-255
-163
-162
-229
-269
-251
-260
-234
-293
-324
-341
-412
-404
-261
-157
122
251
168
94
-138
-166
-175
-102
-36
41
172
308
420
422
314
183
111
79
76
154
233
242
317
337
401
512
478
446
397
336
374
375
325
229
88
2
20
44
111
113
28
-60
-146
-206
-107
-25
120
131
71
3
-95
-205
-293
-271
-175
-130
-114
-86
-154
-90
-67
-3
-8
-1
15
57
110
144
233
204
123
-109
-287
-347
-201
-58
70
205
171
213
244
149
104
101
162
274
250
246
134
47
-57
-162
-193
-194
-266
-287
-199
5
235
423
355
149
-114
-328
-445
-395
-215
-37
142
149
226
208
188
29
-129
-316
-482
-482
-427
-379
-450
-473
-487
-464
-468
-361
-191
-174
-123
-136
-42
132
171
93
-9
-51
-26
138
304
401
460
448
205
-42
-131
-122
-14
75
188
284
346
383
354
275
224
164
133
42
-65
-10
-56
-49
-82
-58
-25
60
92
13
-58
-97
-93
-82
39
166
236
211
109
120
158
201
256
189
49
-40
-99
-126
-54
16
119
206
231
213
149
15
-100
-166
-215
-267
-250
-264
-223
-226
-273
-254
-255
-258
-336
-517
-614
-612
-583
-458
-412
-349
-384
-400
-451
-299
-167
-106
-153
-289
-319
-358
-281
-86
80
213
272
174
148
153
226
250
296
226
126
61
31
73
158
240
238
152
149
172
144
278
372
387
436
437
470
487
584
641
628
663
550
515
445
467
457
399
303
143
49
-11
-29
91
255
265
185
68
-54
-124
-137
-118
23
112
177
228
212
199
109
-30
-205
-300
-272
-118
-8
47
-19
-105
-175
-275
-246
-252
-175
-147
-179
-205
-199
-166
-110
-118
-141
-137
-138
-117
-61
-7
-28
-139
-306
-408
-494
-501
-403
-274
-45
105
172
149
52
-23
-74
-68
-56
1
69
177
122
-41
-211
-353
-342
-423
-428
-375
-345
-201
-198
-166
-213
-169
-99
-94
-154
-355
-508
-546
-545
-370
-215
-112
14
47
72
55
114
274
435
535
551
379
229
40
-56
-30
-8
-28
-46
-2
15
58
127
147
41
-43
-164
-270
-286
-192
-60
41
26
-68
-157
-272
-381
-394
-418
-295
-154
-102
-154
-126
-165
-198
-61
-32
-16
36
14
10
-6
27
177
311
455
491
480
427
394
407
521
585
586
622
743
880
925
1016
1029
979
913
827
716
591
544
485
389
353
290
142
42
-23
-37
-40
22
13
-100
-75
-27
20
72
29
-59
-36
-6
-24
27
61
31
-119
-229
-327
-389
-341
-298
-273
-371
-536
-649
-606
-517
-395
-290
-301
-290
-395
-534
-636
-724
-723
-758
-799
-711
-561
-407
-300
-199
-154
-224
-256
-427
-556
-706
-783
-744
-759
-756
-694
-581
-443
-201
26
195
231
185
146
207
263
335
422
469
508
486
414
416
355
282
144
57
163
392
480
494
479
370
392
376
399
370
314
368
319
326
302
232
156
48
-37
28
97
103
128
81
42
-6
16
83
211
245
300
223
164
117
91
115
57
82
145
358
421
418
313
184
136
108
128
121
70
-47
-178
-178
-103
2
76
-40
-26
-64
-106
-313
-638
-742
-671
-456
-317
-234
-224
-259
-230
-205
-185
-204
-290
-320
-304
-289
-233
-259
-283
-318
-215
16
167
401
511
488
391
258
98
32
129
387
503
416
245
95
-9
-110
-112
-62
-152
-334
-497
-614
-524
-315
-129
-5
32
-31
-180
-285
-361
-283
-154
81
175
339
528
645
621
498
345
100
-24
-52
8
124
217
262
198
161
106
67
54
-24
-84
-136
-126
-135
-202
-247
-357
-414
-419
-390
-270
-241
-254
-231
-204
-197
-177
-78
-127
-97
25
50
39
66
21
-51
-90
-151
-160
-144
-58
-53
1
83
83
102
172
232
255
258
201
132
178
264
320
312
319
254
107
6
-201
-293
-299
-176
50
244
337
227
2
-196
-289
-191
-82
-80
-145
-171
-247
-260
-97
33
226
355
443
434
304
166
51
109
175
230
258
244
241
241
254
203
175
83
-19
-149
-194
-122
-2
108
90
-14
-72
-140
-134
-86
-26
-18
-23
-138
-314
-427
-436
-291
-106
63
120
87
-68
-104
-135
-143
-177
-270
-213
-130
-113
-59
66
209
317
278
89
-85
-208
-237
-88
61
132
125
30
-2
45
61
-49
-109
-143
-63
62
227
364
440
382
291
112
-47
-106
-87
-16
36
64
107
201
247
243
239
185
84
-29
-140
-203
-276
-250
-221
-159
-57
2
-53
-106
-33
67
166
169
64
-96
-312
-415
-476
-422
-327
-250
-177
-111
-107
-83
-97
-128
-56
17
113
189
242
208
169
90
-65
-168
-317
-281
-36
190
343
323
171
28
-140
-233
-213
-92
89
145
75
18
-62
-94
-93
-190
-124
-43
12
-4
-135
-241
-178
-35
47
134
143
27
-99
-193
-249
-286
-266
-153
-85
-93
-114
-197
-237
-69
194
382
519
547
367
231
112
31
88
213
360
425
368
212
-9
-70
33
127
177
244
208
134
64
67
142
201
157
86
40
39
64
71
63
-21
-79
-48
-72
-102
-49
-71
-94
-96
-23
16
16
-8
2
60
154
168
111
89
37
43
45
76
-14
27
70
154
260
272
279
232
259
261
199
-10
-186
-276
-289
-350
-423
-439
-369
-243
-136
-133
-178
-315
-420
-447
-480
-367
-294
-298
-253
-308
-308
-294
-318
-294
-334
-268
-265
-134
20
33
106
149
136
225
296
279
340
383
462
494
591
592
582
602
649
684
679
646
577
468
299
250
258
296
256
239
99
-54
-194
-236
-293
-300
-253
-291
-184
-147
5
85
95
-64
-264
-441
-547
-470
-402
-282
-206
-228
-372
-427
-579
-653
-650
-684
-651
-542
-556
-560
-562
-437
-304
-266
-239
-265
-210
-152
-105
-48
35
-1
-46
-147
-151
-111
53
149
137
84
-50
-138
-187
-88
-26
-7
-36
-102
-14
45
244
273
221
198
77
157
231
276
210
31
-95
-301
-368
-396
-376
-225
-72
57
81
7
-79
-146
-40
174
296
327
298
284
219
224
338
607
796
919
947
940
837
700
596
534
516
598
565
553
546
448
513
510
485
530
582
624
596
413
272
217
163
157
199
182
201
116
129
79
-31
-174
-293
-403
-480
-509
-586
-591
-610
-470
-295
-76
75
53
-83
-246
-327
-422
-367
-222
-72
50
86
62
11
-77
-98
-20
84
193
242
178
47
-103
-341
-406
-456
-439
-405
-360
-343
-353
-399
-483
-541
-614
-675
-794
-908
-992
-956
-902
-813
-753
-590
-430
-465
-433
-424
-377
-210
-108
18
104
39
-56
-136
-115
-72
4
125
183
222
189
125
73
62
71
144
190
239
320
369
410
372
359
372
376
387
390
418
459
437
410
411
465
490
443
221
-49
-205
-216
-75
139
270
255
162
121
100
100
139
203
250
391
590
653
596
472
404
352
259
148
58
-103
-149
-149
-124
9
115
199
163
126
125
192
312
423
412
390
329
166
92
34
-10
-84
-166
-134
-136
-151
-175
-239
-353
-480
-462
-408
-229
-169
-191
-205
-179
-72
-129
-150
-251
-282
-300
-263
-135
-65
-74
-133
-303
-477
-496
-383
-309
-279
-271
-410
-475
-500
-429
-331
-206
-163
-195
-167
-85
23
117
113
-99
-318
-364
-365
-305
-180
-24
32
56
-69
-280
-434
-484
-391
-205
-24
95
177
218
292
394
449
420
341
225
200
337
400
286
157
-34
-187
-192
-103
-3
94
51
-97
-120
-132
-58
42
109
212
357
511
602
596
583
496
407
413
390
457
600
638
592
564
462
397
319
293
286
296
334
293
227
156
142
131
120
71
43
-67
-182
-259
-411
-373
-258
-82
37
7
-56
-111
-99
-26
6
14
-54
-126
-200
-231
-251
-157
-87
-44
98
130
116
-31
-156
-304
-395
-406
-431
-421
-472
-478
-344
-176
-108
-85
-106
-131
-127
-201
-173
-115
-94
-118
-112
-144
-60
-47
-120
-76
-184
-296
-440
-429
-434
-397
-319
-327
-276
-220
-256
-174
23
202
379
352
199
90
46
15
38
137
192
147
128
84
18
29
-60
-114
-119
-93
-75
-103
-71
-13
83
187
182
126
116
63
16
79
172
195
209
133
84
156
208
279
345
385
318
229
168
135
132
81
24
-151
-210
-227
-199
-229
-281
-229
-166
-93
-101
-184
-208
-235
-179
-148
-61
9
82
23
83
125
106
64
-63
-152
-177
-53
79
211
256
377
442
451
402
423
428
478
597
668
640
496
302
236
254
209
164
112
114
213
329
358
353
285
150
73
-16
-96
-146
-202
-164
-14
77
89
57
-128
-187
-186
-184
-150
-185
-238
-215
-195
-233
-161
-197
-350
-421
-447
-385
-311
-291
-413
-595
-743
-851
-899
-851
-713
-673
-540
-484
-398
-267
-290
-354
-487
-567
-597
-540
-305
31
300
363
319
206
44
41
84
93
105
152
161
158
129
205
332
366
443
436
473
504
490
506
550
537
563
521
443
330
227
254
210
152
50
11
110
170
214
302
402
478
489
423
251
90
80
52
112
29
-18
-1
16
28
34
36
-60
-145
-162
-111
-153
-186
-162
-198
-238
-333
-350
-350
-328
-216
-186
-52
-55
-107
-107
-161
-150
-148
-90
-17
51
96
11
-88
-143
-226
-366
-458
-516
-565
-553
-442
-348
-403
-393
-333
-270
-172
-93
22
19
17
-11
-62
-61
-33
24
-26
-18
-12
0
16
-17
-23
-25
46
80
92
80
108
0
-47
-12
-19
-31
-43
-32
-32
43
162
303
490
610
618
648
632
607
587
472
463
432
423
451
489
488
404
221
-28
-129
-156
-82
-8
15
99
166
179
140
170
275
420
435
321
163
-85
-120
-8
123
264
286
265
202
208
129
34
-63
-246
-323
-325
-292
-191
-103
-133
-71
-94
-154
-248
-379
-454
-398
-304
-194
-94
-104
-183
-360
-374
-383
-340
-357
-401
-387
-377
-388
-465
-474
-441
-418
-452
-433
-280
-77
113
160
74
-92
-223
-186
-157
-60
61
150
177
103
22
-84
-19
-1
-34
-35
-69
24
-2
-35
-82
-65
-25
34
74
70
172
238
324
282
167
50
-16
15
80
240
309
372
339
200
60
-97
-216
-262
-197
-189
4
96
151
184
129
27
-66
-76
-9
25
33
102
114
183
269
275
189
119
26
-13
62
98
118
79
96
92
107
155
126
50
83
142
137
109
42
71
73
67
61
60
-3
-112
-198
-258
-125
87
236
212
186
125
116
183
174
156
55
23
-29
-30
-57
-89
-103
-136
-135
-219
-269
-217
-156
-45
53
-64
-208
-357
-436
-325
-222
-115
57
140
146
108
-18
-225
-311
-278
-156
56
96
156
225
321
351
301
191
26
12
7
106
147
94
20
-60
-53
-48
-19
-7
1
37
54
110
92
-20
-36
-33
-57
15
53
102
160
169
117
2
-146
-295
-362
-381
-378
-345
-318
-355
-365
-445
-453
-493
-499
-499
-455
-320
-323
-301
-341
-357
-299
-248
-290
-297
-261
-234
-126
-85
7
132
222
357
471
515
534
538
470
411
358
295
299
290
315
395
486
613
709
727
744
761
811
810
731
681
625
552
579
496
398
275
206
218
242
299
276
275
236
339
365
285
71
-156
-261
-316
-355
-385
-444
-484
-474
-418
-330
-351
-372
-366
-333
-302
-286
-288
-374
-512
-578
-587
-557
-581
-589
-593
-530
-473
-517
-563
-691
-623
-485
-474
-356
-288
-168
-122
-187
-232
-304
-256
-143
-98
-164
-286
-362
-336
-243
-115
-12
139
173
153
139
93
39
-7
-1
-45
-29
-63
-86
-60
38
135
153
136
89
173
210
291
324
248
248
185
185
223
365
580
653
589
508
426
392
444
536
541
486
387
249
212
300
321
301
280
227
224
220
83
-120
-222
-255
-112
2
48
24
-15
-72
-154
-191
-215
-265
-241
-265
-235
-176
-165
-72
-14
-3
-29
-142
-211
-227
-227
-201
-135
-108
-91
23
14
18
26
17
87
126
220
234
210
163
45
-4
24
126
166
175
83
-7
-101
-119
-67
21
105
83
106
32
-73
-125
-130
-45
31
24
-104
-158
-136
-127
-61
-9
32
54
83
125
181
292
305
327
288
319
281
261
237
208
176
102
44
-44
-34
-91
-177
-234
-273
-201
-59
45
53
26
15
62
100
85
-20
-117
-189
-166
-155
-120
-73
-38
-111
-264
-392
-437
-301
-115
-17
-67
-130
-277
-285
-215
-206
-180
-137
-95
-50
-14
89
99
61
35
34
76
-21
-154
-273
-249
-224
-218
-153
-199
-322
-382
-434
-429
-360
-421
-363
-306
-256
-131
-59
-121
-186
-208
-175
-100
41
164
199
233
235
246
305
344
295
283
270
291
212
107
9
-67
-129
-52
17
158
253
281
278
92
57
55
183
313
385
381
236
199
177
282
295
304
374
417
423
293
190
13
-21
103
214
277
156
-54
-163
-239
-191
-118
-53
-11
-46
-101
-99
-61
-109
-161
-236
-257
-304
-268
-173
-48
38
0
-25
-76
-16
78
124
35
-84
-119
-134
-50
104
142
209
259
196
119
113
79
43
-7
-8
-30
-88
-167
-214
-189
-137
25
118
68
74
2
-52
-14
41
155
246
269
227
175
99
19
-43
-155
-209
-170
-49
21
85
83
15
-86
-198
-236
-244
-200
-126
-97
-78
-38
-20
-92
-236
-447
-597
-710
-807
-699
-600
-484
-311
-263
-228
-268
-218
-152
-23
43
92
169
192
257
207
143
89
92
144
295
380
484
501
438
396
342
406
444
585
711
768
711
655
527
401
396
426
386
303
157
48
-4
-18
52
113
54
-53
-142
-235
-246
-222
-25
74
117
64
-104
-187
-271
-242
-143
-32
-2
38
102
74
39
-84
-200
-225
-245
-176
-179
-137
-193
-194
-156
-195
-224
-267
-297
-401
-533
-698
-693
-632
-633
-507
-342
-203
-29
-5
-94
-272
-355
-331
-302
-152
-60
46
86
38
52
63
96
130
82
39
-31
-21
20
105
173
167
287
357
380
417
350
279
283
210
110
99
45
19
79
197
360
459
439
217
76
-69
-75
-18
2
135
208
198
111
37
-67
-70
-196
-153
-110
-50
37
6
-20
-66
-55
-22
49
104
50
-72
-155
-76
39
122
162
15
-160
-304
-316
-270
-185
-139
-199
-355
-546
-557
-380
-143
113
264
404
404
217
78
-56
-73
-43
47
218
305
298
226
189
59
-31
-73
44
30
97
86
-57
-65
-99
-62
-15
57
26
-89
-119
-125
-143
-11
50
182
239
211
210
221
251
304
250
127
54
13
59
70
45
6
-111
-219
-299
-235
-253
-239
-193
-77
57
91
105
43
-61
-146
-162
-134
-137
-87
-5
71
200
268
348
264
167
51
29
182
316
433
340
202
-32
-207
-334
-333
-137
106
269
202
35
-184
-293
-296
-379
-425
-337
-314
-297
-295
-317
-264
-257
-200
-160
-72
36
142
184
139
103
5
-22
-9
116
217
245
226
94
-18
-72
-58
-81
-36
81
249
355
361
248
110
-12
-62
-16
-39
-56
-107
-115
-51
-23
52
164
138
180
191
171
265
263
268
224
177
132
144
138
105
75
98
100
34
-33
-121
-125
-127
-61
24
119
222
235
167
40
-161
-358
-419
-373
-261
-159
-58
-26
-21
-29
-139
-301
-402
-476
-461
-363
-390
-386
-355
-382
-341
-337
-331
-309
-262
-298
-292
-298
-226
-99
-80
-78
-105
-125
-27
66
160
248
249
163
52
17
47
163
288
417
533
554
487
419
296
239
126
30
19
1
29
-3
42
80
150
177
61
-108
-176
-163
-193
-147
-74
7
126
247
217
125
75
-27
-98
-35
-8
52
95
69
47
0
3
61
158
212
249
180
69
43
-21
-94
-155
-217
-194
-142
-84
23
73
9
-48
-78
-59
-48
-67
20
10
39
65
57
101
79
71
31
39
75
122
184
228
213
183
216
250
303
271
236
104
72
154
262
334
366
241
96
-100
-212
-242
-228
-136
-35
-18
-50
-102
-170
-182
-140
-96
-145
-145
-28
28
59
-1
-126
-161
-122
5
81
137
136
132
75
4
-27
-35
-34
-58
-25
-75
-85
-73
-79
5
79
59
27
87
-64
-103
-185
-309
-265
-154
-12
41
34
-81
-192
-231
-277
-243
-116
-85
-65
-277
-457
-531
-552
-444
-346
-252
-300
-261
-206
-195
-167
-186
-130
-71
-89
-92
-36
29
125
192
203
168
71
109
159
177
153
93
81
50
70
135
150
225
285
279
306
346
385
375
302
246
144
100
43
-47
-35
-7
22
92
58
-27
-80
-120
-110
-103
-44
60
95
100
56
70
119
59
-10
-121
-145
-125
-35
30
126
-38
-172
-215
-317
-328
-346
-338
-270
-133
-41
-54
-101
-99
-45
57
132
204
255
266
200
165
160
305
338
360
364
340
395
426
529
583
603
622
558
531
462
381
300
194
191
133
82
-23
-67
-38
67
125
47
-92
-229
-223
-140
2
75
58
-35
-212
-341
-387
-401
-432
-514
-726
-825
-926
-934
-782
-632
-589
-647
-739
-804
-753
-587
-354
-235
-172
-213
-285
-363
-329
-173
-34
77
150
102
38
-140
-231
-288
-240
-129
26
139
210
218
170
197
230
298
297
233
198
164
231
376
480
585
578
495
339
182
138
242
411
523
552
433
357
346
275
287
312
269
238
222
195
107
45
14
-63
-58
-20
-6
106
80
137
166
193
179
175
139
-21
-46
-42
134
352
552
680
656
527
275
153
52
64
122
114
22
-46
-49
-30
6
81
97
34
-62
-139
-142
-172
-71
86
110
82
-21
-194
-428
-706
-754
-650
-577
-455
-407
-395
-502
-620
-780
-956
-943
-814
-540
-312
-112
-101
-201
-333
-448
-498
-506
-465
-293
-95
65
189
128
-85
-303
-427
-443
-414
-303
-229
-89
29
24
44
52
35
34
16
-53
-137
-177
-88
37
232
418
564
554
518
325
129
7
-51
79
207
422
536
534
411
442
474
470
533
638
707
710
641
490
432
364
380
469
510
505
455
325
204
9
-125
-168
-272
-267
-213
-179
-328
-403
-460
-486
-427
-483
-502
-530
-556
-583
-549
-486
-389
-247
-120
11
134
197
184
113
70
-36
-24
13
80
151
124
108
130
297
424
487
500
532
494
434
313
263
258
261
353
421
476
531
517
361
286
183
145
114
169
204
158
132
119
162
195
198
131
-3
-98
-164
-229
-251
-360
-388
-394
-289
-178
-138
-116
-206
-328
-439
-553
-656
-648
-553
-433
-458
-551
-722
-715
-733
-798
-787
-707
-599
-500
-324
-223
-37
20
-30
-79
-157
-275
-343
-433
-473
-399
-406
-315
-278
-242
-253
-304
-346
-447
-451
-411
-206
9
199
276
212
76
-61
-159
-230
-130
60
233
369
475
477
591
607
561
596
632
682
749
743
717
745
603
559
534
551
610
634
743
764
699
573
477
447
554
611
760
950
902
746
497
283
123
39
52
114
138
59
-11
-101
-108
-170
-256
-328
-407
-412
-354
-228
-217
-225
-340
-608
-790
-769
-651
-484
-412
-452
-483
-574
-571
-514
-524
-582
-547
-426
-393
-431
-512
-585
-593
-397
-127
135
328
411
405
423
406
383
331
276
232
165
191
263
199
205
295
309
405
393
370
323
367
453
476
463
375
316
243
188
69
-37
-168
-297
-383
-480
-573
-671
-688
-629
-412
-223
-99
-164
-320
-473
-593
-516
-531
-509
-540
-567
-528
-390
-259
-204
-155
-190
-196
-304
-506
-675
-767
-803
-812
-910
-932
-936
-924
-816
-715
-492
-401
-338
-258
-99
162
388
553
614
737
862
1025
1133
1254
1248
1211
1160
1153
1238
1299
1436
1490
1553
1568
1504
1436
1333
1265
1184
1056
901
699
552
385
319
278
192
96
-36
-154
-263
-416
-454
-426
-359
-263
-115
-62
-78
-132
-338
-449
-556
-539
-463
-388
-338
-331
-326
-363
-411
-429
-360
-267
-276
-346
-389
-319
-29
238
526
643
614
551
459
314
120
0
-90
-79
-113
-269
-485
-733
-969
-1106
-1225
-1279
-1183
-1033
-866
-838
-846
-976
-1118
-1242
-1306
-1294
-1128
-982
-904
-830
-808
-756
-584
-185
161
499
697
773
694
565
474
423
491
527
592
723
817
811
706
615
494
494
483
475
461
372
275
141
41
-59
-125
-115
-106
5
136
245
281
171
84
-151
-326
-420
-400
-284
-193
-16
86
137
23
-151
-298
-355
-339
-250
-147
-77
96
121
184
261
373
403
361
288
264
290
263
250
295
334
375
476
622
767
817
734
548
488
363
292
305
341
294
307
269
213
199
138
-1
-172
-328
-436
-401
-315
-318
-423
-516
-718
-858
-955
-891
-875
-860
-754
-670
-564
-498
-521
-564
-570
-618
-690
-670
-605
-621
-553
-517
-428
-309
-227
-264
-277
-222
-156
51
215
284
297
319
339
344
349
467
623
699
849
908
800
677
537
402
406
512
543
536
544
568
608
638
655
659
565
479
344
235
257
268
320
305
221
182
203
219
290
327
318
332
345
369
411
366
315
269
280
340
343
426
505
438
276
207
213
346
394
433
380
307
324
288
256
121
11
-110
-122
-103
-114
-62
-65
-36
-41
-152
-362
-548
-651
-686
-648
-666
-634
-756
-860
-899
-1052
-1092
-1026
-798
-678
-537
-487
-548
-608
-684
-742
-702
-684
-629
-530
-423
-282
-253
-183
-119
-114
-205
-282
-427
-560
-511
-413
-285
-202
-108
-160
-215
-315
-396
-353
-254
-151
-108
-191
-306
-445
-449
-212
86
403
570
546
386
230
17
-188
-333
-360
-268
-138
28
131
157
129
80
22
-51
-141
-246
-257
-185
-56
103
238
300
351
292
265
130
-15
-93
-84
51
103
194
262
350
463
486
467
441
372
348
306
339
433
528
689
947
1167
1286
1332
1270
1113
964
803
771
824
939
941
829
712
567
423
338
220
87
58
-23
-72
-124
-129
-190
-199
-221
-244
-356
-439
-486
-432
-295
-221
-200
-314
-350
-387
-450
-491
-526
-537
-555
-497
-417
-409
-455
-497
-565
-693
-776
-732
-627
-446
-412
-445
-376
-300
-184
-30
149
263
272
272
255
243
154
65
-80
-268
-419
-538
-530
-429
-288
-153
-112
-122
-135
-167
-179
-194
-258
-242
-75
24
9
-87
-114
-102
21
277
550
836
867
691
430
194
147
163
300
400
417
383
216
27
-65
-66
58
82
6
-181
-371
-459
-364
-158
19
190
189
80
-30
-67
-158
-162
-66
14
37
-7
-135
-279
-310
-307
-259
-271
-178
-121
-169
-190
-232
-295
-245
-118
-9
7
-1
-21
68
226
408
584
516
418
277
104
-20
-132
-140
-139
-156
-222
-286
-340
-333
-313
-274
-209
-254
-153
-60
-24
75
39
131
274
404
562
674
791
853
849
837
816
774
758
765
761
746
779
826
850
869
884
886
921
895
806
689
533
435
414
464
437
257
33
-186
-313
-365
-472
-630
-673
-679
-611
-580
-520
-482
-506
-563
-723
-888
-948
-988
-908
-800
-770
-738
-820
-881
-992
-992
-1040
-1024
-944
-874
-750
-770
-816
-757
-686
-608
-450
-414
-441
-444
-458
-444
-464
-475
-286
-82
90
335
522
659
735
717
681
616
711
810
969
1098
1139
1097
991
1029
1071
1162
1134
1098
924
724
552
393
293
242
207
136
29
-170
-252
-289
-306
-164
-16
8
-31
-49
-124
-275
-370
-427
-557
-558
-557
-566
-563
-533
-510
-493
-487
-487
-506
-619
-714
-810
-777
-728
-631
-548
-456
-316
-192
-198
-204
-280
-355
-267
-200
-95
141
351
518
556
438
270
132
-44
-99
-39
-57
-15
-13
6
-25
-88
-124
-109
-111
-39
8
17
-38
-58
-103
-72
-50
-72
-75
-32
97
167
150
10
-149
-231
-154
-24
89
213
255
253
175
155
279
311
300
229
127
159
337
580
813
990
1114
1214
1193
1268
1299
1179
1115
963
835
667
622
639
587
549
337
114
39
100
231
342
385
371
290
206
57
-71
-133
-191
-239
-325
-366
-423
-435
-430
-401
-466
-488
-490
-517
-468
-509
-436
-435
-504
-638
-772
-827
-821
-816
-803
-679
-611
-550
-550
-499
-412
-403
-380
-358
-300
-187
-142
-223
-290
-301
-287
-135
-39
-63
-146
-182
-176
-117
74
261
327
416
494
494
474
491
539
482
401
225
0
-173
-115
170
443
611
515
254
-63
-362
-446
-413
-182
-45
-63
-78
-226
-268
-192
-117
-59
-47
-127
-261
-337
-421
-450
-389
-247
-88
63
215
280
254
238
259
341
537
682
670
498
272
179
172
290
390
430
309
148
59
3
82
201
302
303
342
305
293
282
248
266
298
225
156
52
-90
-127
-217
-336
-377
-350
-227
-178
-233
-377
-589
-716
-824
-781
-640
-556
-609
-673
-718
-664
-552
-482
-476
-487
-482
-466
-368
-268
-210
-181
-139
-79
-71
-87
-148
-95
-54
48
136
165
176
207
239
323
380
439
497
537
526
435
344
284
320
430
492
542
480
449
376
324
267
264
258
325
406
447
434
164
-9
-229
-366
-426
-381
-274
-111
25
120
95
-36
-148
-243
-184
-87
-38
4
-5
-86
-166
-142
-118
-91
-143
-213
-160
-182
-69
73
72
75
120
237
396
450
321
240
113
-28
-104
-132
-178
-164
-34
65
228
354
396
415
339
289
220
102
104
150
254
426
552
547
437
207
72
12
-30
34
69
48
-61
-176
-231
-292
-341
-324
-302
-325
-301
-356
-382
-327
-265
-219
-229
-291
-313
-366
-267
-120
-15
-26
-90
-250
-316
-288
-222
-113
-131
-145
-203
-262
-359
-482
-443
-337
-150
-46
-6
106
135
112
107
37
-28
-58
-36
28
4
-22
-33
31
86
87
88
96
90
165
198
231
197
110
12
-48
-24
54
225
381
443
411
289
148
-26
-121
-92
64
127
95
78
-13
13
35
121
238
317
376
207
36
-136
-114
-33
58
101
106
141
142
170
214
268
226
289
353
397
344
195
102
42
1
13
13
12
15
30
6
-100
-175
-201
-146
-50
-2
0
-58
-102
-222
-255
-171
-90
-97
-206
-320
-452
-392
-350
-323
-283
-360
-463
-515
-430
-258
-201
-285
-416
-517
-543
-430
-196
-79
-47
-44
-73
-82
-79
-73
-77
-73
-42
92
217
268
318
305
240
105
38
69
96
149
204
182
155
147
141
146
99
54
27
78
146
187
195
255
233
200
152
84
40
-22
-45
-85
-23
4
-15
49
106
141
101
92
165
216
273
189
46
-113
-180
-195
-117
-28
-45
-51
-77
-4
182
273
352
417
376
317
275
206
113
27
-46
-28
-75
-138
-118
-69
12
70
92
36
-39
-89
-58
-39
-10
-26
-129
-199
-211
-281
-232
-169
-84
-28
-30
-59
-153
-176
-308
-330
-285
-219
-151
-49
12
-13
-111
-304
-429
-442
-338
-150
63
154
99
-38
-144
-142
-41
149
295
349
294
86
-9
-15
74
170
133
9
-63
-101
30
185
290
365
348
376
250
163
40
-60
-91
-54
-56
94
238
235
247
257
252
314
384
303
128
-144
-318
-429
-475
-359
-160
-8
78
62
5
-97
-147
-164
-165
-82
-40
-16
-12
4
-19
-64
-89
-73
-33
35
85
39
-106
-215
-149
-29
135
231
236
157
29
-94
-82
-30
-19
-10
-82
-85
-38
-21
0
2
-21
-44
-60
-114
-202
-119
-17
-6
5
-123
-185
-255
-220
-143
-23
116
154
121
110
146
139
302
381
323
189
107
85
47
59
13
-132
-272
-300
-256
-111
60
112
41
-124
-238
-321
-368
-263
-188
-138
-131
-108
-65
34
74
80
78
74
57
24
-71
-84
-3
13
79
3
-19
24
93
201
228
192
192
214
273
328
316
326
358
348
237
161
134
184
257
364
429
362
293
224
170
149
138
117
90
73
53
25
-57
-86
-153
-124
-122
-103
-132
-160
-195
-225
-232
-236
-194
-169
-69
-79
-80
-32
-6
-10
-16
-58
-179
-314
-398
-375
-361
-333
-289
-250
-218
-162
-149
-259
-280
-265
-206
-128
-100
-103
-116
-277
-270
-237
-292
-245
-294
-285
-238
-62
79
157
163
73
-116
-247
-217
-128
-33
16
48
32
131
127
80
84
153
188
245
330
424
460
276
-7
-207
-207
-89
19
70
52
74
103
84
121
116
175
174
173
239
334
339
300
229
94
42
20
48
-61
-134
-166
-63
45
109
110
23
-100
-275
-315
-294
-203
-62
103
242
302
293
136
-85
-307
-416
-301
-144
-41
22
6
73
185
286
285
285
245
211
148
49
32
43
175
296
364
365
279
178
153
135
121
96
102
149
252
344
426
394
296
209
85
-8
-85
-115
-85
-49
-85
-136
-200
-232
-203
-99
-87
-88
-157
-244
-210
-161
-158
-104
-124
-123
-106
-114
-120
-150
-153
-190
-202
-152
-118
-67
-33
-53
-12
-33
-70
-91
-105
-97
-125
-105
-162
-246
-287
-187
13
98
108
51
30
68
131
120
120
52
61
-7
-107
-221
-295
-396
-392
-243
-74
82
-7
-116
-191
-253
-314
-294
-213
-7
74
125
70
-100
-271
-335
-313
-166
10
30
14
-98
-240
-276
-193
2
169
253
288
202
226
209
102
33
7
-4
85
285
419
413
338
237
141
189
159
138
116
144
298
335
328
237
180
186
170
212
270
239
129
34
34
158
316
353
324
291
239
198
170
101
48
11
-10
-64
-60
-76
-122
-138
-217
-313
-454
-581
-621
-497
-347
-252
-207
-203
-198
-204
-141
-60
-17
-29
-132
-351
-383
-331
-268
-192
-190
-190
-218
-211
-181
-134
-116
-186
-270
-229
-96
-8
100
159
231
254
138
63
-9
14
47
122
162
247
346
374
383
339
187
45
-92
-154
-78
47
207
284
270
234
217
263
292
266
222
122
18
-55
-29
-21
79
180
225
276
290
316
337
240
134
73
65
219
258
248
136
-61
-51
-23
-16
-18
-67
-149
-176
-206
-213
-203
-144
-100
-154
-188
-209
-195
-240
-328
-336
-431
-446
-416
-374
-310
-200
-93
-4
63
147
119
54
-13
-107
-54
-27
58
60
63
102
141
173
153
71
7
17
79
81
4
83
164
202
213
212
164
78
108
81
95
142
178
119
19
-75
-139
-200
-246
-298
-428
-466
-438
-351
-207
-120
-42
27
47
65
106
97
97
81
78
36
-80
-127
-214
-222
-282
-172
-38
36
85
-40
-108
-177
-167
-100
-53
82
185
240
180
92
-14
-112
-95
-37
70
141
164
171
152
82
30
-56
-154
-111
-77
7
137
201
185
158
180
209
235
251
200
137
35
-16
-59
26
57
14
-19
-74
56
122
178
77
-9
-40
-29
-18
21
67
-69
-191
-244
-179
-44
64
-1
-104
-183
-245
-316
-277
-116
26
73
-8
-108
-237
-201
-149
-96
-69
-133
-127
-177
-142
-63
0
72
140
206
224
122
49
-36
-102
-35
-10
35
59
124
172
179
148
104
97
60
32
81
36
-4
54
108
173
165
164
109
93
90
27
-26
-31
-6
-11
44
154
201
237
217
155
100
31
2
