-132
-496
-637
-559
-410
-106
-31
54
178
250
362
457
572
651
764
777
602
419
200
146
255
448
594
545
304
68
-113
-180
-149
-110
-64
-88
-2
11
33
17
-38
84
287
398
490
604
611
657
582
605
579
503
356
216
195
92
57
64
154
237
343
95
-226
-623
-864
-754
-489
-223
-128
-136
-221
-215
-236
-349
-510
-676
-1009
-1205
-1376
-1281
-804
-240
298
448
174
-298
-785
-1081
-987
-679
-330
-308
-531
-703
-792
-697
-564
-475
-526
-610
-725
-764
-837
-810
-662
-335
275
827
1078
899
400
51
-46
13
282
362
407
306
206
324
398
722
857
793
601
261
165
355
650
989
1097
1112
996
728
505
484
782
1144
1271
921
323
-192
-189
171
589
723
634
496
231
173
252
572
828
980
854
536
234
-89
-325
-497
-611
-604
-457
-244
111
197
133
-98
-461
-537
-540
-580
-677
-911
-1046
-958
-682
-492
-352
-389
-642
-922
-1255
-1474
-1313
-1072
-903
-773
-811
-751
-597
-494
-312
-359
-582
-999
-1273
-1392
-1343
-917
-686
-529
-286
-78
194
539
759
841
959
973
1055
1206
1262
1151
881
692
631
773
1002
1114
1023
662
418
296
283
434
624
963
1390
1456
1274
861
569
454
590
732
756
711
470
395
462
525
452
353
207
-20
-87
-67
-19
-18
-26
-82
-236
-329
-512
-571
-715
-819
-918
-1011
-1036
-985
-886
-693
-437
-375
-440
-658
-935
-1127
-980
-598
-249
-122
-210
-520
-882
-1119
-1199
-1113
-894
-711
-613
-635
-785
-898
-953
-900
-594
-418
-270
-235
-156
-41
164
418
421
345
275
239
280
461
616
710
800
659
481
402
320
520
850
1206
1285
1073
573
55
-292
-313
-46
189
391
402
440
613
783
983
1122
1064
818
467
102
89
345
693
912
889
774
610
376
178
-26
-152
-229
-172
-36
38
144
281
455
438
341
308
315
149
76
-78
-280
-364
-291
-142
44
306
403
342
148
-44
-285
-586
-870
-1107
-1252
-1150
-1007
-899
-764
-811
-956
-1135
-1184
-935
-679
-545
-608
-905
-1229
-1346
-1198
-626
-1
332
375
89
-352
-586
-410
-36
299
447
398
268
69
-293
-527
-574
-370
-72
63
35
-125
-224
-269
-314
-283
-271
-199
-2
200
319
405
433
412
299
172
227
277
428
483
516
537
580
802
937
996
873
842
952
1213
1491
1631
1572
1350
1205
1086
987
837
764
643
547
483
418
390
366
372
379
218
-15
-193
-180
-11
228
314
116
-122
-402
-635
-770
-819
-902
-842
-927
-998
-1128
-1313
-1320
-1229
-896
-615
-438
-525
-785
-1018
-1218
-1150
-1005
-832
-814
-871
-922
-1081
-1199
-1070
-797
-637
-526
-541
-595
-647
-620
-517
-415
-354
-333
-234
-155
-59
87
212
140
146
139
197
357
547
720
700
872
1163
1373
1539
1454
1244
1014
834
870
969
1068
1102
1070
977
959
983
1058
1036
824
577
564
652
813
831
865
776
589
522
426
503
409
287
134
15
22
76
67
23
-264
-455
-597
-564
-439
-487
-658
-899
-1119
-1209
-1020
-740
-487
-280
-388
-704
-947
-1092
-1038
-806
-658
-795
-959
-1078
-1027
-719
-278
-118
-135
-304
-455
-470
-383
-336
-131
-113
-338
-558
-705
-687
-541
-292
-210
-140
-193
-222
-250
-319
-226
-244
-274
-101
101
465
702
750
582
529
662
721
775
729
567
514
717
954
1148
1235
1143
895
558
225
-22
-178
-187
61
349
690
899
699
395
120
-25
54
225
314
140
-95
-200
-237
-192
-104
-49
-169
-275
-370
-381
-260
-321
-386
-461
-528
-467
-482
-364
-174
-29
146
260
177
41
-30
4
134
315
473
533
456
425
239
66
-163
-197
-53
188
477
438
270
-91
-372
-585
-751
-775
-651
-469
-268
-231
-250
-171
-81
185
252
106
-108
-219
-249
-169
-70
2
42
10
-7
-63
-177
-354
-404
-330
-80
284
482
463
292
126
-30
90
208
58
-368
-752
-887
-879
-679
-374
-280
-290
-155
-21
60
-30
-144
-207
-194
-79
91
274
294
237
198
270
347
530
724
857
776
489
260
11
102
349
763
943
728
517
236
36
99
286
407
395
169
-42
-163
-82
138
277
354
257
69
-220
-474
-647
-576
-368
-117
-12
-143
-480
-662
-629
-538
-403
-241
-116
-136
-104
-257
-210
-57
46
13
-184
-383
-522
-350
-140
52
397
525
541
679
529
375
141
-91
-13
36
91
-17
-359
-651
-771
-645
-281
55
218
59
-325
-527
-661
-630
-356
-72
249
323
426
315
257
303
340
406
429
580
617
552
278
0
-310
-476
-478
-368
-165
-57
-104
-201
-188
-85
174
331
220
-124
-566
-801
-805
-483
-2
270
406
345
238
227
288
342
245
148
44
-42
-283
-578
-2065
-3823
-4983
-4230
-1152
3836
8734
11234
10853
7197
1468
-4268
-8178
-9646
-8356
-5134
-651
3928
7291
8569
7483
4311
-261
-4964
-8349
-9671
-8746
-6054
-2524
1372
5032
8211
9827
9212
6057
1253
-4178
-8396
-10062
-8839
-5195
-508
3637
6203
6612
4484
737
-3789
-7347
-8816
-7147
-3425
1656
6654
10165
11630
10637
7124
1824
-3846
-8530
-10557
-9331
-5238
329
5454
8451
8714
6612
2864
-1402
-5147
-7664
-8185
-7140
-3818
-458
2492
3848
3353
1536
-715
-2209
-3581
-3365
-2738
-1285
-94
1527
2023
2307
628
-2140
-5291
-7622
-7405
-4530
877
5998
10715
12570
11571
8036
3657
-1298
-5029
-7156
-7072
-5268
-2231
1204
4116
5843
5763
4087
1112
-2123
-4851
-6152
-6147
-4568
-2297
258
889
-124
-2158
-4004
-4266
-1997
2414
7436
11929
14060
13033
9442
4321
-1310
-5816
-8227
-7809
-5085
-820
3385
6169
6668
4243
-53
-5031
-9170
-11332
-10888
-8228
-4031
305
3908
5624
5234
3026
-322
-3740
-6046
-6192
-4314
-522
3961
7776
9765
9410
6559
1970
-2659
-6300
-8031
-7649
-5477
-2190
1310
3917
4799
3853
1294
-2139
-5273
-7227
-7532
-6206
-3627
-420
2529
4680
5449
4640
2436
-290
-2809
-4271
-4267
-2921
-943
1372
2871
3606
3370
2214
767
-754
-1538
-1592
-862
774
2572
3624
3908
3008
1414
-343
-1388
-1672
-1203
22
1296
2404
3276
3550
3186
2157
673
-987
-1977
-1898
-1122
54
1149
1954
2357
2688
2603
1996
917
-421
-1630
-2146
-1770
-751
423
1123
1111
536
-362
-1166
-1756
-2159
-2309
-2386
-2056
-1379
-326
627
1405
1610
1176
339
-818
-1650
-2060
-1472
-479
761
2039
2510
2204
1156
-544
-2435
-3728
-4136
-3588
-2037
-241
1299
2182
2752
2353
1294
-112
-1537
-2481
-2325
-1248
440
2113
3316
3723
2944
1601
-310
-1897
-3041
-3391
-2734
-1316
400
1971
2828
2625
1321
-758
-2602
-3740
-3700
-2417
-625
1339
2664
3206
3127
2216
551
-1374
-3331
-4487
-4292
-2875
-885
982
2457
2737
2090
882
-484
-1651
-2197
-2114
-1511
-547
663
1737
2469
2624
1806
502
-896
-2042
-2619
-2150
-764
1215
3251
4490
4280
2842
808
-1136
-2181
-2219
-1243
-168
870
1445
1602
1480
997
352
-611
-1516
-2038
-1852
-1214
-208
412
656
704
512
227
-555
-1238
-1606
-1159
303
2289
3894
4250
3605
2189
861
-257
-624
-656
-488
-367
-21
557
1170
1326
942
-86
-1566
-2740
-3257
-3216
-2303
-810
583
1320
1121
-75
-1684
-2578
-3368
-2954
-2442
-1485
-604
628
1783
2667
3092
2947
2110
1024
109
-922
-1187
-1378
-1272
-1061
-356
587
1624
1894
1640
705
-302
-784
-1029
-621
-45
755
1620
2492
2915
2793
1630
-158
-2036
-3445
-3831
-3506
-2770
-1857
-1209
-767
-58
447
1094
1416
1559
1316
953
358
-612
-1825
-3735
-5680
-7216
-8148
-8144
-7662
-7147
-6638
-6266
-5823
-5118
-3991
-2822
-1413
15
1702
3647
5615
7560
9008
9981
10248
10040
9550
8887
8309
7941
7817
7728
7561
7264
6645
5717
4535
3308
2428
1897
1849
2048
2345
2404
2133
1571
1029
613
63
-375
-868
-1146
-1203
-1052
-654
-620
-830
-1486
-2220
-2696
-3052
-3227
-3360
-3335
-3138
-2671
-2212
-1966
-2346
-3239
-4532
-5778
-6485
-6975
-6960
-6836
-6646
-6180
-5252
-4119
-3379
-3159
-3456
-3306
-2524
-1336
-119
264
-262
-1279
-2428
-3019
-2803
-1940
-754
508
1787
3225
4315
3309
-1182
-9647
-19558
-25844
-24893
-17727
-8955
-2938
-760
-262
793
2944
5247
6383
5774
4288
3847
6515
12722
20196
25132
25013
20523
14817
10709
8433
6330
2941
-1342
-4539
-5051
-3035
-227
969
-1294
-7167
-14388
-19284
-19085
-14408
-8522
-3895
-444
3950
10155
16423
19842
18917
14893
10259
7210
6511
7605
8959
9042
7258
4179
1091
-1503
-4389
-8777
-14678
-20083
-22556
-21046
-16636
-11557
-7464
-4691
-2883
-1496
208
2049
3584
4449
4615
5086
6982
9990
11905
11225
7560
2272
-2707
-6916
-10389
-12634
-13065
-11712
-8813
-5425
-2423
-115
801
-82
-2233
-4639
-6188
-6790
-6726
-5811
-3659
-678
2024
3034
2061
448
-283
18
544
1151
1677
2630
4064
5579
6416
6099
4165
645
-3344
-6217
-7272
-6875
-6041
-5380
-4181
-2227
217
2053
2730
2410
1660
1213
1116
1739
2812
3876
3548
-156
-7675
-17752
-25749
-27057
-21358
-12569
-5523
-1960
-40
2951
7520
11764
13617
12430
9552
7524
8440
13075
19553
24276
24613
20629
15009
10505
7325
3454
-2698
-10202
-15891
-16779
-12945
-7199
-2779
-1523
-2899
-4798
-5197
-3311
-107
2722
4535
6472
10255
15911
21258
23539
21540
16502
10721
5747
1770
-1889
-5484
-8632
-10613
-10872
-9914
-8798
-8907
-10877
-14164
-17050
-18622
-18483
-17342
-15082
-10521
-3543
5314
13049
17470
17933
15363
11327
6880
2266
-2408
-6577
-9383
-9947
-8388
-5764
-4332
-5451
-8698
-12024
-13050
-11622
-9114
-6889
-4882
-1697
3227
8369
11168
10016
5168
-907
-5735
-7785
-7543
-6550
-5794
-5174
-3335
225
4479
6856
5496
872
-4282
-7235
-7127
-5556
-4548
-4610
-4841
-4012
-2005
143
1055
157
-1451
-2097
-1037
878
2215
2049
986
313
633
1678
2550
2960
3187
3608
4289
4102
1117
-5572
-15485
-24902
-28471
-24374
-15217
-6205
-540
2697
6143
11240
16389
19012
17637
13215
8797
7213
9891
15517
20643
22265
19426
13994
8689
4511
-24
-6977
-15739
-23044
-24738
-19597
-10542
-1798
3778
6102
7165
8699
10817
12291
12117
10409
8990
9852
13138
17225
19401
17894
12743
5685
-1378
-7505
-12780
-17497
-21254
-22732
-20724
-15615
-9308
-4070
-1033
127
330
-1
-797
-2318
-3985
-4176
-2177
2057
7292
11191
12365
10340
5448
-643
-6579
-11733
-15555
-17453
-16397
-11967
-5351
649
3576
3061
538
-1805
-3259
-4464
-5823
-6888
-6201
-2701
2499
7116
9134
7659
3639
-682
-3448
-4327
-3981
-3692
-3862
-3369
-1254
2129
5047
5104
1627
-3893
-8563
-10647
-10261
-8647
-7336
-5700
-2902
1081
5255
7874
7709
5379
2735
728
141
40
-131
-303
-298
265
868
1201
893
395
348
1104
2837
4447
3877
-544
-9374
-20315
-27808
-27462
-19726
-9502
-1873
2209
5450
10473
16834
21464
21625
17152
10579
5411
4004
6367
10212
12769
12347
9232
5480
2697
416
-3416
-10294
-18758
-24383
-23046
-14760
-3549
5842
11280
14098
16492
18978
20174
18400
13544
7551
3110
1693
3041
5316
6506
5373
1845
-2944
-7607
-11560
-15190
-18829
-21630
-21464
-16867
-8758
7
6840
10951
12984
13460
11637
7139
280
-6525
-10806
-12030
-10324
-7320
-4046
-1098
879
1194
-439
-3376
-7051
-10388
-11629
-9622
-4416
2071
6544
7310
5191
2156
-407
-3046
-6845
-11430
-14314
-13063
-7379
117
5942
8487
8068
6591
5556
4641
2891
-119
-3884
-6946
-7545
-5596
-2567
-537
-959
-3427
-5736
-6091
-4797
-3303
-2998
-3516
-2822
219
4786
8663
9738
8016
4947
2016
-34
-1934
-4130
-5998
-7087
-6447
-4098
-1211
1313
2736
3136
3200
3687
4873
6240
6131
2611
-5148
-16148
-25825
-28929
-24038
-14395
-5437
344
4399
9297
15608
20834
22151
18688
12237
6160
3026
3584
6316
8805
9295
7558
5045
3154
1671
-1431
-7880
-16570
-23471
-23883
-16960
-6169
3865
10736
15353
19360
22741
23834
21152
14986
7541
1486
-1803
-2382
-1429
-575
-492
-1397
-2835
-4508
-6786
-10468
-15391
-19524
-20190
-15803
-7894
479
7268
12280
16176
18549
17945
13024
4514
-5107
-13034
-17301
-17953
-15940
-12684
-9283
-5847
-2279
950
2873
2448
-181
-2946
-3361
-778
3024
5077
4142
1493
-616
-1384
-2354
-5219
-9963
-14058
-14518
-10565
-3831
2845
7271
9376
9976
10238
10186
8624
4702
-1195
-7044
-10378
-10130
-7733
-5552
-5143
-5814
-5635
-3661
-733
1212
1387
811
1233
3292
6213
8188
7938
5622
2221
-1105
-3412
-4988
-6199
-7116
-7430
-6142
-3259
262
2822
3544
2982
2172
1892
2226
3009
4239
5305
4697
702
-7514
-18277
-26700
-28216
-22424
-13290
-5428
133
5364
12002
19146
23738
23666
19195
12631
6799
3384
2593
3107
3390
2663
1362
828
1356
1288
-1702
-8196
-15543
-19377
-17119
-10237
-2141
4824
10708
16624
22155
25366
24543
19576
12148
4666
-1118
-4687
-6449
-7172
-7362
-6951
-5718
-3832
-2502
-3341
-6665
-10808
-12878
-11280
-6823
-1720
2682
6977
11856
16435
18375
15855
9279
571
-7865
-14388
-18969
-20874
-20177
-17413
-12299
-6187
153
5280
7332
6293
3365
1147
969
1919
2294
899
-1040
-1895
-1489
-1144
-2900
-6757
-10699
-12522
-11001
-6650
-1379
3316
6810
9069
10694
11529
10741
7424
1613
-4953
-9706
-11361
-10629
-9147
-7923
-6549
-4116
-642
2673
4614
4926
4524
4352
4955
5757
5942
5216
3334
1070
-1070
-2909
-4447
-6302
-8112
-9032
-8313
-5891
-2829
-205
1538
2574
3248
3784
3933
3742
3551
3772
4799
5828
5177
1052
-7276
-17976
-26494
-28398
-23228
-14626
-6639
-506
5471
12643
19881
24335
23974
19309
12603
6676
3051
1609
1197
597
-363
-978
-381
1067
1258
-1671
-7609
-13738
-16299
-13731
-7634
-933
5082
10918
17175
22816
25524
23837
18130
10392
3005
-2664
-6369
-8624
-9920
-10269
-9162
-6483
-3274
-1193
-1700
-4388
-7114
-7738
-5728
-2511
436
3056
6381
10704
14592
15233
11410
4038
-4225
-10674
-14519
-16266
-17087
-16784
-14447
-9083
-1415
5925
10021
9685
6247
2536
805
776
665
-876
-3305
-4758
-4012
-1905
-852
-2474
-6046
-9148
-9381
-6399
-1816
2153
4567
6058
7644
9371
10074
8144
3190
-3217
-8610
-11286
-11357
-10244
-9022
-7553
-5041
-1156
2991
5796
6444
5412
4068
3462
3373
3013
1804
71
-1391
-1970
-2205
-2894
-4523
-6620
-7661
-7177
-5204
-2777
-864
910
2413
3743
4535
4104
2929
1508
832
1445
3193
5572
6793
5064
-851
-10687
-21263
-27853
-27414
-21172
-13038
-5735
857
8356
16673
23436
26042
23703
17870
11001
5294
1584
-445
-1567
-2386
-2740
-2067
-245
1590
1506
-1497
-6462
-10579
-11437
-8817
-4290
611
5866
11839
18054
22650
23630
20563
14423
7137
356
-5060
-8953
-11462
-12500
-11832
-9229
-5323
-1584
371
-75
-1785
-3015
-2745
-1478
-290
587
2000
4688
8059
10111
9292
5431
-372
-6055
-10479
-13333
-14701
-14648
-12793
-8768
-2857
3607
8320
9786
7879
4192
840
-1411
-2766
-4008
-5271
-5753
-4912
-3024
-1461
-1323
-2568
-4233
-4862
-3848
-1550
1094
3229
4734
5933
6935
7159
5682
2191
-2544
-6943
-9556
-10142
-9403
-8061
-6265
-3832
-722
2441
4776
5762
5529
4590
3520
2584
1665
517
-888
-2016
-2482
-2199
-1621
-1661
-2410
-3677
-4614
-4632
-4063
-2940
-1629
26
1828
3277
4092
3958
3358
2703
2480
2942
4039
5393
5497
2682
-4160
-14185
-23762
-28347
-25834
-18484
-10167
-2944
3780
11337
19051
24437
25437
21904
15659
9081
3931
704
-1088
-2155
-2881
-2922
-1813
149
1594
842
-2457
-6705
-9292
-8782
-5738
-1710
2393
6985
12294
17401
20473
20108
16345
10362
3804
-2086
-6674
-9846
-11766
-12216
-10914
-7789
-3720
-405
842
-5
-1501
-2121
-1542
-628
-179
219
1466
4046
6877
8130
6593
2494
-2600
-7174
-10290
-11960
-12562
-12027
-9829
-5533
303
5841
9002
8736
5815
2113
-668
-2304
-3534
-4869
-6094
-6173
-4716
-2382
-589
-394
-1484
-2744
-2881
-1502
725
2824
4177
4970
5584
6049
5665
3637
-52
-4312
-7639
-9184
-9032
-8021
-6629
-4794
-2207
922
3837
5679
6019
5167
3810
2620
1778
1007
192
-654
-1170
-1147
-1038
-1179
-1910
-2874
-3428
-3303
-2819
-2320
-1832
-1090
86
1333
2069
2094
1576
1204
1641
2827
4575
6236
6917
5171
-54
-8815
-19108
-26721
-28223
-23491
-15516
-7400
48
7669
15656
22240
25159
23584
18420
11855
5893
1570
-976
-2262
-2789
-2759
-1958
-344
1325
1626
-345
-4024
-7400
-8526
-7050
-3907
-210
3903
8755
13873
17783
18973
16900
12253
6370
550
-4392
-8090
-10416
-11316
-10597
-8184
-4488
-868
1183
1180
-175
-1383
-1599
-1069
-552
-275
518
2418
4974
6952
6978
4530
443
-4059
-7848
-10216
-11248
-11009
-9462
-6319
-1620
3387
7087
7979
6044
2665
-435
-2396
-3566
-4514
-5386
-5523
-4449
-2416
-516
238
-382
-1675
-2566
-2241
-778
996
2465
3399
4067
4635
4715
3653
1036
-2571
-5894
-7936
-8447
-7771
-6489
-4726
-2381
385
3153
5200
6022
5602
4381
3015
1939
1092
365
-326
-711
-568
-138
4
-612
-2087
-3708
-4653
-4792
-4188
-3193
-1838
-215
1495
2736
3158
3060
2790
2983
3618
4628
5687
5425
2493
-4193
-13961
-23379
-28209
-26269
-19462
-11404
-4079
2850
10588
18316
23648
24729
21520
15742
9573
4608
1274
-686
-1944
-2828
-3028
-2169
-398
1002
508
-2151
-5611
-7662
-7146
-4648
-1463
1834
5649
10191
14581
17220
17032
14091
9345
4012
-945
-4947
-7871
-9666
-10217
-9273
-6703
-3273
-385
815
328
-674
-1015
-490
151
311
344
1157
3030
5105
6108
4952
1909
-2066
-5819
-8464
-9803
-9762
-8613
-6146
-2439
1832
5466
7064
6119
3356
335
-1994
-3253
-4092
-4836
-5102
-4553
-3048
-1322
-261
-330
-1244
-2136
-2205
-1240
367
1840
2787
3383
3807
4042
3528
1705
-1314
-4587
-6961
-7886
-7477
-6340
-4823
-2930
-561
2020
4213
5477
5543
4603
3153
1765
643
-211
-849
-1332
-1335
-899
-320
21
-216
-994
-1843
-2408
-2676
-2393
-1658
-446
914
1907
2367
2265
2076
2089
2552
3560
4369
3780
164
-7293
-17011
-25342
-28063
-24200
-16408
-8149
-1027
5944
13495
20551
24780
24514
20256
13914
7737
3164
396
-1112
-2145
-2856
-2893
-1819
-54
961
9
-2891
-6013
-7298
-6033
-3057
265
3573
7210
11277
14863
16545
15560
12132
7290
2169
-2297
-5734
-8118
-9415
-9526
-8115
-5328
-2064
375
1015
237
-783
-1051
-550
-8
205
472
1522
3408
5116
5549
4072
958
-2686
-6144
-8568
-9828
-9836
-8411
-5791
-2027
1995
5124
6408
5545
3362
972
-984
-2385
-3636
-4678
-5020
-4441
-3019
-1535
-777
-877
-1481
-1890
-1555
-451
978
2146
2865
3240
3459
3463
2815
1149
-1390
-4071
-6071
-6960
-6827
-6015
-4642
-2730
-425
1974
3853
4810
4807
4017
2903
1768
859
223
-257
-622
-763
-675
-543
-578
-1013
-1749
-2336
-2337
-1806
-925
-94
429
683
705
803
1062
1702
2782
4259
5559
5057
1267
-6540
-16826
-25412
-28236
-24335
-16528
-8394
-1242
5806
13592
20743
24754
24215
19610
13016
6788
2363
-79
-1147
-1701
-2035
-1770
-491
1285
1987
387
-3237
-6971
-8533
-7301
-4250
-659
2954
7071
11542
15285
16920
15660
11912
6770
1547
-2772
-5839
-7765
-8738
-8697
-7294
-4543
-1399
722
995
-181
-1440
-1844
-1432
-851
-459
185
1594
3639
5451
5908
4498
1521
-2241
-5754
-8309
-9556
-9555
-8406
-6025
-2566
1388
4605
6004
5345
3349
1181
-413
-1486
-2455
-3376
-3897
-3672
-2739
-1613
-1040
-1328
-2120
-2809
-2664
-1496
267
1950
3112
3758
4116
4211
3622
1980
-602
-3393
-5492
-6478
-6389
-5568
-4291
-2712
-873
1060
2711
3690
3798
3158
2221
1435
922
630
273
-128
-332
-316
-130
-149
-575
-1250
-1919
-2130
-1946
-1450
-761
-122
475
886
1232
1633
2204
3220
4471
4812
2726
-3203
-12545
-22204
-27773
-26530
-19845
-11295
-3580
3249
10426
17751
23216
24797
22004
16174
9653
4370
1197
-178
-755
-1240
-1581
-1161
171
1371
936
-1773
-5620
-8367
-8426
-5965
-2359
1396
5219
9361
13345
16036
16321
13878
9436
4183
-600
-4155
-6404
-7638
-8069
-7506
-5679
-3005
-603
375
-320
-1763
-2700
-2551
-1716
-876
-142
947
2672
4669
5886
5388
2918
-764
-4388
-6880
-7839
-7553
-6539
-5098
-3024
-403
2224
3893
3883
2404
398
-1037
-1599
-1689
-1804
-2151
-2372
-2111
-1446
-825
-841
-1637
-2637
-3051
-2352
-790
911
2130
2712
2982
3151
3077
2278
570
-1626
-3594
-4730
-4878
-4385
-3583
-2575
-1327
171
1663
2746
3049
2554
1631
857
537
696
935
964
684
284
-99
-470
-873
-1406
-1948
-2175
-2055
-1602
-880
-144
534
952
1132
1235
1501
2208
3520
4514
3640
-837
-9264
-19223
-26636
-27698
-22543
-14375
-6322
643
7616
14988
21319
24440
23199
18324
11888
6093
2325
663
98
-280
-731
-752
205
1428
1437
-801
-4670
-8071
-9049
-7272
-3844
16
3916
8063
12200
15424
16571
15087
11378
6419
1475
-2472
-5126
-6690
-7449
-7361
-6085
-3793
-1408
-69
-406
-1747
-2900
-3118
-2457
-1586
-739
393
2143
4298
5864
5903
3893
394
-3406
-6265
-7548
-7496
-6656
-5500
-3707
-1160
1696
3821
4224
2799
500
-1380
-2306
-2460
-2451
-2648
-2811
-2579
-1917
-1189
-932
-1413
-2303
-2835
-2406
-1038
639
1884
2469
2631
2712
2648
2027
590
-1441
-3276
-4268
-4306
-3711
-2935
-2174
-1287
-109
1257
2308
2675
2349
1650
1180
1255
1665
1957
1858
1364
921
595
80
-792
-1945
-2799
-2905
-2281
-1278
-356
413
931
1277
1690
2264
3226
4458
4809
2798
-2955
-12077
-21760
-27667
-26886
-20537
-11965
-4085
2762
9638
16553
21842
23562
21174
15791
9611
4645
1844
865
665
414
27
95
821
1368
402
-2613
-6518
-9221
-9198
-6584
-2722
1338
5359
9359
12937
15216
15318
13087
9123
4432
143
-3000
-4938
-6005
-6444
-6124
-4811
-2791
-1032
-618
-1640
-3083
-3775
-3259
-2054
-847
270
1603
3389
5137
5869
4880
2144
-1415
-4574
-6421
-6706
-6037
-5036
-3812
-2121
141
2318
3416
2884
1081
-754
-1729
-1818
-1467
-1291
-1413
-1493
-1303
-938
-754
-1148
-2114
-3007
-3071
-2000
-222
1400
2238
2313
2177
2134
1928
1131
-452
-2303
-3662
-4093
-3694
-2909
-2128
-1440
-677
261
1281
2014
2144
1714
1068
692
757
1068
1262
1215
1044
752
326
-378
-1288
-2039
-2280
-1986
-1256
-502
-13
134
89
149
721
1802
3286
4416
3937
579
-6575
-15932
-24420
-28010
-25216
-17957
-9303
-1367
5999
13174
19430
23084
23021
19408
13744
8016
3747
1559
928
878
743
541
790
1290
1042
-921
-4493
-8075
-9763
-8678
-5381
-1135
3234
7485
11368
14369
15679
14808
11868
7542
2946
-883
-3438
-4833
-5539
-5723
-5197
-3935
-2414
-1508
-1717
-2650
-3465
-3581
-2940
-1926
-714
736
2447
4129
5108
4883
3133
411
-2425
-4474
-5166
-4847
-4072
-3195
-2052
-483
1216
2332
2208
880
-833
-2081
-2454
-2126
-1633
-1317
-1207
-1146
-961
-739
-793
-1369
-2208
-2706
-2285
-963
614
1733
2061
1813
1381
930
375
-509
-1679
-2847
-3636
-3771
-3309
-2514
-1690
-994
-404
158
671
974
979
792
651
756
1086
1401
1469
1265
886
429
-141
-819
-1493
-1913
-1905
-1437
-680
69
729
1160
1577
2094
2677
3295
2929
575
-5022
-13451
-22255
-27589
-26531
-20023
-11080
-2667
4510
11127
17272
21661
22781
20305
15279
9654
5195
2877
2415
2668
2588
1885
1185
903
477
-1118
-4275
-7891
-10010
-9300
-6050
-1636
2819
6918
10556
13388
14865
14444
12089
8323
4082
439
-1951
-3173
-3767
-4188
-4354
-3923
-3066
-2456
-2792
-3894
-4863
-4915
-3831
-2131
-404
1153
2633
3923
4684
4532
3033
666
-1883
-3808
-4441
-4111
-3318
-2587
-1905
-1051
-90
693
584
-400
-1643
-2480
-2432
-1700
-938
-580
-669
-1024
-1240
-1273
-1278
-1538
-2038
-2279
-1877
-657
872
1991
2288
1878
1200
503
-175
-992
-1912
-2669
-3046
-2868
-2325
-1733
-1279
-972
-715
-383
44
353
451
464
622
1052
1571
1890
1818
1392
901
429
-75
-699
-1303
-1533
-1317
-771
-237
7
80
250
761
1642
2628
3534
3345
980
-4729
-13405
-22325
-27626
-26535
-20054
-11200
-2802
4504
11191
17113
21143
22070
19751
15013
9640
5365
3189
2982
3459
3481
2720
1763
1087
148
-1918
-5282
-8779
-10539
-9509
-6076
-1460
3243
7478
10948
13350
14367
13693
11326
7715
3769
639
-1149
-1883
-2314
-2890
-3426
-3547
-3272
-3128
-3590
-4585
-5433
-5487
-4446
-2615
-483
1488
3047
3978
4277
3740
2297
305
-1777
-3090
-3346
-2748
-1967
-1412
-1079
-799
-420
-181
-479
-1290
-2244
-2858
-2671
-1837
-876
-302
-421
-966
-1534
-1775
-1786
-1844
-1956
-1942
-1389
-257
1034
1849
1925
1383
600
-33
-502
-928
-1467
-2067
-2508
-2567
-2196
-1660
-1280
-1121
-1042
-774
-271
242
658
856
996
1184
1368
1477
1360
1090
709
345
114
-67
-158
-236
-439
-812
-1239
-1653
-1731
-1117
247
2152
4118
4872
3292
-1671
-9941
-19271
-26271
-27578
-23078
-14858
-5993
2025
9241
15445
19937
21473
19742
15477
10418
6270
4148
4030
4765
5193
4703
3686
2604
1236
-1041
-4589
-8499
-10988
-10749
-7648
-2867
2246
6765
10279
12633
13636
13103
11016
7801
4257
1441
-79
-493
-530
-879
-1511
-2193
-2703
-3240
-4177
-5415
-6481
-6659
-5597
-3510
-997
1231
2700
3382
3453
3077
2321
1115
-334
-1536
-2050
-1847
-1287
-801
-727
-959
-1299
-1663
-2057
-2473
-2863
-3053
-2808
-2099
-1174
-449
-304
-774
-1396
-1783
-1807
-1652
-1553
-1504
-1288
-739
3
659
947
734
192
-366
-687
-725
-707
-810
-1059
-1333
-1439
-1431
-1468
-1610
-1782
-1765
-1441
-875
-185
401
849
1217
1480
1700
1722
1529
1170
755
510
373
295
79
-191
-405
-474
-436
-361
-91
436
1467
2879
3473
1884
-3416
-12116
-21460
-27351
-26597
-20171
-11121
-2681
4321
10414
15670
19307
20136
18002
13664
8917
5536
4511
5400
6512
6519
5160
3348
1829
180
-2423
-6128
-9735
-11370
-10021
-6137
-1054
3836
7736
10412
11930
12370
11646
9648
6667
3566
1435
683
762
633
-280
-1638
-2827
-3598
-4243
-5110
-6147
-6779
-6427
-4840
-2380
-12
1566
2163
2147
2183
2353
2292
1624
491
-457
-803
-558
-378
-682
-1478
-2405
-2907
-2858
-2429
-1995
-1854
-1888
-1768
-1291
-676
-419
-863
-1722
-2396
-2427
-1876
-1220
-847
-794
-717
-441
74
503
509
77
-495
-789
-618
-197
-64
-400
-998
-1472
-1598
-1484
-1428
-1580
-1745
-1685
-1252
-563
150
610
806
877
1020
1356
1713
1786
1540
1043
571
304
41
-229
-595
-892
-1061
-923
-469
316
1436
2687
3221
1948
-2316
-10052
-18959
-25922
-27331
-22667
-14126
-4955
2815
9225
14091
17573
18815
17511
14127
9891
6531
5173
6000
7529
8205
7229
4950
2409
-8
-2560
-5560
-8508
-10222
-9663
-6595
-1929
3061
7106
9589
10558
10462
9813
8648
6995
5067
3487
2681
2536
2370
1496
-135
-2105
-3902
-5243
-6121
-6565
-6504
-5808
-4393
-2439
-470
895
1384
1233
1110
1339
1724
1967
1704
1230
804
589
300
-303
-1246
-2418
-3270
-3537
-3143
-2429
-1819
-1519
-1418
-1273
-1063
-997
-1293
-1891
-2417
-2538
-2176
-1559
-1012
-695
-680
-737
-696
-487
-292
-327
-547
-738
-647
-280
79
63
-413
-1149
-1789
-2145
-2203
-2085
-1910
-1733
-1522
-1151
-620
-11
483
716
711
622
693
895
1115
1127
814
396
129
118
252
244
-56
-512
-730
-333
676
1941
3146
3083
929
-4354
-12572
-21190
-26930
-26616
-20799
-11720
-2627
4862
10789
14869
17300
17584
15861
12755
9417
7273
6997
8324
9759
9914
8258
5247
1835
-1546
-4636
-7401
-9275
-9589
-7978
-4522
-131
4277
7665
9528
9876
9068
7828
6605
5728
5250
5089
5012
4570
3565
1897
-188
-2368
-4411
-6110
-7258
-7546
-6876
-5296
-3279
-1433
-210
176
8
-181
-39
498
1142
1619
1834
1793
1565
1010
73
-1179
-2503
-3469
-3867
-3680
-3076
-2418
-1947
-1714
-1642
-1695
-1827
-2009
-2234
-2398
-2329
-2008
-1544
-1088
-817
-801
-931
-1109
-1226
-1219
-1111
-912
-686
-335
44
381
500
285
-171
-750
-1248
-1653
-1848
-1871
-1738
-1451
-1197
-966
-829
-704
-501
-206
192
563
969
1299
1587
1876
2162
2301
2274
1898
1136
264
-593
-1007
-1039
-528
251
1157
1928
2518
2575
1008
-2981
-10203
-18576
-25244
-26814
-22488
-14242
-4668
3437
9772
13764
15734
16057
14818
12700
10314
8683
8468
9680
11033
11208
9629
6573
2928
-859
-4469
-7589
-9561
-9650
-7796
-4372
-359
3261
5814
7059
7311
6962
6422
5797
5264
5133
5412
5864
5912
5022
3119
596
-2051
-4286
-5805
-6635
-6733
-6264
-5227
-3800
-2416
-1574
-1392
-1479
-1371
-673
475
1590
2340
2655
2577
2229
1630
709
-548
-1861
-2897
-3379
-3151
-2599
-2135
-1957
-2021
-2117
-2116
-1983
-1912
-1902
-1866
-1727
-1412
-994
-685
-715
-1113
-1635
-1990
-2012
-1712
-1265
-825
-468
-153
141
402
499
415
185
-161
-537
-888
-1228
-1529
-1685
-1677
-1536
-1364
-1249
-1216
-1129
-874
-470
47
626
1217
1793
2231
2477
2352
1998
1522
940
341
-291
-837
-1193
-1117
-665
279
1670
2980
2770
182
-5947
-14295
-22017
-26449
-25271
-19734
-11194
-2554
5090
10847
13933
15106
14277
12597
10808
9794
9783
10552
11888
12573
12130
10245
6866
2295
-2190
-5864
-8187
-8628
-7706
-5850
-3236
-184
2824
5128
6254
5974
4991
4199
4284
5407
6813
7869
8036
7207
5456
3201
740
-1671
-3674
-5042
-5689
-5712
-5142
-4240
-3444
-2803
-2576
-2700
-2721
-2440
-1523
-194
1352
2618
3215
3189
2422
1364
218
-882
-1778
-2369
-2597
-2534
-2215
-1974
-1946
-2141
-2416
-2693
-2845
-2815
-2651
-2332
-1931
-1497
-1168
-1087
-1297
-1742
-2164
-2351
-2217
-1764
-1211
-656
-224
125
309
362
325
160
2
-199
-475
-778
-1024
-1224
-1343
-1423
-1575
-1743
-1875
-1849
-1567
-1035
-281
427
990
1338
1546
1646
1726
1820
1804
1759
1457
992
429
-67
-344
-293
198
930
1843
2507
1597
-1432
-7433
-15176
-22069
-25964
-24682
-19453
-11503
-3220
4018
9662
12693
13721
12814
11244
10068
10158
11511
13446
15045
15189
13908
11311
7881
3981
-57
-3593
-6091
-7021
-6461
-4766
-2541
-358
1403
2405
2642
2312
1790
1669
2361
3917
5972
7827
8765
8476
7112
5017
2651
409
-1459
-2732
-3421
-3582
-3433
-3250
-3157
-3467
-4064
-4659
-4970
-4660
-3833
-2510
-1045
374
1558
2206
2319
1868
1039
76
-725
-1133
-1123
-898
-819
-1035
-1527
-2133
-2678
-2983
-3032
-2891
-2650
-2316
-1915
-1580
-1357
-1398
-1650
-1995
-2252
-2306
-2143
-1825
-1529
-1252
-1018
-779
-550
-378
-246
-229
-181
-121
28
191
206
78
-217
-618
-1059
-1517
-1981
-2312
-2455
-2245
-1729
-1052
-331
164
495
727
955
1151
1277
1261
1088
933
722
520
388
223
257
570
1236
2071
2745
2581
1023
-2303
-7599
-13555
-18758
-21367
-20344
-16223
-10175
-4139
910
4379
6335
7158
7023
6617
6639
7895
10379
13454
15981
17015
16471
14639
12202
9562
6858
4294
2172
892
489
672
1017
1087
779
142
-787
-1920
-3075
-3790
-3697
-2593
-775
1172
2766
3680
3969
3768
3373
2901
2504
2260
2091
1991
1872
1636
1212
544
-453
-1585
-2667
-3433
-3819
-3979
-4063
-4189
-4188
-3946
-3424
-2880
-2573
-2500
-2592
-2506
-2147
-1654
-1238
-1052
-993
-1018
-1077
-1124
-1214
-1262
-1146
-906
-672
-503
-481
-437
-330
-200
-57
-215
-609
-1207
-1970
-2592
-2853
-2625
-1896
-1141
-943
-1285
-1829
-2057
-1784
-1294
-786
-522
-434
-542
-972
-1760
-2419
-2588
-2305
-1649
-1035
-730
-731
-788
-722
-812
-995
-1341
-1798
-2041
-2061
-1798
-1478
-1206
-996
-794
-420
61
457
705
764
791
954
1225
1580
1939
2248
2383
2324
2217
2177
2289
2619
2968
3227
3310
3138
2931
2688
2420
2130
1813
1461
1126
912
1002
1313
1635
1810
1802
1686
1533
1437
1504
1635
1749
1757
1615
1425
1225
1164
1238
1403
1600
1731
1766
1692
1546
1401
1299
1247
1156
1103
1016
898
820
722
649
550
455
305
132
4
-37
22
109
142
85
-40
-189
-360
-600
-896
-1209
-1484
-1637
-1683
-1735
-1838
-2018
-2236
-2404
-2482
-2474
-2452
-2458
-2467
-2512
-2499
-2454
-2403
-2306
-2214
-2177
-2151
-2176
-2250
-2349
-2419
-2434
-2377
-2262
-2090
-1899
-1716
-1491
-1323
-1172
-1081
-1065
-1104
-1122
-1059
-956
-826
-673
-490
-229
47
337
585
741
892
1030
1210
1379
1514
1578
1527
1465
1400
1338
1325
1293
1269
1233
1228
1241
1273
1286
1245
1193
1108
1082
1083
1046
981
883
787
838
959
1067
1106
1049
921
719
531
440
445
534
672
769
694
505
212
-17
-163
-251
-295
-332
-345
-300
-202
-104
-46
-139
-282
-426
-519
-532
-515
-474
-428
-371
-272
-184
-90
26
74
7
-114
-228
-265
-228
-190
-249
-386
-562
-670
-699
-652
-523
-359
-163
-30
52
78
103
134
161
215
319
424
453
396
365
-20
-722
-1815
-2580
-2068
-80
2578
4238
4101
2361
585
-156
294
1153
1627
1651
1523
1441
1125
313
-795
-1512
-1271
-128
1199
1948
1765
1000
104
-622
-1087
-1327
-1295
-983
-568
-400
-779
-1589
-2368
-2448
-1997
-1797
-2130
-3018
-3334
-2392
-428
1286
2147
2155
1549
1116
663
444
391
781
1489
2100
2191
1488
462
-380
-775
-825
-752
-663
-373
54
421
237
-398
-996
-1059
-496
237
573
327
-190
-569
-693
-577
-276
196
810
1109
971
598
483
723
1185
1444
1189
727
296
-20
-291
-652
-961
-951
-762
-771
-1194
-2006
-2686
-2760
-2220
-1449
-784
-427
-370
-555
-986
-1369
-1450
-1096
-501
-54
1
-277
-546
-627
-536
-326
-166
-27
-77
-387
-780
-1007
-756
-182
376
676
650
438
52
-277
-204
100
521
1038
1561
1950
2031
1993
1896
1646
1222
708
420
438
924
1659
2254
2440
2131
1619
943
201
-469
-984
-1180
-1079
-744
-380
-105
-91
-484
-945
-1103
-783
-8
1024
1844
2149
1821
919
-125
-837
-887
-321
440
968
1063
841
529
237
5
-246
-409
-336
1
505
980
1366
1683
1795
1514
834
-37
-788
-1133
-1072
-819
-557
-472
-567
-759
-1032
-1249
-1360
-1327
-1145
-891
-609
-366
-137
44
191
323
463
601
750
837
846
907
903
762
510
290
195
120
31
-141
-397
-599
-722
-714
-564
-260
81
274
249
114
-105
-302
-581
-937
-1214
-1427
-1269
-950
-519
-214
-112
-117
-172
-9
268
680
971
914
647
221
-121
-447
-804
-1033
-1261
-1789
-3255
-6274
-10746
-15363
-18154
-17543
-13796
-8814
-4625
-2096
-720
61
646
868
741
1125
2717
6028
10335
14328
16707
16674
14731
11941
9453
7863
6858
6040
5110
4282
3819
3623
3352
2405
612
-1709
-3710
-4777
-4863
-4308
-3537
-2657
-1564
-282
899
1569
1544
1009
452
438
1055
2065
3034
3549
3561
3090
2330
1468
665
70
-174
-7
406
738
648
39
-865
-1718
-2272
-2549
-2602
-2559
-2465
-2158
-1758
-1415
-1309
-1544
-2045
-2584
-2909
-2891
-2520
-1999
-1504
-1072
-717
-483
-461
-696
-1117
-1606
-1835
-1805
-1716
-1729
-2027
-2387
-2590
-2504
-2182
-1972
-1941
-1934
-1824
-1553
-1349
-1242
-1270
-1282
-1115
-897
-704
-495
-303
-200
-237
-451
-665
-736
-502
-71
221
137
-283
-509
-284
447
1051
1018
678
445
694
1153
1340
1082
726
784
864
660
46
-481
-404
425
1486
2035
1933
1308
310
-1168
-3070
-5285
-7189
-8171
-7812
-6194
-3810
-1307
728
2034
2590
2510
1943
1363
1252
1956
3589
5757
7945
9596
10305
9986
8843
7305
5811
4812
4321
4052
3822
3559
3367
3357
3437
3360
3002
2287
1476
720
110
-182
-179
143
590
1002
1159
806
0
-956
-1728
-1978
-1823
-1419
-1025
-774
-590
-561
-727
-1042
-1387
-1570
-1536
-1419
-1293
-1190
-1041
-1001
-999
-1133
-1442
-1932
-2468
-2839
-2793
-2326
-1652
-1178
-1158
-1524
-1936
-2119
-2098
-2100
-2181
-2216
-2012
-1630
-1256
-911
-862
-1070
-1530
-2058
-2473
-2464
-2041
-1485
-1049
-1049
-1280
-1725
-1848
-1747
-1587
-1408
-1499
-1573
-1687
-1705
-1642
-1616
-1488
-1162
-745
-436
-415
-575
-751
-699
-378
33
469
658
578
384
167
109
344
599
918
1102
1192
1166
983
790
534
638
779
968
1159
1223
1245
1204
985
694
542
523
711
918
1057
1091
1037
912
788
677
706
761
844
874
887
927
973
968
869
798
727
606
261
-318
-930
-1245
-1085
-783
-584
-500
-469
-321
-88
84
117
103
241
642
1137
1692
2133
2339
2353
2277
2243
2222
2194
2137
1987
1861
1863
2013
2182
2229
2115
1745
1294
1005
932
1030
1096
1019
732
320
-56
-280
-470
-546
-682
-838
-812
-690
-508
-549
-838
-1135
-1238
-1026
-761
-681
-860
-1073
-1073
-870
-638
-564
-629
-759
-832
-896
-944
-949
-863
-866
-1036
-1370
-1599
-1521
-1319
-1297
-1526
-1688
-1658
-1407
-1300
-1406
-1708
-1893
-1820
-1481
-1175
-1147
-1078
-846
-528
-333
-560
-892
-1003
-714
-248
62
123
166
338
386
255
-162
-414
-94
534
934
840
243
-385
-510
-314
163
493
521
641
707
712
497
315
480
1026
1463
1325
373
-476
-601
-92
629
874
722
448
395
243
-105
-774
-1167
-972
-323
350
557
371
-16
-249
-356
-331
-202
169
587
793
507
-349
-1420
-2251
-2696
-2822
-2906
-3150
-3410
-3357
-2713
-1606
-472
340
792
948
1156
1467
1966
2538
3164
3805
4414
5015
5466
5670
5368
4648
3753
3108
2906
3004
3224
3141
2772
2124
1462
993
657
357
-44
-415
-641
-596
-417
-298
-424
-759
-1122
-1462
-1648
-1666
-1552
-1352
-1040
-680
-372
-48
232
348
211
-82
-360
-421
-252
-125
-151
-412
-724
-902
-955
-980
-1060
-1155
-1263
-1286
-1239
-1262
-1357
-1402
-1310
-1117
-918
-837
-884
-1104
-1368
-1478
-1341
-937
-423
-172
-528
-1450
-2387
-2641
-2197
-1383
-846
-855
-1147
-1394
-1427
-1570
-1795
-1934
-1820
-1409
-978
-662
-448
-359
-382
-431
-492
-413
-28
216
247
-122
-649
-746
-311
711
1572
1651
1054
297
179
785
1614
1940
1488
862
463
600
1109
1602
1767
1487
931
450
406
800
1237
1415
1225
922
480
71
-190
-414
-570
-694
-699
-477
-56
307
349
-135
-815
-1171
-1001
-528
-214
-463
-1115
-1596
-1533
-938
-167
447
609
363
71
47
520
1363
2259
2946
3279
3256
3074
2773
2443
2121
1842
1666
1741
2046
2340
2364
1960
1282
638
376
501
680
769
602
276
43
-24
105
162
148
119
88
182
342
505
612
604
579
527
400
228
97
152
333
563
714
729
518
194
-151
-446
-526
-371
-160
-241
-553
-1023
-1409
-1389
-1134
-985
-1071
-1340
-1549
-1551
-1556
-1674
-1871
-1819
-1508
-1160
-1102
-1478
-1864
-2197
-2283
-2217
-2068
-1914
-1740
-1666
-1832
-2396
-2933
-3054
-2600
-2020
-2044
-2438
-2654
-2320
-1858
-1719
-2150
-2618
-2372
-1458
-458
-116
-707
-1548
-1757
-1105
-254
135
53
-143
167
725
1054
776
569
903
1590
2078
1661
807
438
836
1620
2054
1692
1135
899
1365
1899
1710
949
387
650
1612
2261
1914
901
102
122
680
1040
941
828
1091
1830
2401
2178
1486
985
1058
1577
1926
1850
1556
1522
1759
2094
2173
1745
1129
702
598
666
647
726
984
1274
1259
750
44
-421
-361
73
406
279
-38
-162
109
469
496
43
-633
-1041
-821
-180
353
536
315
-44
-187
-108
-52
-228
-521
-636
-368
125
509
622
398
-37
-544
-877
-839
-402
66
207
-246
-921
-1279
-1033
-609
-466
-886
-1569
-1827
-1493
-808
-225
-190
-573
-940
-1021
-825
-625
-425
-332
-247
-278
-548
-695
-600
-366
-147
-266
-464
-530
-403
-244
-322
-704
-1127
-1316
-1197
-834
-321
158
501
383
-150
-757
-1164
-961
-455
67
130
-136
-233
-19
430
607
263
-428
-994
-1060
-596
87
478
561
404
166
3
-194
-455
-727
-800
-630
-256
134
385
451
426
306
-59
-525
-953
-894
-456
42
204
3
-351
-541
-407
-139
-167
-611
-1072
-1107
-593
31
375
190
-216
-593
-585
-381
-97
92
287
391
321
238
245
697
1195
1528
1288
712
164
25
344
842
1268
1396
1261
925
600
412
429
369
349
325
305
360
304
117
-57
45
362
692
769
558
175
-20
155
561
928
1130
1122
1060
974
652
261
-39
-34
353
839
1186
1253
1244
1284
1328
1298
1107
875
860
1007
1196
1265
1097
856
654
511
344
208
19
-137
-293
-301
-38
304
619
641
351
-152
-620
-861
-804
-649
-417
-383
-622
-997
-1267
-1267
-1057
-735
-546
-667
-1061
-1448
-1495
-1132
-697
-437
-559
-792
-872
-732
-637
-735
-1086
-1365
-1422
-1399
-1349
-1410
-1377
-1176
-834
-588
-602
-740
-863
-962
-973
-896
-871
-804
-566
-196
208
329
50
-319
-573
-454
-24
214
93
-205
-458
-444
-140
54
62
-59
-116
-98
-40
56
151
300
340
230
-134
-484
-540
-201
355
859
960
580
83
-259
-372
-277
-97
105
319
552
697
624
522
424
439
569
759
906
948
1098
1223
1382
1440
1245
961
640
452
429
444
425
328
218
156
208
389
539
609
523
310
141
58
219
439
536
496
356
247
152
3
-188
-339
-252
-31
-8
-125
-381
-570
-520
-334
-142
-179
-222
-266
-337
-288
-239
-209
-56
272
506
598
463
123
-155
-319
-298
-231
-176
-167
-89
76
192
177
42
-239
-432
-477
-469
-365
-149
57
204
312
368
371
293
220
173
193
170
157
226
295
277
215
97
106
202
203
21
-287
-639
-838
-744
-481
-145
80
186
190
128
51
-43
-120
-117
-57
-84
-151
-168
-72
144
310
321
117
-129
-310
-508
-757
-889
-906
-770
-518
-373
-348
-345
-288
-188
-166
-225
-339
-397
-274
-17
257
416
428
308
212
175
189
246
221
119
-48
-157
-134
-55
-71
-139
-187
-173
-84
35
31
-40
-161
-265
-215
-63
86
216
200
66
-83
-273
-445
-513
-479
-343
-141
6
10
-75
-160
-228
-269
-281
-169
-69
46
126
148
110
91
52
106
182
277
337
363
194
-50
-229
-234
-32
205
358
364
317
236
211
150
117
38
-21
-65
5
178
353
485
365
126
-45
-152
-149
4
194
349
471
411
205
38
-7
134
363
511
507
304
112
-46
-40
92
207
263
175
47
-4
31
243
523
731
667
298
-55
-246
-136
150
393
441
371
238
64
32
73
123
137
127
122
13
-78
-188
-265
-371
-356
-257
-117
99
182
165
95
29
33
114
84
-59
-301
-566
-731
-733
-587
-332
-41
103
31
-207
-532
-685
-537
-236
54
88
-187
-581
-827
-818
-623
-374
-316
-486
-624
-682
-605
-404
-188
-156
-185
-244
-260
-221
-218
-207
-210
-176
-12
191
333
453
408
314
277
229
214
208
276
416
492
592
596
576
498
321
199
165
207
170
171
134
39
-45
-109
-131
-56
48
153
219
145
66
28
-27
-67
-153
-211
-200
-150
-62
-15
49
102
109
117
62
-101
-178
-164
-57
17
29
30
-79
-105
-145
-154
-196
-288
-297
-218
-165
-95
-23
67
111
175
204
135
52
24
39
150
307
333
352
276
220
234
245
265
296
326
353
385
397
475
642
864
997
920
760
525
314
226
248
250
256
228
237
97
-201
-437
-574
-464
-346
-270
-280
-297
-237
-176
-192
-260
-412
-468
-478
-487
-553
-663
-711
-658
-436
-204
-100
-233
-415
-674
-849
-866
-727
-641
-578
-531
-670
-840
-1106
-1189
-1024
-669
-199
192
447
443
384
178
-54
-104
-30
177
308
314
241
139
238
438
551
618
578
377
153
-4
-26
74
256
472
660
766
739
704
659
624
625
604
492
336
185
76
86
258
411
510
512
439
330
292
225
228
256
312
377
394
322
110
-138
-499
-675
-760
-698
-497
-334
-200
-159
-178
-190
-194
-71
55
104
64
-63
-261
-467
-500
-443
-218
-2
117
152
27
-95
-142
-92
-35
9
-86
-277
-448
-456
-384
-298
-211
-213
-180
-203
-186
-139
-86
-37
-86
-144
-200
-219
-223
-191
-305
-375
-452
-360
-208
-119
-83
-83
-59
-32
25
157
298
289
308
193
4
-121
-177
-150
65
391
636
739
600
389
171
80
93
159
263
378
538
617
606
444
303
218
263
334
366
349
256
141
106
170
236
272
297
299
296
296
269
219
91
-16
8
80
69
25
-111
-136
-127
-16
113
133
89
-76
-334
-541
-506
-305
-66
33
-111
-487
-744
-755
-587
-296
-84
-37
-155
-350
-505
-501
-310
-159
-96
-121
-302
-564
-736
-802
-714
-422
-127
22
-30
-262
-436
-487
-393
-243
-186
-222
-379
-577
-705
-753
-659
-459
-206
12
129
192
189
129
10
-45
8
200
372
437
386
250
210
258
479
710
868
931
747
553
319
218
219
246
367
367
383
445
461
492
499
524
541
594
613
504
362
254
269
447
684
849
900
745
563
499
558
684
636
633
533
343
198
-27
-65
32
126
231
142
-96
-332
-529
-596
-504
-331
-223
-224
-380
-600
-695
-734
-533
-354
-230
-298
-548
-804
-1046
-1178
-1332
-1390
-1419
-1304
-1102
-907
-852
-867
-845
-840
-790
-670
-457
-234
-67
4
-99
-336
-482
-518
-459
-331
-216
-168
-145
-74
133
396
542
517
396
273
174
188
274
486
705
785
709
561
500
536
660
861
1020
1012
906
628
408
334
393
591
795
816
798
618
421
308
158
117
37
79
161
269
368
453
412
353
305
271
240
1
-224
-348
-334
-109
92
232
284
217
2
-363
-621
-647
-532
-282
-53
-10
-2
15
50
16
-197
-453
-652
-665
-555
-361
-229
-205
-232
-355
-437
-508
-571
-675
-742
-731
-639
-581
-536
-520
-556
-662
-735
-673
-514
-261
-19
133
128
128
150
119
43
-29
-184
-288
-293
-213
-65
173
389
496
543
543
494
413
316
221
190
285
347
462
617
622
575
441
322
370
581
844
1012
974
728
369
44
-54
78
284
482
554
501
399
314
268
256
255
192
124
-58
-163
-162
-37
212
347
279
0
-299
-517
-523
-446
-271
-97
101
168
41
-252
-527
-656
-602
-489
-333
-294
-334
-435
-650
-763
-832
-868
-794
-659
-533
-319
-229
-269
-412
-613
-731
-678
-581
-470
-324
-279
-272
-321
-278
-156
57
162
171
77
-24
-82
-26
90
300
517
557
542
426
235
0
-85
-155
-185
-112
-95
67
276
440
556
505
485
482
554
604
495
340
284
320
374
456
478
492
555
615
709
759
682
539
371
224
153
101
11
30
66
121
152
136
92
19
-25
-44
-38
-18
-8
1
17
-122
-224
-339
-357
-238
-135
-61
-72
-105
-135
-81
-56
-2
70
40
-80
-325
-500
-506
-377
-68
245
360
318
201
55
-41
-156
-253
-268
-239
-185
-159
-162
-285
-424
-557
-626
-618
-471
-367
-318
-311
-460
-519
-612
-551
-489
-395
-332
-342
-247
-246
-153
-36
-23
8
-43
-78
-64
-94
-96
-132
-237
-267
-165
-11
230
461
531
492
370
342
419
413
424
337
173
115
120
168
246
234
214
176
136
187
249
399
521
468
312
183
195
283
412
545
500
441
326
324
277
228
122
9
-26
-31
99
124
141
85
109
241
341
355
220
-28
-295
-521
-584
-449
-214
-8
104
79
-49
-301
-467
-571
-657
-619
-513
-378
-157
-50
-117
-207
-429
-494
-461
-319
-189
-117
-184
-243
-207
-228
-136
31
187
265
246
118
-125
-288
-360
-333
-230
-109
36
83
151
213
211
132
22
-62
-77
32
166
334
509
563
554
452
277
200
103
-9
-115
-44
33
129
163
62
-45
-131
-92
-60
70
137
108
147
108
23
-2
-20
34
113
143
156
151
152
149
196
253
267
271
263
166
-13
-201
-385
-331
-227
-100
-3
-75
-128
-233
-269
-254
-206
-210
-230
-213
-175
-138
-43
-20
37
-51
-74
-58
-54
10
-9
-52
-139
-213
-150
123
334
477
404
178
-63
-191
-173
-30
134
229
94
-89
-108
-36
127
232
340
305
245
159
149
223
259
273
59
-214
-439
-540
-521
-335
-134
-32
-52
-120
-164
-201
-148
-51
39
13
-8
-83
-118
-75
-64
-74
-122
-168
-196
-94
-25
35
-14
-83
-154
-111
-68
-17
24
-28
-62
-183
-312
-392
-348
-288
-173
14
76
161
200
165
177
174
135
125
183
390
553
590
381
101
-71
-131
-104
-12
103
165
193
183
148
83
94
115
105
36
26
83
243
387
505
576
506
421
337
299
233
152
64
-25
-66
-37
96
251
297
137
-77
-241
-294
-216
-87
-6
4
-54
-202
-318
-381
-366
-306
-275
-104
19
38
-17
-165
-341
-475
-489
-436
-300
-194
-148
-211
-242
-302
-342
-349
-311
-283
-269
-239
-294
-335
-367
-337
-349
-355
-249
-100
-13
-68
-143
-152
-98
1
156
232
233
147
6
-44
101
312
419
369
344
374
393
468
455
387
208
125
64
121
231
216
153
40
-43
-75
-79
27
153
197
139
3
-100
-154
-146
-102
-117
-103
-17
170
321
454
465
427
309
147
103
130
242
345
471
381
307
144
-156
-326
-273
-58
204
360
366
271
130
9
-20
-39
24
62
25
-20
-56
-114
-137
-112
-15
158
266
204
-31
-239
-392
-387
-304
-315
-357
-490
-523
-435
-264
-63
-26
-104
-209
-301
-389
-420
-395
-265
-49
106
159
110
31
-72
-26
46
9
8
-11
-119
-282
-349
-353
-269
-226
-271
-372
-434
-462
-435
-311
-237
-207
-159
-187
-292
-363
-277
-105
116
285
353
317
232
215
180
270
335
371
365
314
238
230
259
292
430
487
443
289
132
87
121
241
308
305
206
78
-27
5
263
558
692
629
454
266
63
-31
-62
-63
24
92
163
264
167
-18
-208
-282
-286
-146
-50
27
58
-50
-88
-226
-232
-255
-210
-126
-91
-95
-114
-143
-176
-77
-3
117
181
215
174
110
73
50
-4
-66
-87
-134
-89
-193
-379
-476
-550
-488
-503
-514
-528
-489
-384
-260
-132
-94
-82
-120
-102
-90
-15
32
57
115
67
-8
-98
-130
-263
-331
-369
-294
-230
-64
88
48
63
11
-1
33
41
37
103
228
321
437
520
575
621
626
561
505
400
327
428
492
531
490
421
284
192
156
100
165
197
167
178
208
252
356
331
275
235
179
188
198
191
204
109
22
90
157
162
82
-41
-190
-332
-351
-257
-176
-84
-82
-202
-331
-334
-410
-447
-508
-660
-663
-715
-709
-658
-648
-684
-649
-656
-618
-547
-494
-482
-605
-754
-849
-724
-504
-289
-178
-268
-392
-460
-425
-323
-208
-158
-174
-235
-227
-218
-90
61
103
197
210
270
354
494
572
561
395
285
335
382
557
720
753
776
703
624
637
608
639
666
643
485
410
432
490
604
582
541
485
463
545
672
753
763
719
665
632
611
538
418
304
204
164
169
240
273
262
170
54
33
77
91
22
-114
-312
-483
-534
-510
-411
-372
-428
-500
-539
-566
-525
-564
-681
-786
-849
-844
-774
-679
-589
-535
-547
-709
-806
-877
-886
-772
-747
-717
-829
-947
-907
-747
-512
-352
-396
-597
-767
-932
-993
-839
-612
-431
-362
-333
-390
-419
-377
-211
44
209
353
384
403
393
367
445
543
705
900
1005
985
920
809
715
613
556
597
626
627
594
676
708
697
670
527
501
535
609
627
680
702
727
806
843
930
903
912
822
665
548
538
590
616
675
614
419
204
29
19
73
136
195
170
115
12
-179
-304
-355
-329
-176
-84
-141
-226
-437
-670
-740
-804
-724
-637
-628
-703
-901
-1128
-1281
-1383
-1355
-1212
-1063
-976
-936
-866
-868
-873
-928
-902
-703
-614
-527
-443
-392
-373
-277
-210
-152
-84
-43
-82
-158
-136
-57
162
399
521
540
425
205
50
3
56
152
236
298
317
361
502
656
770
782
826
839
786
681
455
332
271
310
463
505
508
461
395
326
344
375
311
247
128
59
97
129
252
293
176
31
-115
-232
-320
-267
-148
-18
91
148
125
184
227
224
102
7
-25
-38
-39
-50
-93
-254
-356
-388
-280
-153
-33
-9
-83
-167
-302
-395
-404
-346
-260
-138
-87
-169
-296
-458
-497
-412
-322
-240
-188
-262
-245
-230
-103
-40
8
-2
-80
-164
-256
-214
-121
39
106
160
129
20
37
218
353
446
370
282
79
-101
-231
-307
-249
-91
63
140
61
24
136
102
107
79
27
83
220
292
302
251
183
144
212
310
420
471
400
287
157
103
116
228
272
292
301
185
43
-149
-271
-367
-291
-104
138
310
338
233
21
-131
-251
-282
-237
-141
18
142
160
44
-100
-372
-510
-574
-504
-324
-274
-263
-317
-322
-318
-260
-188
-150
-31
137
175
212
214
104
55
25
-7
-65
-104
-190
-132
-37
15
10
-68
-160
-318
-374
-382
-310
-255
-209
-159
-94
-48
49
148
251
226
207
224
125
17
-123
-118
-93
38
113
53
-82
-196
-220
-214
-146
-39
56
22
-71
-209
-223
-181
3
174
279
361
397
405
456
470
457
452
465
568
578
544
395
162
27
16
167
333
438
479
358
201
130
103
171
178
109
-6
-95
-169
-179
-26
53
177
210
221
134
33
-33
-90
-218
-420
-571
-657
-592
-434
-251
-158
-156
-168
-197
-313
-435
-510
-503
-446
-315
-237
-158
-88
-64
-85
-169
-299
-392
-466
-392
-240
15
229
163
97
-74
-102
-43
63
171
92
68
45
75
213
213
184
161
96
144
252
292
420
468
410
332
254
205
175
197
195
166
99
15
-75
-95
-125
-45
49
100
82
13
-35
-106
-216
-240
-128
-40
72
114
39
-60
-222
-293
-254
-170
12
92
100
88
39
-48
-22
26
96
90
-25
-187
-331
-304
-226
-212
-267
-400
-427
-363
-256
-43
140
257
202
96
-94
-257
-256
-204
-160
-66
16
122
101
-25
-129
-275
-315
-229
-77
150
333
494
473
357
249
135
190
216
273
296
339
334
318
297
214
230
254
242
230
189
201
224
235
278
189
197
262
326
377
401
307
179
57
-14
-24
23
153
234
223
68
-168
-398
-449
-471
-312
-204
-78
-32
-121
-160
-404
-562
-633
-575
-330
-85
87
96
34
-39
-77
-12
8
97
142
189
165
-2
-62
-156
-228
-304
-268
-203
-112
-19
-95
-208
-344
-455
-533
-546
-480
-425
-379
-285
-246
-65
34
96
9
-156
-252
-403
-432
-442
-369
-219
-191
-112
-61
-117
-99
-123
-221
-298
-252
-118
171
326
401
453
290
72
-34
-76
6
163
280
304
310
205
195
219
290
407
372
327
322
411
621
732
770
720
540
431
480
623
758
809
704
586
403
334
291
237
192
148
154
156
105
139
156
116
107
2
-24
-92
-150
-212
-243
-156
-164
-58
-69
-151
-200
-227
-208
-183
-176
-199
-319
-514
-571
-587
-559
-473
-408
-399
-475
-520
-538
-493
-395
-304
-185
-193
-179
-225
-294
-267
-268
-232
-225
-243
-314
-391
-466
-456
-392
-350
-327
-323
-336
-374
-434
-435
-339
-179
58
260
400
447
347
214
131
145
252
459
496
501
491
470
560
531
531
446
339
284
159
149
261
402
489
510
461
360
177
-7
-67
-2
164
333
408
365
299
254
160
118
60
32
40
58
91
146
204
153
-8
-100
-240
-394
-362
-285
-123
-46
-12
-166
-363
-498
-570
-577
-612
-520
-447
-363
-232
-102
-52
-34
-47
-11
-19
-31
19
-16
9
70
69
32
-48
-184
-299
-366
-280
-62
176
337
297
241
104
10
0
-10
77
261
500
566
515
289
2
-219
-285
-194
-111
-33
-60
-175
-289
-430
-535
-548
-455
-400
-376
-338
-294
-96
61
129
126
9
-112
-157
-159
-116
-112
9
212
429
638
583
425
247
202
260
471
653
766
778
696
498
325
278
322
439
543
632
597
524
288
41
-153
-191
-104
56
222
204
173
60
-110
-206
-293
-341
-374
-483
-631
-605
-414
-154
119
201
71
-254
-547
-701
-787
-739
-670
-617
-606
-699
-711
-692
-578
-428
-336
-219
-164
-253
-393
-469
-542
-424
-133
191
354
257
24
-261
-396
-321
-209
-59
8
74
77
116
140
108
249
325
451
433
319
169
84
184
327
428
579
727
734
729
611
469
412
368
455
493
440
448
473
579
593
590
620
640
746
700
524
317
229
262
259
270
133
-46
-145
-128
-33
58
38
-97
-259
-357
-271
-153
-42
57
38
-43
-220
-343
-322
-222
-70
-16
-11
-129
-369
-595
-796
-868
-859
-758
-661
-586
-543
-509
-428
-351
-290
-296
-335
-347
-390
-415
-345
-217
-85
11
13
-138
-375
-650
-792
-814
-692
-490
-402
-377
-356
-359
-394
-446
-362
-311
-222
-179
-147
3
116
282
427
450
451
423
351
278
184
137
145
260
327
394
492
548
568
579
566
549
497
382
295
253
245
380
552
760
963
983
926
817
735
709
705
586
491
353
177
18
-57
-45
37
116
126
123
10
-23
-38
-63
-21
-5
92
192
207
197
113
-131
-311
-419
-424
-343
-267
-201
-241
-310
-364
-410
-392
-393
-404
-505
-576
-532
-463
-402
-241
-201
-228
-292
-390
-461
-579
-649
-734
-678
-610
-526
-426
-309
-235
-188
-183
-221
-214
-66
55
148
82
38
-20
-76
-80
-129
-25
77
170
235
251
214
171
147
124
157
213
295
287
286
330
348
385
341
256
70
-33
-46
26
180
441
642
685
483
153
-52
-76
79
325
570
623
627
533
428
390
380
308
185
203
239
380
566
643
640
550
448
255
73
-187
-441
-513
-385
-219
-204
-299
-420
-458
-545
-496
-351
-225
-141
-247
-419
-536
-612
-522
-413
-406
-378
-346
-353
-382
-396
-399
-429
-462
-484
-573
-606
-541
-385
-179
-6
73
98
84
-26
-199
-323
-293
-198
37
282
394
416
245
27
-140
-149
-53
28
161
177
67
-2
-90
-102
51
166
330
530
690
751
725
573
382
331
336
424
434
350
229
103
-33
-57
-33
5
47
40
22
-55
-206
-266
-242
-180
-79
73
245
249
169
0
-178
-327
-389
-457
-450
-403
-341
-191
13
241
366
369
296
144
43
3
93
192
243
305
272
215
115
128
151
166
234
305
357
288
193
73
-36
-198
-326
-473
-424
-304
-237
-150
-167
-276
-347
-355
-311
-188
-179
-232
-369
-487
-533
-443
-302
-225
-193
-216
-155
-122
-86
30
-24
-153
-304
-360
-242
12
170
304
314
233
216
195
246
262
244
69
-203
-426
-456
-194
236
609
786
675
387
155
69
127
189
330
349
328
348
282
295
306
350
414
452
478
455
493
455
334
229
67
34
28
82
100
53
-9
-124
-112
11
129
246
307
219
50
-50
-141
-166
-120
-148
-237
-454
-632
-732
-760
-693
-684
-637
-566
-475
-398
-390
-509
-670
-725
-708
-553
-328
-138
-22
-29
-86
-166
-191
-76
44
245
349
298
111
-162
-358
-393
-238
-17
217
415
492
417
283
224
224
283
264
171
123
137
228
304
420
391
343
237
238
262
260
289
184
133
69
11
-74
-211
-272
-258
-137
25
151
159
146
75
-12
-87
-125
-204
-308
-294
-296
-276
-330
-388
-511
-577
-616
-479
-268
-72
154
345
458
408
298
82
-125
-167
-202
-99
59
244
370
485
423
277
238
152
114
-41
-173
-290
-276
-119
21
68
51
-18
-8
118
344
462
496
493
425
328
203
147
140
297
461
559
546
420
283
163
126
151
91
-34
-55
-102
-66
89
216
314
252
182
67
-32
-16
18
-71
-140
-250
-301
-342
-379
-307
-323
-347
-264
-143
-61
-51
-148
-259
-316
-370
-419
-426
-415
-386
-370
-331
-434
-560
-672
-581
-492
-346
-271
-252
-222
-147
-57
83
166
145
102
-37
-34
-22
19
82
220
254
212
60
-103
-115
-150
-146
-121
-144
-70
54
121
56
-83
-299
-385
-317
-145
12
127
151
97
-39
-79
-80
-84
64
157
205
171
11
-97
-118
-58
91
220
340
379
364
348
370
391
364
318
256
182
174
210
386
494
446
318
158
137
65
8
-89
-90
-46
126
347
409
402
347
372
457
522
462
369
185
94
-6
-39
93
193
358
328
119
-132
-403
-612
-626
-480
-302
-130
-25
65
78
-23
-77
-98
-53
41
130
163
93
40
3
55
55
-3
48
41
-26
-129
-260
-366
-408
-458
-494
-555
-596
-617
-639
-631
-573
-462
-370
-310
-251
-226
-139
-82
34
147
285
263
115
-40
-295
-539
-612
-456
-184
44
249
289
220
153
106
126
181
219
102
-75
-257
-334
-275
-85
83
202
209
91
-6
-65
-48
55
154
228
212
198
174
187
180
169
91
118
277
395
495
438
392
377
304
273
174
73
-31
-112
-204
-297
-251
-50
168
324
362
224
154
169
244
402
531
455
283
65
-116
-150
-101
-3
-50
-143
-311
-487
-402
-234
-73
-11
-110
-293
-440
-442
-466
-310
-263
-174
-15
11
60
-30
-153
-199
-205
-206
-210
-213
-141
-97
-29
7
75
157
142
64
-128
-285
-261
-166
69
312
387
352
81
-81
-189
-112
-52
83
212
192
118
-104
-253
-264
-154
48
272
318
320
207
67
-5
-38
-17
154
358
567
743
770
726
628
512
392
339
277
281
282
272
261
238
264
148
-3
-144
-220
-123
102
391
443
378
237
71
76
198
340
314
129
-234
-572
-721
-693
-587
-549
-589
-683
-910
-1028
-1022
-901
-726
-619
-537
-621
-753
-870
-978
-1021
-1007
-846
-702
-685
-633
-649
-730
-691
-528
-343
-145
-74
-89
-203
-313
-312
-236
-95
52
286
483
649
775
666
636
648
590
570
529
580
557
542
713
878
1023
978
868
719
622
510
416
349
310
351
441
616
677
556
385
250
305
440
545
593
594
634
594
547
477
506
547
614
614
517
429
353
350
284
244
95
-148
-300
-259
-220
-199
-170
-260
-319
-304
-244
-215
-202
-231
-301
-372
-402
-467
-519
-712
-855
-928
-932
-886
-893
-778
-817
-768
-792
-828
-899
-1003
-1024
-1001
-939
-865
-853
-913
-917
-871
-781
-720
-508
-323
-196
-145
-185
-141
-40
27
113
93
-53
-156
-172
-153
-18
164
410
672
839
832
827
747
661
642
636
683
662
615
578
664
805
857
736
523
274
219
398
627
817
783
687
457
357
414
501
627
642
666
543
478
436
421
434
441
462
503
593
553
501
327
68
-55
-109
-180
-145
-113
-69
-112
-186
-308
-436
-442
-351
-148
-84
-114
-268
-478
-613
-674
-628
-520
-439
-455
-458
-563
-768
-929
-1037
-981
-844
-788
-755
-742
-735
-751
-680
-637
-593
-619
-721
-745
-679
-404
-107
220
351
337
228
101
19
24
2
-88
-137
-161
0
184
217
72
-193
-405
-478
-378
-130
154
395
446
342
243
229
274
386
457
510
405
341
362
441
499
574
508
379
311
251
245
339
430
435
466
420
307
257
288
322
472
557
547
540
494
398
331
290
328
402
522
658
722
628
483
347
182
107
-9
-55
-14
73
146
146
117
-33
-189
-359
-391
-316
-219
-269
-406
-596
-699
-648
-598
-610
-614
-579
-610
-563
-520
-520
-621
-736
-779
-815
-726
-607
-507
-431
-387
-385
-421
-389
-330
-209
-56
112
149
168
173
82
-9
-62
-87
16
151
233
283
232
316
336
324
349
351
362
338
331
322
251
172
120
168
301
379
451
477
438
378
487
516
589
577
502
345
212
92
-8
-81
-141
-167
-194
-87
-55
-65
-190
-408
-558
-564
-541
-513
-483
-456
-477
-462
-365
-286
-237
-289
-312
-279
-214
-219
-184
-136
-187
-174
-215
-270
-305
-269
-166
-41
37
114
90
98
10
-42
9
137
319
424
475
359
280
142
121
226
281
377
471
510
463
392
331
252
207
112
4
41
108
256
341
367
320
158
29
4
98
155
164
82
-94
-224
-367
-348
-296
-261
-274
-280
-272
-249
-195
-215
-234
-245
-175
-51
71
125
40
-32
29
33
168
238
79
-102
-354
-437
-407
-257
-81
10
15
-29
-74
-8
104
198
148
89
-4
-2
80
121
233
233
364
485
489
457
369
237
171
245
275
430
551
504
395
247
136
110
171
185
94
28
-14
-16
-37
-130
-180
-222
-191
-151
-119
-54
-75
-62
-99
-160
-173
-241
-271
-355
-406
-426
-467
-486
-492
-475
-493
-544
-618
-611
-619
-456
-334
-299
-275
-344
-367
-361
-409
-470
-502
-591
-569
-494
-393
-209
-2
65
84
38
10
-8
21
135
257
356
400
446
452
454
447
466
512
457
369
342
387
512
551
548
546
510
480
461
391
339
316
263
279
210
109
36
10
42
71
80
74
-12
-142
-281
-324
-255
-188
-87
-99
-196
-270
-319
-283
-161
-61
12
121
133
94
18
-31
-7
28
87
137
150
249
180
188
211
239
208
128
19
-94
-122
-113
-88
-129
-119
-107
-48
-8
-30
-95
-148
-137
-79
12
107
84
25
-5
-68
-69
-3
41
25
-107
-177
-206
-207
-170
-141
-60
-36
4
-20
-233
-350
-359
-284
-33
161
265
245
188
105
-22
-34
-36
-47
-51
-44
33
79
68
80
125
190
108
35
-38
-159
-257
-252
-161
-61
117
251
256
181
113
-13
-121
-195
-327
-313
-289
-267
-261
-306
-302
-396
-476
-433
-361
-270
-161
-160
-76
-44
55
182
262
365
372
360
286
253
279
341
352
335
310
320
252
197
208
228
232
179
190
158
149
113
191
262
305
403
468
466
316
114
-115
-212
-224
-75
81
131
1
-244
-439
-519
-441
-343
-325
-307
-305
-266
-176
-20
74
114
45
-112
-219
-280
-208
-130
-18
14
12
-79
-147
-110
-125
-144
-141
-160
-114
35
171
313
366
279
56
-167
-224
-159
37
216
306
299
131
-45
-222
-407
-436
-407
-204
-30
47
45
-11
-59
-104
-47
3
134
281
270
237
185
94
45
55
55
-35
-147
-169
-81
-4
24
34
36
16
-34
4
56
169
199
193
195
177
229
320
373
437
486
359
200
38
-109
-95
-142
-59
56
37
-51
-191
-376
-430
-410
-357
-270
-189
-95
-73
-101
-145
-93
-75
-17
-16
-104
-83
-76
-107
-48
-77
-161
-255
-324
-243
-167
-139
-124
-134
-284
-362
-423
-396
-343
-360
-330
-294
-155
-80
48
99
47
-99
-227
-215
-109
32
50
104
132
25
-16
-81
-62
55
107
157
236
381
503
672
682
635
553
528
541
545
639
664
658
670
670
631
618
597
594
542
582
530
414
325
308
425
522
570
603
562
476
313
153
39
73
90
135
131
-8
-134
-163
-78
24
64
-58
-232
-457
-627
-760
-872
-768
-720
-732
-717
-696
-679
-781
-911
-977
-874
-785
-693
-630
-660
-610
-577
-551
-647
-729
-901
-917
-853
-749
-511
-383
-324
-360
-451
-489
-421
-325
-264
-335
-471
-538
-505
-469
-383
-317
-240
-202
-151
-150
-136
-27
174
388
571
534
340
181
99
204
434
645
744
739
653
683
804
934
1130
1217
1167
1070
1055
1173
1301
1303
1165
978
958
922
1015
1171
1146
1117
1021
726
486
339
230
257
349
343
360
288
203
223
144
91
13
-87
-141
-127
-94
-75
-31
-119
-280
-444
-507
-556
-623
-706
-774
-783
-766
-761
-837
-940
-1016
-1017
-924
-745
-686
-781
-989
-1207
-1307
-1278
-1137
-926
-759
-683
-719
-839
-891
-852
-698
-632
-648
-698
-724
-664
-577
-425
-344
-232
-192
-192
-175
-205
-141
-122
-14
127
270
487
697
902
981
924
773
705
721
778
929
1029
1135
1107
1103
1073
1069
1026
937
819
756
835
895
952
874
730
698
721
817
831
764
642
461
365
304
305
349
246
99
-67
-182
-183
-68
89
193
214
134
32
-59
-127
-221
-277
-433
-500
-439
-414
-428
-533
-678
-880
-946
-894
-806
-712
-618
-570
-604
-742
-846
-886
-865
-785
-747
-753
-758
-690
-623
-632
-679
-706
-721
-717
-683
-615
-594
-458
-400
-418
-439
-485
-398
-242
-102
9
25
-39
-84
-155
-98
88
279
423
522
548
514
507
522
517
591
664
704
763
855
877
847
891
930
957
946
825
609
524
540
623
719
677
582
514
359
344
399
510
650
679
648
493
365
259
167
44
-7
-15
-43
-35
-96
-191
-226
-282
-224
-214
-217
-187
-213
-233
-285
-271
-222
-143
-83
-70
-131
-278
-352
-417
-394
-302
-211
-205
-253
-264
-317
-312
-278
-267
-170
-55
7
-25
-140
-292
-527
-668
-742
-678
-535
-443
-475
-572
-533
-528
-441
-410
-492
-477
-459
-331
-197
-11
79
-23
-106
-240
-363
-257
-52
83
200
146
44
-53
-196
-218
-124
103
234
326
377
295
270
299
340
381
393
447
526
520
542
432
410
341
336
328
270
215
129
193
179
259
345
445
483
465
393
269
176
135
198
247
277
294
267
212
194
179
133
84
12
-141
-284
-385
-447
-481
-438
-356
-283
-235
-180
-193
-264
-330
-340
-239
-108
-46
-91
-155
-157
-110
32
136
108
14
-200
-284
-281
-212
-102
-62
-94
-210
-330
-417
-452
-424
-345
-317
-340
-295
-186
-20
157
195
183
131
9
-81
-118
-127
-81
-16
49
63
118
227
356
447
515
534
429
363
312
262
313
385
429
443
464
474
391
348
325
296
200
65
-53
-149
-144
-108
-105
-136
-121
-116
-15
73
18
9
-123
-196
-158
-42
202
357
326
241
105
-59
-73
-168
-192
-192
-209
-151
-178
-242
-322
-346
-360
-219
-131
-75
-119
-187
-217
-241
-234
-306
-268
-302
-296
-190
-222
-214
-211
-249
-280
-271
-273
-287
-328
-366
-383
-353
-255
-119
11
58
58
29
72
113
187
259
223
144
140
214
253
283
305
251
201
217
295
374
452
504
448
326
176
72
27
87
172
361
483
518
452
264
201
64
62
89
153
206
198
186
118
15
-33
-30
30
22
-13
-151
-254
-302
-222
24
202
327
247
158
22
-76
-61
-32
11
23
-88
-219
-397
-518
-477
-388
-243
-139
-28
53
40
-81
-193
-271
-325
-275
-147
-81
-20
-25
-180
-370
-380
-258
-89
14
45
-57
-195
-260
-243
-142
-38
40
58
25
4
-5
112
289
394
493
398
266
-18
-161
-250
-250
-139
-52
60
113
76
-75
-230
-346
-362
-408
-331
-233
-106
-14
134
222
208
156
113
28
-34
-39
-90
40
176
259
321
231
13
-183
-415
-366
-100
165
322
369
241
-35
-289
-375
-238
-50
135
242
232
134
-32
-115
-205
-274
-190
-83
59
194
224
185
140
58
-35
-74
-21
34
197
336
383
392
318
170
71
-26
-33
-4
-48
6
-16
39
109
65
-63
-299
-364
-263
-131
14
124
102
56
-58
-144
-177
-251
-304
-327
-285
-167
13
120
199
107
-22
-23
51
121
122
72
-20
-26
57
219
393
410
359
226
83
79
118
281
382
378
308
225
207
248
325
311
332
278
202
128
26
3
54
186
330
439
428
359
230
98
90
124
166
220
178
35
-167
-370
-433
-291
-140
-41
-2
-38
-100
-141
-180
-177
-206
-301
-392
-514
-494
-484
-425
-337
-205
-67
-159
-343
-569
-684
-601
-393
-125
18
17
-202
-523
-606
-666
-454
-269
-129
-23
-2
9
-25
-64
-191
-263
-280
-251
-187
-127
-21
52
108
100
77
14
-130
-239
-317
-233
29
262
407
494
415
275
135
112
141
258
369
467
474
411
273
172
148
88
55
55
16
-54
-191
-253
-227
-208
-132
-134
-158
-165
-198
-141
-10
93
193
147
179
161
52
66
15
48
166
171
51
-105
-233
-284
-242
-191
-49
145
268
365
307
204
70
-27
-22
41
101
96
105
172
275
356
385
331
315
300
174
70
-94
-179
-187
-110
9
-42
-89
-139
-143
-128
-44
29
37
71
48
147
335
510
723
859
841
810
753
661
567
441
372
361
429
475
586
603
661
612
403
158
-128
-321
-457
-488
-385
-243
-164
-106
-167
-218
-263
-322
-438
-463
-415
-375
-323
-407
-469
-522
-497
-550
-660
-800
-896
-892
-812
-746
-658
-772
-876
-899
-870
-710
-595
-503
-629
-814
-991
-1033
-964
-749
-544
-397
-281
-242
-264
-305
-315
-368
-312
-302
-229
-133
45
142
173
71
-36
-30
33
201
456
570
622
699
739
778
806
786
801
826
809
886
927
947
927
892
863
780
645
512
425
464
513
559
514
450
461
455
585
685
744
691
621
657
620
623
601
613
551
521
429
320
236
156
120
37
17
-13
40
108
121
156
96
-15
-61
-99
-55
-96
-161
-228
-349
-436
-489
-533
-567
-623
-754
-784
-818
-874
-958
-1061
-1057
-982
-888
-888
-967
-986
-1011
-897
-711
-625
-529
-601
-593
-581
-575
-613
-614
-516
-369
-224
-176
-240
-429
-567
-572
-352
-112
-6
-30
-90
-109
-78
31
115
240
297
395
445
513
467
396
372
437
560
716
798
768
714
681
646
589
724
903
1059
1078
955
784
510
371
317
338
470
606
677
628
433
272
8
-198
-221
-153
-91
-21
-42
-158
-285
-387
-274
-128
56
130
204
207
163
170
130
172
196
235
150
81
-118
-290
-360
-441
-442
-457
-513
-558
-570
-570
-494
-380
-329
-281
-259
-188
-114
-39
-36
-105
-206
-322
-361
-380
-306
-262
-219
-226
-379
-459
-464
-342
-205
-115
-52
-152
-320
-360
-310
-249
-144
-91
-63
-86
-11
146
219
251
182
81
-37
-82
-62
12
115
181
205
149
82
102
126
137
235
232
136
56
-84
-87
26
211
345
433
415
424
456
383
298
209
257
257
312
342
274
222
245
335
513
601
504
335
213
181
132
170
227
248
209
231
240
238
259
190
38
-111
-243
-263
-272
-202
-226
-264
-278
-373
-441
-544
-519
-477
-316
-190
-233
-278
-415
-528
-477
-447
-430
-440
-403
-364
-359
-342
-376
-323
-299
-305
-335
-404
-444
-328
-116
92
234
164
36
-93
-115
6
137
232
304
257
137
134
175
247
288
247
192
81
167
324
391
427
291
200
154
195
292
392
520
559
569
495
397
229
81
19
-90
-136
-58
13
142
246
294
219
75
-17
-95
-84
34
183
358
445
383
259
103
-79
-238
-342
-322
-160
28
153
221
66
-56
-215
-271
-173
-165
-131
-97
-250
-447
-547
-550
-445
-300
-130
-87
-96
-176
-146
-67
-34
20
-8
-84
-176
-183
-156
-114
-68
-11
-102
-235
-371
-369
-281
-142
8
-34
-35
-123
-196
-241
-135
-20
77
17
-98
-181
-243
-95
56
199
225
113
-47
-117
-53
85
242
282
322
307
160
103
74
16
-13
-7
4
32
83
38
9
56
72
100
144
90
39
-109
-129
-74
12
120
128
-1
-135
-159
-123
-2
154
377
503
497
440
272
168
105
80
101
69
91
148
198
283
309
211
96
-42
-67
27
95
185
204
82
71
58
87
139
129
129
59
51
19
64
89
54
60
50
97
44
-60
-175
-212
-234
-228
-280
-347
-329
-300
-246
-198
-117
-60
-98
-179
-376
-508
-544
-544
-428
-305
-264
-219
-112
-95
-105
-159
-260
-291
-300
-250
-212
-77
-26
-76
-44
-48
-65
-72
8
48
83
92
63
-25
1
39
69
16
53
115
153
159
124
72
81
161
209
281
297
302
228
151
93
184
348
489
521
433
410
296
281
195
87
-67
-122
-95
-24
117
208
179
24
-77
-148
-155
-174
-196
-174
31
313
533
552
279
-114
-369
-504
-391
-99
134
194
38
-224
-463
-550
-431
-221
63
263
324
188
-70
-247
-377
