-1209
-1145
-1038
-757
-537
-578
-667
-824
-901
-929
-884
-843
-776
-706
-735
-786
-944
-1073
-1301
-1291
-1194
-1006
-805
-622
-544
-349
-209
-159
-38
-44
62
219
336
360
327
348
530
754
751
437
152
61
237
697
963
1012
899
748
871
999
1039
917
775
723
917
1194
1377
1133
787
552
502
564
613
598
507
443
382
414
522
566
403
215
-5
-125
18
147
357
388
229
138
44
242
455
670
706
432
239
267
467
509
289
-105
-392
-379
-191
-73
27
-73
-265
-433
-643
-643
-613
-615
-646
-740
-783
-835
-696
-399
-182
-171
-318
-396
-338
-83
93
168
30
-199
-400
-230
234
492
286
-200
-615
-548
-41
343
137
-310
-475
-246
-15
51
-132
-499
-632
-824
-762
-548
-203
46
133
-16
-372
-623
-609
-463
-419
-563
-582
-356
-82
145
186
-6
-106
-34
24
-189
-600
-856
-828
-396
225
441
-96
-606
-783
-395
453
962
768
-194
-1136
-1247
-523
591
1273
948
-58
-972
-1169
-368
669
1413
1240
253
-452
-267
554
1285
1288
431
-487
-558
266
1305
1840
1441
691
1
128
732
1024
540
-208
-693
-666
-47
1100
1831
1395
348
-570
-480
671
1915
1814
319
-1388
-1702
-814
706
1607
1021
-404
-1647
-1547
-278
1131
1488
404
-1336
-2224
-1332
727
2083
1350
-758
-2507
-2403
-639
1166
1452
63
-1780
-2414
-1189
593
1500
821
-725
-1745
-1481
26
1227
1244
296
-582
-567
382
1338
1556
727
-436
-1200
-734
624
1629
1259
-55
-1020
-722
628
2022
2162
1158
-263
-1058
-579
600
1528
1311
249
-927
-1313
-760
395
1135
819
-424
-1764
-2134
-1347
-375
-247
-876
-1601
-1785
-1197
-314
-116
-743
-1725
-2134
-1367
123
1216
1053
26
-977
-1183
-500
659
1396
873
-614
-1917
-2018
-617
1073
1533
431
-1239
-2007
-1502
-14
1527
2077
1426
332
-516
-340
341
1130
1373
864
-115
-772
-358
670
1534
1348
352
-808
-1201
-629
316
957
630
-347
-940
-544
560
1656
1884
1010
-828
-2144
-2698
-1886
-187
969
1272
282
-610
-830
127
1265
1848
1586
834
383
360
773
1289
1531
1816
1962
1807
1672
1265
977
767
509
401
171
172
75
-91
-118
-541
-880
-1297
-1445
-1120
-836
-230
18
13
-136
-208
563
1430
2026
1677
717
62
-205
52
432
530
170
-477
-724
-337
412
959
358
-972
-2397
-2928
-2253
-1082
-468
-1012
-1973
-2476
-2099
-840
343
606
-57
-859
-941
-458
497
1107
1190
787
323
56
42
33
-125
-155
-250
-374
-352
-494
-725
-929
-1261
-1468
-1769
-1582
-991
-705
-821
-1223
-1593
-1548
-1295
-902
-786
-779
-907
-1073
-895
-585
56
571
553
198
-1
240
906
1359
1010
69
-394
-126
557
1185
1006
53
-958
-998
-120
962
1148
219
-855
-1041
-79
1428
2353
1942
697
-262
-145
590
1200
927
246
136
1145
2692
3387
2654
995
-72
-100
1137
2292
2372
1623
960
1052
1884
2947
2855
1597
224
-96
483
1352
1622
1043
423
533
1321
1616
851
-707
-1590
-1323
-254
296
-80
-1397
-2465
-1974
-900
72
-181
-1156
-1970
-1908
-1221
-656
-616
-963
-954
-694
-808
-1377
-1573
-1272
-399
245
-167
-1065
-1556
-1167
-209
760
833
-98
-1417
-2145
-1976
-1392
-504
-104
-226
-212
-273
-530
-781
-1160
-1637
-2128
-2479
-2499
-2297
-1187
16
1044
1525
1106
61
-1056
-1629
-948
129
1062
1314
552
13
423
1371
2051
2087
1129
122
-70
800
1698
2059
1629
643
-385
-420
332
1288
1610
1070
378
204
787
1353
1400
674
-159
-539
-130
501
873
840
673
711
857
1170
822
20
-680
-584
287
1482
2215
2063
1274
514
227
195
203
18
-249
-202
-98
256
766
985
749
-76
-733
-1151
-922
-755
-667
-490
-599
-774
-833
-803
-937
-990
-1104
-1492
-2183
-2701
-2423
-1592
-789
-422
-621
-1556
-2471
-2744
-2242
-1795
-1340
-972
-1116
-962
-739
-88
13
-46
-322
-501
-384
-484
68
559
417
522
399
89
166
462
432
-202
-101
-36
-75
-50
291
857
1025
1059
750
14
-163
268
711
1037
825
286
131
749
1576
2126
1995
727
-615
-1389
-1089
-5
550
448
-377
-860
-561
512
1474
1483
353
-907
-1430
-1141
-276
578
833
528
296
155
-67
-78
64
269
450
279
-158
-328
-13
620
1274
1412
1101
633
503
770
1147
1620
1535
1068
698
529
847
1537
1966
1866
1257
515
431
950
1757
2182
1934
1283
656
665
1234
1859
2087
1737
1084
700
942
1510
1874
1696
1173
943
992
1091
1130
747
355
-341
-1334
-1985
-2014
-1300
-572
-594
-1259
-2512
-2504
-1703
-801
-830
-1627
-2382
-2479
-1798
-1620
-1977
-3152
-3532
-2972
-1378
48
-435
-1633
-3254
-3705
-2568
-1063
-27
-293
-1880
-3057
-3373
-2339
-1064
-406
-662
-1597
-1970
-1805
-983
-458
-890
-1973
-2870
-2301
-738
605
805
-115
-1236
-1376
-204
952
1619
1161
174
-44
776
1432
1577
375
-1154
-1354
-380
956
1571
1233
416
-4
556
1518
1964
1944
1433
1155
1387
2184
3043
3385
3059
2215
1236
396
-743
-2698
-5618
-8882
-11325
-11828
-10455
-7985
-5523
-3759
-2460
-1014
703
2215
2851
2395
1619
1275
2209
4475
7303
9806
11630
12381
12472
12040
11038
9698
7928
6245
4909
4271
4320
4708
5075
5081
4645
3781
2420
733
-1207
-3188
-4861
-5781
-5816
-5121
-4212
-3668
-3458
-3340
-3177
-3016
-3178
-3839
-4620
-5047
-4845
-3498
-1439
416
1685
2341
2672
2789
2600
1955
891
-370
-1453
-1921
-1714
-1068
-384
-212
-553
-1323
-2567
-3891
-4830
-5443
-5833
-5563
-4563
-3190
-2188
-2024
-2252
-2963
-3298
-3405
-3395
-3784
-4348
-4624
-4273
-2990
-1819
-1117
-1165
-2077
-2951
-3332
-3098
-2340
-1887
-1829
-2081
-2196
-2036
-1511
-1127
-1062
-1462
-1914
-1728
-1347
-600
196
427
220
113
615
1459
2137
2230
1854
1699
1570
1611
1622
1327
955
819
1508
2375
3198
3554
3544
3435
3323
3067
2052
-429
-4366
-8526
-11688
-12583
-11493
-9586
-7772
-6345
-4565
-1913
1233
3643
4262
3052
1159
358
1378
3869
6593
8714
10347
11763
13273
14432
14408
12865
10223
7423
5358
4322
4212
4462
4920
5339
5598
5538
4948
3624
1654
-527
-2757
-4536
-5716
-5869
-5024
-3637
-2171
-1301
-1039
-1023
-1120
-1274
-1995
-3382
-4906
-6100
-5982
-4792
-3049
-1612
-1018
-972
-1427
-1685
-1806
-1913
-2334
-3196
-3985
-4344
-3803
-2523
-1132
-297
-563
-1735
-3080
-4213
-4698
-4918
-4968
-4807
-4732
-4472
-3888
-2991
-1891
-486
108
-936
-2647
-3572
-3117
-2040
-1027
-1276
-2456
-2744
-1610
55
560
-616
-2391
-3879
-4141
-3047
-1845
-901
-496
-587
-745
-312
508
835
835
-302
-1982
-2855
-2467
-934
712
1294
606
-242
-244
685
1760
2064
1059
-223
-387
356
1492
1928
1667
1463
1748
2381
3240
3787
3723
3647
3679
3994
4013
2976
614
-3102
-7332
-10879
-12485
-11964
-10164
-8356
-6971
-5480
-3481
-854
1536
2654
2155
600
-468
-75
1914
4688
7362
9535
11250
12848
14076
14577
13810
11840
9440
6960
4972
3687
3243
3455
3992
4650
4731
4215
3151
1765
98
-1741
-3694
-5758
-7324
-7721
-6878
-5088
-3128
-1532
-520
-154
-12
-411
-1108
-2284
-3544
-4433
-4784
-4277
-3430
-2119
-944
-184
-167
-948
-2042
-3049
-3504
-3668
-3766
-3926
-3655
-2832
-1544
-270
131
-606
-2200
-3837
-4624
-4614
-4394
-4092
-3785
-3159
-1873
-508
594
903
280
-969
-1915
-2263
-2141
-1938
-1546
-897
-734
-1179
-1615
-1857
-1416
-695
-750
-1564
-2889
-3799
-3603
-2272
-876
-151
-521
-810
-365
572
1158
540
-785
-2091
-2366
-1893
-645
970
2069
2310
2069
943
224
351
1248
1884
1516
847
61
154
916
2110
2589
2527
2282
2446
3439
4382
4483
2588
-1436
-6606
-11537
-14375
-14736
-13328
-11415
-9896
-8066
-5397
-1567
2211
4235
3963
1629
-573
-1214
292
3218
6192
8812
11008
13322
15505
16827
16717
14818
12007
8885
6015
3917
2488
2076
2193
2785
3396
3415
3062
2087
772
-1126
-3708
-6592
-9071
-10078
-9448
-7385
-4868
-2809
-1093
515
2072
3154
2927
1673
-394
-2534
-3692
-3757
-2849
-1555
-344
478
853
661
-285
-1882
-3873
-5792
-7204
-8001
-7639
-6337
-4156
-1801
-109
834
552
-392
-1771
-3028
-4139
-5027
-5195
-4818
-3770
-2342
-857
390
1155
1579
1425
558
-902
-2821
-4031
-3655
-1918
340
1750
1618
344
-1110
-1882
-2134
-2406
-3000
-3662
-4226
-3953
-2508
-1144
-133
377
603
313
-205
-806
-1535
-1747
-1781
-1445
-988
-395
471
1396
2732
3616
3917
3676
2493
1151
225
287
716
1322
1689
1827
2005
2301
3087
3907
4551
4241
2360
-1548
-7013
-12618
-16484
-17334
-15756
-13230
-11083
-8854
-5599
-931
4118
7172
7238
4573
1503
156
1062
3797
6759
9367
11661
14106
16632
18180
18235
16410
13397
9903
6264
3136
568
-763
-974
-362
427
445
144
-368
-768
-1527
-3369
-6268
-9673
-11792
-11699
-9688
-6538
-3701
-1098
1566
4385
6944
7982
7173
4729
1804
-608
-2101
-2585
-2362
-1507
-503
143
226
-544
-1850
-3513
-5634
-8014
-10227
-11395
-10840
-8619
-5690
-3124
-1449
-614
65
714
856
50
-1625
-3362
-4245
-3816
-2347
-532
971
1972
2447
2538
2216
1599
672
-375
-1515
-2287
-2628
-2545
-1768
-585
430
500
-185
-1657
-2856
-3623
-4029
-4241
-4143
-3488
-2272
-507
1078
2280
2648
2417
1824
987
-126
-1053
-1375
-1272
-442
782
1739
2428
2865
3344
3553
3052
1973
349
-511
-475
335
1323
1781
2009
2369
3160
4317
5084
4370
978
-4949
-11934
-17589
-19792
-18769
-16182
-13719
-11496
-7845
-2064
4732
9654
10622
7983
3912
1533
1699
3940
6573
8654
10665
13090
16257
18861
19808
18571
15463
11559
7168
2995
-694
-3434
-4703
-5145
-5050
-5007
-4691
-3691
-2269
-1247
-1947
-4503
-8181
-11113
-11808
-10388
-7662
-4595
-1291
2736
7425
11793
14434
14527
12441
9086
5569
2326
-206
-1811
-2470
-2132
-1612
-1306
-1649
-2589
-3888
-5723
-7995
-10789
-13282
-14400
-13509
-10886
-7771
-4971
-2682
-379
2112
4146
5049
4315
2459
564
-747
-1064
-632
254
1328
2368
3134
3182
2325
953
-583
-1971
-3259
-4654
-5612
-5610
-4370
-2514
-973
-713
-1552
-2517
-2953
-3011
-3476
-4327
-5142
-4974
-3675
-1613
585
2329
3394
3910
4100
3632
2257
525
-948
-1666
-1486
-500
777
1939
2728
2942
2799
2178
1171
181
-576
-833
-444
373
1470
2709
3834
4121
2326
-2469
-9612
-16676
-21021
-21492
-19531
-17111
-14778
-10953
-4138
4451
11725
14743
13335
10097
7952
8184
9571
10397
10077
9784
11320
14746
18492
20563
20026
17592
14292
10629
6273
1006
-4471
-8997
-11783
-12984
-12943
-11792
-9340
-5770
-2281
-176
-290
-1983
-3825
-4827
-4838
-4346
-3558
-1747
1954
7283
12586
16202
17163
15897
13592
10709
7184
2946
-1466
-5224
-7498
-8459
-8744
-8966
-9089
-8948
-8777
-8989
-10024
-11837
-13634
-14528
-13986
-12230
-9658
-6272
-2219
2398
6531
9275
10225
9303
7420
5220
2933
843
-736
-1546
-1334
-647
-5
209
-130
-603
-1184
-2142
-3734
-5747
-7451
-7974
-7390
-6130
-4909
-3853
-2522
-835
677
1331
986
7
-561
-496
100
965
1718
2491
3359
4291
4819
4700
4073
3270
2513
1615
638
-144
-609
-578
-263
-93
-236
-464
-476
-146
424
1005
1628
2353
2765
1735
-1867
-8596
-16416
-22197
-23866
-21641
-18350
-15430
-12118
-6425
2184
10851
16304
16949
14673
12927
13166
14543
14345
11896
9141
8890
12354
17297
20466
19908
16762
13350
10673
7765
2820
-4312
-11747
-17017
-18939
-18201
-15949
-12843
-8547
-3232
1997
5765
7379
7226
6381
5391
4485
3836
3820
5177
7828
11033
13428
14408
14136
13076
11391
8129
3009
-3415
-9592
-13886
-16189
-17123
-17409
-16797
-14727
-11347
-7910
-5693
-5334
-6245
-6983
-6645
-5678
-4617
-3404
-1539
1773
6057
9918
11692
11205
9232
6837
4481
1803
-1365
-4530
-6742
-7380
-6618
-5090
-3265
-1492
-209
416
-38
-1228
-2465
-3228
-3621
-4056
-4405
-4418
-3334
-1135
1248
2848
3301
3061
2667
2475
2165
1370
452
-108
123
942
1693
1912
1823
1779
1777
1543
815
-226
-1014
-1164
-696
-123
173
243
332
603
1198
2002
2883
3673
3208
170
-6181
-14787
-22218
-25408
-23847
-20108
-17129
-14764
-10540
-2506
7850
16652
20978
20942
19237
17792
16707
14877
11752
8523
6731
6853
8014
9035
9635
10467
11583
11513
8121
820
-8467
-16164
-20089
-20963
-20980
-20787
-18743
-12690
-3060
7156
14818
18887
20349
20543
19735
17335
13520
9064
5183
2560
1142
756
1279
2479
3523
3434
1306
-2611
-7073
-10946
-13765
-16123
-18392
-19881
-19139
-15315
-9426
-3257
1621
5047
7811
9874
10802
9779
6878
3067
-634
-3523
-5514
-6300
-5730
-3945
-1717
-209
150
-420
-1342
-2168
-2987
-3761
-4626
-4925
-3917
-1730
1107
3393
4608
4489
3513
1826
-543
-3326
-5977
-7492
-7730
-6682
-4761
-2248
781
3830
6314
7564
7297
5937
3978
1826
-480
-2650
-4371
-5381
-5402
-4572
-3123
-1602
-317
838
1574
2147
2489
2579
2680
2633
2442
2153
1916
2034
2462
3146
3798
3135
-324
-7141
-16173
-23646
-26212
-24244
-20808
-18885
-17484
-12804
-2826
9901
19933
24026
23129
21189
20712
20977
19619
14951
8251
2494
-61
650
2776
4345
4488
3643
2235
175
-2571
-6034
-9794
-13583
-17030
-18988
-17780
-12674
-4941
2876
8978
13492
17768
21998
24543
23617
18806
12120
6068
1857
-1028
-3824
-7007
-9679
-10299
-8722
-6216
-4802
-5444
-7461
-9569
-11118
-12348
-13562
-14420
-13665
-10625
-5631
687
7326
13062
16575
16937
14437
10487
6144
1565
-3861
-9966
-15028
-17176
-15337
-11071
-6592
-3584
-2004
-222
2096
4151
4409
2415
-690
-2716
-2505
-806
1146
1872
1324
435
-181
-573
-1122
-2390
-4493
-6649
-7742
-6784
-3799
-15
3151
5123
6396
7516
8611
8587
6408
2175
-2706
-6284
-7657
-7367
-6681
-6024
-4881
-2681
611
3906
5922
6420
5860
5062
4463
4023
3437
2686
1768
1127
1264
2089
2450
-9
-6370
-15498
-23557
-26345
-24424
-21165
-19723
-19162
-14941
-4862
8494
19370
24523
24920
24079
24323
24340
22007
16257
8626
2048
-1651
-2430
-1779
-1067
-868
-1101
-1484
-2036
-2767
-3916
-6111
-9599
-13633
-16205
-15110
-10219
-3546
2462
7163
11837
17306
22614
25265
23796
18893
12821
7542
3059
-1476
-6670
-11617
-14714
-15024
-12988
-10188
-7934
-6637
-5712
-4763
-3963
-3693
-4060
-4730
-5197
-4607
-2431
1384
6091
10035
11872
11616
10314
8530
6056
1813
-4633
-11462
-16487
-18184
-16817
-14181
-11244
-7985
-3824
1237
6163
9335
9934
8250
5465
2961
1182
-80
-1233
-2512
-3673
-4152
-3642
-2428
-1353
-1338
-2441
-3689
-4008
-2878
-1175
193
1048
2149
4125
6481
8104
7809
5492
2258
-763
-3119
-4966
-6631
-7883
-8021
-6559
-3630
45
3392
5711
6902
7088
6755
6243
5455
4341
2931
1559
717
670
1413
2419
2397
-704
-7334
-16108
-23407
-25798
-24453
-22349
-21516
-20472
-15306
-4840
7992
18397
24126
26050
26460
26527
25149
21482
15577
8718
2590
-2150
-5277
-6674
-6299
-4706
-3103
-2447
-2875
-3470
-3630
-4176
-6123
-9566
-12670
-12883
-9541
-3956
1902
7436
12792
18185
22793
25055
24412
21074
15933
9756
3007
-3735
-9662
-14027
-16695
-17655
-16961
-14810
-11225
-7012
-3274
-770
438
1073
1604
1882
1496
624
257
1157
3275
5658
7319
7978
7547
5657
2223
-2385
-7343
-11383
-14169
-15810
-15738
-13716
-9373
-3195
2739
7087
9685
10806
10796
9692
6615
2022
-2476
-5866
-7385
-7494
-7021
-6080
-4416
-2294
-258
1248
1818
1745
1304
591
-62
-78
735
2156
3378
3803
3493
3060
2628
1562
-549
-3617
-6475
-7868
-7482
-5855
-3798
-1642
850
3744
6406
8069
8534
7756
6321
4762
3169
1793
733
130
293
1294
2136
560
-4849
-13221
-21370
-25102
-24469
-22538
-21702
-21483
-17987
-9049
3451
14957
22265
25432
26364
26872
26431
23864
18814
11790
4509
-1659
-5852
-7637
-7427
-6233
-5363
-5117
-4745
-3336
-1173
-330
-2312
-6549
-10408
-11063
-8355
-4138
-81
3774
8607
14592
20586
24496
25156
22773
18274
12679
6465
8
-6386
-12128
-16656
-19320
-19502
-17250
-13338
-9039
-5403
-2417
397
3294
5540
6017
4661
2537
1212
1272
2119
2583
2228
1554
1010
1014
631
-894
-3561
-7008
-9930
-11288
-10714
-8599
-5840
-3205
-656
2336
5611
8475
9585
7873
4199
229
-2723
-4434
-5750
-7255
-8464
-8222
-6096
-2548
1036
3340
4272
4267
3891
3612
3220
2374
935
-504
-1302
-1084
-121
569
288
-795
-1965
-2593
-2543
-2433
-2766
-3111
-2756
-1211
1240
3648
5339
6096
6199
6043
5635
4875
3712
2297
1006
210
214
1133
2516
2885
-148
-7082
-15893
-22631
-24371
-23051
-21851
-22089
-21381
-15935
-5407
6973
16807
22448
25051
26386
27114
26123
22674
16816
9453
2219
-3783
-7455
-8555
-7946
-6887
-6362
-5745
-3998
-916
1823
1865
-1141
-5457
-8215
-8104
-6210
-3941
-1726
1673
6910
13395
19363
22983
23666
21564
17549
12449
6720
583
-5786
-12021
-17210
-20089
-19903
-17184
-13184
-9240
-5606
-1803
2295
5904
7711
7323
5408
3240
1720
577
-526
-1802
-2978
-3315
-2796
-1810
-1037
-1220
-2354
-3740
-4673
-4628
-3631
-2638
-2067
-1552
-605
1389
3796
5106
4575
2515
-33
-1997
-3374
-4746
-6371
-7774
-8080
-6584
-3692
-413
2399
4209
5225
5799
6043
5702
4428
2267
-309
-2484
-3566
-3645
-3253
-2929
-2784
-2392
-1461
-181
819
1036
534
36
60
648
1597
2457
2956
3102
3164
3220
3359
3239
2768
2073
1537
1626
2464
3734
4220
2015
-3853
-12036
-19469
-23210
-23533
-22931
-22922
-22442
-18542
-10048
1066
11412
18683
23006
25453
26803
26615
24244
19619
13122
5987
-558
-5245
-7396
-7626
-6985
-6316
-5391
-3373
-291
2639
3564
1818
-1581
-4792
-6559
-7032
-6760
-5921
-3888
-107
5236
11206
16419
19746
20604
19271
16391
12374
7555
1785
-4859
-11226
-15904
-17823
-17194
-15039
-12285
-9020
-4910
-179
4130
6643
6921
5528
3460
1461
-337
-2028
-3643
-4870
-5272
-4555
-2814
-791
581
825
91
-701
-928
-860
-1119
-2085
-3145
-3300
-1967
206
1953
2488
1902
1023
274
-463
-1625
-3533
-5715
-7328
-7608
-6259
-3771
-1019
1246
2997
4527
5950
6882
6607
4840
2048
-680
-2600
-3590
-4160
-4704
-4934
-4392
-2900
-845
1074
2222
2535
2301
1945
1745
1559
1189
629
52
-51
439
1274
2033
2364
2381
2334
2696
3580
4769
5387
4161
130
-6540
-13756
-19385
-22125
-22987
-23517
-23554
-21709
-16121
-7186
2946
11856
18249
22511
25162
26411
25881
23162
18382
12001
5292
-466
-4260
-5833
-6036
-5528
-4634
-3002
-329
2673
4799
4930
3092
135
-2910
-5301
-7092
-8193
-8386
-7256
-4422
-60
5312
10530
14572
16803
17138
15991
13534
9887
5017
-653
-6103
-10326
-12704
-13361
-12675
-10974
-8290
-4704
-882
2479
4562
5084
4406
2916
975
-1272
-3497
-5529
-6804
-7012
-6091
-4131
-1933
49
1476
2387
3014
3208
2756
1529
-236
-1908
-2943
-3225
-2976
-2610
-2309
-1954
-1468
-876
-498
-728
-1582
-2873
-4124
-4765
-4656
-3914
-2865
-1703
-307
1265
2797
3973
4433
4034
3060
1796
408
-876
-2110
-3146
-3776
-3782
-3033
-1778
-371
870
1701
2265
2608
2724
2622
2096
1284
426
-180
-460
-455
-172
195
845
1882
3226
4770
5738
5411
3176
-1264
-7119
-13278
-18398
-21679
-23366
-23616
-22480
-19235
-13355
-5327
3619
11633
17837
22003
24418
25120
23860
20740
15883
10104
4326
-392
-3358
-4596
-4261
-2922
-854
1816
4649
7103
8351
7968
6017
2915
-616
-4183
-7327
-9708
-10862
-10474
-8495
-4987
-547
4211
8473
11727
13682
14165
13262
10930
7403
3058
-1398
-5192
-7960
-9447
-9688
-8699
-6596
-3727
-638
2037
3862
4544
4140
2774
613
-1975
-4725
-7111
-8589
-8980
-8142
-6393
-4125
-1671
703
2798
4352
5051
4703
3384
1395
-684
-2538
-4036
-4981
-5406
-5170
-4320
-3001
-1472
-102
780
981
619
-136
-1070
-2110
-3154
-4089
-4602
-4526
-3838
-2614
-1092
430
1818
2858
3488
3501
2839
1635
100
-1276
-2353
-3007
-3253
-3238
-2904
-2176
-1078
189
1367
2299
2804
2846
2553
2016
1335
563
-175
-748
-986
-642
237
1570
2659
2985
2349
949
-764
-3089
-5756
-8806
-11602
-13308
-13788
-12782
-10787
-7683
-3762
636
5097
8945
12039
14002
14766
14315
12805
10648
8091
5588
3290
1487
629
794
1781
3220
4846
6308
7546
8419
8689
8221
6832
4752
2323
-184
-2408
-4051
-4953
-5099
-4592
-3467
-1968
-256
1401
2794
3785
4256
4183
3534
2338
795
-802
-2282
-3373
-4077
-4237
-3916
-3068
-1825
-510
667
1395
1619
1230
410
-711
-2033
-3447
-4785
-5931
-6686
-6883
-6461
-5461
-4154
-2732
-1390
-408
167
433
450
98
-607
-1627
-2770
-3737
-4364
-4527
-4334
-3811
-3101
-2209
-1173
-96
746
1099
1084
806
406
4
-516
-1054
-1541
-1864
-1903
-1585
-946
-163
609
1246
1725
2123
2435
2546
2328
1764
1033
320
-257
-607
-672
-501
-115
346
937
1598
2323
2823
3047
2933
2592
2096
1518
966
301
-298
-744
-898
-812
-472
1
574
1172
1705
2122
2361
2362
2149
1800
1367
871
281
-348
-944
-1374
-1535
-1382
-966
-533
-141
167
429
543
462
206
-276
-805
-1302
-1614
-1674
-1455
-1015
-494
116
760
1404
2035
2514
2748
2657
2315
1863
1293
695
123
-354
-614
-525
-267
54
353
612
757
917
996
901
674
258
-173
-507
-729
-859
-922
-1000
-994
-845
-576
-276
-64
30
136
183
264
256
201
124
-19
-101
-178
-221
-281
-324
-348
-388
-424
-506
-659
-868
-1097
-1298
-1409
-1437
-1412
-1338
-1209
-1024
-825
-691
-599
-434
-266
-65
179
330
382
285
113
-65
-185
-355
-488
-678
-805
-843
-814
-707
-568
-450
-388
-330
-326
-273
-182
-107
-72
-25
58
254
538
812
1014
1083
1011
877
712
528
291
6
-277
-602
-897
-1047
-987
-756
-373
168
668
1084
1356
1525
1647
1617
1461
1135
713
274
-45
-213
-253
-166
-79
54
103
193
231
186
41
-198
-457
-682
-756
-824
-890
-881
-697
-309
157
594
902
1135
1220
1232
1175
980
600
158
-153
-382
-519
-536
-557
-454
-322
-177
15
161
279
401
450
480
400
199
-28
-381
-665
-817
-698
-480
-205
85
343
600
823
977
1013
1016
988
909
690
365
122
-18
-126
-281
-430
-612
-690
-584
-452
-362
-374
-473
-623
-731
-829
-879
-929
-911
-808
-679
-479
-183
166
427
607
628
606
569
545
481
418
295
56
-267
-474
-678
-851
-833
-773
-640
-519
-402
-371
-336
-215
-56
149
396
601
794
818
703
603
428
315
187
87
-25
-241
-461
-625
-746
-692
-639
-448
-180
75
392
646
857
968
991
927
790
537
276
34
-93
-172
-222
-192
-135
-30
119
221
255
215
48
-167
-361
-511
-659
-823
-869
-723
-428
-75
267
494
683
849
1022
1029
845
539
60
-438
-779
-973
-1026
-1009
-882
-693
-418
-85
131
299
324
319
220
52
-240
-552
-852
-1066
-1113
-1020
-791
-512
-304
-116
167
372
584
770
826
829
758
603
498
469
453
416
334
287
217
190
235
289
287
186
25
-132
-205
-275
-340
-401
-401
-313
-167
-22
80
184
295
366
402
407
414
500
608
632
539
322
42
-140
-251
-322
-439
-607
-784
-926
-843
-651
-448
-215
-40
201
465
744
929
984
906
682
412
172
-45
-216
-394
-653
-907
-957
-845
-467
-16
380
570
594
589
543
551
548
450
244
141
39
-27
-36
-95
-137
-146
-120
-61
-22
-51
-34
-80
-103
-83
-82
-194
-384
-558
-661
-628
-439
-139
133
300
455
587
682
690
565
304
-90
-371
-514
-606
-651
-660
-697
-663
-506
-322
-104
39
128
175
108
104
80
-36
-203
-446
-706
-811
-758
-600
-320
-163
-92
18
82
172
326
400
534
580
566
483
337
208
128
45
-68
-159
-188
-147
-110
-63
-106
-46
-44
-56
-122
-255
-293
-264
-180
-117
-148
-171
-147
-45
138
273
417
452
443
446
490
475
377
282
208
63
-4
-21
-152
-297
-394
-397
-363
-220
-38
155
381
568
741
896
935
827
671
464
283
170
44
-105
-261
-434
-492
-440
-256
19
312
520
659
731
762
800
767
657
383
120
-14
-37
-16
-17
-25
-96
-183
-238
-318
-354
-332
-344
-318
-320
-386
-444
-418
-464
-498
-499
-529
-522
-470
-285
-131
7
104
150
99
43
-65
-207
-342
-481
-622
-713
-721
-697
-706
-701
-597
-452
-234
-60
30
12
-21
-6
-54
-153
-223
-304
-330
-360
-231
-29
152
328
464
537
518
492
483
441
296
219
109
54
74
55
32
-65
-59
17
13
-37
-42
20
30
87
155
224
266
338
390
443
466
399
307
222
180
234
377
474
456
264
174
128
81
137
137
-32
-199
-291
-305
-259
-206
-211
-256
-259
-214
-56
175
274
347
440
526
545
522
378
78
-236
-451
-618
-661
-670
-727
-713
-610
-433
-209
5
226
458
661
832
887
827
690
404
109
-74
-160
-189
-157
-128
-150
-138
-11
83
16
-69
-255
-365
-395
-320
-296
-370
-440
-506
-377
-139
15
25
-4
-5
111
245
367
420
397
304
193
131
59
-91
-265
-424
-532
-497
-407
-201
-35
67
185
275
328
396
325
142
-117
-394
-515
-477
-239
-60
36
135
139
160
196
343
511
623
558
259
-67
-290
-463
-522
-495
-415
-412
-370
-220
-117
58
52
-42
-148
-220
-221
-230
-136
11
185
409
590
765
868
770
555
279
18
-192
-310
-376
-459
-474
-464
-473
-533
-537
-465
-323
-171
-162
-274
-393
-282
-28
220
387
468
466
513
622
774
822
733
492
276
4
-216
-367
-470
-506
-430
-366
-251
-187
-151
-215
-292
-216
-75
252
471
531
530
454
278
136
33
103
213
315
377
352
199
47
-161
-317
-407
-554
-655
-678
-604
-479
-360
-286
-271
-274
-238
-220
-156
-6
161
220
326
326
305
295
216
183
196
222
290
286
191
100
-38
-155
-207
-300
-427
-410
-243
17
195
148
-48
-239
-290
-245
-85
73
143
208
262
419
589
754
781
746
757
731
710
590
490
298
116
-55
-192
-252
-357
-357
-244
-100
67
161
144
54
34
84
97
257
357
357
358
360
307
228
78
-111
-257
-372
-397
-493
-543
-501
-454
-470
-543
-533
-503
-452
-449
-425
-440
-388
-264
-123
140
260
283
245
151
72
-2
-65
-32
-14
-5
4
-142
-300
-442
-558
-561
-540
-427
-340
-298
-284
-310
-317
-328
-410
-502
-472
-407
-274
-112
19
98
157
243
327
347
311
225
24
-145
-266
-228
-112
40
174
174
144
197
340
409
348
262
212
208
263
337
315
254
317
371
489
575
620
659
540
411
355
334
255
104
-24
-57
-11
64
28
-36
-157
-258
-294
-341
-320
-255
-177
-98
18
125
202
275
296
275
345
362
326
280
187
118
111
42
-122
-177
-170
-187
-258
-389
-495
-562
-499
-345
-161
-73
-45
101
159
259
413
468
403
318
247
201
143
54
-60
-214
-310
-396
-454
-447
-538
-594
-671
-651
-485
-303
-162
-209
-157
-127
-4
20
32
-32
-71
-15
20
184
338
450
473
455
429
233
37
-42
-66
-83
-69
-91
-84
-29
21
27
114
227
304
266
157
118
-68
-60
17
53
153
129
123
183
188
151
120
62
-72
-157
-203
-181
-95
-11
67
80
107
101
40
-22
-79
-171
-188
-138
-35
46
87
80
-23
-41
-4
31
66
25
-63
-137
-162
-94
-49
-139
-203
-234
-199
-114
-109
-152
-237
-320
-264
-182
-67
-16
-107
-182
-250
-226
-202
-176
-152
-185
-105
-31
-20
60
95
86
10
-106
-224
-311
-244
-180
-108
27
96
240
355
426
455
448
425
414
286
177
-11
-78
39
218
466
578
589
469
315
277
237
118
-6
-133
-228
-199
-30
155
373
400
396
330
207
80
-82
-164
-264
-299
-307
-269
-166
-26
122
232
292
289
227
184
73
4
-108
-262
-473
-591
-586
-501
-198
50
254
333
325
195
45
-44
-95
-108
-65
-27
-25
7
-12
30
13
-120
-282
-453
-501
-538
-411
-212
-132
-165
-248
-348
-447
-471
-363
-228
-74
222
353
506
523
352
190
49
-62
-70
13
128
193
186
283
326
353
275
45
-193
-415
-425
-315
-261
-157
-169
-97
-19
63
116
91
70
36
68
101
87
26
3
56
79
46
50
39
42
-65
-89
-186
-233
-219
-126
-124
-173
-109
-73
-33
-20
-6
20
57
36
-40
-45
83
170
333
432
433
452
365
292
102
-182
-356
-378
-253
-11
241
339
350
293
138
3
-52
-61
-112
-225
-148
10
109
206
250
191
105
74
104
210
271
368
370
375
373
256
165
120
103
38
-95
-175
-223
-235
-204
-225
-292
-367
-419
-447
-410
-394
-413
-318
-212
-102
-11
-106
-156
-102
-107
7
93
78
10
-9
-48
-111
-210
-350
-369
-308
-157
-28
103
239
292
326
325
194
70
46
127
251
416
483
505
377
217
128
24
9
-38
-1
6
-5
-12
-33
-62
-72
-93
-124
-127
-30
40
103
243
180
121
36
-118
-235
-194
-170
-210
-220
-180
-243
-248
-272
-260
-255
-353
-309
-228
-109
76
197
192
36
-157
-280
-295
-154
-38
51
0
-139
-268
-267
-213
-158
-52
-52
-69
-196
-184
-109
24
148
237
234
153
165
241
338
380
432
425
474
535
537
405
258
109
-25
-100
-270
-338
-269
-117
173
446
503
434
162
-157
-334
-380
-270
-78
58
140
200
175
116
147
153
205
149
55
-7
-35
129
348
447
372
254
89
34
7
80
48
46
50
-12
-64
-124
-157
-126
-88
-103
-31
25
37
18
18
-50
-26
-73
-225
-274
-332
-321
-258
-174
-173
-185
-195
-195
-257
-304
-344
-447
-454
-427
-395
-301
-211
-201
-317
-369
-296
-185
-23
103
130
11
-130
-292
-390
-394
-343
-207
-67
1
35
39
21
-34
-106
-182
-140
-71
50
115
109
180
347
493
588
558
426
314
128
34
68
164
192
225
239
220
190
209
266
322
416
423
356
269
159
52
21
80
227
313
316
262
268
306
342
391
388
340
293
322
404
413
342
220
52
-34
-86
-72
-13
-95
-177
-152
-180
-262
-334
-307
-276
-265
-292
-359
-499
-579
-538
-425
-284
-160
-62
-49
-27
-14
-54
-173
-257
-344
-324
-208
-112
-75
-31
-87
-221
-356
-377
-336
-254
-193
-216
-185
-236
-259
-324
-318
-192
-47
46
-8
-138
-280
-238
-195
-68
-32
-4
-99
-186
-20
116
310
390
404
322
224
104
89
124
137
363
510
571
590
538
444
330
350
207
155
76
-22
-109
-110
-80
-29
134
109
76
-12
-62
-58
24
186
280
325
270
107
-75
-94
82
151
203
185
62
36
-22
-27
-2
12
-41
-59
-41
-189
-226
-211
-190
-107
-29
-50
-99
-134
-187
-133
8
219
222
159
61
-79
-71
-107
-38
-5
-30
-94
-111
-7
179
333
205
-44
-385
-519
-448
-340
-263
-275
-389
-388
-353
-286
-58
279
638
758
667
415
99
-32
-76
-58
87
193
272
197
8
-119
-94
-29
38
-8
0
-44
-156
-288
-420
-410
-441
-452
-557
-770
-798
-786
-695
-643
-597
-820
-998
-1644
-2846
-2940
-1045
2235
5188
6830
6182
3262
-1014
-4931
-6455
-4694
-492
4369
7794
8175
5309
725
-3544
-5744
-5121
-2381
975
3428
3810
1885
-1215
-3850
-4774
-3533
-692
2046
3582
3464
1952
-544
-2914
-3596
-2414
-257
1649
2600
2046
327
-1720
-2881
-2500
-1104
487
1500
1653
875
-486
-1558
-1969
-1629
-626
666
1615
1932
1505
601
-507
-1157
-993
-32
1210
2132
2238
1558
490
-758
-1673
-1849
-1449
-809
-124
160
289
342
190
-115
-321
-451
-344
2
409
759
924
780
417
49
78
212
378
610
933
1621
1851
1112
-396
-2091
-3875
-4895
-4343
-2658
-529
1267
2537
3127
2968
2508
2080
1898
1665
1236
616
-106
-747
-1133
-1145
-923
-752
-751
-886
-939
-1076
-1139
-1184
-1178
-1340
-2223
-3715
-4839
-4219
-1964
1085
3659
4853
4278
2615
1150
699
1365
2428
3357
3919
3797
2914
1685
290
-629
-777
-515
-54
155
-247
-1501
-2959
-3837
-3781
-2839
-1519
-303
137
-133
-754
-1451
-1847
-1354
-291
790
1377
1229
666
190
189
292
680
946
1001
918
556
-7
-363
-417
-275
-129
-38
-46
-368
-672
-910
-1152
-1255
-1132
-772
-333
-118
66
124
-207
-427
-431
-205
-100
14
178
243
142
21
440
833
1047
946
767
450
253
399
812
1196
1293
1225
830
329
-368
-681
-388
304
758
990
801
404
140
-143
-259
-304
-28
385
591
395
32
-409
-589
-574
-262
364
634
535
309
167
-13
-81
-108
44
204
236
342
378
282
216
113
-188
-376
-407
-388
-364
-707
-1342
-1783
-1869
-1570
-1137
-694
-376
-298
-477
-708
-745
-628
-249
167
467
449
221
-3
-132
-188
-59
240
388
233
-100
-307
-367
-471
-500
-542
-650
-688
-594
-298
-54
15
-134
-410
-698
-734
-655
-337
229
601
571
425
506
572
385
392
607
782
933
1052
1112
1170
1074
741
625
658
885
964
860
736
433
110
184
529
936
1190
1110
885
508
161
-95
-136
-72
-2
244
534
727
641
531
482
108
-364
-567
-337
-122
89
367
437
395
189
35
-61
-96
-195
-442
-649
-850
-747
-516
-316
-433
-696
-799
-878
-981
-1130
-1242
-1137
-952
-1015
-1282
-1274
-934
-732
-708
-732
-673
-610
-439
-184
-152
-300
-160
120
452
642
368
-68
-440
-643
-668
-288
326
830
920
519
-143
-695
-638
-97
411
792
843
238
-417
-674
-351
383
1214
1797
1696
786
-321
-823
-739
-259
295
716
778
486
110
-141
-279
-360
-403
-184
163
396
393
27
-282
-674
-824
-592
-113
355
639
615
252
-16
115
815
1677
2198
2116
1387
651
324
538
1190
1806
2052
2079
1992
1793
1579
1450
1384
1042
306
-1105
-3379
-6323
-9092
-10481
-10286
-9174
-8379
-8550
-9382
-10435
-10998
-10575
-8638
-5547
-2410
-83
1047
1438
1838
2910
4752
7217
9607
11254
11993
11966
11736
11662
11689
11513
11017
10482
10001
9742
9421
8594
7206
5421
3775
2548
2053
2084
2119
1362
-344
-2587
-4457
-5258
-4912
-3841
-2801
-2320
-2652
-3461
-4070
-3943
-3023
-1678
-330
469
700
551
254
27
-163
-241
-288
-482
-748
-1150
-1818
-2650
-3529
-4276
-4602
-4462
-4149
-4080
-4416
-5009
-5615
-5844
-5503
-4661
-3625
-2798
-2329
-2072
-1972
-1683
-1168
-582
188
1161
2319
3577
4717
3820
-1307
-10832
-20222
-22247
-14595
-2756
4953
4655
-2342
-12577
-21569
-24055
-16301
-1437
11693
15610
9813
138
-6675
-6488
540
11043
19788
22947
20035
13725
8484
7539
11147
15823
17609
15405
11712
9490
8981
8722
7324
4585
195
-5285
-9126
-8457
-3626
721
60
-6325
-14495
-19480
-18611
-12207
-3618
3076
4670
976
-5244
-9409
-7959
-1215
7083
12659
13779
11183
7070
3412
1956
3256
6107
8069
7384
5045
2863
1584
303
-1994
-5090
-7705
-8793
-8459
-7151
-5625
-5071
-6466
-9826
-13251
-14260
-11722
-7016
-2637
-490
-740
-2345
-3970
-4217
-2579
715
3931
5493
4921
3172
1926
1695
2098
2401
2455
2064
1007
-532
-2060
-3013
-3084
-2855
-2741
-2571
-2357
-1856
-1467
-1424
-1518
-1600
-1352
-620
677
2392
4400
5422
2853
-4972
-16301
-24494
-22926
-12069
469
7072
5340
-3059
-14320
-23189
-23413
-12712
3664
16259
18837
12416
2785
-3660
-3380
3333
12905
20533
23049
20062
14214
9430
8596
11206
13848
13476
10216
6984
5916
6584
6825
5163
1010
-5587
-12638
-16416
-13769
-6234
654
1658
-4089
-12640
-18607
-18166
-11154
-716
8403
12225
9647
3103
-2612
-3538
1009
8042
13571
15330
13289
9075
4533
1221
43
535
1003
223
-1428
-2500
-2660
-2882
-4533
-7798
-11201
-13286
-13092
-10649
-6806
-3245
-1923
-3840
-7689
-10707
-10391
-6477
-938
3565
5303
4238
1585
-960
-1790
-503
2138
4314
4615
3184
1224
-116
-892
-1636
-2444
-3107
-3367
-3120
-2731
-2476
-2796
-3874
-5409
-6369
-5723
-3566
-806
1356
2142
1894
1292
843
816
1201
2100
3490
5242
6657
6450
3040
-4472
-14518
-22759
-24112
-17200
-6247
2082
3256
-2784
-12714
-21369
-23606
-16892
-3562
9757
16908
15811
9263
2617
227
3456
10475
17821
22271
22527
19436
15334
12566
11970
12427
12127
10180
7370
5295
4648
4558
3443
221
-4947
-10691
-14826
-15221
-11576
-6242
-2624
-3047
-6833
-11144
-12777
-10164
-3972
3457
9150
11213
9588
6152
3533
3543
6338
10066
12710
12848
10526
6881
3120
270
-1427
-2160
-2598
-3580
-5187
-6883
-8080
-8791
-9428
-10338
-11384
-11959
-11402
-9657
-6915
-4077
-2386
-2431
-3864
-5102
-4682
-2099
1803
5221
6927
6337
4048
1570
59
209
1525
2931
3360
2464
572
-1605
-3327
-4179
-4288
-4112
-3809
-3690
-3747
-3962
-4413
-4886
-4990
-4409
-3374
-1883
-356
949
1807
2050
2111
2335
2700
3105
3461
3850
4450
5323
5803
4539
52
-7940
-17187
-23690
-23783
-17190
-7674
-572
370
-5194
-14130
-21344
-22112
-14740
-2085
10343
17296
16907
11419
5474
3224
6065
12342
18809
22655
22747
19851
15967
13021
11726
11272
10255
8052
5249
3013
2071
1934
1182
-1415
-5880
-10880
-14478
-14917
-11939
-6978
-2645
-1159
-2863
-6113
-8008
-6617
-1896
4416
9867
12536
11935
9134
6056
4694
5760
8332
10608
10882
8835
5240
1491
-1241
-2887
-3719
-4312
-5131
-6290
-7555
-8431
-8768
-8801
-9182
-10111
-11014
-10924
-9254
-6320
-3282
-1367
-1144
-2309
-3703
-3936
-2211
1022
4347
6095
5570
3349
810
-628
-527
533
1570
1827
829
-1110
-3241
-4711
-5138
-5013
-4755
-4679
-4716
-4620
-4315
-3946
-3658
-3554
-3521
-3354
-2643
-1068
1189
3290
4389
4201
3192
2264
2025
2477
3472
4635
5787
6648
6838
5697
2610
-2855
-10379
-18102
-23212
-22930
-16975
-8441
-2156
-1582
-6849
-14708
-20403
-20265
-13209
-1533
10229
17516
18158
13573
7764
4768
6467
11864
18021
22275
23068
20630
16483
12451
9772
8564
7994
7152
5741
3962
2342
1014
-579
-3000
-6296
-9657
-11828
-11943
-9993
-6898
-3954
-2353
-2691
-4246
-5535
-4932
-1653
3394
8399
11332
11345
8941
5748
3626
3554
5336
7855
9346
8551
5406
1041
-3012
-5482
-6277
-6084
-5632
-5436
-5559
-6113
-7006
-8279
-9528
-10368
-10408
-9204
-6856
-3885
-1408
-452
-1295
-3154
-4570
-4221
-2020
1206
4019
5362
4863
2850
488
-1124
-1335
-456
597
995
425
-798
-2359
-3727
-4689
-5222
-5226
-4704
-3935
-3191
-2650
-2544
-2735
-3095
-3336
-3117
-2106
-426
1513
3007
3692
3526
2919
2384
2184
2225
2524
3100
4014
5206
6384
6845
5529
1717
-4783
-12759
-19697
-22823
-20600
-14073
-6534
-2072
-3070
-8863
-15989
-20025
-17975
-9873
1301
11267
16549
16142
11779
7043
5141
7435
12664
18172
21653
21976
19607
15898
12230
9485
7958
7241
6722
6009
4902
3533
1918
-147
-2746
-5662
-8217
-9558
-9323
-7666
-5195
-2979
-1993
-2669
-4251
-5236
-4380
-1420
2692
6444
8528
8401
6497
4096
2620
2916
4738
6835
7963
7163
4558
940
-2404
-4509
-5201
-4852
-4127
-3635
-3794
-4599
-5957
-7566
-8838
-9414
-8996
-7563
-5515
-3565
-2351
-2128
-2798
-3740
-4237
-3694
-2029
309
2390
3427
3144
1818
117
-1254
-1715
-1193
-21
964
1080
145
-1499
-3257
-4604
-5247
-5041
-4201
-3184
-2391
-2089
-2351
-3128
-3787
-3967
-3451
-2295
-818
506
1410
1738
1590
1375
1294
1697
2469
3275
3859
4336
4771
5330
5929
5833
4058
-278
-6863
-13976
-18968
-20241
-17618
-12617
-7402
-4631
-5788
-10383
-15636
-17906
-14853
-7110
2298
9930
13378
12706
9664
6949
6335
8494
12708
17350
20628
21306
19339
15802
12394
10119
9111
8827
8758
8474
7853
6511
4383
1523
-1551
-4113
-5697
-6095
-5677
-4779
-3916
-3423
-3776
-4965
-6464
-7004
-5754
-2742
800
3412
4281
3485
1948
779
878
2227
4378
6233
6915
5961
3597
630
-1757
-2780
-2549
-1714
-1180
-1444
-2513
-4038
-5561
-6708
-7334
-7312
-6787
-5892
-5072
-4597
-4578
-4822
-5149
-5113
-4526
-3422
-1793
-195
882
1069
471
-510
-1141
-1037
-315
472
867
646
-202
-1317
-2250
-2875
-3118
-2961
-2586
-2204
-2066
-2287
-2874
-3556
-4039
-4089
-3769
-3135
-2342
-1431
-472
123
396
441
370
575
1204
2042
2775
3027
2806
2499
2396
2718
3394
4528
5885
6628
5343
1087
-5327
-11441
-14152
-12689
-8375
-4084
-1976
-2986
-6187
-9909
-12237
-11769
-8504
-3238
2153
6221
7561
6563
4817
4362
6017
9314
12688
14959
15890
15850
15335
14556
13505
12109
10844
10045
9998
10169
9908
8574
6424
3929
1612
-345
-1656
-2397
-2826
-3019
-3281
-3591
-4185
-5040
-5924
-6278
-5901
-4829
-3351
-2207
-1806
-2058
-2483
-2527
-1788
-380
1208
2393
2758
2257
1225
106
-722
-918
-611
-91
169
-216
-1190
-2581
-3785
-4434
-4485
-4233
-4155
-4156
-4111
-4004
-3857
-3787
-3905
-4099
-4305
-4285
-3939
-3200
-2284
-1578
-1293
-1568
-2084
-2570
-2682
-2204
-1302
-536
-189
-255
-719
-1410
-1903
-1936
-1491
-764
-189
-62
-456
-950
-1324
-1301
-1039
-749
-520
-430
-371
-174
258
582
895
1185
1290
1254
1338
1590
1878
2226
2432
2604
2681
2631
2411
2155
2151
2531
3117
3657
3947
3620
2935
1884
680
-387
-1112
-1043
-398
279
184
-1029
-2962
-4548
-4813
-3715
-1953
-636
-399
-1225
-2305
-2743
-2285
-1137
219
1476
2374
3036
3267
3175
3127
3291
3906
4899
6016
6614
6503
5967
5289
4872
4736
4581
4141
3404
2628
1947
1346
764
66
-639
-1238
-1387
-1280
-1307
-1513
-1995
-2412
-2565
-2337
-1992
-1713
-1720
-1843
-1787
-1392
-725
-113
199
146
-111
-381
-475
-469
-532
-709
-885
-1088
-1275
-1513
-1797
-2223
-2529
-2543
-2374
-2090
-2004
-2020
-2129
-2172
-2106
-2081
-2099
-2082
-2093
-1898
-1462
-1037
-829
-884
-1077
-1172
-1029
-619
-146
86
-9
-433
-836
-954
-828
-580
-388
-441
-590
-809
-852
-662
-291
146
414
436
272
30
-19
104
431
795
973
1015
900
845
970
1208
1449
1561
1461
1236
1160
1219
1323
1261
1083
834
573
318
154
197
396
616
694
697
562
456
351
387
483
541
585
602
509
394
274
361
617
953
1335
1559
1408
895
265
-197
-287
-43
161
105
-149
-491
-779
-1107
-1262
-1259
-1143
-913
-808
-758
-833
-919
-969
-895
-566
-187
229
531
764
941
1058
1094
1046
953
992
1141
1269
1337
1318
1212
1073
754
524
455
407
401
319
239
77
-80
-237
-396
-537
-562
-358
-60
147
190
-62
-423
-684
-656
-406
-24
212
258
43
-159
-288
-385
-350
-300
-313
-384
-515
-745
-920
-983
-821
-586
-480
-670
-817
-996
-1102
-1016
-992
-1106
-1179
-1189
-1079
-954
-854
-706
-516
-335
-292
-269
-292
-261
-147
73
312
499
574
448
333
280
265
289
294
463
479
354
84
-190
-402
-423
-257
-59
52
-2
-10
33
173
287
412
426
400
460
598
846
975
949
803
677
572
594
689
765
974
1046
932
601
144
-223
-336
-239
4
172
245
197
-35
-259
-452
-434
-396
-338
-404
-412
-340
-226
-86
-36
-131
-348
-389
-268
35
447
768
861
647
326
21
-237
-289
-165
51
290
360
162
-155
-398
-458
-500
-384
-281
-196
-143
-184
-237
-382
-499
-559
-453
-280
-88
146
321
493
457
285
121
106
140
117
62
-76
-153
-138
-60
-32
-10
-134
-280
-358
-333
-230
-250
-382
-633
-855
-953
-859
-430
-8
239
272
-34
-428
-670
-668
-392
-44
285
337
278
145
37
102
222
438
622
692
758
712
588
445
241
129
87
111
174
305
303
251
305
347
380
399
503
647
791
835
710
538
262
9
-72
55
307
548
570
484
337
189
106
8
12
50
133
207
212
98
-114
-462
-686
-771
-728
-537
-354
-270
-321
-529
-810
-992
-1076
-1019
-768
-429
-101
3
-152
-467
-734
-843
-828
-640
-506
-494
-488
-472
-366
-171
60
187
58
-120
-386
-470
-354
-180
-44
24
-27
-194
-285
-315
-309
-264
-262
-219
-98
143
409
639
805
808
668
451
401
418
642
893
1171
1352
1262
1059
923
846
869
964
1051
1100
943
721
393
198
329
552
627
459
146
-145
-248
-64
112
260
194
-18
-214
-330
-317
-219
-177
-233
-390
-483
-421
-276
-145
-167
-283
-487
-605
-629
-546
-367
-253
-333
-553
-833
-1014
-1002
-772
-452
-180
-58
-149
-380
-619
-712
-678
-474
-231
-38
7
-86
-137
-154
-113
-6
144
130
73
-17
-37
-20
-70
-245
-494
-645
-605
-411
-283
-193
-184
-213
-146
7
113
206
217
97
-42
-55
-17
140
337
455
475
376
138
-124
-295
-332
-265
-124
24
70
177
221
297
304
302
317
312
313
300
253
290
307
236
212
195
231
239
197
129
129
86
86
149
116
38
65
117
229
323
375
435
453
516
451
408
465
513
526
581
565
517
496
553
540
492
393
236
39
-163
-293
-439
-552
-568
-531
-507
-487
-535
-571
-620
-567
-442
-338
-275
-270
-234
-59
123
183
151
10
-24
-37
37
123
72
-129
-224
-260
-355
-292
-208
-94
-74
-223
-384
-467
-391
-199
-25
72
128
138
6
-8
-25
23
116
225
388
435
441
402
341
279
171
154
199
242
292
378
472
407
281
61
-45
-53
7
105
211
302
240
45
-144
-280
-420
-421
-268
-77
70
47
-87
-187
-225
-161
-8
67
146
250
266
162
-92
-383
-530
-550
-509
-266
-124
-67
-159
-431
-756
-1144
-1276
-1175
-870
-534
-309
-298
-421
-523
-623
-489
-234
-44
120
140
63
12
30
96
145
155
41
-86
-167
-93
131
477
765
839
696
526
230
-17
-75
11
192
342
388
231
173
157
164
207
256
371
402
396
326
283
254
252
304
349
464
584
777
853
832
770
620
462
165
-60
-184
-364
-438
-472
-410
-267
-36
128
144
-92
-340
-557
-742
-656
-508
-300
-84
-49
-81
-130
-218
-221
-200
-144
-210
-315
-479
-518
-258
76
354
477
387
38
-318
-526
-597
-572
-496
-460
-348
-154
-80
132
172
100
86
28
69
202
341
411
426
308
168
173
250
309
325
321
88
-265
-442
-475
-203
121
423
632
617
476
281
95
-20
-100
-64
29
125
133
91
5
-119
-145
-95
96
316
404
348
149
-45
-58
87
244
423
472
419
337
219
132
-36
-122
-252
-361
-358
-349
-385
-350
-342
-330
-388
-370
-368
-349
-213
-76
63
93
99
108
80
-45
-108
-91
-89
38
128
52
-6
-66
-118
-140
-83
50
127
253
241
123
35
-159
-178
-73
22
77
22
-88
-179
-184
-201
-194
-147
-156
-168
-100
-66
-35
30
-14
-45
-134
-149
-23
55
136
141
148
94
-32
-50
77
140
128
13
-166
-409
-559
-501
-333
-179
-75
-17
-52
-35
31
64
30
59
85
117
146
164
126
-68
-153
-66
-1
218
334
82
-173
-276
-188
-52
77
56
-65
-182
-186
-95
-76
-48
-81
-7
220
437
623
700
748
809
858
905
904
788
604
422
180
-15
-63
3
175
294
299
212
70
-69
-299
-449
-487
-511
-389
-230
-137
-74
-78
-132
-245
-270
-217
-121
-77
-221
-373
-358
-300
-252
-178
-108
-2
47
71
24
-35
-137
-355
-524
-521
-446
-326
-123
21
75
-60
-185
-215
-152
-150
-170
-210
-264
-252
-20
230
300
300
186
151
148
224
231
132
52
-7
62
167
225
116
-11
-95
-93
-5
158
319
314
221
67
-42
-33
-22
-15
14
-5
-119
-294
-379
-256
-113
28
130
162
181
83
23
17
-36
-9
74
62
48
-10
-125
-312
-376
-407
-350
-214
-8
314
471
421
229
-59
-220
-263
-167
18
190
311
409
479
552
578
594
618
639
693
625
399
185
122
108
32
-8
-32
8
102
185
149
38
-154
-346
-459
-519
-576
-599
-561
-516
-481
-447
-497
-567
-646
-750
-769
-703
-486
-318
-111
30
13
-59
-156
-262
-271
-211
-185
-93
-104
-40
-12
-31
-36
-89
-137
-133
-130
-69
-21
38
-28
-17
37
171
297
453
520
585
676
614
596
598
574
575
555
443
346
271
213
190
203
284
390
377
340
254
126
47
95
161
294
384
397
410
371
431
467
441
319
212
113
61
69
43
35
-109
-289
-384
-554
-643
-592
-538
-532
-410
-383
-325
-204
-227
-347
-431
-506
-539
-534
-594
-488
-388
-334
-410
-485
-512
-505
-512
-402
-248
-198
-209
-278
-232
-53
104
205
335
415
482
409
177
49
81
185
281
300
149
-67
-167
-177
-140
-80
-50
-58
-128
-108
-7
-3
1
12
209
394
455
418
256
141
-7
-80
-189
-289
-201
-115
71
273
421
449
377
244
128
70
112
143
236
208
88
-58
-122
-149
-129
-87
-9
56
113
217
267
450
439
355
116
-70
-139
-37
193
362
496
411
255
61
25
168
336
480
432
212
54
-99
-112
-57
8
19
63
129
145
107
-52
-236
-371
-293
-165
-76
-58
-63
-194
-295
-342
-351
-323
-307
-258
-295
-424
-546
-577
-495
-265
-96
-12
-40
-227
-472
-771
-907
-775
-518
-281
-118
-113
-239
-341
-330
-222
-63
55
97
115
8
-66
-119
-112
-137
-291
-355
-341
-175
-5
53
39
-1
-15
31
108
206
150
74
11
53
130
197
308
271
243
243
406
624
842
860
696
470
268
253
266
309
292
303
360
459
551
570
617
572
504
490
483
510
374
241
217
199
321
377
347
261
164
106
103
123
132
123
57
30
-52
-49
-26
-95
-233
-365
-373
-268
-231
-258
-279
-488
-576
-596
-584
-514
-436
-375
-319
-197
-95
-139
-174
-232
-332
-334
-304
-154
-84
78
132
85
-130
-376
-472
-541
-388
-260
-193
-306
-447
-544
-547
-542
-520
-469
-375
-390
-387
-392
-448
-363
-241
-93
17
101
93
135
179
163
130
150
141
161
287
273
298
315
350
478
576
697
696
688
611
323
69
-151
-189
-29
172
300
391
403
346
374
278
176
102
61
58
98
233
254
228
106
-62
-123
-32
123
176
168
178
155
130
10
-144
-269
-310
-233
-93
22
7
-101
-331
-585
-734
-697
-540
-357
-279
-205
-144
-71
103
286
432
433
400
350
290
179
32
-199
-430
-496
-503
-522
-550
-513
-398
-247
-61
-66
-202
-342
-440
-438
-290
-98
91
210
238
362
486
489
439
339
271
241
381
558
747
822
777
760
718
685
521
328
165
77
128
111
153
109
17
12
-121
-208
-196
-96
104
229
259
234
48
-93
-210
-216
-58
195
385
376
213
44
-100
-117
-49
-17
72
3
-30
-190
-219
-234
-293
-357
-441
-555
-783
-959
-1042
-939
-825
-710
-623
-666
-639
-526
-381
-267
-303
-437
-438
-322
-333
-264
-220
-253
-200
-84
80
207
158
77
-82
-40
21
60
48
57
148
269
471
609
634
541
385
367
429
481
540
521
494
475
438
365
311
339
396
384
421
412
348
378
352
370
356
357
371
274
46
-261
-476
-532
-404
-226
-88
64
171
141
8
-67
-84
26
245
273
133
-16
-214
-208
-194
-218
-250
-386
-442
-473
-458
-385
-312
-171
-52
61
4
-212
-389
-571
-612
-601
-460
-257
-90
-12
-33
-75
-66
-8
171
302
274
185
3
-199
-198
-73
74
180
95
73
66
262
470
562
486
262
67
-113
-206
-314
-338
-252
-154
-110
-198
-388
-567
-666
-549
-311
-40
193
234
239
111
-75
-166
-86
75
307
537
632
599
432
314
290
270
123
-13
-65
-131
28
128
204
287
278
341
354
220
52
-232
-369
-322
-130
251
426
475
450
411
521
519
478
397
325
283
164
241
346
361
302
151
1
-150
-287
-349
-414
-470
-543
-505
-434
-326
-197
-137
-155
-226
-286
-289
-223
-137
-13
113
233
353
417
435
316
162
-59
-277
-383
-361
-390
-386
-376
-389
-355
-329
-255
-279
-316
-371
-420
-461
-567
-604
-515
-334
-72
125
88
-64
-330
-393
-330
-238
-111
-33
-55
-185
-171
-150
33
227
354
549
609
555
435
166
-58
-65
52
114
130
125
54
9
-86
-122
-78
-10
48
104
126
72
78
140
243
328
436
462
364
289
233
177
193
194
264
242
279
345
404
480
432
407
281
330
396
426
358
213
62
-80
-93
-99
-21
0
-77
-216
-398
-515
-502
-466
-392
-251
-177
-183
-106
-109
-125
-236
-320
-375
-358
-266
-148
-99
-160
-181
-255
-358
-455
-503
-525
-408
-224
-48
48
88
54
28
-40
-132
-105
-119
-91
-127
-223
-313
-352
-239
-67
190
261
290
341
325
335
304
272
178
102
88
47
122
228
350
477
363
106
-81
-141
-19
234
460
573
571
531
304
41
-87
-126
-104
-109
-53
-60
-104
-176
-183
-145
-74
-3
64
179
174
225
326
274
256
208
63
-8
49
108
105
44
-43
-73
-34
20
82
233
345
379
320
142
-6
-85
-121
7
177
181
115
54
-9
16
99
178
279
187
16
-192
-399
-553
-638
-603
-586
-544
-391
-294
-353
-327
-418
-450
-379
-322
-260
-252
-302
-425
-523
-548
-477
-444
-508
-643
-722
-673
-551
-387
-259
-237
-195
-213
-226
-271
-268
-112
-68
-22
36
164
361
505
528
426
314
137
120
258
375
520
521
555
541
522
502
476
565
613
693
756
727
625
519
394
359
428
587
722
750
579
493
531
586
667
623
566
463
478
432
338
185
60
112
243
255
185
69
-120
-258
-219
-34
102
19
-156
-448
-761
-907
-995
-963
-994
-1068
-1075
-988
-851
-707
-677
-703
-736
-697
-615
-577
-523
-513
-480
-414
-554
-816
-1143
-1309
-1235
-1103
-1146
-1854
-2525
-1604
665
3129
4168
2954
968
-109
-119
656
1180
1627
2069
1893
941
-309
-1092
-835
114
621
658
448
200
164
25
-362
-635
-726
-729
-693
-642
-421
8
407
378
28
-352
-459
-164
-165
-325
-406
-512
-451
-489
-609
-1260
-2316
-4357
-6633
-6812
-4200
724
5475
6847
5799
3371
667
-338
324
1188
878
-624
-1840
-1436
-222
1164
858
173
1119
2488
3477
4239
4166
3105
2080
779
-1313
-2700
-2148
-274
979
1984
2407
1817
1315
977
1013
1871
3452
4406
4455
4233
3760
2990
2021
896
-168
-656
-482
22
503
170
-918
-2453
-3768
-4103
-3375
-2153
-991
-188
20
-560
-1722
-2997
-3820
-3712
-3164
-2374
-1698
-1521
-1948
-2721
-3036
-2977
-2719
-2468
-2402
-2255
-1804
-1712
-1819
-2190
-2525
-2621
-2342
-1480
-1004
-1054
-1619
-2529
-3464
-3657
-3180
-2377
-1460
-482
423
1013
1265
1320
918
319
141
301
787
1294
1537
1462
1338
1464
1781
2021
2094
2356
2667
2779
2816
3031
3049
2445
1834
1391
1107
875
461
-584
-1512
-1770
-950
514
1511
1778
1600
1235
706
505
65
-1110
-2041
-2116
-1656
-671
190
454
70
-158
-150
46
355
590
847
1258
1655
1801
1868
1719
1443
1488
1918
2466
3022
3377
3363
3227
3269
3393
3577
3670
3400
2681
1632
830
518
983
1744
2045
1779
1037
470
397
716
1168
1453
1645
1630
1859
2101
1804
841
-513
-1751
-2413
-2184
-1582
-1180
-962
-844
-823
-663
-406
-395
-418
14
936
1448
760
-604
-1990
-2644
-2565
-2731
-3716
-5170
-6168
-6656
-6416
-5369
-3495
-1666
-705
-665
-1307
-1927
-2144
-1779
-1241
-668
-15
489
296
-274
-802
-1475
-2113
-2245
-1553
-285
663
446
-708
-1655
-1436
-556
35
-459
-1702
-2717
-3120
-3583
-4387
-5082
-5280
-4419
-3138
-1958
-1103
-688
-468
-426
-1092
-2276
-3235
-3121
-1836
-808
-260
14
250
351
367
595
553
905
2045
2794
2101
156
-1846
-2448
-1267
920
3079
4825
6086
6822
7305
7406
6797
5697
4237
2821
2451
3160
4592
5063
3698
1666
879
1841
3168
3415
2418
1112
561
638
962
1027
555
-323
-1340
-1850
-1633
-996
-707
-852
-816
-266
176
663
1338
1600
1244
598
24
-270
-227
-235
-572
-1430
-2625
-3574
-3910
-3441
-2299
-1169
-623
-738
-1297
-1597
-1233
-157
1220
2253
2692
2238
1139
133
-195
85
531
549
253
231
632
849
698
294
1
378
790
819
214
-537
-972
-1195
-872
-164
448
806
732
197
-196
-155
266
773
1414
2053
2367
2209
1497
369
-791
-1397
-1413
-1025
-412
-134
-414
-1044
-1782
-2614
-3221
-3131
-2464
-1318
-12
888
1051
456
-476
-1185
-1384
-1143
-486
41
224
154
-181
-475
-646
-826
-1336
-1937
-2132
-1817
-1008
23
424
135
-256
-256
236
1228
2174
2612
2471
1767
938
446
52
-355
-669
-740
-517
-335
-747
-1886
-3077
-3481
-3203
-2458
-1535
-1111
-1029
-792
-472
-296
-225
-458
-755
-374
877
2228
2846
2219
1005
333
613
1195
1179
699
121
-200
-162
-32
53
100
11
-114
57
603
1234
1486
1215
772
554
548
486
134
-327
-470
-181
28
50
-71
-420
-857
-912
-435
282
1202
1822
1889
1705
1481
1548
1513
961
-102
-967
-843
-59
533
549
-151
-724
-746
-178
776
1469
1513
733
-316
-1039
-1253
-1029
-1019
-1043
-936
-592
-32
288
348
192
-105
-466
-528
-362
-12
195
109
-198
-331
-145
135
147
-31
-236
-317
-263
-291
-551
-745
-448
253
1165
1682
1717
1173
551
361
697
1318
1651
1359
501
-386
-780
-688
-545
-704
-879
-636
-6
712
1136
1032
497
-40
-536
-938
-1143
-1412
-1478
-1112
-383
258
307
-353
-1347
-2294
-2460
-1942
-964
41
530
410
-179
-785
-1360
-1631
-1404
-721
-21
445
418
-208
-879
-1102
-919
-295
576
1313
1782
1968
1751
1234
773
599
605
735
783
657
270
-403
-1178
-1823
-1805
-1219
-266
807
1442
1382
765
-38
-801
-1093
-1026
-723
-295
133
261
166
44
-121
121
682
1490
2295
2703
2417
1544
532
-89
-117
319
861
1055
688
95
-487
-879
-1165
-1408
-1492
-1323
-846
-211
188
165
-123
-558
-557
-108
676
1681
2306
2229
1391
280
-721
-1170
-1021
-525
58
334
202
-383
-999
-1403
-1599
-1379
-872
-349
-158
-253
-475
-706
-851
-1064
-1051
-804
6
1153
2211
2791
2657
2107
1528
1583
2142
2694
2809
2570
2183
1842
1515
907
186
-414
-831
-1071
-1072
-1136
-1447
-2068
-2666
-2928
-2734
-2214
-1782
-1561
-1345
-1221
-970
-606
-428
-370
-393
-346
-449
-589
-672
-485
-46
362
834
958
612
24
-193
184
816
1204
884
-204
-1312
-1852
-1700
-1061
-439
107
149
145
347
621
909
929
630
-23
-207
33
67
-222
-736
-1103
-1043
-670
-332
-260
-207
56
332
624
600
543
523
262
-76
-223
-57
125
182
321
433
375
134
-67
2
417
694
405
-227
-1037
-1506
-1477
-1047
-324
430
984
1091
903
489
277
199
266
426
533
673
740
833
734
743
600
433
337
409
646
826
752
430
198
312
682
1143
1464
1403
931
147
-710
-1062
-797
-484
-327
-267
-364
-577
-640
-639
-631
-412
-53
226
380
338
175
-65
-305
-472
-478
-257
47
220
208
-43
-347
-473
-421
-304
-65
-41
-188
-362
-407
-310
-62
239
568
802
764
464
117
129
225
171
-101
-710
-1358
-1624
-1526
-1265
-1004
-959
-1076
-1298
-1174
-781
-384
-101
-81
-112
-102
-32
217
502
630
722
554
12
-491
-441
-50
408
523
320
100
-44
125
475
783
1005
1044
899
879
1074
1292
1410
1286
856
346
36
-121
-210
-103
-135
-149
-157
2
160
101
-53
-254
-444
-614
-655
-605
-643
-865
-949
-1047
-1018
-871
-781
-858
-817
-695
-640
-771
-939
-975
-764
-225
303
853
1175
1372
1598
1568
1145
392
-330
-601
-421
-44
354
646
833
959
1102
1089
641
22
-480
-607
-321
-119
-132
-262
-448
-614
-690
-577
-437
-385
-256
-22
408
787
853
463
-157
-477
-395
1
379
568
373
90
55
236
584
976
1149
922
564
273
-39
-149
-105
49
125
59
-116
-345
-319
-44
270
585
829
851
885
917
1010
1039
809
359
-267
-645
-758
-803
-915
-1214
-1433
-1355
-1017
-482
36
387
456
163
-537
-1092
-1469
-1474
-1143
-950
-911
-1142
-1264
-1136
-638
92
633
846
736
457
277
182
237
232
-48
-286
-437
-375
-144
72
148
-79
-293
-376
8
678
1259
1717
1652
1283
657
113
-275
-405
-227
74
349
479
430
148
-290
-612
-707
-697
-645
-622
-580
-476
-267
-113
-167
-496
-750
-864
-859
-513
-200
92
185
89
16
235
750
1146
1265
1061
759
218
21
320
812
1205
1473
1524
1357
1219
895
460
131
313
756
1125
1160
889
472
5
-273
-299
-61
107
228
133
-161
-437
-645
-863
-1260
-1750
-2050
-1968
-1577
-1096
-724
-446
-502
-690
-804
-743
-648
-509
-409
-293
-91
152
260
221
56
-239
-516
-814
-877
-772
-445
-151
-59
69
72
58
-99
-387
-650
-894
-880
-695
-497
-323
-178
-123
-49
158
489
774
1201
1524
1640
1595
1301
1184
1000
811
810
850
1024
1172
1201
1129
1016
892
664
325
-35
32
206
456
721
574
324
-14
-239
-389
-525
-614
-816
-965
-856
-471
-34
204
97
-321
-867
-1102
-1033
-671
8
439
427
97
-437
-795
-690
-314
266
816
1103
1187
1201
1124
1011
802
493
74
-199
-370
-418
-344
-352
-454
-520
-680
-936
-1127
-1161
-1154
-1177
-1125
-986
-695
-526
-573
-687
-979
-1226
-1317
-1097
-588
-27
425
615
532
333
189
207
315
385
495
450
396
197
-85
-188
-289
-352
-448
-582
-493
-143
267
603
879
1038
1009
942
784
718
804
814
748
449
181
-52
-83
43
146
217
122
-70
-268
-396
-261
53
281
447
530
571
541
484
467
428
590
773
854
840
678
497
394
254
23
-215
-350
-402
-419
-377
-418
-562
-759
-987
-1054
-1030
-952
-899
-938
-769
-516
-305
-195
-69
-8
20
121
260
467
630
696
524
106
-376
-715
-841
-649
-395
-216
-119
-128
-328
-578
-698
-858
-825
-658
-460
-240
46
357
626
765
869
841
703
610
532
435
325
381
233
-17
-148
-265
-368
-488
-515
-436
-220
97
473
758
979
1050
1082
951
714
504
439
474
657
943
995
873
378
-135
-564
-726
-492
-267
25
127
94
85
22
-71
-248
-502
-691
-638
-402
-176
-80
-66
-241
-298
-280
-88
160
228
303
190
60
-135
-388
-718
-976
-1147
-1124
-941
-736
-501
-187
134
232
103
-135
-411
-604
-700
-630
-414
-206
-63
3
54
54
59
156
134
92
52
-56
-86
151
469
623
483
295
107
-5
144
394
579
644
715
793
819
781
689
425
100
-106
-150
51
218
262
16
-347
-505
-575
-304
-52
67
-14
-293
-443
-571
-432
-166
42
218
214
259
431
567
681
683
513
251
-15
-93
-71
67
192
169
-29
-318
-506
-608
-613
-547
-476
-306
-133
31
134
28
-149
-278
-253
-211
-190
-184
-125
-53
-5
-49
-177
-328
-350
-363
-264
19
245
370
294
171
2
-91
-153
-195
-181
-199
-263
-305
-373
-308
-100
-3
22
-121
-171
11
316
592
710
748
735
668
681
740
594
275
-135
-473
-610
-517
-336
-169
-142
-303
-473
-582
-396
-113
22
12
-4
60
222
345
382
376
385
394
363
385
415
493
801
978
1022
963
844
850
909
1076
1066
986
815
523
264
-87
-398
-791
-1085
-995
-627
-205
68
158
12
-327
-676
-900
-1108
-1090
-1032
-884
-727
-557
-487
-480
-490
-446
-392
-391
-384
-515
-572
-519
-447
-407
-486
-660
-642
-589
-551
-612
-706
-716
-469
-192
26
115
74
0
62
283
519
648
531
332
166
103
198
401
498
490
457
519
719
876
912
850
681
673
715
784
868
797
669
549
474
408
490
538
513
418
283
164
38
-44
-81
23
110
30
-89
-230
-346
-322
-261
-255
-354
-448
-498
-511
-535
-517
-550
-537
-542
-524
-367
-219
-92
-247
-554
-832
-972
-768
-446
-206
-222
-518
-623
-588
-373
-139
-99
-116
-186
-50
103
195
180
135
225
290
481
708
687
649
623
592
563
470
361
202
151
66
-43
-142
-328
-384
-354
-281
-176
-183
-220
-155
-127
-111
-95
-33
111
338
456
354
271
214
105
24
-34
-8
125
317
515
603
448
139
-249
-564
-791
-754
-649
-581
-473
-419
-330
-178
-48
-111
-264
-413
-428
-343
-177
-163
-168
-223
-199
-116
-103
9
129
325
587
916
1094
1254
1368
1428
1386
1240
1000
737
443
172
-64
-193
-196
-96
94
375
581
581
443
255
116
0
-200
-390
-613
-806
-846
-632
-274
166
525
557
548
451
406
334
310
257
98
-78
-192
-144
-124
-127
-312
-559
-820
-1116
-1277
-1366
-1502
-1608
-1664
-1644
-1445
-1187
-845
-596
-519
-480
-375
-78
309
537
604
543
524
574
550
512
360
221
50
-145
-67
112
345
485
455
316
163
114
80
103
115
196
266
280
388
461
406
320
138
-113
-245
-193
-39
272
513
607
578
463
407
416
500
521
512
468
313
166
50
68
71
-84
-296
-371
-374
-316
-164
-11
169
391
582
598
589
577
673
788
706
560
395
179
10
-126
-150
-147
-45
-24
-98
-217
-359
-418
-556
-712
-899
-1139
-1205
-1026
-871
-766
-815
-903
-908
-662
-283
17
158
152
123
3
-178
-227
-218
-226
-270
-266
-205
-45
36
39
-39
-116
-177
-217
-282
-389
-499
-635
-606
-481
-496
-552
-521
-509
-398
-201
-62
1
-27
-55
-63
3
42
93
99
279
501
658
738
750
779
793
888
1065
1306
1461
1412
1253
1001
782
786
718
666
615
437
191
-110
-495
-881
-1192
-1419
-1384
-1173
-852
-510
-351
-266
-275
-400
-517
-627
-576
-380
-172
-54
25
99
234
369
515
494
409
447
542
719
733
699
623
591
696
803
903
881
823
719
562
513
530
551
708
794
899
896
748
567
405
354
414
515
527
343
40
-242
-469
-576
-665
-711
-637
-705
-904
-1022
-1119
-1175
-1226
-1208
-1231
-1263
-1135
-1026
-1025
-987
-885
-556
-130
331
630
827
821
603
266
-324
-1034
-1684
-2037
-2184
-2035
-1616
-1232
-859
-631
-393
-165
18
99
-66
-206
-184
138
558
1132
1545
1784
1867
1789
1565
1335
1207
1097
1070
979
847
778
715
662
511
277
61
-52
-45
110
232
107
-112
-296
-347
-278
-102
73
102
50
-72
-212
-363
-531
-681
-765
-849
-884
-710
-474
-308
-197
-159
-242
-395
-665
-843
-955
-957
-802
-645
-468
-453
-523
-518
-510
-355
-136
75
131
-84
-249
-433
-605
-742
-724
-408
-30
288
422
455
349
202
156
107
149
199
391
672
816
951
1070
1226
1431
1586
1714
1760
1724
1725
1703
1709
1681
1547
1367
1094
869
724
568
454
305
171
8
-105
-121
-256
-300
-389
-442
-476
-575
-628
-674
-718
-677
-463
-190
2
-26
-40
-240
-404
-587
-907
-1229
-1591
-1756
-1756
-1514
-1300
-1069
-809
-571
-429
-476
-733
-984
-1121
-1031
-721
-398
-119
37
110
25
-69
-61
-57
-40
63
176
209
196
140
52
-34
-66
-7
198
480
679
732
720
720
625
465
209
-64
-481
-842
-995
-934
-792
-508
-247
-110
137
276
530
681
745
739
721
798
932
1033
940
750
394
207
110
96
97
-17
-12
-10
106
282
424
593
805
1117
1382
1441
1261
820
305
-161
-565
-821
-925
-838
-632
-352
-82
152
327
380
275
150
-23
-201
-258
-339
-380
-310
-159
-47
45
49
-68
-49
-52
-142
-88
74
189
215
184
65
24
77
243
369
345
87
-224
-345
-362
-226
-21
213
358
309
-16
-337
-580
-751
-801
-719
-614
-435
-360
-349
-397
-569
-678
-771
-754
-722
-641
-622
-585
-707
-1084
-1585
-1976
-1919
-1391
-586
295
865
889
603
66
-376
-545
-536
-395
-218
-96
1
41
64
89
110
176
207
273
455
613
698
710
660
634
518
373
361
429
396
399
368
342
460
603
720
780
733
505
335
217
238
287
330
453
481
477
414
318
169
127
208
346
516
697
888
1089
1261
1343
1374
1330
1219
981
689
390
221
231
355
392
346
165
-111
-290
-360
-368
-311
-329
-424
-448
-446
-333
-302
-351
-470
-516
-441
-428
-390
-411
-536
-670
-798
-897
-903
-880
-838
-687
-497
-273
-181
-207
-115
-204
-231
-214
-265
-169
55
297
378
152
-162
-470
-710
-676
-596
-548
-501
-389
-348
-317
-301
-357
-373
-361
-322
-242
-240
-327
-414
-450
-557
-654
-739
-901
-1087
-1121
-1123
-1105
-1030
-980
-909
-883
-712
-482
-214
39
352
505
710
772
729
752
675
694
708
611
567
697
928
1252
1461
1404
1167
874
597
347
218
103
57
145
232
378
432
573
695
765
851
917
1023
1149
1250
1312
1231
974
878
758
810
821
902
904
834
811
770
711
452
152
-92
-224
-317
-478
-606
-685
-656
-719
-804
-919
-1027
-1052
-993
-796
-604
-412
-376
-514
-565
-485
-461
-311
-284
-434
-591
-807
-840
-794
-784
-676
-650
-683
-747
-872
-932
-874
-891
-1017
-1154
-1174
-1099
-906
-637
-483
-211
-89
-58
-79
40
220
360
545
716
636
491
426
332
381
459
581
540
413
190
15
-18
26
-60
-164
-292
-431
-470
-368
-139
81
343
601
830
1089
1189
1167
1098
1078
1095
1305
1387
1380
1326
1129
947
744
639
627
712
758
815
832
754
640
471
301
111
-86
-191
-273
-474
-687
-916
-1031
-1004
-850
-677
-555
-543
-667
-851
-1051
-1180
-1140
-948
-713
-493
-427
-394
-454
-561
-675
-681
-639
-408
-272
-143
-18
-42
-78
-150
-179
-197
-214
-253
-188
-179
-280
-340
-373
-199
3
217
408
553
691
664
617
565
413
231
66
-126
-273
-490
-728
-899
-1140
-1210
-1104
-870
-499
-173
0
163
307
471
664
855
990
1006
1169
1274
1357
1405
1399
1407
1364
1355
1373
1288
1063
816
689
477
366
327
222
79
-138
-239
-330
-477
-447
-398
-438
-449
-634
-818
-994
-1117
-1085
-984
-904
-832
-762
-707
-671
-693
-786
-924
-967
-892
-708
-486
-357
-354
-420
-431
-277
45
239
400
270
147
79
26
105
129
180
220
332
299
194
37
-130
-231
-260
-263
-141
-34
87
17
-91
-200
-272
-216
-108
29
207
433
551
610
435
216
117
159
286
441
566
573
519
449
423
392
327
296
305
493
787
991
1109
1066
933
801
777
819
805
713
613
460
449
543
471
415
270
127
41
17
39
80
37
-43
-268
-499
-601
-647
-579
-655
-710
-710
-770
-834
-853
-850
-727
-627
-593
-589
-631
-622
-562
-468
-381
-260
-140
-90
-151
-348
-577
-692
-698
-717
-646
-668
-567
-461
-441
-439
-554
-640
-717
-780
-734
-560
-337
-124
55
84
38
1
-28
-36
-7
-14
-48
91
152
187
277
185
81
33
59
169
256
311
348
342
314
330
329
305
306
334
426
570
695
762
783
754
642
466
555
694
856
938
868
750
638
608
565
506
464
470
513
614
639
642
665
610
510
405
312
140
1
-128
-198
-233
-313
-275
-183
-44
54
-40
-318
-697
-1106
-1389
-1508
-1588
-1630
-1562
-1335
-1124
-851
-636
-585
-592
-489
-295
48
267
314
303
214
293
429
566
526
478
412
430
613
731
802
755
564
386
236
52
-39
37
155
267
380
379
146
-228
-579
-841
-742
-437
-117
102
152
109
-2
-151
-212
-284
-324
-292
-115
67
193
231
124
105
120
106
186
282
220
85
-20
-219
-280
-299
-262
-252
-243
-178
-74
-12
-82
-198
-390
-501
-535
-317
-55
101
160
149
-23
-55
-1
45
18
-140
-280
-336
-238
-41
168
271
237
175
21
-25
30
37
-122
-356
-426
-449
-388
-245
-124
14
119
256
286
210
90
41
8
2
154
218
142
180
102
97
83
120
164
155
163
141
196
317
412
473
529
486
420
253
11
-210
-263
-277
-351
-431
-541
-613
-555
-433
-289
-121
37
46
-88
-263
-401
-590
-623
-511
-383
-210
-145
-104
-38
9
57
117
182
175
193
157
119
287
483
691
652
602
600
607
784
867
919
873
794
659
549
374
229
253
308
354
443
529
565
465
303
174
157
263
273
149
-46
-157
-282
-338
-258
-222
-233
-372
-528
-587
-601
-730
-875
-889
-765
-579
-379
-261
-287
-263
-205
-38
98
195
75
-58
-231
-359
-409
-420
-346
-402
-465
-553
-602
-487
-392
-296
-290
-358
-352
-199
-16
117
227
213
122
4
-15
-57
-141
-173
-192
-174
-98
13
208
220
201
146
108
81
24
-75
-71
-1
213
340
278
345
352
455
487
510
559
522
455
409
385
325
165
160
126
130
101
36
26
37
48
-51
-118
-289
-293
-135
115
341
388
310
118
37
41
113
110
7
-138
-217
-170
-107
7
111
97
6
-155
-232
-185
-177
-147
-172
-286
-282
-353
-334
-289
-173
-89
2
193
222
210
48
-108
-225
-277
-234
-135
-179
-187
-240
-382
-471
-509
-656
-691
-672
-561
-355
-141
68
140
193
136
34
-110
-123
-14
168
391
638
883
920
770
490
111
-137
-195
-117
148
334
505
519
270
28
-221
-264
-177
-44
148
338
377
376
311
210
22
-96
-111
31
192
276
310
303
309
399
405
359
271
76
-21
-106
-61
-26
-64
-242
-405
-537
-630
-645
-479
-227
16
175
127
1
-110
-148
-168
-148
-141
-157
-29
253
407
445
298
71
-13
150
305
287
282
233
181
145
56
-3
-55
-68
-13
7
-17
-105
-118
-129
-124
-145
-210
-197
-229
-19
154
228
306
232
163
145
187
86
38
-111
-366
-493
-505
-416
-304
-236
-236
-260
-157
-49
7
-126
-280
-488
-525
-426
-422
-400
-436
-406
-419
-562
-626
-675
-614
-487
-428
-325
-330
-401
-595
-637
-510
-273
-76
-26
-5
54
195
267
379
450
412
363
434
527
636
631
541
483
372
404
406
452
494
454
443
448
548
662
784
822
829
778
653
494
357
199
217
221
151
150
129
298
419
420
313
201
87
112
253
310
303
123
-106
-228
-204
-67
68
37
-19
-118
-116
-58
-91
-188
-231
-392
-499
-497
-503
-466
-438
-337
-185
-7
23
-61
-290
-425
-488
-450
-393
-331
-219
-143
-188
-391
-552
-631
-586
-508
-273
-69
-34
-89
-234
-386
-524
-480
-361
-200
-76
-66
-135
-299
-373
-335
-121
161
282
238
168
129
110
167
150
35
32
70
93
83
54
-40
-190
-214
-116
5
182
344
329
326
358
395
411
359
245
243
321
421
516
485
343
174
167
232
358
384
344
271
251
205
152
16
-116
-211
-143
-26
110
140
-27
-261
-446
-508
-575
-525
-494
-463
-472
-321
-129
28
65
-20
-214
-418
-478
-436
-282
-155
-108
0
4
-13
-78
-24
-92
-171
-66
-7
126
318
413
331
209
201
202
162
188
101
112
168
118
25
-63
-50
-27
176
363
494
511
485
520
625
756
698
511
270
61
40
117
200
296
295
357
423
522
561
548
443
274
181
193
264
285
270
185
130
109
-14
-147
-256
-354
-459
-559
-695
-792
-826
-827
-833
-820
-698
-616
-607
-743
-850
-884
-698
-481
-247
-59
-93
-162
-343
-402
-304
-167
-10
90
154
249
292
246
219
201
168
123
119
72
-53
-245
-470
-519
-455
-313
-225
-265
-247
-191
-119
-13
-19
-134
-285
-430
-455
-317
-110
-32
-2
-1
6
159
353
435
423
385
270
252
333
440
665
797
788
717
580
419
369
354
251
226
267
378
434
375
363
320
238
189
65
-30
-167
-260
-256
-130
-16
-53
-209
-454
-377
-102
335
690
687
424
4
-366
-540
-538
-553
-460
-418
-503
-555
-580
-545
-466
-326
-146
47
142
313
459
528
574
497
401
330
231
146
77
33
23
68
196
244
186
-11
-211
-349
-359
-351
-177
22
109
137
67
22
-8
35
72
109
153
146
-47
-191
-215
-185
-116
-59
58
169
300
352
288
125
-104
-230
-138
-1
-57
-187
-428
-689
-655
-527
-315
-126
-9
98
88
109
28
-111
-217
-256
-296
-264
-156
-50
-67
-130
-175
-191
-132
-22
55
57
-54
-22
136
246
362
348
323
211
140
87
21
-60
-30
17
153
276
255
165
-33
-112
-119
-6
206
421
454
414
243
131
143
153
228
183
22
-201
-385
-446
-290
-109
-44
53
-39
-281
-532
-666
-611
-530
-412
-436
-535
-471
-306
-80
41
34
-62
-146
-104
3
200
242
332
416
555
624
597
565
418
429
381
372
491
538
474
346
161
-6
-45
53
162
223
287
302
311
223
131
-51
-294
-561
-525
-296
-77
154
229
159
-84
-262
-401
-306
-82
110
103
-24
-26
-73
-65
-42
-51
-100
-162
-149
-46
83
191
226
179
-28
-245
-431
-508
-491
-315
-137
117
296
274
161
-33
-213
-323
-318
-270
-113
18
122
125
11
-26
-159
-285
-305
-349
-349
-281
-74
169
304
294
151
56
-12
-1
83
207
215
50
-8
-101
-150
-99
-21
83
121
185
181
195
111
-90
-255
-410
-483
-501
-468
-367
-222
-91
24
111
91
23
-10
-92
-21
96
217
250
199
155
121
152
208
275
315
355
239
120
1
-31
87
215
260
317
390
331
262
160
82
12
-93
-35
67
76
42
-39
-153
-142
-74
-33
10
0
-32
38
44
72
58
55
76
99
141
90
-136
-395
-561
-628
-554
-531
-421
-305
-153
-30
-3
29
54
118
180
309
283
179
-20
-174
-156
-71
1
55
148
171
237
332
376
352
172
16
-112
-237
-224
-136
-57
-19
82
134
179
109
-114
-216
-142
100
378
512
501
373
183
74
-1
-156
-359
-477
-516
-331
-118
78
233
284
236
156
-17
-140
-217
-225
-176
-97
-70
-145
-162
-110
-24
3
7
-123
-190
-270
-323
-307
-327
-349
-297
-247
-291
-276
-273
-309
-299
-323
-455
-523
-533
-532
-373
-214
-28
173
215
253
195
253
371
417
319
248
300
209
66
38
-33
15
243
454
669
739
680
611
483
419
368
396
369
256
201
198
348
459
486
433
364
265
325
377
399
327
239
152
17
-69
-316
-432
-451
-234
71
245
351
342
260
143
-12
-58
-17
63
107
16
-151
-426
-688
-803
-718
-563
-414
-342
-283
-361
-549
-713
-848
-996
-996
-979
-979
-868
-559
-200
80
259
191
-38
-263
-266
-161
-15
105
141
153
159
101
105
131
68
33
21
74
138
253
356
470
527
451
408
405
439
416
341
301
225
156
35
-53
-84
25
192
310
311
292
312
324
396
355
364
330
161
-35
-275
-370
-222
8
251
374
359
243
73
-16
84
416
707
793
781
509
163
-30
-16
62
1
-130
-298
-392
-361
-217
-97
-59
-122
-228
-288
-385
-439
-437
-451
-363
-126
114
175
46
-251
-405
-425
-509
-518
-524
-477
-467
-572
-654
-791
-802
-853
-877
-802
-784
-793
-813
-677
-621
-412
-201
-15
88
36
107
84
13
-40
-45
-97
-120
42
189
344
451
510
472
352
214
215
318
411
468
463
376
336
364
447
581
657
675
634
474
256
222
193
286
457
588
621
647
602
608
512
293
211
314
635
933
1172
1176
873
534
351
150
-18
-50
-59
104
234
273
264
131
-160
-466
-682
-728
-629
-402
-259
-299
-391
-543
-672
-685
-625
-487
-259
-165
-167
-178
-234
-437
-583
-740
-856
-934
-825
-685
-661
-533
-414
-307
-231
-156
-123
-207
-302
-383
-370
-274
-175
-94
-108
-204
-441
-523
-446
-336
-150
29
25
45
133
166
276
300
271
290
238
271
305
301
321
328
308
265
93
-100
-97
14
243
420
560
472
279
238
421
603
703
763
825
876
793
754
647
493
402
390
417
467
410
363
334
216
123
58
67
67
62
164
147
114
-16
-147
-39
101
184
206
100
-148
-351
-490
-446
-443
-420
-420
-336
-250
-249
-264
-299
-337
-409
-636
-770
-822
-858
-755
-667
-565
-474
-471
-501
-386
-354
-313
-290
-293
-306
-286
-120
53
151
154
100
1
-11
-11
-76
-159
-169
-227
-177
-156
-239
-265
-483
-536
-391
-217
25
176
213
113
4
6
152
370
458
505
459
292
121
90
184
310
361
254
179
158
136
218
320
278
203
226
154
98
121
201
378
500
513
518
402
197
102
41
115
215
384
519
518
464
297
152
34
42
108
122
92
139
212
304
398
463
419
357
287
40
-133
-215
-296
-231
-115
-27
-51
-279
-434
-459
-401
-283
-170
-200
-244
-353
-332
-258
-181
-148
-177
-263
-326
-338
-375
-367
-355
-287
-152
-40
41
-18
-217
-359
-528
-402
-175
-65
-70
-167
-223
-100
126
378
390
243
-83
-214
-215
-180
-16
53
108
164
209
138
93
116
185
307
287
164
109
-10
-61
-11
18
77
155
171
172
52
-52
-136
-104
-41
0
-63
-154
-172
-238
-204
-192
-131
-27
121
210
212
119
-44
-100
-170
-259
-318
-280
-178
-67
-32
-70
-199
-285
-316
-253
-178
-153
-109
-11
105
192
223
192
233
295
313
310
244
169
54
-84
-178
-192
-146
-106
-33
55
40
133
165
159
128
116
154
84
117
189
256
308
179
-132
-298
-342
-185
115
323
399
481
523
451
317
222
200
135
117
79
60
149
276
427
352
271
158
122
175
183
120
46
-47
-113
-108
-228
-443
-553
-558
-535
-431
-398
-473
-435
-348
-289
-234
-210
-227
-151
-66
-5
62
90
150
264
268
93
98
72
7
91
221
361
381
253
108
34
33
125
164
135
-18
-173
-238
-279
-214
-12
151
213
142
18
-116
-201
-230
-59
114
170
118
25
-19
-77
18
44
-2
-43
-170
-231
-198
-189
-133
-56
-36
-102
-228
-328
-250
-178
-122
-142
-190
-129
-117
-42
-90
-213
-257
-373
-369
-321
-295
-255
-160
-71
55
137
121
53
50
47
-39
-28
2
-16
-56
-66
-58
2
41
28
87
81
32
94
151
169
115
12
-103
-106
-158
-114
15
33
6
-125
-177
-146
56
180
188
236
261
391
587
712
790
832
733
510
311
193
126
124
148
178
185
146
188
329
446
431
315
178
119
96
195
283
378
533
653
751
735
620
376
167
39
26
68
97
143
104
14
-176
-346
-491
-601
-634
-664
-751
-808
-788
-740
-619
-525
-392
-373
-445
-463
-477
-520
-645
-754
-893
-982
-1072
-1076
-1043
-920
-757
-600
-471
-461
-550
-633
-690
-658
-399
-204
23
255
352
356
313
247
220
194
324
475
647
758
737
673
565
517
550
575
672
655
565
488
392
307
250
331
358
319
168
52
33
119
238
231
219
170
219
364
487
534
543
451
310
268
272
347
323
346
394
400
423
288
186
151
143
161
131
106
-7
-51
-66
-145
-226
-214
-205
-313
-415
-494
-522
-497
-429
-391
-238
-147
-139
-261
-387
-466
-452
-459
-471
-437
-416
-302
-260
-267
-334
-532
-656
-585
-473
-185
1
92
15
-97
-250
-427
-422
-305
-110
-102
-78
-179
-305
-368
-323
-223
-167
-137
-108
53
195
250
269
310
351
383
355
166
-85
-255
-287
-107
177
328
397
300
141
-1
-68
-5
78
103
153
186
281
331
311
287
284
307
276
345
337
377
410
433
544
530
417
248
182
248
465
662
699
539
316
130
1
122
259
376
473
543
555
609
612
429
181
-7
-183
-170
-57
42
95
38
25
-25
-56
-9
7
-100
-178
-165
-278
-383
-517
-593
-504
-475
-365
-368
-450
-564
-675
-715
-683
-642
-604
-590
-629
-596
-478
-375
-245
-261
-344
-473
-606
-734
-696
-664
-566
-343
-294
-196
-151
-140
-85
-81
-69
-202
-332
-418
-317
-148
1
188
281
246
230
163
136
108
73
135
183
367
515
540
551
463
426
402
381
407
336
360
368
490
663
675
599
421
244
233
265
320
461
553
482
371
156
-73
-128
-28
174
274
191
-27
-254
-383
-301
-264
-210
-156
-192
-83
59
158
131
153
155
19
-16
42
106
7
-68
-132
-190
-237
-288
-322
-384
-364
-387
-374
-422
-523
-408
-221
37
153
187
22
-160
-271
-325
-304
-332
-235
-66
165
253
279
214
118
-71
-167
-71
-134
-133
-77
0
207
331
357
242
141
61
50
116
127
182
174
114
179
291
383
398
332
225
194
132
53
49
-51
-71
-74
-79
14
213
396
496
496
354
300
276
253
159
81
-67
-144
-82
57
165
293
244
1
-87
-231
-138
0
58
26
-42
-220
-353
-421
-447
-477
-525
-487
-477
-473
-527
-485
-421
-324
-209
-145
-167
-313
-401
-459
-398
-271
-140
-57
-109
-166
-180
-154
-134
-189
-319
-451
-519
-455
-406
-313
-182
-80
-47
-108
-125
-155
-157
-140
10
102
122
14
-79
-71
-37
85
120
47
74
104
178
318
314
323
343
397
451
679
857
888
798
588
388
226
211
278
516
718
698
646
400
134
-52
-128
-56
-81
-154
-192
-314
-399
-316
-91
165
304
282
249
222
265
252
277
169
79
22
34
241
465
592
488
389
175
63
124
255
270
208
93
-19
-83
-138
-98
-32
43
102
149
102
-10
-66
-109
-44
-43
-24
-91
-321
-563
-629
-640
-637
-541
-503
-456
-493
-472
-409
-293
-101
-75
-207
-345
-527
-626
-509
-295
-44
137
199
219
143
-53
-84
24
49
-2
17
-128
-235
-273
-299
-215
-183
-314
-577
-780
-749
-601
-372
-136
43
80
18
-41
-107
-95
-46
64
146
140
59
-13
75
175
147
142
83
-41
-78
-42
-4
88
140
113
44
-59
-26
128
192
242
272
216
135
79
71
174
312
383
407
407
372
394
294
176
12
26
131
327
524
542
424
280
163
181
263
335
384
297
171
51
-23
-76
-54
12
38
188
379
471
520
465
320
212
198
227
346
434
420
343
255
161
77
95
38
4
-95
-248
-329
-323
-299
-274
-200
-221
-324
-380
-421
-402
-386
-389
-329
-367
-394
-491
-605
-671
-646
-596
-480
-276
-162
-99
-162
-150
-140
-129
-19
60
-25
-139
-191
-327
-310
-169
-104
-1
-20
-93
-150
-173
-116
-48
7
-111
-411
-601
-544
-342
-125
-11
-46
-114
-189
-196
-92
17
48
76
106
168
301
356
325
348
309
308
391
431
436
389
293
216
225
308
351
298
239
205
273
296
415
405
370
301
313
323
310
251
124
82
-66
-44
-48
21
96
57
-22
-156
-222
-168
-39
48
31
-57
-175
-219
-241
-274
-379
-482
-462
-481
-527
-469
-355
-166
-23
-3
-15
-37
-72
-79
-161
-212
-256
-366
-408
-499
-461
-341
-171
-86
-61
-103
-201
-235
-320
-410
-340
-242
-100
83
206
325
358
407
400
372
347
302
250
176
133
279
432
605
792
837
774
666
533
466
553
703
778
714
583
380
299
278
389
537
723
853
945
901
647
434
227
164
184
181
139
-30
-111
-183
-194
-121
-85
-81
-160
-311
-465
-565
-635
-581
-427
-268
-144
-78
-206
-409
-696
-840
-818
-676
-604
-449
-359
-334
-337
-388
-519
-751
-1003
-1131
-1065
-819
-554
-415
-431
-608
-703
-877
-1013
-986
-854
-671
-475
-302
-178
-217
-333
-410
-473
-383
-251
-162
-111
-72
-85
-66
-71
-92
-63
-17
-35
112
456
805
1067
1004
802
541
358
286
317
527
725
860
837
777
659
506
420
377
312
370
542
701
842
809
677
536
419
361
310
372
453
563
615
629
584
503
452
342
321
401
449
447
492
462
485
400
214
66
-47
-107
-92
-145
-185
-158
-185
-302
-490
-586
-587
-505
-453
-389
-320
-342
-431
-667
-816
-912
-876
-720
-649
-554
-414
-413
-410
-350
-322
-301
-306
-228
-323
-427
-492
-530
-482
-311
-177
-111
-52
-98
-142
-138
23
92
33
-150
-334
-353
-296
-137
40
122
129
91
161
311
467
527
583
539
510
441
318
275
202
259
385
357
273
180
68
-9
26
71
103
104
115
25
7
68
276
438
492
506
456
393
263
137
9
-108
-201
-277
-284
-232
-200
-222
-396
-500
-440
-329
-173
-152
-174
-127
-121
-31
48
42
-43
-197
-298
-297
-235
-116
-31
-38
-69
-116
-96
-132
-198
-305
-302
-213
-90
136
281
399
405
312
272
299
182
-28
-227
-346
-401
-277
-11
144
183
98
-44
-38
-82
-169
-180
-280
-415
-444
-341
-116
174
338
433
380
323
251
145
44
-76
-104
-156
-80
65
253
402
474
477
411
285
80
-102
-165
-121
92
438
727
1027
1112
1103
1011
847
611
383
252
225
266
397
466
287
243
201
278
277
218
136
-78
-171
-244
-131
-63
50
98
95
146
101
-33
-236
-343
-440
-464
-453
-498
-542
-676
-801
-839
-668
-430
-313
-320
-507
-680
-775
-815
-840
-805
-723
-726
-719
-668
-593
-500
-497
-508
-524
-620
-657
-739
-776
-681
-523
-313
-174
-117
-177
-226
-182
-94
-22
90
137
133
86
-116
-210
-264
-295
-237
-144
-98
-46
-18
16
283
586
842
911
899
783
598
525
442
304
208
229
449
662
830
906
829
741
609
699
699
684
617
554
476
319
255
98
19
-21
28
159
286
369
332
303
266
301
240
167
178
227
338
358
306
286
330
407
542
573
509
329
171
151
200
136
16
-165
-284
-252
-207
-80
26
32
-98
-219
-222
-236
-195
-180
-194
-119
-38
-9
-107
-293
-435
-516
-493
-485
-493
-566
-626
-564
-429
-278
-169
-142
-250
-352
-463
-520
-571
-589
-468
-465
-564
-648
-668
-592
-593
-709
-790
-761
-646
-476
-303
-201
-208
-292
-243
-181
-103
-19
-49
-117
-183
-202
-187
-146
-30
41
73
55
5
55
173
341
438
477
420
320
271
275
380
390
299
151
53
-10
19
129
136
107
159
248
414
587
564
476
371
370
447
656
713
623
540
477
641
830
898
839
571
344
239
204
153
105
-42
-148
-126
-136
-45
44
151
252
255
139
25
-5
-21
-74
-106
-161
-250
-202
16
339
582
544
389
179
19
-45
-60
-56
-81
-85
-73
-28
44
58
38
-51
-142
-198
-189
-171
-233
-353
-528
-627
-631
-631
-624
-690
-787
-751
-680
-552
-376
-298
-301
-462
-577
-647
-607
-453
-339
-252
-223
-194
-196
-244
-431
-489
-438
-328
-73
83
93
71
49
-6
-119
-247
-300
-321
-282
-170
-67
70
124
81
41
-55
-147
-260
-183
60
374
665
703
614
398
330
371
424
443
420
436
414
395
370
356
368
426
441
424
418
341
341
353
413
462
430
482
536
633
626
578
400
240
195
105
83
15
1
28
153
239
194
90
-77
-203
-202
-84
-30
37
18
-102
-239
-346
-381
-377
-326
-348
-340
-340
-231
-137
-87
-80
-185
-344
-444
-452
-373
-273
-304
-376
-510
-632
-563
-508
-460
-374
-352
-235
-151
-25
-9
-44
-48
-28
114
211
177
95
-18
-132
-47
56
123
153
188
323
351
463
528
441
298
135
13
-5
-24
-69
-47
-32
-8
64
167
252
323
379
426
539
499
374
204
128
123
166
263
279
270
236
223
307
307
223
149
39
3
-91
-148
-253
-298
-151
114
261
288
199
-59
-270
-376
-560
-694
-725
-574
-351
-255
-319
-547
-777
-976
-928
-786
-630
-571
-492
-373
-305
-214
-280
-405
-450
-441
-374
-231
-102
-59
-113
-144
-155
-91
-107
-138
-264
-427
-410
-231
30
184
165
-51
-371
-612
-639
-417
-23
192
371
474
394
342
436
545
576
665
631
575
706
783
968
1022
920
694
513
413
429
532
628
755
856
959
893
823
804
723
728
745
789
791
638
511
308
219
180
255
371
439
555
583
572
444
296
164
140
108
110
97
25
16
21
-15
-142
-368
-706
-936
-1101
-1175
-1065
-919
-650
-449
-404
-414
-540
-701
-822
-928
-1037
-1053
-937
-876
-901
-881
-933
-985
-905
-881
-844
-850
-898
-932
-1024
-1055
-1067
-1048
-992
-884
-711
-535
-231
56
183
153
171
52
-10
135
123
106
65
1
87
234
218
212
184
196
250
225
246
338
485
614
815
936
970
888
728
552
493
481
588
811
920
962
892
616
408
302
288
483
663
801
879
792
665
532
414
372
303
365
401
378
327
150
-41
-216
-380
-421
-385
-291
-97
125
215
182
168
126
29
-155
-293
-478
-521
-428
-350
-260
-271
-290
-399
-407
-349
-302
-109
35
99
155
165
97
20
-63
-56
-57
-2
36
-3
57
165
221
306
294
323
380
301
128
-67
-214
-226
-127
-14
81
-23
-141
-116
-35
-50
-52
-147
-366
-480
-515
-359
-202
-41
30
-40
-181
-407
-702
-932
-982
-965
-734
-448
-248
-49
65
73
160
180
153
124
146
25
-148
-232
-260
-251
-195
-299
-399
-521
-514
-436
-386
-174
-76
23
96
95
20
-31
-120
-168
-105
28
130
230
302
227
153
181
231
260
324
351
324
323
297
327
382
362
318
143
28
-29
94
266
416
510
479
489
428
321
211
76
-40
-56
110
236
369
449
482
496
560
593
545
391
91
-82
-220
-264
-211
-115
-33
39
0
-102
-151
-141
43
82
-31
-299
-433
-440
-372
-170
55
281
385
369
210
-42
-211
-288
-417
-471
-455
-356
-199
-29
37
6
-31
-76
-106
-60
39
134
136
149
164
172
226
371
564
626
606
450
274
81
-110
-298
-449
-592
-723
-733
-625
-440
-276
-234
-208
-131
-75
20
35
3
-114
-179
-213
-302
-396
-598
-723
-699
-702
-557
-451
-427
-397
-347
-228
-286
-328
-280
-318
-254
-131
9
23
-103
-225
-395
-383
-284
-78
121
292
450
559
496
436
365
221
126
7
-9
-75
-169
-276
-300
-322
-177
-17
88
218
248
283
268
320
255
170
125
33
18
64
139
297
408
507
613
591
492
457
497
592
826
953
975
917
738
581
427
312
243
182
117
138
141
219
345
488
615
641
582
416
230
88
101
225
307
325
259
93
-78
-112
-17
154
316
384
439
339
178
-27
-183
-215
-179
-44
101
167
47
-66
-75
-138
-156
-186
-230
-255
-281
-320
-331
-282
-269
-345
-577
-917
-1191
-1301
-1228
-1039
-785
-552
-468
-386
-426
-538
-615
-700
-702
-680
-525
-348
-336
-449
-607
-785
-889
-782
-661
-541
-518
-523
-524
-553
-549
-530
-479
-492
-499
-514
-507
-367
-305
-226
-116
-65
-42
-51
-12
71
209
299
385
353
355
314
231
153
-53
-111
-98
6
178
335
363
314
273
316
560
709
816
810
690
690
842
1033
1207
1158
1032
830
656
583
562
586
632
696
626
527
457
507
610
689
639
538
336
158
112
87
106
226
348
559
762
903
1029
1092
1105
921
683
388
145
29
9
-44
-23
-75
-192
-277
-303
-342
-421
-308
-62
167
255
161
-51
-278
-550
-661
-718
-710
-653
-568
-536
-456
-473
-516
-518
-550
-457
-437
-470
-498
-632
-864
-961
-890
-786
-629
-570
-618
-692
-679
-553
-337
-150
-123
-206
-331
-445
-628
-715
-803
-825
-794
-656
-547
-572
-561
-645
-661
-573
-427
-260
-87
-12
-133
-186
-206
-181
-37
118
104
-9
-92
86
315
534
677
616
447
350
284
169
102
51
128
247
330
341
324
298
355
392
314
211
190
301
477
684
800
883
894
827
747
659
535
387
294
153
68
78
87
210
404
557
756
790
689
582
496
514
524
442
225
39
-17
72
262
404
387
332
244
173
140
-11
45
169
275
256
96
-164
-319
-298
-183
-122
-214
-240
-355
-288
-121
3
99
134
131
31
3
-15
-163
-393
-685
-940
-992
-947
-838
-658
-445
-211
-5
116
28
-186
-458
-655
-719
-665
-615
-574
-485
-430
-265
-148
58
228
328
305
248
211
226
310
270
157
-23
-169
-227
-255
-203
-129
-4
13
-43
-92
-104
-58
-104
-103
-109
-93
-39
-33
-45
-107
-151
-137
-113
-52
-91
-180
-276
-444
-525
-504
-441
-340
-245
-173
-192
-241
-207
-112
72
184
150
26
-134
-234
-216
-153
17
223
413
369
261
136
-20
-96
-161
-88
-100
45
211
376
406
413
358
273
240
161
112
105
126
146
181
203
165
173
166
208
246
321
450
613
797
797
715
534
424
449
539
521
397
180
10
34
150
213
247
244
289
402
400
395
373
324
273
294
268
199
164
256
325
304
348
401
378
280
88
-134
-253
-266
-130
25
117
136
-90
-276
-361
-339
-240
-185
-131
-127
-179
-301
-450
-526
-457
-356
-312
-267
-312
-322
-354
-384
-315
-358
-433
-555
-750
-894
-985
-902
-793
-668
-585
-512
-439
-402
-364
-445
-603
-696
-789
-823
-751
-699
-644
-561
-392
-295
-283
-289
-321
-354
-295
-190
-77
55
163
159
107
45
-10
-43
-35
-119
-116
-97
58
281
555
782
786
699
517
385
279
379
422
507
619
683
795
799
657
508
374
294
375
429
391
390
400
471
642
696
692
603
409
277
205
218
220
267
327
360
446
470
445
383
323
165
59
54
75
157
197
157
61
-6
-32
16
96
137
59
-86
-270
-382
-330
-144
-71
-151
-263
-386
-475
-488
-410
-351
-266
-213
-130
-110
-104
-162
-183
-167
-142
-90
-53
-76
-107
-138
-64
13
-18
-13
-46
-96
-155
-200
-304
-445
-541
-541
-371
-253
-250
-232
-182
0
243
454
349
79
-190
-369
-304
-296
-304
-315
-375
-404
-312
-124
49
143
-26
-185
-287
-388
-436
-552
-555
-512
-411
-292
-215
-193
-106
-17
39
-1
-110
-196
-288
-321
-292
-269
-175
-127
-107
-75
-22
39
67
134
187
214
228
237
198
129
213
298
388
509
616
537
488
388
372
598
804
969
949
737
516
422
315
296
272
271
337
397
387
395
396
334
280
256
256
229
242
159
43
-75
-156
-79
100
285
422
501
362
101
-156
-324
-282
-7
199
254
257
137
38
45
166
237
201
49
-40
-101
-133
-189
-265
-325
-487
-630
-683
-556
-398
-213
-211
-322
-436
-518
-518
-535
-564
-592
-620
-617
-590
-549
-476
-411
-208
-48
123
231
221
73
-158
-156
-92
112
278
356
402
409
449
441
290
18
-317
-592
-697
-688
-562
-383
-364
-517
-630
-592
-525
-435
-438
-459
-324
-129
18
32
-68
-249
-254
-174
-7
91
149
154
92
22
-104
-159
-243
-235
-210
-63
119
318
457
454
452
423
400
318
389
470
531
587
562
469
398
436
639
819
864
732
377
162
19
-23
7
195
378
449
511
512
450
306
311
337
335
311
342
357
345
385
372
468
565
580
530
357
134
-17
-167
-176
-175
-139
-124
-127
-89
-123
-178
-119
-93
-177
-210
-268
-254
-243
-375
-623
-835
-816
-608
-372
-214
-237
-414
-691
-795
-807
-680
-460
-351
-325
-413
-501
-576
-694
-761
-647
-559
-414
-234
-110
-121
-137
-182
-285
-271
-220
-197
-135
-38
71
269
341
333
220
1
-237
-409
-445
-437
-307
-81
193
411
524
494
412
283
208
210
199
204
153
77
64
232
349
400
238
135
61
-2
27
-8
-11
-7
62
154
217
190
175
118
31
94
258
349
492
541
537
486
499
413
316
190
188
271
396
409
271
134
-64
-62
72
278
372
352
187
16
-85
-167
-184
-95
48
201
357
419
343
204
102
89
120
85
22
-55
-123
-95
-114
-189
-417
-621
-706
-668
-567
-396
-193
-48
70
147
145
47
-14
-63
-139
-229
-265
-345
-377
-472
-390
-316
-212
-127
-121
-51
8
176
295
310
214
36
-144
-184
-44
219
385
439
377
253
198
204
279
292
265
232
235
270
244
106
-148
-461
-692
-680
-453
-270
-294
-416
-610
-786
-810
-790
-634
-540
-558
-542
-417
-231
-84
-38
-68
-170
-197
-167
-155
-91
-70
-62
-92
-112
-77
