155
128
20
86
174
230
288
372
370
278
80
10
-60
-83
-144
-248
-313
-351
-199
-121
-93
-37
38
217
416
482
305
78
-215
-335
-216
-12
222
345
187
36
-180
-302
-299
-307
-113
-64
-104
-159
-220
-232
-176
-131
-40
28
-15
-203
-412
-488
-375
-271
-171
-52
17
114
220
270
308
376
407
408
241
151
233
273
296
285
265
74
-121
-144
-107
0
144
204
245
235
198
134
68
77
75
123
246
284
251
233
254
272
79
-102
-240
-357
-378
-431
-442
-581
-529
-460
-231
-5
-10
127
172
115
53
-109
-229
-205
-126
5
187
366
503
578
578
549
408
329
259
199
215
79
-57
-51
-13
-46
-14
23
90
159
142
125
131
264
398
495
417
348
178
-15
-79
-108
-175
-302
-474
-629
-742
-753
-696
-724
-562
-388
-248
-185
-240
-270
-187
-111
-67
-120
-188
-259
-247
-228
-206
-18
79
122
94
-11
-14
11
-5
-80
-210
-194
-167
-82
-7
-68
-70
40
269
345
367
305
196
145
42
-55
-147
-272
-209
-197
-48
61
148
184
226
205
175
191
50
-19
76
165
195
210
150
86
77
266
402
402
455
389
187
30
17
107
216
365
397
320
227
50
-66
-168
-163
50
190
114
-48
-230
-448
-486
-525
-505
-429
-383
-314
-244
-159
-167
-163
-136
-147
-169
-64
-94
-185
-231
-244
-106
-87
-155
-148
-125
-97
-54
-100
-55
95
230
215
126
-19
41
152
293
320
362
513
646
748
682
562
371
156
30
58
94
71
-33
-128
-257
-329
-260
-236
-318
-384
-487
-438
-242
-49
72
62
28
15
-92
42
269
357
498
431
330
208
124
14
-84
-152
-208
-163
-48
45
204
315
326
321
207
-21
-251
-246
-329
-269
-274
-205
-195
-167
-148
-18
157
141
219
64
-14
-100
-146
-152
-137
-210
-273
-205
-113
-70
-52
-123
-131
-64
-12
-11
-24
-127
-310
-440
-448
-318
-235
-161
-161
-238
-267
-202
-134
-132
-247
-352
-390
-374
-358
-314
-294
-219
-18
121
136
151
132
170
174
164
176
179
224
177
307
460
544
550
475
501
544
589
595
488
353
174
48
12
56
202
411
618
693
560
268
46
1
91
249
152
-80
-105
36
312
487
367
19
-309
-562
-576
-221
90
292
247
238
142
11
-96
-209
-387
-507
-459
-336
-300
-248
-297
-365
-222
-144
-73
-61
-86
-182
-212
-132
-245
-347
-331
-363
-385
-374
-219
-76
-25
31
64
154
169
188
184
72
-107
-183
-198
-131
13
65
-25
-210
-358
-521
-631
-474
-208
122
306
452
496
329
149
-73
-218
-298
-115
235
497
489
329
62
-23
-42
21
234
354
505
532
505
355
319
239
162
88
-48
83
121
117
109
10
-275
-468
-582
-528
-386
-128
240
443
478
292
137
-139
-246
-202
-119
73
62
-34
-213
-291
-282
-295
-296
-312
-286
-234
-143
-138
-111
-240
-448
-617
-581
-377
-33
227
343
383
307
270
232
80
-38
-118
63
304
465
564
491
390
189
124
49
-58
-209
-286
-198
25
246
402
326
317
289
284
293
365
457
508
507
380
294
162
-13
-181
-331
-452
-283
-147
-85
-123
-233
-277
-242
-316
-400
-437
-513
-552
-515
-460
-401
-283
-214
-223
-198
-92
33
173
328
349
283
233
178
127
-3
-283
-446
-421
-393
-177
179
415
433
320
126
-29
-135
0
93
307
558
462
417
364
317
165
49
-87
-205
-185
-265
-206
-195
-247
-155
-96
-134
-110
-124
-187
-238
-262
-241
-140
53
9
15
-34
-72
25
87
151
196
317
279
310
257
-9
-305
-421
-348
-75
140
324
397
204
-10
-75
123
326
529
540
423
212
45
-38
-84
-131
-243
-373
-423
-373
-315
-422
-692
-962
-1293
-1505
-2404
-4284
-4504
-1305
3910
7475
6878
3376
-63
-1558
-1009
156
1068
1922
2268
1837
1020
185
-124
132
119
-21
-538
-1092
-992
-527
-120
-301
-1290
-2133
-2377
-2117
-1171
-107
329
122
-430
-711
-464
-268
-623
-1433
-2266
-2552
-2193
-2986
-3469
-2457
147
4141
6180
4587
2294
155
-1154
-731
-300
-83
229
-295
-1088
-2102
-4666
-7294
-7925
-5280
-174
4273
5780
4844
2638
2317
4035
5363
5525
4983
4312
4110
2956
1104
1441
2505
1386
245
803
801
-1570
-3541
-3220
-722
3145
4792
3542
3422
3086
1358
-1166
-2918
-2711
-808
1884
4559
4622
1757
-1175
-3945
-5080
-4069
-2194
28
558
-595
-1749
-2556
-3227
-4280
-5123
-5218
-5060
-4668
-3524
-1851
-638
-302
-762
-1350
-1372
-1123
-1013
-533
-49
346
585
868
1037
583
-26
-1340
-2668
-3295
-3409
-2952
-2512
-2276
-2560
-3006
-3291
-3812
-3920
-3870
-3960
-3894
-3927
-3532
-2832
-2211
-1673
-1520
-1747
-1977
-1657
-852
-112
359
213
258
533
1220
2323
3190
3709
3665
3686
3883
4240
4949
5757
6600
7395
7981
8292
8244
7850
7334
7124
7096
6884
6508
6012
5658
5498
5362
5171
4590
3710
2757
2090
1842
1675
1477
1082
590
237
253
279
-123
-757
-1150
-1060
-456
216
549
411
-11
-470
-900
-706
-250
-387
-1061
-1922
-2379
-2188
-1615
-1132
-1543
-2321
-2730
-2948
-2716
-2506
-2826
-3591
-4122
-4388
-4093
-3390
-2456
-1352
-127
1213
2588
3862
3080
-1658
-10874
-21260
-26262
-23394
-15714
-8957
-5616
-3607
-1791
-19
1038
972
-75
-1898
-2078
2153
10915
19756
24384
24019
20639
17264
14338
11832
9150
5427
2025
640
2672
6843
9050
6589
-391
-8903
-15575
-18887
-19470
-18262
-15568
-10925
-3886
3881
9733
11467
8317
3268
329
1603
6563
11943
15682
17678
18327
18128
16328
11684
4513
-3881
-10585
-13225
-12331
-9811
-7746
-7126
-7612
-8861
-10605
-12282
-13731
-13997
-11727
-6980
-685
4907
7600
7137
4080
8
-3568
-5853
-6259
-4866
-2175
1307
4632
6214
5578
2923
-637
-3704
-5442
-5529
-4268
-2392
-1419
-2035
-3772
-5731
-8159
-10489
-12020
-12081
-10358
-8234
-6549
-4889
-3294
-2052
-1158
-584
186
1002
2501
3507
3192
3137
2867
2185
1612
1273
1151
1107
904
812
1278
2616
4217
3753
-503
-9376
-19150
-24140
-21965
-14532
-7673
-4336
-3247
-2040
636
3485
4729
3346
329
-2013
-435
5906
13869
20182
22083
20359
17568
14975
13473
11575
7797
2753
-1127
-706
4459
11007
14382
12621
7074
1340
-1395
-1489
-685
-1163
-3060
-3552
-953
4643
10105
11499
8314
2640
-1673
-2365
-527
1045
886
-143
-90
2221
4941
5255
2389
-2514
-6199
-6717
-4663
-2316
-2495
-4941
-7498
-8256
-6791
-4380
-3150
-3996
-6033
-7656
-7959
-7131
-6622
-7056
-8261
-9102
-8439
-7003
-5689
-6036
-7605
-8655
-8230
-6494
-4883
-4478
-5532
-6704
-6790
-5540
-3773
-2721
-3016
-4074
-4912
-4982
-4478
-3923
-3788
-4143
-4375
-4265
-3622
-2637
-2106
-2315
-2816
-3113
-3003
-2421
-1974
-1832
-1659
-1254
-694
-186
169
328
461
628
895
1414
1955
2525
2949
3308
3732
4101
4382
4416
4327
4302
4301
4689
5507
6069
5582
3837
941
-2119
-4163
-4703
-3627
-2094
-778
-44
125
285
-46
-901
-2565
-4626
-6250
-6467
-4561
-993
3250
6476
8004
8254
7760
6999
6120
4802
3125
1891
2087
3995
6651
8767
9112
7909
6010
4502
3640
3140
2660
2056
1534
1588
2758
4243
5114
4740
3210
1294
-130
-790
-845
-889
-1240
-1603
-1291
-48
1598
2626
2145
657
-1067
-2076
-2400
-2541
-3201
-4375
-5300
-5305
-3969
-2143
-798
-650
-1603
-2959
-4091
-4555
-4514
-4134
-3492
-2397
-1056
137
694
248
-708
-1722
-2192
-1933
-1231
-190
392
650
702
744
828
417
-65
-752
-1015
-855
-525
336
750
389
-537
-1682
-3205
-3765
-3557
-2207
-256
1055
1055
-398
-2032
-2773
-1990
-508
436
-82
-990
-1033
20
1345
2622
2917
2423
1776
1550
2098
3218
4439
5327
5949
6710
7443
7111
4007
-2743
-11593
-18490
-19989
-16346
-10965
-6995
-5400
-5214
-5286
-5134
-5178
-6166
-8527
-11059
-10934
-6034
2595
11423
17201
18949
17849
15980
14476
13208
11187
8072
5185
4926
8281
13245
16322
15089
9581
1984
-4758
-8894
-10641
-11558
-12339
-12310
-9933
-5060
-143
1940
-340
-5504
-10429
-12107
-9656
-4789
466
4779
8582
11949
14266
14078
10447
4451
-1697
-5220
-5103
-2495
372
1485
546
-1624
-3992
-6082
-8632
-11166
-12970
-12372
-8405
-2672
2479
4893
4403
2423
652
-25
232
995
1885
3276
5598
8037
9521
8471
5169
1128
-1618
-1595
213
2375
3599
3770
3606
3065
1818
-254
-2751
-4982
-5825
-4675
-1920
933
2357
1932
193
-1829
-2959
-2735
-1447
198
1914
3709
4980
5496
5162
4329
3325
2741
2507
2395
2545
3005
4068
3182
-1367
-11003
-21908
-27350
-24726
-16428
-8991
-4953
-3260
-2693
-1807
-754
287
-24
-1424
-1731
2456
11299
20200
25394
25082
20880
15957
11809
9492
7218
3225
-1215
-3357
-994
3956
6771
4331
-3366
-13200
-20825
-22741
-19634
-14192
-9146
-4931
780
7591
13439
15537
12214
6546
2368
3151
8843
15753
20428
21607
20207
17710
14286
8727
519
-8753
-16096
-18119
-14853
-9369
-5332
-5422
-8539
-12235
-14898
-15920
-16594
-17117
-15822
-10855
-2309
6830
12379
12408
8555
3954
1646
2510
5045
7853
9440
10169
10787
10212
7206
1148
-6344
-12224
-14253
-12183
-7941
-4043
-2556
-3007
-4188
-5021
-5597
-6693
-7651
-7405
-5218
-1169
3181
6355
7039
5184
2343
203
-816
-850
-308
515
2007
3598
4473
4442
3352
1938
859
365
75
-187
-392
-109
645
1943
3259
2111
-2837
-12690
-23009
-27712
-24088
-15016
-6901
-2484
-1088
-838
-166
1044
2157
1742
260
-205
3821
12136
20509
25199
24405
19991
14914
10911
8712
6186
1767
-3146
-5181
-2031
3963
7548
5091
-3032
-13241
-20450
-21336
-17300
-11492
-7068
-3573
1860
9196
16316
19482
16856
10572
4842
3988
8449
15000
19455
20449
18845
16461
13594
8965
1728
-7174
-15074
-18373
-16391
-11332
-7063
-6246
-8247
-10924
-12717
-13181
-13402
-14027
-14189
-11598
-4848
4917
13180
15906
12009
3769
-3416
-5905
-3066
2470
6592
8360
8416
8225
7606
5110
157
-5903
-10299
-10678
-6455
-306
3817
3716
-92
-4336
-7023
-7762
-7390
-7137
-6411
-4340
-323
4720
8003
7525
3528
-1280
-3880
-3151
-212
2725
3835
3051
1887
1486
1528
959
-370
-1568
-1970
-1435
-248
979
1747
2123
2491
3388
3151
-82
-8273
-18954
-26253
-25521
-17410
-7813
-1483
368
-974
-2943
-3535
-2139
-719
-917
-2115
-610
5804
14929
22544
25103
22199
16159
10234
7335
6650
5362
2396
-98
962
5358
9468
9324
3538
-6459
-16401
-21137
-19288
-13423
-8355
-5568
-2742
1819
7630
11642
11171
6170
-560
-3713
-264
8224
16714
21276
21046
17733
13523
9243
4796
-541
-6487
-10610
-10858
-7052
-2095
511
-839
-5468
-11154
-15561
-17544
-17581
-16676
-14370
-9719
-2641
4504
8695
7969
2390
-5123
-10318
-9599
-3146
5088
11131
13388
12562
9934
6415
2423
-1703
-5483
-7148
-4952
586
6274
8341
5307
-1009
-7435
-11034
-10689
-7761
-4492
-2061
121
2658
4902
5293
3066
-830
-4425
-5485
-3114
1507
5229
5985
4345
2180
976
516
416
160
-170
69
1273
2724
3502
3132
2368
2008
2549
3667
3020
-1429
-10976
-21727
-27151
-23466
-13600
-4276
429
157
-3098
-6099
-6121
-3065
-159
459
180
3239
10644
19098
24586
24667
19847
12768
7195
5632
6112
5597
3583
2626
4212
6758
7041
2965
-5229
-15110
-21752
-21205
-14765
-7156
-2455
-256
1817
4548
7271
8085
5769
1190
-1813
678
8636
17747
22753
22104
16865
9831
3639
-585
-3296
-5916
-8365
-8634
-6020
-2252
-428
-2381
-7754
-14519
-19417
-19976
-16305
-10795
-5454
-624
3783
7270
8249
6474
2076
-3617
-7817
-7913
-3110
3874
9184
10888
8768
4109
-1239
-5000
-6235
-5558
-3397
48
4575
8067
8190
4549
-1407
-7140
-10430
-9445
-4977
30
2965
3455
2836
1807
510
-765
-1759
-2074
-1256
1414
4843
6985
6504
4052
1483
-165
-364
579
1902
2727
2816
2567
2569
2703
2991
3255
3868
3831
984
-6345
-17566
-26470
-27282
-19180
-7933
287
3079
907
-3796
-7146
-6115
-1734
2220
4586
7573
13689
20672
24916
24696
19920
12162
4558
649
1267
2919
3380
3096
3334
2730
-491
-6434
-13715
-20369
-23746
-20473
-11001
-421
6689
9302
9544
8731
7500
6829
6707
6805
7792
11453
17455
22184
22062
16613
7966
-1433
-8937
-12314
-11890
-10162
-9113
-8364
-6980
-6457
-7991
-11351
-14943
-17235
-16457
-10891
-1485
7624
12843
14172
12803
9656
5474
1246
-1698
-3604
-3806
-1488
2390
4780
3212
-1592
-6967
-11080
-12263
-9744
-4219
1557
5304
6842
6792
4998
1535
-1945
-4041
-4379
-3124
-639
2303
3645
2537
139
-1821
-2448
-1592
721
3749
5773
6089
5016
3418
1541
-283
-1433
-1588
-1291
-921
-463
84
369
481
682
1128
1719
2376
3266
4142
4791
2888
-3195
-14174
-25018
-28491
-21880
-9861
390
5238
4227
-1197
-7134
-8603
-4242
2270
7481
11911
17395
22528
24284
22220
17104
9688
2045
-2236
-1114
2606
5098
5874
4997
1390
-5853
-14161
-20120
-21966
-19426
-11872
-1067
7995
11895
11514
9460
7205
5244
5369
8031
11350
14178
17036
19507
19000
13726
5334
-3225
-10157
-13849
-13070
-9051
-5582
-4935
-6422
-8189
-10317
-12742
-13755
-12253
-8537
-3394
3124
9608
12926
11849
8252
4730
2081
876
424
52
-2336
-5933
-7676
-6869
-5076
-4274
-4498
-4956
-5288
-4694
-1717
2255
4871
5009
4071
3179
2278
1136
250
-575
-2054
-3575
-4015
-3033
-1422
-42
1541
2876
3448
3343
3214
3015
2367
1393
919
877
810
459
-155
-1131
-2436
-3131
-2581
-1093
434
1727
2725
3215
3351
3397
3556
3865
3624
840
-6232
-17335
-26842
-27652
-18261
-4583
5624
8454
3871
-5038
-12221
-11870
-3871
6472
14309
18776
20712
20191
17098
12822
8350
3934
794
699
3676
7046
8387
7071
2646
-5027
-14202
-20680
-21475
-16385
-7420
2548
9571
10705
6937
2007
-756
38
4192
10340
15734
17794
16737
14356
11370
7270
2180
-2552
-5724
-6854
-5529
-2687
-980
-2720
-7299
-11803
-13772
-12768
-9287
-4524
-228
2259
3167
3357
3077
2102
1214
1458
2223
2518
1634
121
-1966
-4193
-5843
-5981
-4835
-3104
-1148
634
1447
612
-1293
-2632
-2713
-1555
454
2515
3475
2581
130
-2651
-4819
-5713
-4885
-2521
421
2871
4131
4163
3242
1872
780
321
430
819
1168
1284
881
61
-1027
-2221
-3306
-3682
-2703
-563
1958
3676
4296
3742
2622
1777
1865
2980
4177
3185
-2380
-12604
-23547
-28176
-23041
-11273
117
5793
3990
-3433
-11279
-13329
-7399
2899
12413
18273
20064
18216
14051
9892
7218
5724
4694
4500
5712
7728
8923
8043
4314
-2367
-10258
-16081
-17058
-12762
-5309
2043
6201
5394
805
-4111
-5860
-2907
3824
11416
16506
17050
13882
9628
6242
3990
2546
1777
1631
1883
2075
1902
293
-3273
-7833
-11154
-11569
-9135
-5341
-1923
-368
-1134
-3280
-5009
-5049
-3323
-578
1960
3419
2876
1233
-700
-2088
-2836
-2935
-2234
-911
604
1962
2503
1726
-421
-3230
-5141
-5056
-2871
259
2770
3245
1356
-2000
-4980
-5979
-4638
-1614
1434
3250
3418
2312
762
-428
-759
-230
729
1627
2134
2178
1664
513
-962
-2384
-3098
-2949
-1813
-2
1823
2958
2923
1983
819
146
496
1865
3808
5292
4810
420
-8376
-19193
-26709
-25805
-16743
-4576
4135
5711
-18
-9141
-15608
-14302
-5272
6859
16675
20987
19417
13832
7622
4025
3968
5982
8127
9416
9898
9640
8402
5749
1500
-3713
-8187
-10062
-8280
-3639
1617
4642
3561
-1267
-7053
-10150
-8285
-1803
6377
12401
13655
10119
4682
705
102
2532
6171
8993
9442
7239
3461
-253
-2917
-4352
-4759
-4189
-3073
-1957
-1558
-2301
-4378
-7393
-9792
-10123
-7564
-3139
1376
4215
4292
1838
-1727
-4400
-4679
-2358
1389
4689
6055
4828
1623
-2067
-4810
-5613
-4476
-1918
829
2559
2566
900
-1631
-3918
-4900
-4125
-1981
510
2187
2212
761
-1399
-3270
-3988
-3238
-1424
587
1852
1783
704
-713
-1646
-1818
-1291
-313
717
1427
1631
1404
879
381
37
35
383
1118
2187
3666
4632
3681
-703
-8692
-17612
-24036
-24319
-18448
-9053
-829
2349
-824
-8091
-14484
-15401
-9112
1853
12843
19387
19409
14198
7331
2879
2928
6700
11734
15243
15743
13276
9205
5229
2605
1360
1071
1096
1212
1168
821
-58
-1458
-3016
-4268
-4517
-3513
-1355
1266
3317
3995
3089
1295
-213
-262
1377
4027
6377
7184
6033
3420
680
-1052
-1118
154
1862
2666
1887
-542
-3652
-6137
-7003
-5852
-3634
-1474
-593
-1075
-2423
-3676
-4106
-3556
-2414
-1365
-712
-361
-206
-148
-315
-675
-1251
-1769
-1912
-1433
-376
756
1512
1505
756
-373
-1402
-1860
-1567
-815
-133
-29
-766
-2057
-3268
-3793
-3510
-2736
-2014
-1663
-1872
-2287
-2528
-2437
-2043
-1684
-1405
-1183
-959
-699
-453
-245
-129
-241
-449
-516
-365
-136
5
128
335
603
996
1521
1870
1551
207
-2097
-4424
-5873
-5761
-4502
-2891
-1755
-1728
-2779
-4294
-5211
-4794
-3018
-571
1636
3052
3503
3199
2758
2717
3436
4655
5951
6835
7237
7128
6688
6129
5623
5305
5191
5131
5233
5380
5376
4983
4289
3497
2819
2438
2482
2835
3005
2687
1902
772
-351
-1144
-1366
-939
-255
276
257
-216
-1041
-1806
-2223
-2108
-1459
-736
-132
70
19
-234
-576
-917
-1183
-1277
-1260
-1199
-1241
-1383
-1713
-2130
-2439
-2592
-2504
-2434
-2477
-2593
-2635
-2497
-2210
-1957
-1930
-2063
-2197
-2162
-1935
-1684
-1532
-1491
-1523
-1454
-1200
-865
-668
-734
-1078
-1414
-1650
-1511
-1047
-605
-401
-535
-823
-1043
-1116
-1090
-1027
-976
-911
-807
-629
-406
-247
-281
-329
-359
-286
-135
83
424
773
991
935
755
619
494
490
585
756
973
1214
1491
1649
1719
1616
1369
1091
847
801
935
1171
1231
1073
751
415
264
387
829
1388
1668
1638
1285
750
331
193
314
501
609
589
512
420
326
225
185
224
338
586
953
1268
1314
1040
634
297
119
127
241
432
592
556
311
-33
-275
-399
-474
-436
-365
-339
-281
-146
51
189
319
292
123
-49
-198
-204
-84
150
302
247
44
-232
-403
-504
-460
-360
-224
-78
4
-17
-131
-456
-693
-761
-711
-643
-727
-893
-1059
-970
-770
-473
-275
-311
-545
-898
-1072
-1030
-811
-513
-318
-315
-309
-237
-142
-5
38
-44
-169
-401
-549
-537
-398
-245
-210
-294
-396
-517
-588
-541
-465
-276
-136
-67
-73
-141
-200
-232
-190
-112
10
149
319
416
483
562
534
488
424
427
444
413
371
261
225
256
422
712
1052
1187
1041
652
242
-57
-200
-235
-191
-103
-69
-97
-69
-75
-63
-31
52
187
347
595
816
962
804
472
148
-1
5
160
306
406
319
97
-75
-151
-230
-390
-492
-425
-317
-222
-86
-30
-10
-62
-248
-428
-553
-566
-484
-278
41
234
212
9
-224
-418
-421
-297
-60
183
340
442
361
181
16
12
82
143
193
69
-175
-423
-505
-342
45
407
541
354
-21
-338
-427
-277
21
183
216
176
97
268
549
745
647
297
-144
-444
-389
-75
372
705
806
642
208
-286
-524
-500
-216
68
174
214
136
67
-61
-298
-519
-681
-804
-848
-630
-239
157
363
324
34
-353
-570
-545
-307
44
248
429
494
584
700
680
457
-3
-460
-773
-740
-423
-4
220
118
-214
-591
-925
-1105
-1144
-975
-592
-168
225
503
549
363
92
-135
-68
201
594
877
995
872
649
409
228
166
154
260
241
190
133
90
-101
-294
-461
-553
-413
-291
-171
-42
20
-7
-149
-306
-360
-299
-209
-149
3
177
269
286
116
-152
-342
-307
60
515
739
672
253
-337
-716
-662
-300
114
365
428
340
177
-48
-207
-328
-453
-463
-359
-153
-35
42
62
7
-84
-255
-429
-492
-336
63
537
938
1068
839
440
95
-61
57
348
511
504
437
469
504
417
194
-195
-600
-811
-796
-475
-46
286
424
222
16
-132
-101
124
285
337
262
210
304
420
497
588
440
147
-176
-467
-565
-449
-187
-18
-87
-419
-769
-1066
-1133
-955
-611
-317
-185
-114
-6
88
79
-32
-189
-276
-228
-37
185
367
401
274
143
-3
-93
-138
-162
-15
114
198
206
72
-88
-142
-88
114
302
348
265
11
-257
-442
-449
-299
-51
163
231
255
289
377
377
239
-67
-318
-257
155
653
897
743
288
-192
-364
-162
189
487
564
452
250
34
-210
-376
-526
-527
-504
-318
-44
50
53
-117
-308
-440
-590
-576
-504
-230
208
538
700
571
281
-104
-347
-317
-24
288
387
257
7
-204
-420
-528
-588
-587
-533
-341
-68
275
481
457
270
-96
-408
-518
-332
15
405
679
740
594
381
333
379
481
450
250
4
-172
-204
-144
-44
7
-6
-104
-271
-443
-397
-225
25
227
342
352
318
367
465
592
662
528
300
152
202
222
27
-287
-534
-588
-427
-132
29
2
-232
-565
-784
-862
-884
-914
-842
-563
-270
-53
75
44
-27
-91
-21
91
141
86
1
-35
-101
-82
9
-9
-108
-173
-37
318
598
689
399
-137
-469
-513
-205
281
660
782
623
309
41
-75
-53
25
64
138
175
192
140
12
-125
-257
-415
-437
-384
-264
-11
161
336
304
120
-111
-266
-169
82
324
324
156
-53
-197
-278
-268
-233
-194
-150
-172
-124
48
376
686
702
543
324
171
266
565
916
990
753
435
168
147
230
364
385
192
-152
-408
-534
-526
-495
-510
-468
-455
-448
-541
-656
-608
-594
-491
-384
-169
21
136
220
206
175
128
113
125
187
218
154
-17
-265
-503
-579
-480
-365
-349
-519
-752
-867
-751
-438
-140
136
342
377
336
231
71
1
25
195
487
690
699
523
284
18
-98
13
136
265
367
405
434
397
246
-52
-352
-660
-741
-510
-152
210
464
509
412
197
-62
-141
-161
-150
-51
119
263
332
356
314
190
-95
-316
-379
-202
34
274
373
244
-25
-256
-434
-442
-194
-13
78
-27
-236
-418
-537
-466
-166
46
175
145
35
-39
-44
59
197
265
163
38
69
139
154
186
175
153
132
122
214
404
589
652
524
227
-63
-289
-419
-451
-443
-503
-530
-493
-437
-356
-339
-306
-351
-446
-447
-321
-9
225
418
496
468
428
304
227
124
10
-53
-1
83
81
62
-51
-206
-406
-501
-528
-432
-254
-78
54
163
190
119
-1
-65
98
295
565
759
769
648
412
196
100
37
97
210
302
331
360
264
165
-111
-367
-496
-507
-238
120
363
254
-10
-418
-669
-670
-400
17
288
297
235
113
-30
-94
-249
-178
-70
107
241
217
132
-67
-174
-231
-312
-354
-298
-293
-229
-126
-152
-221
-361
-497
-539
-521
-450
-313
-169
-138
-134
-133
-84
40
131
163
109
-9
11
196
419
659
683
482
202
-45
-74
102
402
642
642
415
140
4
-71
43
19
-97
-219
-274
-233
-183
-144
-131
-137
-210
-223
-229
-117
66
242
418
510
537
490
383
264
57
-84
-20
55
118
126
24
-9
11
29
-8
-168
-286
-367
-413
-362
-303
-284
-261
-245
-153
-77
62
94
75
90
33
19
62
194
316
487
582
609
529
295
115
-155
-344
-361
-247
-5
267
504
438
135
-196
-437
-477
-289
1
186
334
312
179
44
-84
-164
-202
-127
12
228
384
380
320
190
-26
-264
-470
-562
-617
-578
-419
-322
-239
-289
-412
-597
-701
-626
-448
-265
-175
-206
-354
-368
-369
-343
-239
-81
97
277
361
353
318
357
458
536
556
508
407
464
621
535
389
117
-166
-304
-230
-113
-58
-90
-160
-196
-243
-310
-376
-317
-187
-28
69
14
-60
-74
61
205
288
342
288
387
441
524
473
263
108
29
97
286
376
292
202
-25
-155
-272
-376
-422
-539
-489
-332
-99
114
194
144
75
25
-4
28
-33
-108
-152
-145
-66
-15
32
23
-84
-142
-225
-212
-4
129
195
189
143
118
-40
-249
-420
-454
-228
50
161
192
129
-61
-215
-224
-129
43
203
268
215
182
144
167
232
203
179
314
507
656
709
540
456
451
376
122
-173
-484
-709
-719
-639
-537
-402
-229
-162
-176
-282
-352
-308
-235
-181
-188
-209
-165
54
201
384
410
286
241
350
422
477
422
159
-90
-340
-406
-356
-263
-265
-301
-421
-492
-469
-438
-354
-300
-285
-234
-101
49
204
302
317
302
276
268
280
321
293
283
231
129
66
8
20
-22
-48
-34
-22
-111
-217
-348
-439
-532
-513
-342
-275
-103
21
102
40
-25
-55
-113
-48
118
300
379
460
557
536
514
502
386
264
210
251
246
149
25
-65
-90
-116
-112
-132
-180
-180
-157
-87
-192
-244
-266
-158
-31
142
356
447
491
480
500
458
363
203
161
124
89
137
243
231
187
72
-92
-182
-297
-389
-494
-616
-701
-654
-452
-179
-24
-84
-263
-475
-616
-540
-336
-152
-111
-108
-82
-18
151
251
277
249
234
220
237
167
-4
-121
-210
-295
-283
-224
-136
27
42
-1
-62
-102
0
128
225
296
305
229
223
243
253
103
-70
-224
-327
-235
-61
85
203
144
23
-21
-45
-39
28
127
215
128
-95
-324
-474
-440
-300
-136
31
128
187
247
330
296
180
29
-101
-122
-142
-18
23
63
28
-38
-24
7
110
242
330
419
431
387
281
150
37
-108
-192
-340
-372
-371
-360
-277
-119
72
240
353
303
210
80
52
-20
-74
-99
-140
-139
-150
-145
-144
-131
-39
66
38
-2
-144
-236
-282
-237
-91
-49
-56
-91
-212
-225
-117
-34
45
0
-47
-75
-179
-254
-198
-90
108
329
477
479
387
275
282
349
453
528
451
425
346
261
187
68
-13
-26
-36
8
42
-1
-92
-236
-306
-217
-168
-75
58
49
13
-131
-266
-373
-334
-364
-389
-403
-290
-153
-100
-112
-257
-360
-367
-272
-151
4
15
7
-26
-120
-62
30
156
207
128
110
117
177
221
183
128
37
13
103
231
287
236
158
114
101
188
296
392
415
412
318
237
156
90
143
229
247
103
-92
-284
-397
-374
-242
-167
-90
-73
-79
-35
-122
-224
-303
-323
-297
-223
-93
4
48
54
-25
-49
-12
-61
-152
-320
-375
-311
-192
-20
84
146
109
-35
-138
-181
-125
-29
34
-64
-202
-185
-129
-34
122
281
302
259
185
128
234
286
339
386
391
379
300
288
215
-3
-191
-301
-232
-86
23
52
-16
-218
-257
-198
-74
23
-3
-35
-84
-50
58
113
116
5
-133
-168
-202
-71
58
211
390
446
329
132
-94
-222
-258
-259
-180
-227
-318
-460
-544
-506
-334
-137
18
-2
-78
-199
-228
-172
-41
106
156
161
154
135
169
183
196
203
225
155
118
166
288
458
367
221
25
-16
-7
-15
-46
-129
-205
-253
-209
-164
-199
-218
-137
-97
-33
41
50
17
-59
-129
-126
-19
114
344
548
672
720
483
254
150
-18
-171
-267
-284
-142
-13
90
243
368
340
237
131
-15
-194
-191
-200
-277
-286
-351
-377
-296
-117
148
345
327
246
96
-43
41
116
203
232
172
57
-152
-207
-171
-173
-118
-129
-142
-108
-89
-55
-111
-154
-153
-167
-122
-93
-187
-365
-425
-424
-415
-264
-182
-60
-3
-40
21
117
251
296
278
144
-5
-61
-39
57
32
-30
-88
-257
-326
-271
-196
-75
-12
56
79
48
69
43
64
78
73
148
222
289
427
499
409
337
219
100
26
-61
-115
-180
-147
-141
-69
57
98
204
168
99
21
-85
-189
-268
-252
-182
-20
104
247
256
206
107
-15
-27
-76
-69
-23
81
229
324
327
157
-79
-289
-346
-284
-176
-68
4
27
-13
-76
-41
63
208
384
415
351
194
59
-120
-244
-278
-311
-260
-258
-217
-146
-207
-165
-111
-81
41
195
225
165
-58
-189
-148
-19
224
343
314
205
40
-174
-324
-408
-395
-325
-161
69
228
284
272
138
-42
-131
-131
-42
142
257
279
216
174
50
-79
-162
-229
-124
25
182
290
130
-68
-233
-236
-183
-45
77
9
16
-35
-72
-20
18
46
43
-1
-125
-193
-126
-45
71
125
53
58
55
49
45
98
24
-67
-140
-207
-157
-116
-2
80
142
182
221
151
59
-62
-204
-242
-294
-305
-269
-243
-172
-176
-165
-107
-84
-152
-204
-70
11
75
19
-110
-140
-167
-149
-78
25
27
65
136
133
99
149
105
59
-53
-134
-122
-60
117
308
521
564
583
581
547
502
384
318
308
376
463
462
333
167
-36
-240
-303
-204
-8
107
51
-30
-163
-234
-178
-22
56
83
44
-124
-225
-285
-221
-104
44
144
221
261
288
217
131
17
-28
-124
-160
-142
-139
-99
-145
-195
-309
-342
-359
-269
-218
-229
-195
-125
-54
-65
-107
-2
95
105
46
46
110
153
183
125
-58
-315
-404
-312
-102
22
72
-5
-107
-176
-148
-53
-65
-84
-33
2
32
-1
-101
-199
-260
-306
-329
-361
-414
-429
-446
-375
-254
-168
-162
-273
-453
-565
-448
-207
-6
78
65
57
119
213
239
227
215
232
243
227
231
219
233
264
298
315
251
157
117
172
321
436
463
363
326
372
393
419
495
535
582
619
607
560
493
362
172
34
16
167
367
491
421
294
180
132
137
100
40
-73
-188
-258
-312
-268
-263
-318
-448
-506
-576
-576
-480
-424
-345
-287
-318
-336
-368
-436
-459
-515
-539
-509
-389
-334
-256
-204
-204
-145
-51
-3
98
213
264
302
264
126
15
18
-1
46
120
63
1
-102
-195
-178
-168
-138
-80
47
130
80
-18
-35
-106
-130
-67
-80
-130
-196
-242
-193
-191
-70
158
364
484
508
469
323
278
227
241
228
261
279
208
248
169
171
135
117
109
81
75
-40
-32
-179
-253
-268
-207
-4
28
95
60
50
21
-62
-148
-190
-169
-183
-83
-20
2
1
6
-42
-49
37
82
54
60
26
32
54
-20
72
171
246
249
191
123
2
-17
-31
-71
-52
39
178
203
268
174
-62
-208
-396
-469
-430
-270
-169
-128
-197
-202
-240
-269
-185
-117
-29
-14
11
23
61
112
191
227
261
228
48
-67
-70
-69
100
225
304
324
233
111
-54
-106
-107
-51
34
73
92
79
-29
-155
-161
-131
-68
-40
-70
-66
8
86
177
245
160
130
104
-18
-115
-200
-216
-168
-83
-119
-168
-280
-363
-330
-270
-141
-7
59
97
226
289
309
329
218
111
10
-74
-146
-186
-90
-62
-21
-23
11
123
227
234
244
222
54
15
-65
-210
-287
-269
-261
-221
-196
-219
-148
-11
98
190
214
152
77
-17
-89
-144
-128
-94
-70
-68
-60
-24
31
140
102
0
-151
-276
-342
-247
-30
62
68
-17
-56
-79
-88
-161
-244
-265
-206
-10
281
390
386
338
150
61
172
304
408
449
368
226
146
116
116
69
9
6
-74
-143
-67
94
313
438
395
244
44
-53
-53
-49
-24
-17
26
122
153
138
4
-147
-233
-175
-124
-47
-57
-89
23
115
75
3
-130
-241
-257
-349
-264
-166
-109
-80
-25
-68
-197
-187
-111
-18
37
19
-13
-31
-51
-50
-88
-126
-238
-303
-276
-185
-45
39
146
162
119
-24
-127
-104
-12
65
25
-30
-10
-3
-79
-134
-148
-146
-65
39
106
171
163
162
193
232
227
174
205
295
271
163
-19
-233
-314
-233
-79
62
184
158
36
-102
-175
-79
-19
85
94
80
123
148
145
132
190
214
162
103
101
106
52
86
188
157
71
15
-41
-175
-155
-114
-141
-140
-194
-217
-229
-286
-350
-304
-203
-46
63
122
107
88
116
195
210
145
67
-5
-55
-78
-50
-92
-157
-173
-186
-120
-61
-55
-104
-158
-188
-202
-29
99
111
95
-74
-320
-345
-346
-246
-92
-8
32
33
62
114
141
87
94
122
164
167
144
195
298
340
422
423
350
295
247
190
189
183
118
90
52
118
132
176
168
132
64
100
182
174
147
128
92
-48
-59
-144
-136
-119
-35
-2
-56
-135
-315
-504
-651
-731
-584
-309
-113
86
162
159
50
-50
-172
-283
-310
-276
-218
-247
-321
-373
-264
-185
-210
-229
-334
-408
-499
-558
-530
-482
-334
-106
168
310
294
164
-20
-41
-68
-154
-89
-27
95
132
211
324
401
461
438
400
318
249
269
411
543
591
501
304
186
230
428
597
698
577
373
230
85
48
103
207
380
353
185
66
-109
-174
-154
-130
-77
-39
33
97
97
101
110
67
3
-55
-147
-42
-19
-53
-96
-236
-327
-308
-130
63
126
79
-76
-266
-315
-281
-265
-224
-391
-468
-507
-512
-449
-414
-307
-341
-361
-401
-354
-236
-237
-314
-267
-276
-278
-193
-140
-13
65
178
175
55
6
-63
-113
-25
-11
-107
-220
-260
-186
-53
202
321
285
214
182
232
365
454
487
445
410
345
387
389
367
408
453
453
277
118
-50
-161
-159
-127
-31
73
108
58
24
14
-10
-44
-126
-69
-70
-108
-162
-225
-136
11
255
394
341
199
41
-62
-140
-162
-139
-17
8
49
83
103
52
-62
-119
-180
-147
-102
8
53
101
48
-46
-129
-184
-151
-117
-112
-61
26
80
156
213
245
214
139
-67
-266
-330
-261
-139
-55
-65
-109
-248
-335
-312
-207
-5
83
191
240
107
-127
-243
-273
-192
36
76
19
-43
-119
-67
42
-13
-112
-190
-230
-169
-149
-75
-57
-41
-4
31
85
35
-29
-102
-200
-176
-147
-117
-41
100
246
360
382
332
278
124
59
144
226
290
252
140
107
105
148
163
97
78
21
43
64
117
86
48
124
171
256
290
277
178
74
15
-119
-148
-96
-148
-202
-266
-292
-284
-215
-142
-80
66
83
103
1
-116
-219
-253
-266
-218
-147
-48
-39
-90
-26
4
40
-82
-144
-205
-270
-386
-330
-137
44
268
353
300
147
61
-3
1
35
165
234
223
229
166
206
201
170
-53
-299
-355
-233
25
206
163
104
37
57
64
121
61
-8
-91
-132
-106
-47
-34
-106
-24
79
148
155
147
116
154
222
186
37
-61
-69
-171
-186
-188
-139
-92
-65
-139
-272
-281
-235
-126
-17
70
119
106
44
-33
-81
-73
-86
-52
-40
-27
-73
-34
-2
48
135
149
96
71
94
114
163
130
58
-40
-139
-245
-188
-49
124
258
243
191
121
113
71
144
176
231
285
257
220
121
-24
-162
-252
-293
-236
-170
-95
-127
-128
-113
-163
-252
-322
-329
-323
-203
-137
-128
-41
76
63
34
13
-47
19
164
220
194
118
53
-22
25
74
190
297
406
442
371
189
32
-39
-177
-229
-232
-231
-98
-14
62
125
77
98
36
-97
-344
-503
-538
-502
-410
-260
-193
-87
52
140
220
206
176
112
131
108
70
85
131
201
214
151
108
41
-77
-152
-209
-196
-91
33
155
141
155
107
23
28
24
-23
-105
-149
-177
-191
-215
-75
-29
66
181
165
231
264
183
213
231
185
175
154
33
-50
-22
-1
92
117
74
-11
-165
-225
-164
-54
20
176
169
56
53
0
-35
-81
-91
-100
-50
82
193
158
88
24
-41
-101
-214
-313
-349
-362
-364
-356
-234
-144
-60
9
2
9
124
148
126
114
106
78
-35
-103
-186
-101
7
81
69
8
-80
-231
-314
-207
-70
49
80
45
53
99
108
28
0
-11
-48
-74
-118
-120
-141
-95
21
154
167
113
9
-46
33
186
284
343
329
155
121
209
391
573
578
453
227
-19
-124
-47
87
215
234
157
121
36
-39
-19
-57
-73
-140
-129
-158
-164
-137
-147
-191
-258
-202
-167
-36
14
-33
-204
-318
-323
-216
-58
90
59
-95
-199
-355
-372
-287
-187
-77
-10
-17
15
11
127
322
413
473
387
161
-15
-208
-356
-417
-423
-359
-270
-170
-12
143
184
143
67
-52
-118
-118
-144
-93
47
54
-14
-42
-74
-79
-25
-10
50
96
157
176
112
108
97
91
211
219
193
43
-113
-165
-117
-58
67
102
56
10
-37
87
268
411
283
175
71
28
125
126
102
49
61
160
187
197
65
-125
-199
-201
-122
-81
-80
-200
-275
-359
-447
-389
-327
-292
-391
-416
-439
-366
-248
-97
118
199
238
212
273
243
262
315
253
266
237
187
21
-152
-195
-212
-148
35
153
245
325
369
389
300
227
209
138
170
257
271
204
122
81
11
20
56
30
-109
-233
-294
-325
-193
-90
-26
94
126
49
-21
-104
-121
-133
-147
-86
13
47
20
-45
-82
-84
-64
33
52
36
16
-16
-117
-215
-257
-234
-155
2
129
122
121
23
-91
-132
-209
-292
-271
-318
-243
-160
-72
-10
6
8
-101
-255
-414
-301
-99
117
123
23
-47
-149
-43
33
79
125
106
149
216
337
401
479
481
351
221
62
98
193
344
416
405
294
148
-42
-78
11
-25
-16
-85
-158
-291
-275
-318
-177
7
36
-66
-259
-357
-481
-495
-413
-285
-248
-339
-392
-418
-275
38
300
330
-47
-652
-2112
-4762
-5778
-2898
2662
7019
7513
4594
654
-1443
-1069
956
2760
3035
1908
470
-542
-737
-344
23
264
185
-356
-1614
-2012
-1584
-1585
-2794
-4420
-4265
-3172
-2255
-1385
-243
1946
4407
5361
4383
2395
575
186
702
1195
-28
-2978
-4606
-3876
-1614
1480
3483
3481
2071
1265
2114
3257
3391
2435
1496
870
653
1376
1715
358
-1421
-2178
-1776
-803
61
118
-97
-26
309
781
718
-225
-1547
-2214
-1770
-637
210
205
-255
-893
-1456
-1047
-330
-338
-551
-897
-994
-576
-290
-545
-1399
-2150
-2438
-2448
-2230
-2475
-3161
-3862
-4162
-3612
-3019
-2824
-3131
-3799
-4096
-3804
-2992
-2296
-2076
-2121
-2015
-1397
-573
219
549
623
836
1380
2366
3315
3896
4018
4021
4227
4625
4923
4909
4520
4120
3923
3973
4203
4268
4010
3531
3191
3057
3125
3132
3030
2963
2918
2907
3035
3121
2998
2700
2525
2447
2456
2334
2165
1822
1410
1063
594
165
-51
-80
-22
106
332
553
872
1350
1883
2052
1751
922
-130
-976
-1185
-577
407
911
597
34
-559
-603
-560
-525
-586
-577
-87
752
1697
2639
2463
-1097
-8953
-18780
-25170
-24818
-19296
-12184
-6450
-3167
-2544
-2986
-2153
-101
1397
1477
2507
6944
13849
20317
23919
23683
19595
13189
7467
4657
3990
3493
2590
1932
1689
583
-2133
-6336
-11495
-16848
-20344
-19725
-14929
-8019
-860
5453
9909
11863
11406
9867
8755
9007
11045
14482
17860
19535
18509
15146
10200
4060
-2892
-9579
-14125
-15395
-13522
-9908
-6705
-5958
-8116
-11660
-13786
-12824
-9244
-4434
531
5120
9084
12003
13261
12296
8773
4002
184
-1223
-376
1059
1673
1059
-790
-3287
-5738
-7502
-8301
-8113
-6942
-4875
-2720
-1560
-1781
-2904
-4197
-5382
-6133
-6140
-5136
-3185
-890
897
1605
1124
325
201
1173
2825
4118
4423
3747
2501
1326
625
316
24
-414
-869
-1102
-910
-170
965
2084
350
-5996
-15975
-24782
-26959
-22535
-14711
-7357
-2290
464
1349
2681
5153
7227
7022
5545
6329
10865
17374
22626
24668
22552
16726
9406
3516
686
-608
-2107
-3695
-4177
-3520
-2960
-3268
-4903
-8253
-12950
-16456
-15794
-10266
-1840
7006
14699
19820
21503
20100
17141
14061
11457
9448
8384
8592
9444
9813
8524
5244
64
-6678
-13531
-18364
-19580
-17514
-13772
-9806
-6421
-4236
-3179
-2796
-2809
-2919
-3098
-2122
1026
5872
10799
13407
12917
9714
4595
-788
-5194
-7772
-8403
-7467
-5169
-2451
-565
-725
-2997
-5893
-8248
-9317
-8834
-6992
-4365
-1819
244
1483
1429
115
-1892
-3473
-3512
-1695
1310
4478
6282
6052
4219
1814
374
-6
365
756
856
833
405
-181
-951
-1610
-1909
-1814
-1325
-651
256
1227
2415
3008
773
-5760
-15518
-23998
-26756
-23228
-16113
-8684
-2833
679
2491
4141
6375
7937
7351
5751
6016
9760
15689
21193
24096
23043
18088
11129
5075
1289
-1146
-3665
-6019
-6854
-5924
-4130
-2605
-2285
-4135
-8216
-12318
-13364
-10012
-3356
4607
12235
18041
20975
20925
18856
15877
12317
8556
5471
4077
4442
5444
5617
3936
201
-5390
-11518
-16290
-18466
-17834
-15464
-12107
-8246
-4519
-1610
127
993
1006
502
249
1123
3044
5114
6574
6977
6302
4151
831
-3090
-6653
-8879
-9459
-7995
-5268
-2430
-835
-811
-1878
-3374
-4996
-6241
-6599
-5803
-3903
-1493
801
1996
1684
192
-1542
-2429
-2038
-431
1965
4404
5945
5936
4320
1736
-595
-2107
-2339
-1720
-712
150
429
336
74
-222
-639
-959
-1015
-612
152
1282
2733
3358
1054
-5663
-15393
-23758
-26718
-23620
-17011
-9716
-3752
44
2345
4620
7277
8844
8126
6367
6513
10017
15655
21061
23981
22957
18070
11406
5747
2089
-773
-3881
-6610
-7583
-6554
-4303
-1983
-1215
-3210
-7763
-12072
-12853
-9251
-2668
5027
12290
17817
20707
20812
18830
15469
11249
7085
4250
3594
4482
5379
5039
3112
-649
-6010
-11513
-15588
-17087
-16461
-14054
-10353
-6302
-2736
-415
889
1423
1211
564
336
1438
3575
5688
6609
5976
3814
549
-2662
-5080
-6378
-6849
-6641
-5543
-3703
-1866
-833
-997
-1970
-3322
-4387
-4629
-3969
-2800
-1751
-906
-381
-446
-1064
-1938
-2429
-2320
-1634
-94
2005
4125
5358
5062
3375
960
-1378
-2871
-2981
-2162
-1107
-408
-86
14
-127
-554
-978
-1124
-848
-343
244
1133
2305
3618
3425
175
-7162
-16757
-24348
-26585
-22860
-16142
-9018
-3505
36
2582
4999
7472
8392
7531
6262
7215
11294
17026
22037
23950
21931
16506
10157
5073
1698
-1113
-4132
-6554
-7262
-5979
-3642
-1639
-1638
-4290
-8559
-11655
-11168
-7109
-890
5861
12067
16810
19538
20156
18762
15661
11512
7671
5236
4704
5147
5305
4372
2181
-1329
-6323
-11628
-15832
-17455
-16459
-13320
-8914
-4881
-2025
-619
180
723
1023
974
841
1301
2503
4303
6066
6906
5851
2667
-1596
-5212
-7302
-7680
-6870
-5400
-3871
-2798
-2162
-2025
-2295
-3204
-4551
-5602
-5566
-4288
-2327
-418
684
672
-135
-1091
-1658
-1680
-1160
-226
1213
3206
5015
5830
4924
2526
-620
-3129
-4275
-3887
-2696
-1547
-769
-607
-553
-734
-1084
-1432
-1662
-1318
-482
659
2057
3330
4450
3680
-217
-7742
-17008
-24024
-26243
-23009
-16794
-9850
-4033
39
3306
6104
8534
9235
8272
7075
7915
11573
16756
21420
23247
21491
16596
10805
5982
2360
-882
-4240
-6773
-7513
-6128
-3627
-1532
-1253
-3242
-6269
-8262
-7558
-4411
29
4828
9522
13862
17179
18817
18232
15380
11074
6719
3615
2224
1881
1480
565
-950
-2991
-5461
-8025
-10226
-11800
-12434
-11664
-9335
-6171
-3026
-630
971
1899
2194
2068
1824
1879
1973
1973
2047
2046
1720
719
-863
-2727
-4569
-5787
-6057
-5312
-4131
-3039
-2329
-1870
-1680
-1937
-2703
-3609
-4255
-4520
-4174
-3208
-1879
-940
-609
-610
-509
-150
310
873
1554
2326
2867
2825
1902
237
-1654
-3075
-3539
-3194
-2557
-2258
-2188
-1982
-1497
-997
-648
-509
-315
-97
160
590
1322
2300
3730
4326
2271
-3359
-12163
-20503
-25530
-25142
-20443
-13980
-7567
-2829
1228
4830
8139
9989
9633
8169
7416
9221
13230
18222
21511
21700
18575
13632
8959
4928
1511
-2048
-5266
-7134
-6962
-4968
-2432
-847
-1342
-3458
-5733
-6456
-5090
-2085
1938
6324
10729
14489
16953
17426
15745
12231
7949
4225
1920
840
296
-76
-664
-1539
-2924
-4851
-7183
-9419
-10899
-10948
-9374
-6617
-3513
-1013
830
1988
2498
2365
1344
58
-919
-884
329
1985
3188
2729
618
-2271
-4673
-5783
-5660
-4804
-3818
-3125
-2848
-2688
-2720
-3006
-3788
-4916
-5570
-5371
-4106
-2415
-954
-147
-99
-335
-469
-273
236
865
1515
2112
2554
2383
1289
-444
-2277
-3520
-3816
-3263
-2351
-1661
-1291
-1187
-1057
-819
-619
-478
-274
120
544
1063
1580
2156
2888
3752
3003
-497
-7348
-15828
-22603
-25537
-23363
-18184
-11743
-5956
-1447
2565
5852
8559
9430
8818
7844
8257
10924
14987
18937
20607
19495
15733
11122
6829
3373
463
-2362
-4365
-5207
-4376
-2693
-1253
-1101
-2491
-4356
-5440
-4758
-2539
657
4142
7607
10846
13420
14724
14120
11692
8141
4603
2047
788
294
12
-560
-1350
-2392
-3750
-5367
-7252
-8817
-9396
-8563
-6522
-3942
-1669
-202
640
963
813
306
-326
-803
-719
44
1149
1965
1897
702
-1235
-3243
-4820
-5521
-5402
-4845
-4031
-3319
-2847
-2543
-2618
-3145
-3963
-4559
-4672
-4175
-3090
-1833
-745
-93
-2
-263
-491
-406
-25
523
1245
1951
2189
1574
89
-1683
-2958
-3446
-3183
-2556
-1868
-1305
-855
-503
-108
120
-41
-349
-506
-253
281
964
1704
2468
3470
4389
3169
-865
-8183
-16452
-22766
-25073
-22572
-17428
-11050
-5454
-975
2952
6047
8227
8658
8122
7660
8805
11765
15832
19248
20280
18916
15330
11257
7282
3753
740
-1850
-3379
-3666
-2778
-1475
-616
-963
-2227
-3740
-4599
-4139
-2601
-19
3008
6244
9297
11465
12360
11693
9675
7009
4425
2323
926
-114
-657
-1081
-1459
-1967
-3025
-4557
-6310
-7693
-8194
-7627
-6189
-4242
-2403
-903
185
578
382
-320
-1092
-1406
-1151
-351
476
905
623
-379
-1902
-3356
-4316
-4561
-4131
-3372
-2520
-1961
-1705
-1823
-2335
-3021
-3749
-4226
-4238
-3636
-2671
-1668
-932
-601
-606
-758
-836
-690
-289
399
1251
2022
2177
1478
11
-1697
-2900
-3170
-2619
-1841
-1261
-990
-780
-431
-1
239
3
-538
-1039
-1147
-645
269
1414
2493
3378
4190
3336
-250
-6438
-13985
-20260
-23816
-23353
-19455
-13898
-8117
-3293
1050
4591
6937
7818
7716
7826
8786
11067
14333
17510
18989
18369
16051
12845
9571
6289
3398
937
-864
-1747
-1815
-1285
-870
-1126
-2059
-3152
-3850
-3722
-2778
-898
1616
4221
6713
8787
9909
9892
8898
7363
5779
4393
3354
2542
1926
1350
479
-1294
-4005
-6813
-8515
-8637
-7634
-6146
-4843
-3834
-2894
-1795
-422
382
234
-556
-1105
-853
-61
785
1037
409
-873
-2002
-2620
-2858
-2961
-3283
-3395
-3091
-2486
-1810
-1670
-2035
-2601
-3076
-3192
-2954
-2548
-2380
-2376
-2320
-2184
-2088
-2049
-1970
-1784
-1238
-339
591
1345
1827
1691
1006
-99
-1324
-2311
-2716
-2505
-1894
-1095
-404
-55
-170
-558
-1104
-1450
-1382
-1024
-437
2
289
628
1343
2408
3706
4059
1551
-3802
-10890
-17343
-21640
-22919
-20995
-17308
-12869
-8487
-3705
1177
5022
7209
7925
8499
9546
11467
14022
16600
18057
17837
16823
15235
13080
10117
6847
3922
1579
184
-281
-167
-222
-774
-1631
-2333
-2781
-3083
-3084
-2573
-1228
923
3540
6015
7667
8296
7982
7146
6059
4838
3709
2910
2305
1854
1574
1207
556
-681
-2138
-3462
-4428
-5084
-5441
-5466
-5039
-4305
-3306
-2454
-2293
-2587
-3073
-3234
-3001
-2427
-1593
-793
-241
-108
-237
-552
-969
-1284
-1500
-1470
-1369
-1312
-1373
-1586
-1958
-2381
-2711
-2930
-2976
-2924
-2851
-2789
-2696
-2560
-2432
-2332
-2176
-1981
-1614
-1135
-653
-148
340
778
991
740
90
-790
-1486
-1664
-1265
-711
-349
-307
-486
-627
-599
-451
-436
-642
-963
-1125
-1070
-684
-177
511
1420
2479
3232
2346
-875
-6390
-12523
-17404
-19858
-19807
-17649
-13942
-9396
-4840
-1177
1100
2300
3072
3833
4808
6250
8136
10574
13347
15871
17536
17818
16610
14267
11471
8931
7027
5980
5553
5322
5103
4768
4250
3392
2195
650
-952
-2082
-2379
-1774
-642
624
1669
2204
2306
2138
1854
1695
1602
1713
1947
2086
1990
1746
1562
1472
1427
1149
383
-666
-1660
-2270
-2335
-2112
-1942
-2128
-2631
-3206
-3670
-3929
-3985
-3946
-3877
-3686
-3208
-2629
-2340
-2394
-2478
-2366
-2111
-2017
-2202
-2639
-2815
-2230
-1461
-933
-990
-1539
-1887
-1703
-1452
-1193
-1116
-1514
-1718
-1563
-1419
-1840
-2226
-2159
-1916
-1760
-1949
-2778
-3851
-4446
-4499
-3861
-3418
-3202
-3232
-3065
-2607
-1965
-1332
-965
-896
-1015
-1042
-979
-733
-307
168
584
806
811
785
945
1202
1456
1703
1890
2038
2149
2160
2166
2123
2122
2181
2327
2474
2510
2516
2607
2768
2928
3012
2961
2910
2836
2817
2798
2880
2899
2878
2821
2632
2390
1973
1490
1081
844
795
902
1048
1079
1090
1243
1410
1598
1548
1392
1107
803
622
518
529
589
592
540
576
578
462
237
-45
-319
-462
-500
-473
-436
-376
-273
-183
-199
-315
-412
-503
-560
-558
-558
-541
-520
-484
-472
-639
-857
-1089
-1246
-1314
-1259
-1142
-1081
-1186
-1416
-1525
-1590
-1506
-1484
-1504
-1609
-1649
-1610
-1543
-1451
-1314
-1212
-1212
-1190
-1119
-1027
-995
-1070
-1267
-1326
-1285
-1165
-967
-884
-857
-938
-1000
-923
-855
-795
-788
-792
-741
-565
-314
-203
-9
174
176
55
-183
-269
-194
-32
134
166
62
-87
-64
148
467
581
494
300
129
163
325
591
776
857
840
817
910
1031
1086
999
1058
1230
1426
1597
1468
1086
619
305
329
464
640
643
471
291
214
388
665
898
1057
1178
1191
1140
972
735
500
444
502
559
516
227
-163
-466
-502
-422
-277
-249
-373
-648
-994
-1207
-1273
-1096
-824
-472
-215
-249
-305
-231
-91
97
58
-90
-152
-128
-86
-22
79
165
317
550
739
826
761
474
186
50
239
550
678
178
-1050
-2209
-2255
-860
1337
3170
3808
3102
1669
598
275
641
1201
1484
1202
309
-695
-1038
-676
-201
24
-167
-505
-743
-675
-323
-130
-169
-220
-278
-61
330
354
-100
-735
-702
-356
305
650
182
-505
-1065
-880
-236
215
-287
-1543
-2714
-2442
-1018
390
1329
1187
-234
-1765
-2553
-2291
-740
410
317
-960
-2237
-2365
-1607
-252
560
-227
-1661
-2652
-2757
-1853
-622
303
566
-109
-1214
-1719
-1500
-644
201
660
743
689
668
762
1018
1135
1055
752
245
-254
-332
85
659
843
670
196
-271
-343
-118
161
433
466
237
-73
-372
-560
-812
-1124
-1671
-2310
-2537
-2320
-1754
-1192
-1034
-1317
-1542
-1453
-996
-390
77
319
460
859
1602
2686
3701
4243
4151
3655
3171
3099
3691
4402
4769
4714
4277
3768
3501
3362
3283
3080
2484
1748
1253
1097
1400
1868
2206
2069
1552
1139
963
1159
1544
1823
1753
1382
878
576
423
289
59
-456
-1069
-1448
-1500
-1259
-895
-685
-903
-1466
-2147
-2703
-2839
-2621
-2303
-2100
-2202
-2535
-2905
-3230
-3333
-3189
-2870
-2584
-2520
-2570
-2498
-2267
-2021
-1857
-1910
-2124
-2252
-2210
-1927
-1584
-1499
-1879
-2473
-3062
-3236
-2745
-1813
-1008
-754
-996
-1564
-1884
-1752
-1315
-1001
-1199
-1582
-1685
-1361
-736
-301
-605
-1458
-2496
-3092
-2780
-1763
-596
161
400
348
469
832
1175
1314
1050
314
-945
-2642
-4072
-4721
-4557
-4153
-4192
-5049
-6339
-7037
-6252
-4010
-1320
1000
2720
3967
5146
6388
7694
8865
9675
10259
10760
11434
12155
12813
13006
12441
11256
9732
8460
7669
7181
6735
6025
5065
4077
3191
2476
1743
863
-95
-879
-1390
-1367
-896
-306
117
34
-249
-622
-847
-806
-581
-153
365
761
1146
1494
1497
1139
391
-604
-1664
-2440
-2707
-2571
-2383
-2399
-2709
-3286
-3857
-4114
-4203
-4230
-4162
-4060
-3882
-3686
-3450
-3345
-3400
-3645
-3958
-4251
-4353
-4076
-3495
-2861
-2572
-2772
-3164
-3575
-3789
-3718
-3503
-3295
-3229
-3235
-3169
-3036
-2945
-3190
-3768
-4486
-4899
-4621
-3594
-2149
-829
-77
-131
-678
-1169
-1300
-877
-42
785
1342
1414
1374
1270
1184
1130
836
296
-399
-975
-1207
-890
-63
987
2008
2531
2461
1915
1177
409
-567
-2066
-3480
-4220
-3882
-2452
-660
660
788
-66
-1002
-1378
-849
405
1960
3260
3882
4172
4577
5410
6443
7160
7062
6190
5069
4410
4569
5208
5936
6183
5825
4967
3972
3413
3383
3553
3759
3907
3890
3765
3812
3918
3821
3256
2392
1517
897
881
1378
2222
2929
3078
2581
1767
1141
993
1206
1353
1145
634
86
-252
-394
-502
-787
-1406
-2230
-2869
-2979
-2611
-1969
-1348
-1086
-1280
-1638
-1937
-2097
-2146
-2321
-2599
-2810
-2968
-3057
-3181
-3382
-3751
-4162
-4457
-4624
-4540
-4255
-3980
-3727
-3596
-3699
-3919
-4120
-4002
-3642
-3257
-2976
-2949
-3013
-3118
-3222
-3311
-3525
-3772
-3819
-3391
-2589
-1720
-1037
-777
-830
-1105
-1230
-1032
-594
-103
287
469
472
543
584
584
227
-474
-1112
-1548
-1438
-769
74
726
1040
1044
928
1085
1447
1758
1963
1908
1534
666
-634
-1932
-2697
-2665
-1976
-1016
-208
244
347
343
416
613
1088
1821
2620
3147
3472
3835
4078
4174
4046
3672
3323
3035
3186
3564
4127
4615
5042
5273
5055
4875
4688
4568
4322
3836
3223
2658
2477
2638
3118
3436
3258
2668
2027
1596
1655
2066
2356
2358
2142
2013
1990
2168
2221
1934
1303
465
-219
-605
-762
-687
-612
-743
-988
-1161
-1196
-1089
-1107
-1348
-1786
-2306
-2616
-2604
-2466
-2514
-2780
-3298
-3865
-4349
-4491
-4227
-3844
-3468
-3279
-3207
-3223
-3321
-3359
-3347
-3450
-3582
-3623
-3585
-3481
-3304
-3093
-2969
-2894
-3019
-3181
-3333
-3453
-3589
-3799
-3917
-3713
-3005
-1912
-643
240
616
309
-236
-530
-468
-129
249
464
467
480
565
670
709
530
183
-138
-243
-24
440
722
695
557
496
634
875
1290
1640
1750
1663
1497
1333
1238
1283
1267
1270
1243
1079
675
31
-606
-1021
-1127
-788
-87
724
1427
1814
1847
1578
1274
1167
1391
1778
2140
2432
2498
2463
2321
2117
1921
1783
1780
1960
2298
2636
2959
3024
2811
2476
2302
2322
2513
2740
2832
2718
2697
2938
3278
3274
2855
2353
1885
1709
1754
1938
2156
2318
2400
2426
2244
1996
1622
1018
275
-473
-961
-1248
-1380
-1438
-1555
-1628
-1718
-1822
-1899
-1920
-1863
-1708
-1635
-1609
-1649
-1866
-2179
-2582
-2981
-3332
-3497
-3561
-3550
-3424
-3444
-3423
-3360
-3384
-3393
-3412
-3372
-3279
-3218
-3139
-3099
-3094
-3038
-2822
-2570
-2220
-2096
-2129
-2235
-2391
-2430
-2417
-2212
-1794
-1175
-643
-224
4
62
-58
-361
-722
-925
-913
-561
-21
563
1070
1267
1208
963
748
670
793
1060
1282
1430
1556
1410
1070
706
388
177
155
334
581
924
1292
1650
1796
1742
1539
1220
1081
1010
962
987
1012
1055
1088
1244
1368
1341
1141
897
708
619
747
987
1072
1121
1149
1147
1274
1349
1319
1093
695
321
11
108
495
1119
1724
2096
2257
2128
1845
1422
1028
784
690
677
692
744
881
1118
1306
1319
1061
723
409
397
725
1150
1555
1689
1539
1137
683
419
358
382
343
292
231
147
214
326
279
111
-166
-455
-574
-539
-425
-263
-174
-297
-469
-634
-758
-832
-853
-807
-887
-1039
-1229
-1537
-1807
-1926
-2031
-2163
-2346
-2441
-2388
-2326
-2076
-1777
-1646
-1655
-1825
-2005
-2096
-2093
-1972
-1797
-1721
-1774
-1760
-1668
-1510
-1427
-1452
-1614
-1814
-1909
-1799
-1488
-1225
-1065
-1133
-1243
-1305
-1193
-865
-595
-444
-379
-306
-135
-5
141
260
293
370
433
578
720
813
817
805
741
529
336
287
435
638
983
1285
1460
1470
1399
1312
1240
1068
831
677
614
768
971
1170
1242
1252
1285
1244
1271
1272
1109
940
811
832
876
877
789
691
666
902
1149
1246
1092
740
269
-48
-24
262
681
1089
1356
1365
1220
929
605
369
130
60
135
212
128
54
158
165
147
227
362
484
568
592
568
523
562
639
577
540
460
306
25
-222
-376
-357
-164
154
369
354
212
25
-83
-59
-74
-195
-497
-815
-900
-837
-603
-303
-122
-119
-193
-100
-76
-253
-507
-725
-881
-934
-770
-606
-579
-591
-541
-573
-682
-708
-750
-881
-857
-717
-668
-611
-561
-568
-707
-801
-793
-809
-828
-900
-961
-1056
-1126
-1113
-930
-764
-652
-629
-808
-994
-1100
-1066
-993
-813
-465
-228
-117
-85
-60
-84
-23
73
155
253
256
229
212
414
779
1090
1099
735
258
-118
-226
-45
104
112
11
-173
-274
-315
-327
-173
-100
0
130
221
309
330
349
309
278
247
163
22
-106
-192
-270
-407
-494
-460
-337
-155
90
300
390
481
432
257
20
-179
-319
-390
-305
-133
34
193
300
445
659
906
1276
1653
1793
1801
1721
1584
1491
1437
1367
1217
1103
955
825
654
547
545
667
836
1025
1177
1293
1258
1190
997
603
319
90
19
13
-28
-174
-289
-364
-419
-455
-447
-348
-150
50
241
344
145
-77
-353
-670
-916
-1032
-1070
-1122
-1007
-737
-491
-308
-124
-96
-176
-273
-356
-576
-736
-869
-1054
-1116
-1131
-1131
-1155
-1080
-960
-862
-727
-460
-170
155
397
540
595
380
100
-82
-153
-287
-424
-471
-545
-546
-486
-329
-127
43
3
-150
-270
-244
-142
-18
44
90
124
32
-15
-196
-331
-462
-474
-321
-196
-87
-101
-146
-200
-180
-134
-13
120
167
181
78
-38
-163
-269
-280
-249
-194
-246
-171
-74
3
45
52
171
319
479
535
563
545
488
340
117
11
-55
-50
-41
101
204
265
296
153
108
44
55
121
148
63
8
-12
-18
80
91
-110
-346
-498
-467
-279
-3
185
323
401
457
572
623
658
643
605
557
570
645
701
770
703
413
53
-207
-263
-225
48
248
398
443
430
452
411
404
429
424
347
231
44
-160
-272
-208
-257
-298
-316
-312
-215
-2
204
286
336
362
367
312
233
123
-35
-230
-400
-527
-655
-727
-659
-552
-426
-312
-281
-170
-112
-52
40
19
-97
-193
-306
-353
-240
-220
-250
-241
-95
28
162
149
111
36
71
238
399
408
134
-141
-241
-184
-97
34
21
-128
-278
-422
-416
-315
-279
-226
-153
-157
-252
-405
-702
-937
-1028
-964
-871
-698
-541
-531
-533
-521
-356
-95
196
395
437
429
508
536
533
415
137
-180
-311
-261
-117
175
283
312
302
361
440
642
860
924
984
906
793
668
452
270
153
154
199
276
381
347
251
75
-10
11
123
255
328
267
78
-143
-337
-420
-529
-572
-675
-775
-810
-727
-563
-452
-385
-449
-575
-718
-718
-566
-314
33
296
395
344
242
94
-53
-119
-78
-61
-7
196
271
433
610
730
681
507
404
233
222
272
419
528
567
543
391
322
293
294
368
399
244
-17
-261
-447
-474
-399
-328
-328
-439
-510
-457
-274
-168
-94
-30
-19
-13
64
131
212
261
138
-74
-235
-260
-229
-167
-52
93
131
78
54
109
136
195
301
301
228
102
-44
-165
-295
-391
-424
-409
-460
-492
-603
-692
-689
-705
-689
-709
-807
-858
-733
-564
-342
-117
22
159
235
285
292
271
295
279
191
138
179
274
331
388
423
531
777
851
821
659
537
468
555
718
799
816
743
596
430
379
317
136
-115
-357
-488
-510
-356
-275
-223
-119
-156
-227
-228
-259
-195
-157
-120
-26
37
100
93
173
285
325
343
208
12
-91
-116
-135
-115
-78
-28
-32
-2
48
85
51
-94
-220
-343
-405
-583
-663
-671
-635
-567
-622
-644
-554
-377
-212
-52
-27
27
70
106
254
384
499
464
286
153
64
33
63
67
136
164
167
190
137
68
-22
-196
-470
-606
-571
-460
-292
-138
-1
-6
-4
-66
-162
-189
-198
-70
12
35
46
28
46
40
17
-75
-178
-318
-394
-385
-377
-284
-81
191
436
619
565
406
133
-37
-27
94
231
291
203
175
188
192
255
301
360
450
427
396
400
258
195
100
50
21
51
170
332
503
639
665
426
175
-106
-291
-311
-330
-245
-111
33
-35
-87
-202
-282
-248
-72
45
63
9
-101
-166
-115
-5
-2
-103
-292
-356
-456
-444
-392
-220
-61
38
96
-60
-202
-253
-153
-72
-37
-95
-142
-132
-112
-27
27
46
122
232
342
375
290
217
132
46
-47
-133
-256
-351
-344
-296
-204
-103
-12
-77
-230
-382
-433
-397
-279
-17
215
458
486
373
276
232
205
238
294
242
178
94
91
113
90
50
-114
-316
-390
-314
-260
-74
86
179
289
395
461
466
504
439
336
227
218
305
490
573
566
408
114
-257
-534
-576
-520
-381
-191
-109
-157
-160
-165
-206
-286
-334
-295
-287
-201
36
301
555
593
383
165
-55
-166
-126
-124
-106
-174
-288
-346
-223
-146
-121
-109
-87
-144
-285
-344
-442
-476
-538
-491
-398
-214
-150
-198
-353
-483
-577
-645
-655
-578
-541
-488
-392
-304
-43
216
397
474
502
456
357
208
16
-153
-187
-54
228
506
821
939
919
801
598
465
280
139
84
230
385
531
649
650
641
567
520
567
629
583
485
309
100
59
54
89
45
31
-48
-153
-123
-170
-250
-367
-495
-659
-763
-787
-785
-728
-686
-706
-717
-682
-637
-593
-502
-430
-417
-374
-222
-86
-16
38
116
41
-40
-112
-173
-188
-116
-132
-147
-125
14
251
521
650
565
374
150
110
152
235
458
575
582
544
446
440
478
620
642
523
355
206
184
253
373
448
484
540
602
583
375
140
-105
-315
-383
-433
-343
-219
-127
-94
-176
-372
-680
-956
-1146
-1232
-1107
-975
-790
-620
-518
-446
-437
-363
-391
-494
-572
-570
-490
-353
-197
-30
92
259
407
455
569
591
516
447
384
394
491
526
484
494
576
651
635
650
692
749
826
853
763
573
392
310
363
487
490
428
310
133
37
-194
-381
-450
-386
-303
-178
-49
7
-61
-140
-213
-359
-334
-235
-115
-49
-67
-247
-244
-128
16
45
-19
-180
-322
-394
-399
-326
-322
-460
-589
-569
-444
-288
-196
-270
-339
-413
-420
-385
-371
-289
-244
-221
-236
-269
-326
-273
-280
-271
-229
-266
-315
-385
-497
-515
-446
-407
-448
-539
-630
-702
-792
-757
-591
-443
-302
-185
-140
-116
-83
-27
64
172
285
253
136
6
33
128
188
103
85
159
231
357
483
646
683
686
549
398
294
231
212
259
252
276
354
394
485
569
775
967
1113
1161
1119
1089
1171
1328
1442
1622
1712
1727
1637
1551
1512
1485
1423
1292
1214
1051
909
748
719
685
661
514
341
169
-135
-383
-590
-707
-672
-632
-597
-498
-506
-518
-540
-606
-707
-748
-861
-962
-988
-1073
-1165
-1243
-1295
-1409
-1497
-1482
-1341
-1278
-1258
-1257
-1312
-1366
-1391
-1382
-1317
-1326
-1404
-1355
-1256
-1129
-1077
-1085
-1039
-898
-725
-511
-416
-389
-459
-503
-503
-507
-453
-354
-305
-416
-462
-449
-382
-293
-255
-256
-211
-191
-95
8
211
415
516
546
451
407
349
299
322
440
513
489
505
542
670
886
1084
1186
1044
910
804
801
915
997
1051
989
877
795
793
761
718
622
487
398
377
481
605
695
790
860
870
797
741
571
506
565
628
759
861
962
984
866
699
541
394
304
222
93
61
158
192
161
203
253
211
179
211
230
256
236
84
-89
-230
-248
-213
-196
-99
38
102
78
30
-101
-153
-67
75
140
198
170
51
-82
-284
-405
-509
-534
-393
-203
-122
-161
-241
-288
-359
-385
-344
-287
-291
-313
-240
-210
-126
-53
33
15
-95
-137
-206
-218
-288
-356
-376
-348
-376
-390
-421
-530
-582
-679
-759
-768
-766
-754
-897
-1024
-1062
-911
-745
-699
-666
-819
-923
-1034
-1086
-1030
-933
-802
-728
-774
-852
-859
-836
-727
-728
-814
-885
-889
-894
-805
-737
-652
-471
-281
-24
174
402
510
561
468
320
197
188
268
290
360
426
501
528
575
561
572
666
644
464
293
219
247
261
237
314
377
554
668
692
701
601
569
654
759
887
852
775
760
765
750
707
613
487
349
285
300
396
392
311
283
199
106
98
150
195
306
405
403
401
410
379
308
332
292
172
118
-36
-184
-316
-372
-289
-222
-106
-7
-16
-92
-158
-177
-169
-241
-328
-369
-418
-255
-121
22
104
71
99
200
426
542
518
313
156
121
100
98
77
178
190
175
104
30
54
80
-65
-253
-359
-495
-491
-380
-237
-129
-84
-89
-272
-431
-515
-542
-579
-553
-417
-264
-81
-50
-48
-107
-47
47
101
35
-33
-26
-77
-27
71
130
77
58
60
64
121
158
147
90
26
-105
-191
-160
-133
-99
-43
42
225
332
278
157
-3
-89
-79
-17
182
360
468
549
456
312
184
81
-48
-102
-110
4
148
267
359
382
330
161
-8
-79
-173
-259
-303
-344
-311
-333
-269
-232
-306
-468
-622
-644
-597
-552
-546
-486
-482
-463
-437
-435
-365
-313
-309
-372
-467
-601
-696
-710
-731
-688
-664
-681
-497
-258
-10
284
544
686
766
789
767
755
763
799
860
910
866
766
714
725
734
764
735
621
454
384
310
179
-25
-168
-76
17
68
120
139
115
-65
-303
-446
-588
-669
-628
-596
-609
-645
-730
-713
-669
-599
-532
-589
-657
-698
-735
-755
-725
-638
-519
-401
-327
-227
-174
-223
-148
-107
-45
-18
30
125
186
168
170
262
236
275
322
378
411
465
568
703
776
809
734
570
502
543
570
677
835
934
961
882
823
819
898
992
983
850
555
313
332
354
385
315
236
186
193
324
557
699
631
475
224
11
-151
-289
-367
-350
-336
-346
-362
-431
-494
-516
-418
-397
-493
-595
-743
-752
-799
-780
-702
-613
-524
-539
-594
-675
-659
-626
-539
-505
-565
-672
-725
-732
-683
-629
-632
-566
-512
-515
-510
-496
-480
-366
-257
-195
-78
-5
11
89
136
86
96
22
-38
-143
-261
-285
-255
-150
-44
-26
-44
-53
22
200
298
343
442
441
467
573
662
673
527
344
152
81
185
307
356
352
325
372
428
431
443
455
491
583
604
627
606
531
449
393
370
332
188
49
-43
-86
7
137
271
370
348
297
205
141
151
136
139
205
226
303
363
233
9
-191
-381
-466
-334
-228
-101
-77
-170
-302
-397
-408
-405
-409
-435
-555
-652
-591
-548
-511
-526
-520
-450
-340
-363
-260
-174
-147
-138
-73
55
77
62
57
-23
-127
-245
-416
-388
-379
-245
-26
25
25
-45
-32
-27
45
130
159
272
306
250
142
79
53
90
110
8
-90
-122
-56
103
249
454
534
541
413
324
310
318
369
383
393
441
425
347
324
418
604
730
669
501
235
77
88
96
110
-11
-91
-130
-20
160
233
193
108
-19
-250
-386
-505
-582
-666
-746
-753
-667
-438
-279
-134
-71
-256
-510
-707
-818
-749
-595
-505
-335
-315
-371
-428
-418
-352
-363
-348
-337
-205
-37
8
-26
-20
-121
-256
-238
-204
-131
-55
55
167
233
187
55
4
-1
86
270
370
370
294
201
194
234
229
248
264
196
117
11
-92
14
207
325
415
387
218
-9
-47
85
298
443
454
352
263
194
154
99
31
16
21
-9
-95
-27
61
156
185
126
107
77
57
71
67
70
185
274
220
86
-85
-212
-301
-363
-317
-192
-55
25
-16
-108
-184
-263
-301
-331
-370
-237
-93
3
136
231
252
222
268
221
163
47
-13
56
116
223
214
153
-5
-89
-135
-63
-37
-62
-50
-163
-123
-81
-56
-29
-22
48
89
149
146
113
56
108
203
266
380
360
301
195
131
136
165
184
116
20
15
41
56
46
-30
-148
-212
-146
-72
-35
9
-51
-65
-43
-2
86
44
-30
-144
-221
-224
-239
-239
-260
-279
-217
-152
9
250
369
272
82
-200
-288
-179
-57
39
73
-1
-91
-156
-172
-84
50
163
180
125
97
149
92
-49
-155
-154
-101
-4
64
110
141
87
57
44
21
-20
6
-2
-145
-205
-225
-171
-114
-166
-232
-220
-237
-235
-265
-235
-244
-199
-104
-30
35
17
-99
-154
-91
-30
-1
-95
-139
-220
-279
-201
-92
-63
-134
-181
-254
-199
-104
9
90
121
127
39
-95
-189
-215
-111
39
74
91
60
53
43
163
141
109
108
-54
-174
-148
71
254
253
136
-28
-220
-195
-164
-48
-8
39
110
214
286
191
63
-160
-206
-169
-72
94
245
345
287
286
263
320
403
447
539
473
381
322
296
331
439
497
504
440
298
194
129
-10
-77
-104
-34
37
75
106
-2
-153
-185
-135
-100
-140
-232
-300
-292
-162
-28
129
167
117
-61
-91
82
223
306
264
216
65
-150
-318
-329
-197
-89
-65
-196
-468
-627
-620
-500
-224
-2
109
139
35
-131
-231
-434
-525
-538
-585
-597
-442
-300
-189
-86
-180
-214
-375
-446
-560
-623
-622
-459
-164
69
161
73
-20
-69
60
114
113
28
-44
-49
-77
63
120
273
381
395
364
313
358
397
484
515
514
480
395
328
404
427
408
314
241
209
206
197
190
242
198
213
269
371
371
247
103
-16
-47
14
129
169
127
111
176
186
170
231
180
45
-68
-193
-296
-347
-263
-129
-90
-62
-158
-294
-429
-509
-591
-629
-538
-447
-376
-367
-355
-403
-391
-216
8
230
292
147
-50
-197
-353
-430
-369
-221
-57
70
209
320
431
414
373
305
163
147
157
204
234
216
96
-96
-166
-27
210
267
185
44
-81
-70
-90
-50
16
125
242
332
337
303
229
246
393
513
606
616
543
420
305
246
173
53
-51
-102
-71
-77
-60
-27
6
48
61
-32
-114
-137
-89
35
148
179
53
-41
-167
-284
-315
-291
-211
-178
-162
-204
-335
-342
-329
-255
-233
-248
-366
-391
-387
-300
-89
36
149
156
173
180
79
-73
-264
-385
-371
-272
-118
-101
-186
-240
-310
-343
-334
-261
-254
-206
-171
-230
-221
-176
-119
-12
27
-144
-277
-290
-366
-321
-231
-159
-136
-118
-26
56
117
96
-12
-79
-96
-162
-87
-16
8
-68
-174
-232
-208
-151
-41
-58
-78
16
155
299
247
178
110
23
-133
-186
-102
-10
101
135
129
148
148
158
156
193
201
151
104
127
204
246
270
317
348
333
339
337
352
341
390
472
534
541
496
429
408
345
314
258
265
335
323
271
251
186
211
294
364
412
334
231
85
15
-67
-47
-13
128
194
143
34
-100
-217
-245
-238
-180
-107
-84
-52
-65
-33
-99
-168
-246
-232
-134
-73
-94
-126
-198
-259
-208
-122
-107
-186
-243
-311
-294
-257
-170
-90
-76
-148
-320
-490
-553
-463
-310
-241
-254
-319
-397
-477
-498
-426
-421
-371
-338
-268
-136
-44
-54
-26
-40
-158
-203
-278
-361
-341
-180
15
262
342
336
228
163
161
161
220
297
369
401
411
375
277
176
211
322
424
438
528
560
671
718
686
620
502
356
231
257
286
241
162
120
104
45
94
79
19
-62
-114
-154
-160
-212
-156
-143
-275
-291
-313
-330
-287
-264
-276
-201
-38
16
