2
628
1205
1701
2067
2170
2203
2268
2227
2322
2344
2302
2291
2210
2237
2503
2767
2802
2722
2448
2459
2551
2721
3058
3166
3079
2892
2609
2260
2140
1817
1404
1063
872
820
550
21
-691
-1231
-1363
-1225
-1211
-1391
-1698
-2204
-2799
-3183
-3345
-3351
-3278
-3062
-2881
-2968
-3077
-3162
-3153
-3188
-3138
-3244
-3385
-3353
-3241
-2956
-2559
-2229
-1886
-1708
-1738
-1738
-1750
-1552
-1550
-1342
-1097
-843
-579
-385
-229
-74
36
68
249
326
421
431
503
537
784
1016
1235
1372
1471
1392
1052
964
780
725
905
1099
1215
1159
1102
958
733
712
603
481
575
698
776
566
385
142
-26
-63
-11
52
86
102
196
369
488
471
321
323
469
706
787
694
349
32
-322
-487
-669
-830
-904
-852
-641
-719
-716
-738
-564
-326
55
415
500
278
-117
-576
-869
-1059
-1097
-910
-574
-69
373
642
786
749
603
788
1180
1676
2021
2119
2239
2206
2278
2520
2780
2873
2843
2899
2868
2760
2733
2711
2738
2889
2904
2675
2249
1745
1474
1292
1159
1236
1152
1025
717
469
302
51
-147
-506
-968
-1365
-1251
-833
-594
-719
-1373
-2239
-3035
-3312
-3215
-2858
-2657
-2641
-2689
-2850
-3008
-3045
-3088
-3080
-3102
-3130
-3065
-2800
-2299
-1853
-1689
-1795
-2122
-2335
-2303
-2126
-1942
-1704
-1418
-992
-552
-315
-119
-25
-114
-286
-305
-174
-76
163
276
452
612
693
674
534
339
187
235
261
424
654
742
807
1000
1104
984
759
492
399
449
501
598
578
611
543
534
450
241
237
395
462
467
496
557
607
588
659
579
598
777
1066
1349
1391
1145
770
491
200
176
-18
-276
-595
-736
-776
-712
-586
-684
-724
-823
-835
-770
-806
-905
-1009
-1053
-861
-697
-558
-376
-192
40
148
475
802
1161
1685
2085
2323
2435
2316
2249
2294
2468
2699
2771
2733
2568
2521
2572
2675
2628
2409
2053
1831
1710
1774
1977
2028
1896
1713
1500
1467
1444
1254
1087
777
403
328
307
46
-514
-1130
-1604
-1765
-1657
-1532
-1439
-1400
-1597
-1837
-2071
-2255
-2499
-2936
-3334
-3599
-3749
-3656
-3323
-2954
-2529
-2390
-2414
-2528
-2702
-2717
-2397
-1922
-1704
-1558
-1711
-1788
-1596
-1380
-1051
-886
-862
-958
-1047
-966
-575
-170
163
487
598
486
167
2
-58
15
58
207
407
599
822
1037
1111
1099
864
578
565
552
703
746
783
889
829
775
781
869
869
787
768
764
708
702
613
485
467
313
120
-74
-122
-15
136
440
612
597
583
582
611
538
435
376
360
386
323
164
-251
-632
-976
-1147
-955
-546
-86
120
-163
-623
-866
-815
-800
-682
-436
-355
-464
-539
-301
8
284
308
142
-119
-447
-409
37
632
1224
1701
2115
2387
2639
2850
2752
2811
2909
2827
2735
2683
2646
2635
2663
2751
2843
2918
2996
2810
2522
2191
1727
1257
969
962
1041
959
755
575
268
135
-147
-442
-777
-1174
-1575
-1888
-1897
-1773
-1566
-1551
-1881
-2407
-2550
-2520
-2698
-2887
-3169
-3404
-3545
-3413
-3193
-3114
-3001
-2952
-3070
-3089
-2865
-2529
-2164
-1979
-2118
-2481
-2688
-2772
-2438
-2153
-1910
-1600
-1375
-967
-581
-230
-10
-101
-7
174
466
638
692
551
392
252
262
483
626
852
941
1093
1316
1587
1904
1996
1912
1827
1763
1911
1746
1693
1556
1251
1059
960
999
935
881
725
711
785
699
528
376
342
385
349
347
411
680
969
892
733
350
235
206
0
-268
-673
-910
-832
-468
-277
-365
-532
-752
-1013
-1101
-1031
-922
-924
-849
-677
-426
-347
-191
-191
-227
-209
-282
-86
155
472
464
284
35
-107
169
591
993
1311
1588
1765
1909
1989
2123
2240
2351
2360
2369
2418
2343
2139
2102
2059
2039
2069
1888
1659
1617
1528
1526
1701
1722
1637
1476
1107
797
642
431
250
-32
-234
-453
-614
-848
-1196
-1614
-2002
-2134
-2236
-2427
-2717
-3041
-3242
-3196
-3003
-2835
-2796
-2658
-2483
-2370
-2221
-2233
-2221
-2098
-2038
-1998
-2058
-2110
-2018
-1739
-1357
-957
-837
-895
-986
-1156
-1168
-1123
-925
-645
-429
-283
-124
-6
58
155
175
115
35
-70
-102
98
330
640
851
917
1001
1125
1222
1084
951
908
887
939
952
830
728
474
316
390
657
1051
1229
1189
1032
685
587
652
699
509
258
67
85
640
1062
1238
1184
899
604
504
653
981
1042
737
525
279
225
169
-127
-358
-763
-1060
-1290
-1296
-1054
-920
-856
-967
-1208
-1482
-1489
-1366
-1040
-670
-700
-681
-780
-763
-779
-599
-295
-189
-58
144
250
533
971
1412
1785
2023
2248
2388
2428
2394
2516
2645
2610
2516
2480
2180
1999
2118
2081
2054
1976
2067
2180
2228
2162
1742
1465
1430
1133
1111
1201
1025
823
497
196
-155
-308
-551
-864
-1123
-1480
-1916
-2250
-2427
-2425
-2353
-2419
-2656
-2975
-3147
-3205
-3222
-3262
-3329
-3169
-2886
-2570
-2186
-2122
-2096
-2167
-2120
-1698
-1043
-384
-12
104
86
113
205
307
404
403
275
-37
-196
-159
1
473
800
682
184
-224
-612
-793
-864
-793
-434
-163
-33
57
36
-7
306
626
931
1072
1120
1048
1037
904
998
990
890
870
575
311
-31
-427
-732
-618
-370
79
316
259
155
102
323
782
1227
1362
678
-625
-2073
-3573
-4545
-5351
-6724
-8451
-9696
-10053
-9538
-8292
-7031
-5559
-3518
-1011
2025
4841
6897
8181
9060
9663
9748
9301
8370
7483
6512
5708
5272
5080
5166
5477
5933
6600
7757
8778
9291
9064
8104
6968
5778
4545
2955
842
-1286
-2935
-3960
-4789
-5530
-6092
-6360
-5993
-5137
-4002
-3076
-2705
-2490
-2522
-2574
-2620
-2985
-3673
-4442
-5156
-5607
-5608
-5423
-5118
-4785
-4151
-3275
-2233
-1414
-690
-20
558
1065
1153
753
-98
-1072
-1740
-1943
-1804
-1793
-1651
-1299
-1045
-537
107
605
876
918
711
609
801
897
637
127
-791
-1538
-2090
-2466
-2592
-2665
-2353
-1842
-1214
-567
-212
76
353
419
-37
-445
-701
-557
140
917
1483
1545
1605
1547
1801
2246
2707
2991
3110
3060
2869
2786
2657
2409
2115
1999
2007
2246
2448
2652
2397
295
-2867
-5798
-7829
-8631
-10126
-13389
-16914
-18578
-17555
-14818
-12157
-10517
-8533
-4691
573
5890
9916
12196
14158
16379
18340
19197
18358
16576
14884
13530
12527
11790
10892
9887
8839
7909
7544
7898
7928
7037
5182
2795
926
-317
-1931
-4973
-9127
-12920
-15142
-15760
-16178
-17051
-17668
-16927
-14082
-10183
-6492
-3589
-1184
1684
5076
8194
10204
10900
10412
9284
8162
6986
5509
3723
1487
-708
-2238
-3047
-3611
-4415
-5669
-6832
-7338
-7223
-7241
-8225
-9825
-10964
-10936
-10367
-9809
-9616
-9205
-7858
-5459
-2755
-362
1759
3654
5698
7835
9468
10241
10131
9457
8675
7856
7213
6383
5065
3454
1867
714
-80
-736
-1801
-3016
-4075
-4839
-5418
-6145
-7034
-7504
-7141
-6070
-4836
-3675
-2661
-1647
-132
1475
2921
3958
4985
6072
6911
7518
7275
6393
5273
4234
3420
2576
1921
1456
1183
1003
1077
1316
1176
-781
-4338
-8065
-10797
-11829
-12985
-15815
-19257
-20949
-19709
-16390
-12905
-10666
-8472
-4428
1440
7728
12634
15492
17472
19651
21798
22845
22036
19977
17550
15303
13343
11377
9308
7096
5125
3501
2636
2641
2722
2100
545
-1513
-3130
-3921
-5084
-7912
-12242
-16363
-18457
-18367
-17642
-17796
-18082
-16756
-12814
-7086
-1666
2439
5696
9133
13259
16873
18912
19012
17685
15685
13446
11132
8174
4666
875
-2868
-5863
-7814
-9182
-10640
-12506
-14359
-15391
-15176
-14521
-14776
-15845
-16475
-15721
-13589
-11388
-9910
-8735
-6532
-2747
1592
5365
8016
10084
12220
14522
16034
15991
14726
12738
10539
8469
6289
3752
1029
-1758
-4350
-6204
-7082
-7719
-8597
-9699
-10568
-10622
-9913
-9329
-9567
-10032
-9753
-8290
-6428
-4805
-3420
-1787
832
4071
6698
8333
9323
10108
11052
11836
11795
10670
8922
7049
5301
3636
2167
715
-594
-1419
-1960
-2211
-2162
-2844
-5353
-8785
-11840
-13549
-13968
-15278
-18221
-20831
-20871
-18064
-13883
-10257
-7766
-4665
548
7023
12892
16689
18691
20372
22351
23973
23993
22056
19211
16356
13804
11389
8862
6020
3162
785
-1063
-2101
-2338
-2728
-3877
-5630
-7392
-8230
-8281
-8933
-11312
-14658
-16796
-16698
-15132
-13719
-13280
-12375
-9404
-4278
1379
5816
8980
11779
15062
18553
20798
20857
19178
16727
14033
11246
7906
3735
-744
-5048
-8788
-11510
-13262
-14425
-15500
-16861
-17794
-17780
-17060
-16055
-15762
-16170
-15828
-14194
-11800
-9204
-6891
-4665
-1347
3197
7533
11021
13773
15867
17474
18537
18328
16499
13920
10945
7752
4549
1218
-2088
-5157
-7515
-9269
-10371
-10848
-11015
-11149
-11043
-10239
-9037
-7713
-6678
-6302
-6145
-5170
-3559
-2051
-848
189
1711
4103
6907
9013
10153
10923
11568
12008
11725
10588
8756
6570
4410
2316
250
-1564
-2785
-3654
-4219
-4550
-4809
-4905
-5540
-7852
-10993
-13521
-14716
-14952
-16032
-18443
-20295
-19507
-16127
-11772
-8124
-5317
-1759
3702
9968
15261
18404
19988
21500
23245
24374
23660
21163
17955
14959
12332
9639
6648
3520
541
-1908
-3706
-4895
-5379
-5789
-6677
-7962
-9141
-9467
-9286
-9847
-11978
-14534
-15477
-14389
-12238
-10775
-10178
-8735
-5192
207
5588
9421
11901
14211
17128
19824
21017
20160
17786
15060
12106
8684
4490
-350
-5151
-9185
-12388
-14809
-16464
-17580
-18100
-17971
-17020
-15579
-13968
-12857
-12748
-12455
-11612
-10156
-8473
-7234
-6152
-4176
-776
3041
6699
9661
12327
15357
18075
19536
19200
17301
14646
11783
8583
4638
192
-4136
-7826
-10633
-12429
-13420
-13644
-13044
-11725
-9876
-7636
-5246
-3166
-1689
-536
383
1210
1825
1994
1731
1774
2629
3978
5202
5931
6569
7529
8857
9714
9407
8059
6344
5012
3775
2058
-99
-2353
-3981
-4826
-5234
-5618
-5882
-5878
-6072
-7681
-10502
-13183
-14891
-15229
-15867
-17909
-19776
-19500
-16684
-12544
-8718
-5779
-2439
2702
8866
14248
17741
19612
21215
23006
24238
23677
21223
18156
15311
12736
9972
6744
3348
371
-1871
-3575
-4993
-5852
-6480
-7233
-8100
-8874
-9048
-8691
-8621
-9925
-12074
-13192
-12429
-10575
-8943
-8174
-7049
-4087
681
5566
9220
11663
13952
16782
19537
20759
19762
17370
14638
11937
8729
4525
-461
-5430
-9626
-12948
-15579
-17469
-18495
-18753
-18426
-17298
-15716
-13767
-11694
-10172
-9239
-8454
-7552
-6751
-5941
-5142
-4345
-2676
39
3061
6142
9365
12385
15178
17635
18762
18390
16932
14583
11388
7641
3515
-941
-5096
-8635
-11611
-13675
-14546
-14353
-13194
-11274
-8847
-6184
-3273
-528
1534
3100
4254
4875
4982
4712
4299
3859
3865
3983
3900
3926
4103
4557
5232
5713
5576
5091
4459
3618
2532
1088
-516
-1950
-3087
-3802
-4273
-4659
-5085
-5600
-7197
-10197
-13118
-15213
-15990
-16292
-17839
-19941
-20339
-17976
-13775
-9480
-6091
-3065
1336
7339
13084
17185
19292
20571
22167
23643
23912
22114
18953
15828
13093
10611
7892
4802
1744
-796
-2568
-3887
-4845
-5480
-6208
-7118
-7992
-8629
-8681
-8759
-9531
-11221
-12608
-12450
-11062
-9391
-8322
-7193
-4623
-61
5321
9586
12189
14125
16359
18838
20460
20046
17823
14869
11984
8949
5211
653
-4273
-8544
-11741
-14144
-15991
-17225
-17636
-17422
-16499
-15032
-13269
-11312
-9926
-9188
-8533
-7752
-6653
-5655
-5132
-4632
-3087
-217
2980
6075
8777
11283
14257
17007
18535
18242
16692
14475
11781
8677
4529
-261
-4783
-8270
-10867
-12707
-13781
-14110
-13294
-11366
-8879
-6176
-3448
-1002
985
2550
3807
4507
4783
4591
3958
3239
2886
2856
2759
2618
2730
3263
4214
4939
4768
3937
3103
2657
2194
1279
-155
-1664
-2838
-3500
-3880
-4444
-5031
-5451
-6266
-8734
-11810
-14370
-15825
-16019
-16912
-18974
-20185
-18882
-15278
-10967
-7344
-4552
-922
4690
10801
15748
18548
20028
21591
23204
23998
22897
20047
16902
14234
11790
9145
6126
2990
285
-1527
-2894
-4075
-4754
-5329
-6074
-6811
-7524
-7750
-7654
-7989
-9371
-11176
-11857
-10941
-9233
-7886
-7005
-5344
-1882
3053
7784
10977
13094
15306
17881
20023
20487
18844
15980
13073
10087
6487
2176
-2638
-7051
-10424
-12971
-14981
-16425
-17116
-17127
-16430
-15182
-13593
-11935
-10729
-9740
-8970
-8160
-7217
-6376
-5814
-4917
-2868
-199
2781
5689
8192
10831
13941
16574
17775
17484
16034
13819
11288
8067
3820
-739
-4843
-8112
-10611
-12415
-13517
-13619
-12478
-10411
-8046
-5701
-3295
-1016
898
2507
3504
3763
3500
2990
2264
1715
1719
1916
2029
2320
2740
3558
4707
5449
5495
5117
4724
4366
3785
2570
888
-897
-2157
-2819
-3430
-4282
-5165
-6595
-9530
-12674
-15162
-16547
-16683
-17565
-19530
-20653
-19298
-15635
-11149
-7313
-4402
-631
5027
11203
16140
18795
19979
21407
23120
24032
23053
20166
16864
14230
11914
9275
6212
2967
180
-1440
-2529
-3624
-4494
-5468
-6469
-7222
-7786
-8098
-8224
-8696
-9960
-11322
-11613
-10585
-8852
-7469
-6536
-4756
-1240
3718
8411
11445
13310
15329
17960
20091
20538
18919
15894
12935
10091
6629
2342
-2441
-6824
-10155
-12500
-14411
-16029
-16818
-16862
-16312
-15122
-13969
-13233
-12316
-11394
-10357
-8843
-7477
-6354
-4962
-2893
-211
3285
6710
9317
11819
14159
16246
17538
17249
15492
12977
10271
7241
3673
-512
-4691
-7923
-10044
-11204
-11676
-11811
-11126
-9429
-7089
-4767
-2679
-1064
66
1190
1945
2150
1983
1536
948
661
887
1449
2120
2907
3532
4227
5239
6173
6715
6584
5975
5057
4070
2907
1375
-448
-2152
-3459
-4249
-4794
-5567
-7347
-10767
-14061
-16176
-16881
-16867
-18126
-20288
-20995
-18967
-14792
-10287
-6765
-3998
8
5847
11915
16651
19058
20187
21690
23354
24124
23060
20141
16796
14021
11673
9156
6238
2958
-94
-2027
-3196
-4116
-4852
-5810
-6998
-7842
-8126
-7967
-7805
-8253
-9590
-10796
-10684
-9328
-7495
-6253
-5417
-3648
-93
4614
8802
11415
13008
14786
17142
19057
19269
17485
14376
11359
8700
5706
1835
-2720
-7053
-10400
-12608
-14062
-15193
-15869
-16113
-15919
-15198
-14414
-13295
-12186
-11143
-9944
-8648
-6765
-4387
-1823
596
3132
6201
9223
12172
14290
15198
15586
15424
14556
12560
9575
6006
2518
-410
-3318
-6091
-8490
-10101
-10540
-10137
-9278
-8121
-6688
-5017
-3321
-1943
-1105
-569
-206
-224
-373
-653
-896
-776
-254
436
1177
2354
3656
4947
6161
7022
7503
7568
7270
6262
4818
3243
1652
108
-1479
-2999
-4129
-4914
-5565
-7432
-10986
-14288
-16421
-16802
-16598
-18130
-20426
-21072
-18744
-14237
-9726
-6515
-3857
435
6483
12547
17074
19181
20331
22050
23746
24363
23037
20172
17044
14440
11947
8981
5836
2733
-95
-2075
-3459
-4532
-5052
-5587
-6519
-7513
-8157
-8256
-8110
-8368
-9646
-10868
-10684
-9172
-7218
-5917
-5111
-3316
219
4781
8646
10993
12476
14227
16546
18194
18097
16133
13167
10338
7706
4577
654
-3609
-7431
-10421
-12556
-14263
-15553
-16304
-16553
-16396
-15815
-14625
-13103
-11490
-9914
-8479
-6590
-3834
-909
1694
3826
5817
8198
10858
12796
13450
13352
12840
12138
11036
8917
5906
2886
364
-1742
-3640
-5531
-7153
-7898
-7836
-7464
-6894
-6308
-5544
-4557
-3588
-2841
-2272
-1807
-1578
-1417
-1233
-1037
-531
230
1037
1950
3286
4806
6145
7175
7635
7772
7682
7166
6067
4439
2578
854
-625
-2004
-3289
-4271
-4907
-5196
-5840
-8502
-11993
-14616
-15856
-15628
-16322
-18841
-20762
-20071
-16661
-12122
-8182
-5541
-2239
3189
9270
14585
17974
19539
21150
23226
24455
23884
21540
18288
15179
12554
9679
6362
3217
198
-2268
-3834
-4908
-5449
-5712
-6182
-6943
-7548
-7502
-7152
-7006
-7815
-9470
-10271
-9490
-7715
-6111
-5368
-4459
-2029
2072
6511
9683
11554
12997
14860
16898
17758
16864
14369
11395
8621
5721
2338
-1688
-5729
-9184
-11777
-13554
-14714
-15336
-15708
-16170
-15888
-14850
-13133
-10956
-9593
-8692
-6970
-4077
-723
2454
4596
5926
8306
11311
13405
14244
13570
12194
11331
10593
8484
5215
1913
-1115
-3004
-4188
-5651
-7040
-7763
-7666
-7058
-6066
-5225
-4672
-3954
-3370
-2929
-2356
-1952
-1910
-2193
-2369
-2198
-1417
-233
694
1570
2855
4598
6441
7746
8094
7897
7822
7774
7004
5407
3126
965
-615
-1799
-3004
-4374
-5506
-6190
-7785
-11001
-14204
-16565
-16918
-16467
-17924
-20321
-21077
-18881
-14526
-9958
-6808
-4370
87
6281
12335
16936
19010
20083
21973
24021
24622
23051
20033
16792
14227
11892
8755
5312
2129
-618
-2505
-3881
-4990
-5700
-6204
-6806
-7598
-8106
-8108
-7830
-7838
-8886
-10148
-10302
-8945
-6834
-5437
-4621
-3115
74
4483
8449
10936
12337
13800
15709
17220
17315
15591
12714
9855
7134
4089
382
-3716
-7546
-10714
-13037
-14863
-16063
-16627
-16786
-16299
-15054
-13114
-10802
-8467
-6298
-4109
-1444
1333
3806
5658
6727
7667
8860
9915
10084
9332
8263
7410
6865
6055
4473
2583
929
-224
-1068
-2062
-3321
-4637
-5361
-5565
-5617
-5803
-6111
-6317
-6238
-5878
-5405
-4812
-4177
-3425
-2540
-1419
-12
1512
2899
4135
5220
6364
7462
7999
7941
7383
6645
5847
4802
3344
1497
-374
-1709
-2553
-3244
-3705
-3974
-4105
-5268
-8299
-11719
-14386
-15198
-15187
-16965
-19867
-21503
-20105
-16012
-11217
-7619
-5005
-743
5358
11771
17094
19817
21005
22541
24313
24942
23504
20364
16580
13289
10560
7468
4311
1432
-1123
-2981
-4232
-4895
-5067
-5201
-5636
-6300
-6833
-6844
-6569
-6719
-7938
-9623
-10379
-9490
-7566
-6111
-5453
-4228
-1314
3131
7567
10672
12427
13765
15525
17043
17397
15877
12724
9274
6067
2924
-612
-4570
-8492
-11843
-14306
-15885
-16556
-16395
-15823
-14768
-13084
-10613
-7594
-4816
-2610
-912
800
2792
4638
5729
5884
5779
5971
6569
6998
6562
5716
5081
5015
4985
4386
3227
1805
719
-27
-827
-1859
-3118
-4315
-5211
-5887
-6381
-6776
-7022
-7115
-6951
-6454
-5491
-4246
-3040
-1839
-594
1033
2920
4586
5632
6136
6628
7324
7801
7632
6751
5482
4352
3389
2323
906
-567
-1728
-2318
-2403
-2296
-2999
-5786
-9558
-13036
-15022
-15088
-16064
-19006
-21744
-22068
-19153
-14312
-9772
-6927
-3630
1792
8331
14878
19430
21237
22222
23674
24874
24617
22458
18824
14965
11929
9161
6313
3592
856
-1602
-3406
-4308
-4269
-4128
-4565
-5609
-6824
-7439
-7383
-7303
-8219
-10109
-11685
-11736
-9842
-7360
-5827
-4777
-2730
1127
5904
9987
12509
13827
15023
16290
17038
16380
13737
9966
6151
2830
-272
-3807
-7551
-11103
-13750
-15024
-15076
-14236
-13076
-12047
-10811
-8671
-5792
-3167
-1497
-759
-219
910
2374
3327
3296
2745
2517
3180
4450
5281
5249
4821
4804
5317
5617
5266
4121
2613
1261
80
-1088
-2415
-3927
-5492
-6749
-7390
-7480
-7396
-7350
-7271
-6740
-5448
-3600
-1995
-871
-94
748
2198
3875
5140
5542
5639
5912
6367
6675
6204
5183
4061
3179
2493
1721
825
-102
-689
-552
-995
-3669
-7623
-11744
-14382
-14782
-15926
-19140
-22332
-23003
-20366
-15542
-10951
-8044
-4524
1062
7584
14143
18918
21135
22421
23861
24899
24448
22439
19177
15591
12502
9443
6514
4132
2031
41
-1882
-3108
-3171
-2769
-2988
-4311
-6116
-7489
-7963
-8028
-9012
-11100
-13115
-13647
-11891
-9120
-7028
-5596
-3334
664
5651
10135
13040
14569
15628
16354
16575
15768
13371
9743
5602
1766
-1570
-4554
-7431
-10291
-12437
-13551
-13435
-12000
-10284
-9076
-8132
-6759
-4749
-2622
-1306
-1237
-1449
-1040
-114
680
927
784
796
1549
2931
4232
5053
5361
5516
5861
6126
5915
5046
3681
2040
379
-1099
-2398
-3708
-5173
-6656
-7648
-7780
-7264
-6734
-6474
-6125
-5198
-3682
-1982
-560
399
1165
2270
3679
4835
5478
5524
5350
5295
5241
4908
4194
3436
2651
1985
1586
1322
1231
1313
-356
-4177
-8554
-12572
-14013
-14205
-16703
-20930
-24028
-23364
-18969
-13265
-9629
-7568
-3234
3380
10988
17726
21059
21932
22687
24007
24755
23743
20933
16916
13452
10846
8181
5966
4126
2445
746
-929
-1590
-1254
-943
-1825
-4068
-6537
-8105
-8461
-8823
-10532
-13131
-15167
-14827
-11848
-8471
-6244
-4575
-1596
3312
8789
12967
14876
15429
15529
15406
14997
13459
10373
6191
1814
-1695
-4014
-5709
-7657
-9671
-11002
-11078
-9560
-7306
-5752
-5409
-5440
-4760
-3188
-1726
-1690
-2948
-3996
-3846
-2769
-1682
-1185
-1027
-484
917
2864
4663
5695
5858
5752
5602
5549
5176
3974
2151
-7
-1781
-2856
-3376
-4012
-5241
-6571
-7230
-6763
-5741
-5068
-5017
-4951
-4132
-2635
-1065
-31
492
922
1737
2976
4050
4686
4771
4556
4488
4445
4303
3971
3539
3002
2647
2707
3141
1858
-1942
-7016
-11853
-13546
-13549
-15766
-20060
-23947
-24189
-19915
-13587
-9120
-6583
-2584
3168
10495
17666
21547
22536
22646
22936
23098
22301
19950
16155
12569
9549
6775
5230
4590
3968
2706
886
-25
484
1245
525
-2217
-5672
-8297
-9259
-9631
-11022
-13492
-15863
-15947
-12971
-8852
-5489
-3214
-435
3876
8847
13006
15119
15471
14588
13145
11763
10045
7713
4269
100
-3345
-5267
-5782
-6045
-6745
-7667
-7924
-6603
-4310
-2401
-2113
-3204
-4149
-3950
-3020
-2881
-3968
-5346
-5801
-4816
-3173
-1601
-426
430
1405
2678
4326
5734
6177
5529
4277
3239
2605
1911
716
-1182
-3176
-4407
-4591
-4204
-4248
-4918
-5667
-5552
-4477
-3358
-2927
-3033
-2955
-2277
-1080
151
949
1341
1612
1958
2730
3450
3803
3559
3051
2720
2689
2983
3194
3238
3460
3244
705
-3525
-8668
-12656
-13432
-14308
-17581
-21954
-24524
-22623
-16856
-10830
-7312
-3860
1428
7834
15048
20458
22712
23329
23267
22946
22045
20259
17199
13742
10919
7998
5742
4923
4953
4972
3818
1977
1158
1667
1948
176
-3491
-7505
-10215
-11153
-11941
-13394
-15258
-16265
-14619
-10552
-5828
-1979
1141
4505
8434
12274
14716
15405
14645
12512
9805
7248
5138
3002
27
-3367
-5841
-6275
-5347
-4441
-4279
-4660
-4532
-3466
-2111
-1497
-2288
-4061
-5701
-6203
-5938
-5840
-6043
-6199
-5644
-4225
-2185
144
2228
3558
3990
4107
4614
5261
5166
3821
1823
229
-539
-862
-1488
-2598
-3834
-4536
-4435
-3893
-3515
-3675
-4056
-4183
-3813
-3164
-2525
-2005
-1518
-975
-213
865
2132
3113
3438
3378
3374
3730
3987
3779
3035
2342
1964
1983
2292
2845
2735
-35
-4827
-10404
-14097
-14129
-14478
-17432
-21870
-24590
-22122
-15414
-8609
-4611
-1294
3216
9072
16252
21492
23588
23613
22204
20743
19481
18017
15683
12817
9924
6721
4823
4882
5944
6693
5327
2738
1291
1496
1634
-389
-4627
-9525
-12862
-13953
-14221
-14427
-14934
-14971
-12834
-8508
-3131
1746
5471
8294
10561
12603
13875
14195
13231
10352
6657
3447
1744
1027
-266
-2435
-4437
-4698
-3393
-1828
-1243
-2003
-3144
-3946
-4151
-4104
-4670
-6001
-7650
-8660
-8442
-7155
-5361
-3772
-2496
-1437
-11
2119
4349
5644
5318
4036
3064
2975
3104
2441
986
-576
-1503
-1616
-1348
-1196
-1561
-2437
-3473
-4173
-4239
-4077
-4244
-4823
-5444
-5480
-4621
-3116
-1677
-699
-36
959
2562
4193
5074
4899
4292
3790
3607
3359
2856
2265
1717
1579
2038
2628
1171
-2971
-8958
-14302
-15765
-15564
-17066
-20580
-24071
-23443
-17971
-10639
-4717
-41
4463
8974
14484
19478
22706
24180
22999
20279
17568
15481
14166
13168
11733
8908
6249
5565
6883
9057
9088
6297
2925
622
-582
-2303
-5536
-9979
-13981
-16281
-17145
-16360
-14507
-12390
-9650
-6271
-2126
2609
7166
10553
12171
12344
11468
10639
9951
8414
5919
2990
998
558
810
789
348
50
-67
-201
-672
-1615
-2734
-4294
-6233
-7967
-8939
-9064
-8746
-8317
-7857
-6830
-4878
-2449
-9
1568
2242
2598
3037
3494
3515
3005
2175
1426
957
679
665
904
908
429
-554
-1474
-2030
-2517
-3363
-4649
-5853
-6471
-6381
-5843
-5060
-4178
-3169
-2041
-798
458
1587
2465
2827
2815
2494
2164
2102
2078
1850
1369
1032
1292
2199
3391
4425
3611
-129
-6169
-12679
-16136
-16446
-17021
-19558
-23289
-24185
-19744
-11914
-4202
1861
6686
10550
14486
18220
21035
22978
22365
19162
15161
11672
10133
10503
11418
11036
9432
8178
8586
10975
12500
11036
7149
2365
-1755
-5127
-8357
-11538
-14402
-16753
-18273
-17865
-15084
-10635
-5595
-1539
1400
3983
6543
9134
10865
10852
8970
6430
4494
3434
3180
3028
2990
3234
3347
3298
3311
3569
3414
2061
-651
-3788
-6049
-7355
-8245
-9021
-9772
-9905
-9166
-7642
-5666
-3660
-2050
-1147
-599
-396
-195
214
549
667
406
189
595
1797
3173
3784
3672
3188
2600
1810
479
-1131
-2815
-4361
-5626
-6453
-6558
-5994
-5038
-4138
-3306
-2298
-1182
-65
705
1053
937
658
611
639
790
850
1038
1540
2066
2637
3254
4105
5330
6293
4928
105
-7752
-15878
-20116
-20359
-19857
-20984
-23467
-23358
-18281
-9900
-1203
6088
11414
14463
15850
16201
16865
18331
18503
16455
12608
8741
7598
9851
13784
16495
16557
14679
13069
12864
12349
10175
5976
290
-5692
-11325
-15440
-16791
-15639
-13709
-12462
-11734
-10157
-6559
-1629
2672
5115
5128
3769
2762
2804
3684
4589
4979
4788
4553
4886
6226
8563
10522
10322
7589
3582
397
-1297
-2440
-4180
-6548
-8724
-9973
-9790
-8382
-6271
-4300
-3579
-4048
-5005
-5509
-5066
-4134
-3429
-3535
-3978
-3771
-2205
465
3181
4941
5581
5474
4805
3799
2729
1733
455
-1496
-3887
-5634
-5905
-4819
-3317
-2328
-2092
-2367
-2668
-2729
-2537
-2417
-2622
-3165
-3816
-4144
-3576
-2118
-152
1600
2522
2836
3030
3509
4195
4469
4228
3650
3204
2970
1847
-1774
-8440
-16054
-20939
-21277
-18854
-16883
-16398
-15558
-12436
-7087
-974
4943
9973
13169
13637
11915
10241
10464
12448
14628
15283
14108
12634
12850
15304
18594
20341
19331
16170
11970
7520
3345
15
-2184
-4062
-6783
-10283
-12902
-12942
-10447
-7132
-4991
-4716
-5623
-6444
-5969
-4156
-1792
206
1284
1598
1855
2993
5503
8789
11296
11603
9822
7387
5603
4668
3797
2371
342
-1911
-3893
-5144
-5291
-4447
-3334
-3009
-3926
-5586
-7014
-7526
-7146
-6614
-6509
-6739
-6736
-5920
-4228
-1991
302
2231
3158
3004
2168
1416
1359
1636
1642
1081
205
-518
-772
-493
72
454
279
-687
-2292
-4010
-5346
-5990
-5975
-5691
-5362
-4872
-3990
-2622
-1081
327
1354
1913
2013
1557
739
-24
-396
-282
201
755
1516
2535
3921
4941
4546
1502
-4552
-12049
-18413
-21704
-21717
-19899
-17113
-13834
-9919
-5317
-273
5130
10051
13411
14315
12700
9799
7309
6819
8525
11475
14471
16448
17709
18636
19401
19820
19325
17624
14224
9207
3330
-1988
-5309
-6405
-5860
-4945
-4466
-4470
-4895
-5202
-5330
-5415
-5678
-6451
-7494
-8483
-8678
-7446
-4505
-352
3721
6827
8466
8900
8682
8009
7139
6056
4754
3154
1308
-262
-1115
-909
-22
799
762
-345
-2276
-4458
-6402
-7869
-8805
-9135
-9004
-8592
-8063
-7123
-5505
-3481
-1459
-189
13
-624
-1537
-2186
-2222
-1577
-381
987
2122
2789
3058
3074
3028
2914
2369
1144
-703
-2728
-4401
-5363
-5475
-4874
-3841
-2738
-1915
-1516
-1354
-1260
-1210
-1368
-1752
-2288
-2667
-2611
-2035
-1077
103
1353
2586
3563
4110
4283
4358
4344
3618
1562
-2304
-7283
-12053
-15556
-17080
-16457
-13864
-9985
-5994
-2719
-524
1009
2244
3242
4024
4325
4336
4407
4942
6557
9095
12344
15659
18456
20093
19978
18311
15537
12533
9841
7695
6135
4936
4006
3166
2376
1621
893
160
-816
-2146
-3987
-6257
-8436
-9970
-10335
-9475
-7508
-4975
-2547
-552
741
1406
1646
1754
1793
1826
1952
2076
2401
2941
3717
4584
5179
5192
4334
2693
475
-1839
-3783
-5044
-5527
-5465
-5169
-4805
-4539
-4459
-4518
-4766
-5160
-5624
-6087
-6483
-6683
-6503
-5769
-4482
-2801
-1072
416
1500
2110
2178
1781
1068
377
-61
-191
-63
164
402
499
443
122
-339
-934
-1633
-2330
-2842
-3154
-3220
-3135
-2898
-2520
-2095
-1757
-1559
-1372
-1298
-1316
-1382
-1474
-1509
-1266
-674
237
1169
2086
3004
3852
4333
4066
2683
420
-2201
-4563
-6294
-7346
-7586
-6671
-4607
-1724
973
2812
3500
3366
2650
1548
385
-405
-85
1363
3580
5945
7953
9529
10656
11316
11265
10417
9051
7590
6413
5733
5346
5131
5093
5325
5673
5837
5381
4152
2388
424
-1426
-2997
-4230
-4900
-4913
-4350
-3418
-2420
-1613
-1063
-796
-874
-1282
-1870
-2401
-2632
-2367
-1706
-817
84
911
1549
1834
1625
912
-170
-1314
-2260
-2857
-3117
-3150
-2991
-2721
-2522
-2519
-2739
-3178
-3708
-4165
-4535
-4813
-4986
-4936
-4581
-3883
-2984
-2206
-1725
-1606
-1654
-1697
-1752
-1768
-1755
-1621
-1326
-983
-704
-480
-177
130
381
519
368
72
-187
-400
-478
-411
-284
-76
165
395
531
512
407
317
175
48
116
368
710
1081
1391
1586
1790
2018
2246
2422
2496
2415
2282
2168
2110
2154
2234
2319
2349
2237
1998
1808
1595
1529
1463
1345
1182
888
628
346
179
161
249
374
407
295
150
-12
-199
-252
-217
-94
-19
-35
-148
-229
-230
-161
-6
-13
-116
-212
-254
-244
-210
-258
-341
-429
-456
-406
-403
-365
-293
-163
-37
55
84
125
202
311
357
295
220
119
122
213
365
509
662
759
794
661
518
348
152
-50
-302
-523
-722
-852
-894
-870
-834
-792
-740
-704
-690
-716
-752
-791
-841
-849
-792
-637
-412
-238
-230
-360
-478
-607
-710
-787
-836
-856
-835
-779
-594
-409
-287
-188
-174
-277
-433
-579
-657
-659
-651
-670
-702
-672
-510
-207
72
274
372
377
389
446
518
552
595
582
525
431
338
269
181
71
-13
-66
-70
21
74
77
83
117
211
331
379
362
310
260
199
230
301
354
416
405
435
486
575
637
617
506
412
404
368
346
348
421
426
423
370
310
296
202
123
56
-30
-81
-119
-158
-207
-169
-82
-3
64
31
-40
-100
-150
-242
-390
-489
-530
-482
-329
-123
47
93
73
3
-102
-186
-197
-142
-155
-275
-407
-529
-495
-332
-112
95
298
482
603
687
743
719
650
597
598
593
568
551
509
496
496
438
378
344
364
345
258
164
-42
-194
-310
-319
-322
-343
-434
-524
-461
-449
-407
-432
-482
-519
-553
-647
-652
-638
-565
-439
-417
-445
-529
-520
-478
-337
-212
-135
-40
18
87
146
195
161
54
-209
-387
-494
-485
-356
-259
-205
-254
-273
-294
-315
-288
-206
-73
86
278
416
538
629
611
526
501
486
397
225
11
-176
-233
-249
-129
29
103
138
91
-15
-158
-202
-190
-124
-127
-134
-160
-193
-145
-26
170
378
539
618
583
463
346
260
247
246
214
116
1
-17
-35
-95
-192
-307
-434
-520
-582
-609
-555
-563
-520
-410
-247
9
192
304
266
173
52
30
140
194
293
387
363
321
404
524
653
704
759
641
456
263
77
-29
-124
-157
-217
-247
-236
-132
29
127
211
283
320
305
273
217
102
50
91
191
311
363
375
385
401
316
214
147
103
6
-167
-294
-417
-461
-454
-484
-541
-556
-568
-518
-448
-456
-600
-705
-673
-614
-527
-477
-379
-290
-193
30
375
631
779
725
556
360
241
167
32
-59
-130
-99
23
101
57
-27
-115
-178
-173
-229
-305
-324
-325
-252
-209
-279
-384
-521
-485
-299
17
300
458
483
362
262
263
280
176
128
57
108
202
185
147
-61
-253
-303
-335
-346
-342
-377
-451
-411
-321
-231
-120
9
114
156
163
133
89
26
5
55
248
407
473
474
405
371
378
396
344
190
44
-26
-10
19
-20
-112
-91
-8
89
126
72
-78
-177
-148
-115
-67
-111
-187
-199
-101
173
408
586
619
523
425
301
233
165
98
40
26
47
38
65
60
-7
-76
-58
-77
-95
-198
-441
-640
-798
-861
-806
-668
-558
-449
-295
-159
31
149
228
283
347
390
425
462
377
352
313
245
205
197
184
77
-23
-168
-362
-530
-658
-736
-765
-704
-649
-493
-302
-138
1
63
61
153
289
413
524
598
633
618
652
666
725
660
649
592
446
347
180
66
27
-20
-72
-117
-231
-401
-488
-481
-449
-381
-290
-217
-214
-208
-198
-126
-85
-34
33
50
18
57
38
7
3
-83
-179
-295
-267
-187
-114
-77
-86
-158
-254
-282
-271
-254
-318
-371
-433
-471
-361
-216
-106
-131
-200
-262
-225
-68
146
308
300
258
181
148
197
201
230
163
165
244
304
383
434
448
448
418
227
3
-125
-220
-205
-17
156
269
254
171
184
253
341
392
379
306
299
362
494
604
650
601
532
379
285
204
46
-134
-257
-348
-376
-388
-385
-384
-504
-536
-579
-572
-624
-666
-717
-710
-680
-593
-466
-315
-225
-150
-6
62
124
137
144
178
180
170
150
142
141
182
218
230
222
161
135
-12
-144
-273
-370
-336
-281
-225
-193
-215
-209
-165
-53
32
34
99
135
216
265
324
423
466
463
383
261
157
111
201
284
269
172
56
-71
-167
-162
-56
83
181
137
53
-55
-181
-228
-266
-228
-249
-183
-28
169
349
411
401
299
159
80
64
117
141
53
8
-27
-47
-92
-124
-103
-158
-276
-387
-439
-433
-398
-446
-460
-411
-309
-241
-289
-347
-262
-118
-18
78
106
85
40
105
187
246
309
382
511
591
544
408
215
68
-24
-47
-83
-74
-46
-117
-159
-272
-274
-288
-326
-381
-378
-268
-149
-45
-94
-102
-75
-20
-6
35
119
191
289
413
549
521
392
245
180
129
199
244
238
173
84
-95
-215
-220
-233
-230
-315
-389
-432
-433
-324
-201
-86
3
57
59
87
127
194
181
112
119
124
202
281
385
400
326
276
329
417
447
438
335
140
-80
-264
-284
-228
-154
-132
-179
-202
-188
-152
-78
-7
-22
-41
-76
-82
-110
-92
-59
-41
-23
-37
-81
-126
-139
-176
-148
-84
-123
-141
-124
-196
-218
-255
-325
-319
-314
-309
-306
-324
-370
-408
-398
-353
-283
-156
21
334
535
619
585
421
358
370
421
547
622
589
496
302
111
13
-73
-69
18
-44
-65
-106
-125
-85
-31
-30
-8
-9
-66
-95
-148
-166
-154
-151
-173
-183
-137
-138
-50
72
207
262
207
111
9
-23
-8
87
145
174
139
71
20
11
18
-21
-68
-195
-300
-338
-300
-138
21
68
23
-11
-27
-79
-141
-184
-219
-271
-203
-93
68
298
370
299
184
70
74
166
258
356
368
295
153
-30
-213
-341
-353
-288
-242
-277
-292
-270
-273
-291
-198
-100
25
95
62
0
20
29
72
154
125
141
187
225
256
304
282
186
155
162
157
178
141
46
-74
-166
-222
-233
-264
-326
-366
-307
-122
5
71
72
63
-34
-88
-29
28
110
178
237
228
202
246
325
385
321
211
40
-185
-398
-508
-521
-506
-374
-223
-113
-119
-178
-225
-217
-125
-44
-12
-48
-45
-7
63
171
298
432
547
644
624
572
427
196
75
-5
-15
-3
-39
-69
-148
-289
-305
-250
-172
-124
-157
-144
-175
-198
-134
-57
-25
-15
-23
-84
-104
-118
-65
10
116
236
243
201
-8
-139
-138
-99
-70
-69
-60
-90
-127
-201
-299
-260
-164
-37
39
91
104
47
10
-115
-284
-489
-612
-585
-400
-121
188
400
475
476
399
390
350
356
356
413
485
516
548
531
448
348
234
90
1
-82
-93
-108
-196
-294
-399
-417
-390
-311
-163
-19
125
268
394
501
491
394
249
103
31
34
60
48
-1
-75
-125
-151
-175
-190
-338
-525
-708
-787
-691
-510
-297
-157
-165
-251
-322
-434
-391
-281
-87
24
44
40
21
69
208
350
371
307
271
262
288
375
434
411
303
208
156
117
99
101
41
-59
-136
-184
-182
-194
-237
-242
-255
-291
-255
-228
-177
-89
-7
64
69
28
-65
-142
-143
-74
59
182
279
363
381
390
302
144
19
-100
-105
-123
-143
-139
-93
-97
-230
-271
-220
-131
19
132
238
348
370
298
279
207
47
-59
-147
-179
-167
-4
149
278
258
179
98
86
114
90
77
1
-124
-207
-331
-437
-468
-411
-367
-276
-155
-152
-103
24
195
362
537
553
478
370
344
356
402
421
347
248
112
57
-28
-146
-307
-537
-669
-645
-533
-408
-262
-152
-61
-74
-92
-148
-150
-44
14
39
-14
-149
-175
-130
-6
133
166
229
301
309
176
60
16
105
186
176
89
-28
-32
101
251
240
112
-71
-143
-227
-239
-214
-209
-175
-153
-65
-11
39
10
2
-50
-175
-174
-171
-172
-225
-259
-183
-20
127
178
128
71
47
-17
-169
-312
-388
-433
-405
-339
-201
-84
-30
59
70
38
-39
-113
-164
-25
89
172
348
428
525
487
513
502
449
440
389
375
418
411
401
427
326
169
-18
-91
-156
-68
27
92
158
134
74
8
-18
5
38
50
175
240
207
155
10
-147
-253
-210
-142
-78
-25
-8
97
122
122
31
-119
-287
-475
-486
-425
-381
-394
-523
-684
-790
-778
-650
-473
-440
-405
-374
-340
-90
32
199
265
219
122
132
-11
-95
12
49
148
150
138
60
36
90
182
235
286
213
77
-64
-211
-195
-164
-127
-135
-141
-132
-186
-162
-79
83
170
161
94
44
51
97
198
266
238
121
67
23
39
126
196
295
351
370
381
373
267
235
254
342
461
464
384
243
156
231
349
439
442
410
355
285
222
179
132
-19
-169
-394
-459
-481
-451
-413
-382
-388
-275
-166
-202
-171
-252
-329
-323
-286
-234
-161
-159
-101
63
155
152
38
-135
-290
-440
-448
-339
-208
-79
12
52
68
95
125
111
126
96
54
0
-25
-7
-55
-20
-52
-146
-265
-296
-327
-210
-72
16
80
82
-28
-218
-330
-370
-238
-59
147
207
231
174
125
109
168
124
34
46
76
120
55
8
10
111
205
309
346
327
298
220
202
208
207
203
167
125
104
42
33
35
79
101
76
38
37
163
262
241
103
-34
-146
-206
-241
-214
-257
-317
-324
-241
-150
-152
-208
-143
-4
167
266
230
55
-181
-418
-597
-588
-518
-375
-202
-97
-87
-85
-14
170
231
326
262
122
28
-54
-113
-228
-297
-377
-512
-568
-493
-351
-182
-84
14
140
249
374
398
378
332
276
338
338
397
410
319
205
124
28
19
62
131
312
438
458
327
192
-62
-149
-94
-54
16
99
62
10
-19
-70
-53
-49
4
38
61
48
1
80
134
201
189
42
-122
-229
-305
-366
-290
-235
-247
-344
-459
-392
-283
-63
240
375
425
271
122
73
14
-60
-168
-247
-304
-202
-67
4
66
164
260
322
342
326
223
98
103
130
71
-33
-166
-316
-433
-463
-395
-255
-157
-119
-178
-310
-388
-339
-148
89
257
307
168
-28
-81
-42
176
249
176
8
-133
-151
-16
125
134
185
211
237
217
60
-117
-283
-383
-421
-385
-388
-379
-302
-109
121
309
341
295
145
-55
-79
-37
-32
1
53
245
357
341
279
87
16
70
213
422
392
262
120
-87
-152
-121
-62
56
102
95
96
21
-150
-289
-277
-235
-189
-155
-145
-115
-28
67
84
72
162
176
273
360
325
301
281
269
278
264
229
115
54
52
117
250
242
176
107
126
204
173
28
-54
-127
-173
-128
-16
-5
-75
-150
-171
-158
-143
-104
-203
-341
-384
-424
-410
-341
-269
-250
-239
-199
-132
-92
-99
-201
-354
-491
-648
-604
-522
-434
-261
-192
-117
-103
-113
-115
-80
-113
-184
-192
-162
-110
-29
21
12
4
-16
45
192
360
373
403
365
176
-26
-209
-262
-272
-223
-144
25
250
370
425
402
317
215
270
387
515
568
553
489
424
403
477
478
426
443
471
495
469
442
392
313
183
79
-21
-130
-97
5
129
159
68
-213
-489
-636
-595
-455
-327
-271
-254
-208
-255
-268
-230
-242
-277
-286
-209
-88
-82
-153
-176
-211
-187
-172
-156
-101
-93
-220
-238
-233
-200
-109
-22
38
-30
-178
-188
-93
119
253
306
270
95
-90
-242
-227
-128
94
322
504
650
694
636
479
339
250
103
-62
-259
-385
-336
-234
-147
-80
-208
-432
-559
-621
-516
-399
-245
-206
-189
-139
-59
180
379
539
622
603
475
291
153
64
5
54
111
88
61
-23
-71
-64
-54
-86
-98
-182
-229
-162
-36
185
280
332
307
238
230
259
186
118
9
-53
-77
-95
-122
-228
-212
-231
-246
-209
-278
-338
-484
-590
-482
-269
9
123
215
221
214
158
81
-37
-83
-94
-66
9
-38
-124
-328
-454
-419
-174
9
87
85
26
0
3
121
191
328
395
420
435
363
345
392
376
239
18
-135
-163
-57
33
37
70
99
132
190
267
286
217
101
-16
-9
8
67
119
214
164
-14
-295
-651
-753
-654
-454
-295
-189
-74
36
11
-66
-112
-143
-156
-94
-83
-20
132
230
244
123
28
-1
126
232
324
525
558
481
408
356
438
513
630
560
388
75
-192
-292
-349
-246
-226
-234
-245
-181
-80
-81
-205
-340
-415
-431
-372
-313
-209
-276
-383
-473
-501
-393
-288
-223
-182
-292
-367
-327
-198
-31
202
400
532
528
376
178
-22
-31
-95
-132
-197
-187
-139
-196
-256
-310
-264
-109
9
39
109
100
154
150
104
-6
-56
24
118
191
220
151
147
151
158
211
211
359
327
288
177
80
111
91
160
162
85
-82
-126
-4
159
453
607
509
331
125
-79
-143
-102
-60
-23
-2
-40
-124
-104
-126
-111
-129
-184
-269
-367
-490
-431
-331
-176
41
119
141
60
-18
49
173
262
364
380
302
143
49
152
407
496
420
330
6
-110
-143
-52
61
118
50
-134
-344
-560
-567
-566
-493
-492
-558
-556
-358
-123
-29
-96
-280
-518
-612
-540
-365
-131
-26
-80
-173
-205
-254
-199
-69
67
199
222
170
95
55
137
128
2
-144
-293
-371
-323
-199
-27
88
200
280
313
321
351
415
424
403
319
283
298
362
386
324
357
331
337
345
314
457
513
487
421
333
275
303
312
321
286
173
145
139
84
-31
-164
-217
-226
-223
-176
-170
-133
-115
-81
-85
-150
-200
-254
-319
-396
-385
-375
-338
-157
-43
-36
-109
-152
-138
-126
-156
-121
-57
-16
-6
-58
-195
-242
-238
-281
-225
-105
-47
-61
-199
-301
-326
-294
-161
-92
-67
-95
-104
-35
2
-34
-69
-94
-67
17
72
57
63
-33
-20
-49
-57
10
-9
49
60
107
220
245
281
306
228
285
310
350
391
426
429
268
131
118
169
201
192
-2
-179
-213
-103
79
145
102
18
-93
-78
-134
-169
-265
-321
-227
-39
214
307
247
247
244
253
316
291
222
163
130
114
69
62
50
66
-56
-204
-262
-212
-155
-157
-97
-132
-61
-40
-63
-115
-226
-321
-387
-263
-65
20
-65
-220
-172
-69
97
268
325
163
-27
-176
-177
-51
-24
-40
-145
-227
-213
-176
-162
-166
-204
-195
-71
61
85
50
36
-3
36
90
95
81
-11
-78
-131
-118
-113
-174
-206
-322
-263
-132
-82
-67
-107
-208
-235
-163
-10
115
46
-3
-4
36
153
169
92
8
-62
-61
-31
-4
-135
-216
-250
-161
-2
44
12
-5
58
143
250
357
420
387
406
402
405
390
404
445
390
425
399
295
139
-24
-128
-202
-173
-103
-74
10
93
141
82
-6
-47
-121
-171
-104
5
22
39
-23
-84
-56
13
-34
-86
-167
-183
-153
-24
63
138
185
23
-71
-122
-153
-155
-49
31
93
88
38
-126
-198
-130
-54
41
17
-53
-15
91
243
400
415
393
258
149
156
108
71
-65
-231
-369
-374
-175
36
48
-14
-140
-156
-223
-216
-271
-310
-265
-270
-227
-103
-12
95
133
79
48
-94
-201
-293
-313
-304
-289
-368
-377
-434
-368
-743
-2051
-3155
-2512
-110
2502
3560
2458
460
-581
-130
346
-206
-1325
-1386
293
2363
3311
2523
1158
346
561
1096
959
400
12
167
346
188
-404
-741
-945
-1272
-1289
-726
333
1398
2024
1446
-85
-1368
-1692
-960
-333
-712
-1450
-1548
-769
113
707
754
553
339
93
80
-36
101
531
570
355
292
274
-301
-1534
-2791
-3279
-2527
-1045
94
544
486
485
-276
-1620
-2519
-2145
-203
1495
1949
1642
1587
1823
1797
1818
1942
1797
1871
2311
2447
2211
1421
566
111
-241
-491
-545
-535
-1000
-1581
-1997
-2192
-2167
-1731
-916
-208
258
169
-29
-247
-548
-699
-604
-124
536
1170
1498
1397
1071
578
400
690
1311
1882
1720
1094
452
117
-26
-493
-1189
-1638
-1636
-1366
-1002
-784
-859
-1254
-1724
-1916
-1879
-1484
-1095
-844
-595
-252
193
725
1069
869
442
131
246
568
498
107
-375
-650
-492
-23
194
-211
-800
-1176
-1177
-890
-721
-793
-1106
-1347
-1103
-709
-340
-174
-350
-655
-631
-310
-131
-165
-402
-684
-613
-146
460
889
1003
996
1126
1209
1313
1466
1434
1181
816
423
135
-13
-146
-304
-349
-195
68
371
419
284
-39
-184
-57
134
442
750
1120
1506
1884
2223
2222
1907
1575
1517
1579
1605
1329
849
570
668
1033
1476
1733
1532
1110
530
96
-186
-382
-577
-497
-311
146
598
677
381
-242
-906
-1546
-1723
-1481
-855
-146
361
515
346
-76
-532
-879
-955
-857
-702
-508
-352
-123
0
62
217
225
26
-108
-224
-322
-472
-753
-1118
-1106
-707
-255
53
219
-25
-734
-1156
-1192
-860
-362
123
245
-66
-461
-824
-1070
-1089
-851
-453
140
674
1075
1438
1603
1725
1849
1748
1590
1293
925
465
-35
-690
-1410
-1800
-1810
-1486
-1180
-1062
-1174
-1386
-1507
-1511
-1433
-1479
-1711
-1800
-1870
-1705
-1230
-901
-927
-1294
-1718
-1752
-1361
-843
-468
-354
-644
-894
-854
-736
-689
-710
-515
-175
187
552
595
306
50
30
197
509
881
1255
1535
1718
1644
1321
761
368
426
796
1340
1611
1456
989
508
191
10
-56
-332
-528
-475
-341
106
443
351
75
-116
-104
234
761
1228
1544
1598
1546
1295
1081
1174
1503
1848
1805
1363
610
35
-34
392
935
1152
956
478
-166
-622
-801
-861
-703
-597
-157
291
307
217
-4
-325
-458
-213
290
706
798
761
527
246
48
-28
-72
-87
68
212
112
106
267
434
732
1076
1239
1068
833
495
202
176
46
-310
-760
-1227
-1509
-1610
-1475
-1332
-1228
-1150
-1142
-973
-936
-1102
-1252
-1375
-1329
-1075
-806
-563
-529
-789
-1054
-1135
-1099
-814
-590
-412
-257
8
313
421
295
82
-135
-262
-100
465
1117
1668
1961
1919
1661
1390
1197
1120
1310
1511
1574
1641
1673
1463
1038
388
-50
-335
-619
-895
-1169
-1327
-1340
-1141
-997
-976
-1117
-1574
-1817
-1554
-820
-19
463
433
34
-390
-582
-515
-316
79
446
517
460
240
-112
-385
-508
-480
-223
-20
156
353
335
99
-160
-367
-414
-96
176
259
138
-21
-81
-23
203
482
536
528
370
95
-183
-330
-248
-49
167
284
198
-138
-350
-289
11
349
536
612
700
766
954
1087
864
526
322
80
-129
-295
-558
-955
-1221
-1225
-1001
-808
-598
-423
-578
-809
-1093
-1213
-1319
-1268
-1003
-817
-543
-141
106
243
194
128
81
60
240
298
270
212
264
406
469
683
874
899
941
1044
1096
1098
922
579
364
270
485
684
751
747
633
506
316
121
-191
-522
-882
-1052
-1079
-715
-201
-35
-199
-430
-605
-532
-305
-54
162
301
436
299
312
788
1386
1478
1353
1012
325
-246
-461
-510
-441
-165
61
-12
-234
-323
-383
-329
-218
-63
-68
-318
-583
-558
-386
-281
-291
-460
-773
-889
-770
-425
-21
277
402
260
-2
-198
-205
-137
-55
52
204
274
234
4
-296
-431
-458
-282
98
233
301
240
-1
-244
-522
-867
-1197
-1273
-1171
-1048
-974
-995
-943
-583
68
662
1145
1472
1555
1492
1409
1261
1062
1106
1188
1456
1893
2281
2362
2167
1740
1208
743
501
426
419
378
261
108
-102
-248
-502
-657
-838
-864
-803
-693
-583
-673
-875
-1051
-1007
-832
-752
-1005
-1546
-1887
-1902
-1634
-1249
-996
-777
-702
-617
-311
41
163
24
-51
-80
-1
62
-20
-212
-198
217
678
793
389
-299
-1009
-1222
-1051
-652
-269
-195
-322
-484
-562
-439
-241
10
-37
-191
-57
196
506
793
856
735
510
369
458
522
796
1127
1215
1095
1088
1093
913
908
909
977
947
868
740
495
353
483
779
811
681
400
167
-15
113
364
400
354
393
582
470
238
152
-48
-210
-84
160
39
-344
-513
-614
-449
-159
-78
-111
-394
-637
-726
-537
-185
5
-148
-789
-1295
-1565
-1640
-1361
-1021
-694
-503
-485
-485
-440
-356
-485
-683
-622
-545
-504
-418
-395
-371
-211
58
128
-12
-221
-381
-482
-626
-708
-746
-832
-756
-543
-340
-400
-598
-915
-1289
-1181
-852
-444
81
190
-85
-337
-249
237
848
1320
1407
1248
880
571
513
601
875
1129
1214
1276
1269
1271
1285
1186
1034
972
1120
1298
1539
1620
1427
1158
989
1051
1309
1525
1463
1259
1163
1159
1163
1053
672
126
-255
-500
-575
-686
-991
-1394
-1770
-2005
-1853
-1340
-738
-391
-400
-606
-877
-1208
-1405
-1325
-1039
-683
-299
23
213
288
330
123
-394
-785
-1084
-1100
-892
-501
-101
20
-161
-552
-742
-639
-253
234
322
66
-135
-254
-328
-293
-161
0
170
336
451
512
450
244
163
164
255
283
212
9
-183
-123
-11
121
182
169
164
202
363
557
595
391
115
-138
-488
-613
-752
-674
-477
-269
31
109
-138
-407
-502
-278
279
662
626
207
-243
-465
-264
35
366
337
-50
-424
-581
-726
-629
-365
-90
376
951
1381
1374
1044
527
37
-174
-211
-274
-397
-458
-276
22
335
435
76
-202
-269
-218
125
450
444
234
-48
-269
-364
-239
105
169
150
154
149
138
255
385
505
631
732
789
804
897
882
690
389
169
-126
-261
-239
-284
-252
-222
-200
-128
46
88
85
6
3
-98
-423
-801
-1192
-1240
-981
-566
-113
179
156
99
0
-107
-293
-659
-1045
-1201
-1086
-728
-222
162
491
679
709
401
33
-165
-189
169
485
699
724
632
740
767
725
606
299
-137
-334
-179
255
623
768
581
284
23
-96
-49
-79
-58
-142
-264
-235
-102
16
148
169
72
-167
-587
-969
-1281
-1399
-1416
-1333
-1145
-838
-438
17
227
154
119
97
64
63
123
121
204
364
562
639
655
599
402
56
-196
-341
-385
-310
-194
-55
91
181
356
366
213
-96
-499
-522
-309
183
605
722
633
450
274
316
507
687
670
402
30
-373
-637
-762
-714
-541
-442
-535
-633
-722
-550
-265
-41
140
170
47
-116
-148
-94
-156
-251
-397
-516
-362
-113
122
153
65
-67
-22
205
396
484
468
383
514
834
1171
1443
1314
984
480
75
-43
-109
-124
-90
-51
-158
-262
-293
-190
-59
-30
-55
-60
-75
30
172
201
96
-83
-188
-265
-284
-253
-292
-398
-410
-229
-57
105
160
113
-20
-231
-348
-488
-417
-75
298
604
724
702
484
257
-16
-146
-32
24
216
271
274
25
-273
-468
-680
-619
-464
-324
-205
-39
50
122
174
325
395
285
139
-75
-167
-165
-128
-199
-335
-567
-735
-747
-563
-231
35
169
137
81
127
284
516
757
701
505
302
256
320
296
208
20
-99
-161
-79
189
328
423
310
27
-72
-14
64
15
-109
-320
-360
-328
-196
-57
-67
-255
-363
-376
-239
-14
156
181
59
-10
-107
-161
-186
-214
-324
-441
-526
-524
-460
-392
-262
-297
-526
-765
-875
-819
-632
-363
-132
107
148
8
-158
-247
-265
-225
-145
-172
-169
-205
-190
-138
-61
-79
-102
-14
28
226
470
738
911
935
927
855
751
781
1055
1403
1591
1443
1077
635
401
327
324
310
253
157
72
73
54
93
84
74
-6
-143
-180
-169
-76
-50
-43
-148
-204
-175
-83
74
146
154
135
32
-96
-238
-484
-656
-707
-570
-286
-93
20
-164
-447
-617
-588
-396
-180
-59
-56
-21
-65
-39
44
52
-106
-280
-437
-349
-122
152
303
346
279
84
62
24
-65
-293
-407
-243
70
444
564
461
153
-123
-264
-190
-14
191
112
-101
-353
-638
-746
-607
-270
51
79
-86
-370
-459
-317
-115
218
417
609
590
394
177
-127
-338
-490
-524
-470
-317
-236
-224
-170
-159
-173
-137
16
126
193
279
345
303
194
11
-166
-300
-363
-376
-300
-207
102
426
706
804
602
359
109
38
-2
103
177
208
233
243
228
-3
-247
-442
-412
-254
32
310
505
548
555
496
454
390
203
12
-41
175
414
576
509
357
200
120
227
325
257
0
-281
-471
-482
-243
-58
-43
-156
-392
-482
-507
-553
-431
-385
-247
-145
-18
102
96
-18
-181
-219
-159
-26
-21
-96
-129
-165
-136
-15
38
-49
-218
-448
-573
-503
-298
-89
56
40
-28
-58
-41
-38
-76
-155
-155
-47
-13
131
233
200
92
-26
-19
81
235
370
412
331
211
94
17
-31
-90
-60
149
351
461
559
638
655
653
541
370
258
123
145
61
-75
-123
-108
32
88
76
-44
-299
-536
-479
-249
29
191
297
220
185
199
171
14
-127
-245
-348
-319
-306
-190
-121
-86
-163
-230
-440
-629
-595
-459
-285
-214
-266
-278
-300
-264
-173
-104
-73
-77
-112
-184
-183
-109
8
100
189
121
34
-70
-84
34
168
268
211
229
319
307
193
32
-97
-180
-119
48
222
256
49
-190
-289
-315
-242
-135
-135
-248
-295
-268
-226
-197
-184
-256
-302
-272
-208
-40
114
234
354
325
321
307
228
295
198
152
129
152
164
118
138
109
118
163
90
47
43
81
186
195
191
217
326
450
454
382
234
65
-12
12
61
131
236
270
128
10
-97
-89
-26
32
145
233
377
428
353
205
-4
-136
-81
132
333
434
265
98
-96
-84
51
149
294
397
485
329
137
-200
-515
-623
-531
-333
-146
14
3
-3
10
121
139
90
-69
-238
-362
-393
-202
-71
52
22
-4
-125
-191
-178
-234
-258
-275
-309
-301
-309
-282
-197
-164
-163
-184
-177
-260
-440
-590
-668
-562
-413
-311
-324
-495
-596
-596
-470
-400
-299
-156
-135
-112
-121
23
58
43
49
117
160
127
247
192
107
-33
-100
-73
-39
17
-51
-63
83
407
718
907
830
486
166
-14
-17
74
135
189
290
406
532
630
603
507
347
170
96
70
38
23
-28
18
118
219
112
-44
-164
-265
-213
-211
-86
122
207
146
46
6
64
183
170
11
-107
-257
-345
-364
-247
-144
-99
-190
-273
-308
-187
-20
55
41
29
-95
-134
-127
-103
9
120
198
170
117
13
29
117
84
57
127
27
-102
-256
-228
-95
46
153
140
-23
-122
-209
-289
-296
-355
-405
-411
-242
-74
23
13
63
128
205
292
253
176
109
141
232
321
418
442
406
309
166
48
39
109
234
300
340
304
158
-18
-84
-62
-48
-40
-32
11
-74
-63
0
34
122
194
209
203
218
126
36
-80
-124
-209
-165
-53
-14
-86
-228
-349
-456
-525
-612
-535
-293
-66
125
185
130
80
93
137
31
-184
-304
-360
-394
-220
-2
132
40
-75
-227
-262
-130
-73
127
157
141
138
51
-86
-190
-217
-158
-48
99
120
45
-103
-179
-130
-131
-4
116
171
209
193
90
75
31
-86
-264
-467
-470
-293
-17
96
60
-88
-246
-286
-150
0
39
36
74
189
264
250
200
190
213
241
272
260
205
52
-53
-34
77
209
284
347
328
221
160
217
292
401
449
412
342
250
121
8
-34
-12
106
204
205
27
-204
-408
-471
-367
-201
-166
-238
-334
-440
-334
-200
-48
-13
-117
-102
-112
-16
72
78
-15
-107
-70
-95
26
151
94
141
98
87
73
86
59
57
-9
-118
-111
-76
104
202
148
61
28
75
157
176
130
22
-107
-208
-286
-333
-292
-267
-150
42
160
314
322
301
275
204
126
51
-25
-103
-211
-296
-331
-304
-357
-410
-343
-368
-321
-219
-113
73
275
420
452
344
175
33
-115
-134
-33
88
189
212
80
-209
-486
-602
-471
-317
-135
-23
55
58
118
263
206
201
116
132
196
103
-17
-222
-310
-357
-313
-247
-226
-191
-204
-68
38
218
218
168
167
107
53
-104
-80
-41
44
98
134
169
195
276
214
146
140
64
-5
-39
-143
-285
-406
-485
-437
-395
-316
-210
-26
214
310
354
331
322
246
232
178
168
131
60
91
103
102
120
177
234
267
310
271
223
132
142
332
591
739
786
736
570
440
329
202
59
35
57
77
18
-27
-142
-134
-223
-288
-375
-521
-519
-451
-458
-502
-537
-608
-562
-556
-470
-422
-424
-442
-528
-560
-608
-606
-446
-122
192
384
419
204
-110
-267
-281
-141
34
210
160
140
167
117
88
26
144
213
281
396
391
293
87
-92
-287
-502
-581
-447
-116
199
364
251
52
-72
-13
142
348
420
384
293
275
294
223
123
-11
-61
28
-4
69
35
-132
-244
-259
-274
-245
-216
-177
-65
46
142
125
70
-26
18
-23
-2
96
233
365
481
555
532
498
357
246
207
