297
284
252
228
154
253
380
457
498
460
385
256
154
137
272
349
403
339
144
-17
-94
75
84
169
127
77
45
36
204
277
381
195
-21
-299
-437
-451
-351
-209
-443
-667
-817
-775
-509
-278
-101
-36
-90
-192
-210
-50
214
494
598
420
92
-270
-380
-355
-167
36
199
342
317
423
344
182
33
6
166
512
711
745
818
681
535
367
279
243
375
528
680
708
620
427
227
104
-114
-281
-403
-328
-191
-37
81
19
-210
-413
-509
-353
-105
11
128
103
35
-41
-99
-94
-128
-9
-3
-134
-161
-343
-371
-437
-482
-442
-435
-380
-294
-200
-282
-354
-368
-342
-223
-92
-38
-126
-349
-423
-368
-431
-561
-654
-681
-471
-187
-17
86
77
4
-111
-195
-340
-182
16
281
269
149
-134
-281
-241
-118
178
348
500
520
546
451
343
192
128
136
97
-209
-431
-528
-501
-184
115
401
486
347
296
148
-5
-87
-114
-42
-73
-144
-403
-518
-347
-49
329
621
719
645
425
133
-149
-408
-351
-95
316
625
753
678
494
495
343
255
147
97
112
147
285
385
316
148
46
133
221
835
955
554
210
-831
-1519
-1433
-541
623
1511
1646
263
-1166
-1873
-1837
-1000
192
709
184
-289
-531
-337
228
392
10
-713
-1207
-1037
-24
1138
1781
1677
798
-251
-699
-321
127
277
127
-460
-837
-759
-304
217
290
-113
-621
-883
-850
-528
51
446
524
463
180
-6
-1
55
70
-75
-124
109
448
823
842
516
44
-512
-696
-657
-478
-239
-146
-152
-96
14
102
269
137
-147
-423
-395
15
520
864
1028
893
487
199
-112
-243
-236
-271
-110
5
110
334
314
134
-173
-431
-642
-739
-520
-160
86
207
158
52
43
27
55
40
-141
-161
-171
-15
196
193
107
-22
-205
-232
-45
47
35
-222
-386
-540
-531
-370
-370
-414
-471
-354
-70
292
680
710
468
105
-292
-613
-538
-226
42
246
266
197
185
402
356
258
30
-109
38
136
226
159
211
168
190
196
123
-124
-396
-391
-268
-55
176
300
325
169
103
110
51
33
15
147
230
202
256
436
779
872
865
709
358
-23
-304
-408
-335
-262
-73
-58
-78
-38
6
121
23
-44
-360
-559
-651
-735
-584
-348
-174
-75
-151
-255
-299
-182
3
258
357
227
111
-83
-293
-230
-107
-28
12
38
38
-133
-421
-673
-720
-699
-520
-348
-210
-137
-159
-101
-14
-5
-216
-466
-589
-408
-156
133
325
460
458
321
155
-42
-98
-201
-196
-171
-74
122
145
138
79
44
142
131
264
334
422
409
314
435
493
569
661
627
595
643
705
801
659
405
58
-183
-120
11
82
211
179
184
208
73
126
48
-48
-151
8
120
184
197
261
251
178
113
35
-49
-52
84
133
46
118
165
30
122
-26
-18
-66
-125
-17
-96
-266
-605
-766
-690
-377
25
295
264
-77
-423
-628
-494
-264
68
352
340
181
-147
-583
-790
-664
-449
-255
-177
-43
110
87
133
365
426
453
444
481
473
295
89
-302
-433
-427
-229
-98
-99
-99
-238
-248
-253
-111
35
26
-162
-449
-695
-800
-764
-518
-158
88
212
-4
-196
-492
-634
-539
-306
-198
22
127
-11
-204
-494
-494
-454
-271
-89
-169
-298
-430
-481
-553
-426
-244
-159
-230
-293
-242
-299
-350
-450
-545
-489
-335
-161
37
76
81
-19
-171
-108
73
219
291
190
-33
-28
178
452
858
1217
1322
1210
1028
789
730
756
836
907
868
887
856
934
943
1053
1060
945
625
390
271
359
623
1054
1254
1131
822
336
118
190
532
744
739
494
187
-132
-282
-191
-81
-41
-259
-460
-496
-385
-297
-120
-171
-427
-556
-625
-585
-432
-407
-469
-705
-862
-857
-670
-465
-281
-134
-138
-67
-119
-255
-650
-944
-1179
-1139
-885
-598
-394
-259
-138
-26
159
199
135
-24
-167
-201
-352
-373
-157
86
251
288
170
-37
-132
-93
-165
-213
-206
-216
-251
-364
-339
-378
-336
-115
17
100
210
190
110
-38
-253
-256
-134
-69
15
-50
-224
-206
-120
65
154
122
31
-95
-136
-178
-29
52
188
275
327
417
337
306
163
187
181
213
248
178
173
128
175
-39
-167
-275
-377
-515
-623
-709
-797
-732
-532
-313
-169
-122
-121
-109
-131
-98
7
133
185
289
367
527
600
783
803
705
652
516
576
469
314
201
70
236
580
850
944
890
646
257
79
-48
-6
146
389
705
803
741
544
270
-76
-304
-367
-337
-210
-233
-314
-319
-170
70
167
159
95
-67
-160
-248
-295
-318
-220
133
392
442
268
30
-204
-333
-224
-145
-141
-204
-347
-367
-324
-216
-232
-467
-777
-1262
-1712
-2247
-2653
-3487
-4516
-5123
-4345
-1304
3652
9234
13284
14282
11488
5517
-1791
-8022
-11497
-11546
-8255
-2748
3266
8025
10198
9293
5832
1080
-3485
-6838
-8388
-8016
-6019
-2861
586
3512
4917
4351
1855
-1667
-5017
-7109
-7105
-5507
-2653
667
3428
5019
4977
3343
806
-1717
-3393
-4007
-3302
-1768
383
2396
3787
4111
3109
1388
-794
-2609
-3370
-2962
-1255
704
2696
3808
4059
3689
2659
1270
-434
-1874
-2903
-2843
-2057
-490
980
2414
2644
2061
902
-533
-1710
-2260
-2100
-1121
221
1563
2355
2160
1624
399
-519
-1185
-916
-239
953
1948
2568
2574
1880
756
-471
-1470
-1993
-1898
-1609
-990
-924
-918
-1014
-789
-588
-419
-201
-242
-503
-960
-1191
-1355
-1512
-1534
-1317
-885
-461
-65
136
236
296
307
174
-1191
-2793
-4280
-4392
-2479
874
4763
8363
11001
11898
10783
7973
3887
-178
-2942
-3693
-2546
-80
2414
3803
3923
1870
-1168
-4814
-7516
-8858
-7860
-5089
-1439
1703
3284
2388
-668
-4058
-6683
-7367
-6403
-3719
-870
1968
3872
4625
3931
2430
464
-1615
-2886
-3580
-3228
-2441
-1409
-701
-302
-1613
-3778
-6306
-8031
-7504
-4844
17
5193
10071
12931
12986
10306
5658
-152
-5053
-7806
-8020
-5578
-1743
2312
5151
5932
4376
1473
-2127
-5025
-6652
-6416
-4925
-2599
-367
552
-267
-1885
-2922
-2375
-143
3086
6145
8789
10731
11583
11198
9471
6189
2362
-960
-3065
-3145
-1733
614
3020
4502
4158
1800
-2049
-6574
-10600
-12633
-11818
-8650
-3783
1163
4874
6504
5715
3138
-111
-3013
-4667
-4483
-2457
535
3832
6326
7715
7494
5528
2485
-1107
-4308
-6517
-6920
-5860
-3587
-1108
1098
1751
1282
-420
-2898
-5598
-7544
-8050
-7324
-4998
-2106
546
2150
2657
1997
813
-252
-903
-799
-352
551
1853
3323
4415
4787
4260
2954
1512
398
-207
-291
83
413
429
536
762
813
853
576
-105
-952
-1877
-2331
-2188
-1071
437
2207
3453
3806
3119
1785
267
-978
-1096
-574
373
1305
2264
2561
2478
2088
1724
1227
741
215
-535
-1421
-1745
-912
256
1774
2442
2666
1862
1000
362
132
108
443
880
1500
2602
3193
3536
3131
2270
971
-91
-644
-755
-783
-604
-51
463
948
575
-153
-1468
-2720
-3892
-4252
-4019
-2894
-1675
-1038
-925
-1326
-1871
-2554
-2870
-2677
-2360
-1501
-656
161
417
604
700
431
50
-1006
-1668
-2503
-2746
-2053
-848
799
1799
2095
1335
155
-1090
-1662
-1556
-731
395
1431
2301
2484
1905
629
-1096
-2161
-2810
-2442
-1451
-460
625
1250
1839
2170
2510
2512
2245
1627
768
112
-259
-575
-1540
-3834
-7413
-11382
-14556
-16151
-15975
-14399
-12090
-9440
-6862
-4541
-2324
-389
1254
2603
3865
5465
7878
10866
13835
16198
17355
17339
16343
14793
13061
11240
9582
8041
6811
5913
5368
4678
3532
1584
-1162
-4029
-6715
-8858
-10301
-11523
-12783
-13830
-14358
-13563
-11429
-8182
-4120
-209
3302
6274
8738
10706
12099
12766
12641
11793
10494
9221
7906
6467
4574
2289
-143
-2486
-4478
-5992
-6899
-7269
-7040
-6516
-5699
-4912
-4352
-3978
-3865
-3737
-3188
-2472
-1629
-1016
-789
-817
-923
-915
-800
-437
96
747
1372
1809
1989
2045
2024
1955
1853
1588
888
-199
-1601
-2981
-3724
-3632
-2821
-1631
-364
1046
2331
3062
1824
-2676
-10571
-19970
-26480
-26837
-21239
-13162
-6375
-2490
-1010
-308
838
2784
4762
5491
4830
4632
7465
13791
21074
25643
25527
21532
15902
10900
7450
5298
3484
1153
-1394
-2957
-2386
-299
857
-1549
-7896
-15482
-20484
-20455
-15891
-9238
-2680
2697
7325
11915
16383
19484
19772
17056
12703
9430
9091
11439
14280
15254
13390
9295
4344
-620
-5443
-10433
-15363
-19362
-21318
-20565
-17422
-13225
-9738
-8177
-8400
-9218
-9605
-8722
-7466
-5964
-4045
-1325
2810
7339
11570
14176
14505
12468
8367
3498
-675
-3422
-4877
-5141
-4789
-3613
-2499
-2276
-3118
-5147
-7266
-9169
-10358
-10270
-8360
-4668
15
4323
7176
8270
7388
5124
2327
-7
-977
-641
531
2252
4283
6109
6926
5977
3377
-198
-3705
-5594
-5661
-4083
-1838
-73
996
1495
1740
1784
1430
620
-294
-824
-395
832
2596
3151
487
-6269
-16500
-25460
-28417
-24016
-15378
-7276
-1757
1543
4364
7381
10537
13016
13517
11742
8878
8019
11330
17730
23292
24523
21224
15615
10219
5452
423
-5209
-10940
-15129
-16445
-14406
-9686
-4263
-543
104
-1213
-2226
-1311
1174
3988
6941
10532
15231
20011
23105
23364
20793
16175
10443
4539
-773
-5285
-8923
-11579
-12849
-12511
-11159
-10207
-10745
-12578
-14272
-14431
-12690
-9611
-6114
-2274
1723
6180
10605
13249
13073
9374
3253
-3039
-8448
-12277
-15289
-17395
-17202
-14266
-8355
-1361
4054
6396
5361
2596
166
-732
-723
-860
-1641
-2151
-1657
-116
1180
91
-3000
-7126
-9968
-9903
-7169
-2633
2341
6524
9556
11760
12814
12173
9008
3486
-2510
-7204
-9544
-9907
-9498
-8469
-6876
-4656
-2104
117
1656
2345
2452
2258
2492
3166
3860
4292
4008
3575
3118
2819
2870
2964
2987
2219
-837
-6870
-15733
-24681
-29146
-26863
-18829
-9092
-923
4783
8932
12769
16091
18370
18579
16495
12936
9394
7980
9752
13873
17323
17452
13457
6775
-88
-6273
-11956
-17569
-22400
-24458
-22554
-16491
-7375
2952
12258
18321
20049
18350
15893
14614
14888
15287
14318
12194
9957
8769
8318
7398
4636
-778
-8231
-16108
-21836
-23534
-21093
-16538
-11983
-8131
-4099
1350
7612
12651
14329
12256
8065
4108
1936
1537
1707
1285
-633
-3797
-7145
-9737
-11588
-13669
-16924
-20546
-21687
-18341
-10165
186
9215
14823
16864
16271
13720
9867
4627
-1321
-7103
-11666
-13819
-12856
-9205
-4337
-205
1875
2438
2711
3402
4602
5727
6410
6893
7061
6694
5384
3046
-323
-4513
-9039
-13067
-15209
-14564
-11215
-6237
-957
3808
7768
10721
12271
12149
10468
7668
4378
1393
-1009
-2061
-1824
-1107
-170
417
848
1626
2608
3136
1515
-3567
-12349
-22566
-29014
-28033
-20068
-9384
-191
6281
11114
15652
19605
21850
21038
16854
10329
3399
-928
-824
2910
7143
8557
6479
2703
-427
-2744
-6028
-11664
-18528
-22946
-21643
-13634
-1319
11412
21076
25823
26179
24076
21219
17628
12387
5075
-2808
-8217
-9246
-6373
-2433
-113
-398
-2950
-6459
-9976
-12862
-14633
-15145
-13977
-10317
-3495
5934
15473
21889
23177
19750
13541
6506
-406
-6970
-12539
-15981
-16414
-13722
-9595
-5689
-3489
-4299
-7090
-11152
-14810
-16585
-16183
-12823
-6587
1957
11144
18438
21551
19959
14458
6675
-1558
-8917
-14155
-16435
-15240
-10863
-4469
2390
7875
10680
10292
7463
3892
860
-1043
-2050
-2423
-2065
-737
1247
2650
2403
-52
-3667
-6812
-8017
-6681
-3430
575
4385
7497
9877
11225
10881
8612
4652
372
-2873
-4296
-4243
-3372
-2359
-1311
-141
1007
2098
2924
3517
3895
3834
1953
-3027
-11510
-21748
-28741
-28676
-21660
-11537
-2426
4620
10565
16277
21096
23491
22280
17531
10460
3186
-1531
-2378
-306
2084
2579
1475
540
693
510
-2295
-8360
-15377
-19334
-17586
-10201
269
10784
19092
24162
26441
26508
24316
19274
11086
1101
-7843
-13136
-14081
-12158
-9365
-6696
-4150
-1810
-188
-153
-2034
-5153
-8126
-9002
-6317
-171
7580
14332
18243
19176
17593
13537
6836
-2211
-11715
-19080
-22448
-21426
-17304
-11690
-6090
-1478
1268
1940
184
-3649
-8412
-12993
-14812
-12508
-6774
642
7089
11176
13183
12975
10429
5585
-1216
-7829
-12148
-12808
-9686
-4434
1040
5178
7358
7939
7445
5826
2741
-1701
-6218
-8740
-7965
-4175
537
4055
5441
4964
3813
2505
1229
-122
-1486
-2335
-1917
139
3270
6154
7225
5938
2945
-282
-2390
-2983
-2626
-2107
-1774
-1404
-696
365
1471
2271
2560
2516
2745
3438
4192
3596
-235
-7959
-18376
-27125
-29451
-24548
-15568
-6586
881
7668
14646
21001
24822
24700
20557
13641
5986
32
-2826
-3160
-2684
-2828
-3149
-2108
500
2653
1560
-3489
-10192
-14658
-14310
-9356
-1776
6269
13557
19570
24121
26661
26093
21507
13068
2627
-6755
-12810
-15256
-15278
-14033
-11546
-7407
-2069
2895
5666
5336
2493
-1113
-3469
-3393
-1066
2307
5507
8104
10347
11974
11603
7865
822
-7691
-14766
-18475
-18800
-16656
-13262
-9001
-4289
255
3741
4601
2392
-2323
-7935
-11473
-11384
-8053
-3098
1389
4935
7965
10128
10433
7854
2486
-3824
-8715
-10438
-8764
-5066
-901
2497
4722
6278
7063
6446
3666
-987
-5832
-8693
-8422
-5606
-1887
1163
3187
4391
5207
5487
4810
2927
302
-1735
-2205
-748
1527
3178
3328
2229
1042
461
340
26
-843
-1721
-1973
-1283
-15
844
1145
1042
919
1138
1752
2689
3594
3723
1374
-4578
-13837
-23697
-29142
-27497
-20132
-10886
-2558
4970
12465
19694
24920
26327
23444
17122
9183
1931
-2739
-4644
-4928
-4949
-4983
-3849
-1039
2128
3124
429
-4793
-9622
-11289
-8978
-3722
2877
9679
15967
21281
24915
25758
22793
15799
5996
-3891
-11373
-15469
-16725
-16057
-13604
-9188
-3270
2508
6370
7332
5696
2764
29
-1382
-1318
-296
1226
3178
5694
8253
9377
7539
2568
-4095
-10199
-14145
-15677
-15257
-13360
-10105
-5645
-666
3446
5487
4650
998
-3786
-7821
-9559
-8686
-6372
-3444
-252
3327
6861
8989
8484
5150
273
-4112
-6444
-6411
-4622
-2280
-219
1641
3351
4819
5258
3710
219
-3840
-6590
-6915
-5009
-2174
423
2378
3811
4991
5730
5669
4563
2558
440
-959
-1298
-814
-200
-53
-233
-441
-248
238
463
209
-481
-1078
-1130
-617
360
1260
1820
1894
1581
1334
1440
2199
3255
3631
1645
-4066
-13182
-23068
-28921
-27830
-20954
-11860
-3409
4235
11798
19020
24283
25828
23177
17139
9492
2475
-2224
-4430
-5136
-5445
-5440
-4115
-1184
1950
3116
1070
-3118
-6959
-8248
-6421
-2413
2616
7950
13220
18030
21540
22498
19905
13681
5133
-3413
-9957
-13785
-15398
-15289
-13254
-8988
-3108
2616
6326
7168
5622
3020
724
-512
-770
-321
618
2179
4558
6944
7897
6163
1712
-4028
-9030
-12101
-13239
-12918
-11451
-8861
-4985
-525
3230
5204
4103
451
-4048
-7541
-8267
-6631
-3946
-1210
1297
3962
6457
7588
6292
2558
-2202
-5853
-7344
-6412
-3948
-1360
891
2717
4306
5484
5402
3445
-106
-3937
-6323
-6385
-4555
-2060
153
1897
3399
4760
5569
5297
3689
1323
-743
-1760
-1608
-860
-321
-229
-288
-122
448
866
697
-81
-1000
-1519
-1512
-866
57
996
1689
1812
1523
1158
1228
1936
2867
3193
1358
-3995
-12545
-22136
-28421
-28116
-21931
-12876
-4075
3871
11531
18660
23961
25676
23241
17454
10073
3173
-1611
-4037
-4895
-5092
-4863
-3579
-1058
1582
2585
933
-2615
-5966
-7214
-5767
-2314
2064
6751
11460
15766
18925
19852
17692
12455
5146
-2293
-8100
-11610
-13090
-13076
-11476
-8072
-3313
1448
4633
5486
4376
2442
770
-17
-10
415
1140
2250
3885
5582
6207
4716
1069
-3653
-7902
-10551
-11504
-11160
-9935
-7766
-4616
-1001
2315
4029
3253
264
-3691
-6624
-7173
-5593
-2952
-234
2135
4390
6209
6655
4925
1158
-3173
-6400
-7283
-5837
-3216
-515
1697
3326
4658
5585
5310
3253
-228
-3817
-5927
-5744
-3862
-1489
429
1702
2643
3521
4033
3746
2551
761
-726
-1258
-829
-39
388
257
-24
-67
412
932
991
487
-410
-1009
-1167
-721
-23
553
942
1079
1192
1278
1396
1614
1985
2239
1067
-3042
-10603
-20096
-27396
-28605
-23279
-14247
-5016
3048
10398
17258
22710
25112
23581
18526
11407
4289
-931
-3619
-4399
-4451
-4346
-3563
-1601
885
2243
1211
-1890
-5188
-6751
-5773
-2721
1357
5727
9987
13832
16725
17835
16365
12073
5700
-1072
-6525
-9810
-11201
-11275
-10094
-7424
-3463
715
3743
4712
3810
1954
239
-590
-481
196
1099
2168
3499
4949
5662
4732
1803
-2355
-6310
-8962
-10018
-9990
-9148
-7564
-5169
-2261
236
1327
657
-1208
-2932
-3188
-1883
252
1985
2645
2601
2413
2237
1517
-334
-3182
-5835
-7003
-5983
-3406
-454
1958
3380
4259
4905
5152
4486
2498
-472
-3328
-4964
-5001
-3900
-2583
-1610
-846
47
1219
2335
2918
2817
2263
1803
1752
1986
2070
1612
715
-295
-946
-1122
-1075
-1175
-1511
-1630
-1319
-322
807
1493
1673
1470
1305
1298
1393
1591
2035
2586
2481
130
-5634
-14353
-23487
-28655
-27463
-20882
-11932
-3267
4789
12510
19506
24404
25670
22905
16957
9624
3010
-1387
-3535
-4269
-4473
-4256
-2994
-739
1360
1774
-153
-3465
-6260
-7005
-5323
-1924
2242
6591
10791
14457
16946
17346
15080
10292
3998
-2135
-6787
-9539
-10676
-10550
-9058
-6151
-2368
1145
3238
3427
2178
518
-652
-905
-413
505
1654
3053
4646
5892
5970
4206
788
-3313
-6826
-8934
-9724
-9465
-8485
-6790
-4241
-1469
719
1413
474
-1268
-2610
-2556
-1254
570
1955
2559
2623
2515
2143
990
-1111
-3804
-5975
-6526
-5172
-2582
110
2190
3510
4393
4989
5009
4001
1764
-1066
-3547
-4794
-4720
-3826
-2745
-1825
-968
87
1346
2388
2926
2783
2317
1935
1815
1850
1681
1130
384
-198
-388
-331
-412
-914
-1546
-1905
-1584
-481
721
1663
1990
1666
1072
557
654
1629
2886
3144
406
-6362
-16044
-25146
-29047
-26106
-18521
-9798
-1899
5562
13226
20265
24735
25185
21532
15121
8022
2208
-1244
-2744
-3353
-3762
-3692
-2370
-64
1700
1381
-1332
-4996
-7435
-7437
-5122
-1459
2666
6923
11086
14694
16968
16942
14188
9087
2893
-2697
-6627
-8806
-9752
-9630
-8212
-5347
-1734
1327
2768
2361
946
-447
-1085
-833
-30
953
2075
3484
5053
6208
5978
3844
220
-3724
-6787
-8542
-9149
-9040
-8197
-6403
-3926
-1371
417
835
61
-1116
-1813
-1349
48
1566
2458
2514
2219
1913
1411
178
-2020
-4531
-6213
-6231
-4515
-1908
631
2564
3790
4512
4855
4615
3448
1310
-1255
-3393
-4422
-4308
-3631
-2879
-2157
-1218
18
1355
2375
2758
2653
2378
2192
2144
2012
1580
862
80
-549
-873
-1030
-1271
-1527
-1665
-1366
-596
377
1211
1536
1377
957
670
785
1392
2529
3421
2407
-2166
-10745
-20958
-28055
-28375
-22396
-13782
-5619
1712
9185
16796
22798
25194
23388
18153
11196
4673
171
-1985
-2665
-3043
-3352
-2776
-883
1326
1958
-20
-3713
-6983
-8058
-6600
-3483
360
4518
8780
12804
15886
17105
15754
11775
6042
153
-4479
-7354
-8850
-9418
-8853
-6781
-3482
-133
1946
2223
1138
-306
-1238
-1320
-726
211
1325
2694
4385
5972
6560
5357
2349
-1522
-4922
-7133
-8134
-8469
-8397
-7572
-6033
-3656
-1307
52
274
-426
-923
-357
1181
2872
3722
3355
2350
1353
600
-348
-2122
-4313
-6092
-6522
-5116
-2640
-16
2030
3284
4103
4711
4989
4439
2757
256
-2187
-3743
-4156
-3939
-3671
-3403
-2878
-1780
-242
1266
2254
2573
2496
2403
2523
2680
2523
1854
775
-320
-990
-1312
-1441
-1618
-1931
-2023
-1693
-846
292
1224
1699
1659
1399
1432
1916
2945
3700
2845
-1208
-8943
-18645
-26604
-28947
-25017
-17208
-8621
-566
7329
15119
21622
25019
24348
20017
13590
7053
2058
-748
-1974
-2522
-2837
-2483
-1065
719
1431
-41
-3302
-6637
-8251
-7412
-4668
-888
3324
7713
11967
15364
17053
16284
12997
7889
2261
-2543
-5946
-8014
-9021
-8878
-7265
-4400
-1212
1057
1708
976
-287
-1238
-1419
-900
-40
1060
2421
4076
5684
6435
5583
3035
-548
-4009
-6570
-8084
-8817
-8969
-8417
-7007
-4812
-2434
-501
593
944
1180
1744
2677
3491
3618
2863
1527
181
-968
-2078
-3393
-4788
-5755
-5664
-4352
-2191
158
2118
3508
4421
4916
4918
4216
2700
591
-1542
-3170
-4055
-4344
-4305
-3965
-3219
-1959
-354
1244
2446
3150
3396
3361
3171
2780
2142
1249
187
-754
-1349
-1631
-1748
-1897
-1900
-1449
-554
531
1388
1694
1556
1224
1052
1255
2004
3003
3239
922
-5326
-14747
-24158
-28921
-26935
-20002
-11486
-3578
4034
11893
19142
24005
25024
22112
16402
9733
3990
334
-1439
-2323
-3009
-3244
-2228
-264
1175
607
-2158
-5615
-7805
-7672
-5474
-2102
1816
6014
10251
13991
16410
16676
14330
9776
4196
-909
-4656
-7040
-8475
-8966
-8098
-5763
-2619
45
1277
1018
-13
-905
-1142
-713
28
844
1822
3117
4689
5837
5692
3802
684
-2715
-5472
-7332
-8602
-9345
-9415
-8359
-6101
-2960
307
2808
4249
4673
4601
4362
3859
2714
832
-1291
-2952
-3692
-3828
-3862
-4135
-4324
-3944
-2754
-950
899
2359
3283
3836
4199
4363
3974
2723
643
-1742
-3730
-4899
-5274
-5134
-4642
-3633
-2054
-24
1980
3404
4016
3875
3381
2817
2197
1498
567
-436
-1225
-1633
-1682
-1598
-1542
-1420
-989
-257
674
1440
1850
1853
1650
1561
1905
2774
3391
2127
-2748
-11421
-21422
-28163
-28314
-22506
-14099
-5913
1639
9317
16849
22546
24748
22965
18001
11568
5638
1619
-385
-1335
-2191
-2826
-2411
-755
918
871
-1488
-5075
-7841
-8340
-6524
-3241
671
4815
8943
12743
15561
16522
15013
11096
5803
665
-3233
-5766
-7400
-8288
-8033
-6309
-3553
-917
534
540
-345
-1220
-1468
-986
-78
882
1821
2940
4349
5554
5692
4155
1188
-2192
-5045
-6871
-7892
-8499
-8715
-8199
-6623
-3883
-597
2243
4001
4527
4385
4122
3823
3050
1460
-656
-2613
-3765
-4018
-3915
-3931
-4068
-3994
-3182
-1497
561
2328
3339
3674
3740
3845
3793
3087
1483
-752
-2898
-4320
-4845
-4766
-4411
-3780
-2744
-1145
854
2726
3880
4053
3499
2720
2114
1649
1053
141
-838
-1526
-1691
-1471
-1202
-1072
-980
-727
-154
621
1300
1625
1613
1606
2147
3264
3772
1808
-4212
-13709
-23406
-28691
-27224
-20609
-12311
-4463
3040
10843
18263
23387
24709
22000
16342
9736
4252
970
-390
-1059
-1820
-2250
-1521
188
1386
533
-2458
-6101
-8424
-8343
-6112
-2647
1379
5576
9696
13350
15769
16113
13895
9542
4304
-332
-3575
-5656
-7036
-7686
-7123
-5193
-2563
-442
332
-184
-1259
-2019
-1961
-1144
-35
1024
2053
3333
4828
5870
5552
3477
151
-3228
-5794
-7454
-8360
-8770
-8228
-6323
-3270
202
3010
4530
4656
3883
2848
1861
918
-207
-1580
-2793
-3285
-3027
-2411
-2134
-2468
-2914
-2836
-1902
-356
1268
2486
3209
3600
3729
3516
2710
1153
-941
-3024
-4459
-4981
-4747
-4090
-3234
-2094
-654
967
2369
3210
3328
2890
2185
1458
891
418
-9
-414
-696
-841
-755
-638
-564
-486
-361
-43
376
780
1030
1064
1192
1548
2484
3621
3571
670
-6293
-16120
-25129
-28971
-26227
-19102
-10799
-2965
4782
12677
19581
23711
24011
20665
14815
8484
3490
774
-123
-561
-1122
-1416
-722
574
981
-588
-3872
-7240
-8933
-8229
-5499
-1591
2776
7078
11000
14139
15865
15481
12683
8050
2945
-1206
-3893
-5497
-6463
-6719
-5886
-4048
-1936
-504
-268
-1003
-2049
-2634
-2298
-1158
316
1662
2791
3958
5081
5569
4680
2288
-1054
-4222
-6515
-7850
-8296
-8095
-7042
-5116
-2467
393
2701
3977
4010
3262
2385
1682
1058
166
-1058
-2234
-2871
-2917
-2759
-2769
-3062
-3274
-2929
-1782
-79
1695
3068
3754
3930
3806
3403
2515
972
-1044
-3002
-4358
-4874
-4683
-4044
-3119
-1962
-603
851
2097
2872
3010
2600
1999
1512
1220
939
520
-39
-474
-694
-808
-977
-1212
-1427
-1284
-733
34
912
1571
2078
2532
3144
4002
4083
2013
-3800
-13064
-22766
-28513
-27588
-21275
-12833
-4739
2780
10182
16879
21460
22714
20542
15716
9870
4932
2080
1303
1295
936
275
-17
294
315
-1042
-3964
-7333
-9508
-9389
-6866
-2677
2157
6694
10363
13015
14554
14586
12675
8926
4271
98
-2663
-4068
-4633
-4737
-4365
-3490
-2434
-1664
-1543
-2053
-2873
-3448
-3233
-2021
-148
1761
3240
4297
5008
5136
4278
2148
-834
-3897
-6184
-7314
-7364
-6533
-5161
-3421
-1483
474
2093
2965
2882
1971
900
202
-77
-203
-539
-1177
-1875
-2373
-2653
-2839
-3005
-3118
-2917
-2051
-522
1368
3040
3978
4041
3490
2641
1603
347
-1118
-2596
-3751
-4259
-4060
-3346
-2329
-1318
-497
196
814
1387
1828
2004
1882
1634
1430
1290
1175
988
664
218
-258
-717
-1037
-1155
-1127
-959
-691
-303
268
1130
2281
3812
4952
4351
336
-7715
-17888
-26233
-28759
-24975
-17323
-8859
-968
6626
13697
19184
21791
21026
17381
12068
6864
3268
1901
2098
2515
2463
2061
1715
1097
-465
-3216
-6571
-9248
-10228
-8959
-5583
-656
4777
9459
12672
14221
14197
12708
9851
6028
2095
-1073
-2972
-3687
-3570
-2986
-2320
-1918
-1997
-2457
-3084
-3695
-4183
-4240
-3521
-1870
428
2713
4468
5389
5428
4470
2571
54
-2607
-4787
-6191
-6664
-6148
-4869
-3157
-1400
171
1383
2109
2230
1682
792
-17
-502
-650
-755
-1026
-1451
-1914
-2336
-2657
-2818
-2788
-2486
-1829
-753
641
2070
3132
3507
3219
2479
1522
443
-715
-1822
-2698
-3209
-3366
-3170
-2683
-1980
-1186
-447
157
616
959
1216
1435
1651
1810
1831
1580
1118
547
95
-198
-411
-593
-754
-759
-584
-270
75
344
690
1351
2623
3789
3331
-501
-8481
-18469
-26373
-28365
-24095
-16171
-7530
337
7646
14156
18912
20934
19845
16247
11317
6697
3695
2685
2956
3362
3400
3139
2674
1546
-791
-4117
-7423
-9540
-9857
-8358
-5235
-787
4397
9251
12787
14357
13855
11716
8595
5353
2609
511
-1156
-2435
-3024
-2692
-1773
-1132
-1443
-2708
-4238
-5219
-5258
-4369
-2914
-1270
414
2011
3490
4482
4583
3525
1530
-680
-2515
-3638
-4263
-4485
-4292
-3615
-2441
-1096
72
791
1006
794
342
-72
-363
-542
-717
-982
-1350
-1767
-2204
-2638
-2919
-2900
-2500
-1775
-849
166
1160
2026
2599
2705
2352
1658
771
-153
-940
-1585
-2076
-2415
-2580
-2532
-2236
-1773
-1285
-850
-505
-181
264
779
1281
1620
1704
1583
1334
1145
988
872
702
388
38
-267
-446
-497
-459
-342
-10
690
1889
3295
3680
1511
-4717
-14086
-23303
-28170
-26544
-20073
-11618
-3419
4202
11242
16732
19735
19623
16830
12518
8218
5368
4385
4708
5062
4868
4369
3837
2988
913
-2661
-6856
-10008
-10829
-9195
-5823
-1703
2533
6442
9695
11962
12725
11768
9289
6185
3593
2096
1490
1016
288
-499
-1018
-1323
-1849
-2990
-4552
-5927
-6408
-5672
-3995
-1947
-235
1033
1918
2641
3134
2868
1686
-37
-1504
-2084
-1839
-1275
-970
-970
-1064
-1078
-869
-741
-878
-1270
-1639
-1625
-1177
-548
-235
-493
-1166
-1875
-2325
-2429
-2374
-2265
-2096
-1653
-859
96
896
1273
1203
916
683
579
527
330
-62
-559
-992
-1255
-1429
-1592
-1754
-1886
-1848
-1648
-1354
-1017
-682
-315
141
663
1153
1466
1524
1410
1253
1138
1114
1100
962
666
226
-240
-518
-477
49
952
2283
3213
2532
-1293
-8910
-18364
-25973
-28042
-24022
-16124
-7281
716
7768
13486
17321
18705
17422
14172
10098
6947
5762
6362
7421
7508
6455
4866
3276
1368
-1456
-5144
-8698
-10682
-10318
-7648
-3583
750
4507
7273
9142
10156
10161
9025
6982
4909
3628
3381
3586
3411
2546
1155
-334
-1725
-3114
-4555
-5898
-6658
-6370
-5005
-2986
-1143
24
454
599
804
1039
1044
623
-17
-507
-538
-272
-39
-91
-544
-1106
-1468
-1526
-1388
-1298
-1352
-1425
-1222
-803
-402
-335
-794
-1605
-2370
-2743
-2723
-2428
-2087
-1753
-1294
-614
202
884
1172
1007
592
252
135
202
298
252
-5
-373
-697
-933
-1132
-1369
-1647
-1843
-1846
-1631
-1246
-779
-296
194
657
1011
1165
1081
932
788
789
906
1003
949
739
423
179
124
426
1085
2115
3180
3129
796
-5100
-13739
-22428
-27456
-26505
-20676
-12340
-4009
3442
9671
13995
16156
15954
14128
11451
8917
7578
7720
9035
10159
10028
8401
5693
2559
-734
-3891
-6692
-8760
-9601
-8844
-6240
-2275
1961
5244
6918
7337
7067
6699
6298
5830
5474
5288
5394
5466
5208
4262
2474
115
-2408
-4432
-5651
-6074
-5895
-5292
-4284
-3072
-1916
-1156
-845
-823
-879
-788
-504
32
741
1415
1823
1803
1439
722
-135
-928
-1539
-1748
-1661
-1456
-1327
-1267
-1272
-1357
-1540
-1813
-2133
-2348
-2357
-2108
-1681
-1277
-994
-926
-922
-835
-698
-550
-481
-465
-366
-130
191
548
723
636
296
-219
-641
-839
-879
-942
-1181
-1623
-2031
-2117
-1853
-1307
-704
-262
28
250
456
637
769
871
909
979
1045
980
807
587
498
690
1306
2089
2981
3481
2633
-860
-7737
-16632
-24410
-27363
-24518
-17805
-9803
-2290
4537
10102
13639
14667
13539
11535
9710
9058
9703
11070
12171
12045
10901
9112
6946
4057
14
-4395
-7850
-9222
-8424
-6322
-3740
-1215
1065
2948
4389
5170
5122
4446
3762
3916
5130
6742
7739
7561
6345
4669
2827
794
-1410
-3488
-4926
-5449
-5139
-4484
-3815
-3493
-3449
-3509
-3395
-2962
-2396
-1692
-873
273
1620
2599
2788
2143
1085
162
-428
-786
-1038
-1264
-1415
-1502
-1505
-1514
-1652
-1960
-2347
-2572
-2502
-2248
-1906
-1611
-1342
-1063
-910
-942
-1153
-1404
-1521
-1437
-1194
-925
-657
-377
-70
244
524
737
747
572
316
127
31
-172
-629
-1288
-1929
-2266
-2187
-1794
-1211
-602
-86
275
437
585
666
718
676
566
554
571
633
606
576
782
1364
2337
3533
4233
3562
45
-6819
-15562
-23113
-25937
-23410
-17347
-10370
-4057
1825
6799
10267
11293
10119
8250
7004
7509
9475
12141
14410
15200
14508
12709
10410
7697
4290
320
-3438
-5793
-6189
-4994
-3250
-1757
-735
-51
430
554
259
-256
-355
526
2328
4554
6401
7296
7137
6193
4945
3730
2504
1166
-222
-1253
-1652
-1535
-1426
-1850
-2841
-3946
-4648
-4726
-4303
-3784
-3259
-2634
-1774
-730
90
437
257
-119
-260
-90
295
586
560
209
-269
-684
-986
-1265
-1642
-2039
-2298
-2280
-2004
-1686
-1509
-1595
-1862
-2061
-2167
-2191
-2225
-2287
-2270
-2108
-1783
-1372
-1041
-798
-594
-423
-224
40
288
535
719
783
725
508
124
-331
-740
-957
-893
-655
-424
-367
-457
-605
-728
-731
-700
-612
-569
-488
-281
-30
236
335
432
624
955
1403
1869
2232
2137
1038
-1507
-5085
-8678
-10933
-11181
-9586
-6952
-4267
-1845
45
1553
2505
2637
2208
1497
1429
2453
4332
6423
7839
8448
8365
7945
7346
6377
5098
3612
2458
1982
2126
2726
3221
3528
3652
3609
3412
2883
2069
1089
380
273
657
1215
1494
1340
877
377
0
-320
-565
-756
-734
-497
-161
65
-53
-383
-711
-778
-624
-463
-435
-632
-871
-1116
-1285
-1465
-1729
-2016
-2193
-2143
-1958
-1691
-1463
-1380
-1443
-1647
-1913
-2143
-2284
-2291
-2210
-2031
-1789
-1551
-1271
-1079
-1034
-1114
-1271
-1425
-1569
-1633
-1580
-1430
-1219
-1009
-846
-786
-849
-938
-994
-910
-686
-447
-312
-311
-379
-451
-417
-330
-176
-46
42
93
77
68
123
155
147
110
53
68
143
293
485
673
844
950
1020
1006
939
832
724
687
679
679
645
565
503
520
571
596
516
375
244
185
170
199
242
268
323
421
565
682
789
825
828
824
792
744
652
533
363
207
50
-70
-127
-181
-188
-159
-137
-74
-61
-47
-95
-206
-243
-193
-56
127
288
421
445
380
298
235
264
363
470
536
538
494
455
433
442
485
543
564
550
458
350
245
133
27
-54
-84
-38
67
196
303
344
376
384
324
218
62
-38
-111
-149
-210
-253
-255
-271
-276
-326
-420
-511
-584
-595
-643
-708
-738
-702
-620
-553
-547
-621
-644
-650
-599
-553
-540
-513
-546
-551
-579
-597
-525
-443
-307
-162
-35
-17
-108
-277
-409
-368
-205
-42
-9
-72
-94
40
249
448
491
464
452
498
611
712
699
526
260
-2
-84
58
341
519
403
121
-225
-388
-274
-137
-97
-185
-176
19
230
308
241
184
181
297
418
419
451
471
521
432
185
-100
-328
-374
-310
-187
-133
-236
-372
-529
-576
-606
-794
-1136
-1530
-1758
-1771
-1645
-1563
-1612
-1681
-1619
-1454
-1193
-971
-845
-743
-515
-92
448
890
1163
1304
1416
1561
1702
1816
1790
1689
1563
1473
1481
1473
1451
1370
1344
1392
1473
1514
1393
1067
625
129
-252
-395
-378
-243
-105
20
170
341
411
308
41
-184
-162
60
260
346
327
339
509
748
844
626
323
83
38
97
2
-204
-376
-353
-236
-206
-353
-655
-855
-860
-612
-423
-534
-878
-1244
-1436
-1408
-1308
-1315
-1468
-1551
-1293
-799
-314
-119
-340
-730
-874
-672
-142
326
564
677
785
978
931
419
-460
-1187
-1183
-575
113
367
33
-448
-624
-414
5
280
227
7
-82
122
395
521
245
-221
-509
-437
-111
287
583
717
843
1104
1547
1735
1197
-564
-3575
-7078
-10135
-11976
-12262
-11164
-8999
-6195
-3363
-1233
-173
25
-265
-324
205
1558
3813
6600
9509
11844
13126
13130
11946
10197
8409
7011
6123
5587
5296
5056
4593
3783
2551
1001
-747
-2441
-3809
-4682
-4886
-4458
-3617
-2664
-1947
-1654
-1722
-2065
-2406
-2481
-2114
-1305
-251
825
1805
2573
2989
2965
2646
2097
1580
1352
1459
1816
2062
2075
1644
903
17
-924
-1764
-2373
-2731
-2830
-2661
-2338
-1971
-1728
-1628
-1673
-1748
-1744
-1676
-1415
-1034
-621
-277
-68
-12
-95
-322
-620
-855
-957
-977
-969
-981
-980
-968
-973
-1051
-1197
-1244
-1139
-938
-817
-741
-695
-613
-486
-478
-638
-1069
-1531
-1785
-1686
-1203
-615
-70
271
425
505
445
184
-186
-560
-790
-841
-782
-728
-828
-1114
-1492
-1845
-1992
-1808
-1224
-317
703
1656
2096
1533
-501
-4026
-8239
-11984
-13960
-13724
-11635
-8405
-4996
-1939
212
1325
1512
1038
609
789
2061
4625
7909
11245
13686
14681
14046
12099
9695
7381
5731
4885
4751
5249
6042
6735
6830
6015
4357
2183
127
-1449
-2293
-2411
-2033
-1213
-198
663
1080
903
287
-458
-1032
-1139
-775
-57
857
1821
2684
3267
3298
2689
1614
438
-427
-803
-689
-426
-317
-545
-1128
-1830
-2560
-3223
-3756
-4114
-4176
-3945
-3459
-2894
-2442
-2229
-2354
-2681
-2925
-2981
-2753
-2247
-1612
-989
-442
-110
-77
-216
-422
-518
-538
-553
-671
-906
-1222
-1404
-1283
-959
-709
-882
-1408
-1906
-1955
-1360
-599
-203
-372
-802
-968
-626
123
586
409
-363
-1261
-1583
-1194
-353
374
673
653
627
597
483
242
-207
-545
-690
-476
53
457
354
-145
-731
-979
-644
-33
472
589
613
944
1684
2420
2437
1153
-1226
-3896
-5983
-6923
-6986
-6595
-6102
-5307
-3949
-2188
-607
123
-92
-695
-865
-84
1511
3395
5030
6169
7101
7923
8492
8518
7842
6700
5582
4954
4938
5334
5764
5858
5518
4730
3599
2335
1090
118
-593
-907
-899
-642
-273
-75
-121
-508
-1088
-1744
-2250
-2374
-2110
-1598
-975
-447
-23
306
522
568
398
101
-137
-254
-156
136
424
599
460
31
-573
-1175
-1654
-1924
-2051
-2060
-1942
-1728
-1419
-1210
-1175
-1318
-1616
-1908
-1994
-1780
-1399
-1032
-949
-1096
-1319
-1511
-1568
-1485
-1326
-1125
-956
-959
-995
-951
-841
-851
-1085
-1355
-1422
-1163
-750
-550
-781
-1317
-1691
-1604
-1066
-459
-174
-308
-627
-833
-792
-656
-566
-628
-616
-366
-15
375
559
468
190
-87
-131
119
489
786
738
367
-129
-384
-221
219
581
684
551
447
571
892
1227
1482
1474
1355
1223
1138
1134
1083
778
144
-640
-1402
-1773
-1820
-1717
-1884
-2387
-2960
-3013
-2246
-1088
-93
288
179
156
650
1675
2847
3657
3973
4056
4274
4689
5147
5298
5145
4775
4412
4216
4058
3825
3517
3129
2742
2298
1781
1225
675
166
-327
-743
-1129
-1442
-1640
-1814
-1992
-2257
-2504
-2549
-2383
-2093
-1852
-1735
-1660
-1481
-1063
-447
127
444
560
588
569
518
295
-119
-486
-730
-813
-755
-782
-965
-1265
-1569
-1776
-1924
-1997
-2045
-2038
-1951
-1747
-1433
-1162
-1015
-1103
-1314
-1581
-1646
-1456
-1026
-462
-26
153
-140
-726
-1188
-1234
-865
-355
48
274
437
472
201
-402
-1030
-1308
-1066
-545
-12
316
274
-17
-377
-399
-90
239
53
-595
-1225
-1198
-443
431
1001
969
460
-12
-211
-144
50
269
493
685
915
1113
1160
970
635
427
489
793
1132
1333
1379
1327
1298
1227
1167
1246
1197
908
522
185
64
-18
-376
-1179
-2130
-2843
-2977
-2758
-2500
-2546
-2854
-3009
-2809
-2108
-1273
-603
-253
-61
344
1039
1898
2565
2894
2890
2884
3092
3509
3974
4227
4195
3924
3528
3119
2750
2328
1959
1646
1418
1233
1033
916
670
373
35
-330
-670
-1018
-1320
-1565
-1646
-1605
-1416
-1136
-825
-406
-28
270
495
544
521
495
530
688
900
1027
1062
885
607
370
186
41
-176
-455
-711
-916
-969
-929
-904
-998
-1201
-1411
-1497
-1337
-1159
-1066
-1132
-1232
-1220
-1090
-905
-811
-833
-988
-1230
-1375
-1265
-907
-531
-364
-523
-879
-1252
-1458
-1522
-1509
-1372
-1168
-948
-830
-877
-973
-1117
-1284
-1283
-1159
-1042
-953
-911
-1041
-1173
-1239
-1104
-728
-231
135
236
213
326
566
772
749
432
134
151
475
896
1084
879
375
-107
-235
21
443
624
504
274
343
676
1074
1110
703
105
-244
-74
445
934
1013
667
83
-374
-617
-759
-1019
-1444
-1749
-1721
-1272
-578
5
166
-22
-387
-721
-847
-640
-42
820
1774
2546
2964
3042
2984
3012
3048
3107
3159
3200
3392
3641
3885
3930
3666
3209
2659
2254
2007
1745
1335
824
439
254
326
402
285
-115
-765
-1410
-1827
-1850
-1564
-1114
-637
-219
76
179
178
49
-145
-327
-458
-540
-541
-436
-289
-175
-187
-365
-707
-1143
-1467
-1656
-1733
-1643
-1561
-1399
-1324
-1370
-1502
-1691
-1776
-1847
-1913
-1918
-1779
-1419
-928
-579
-399
-391
-493
-534
-643
-851
-1119
-1395
-1514
-1305
-786
-141
207
-37
-791
-1616
-1969
-1727
-1202
-572
-128
98
13
-345
-678
-739
-538
-397
-434
-803
-1134
-1152
-698
-17
464
513
105
-384
-745
-715
-234
424
985
1236
1150
934
825
715
485
193
3
-36
136
372
545
578
409
152
-57
-44
123
288
371
471
628
793
791
674
549
443
455
542
616
552
320
21
-185
-158
89
346
535
573
519
443
399
376
375
469
554
749
902
949
960
980
1142
1423
1719
1901
1951
1828
1648
1540
1542
1602
1753
1968
2079
2081
1912
1546
1218
1051
1050
1181
1290
1316
1236
1093
936
776
632
497
365
329
300
244
114
-72
-323
-586
-797
-980
-1136
-1363
-1583
-1762
-1754
-1580
-1324
-1248
-1315
-1634
-2006
-2221
-2199
-1893
-1495
-1178
-1101
-1234
-1430
-1552
-1542
-1442
-1453
-1589
-1900
-2065
-1824
-1257
-596
-316
-564
-1115
-1593
-1596
-1118
-463
-227
-589
-1346
-1894
-1767
-1151
-518
-380
-828
-1364
-1373
-869
-343
-237
-673
-1138
-1227
-766
-226
-10
-248
-677
-762
-355
325
735
682
128
-393
-367
296
1215
1822
1728
1169
611
547
1045
1636
1769
1334
783
651
1005
1484
1476
907
151
-64
488
1344
1909
1703
890
182
138
713
1417
1654
1286
596
281
649
1436
2058
2034
1348
425
-227
-342
-13
552
988
1267
1352
1285
1114
959
775
478
282
171
340
559
720
789
654
469
354
284
211
61
-241
-473
-627
-572
-319
-44
185
225
70
-229
-589
-866
-960
-876
-627
-341
-72
121
148
33
-199
-395
-520
-562
-543
-521
-482
-455
-541
-683
-930
-997
-899
-731
-570
-622
-724
-798
-781
-616
-387
-269
-268
-397
-690
-878
-888
-722
-365
-35
124
121
-61
-397
-663
-809
-785
-571
-217
176
292
115
-263
-619
-668
-513
-186
121
113
-83
-300
-509
-559
-412
-238
-143
-183
-242
-328
-315
-254
-150
-101
-229
-432
-558
-385
-82
117
120
-114
-442
-617
-498
-38
481
709
559
126
-223
-238
110
544
834
854
701
430
202
168
257
346
218
12
-131
30
331
578
630
445
242
152
270
391
420
250
-56
-227
-170
240
698
925
850
503
156
-52
-42
67
174
227
210
211
196
251
419
600
625
427
59
-292
-416
-247
156
488
654
583
352
168
137
189
136
105
124
297
655
981
1084
895
500
94
-90
-50
143
420
602
673
588
443
291
93
-79
-193
-244
-189
16
188
449
683
755
633
404
180
47
30
62
218
298
308
266
143
-79
-314
-516
-670
-725
-669
-638
-697
-751
-761
-699
-630
-640
-715
-818
-874
-825
-702
-638
-656
-709
-815
-884
-938
-1008
-1014
-991
-932
-858
-769
-763
-789
-795
-808
-773
-793
-762
-690
-617
-448
-289
-226
-257
-304
-332
-255
-157
-26
99
99
185
279
357
412
328
211
163
213
347
484
511
559
600
621
710
746
770
593
354
164
47
184
363
454
361
190
34
-9
74
210
342
361
302
229
214
244
239
134
10
-71
-24
87
204
323
422
443
410
276
119
-15
-50
-40
-51
-42
-75
27
166
314
431
417
311
209
240
340
566
828
942
812
456
7
-341
-433
-296
-22
158
303
246
117
-82
-200
-229
-242
-128
-24
95
145
192
279
173
-39
-197
-194
30
313
508
483
269
64
-39
81
201
286
238
25
-112
-190
-65
5
-49
-203
-409
-542
-576
-408
-171
118
235
120
-107
-371
-559
-621
-560
-389
-187
-16
135
153
-24
-329
-586
-698
-698
-545
-386
-277
-208
-181
-115
-73
-19
-29
-107
-150
-177
-148
-104
10
103
177
122
-117
-326
-527
-606
-525
-388
-190
-17
118
199
232
219
153
75
-30
-141
-184
-165
-63
106
254
474
586
588
357
-20
-356
-569
-518
-291
18
232
388
480
455
351
249
100
-50
-226
-330
-350
-225
44
314
478
425
174
-166
-452
-489
-364
-191
-18
153
342
471
551
490
347
159
20
36
111
261
317
242
161
93
27
-17
-35
-122
-178
-279
-361
-410
-384
-270
-150
-41
3
13
64
116
115
12
-185
-346
-400
-304
-215
-182
-206
-254
-336
-301
-172
-30
29
120
142
176
258
329
412
404
428
321
178
30
-36
65
240
341
343
277
169
48
-45
-99
-73
83
275
417
399
361
322
277
308
323
317
329
278
189
144
100
46
7
1
72
94
35
18
37
110
191
126
37
-52
-175
-229
-138
-21
98
221
185
131
-52
-227
-321
-345
-285
-110
89
153
65
-156
-401
-624
-705
-672
-609
-602
-637
-728
-749
-714
-636
-453
-280
-50
175
303
305
201
58
-99
-150
-157
-121
-76
-3
60
75
52
25
22
51
81
52
70
48
105
198
275
333
250
114
-128
-259
-195
-79
156
430
545
538
538
478
359
158
-111
-379
-502
-396
-253
-148
-18
-11
4
101
227
373
408
261
29
-137
-218
-231
-156
-67
-9
62
111
96
33
-48
-200
-380
-503
-473
-325
-174
-58
26
144
207
170
126
53
-86
-306
-410
-400
-232
11
248
453
529
461
205
-50
-241
-229
-30
231
386
370
274
138
54
34
54
16
-18
62
160
165
143
12
-115
-191
-188
-94
36
101
133
158
124
59
42
17
-81
-165
-94
61
257
467
436
274
33
-212
-315
-156
169
439
500
351
92
-72
-166
-108
4
132
232
232
212
196
178
161
194
151
27
-84
-266
-486
-645
-685
-596
-490
-377
-332
-323
-319
-338
-257
-101
-39
-14
-67
-155
-227
-304
-269
-167
3
203
303
301
202
115
71
150
164
39
-112
-175
-100
89
307
429
361
175
-23
-148
-187
-187
-179
-175
-94
-17
122
167
111
68
-26
-127
-250
-254
-204
-120
25
23
4
6
81
178
144
41
-76
-223
-196
-130
-51
14
25
28
65
141
245
381
395
278
36
-98
-151
-74
58
105
96
-17
-145
-221
-185
-175
-229
-320
-343
-237
-62
48
182
299
372
402
330
236
100
96
85
107
150
152
113
23
-53
-57
65
158
322
373
342
233
33
-108
-201
-129
59
287
389
458
390
250
80
-42
-34
23
93
155
188
168
179
167
119
46
-97
-191
-316
-418
-431
-328
-171
-66
-101
-162
-193
-137
-34
9
7
-93
-183
-341
-476
-511
-477
-377
-285
-211
-155
-130
-84
-81
-160
-290
-394
-449
-439
-404
-374
-343
-315
-300
-279
-135
81
233
351
357
300
177
45
-9
-67
-29
71
160
271
325
284
156
-15
-93
-138
-164
-101
-24
3
13
15
71
158
244
277
180
22
-106
-96
-6
158
269
372
341
180
151
152
116
149
175
94
18
-16
0
128
171
216
230
174
80
-30
-105
-131
-128
-118
-143
-265
-294
-262
-117
25
27
6
2
72
208
325
352
261
126
-14
-80
59
235
300
269
175
122
106
242
282
295
247
149
79
26
121
189
187
137
132
90
102
72
-9
-61
-169
-280
-325
-289
-195
-68
41
31
-41
-110
-159
-109
-104
-144
-152
-197
-311
-416
-437
-360
-271
-231
-111
-51
-33
-56
-189
-265
-253
-218
-233
-278
-424
-433
-395
-237
25
193
226
180
37
-121
-119
16
312
531
584
500
311
139
-23
-84
-65
-32
-9
50
179
214
290
276
190
104
72
133
200
241
238
178
79
71
0
47
98
97
88
48
12
-54
-78
-95
-71
-69
-19
-8
-5
24
97
104
86
18
-148
-220
-268
-323
-319
-245
-235
-177
-98
-131
-41
0
-99
-138
-154
-106
-73
-67
-187
-274
-270
-232
-134
-124
-177
-118
38
118
119
-13
-237
-396
-431
-382
-258
-135
-134
-104
-55
36
155
212
277
299
328
341
342
227
79
84
150
265
434
448
382
248
89
21
-59
-94
-93
-115
-147
-123
-102
-118
-104
-107
-119
-67
12
54
84
60
-22
-79
-201
-247
-180
-132
-26
63
188
235
272
298
233
116
-92
-233
-242
-95
133
344
432
463
350
265
158
108
99
52
-1
-93
-180
-205
-116
45
196
287
292
233
233
227
247
207
91
-44
-114
-156
-72
52
125
178
215
228
122
-14
-120
-145
-84
-126
-168
-221
-228
-221
-209
-170
-136
-198
-285
-379
-429
-391
-317
-156
-54
-96
-210
-410
-489
-439
-262
3
170
272
158
40
-161
-285
-247
-167
-37
71
130
58
11
-11
6
38
127
176
178
178
113
100
54
114
155
227
324
310
344
352
304
315
344
322
282
210
82
66
92
137
244
262
273
205
-27
-292
-527
-529
-421
-246
-107
-56
-84
-74
-43
-35
-11
-38
-86
-102
-5
96
187
194
117
-20
-235
-397
-439
-345
-141
-48
-65
-110
-201
-255
-189
-164
-112
-22
12
36
-42
-111
-239
-379
-385
-285
-115
115
333
511
551
433
159
-177
-428
-524
-385
-258
-122
42
141
240
295
348
398
372
286
146
22
27
155
279
432
551
512
325
5
-315
-427
-375
-139
104
259
287
184
-21
-126
-90
110
340
420
307
35
-309
-487
-614
-518
-268
-56
108
80
-7
-226
-318
-356
-365
-338
-331
-349
-382
-305
-229
-94
67
163
169
160
99
25
4
