122
110
360
578
929
1017
873
575
208
-12
-70
90
374
480
434
473
561
858
1049
945
585
256
140
186
49
-124
-373
-714
-1001
-1012
-824
-681
-485
-377
-305
-323
-570
-903
-1260
-1442
-1479
-1220
-830
-498
-236
63
320
494
356
-123
-551
-731
-692
-357
33
458
670
596
359
-110
-599
-957
-974
-736
-343
129
605
794
742
573
351
291
365
522
400
252
50
-236
-421
-421
-311
-159
-59
-168
-232
-263
-286
-168
-171
-49
55
132
127
-31
-226
-340
-346
-162
18
36
-69
-290
-466
-588
-474
-296
-87
74
106
89
38
-108
-89
-139
-215
-41
96
247
288
351
471
611
590
557
581
739
794
703
442
85
-118
-161
-307
-380
-723
-1052
-1201
-1070
-533
-18
448
659
668
487
516
423
483
616
586
574
627
549
499
572
609
595
547
391
203
17
-31
30
188
292
410
473
587
529
310
230
214
267
375
513
468
522
625
617
305
-7
-397
-575
-359
-97
271
473
273
-314
-931
-1302
-1378
-1020
-710
-381
-352
-542
-676
-761
-605
-550
-569
-742
-852
-883
-776
-679
-703
-640
-653
-602
-594
-559
-523
-415
-245
-89
-37
-160
-280
-378
-485
-643
-707
-460
-31
439
659
547
402
279
397
551
677
707
631
598
471
401
492
670
840
897
708
434
216
151
280
480
634
539
450
506
556
419
174
-23
-231
-360
-440
-245
94
564
849
639
268
-262
-723
-784
-428
-171
136
220
161
-4
-302
-563
-732
-723
-613
-487
-504
-496
-403
-103
15
-24
-140
-311
-411
-498
-503
-548
-382
-42
230
532
751
683
514
162
-10
-45
-187
-238
-315
-386
-350
-154
15
209
372
293
143
113
58
165
187
104
-13
-216
-256
-120
184
547
855
873
626
111
-416
-650
-534
-83
346
748
1020
1005
789
544
296
200
105
131
289
381
549
450
409
472
553
502
414
287
-17
-329
-598
-708
-731
-600
-280
23
84
33
47
-80
-249
-277
-219
-196
-314
-373
-523
-543
-742
-765
-633
-466
-104
60
25
-118
-389
-716
-784
-899
-719
-431
-309
-181
-315
-324
-382
-435
-398
-259
61
246
209
99
-158
-417
-437
-253
-74
-43
-107
-372
-677
-862
-748
-478
-77
306
634
815
614
352
31
-192
-102
56
160
372
472
623
890
1100
1233
1152
1006
776
711
738
794
721
793
792
606
331
144
60
-3
45
34
206
427
511
423
301
366
474
530
218
-310
-689
-774
-494
145
553
432
86
-504
-926
-1124
-974
-592
-299
-186
-217
-369
-488
-685
-704
-470
-272
-47
-7
-84
-312
-531
-715
-631
-347
-93
-1
54
-19
-84
-108
-205
-376
-439
-395
-341
-293
-268
-5
190
443
793
946
871
703
605
389
237
187
299
459
495
511
494
310
100
104
106
71
-35
-104
-202
-179
22
118
135
-24
-284
-409
-532
-426
-346
-388
-608
-657
-581
-459
-238
-33
-32
-42
-197
-408
-542
-653
-613
-604
-443
-253
-57
12
-14
-88
-185
-229
-38
-143
-291
-338
-408
-329
-26
309
477
661
713
508
217
-101
-291
-245
5
422
850
1107
1088
698
129
-238
-326
-82
240
641
1015
1058
824
516
287
-1
-164
-6
75
111
226
388
468
657
870
1107
1082
837
440
-119
-543
-694
-670
-523
-287
-63
46
82
4
-164
-502
-926
-1165
-1151
-923
-791
-639
-375
-78
208
516
769
979
1132
1145
783
318
-153
-626
-949
-882
-636
-136
505
919
826
266
-275
-749
-1033
-1121
-895
-661
-519
-367
-319
-154
114
261
321
86
-325
-509
-645
-410
-93
248
208
99
134
87
9
-285
-568
-740
-760
-578
-302
-19
112
-10
29
165
464
737
819
887
656
231
-31
-122
55
345
685
789
725
517
338
232
147
-35
-195
-100
-138
72
146
-15
-344
-533
-510
-323
16
216
217
64
-45
-110
33
185
363
236
-53
-304
-611
-827
-805
-495
-7
198
199
-56
-497
-902
-1015
-717
-426
-172
46
308
344
250
221
184
133
200
299
486
577
552
459
251
175
168
450
732
906
738
311
-213
-673
-825
-725
-476
-235
-104
-40
2
-5
23
-76
-41
25
67
112
160
264
298
-155
-1736
-4086
-5161
-2821
1703
4950
4448
1429
-804
-377
1421
2771
3082
2738
2702
2527
1618
274
-677
-637
96
654
342
-255
-622
-569
-358
-457
-658
-869
-999
-1411
-1837
-2140
-2023
-1581
-1253
-1144
-1169
-1208
-1474
-1576
-1705
-1772
-1709
-1562
-1323
-983
-717
-693
-691
-593
-55
612
887
616
-3
-660
-821
-254
655
1280
1595
1781
2050
2108
1546
975
895
1028
1156
1271
1193
889
289
34
20
-341
-1429
-2011
-2817
-4621
-4847
-3393
-572
4235
7379
5826
719
-1627
-299
1164
2722
3686
4822
6035
6187
3000
-208
-1173
-2070
-2888
-3315
-2191
159
1695
2393
2290
462
-1303
-1708
-2975
-4764
-5253
-3147
1217
4201
4202
2440
722
-487
-877
-439
1309
3301
4323
5000
5612
5358
3738
1349
-289
-710
-1224
-1868
-1508
-824
-814
-1830
-3585
-5292
-6663
-7343
-7512
-7220
-6455
-5482
-4629
-4177
-3686
-3639
-4056
-4581
-4911
-4232
-3105
-1973
-1381
-1022
-701
-989
-2042
-3809
-5404
-6204
-6463
-6454
-5811
-4636
-3546
-2981
-2798
-2118
-1102
-38
923
1999
3553
5385
6977
8199
9392
10450
11122
11456
11575
11820
11946
12025
12080
11742
11015
9733
7828
5951
4503
3511
2849
2091
1330
845
670
679
611
279
17
-335
-720
-1056
-1402
-1767
-2121
-2324
-2495
-2705
-3327
-4026
-4404
-4146
-3669
-3443
-3682
-3999
-4016
-3866
-3467
-3693
-4727
-5747
-6269
-6133
-5638
-5627
-6154
-6872
-6617
-5372
-3117
-759
1357
2938
3236
2460
1645
1666
2418
2651
1749
326
-1151
-1410
-742
402
947
-1953
-9508
-19709
-26908
-25237
-16295
-7012
-2461
-2666
-3358
-1717
485
418
-2016
-3406
431
9594
19536
25499
25683
22060
17815
14439
11778
9301
7049
5666
5921
7851
10255
10645
6474
-2396
-12742
-19910
-21205
-17946
-13897
-11333
-9291
-5938
-1223
2163
1223
-3353
-7202
-5607
2380
12608
19954
22528
21826
20401
19130
16704
11854
5156
-931
-3988
-3104
85
1843
-44
-5838
-13018
-17938
-19598
-18923
-17405
-15577
-12010
-5928
859
5250
4781
366
-4011
-4819
-1712
2641
5312
6224
7271
8917
9245
5747
-1205
-7983
-10841
-9078
-5009
-1867
-1369
-2893
-4920
-6570
-8097
-10348
-12937
-14773
-14378
-11409
-7359
-4208
-3222
-4259
-5664
-5660
-4351
-2353
-960
-140
1388
3845
6466
7772
6780
4842
3611
3579
4077
3655
2137
304
-1012
-1557
-1681
-1843
-1828
-1366
-355
335
-387
-4073
-11841
-20778
-27018
-25672
-16708
-6704
-179
1066
115
1199
3536
4608
2674
249
1767
8910
18578
25216
26411
23032
18423
15067
12704
10309
7267
4687
4254
6329
8876
9267
6021
-1128
-9677
-17077
-21042
-20453
-16989
-12620
-8570
-4376
465
4953
6556
3783
-911
-3518
-459
7688
16213
21288
21848
20146
18507
16635
12616
5504
-2426
-7334
-7103
-3506
-730
-1693
-6808
-13683
-19161
-21844
-21821
-20493
-18647
-15297
-9894
-3194
2408
4491
2750
-656
-2337
-603
3929
8599
11282
12304
12892
13407
12250
7941
1285
-4400
-6133
-4004
-657
903
68
-2071
-4133
-5888
-8050
-10911
-13714
-14802
-13277
-9552
-5855
-4276
-4804
-6191
-6709
-5709
-3722
-1455
374
2032
3925
6113
8030
8536
7413
4959
2526
1014
471
288
-225
-1029
-1919
-2429
-2518
-2531
-2504
-2479
-2103
-985
141
70
-2348
-8331
-16521
-24005
-26364
-21102
-11605
-2970
347
-581
-1484
-72
2573
2488
-400
-2761
26
8921
18911
25077
24674
20179
16120
14596
14665
13099
9320
5878
6286
11043
16072
16857
11579
2915
-4697
-8900
-10312
-11531
-13553
-14625
-12503
-6845
-882
1111
-2527
-9398
-14728
-15416
-11307
-4921
1304
6615
11003
15037
17921
17941
14295
7980
2118
-105
2013
6450
9832
10040
7068
2343
-2497
-7099
-11608
-15906
-18545
-17425
-12304
-5541
-727
-364
-3499
-7560
-10093
-10769
-10430
-9673
-7880
-3930
1613
6520
7690
4048
-2280
-6960
-7228
-4209
-801
982
1225
1151
1268
1318
-16
-2958
-6437
-8720
-8825
-7193
-5459
-4717
-5108
-5986
-6772
-7461
-7795
-7713
-7466
-7273
-6947
-6089
-4253
-2425
-1151
-405
-156
143
574
1129
1728
2552
3463
4560
5610
6341
6510
6097
5722
5634
5912
6320
6488
6334
6023
5935
6216
6782
7455
8102
7749
5426
816
-4387
-7381
-6103
-1116
3730
5339
3076
-596
-2379
-1340
475
710
-1166
-3543
-4247
-2783
-587
452
-336
-1986
-2530
-1207
1172
2465
1782
-3
-1370
-999
710
2565
3279
2924
2292
2211
2835
3205
2819
1614
542
630
2015
3937
5260
5464
4962
4709
5110
5789
5907
5160
4114
3556
4064
4984
5528
5112
3794
2590
2058
2049
1794
982
-198
-969
-983
-498
-188
-822
-2350
-4022
-5092
-5299
-4974
-4661
-4381
-4021
-3486
-2899
-2610
-3061
-4066
-4944
-5382
-5028
-4302
-3725
-3221
-2972
-2679
-2625
-2921
-3465
-4056
-4146
-3809
-3089
-2514
-2308
-2204
-2277
-2313
-2498
-2929
-3149
-3037
-2465
-1550
-748
-280
-9
217
547
825
891
692
380
310
735
1473
2254
2610
2277
1781
1278
912
687
640
643
786
1087
1481
1719
1605
1284
1068
1272
1654
2201
2703
2938
3157
3005
2523
1057
-1670
-4403
-5689
-4265
-632
3026
4274
2938
-203
-3619
-6654
-9258
-10846
-10580
-7770
-3333
667
2209
775
-1869
-3672
-3867
-3461
-3730
-4076
-2705
1617
7972
13182
14614
11801
6996
3174
1595
1470
1375
1515
3582
7892
12013
13085
10158
6221
3481
2673
2785
2700
2426
2240
2963
4106
5372
5467
3315
-469
-4579
-6849
-6489
-4849
-3491
-3375
-4014
-4450
-4709
-5731
-8485
-11484
-12542
-9913
-4472
69
2006
1599
685
315
-36
-865
-1972
-1798
125
2983
5237
5768
4440
1948
-194
-1239
-1362
-972
-508
287
1753
3161
3895
3078
548
-2625
-4922
-5292
-3924
-2213
-1192
-1310
-2479
-3561
-4077
-4856
-5947
-6301
-5162
-2598
500
3332
4669
4058
2141
479
-220
363
1790
3294
4755
6284
7219
7035
5936
4432
3187
2658
2315
1474
1102
1710
2737
3731
4870
4927
2956
-2852
-12377
-22172
-26845
-22382
-12490
-4711
-4001
-8326
-11138
-10063
-8022
-9199
-12502
-12035
-4084
9167
20488
24800
21887
15643
11446
11243
13511
15507
16530
18311
21324
23686
22808
17546
9147
66
-6722
-8850
-6097
-1281
1421
-51
-4260
-8452
-11182
-13784
-17427
-20531
-19724
-12252
-339
10244
14311
11169
5257
1909
2847
5799
8213
10077
12910
16994
19845
18438
11745
1462
-8202
-13670
-14359
-12626
-11839
-13121
-14884
-15647
-15337
-15311
-16656
-18360
-18116
-14333
-7620
-720
3013
3020
1796
1773
3672
5441
5622
5315
6221
8928
11523
11544
8465
4001
917
705
2329
3177
1714
-1452
-4443
-6140
-7396
-9277
-11660
-13100
-12553
-10122
-7417
-5996
-6363
-7443
-7330
-5051
-1253
2578
5572
7609
9128
9725
9387
8093
6362
5050
4323
4005
3709
3133
2225
1234
-103
-1336
-2151
-1967
-878
201
122
-2187
-7976
-16566
-24951
-27726
-21193
-9419
76
1988
-2109
-6008
-6147
-3969
-2609
-1708
2019
9980
19677
25990
26199
20998
13923
9369
9176
12176
15642
17501
17769
16685
13873
8908
2025
-5823
-13045
-17246
-16217
-10105
-3256
-1340
-6266
-14535
-20429
-20868
-17196
-12419
-7484
-1452
6782
15440
20566
19441
13334
7405
6430
10618
16175
19375
19009
15865
11430
6623
1893
-2676
-7206
-10845
-12441
-11728
-10427
-10870
-14092
-18724
-22579
-23869
-22029
-17939
-12145
-6479
-1946
968
1808
1402
734
1285
4169
8878
13589
16369
16217
13085
8065
2844
-876
-1793
-194
2254
4105
4072
1571
-3085
-8633
-12669
-13595
-11171
-6624
-2113
630
734
-1607
-5055
-7620
-8045
-5619
-660
5493
10736
13290
12644
9700
6187
4066
4378
6811
9786
11431
10848
8301
5006
1563
-1233
-2926
-3271
-2316
-996
363
1298
1186
-329
-4522
-12061
-21153
-27659
-25391
-14422
-1535
4899
1908
-5517
-10431
-10052
-7173
-4399
-409
6695
16279
23872
25723
21373
13240
6304
4630
8818
15809
21026
22289
19694
14286
7314
313
-5274
-8978
-10640
-9781
-5883
-748
1184
-3320
-12675
-21409
-23979
-19555
-11454
-3650
1543
4482
6470
7697
7236
4686
2143
2966
8530
16287
21777
22223
17651
10480
3726
-63
-320
1065
1512
59
-2487
-5095
-8032
-12254
-17379
-21522
-22664
-20241
-16034
-12388
-10723
-10472
-10212
-9014
-6865
-4218
-392
4961
10797
14975
15821
13591
10193
7552
6635
7500
9340
10855
10833
8665
4588
-396
-5042
-8167
-8994
-7570
-4904
-2639
-2151
-4004
-7451
-10786
-12241
-11064
-7953
-4096
-637
1658
2570
2063
611
-726
-776
1155
4891
8962
11345
11021
8438
5289
3144
2398
2442
2676
2620
2201
1481
531
-153
-497
-259
-266
-1362
-5057
-12350
-21368
-27546
-24440
-12769
-305
4024
-1600
-10603
-15102
-13029
-8102
-3261
2585
10025
17501
21588
20900
16390
10301
6568
8135
14982
22828
26686
24959
18949
11298
4373
103
-954
-518
-127
-97
576
1034
-1682
-8768
-17512
-22547
-20631
-13326
-4961
311
1005
-1624
-4445
-4989
-3108
133
4028
8934
14507
18634
19385
16226
10550
5001
2419
4469
9535
13425
12460
6583
-1156
-7659
-11921
-14310
-15254
-14889
-13649
-12359
-12029
-13604
-17318
-21656
-23716
-21093
-14037
-5488
1480
5099
5387
3520
1450
1020
3078
7092
11618
15199
16531
14685
9967
4093
-414
-1974
-728
1722
3590
3346
631
-3830
-8219
-11039
-11603
-10059
-7187
-4056
-2131
-2186
-4085
-6618
-8131
-7410
-4104
665
5117
7497
7535
6038
4558
4115
4895
6512
7987
8823
8572
7375
5368
2920
773
-414
-390
225
866
1007
751
-304
-2760
-8342
-17011
-25592
-27188
-17892
-3463
5430
2475
-8125
-16817
-17422
-12010
-4778
2821
10477
16111
17663
15407
11890
8506
6648
8173
14235
22200
26896
25281
18271
9234
1961
-897
1032
4791
6658
5127
1591
-2186
-6549
-11916
-16846
-18351
-15129
-9003
-3267
-744
-2844
-8350
-13435
-13503
-7419
1918
10111
14558
15017
12750
9615
7412
6776
7616
9803
13265
16648
17036
12365
3691
-4976
-9890
-10048
-7162
-4226
-3735
-6734
-12183
-17813
-21823
-23247
-21874
-17729
-12128
-7463
-5380
-5769
-6631
-6443
-4361
-422
4844
10128
13640
14298
12335
9130
6406
5407
6372
8209
9316
8450
5397
987
-3414
-6283
-6850
-5662
-4202
-3601
-4145
-5622
-7648
-9473
-10020
-8608
-5646
-2502
-470
17
-616
-1365
-1190
484
3253
6241
8635
9909
9663
8057
5953
4412
3976
4390
5120
5657
5205
3597
1068
-1032
-1879
-1255
-76
75
-2550
-10088
-20515
-27974
-24057
-10257
2813
4697
-4499
-15438
-19395
-15554
-8319
194
8833
14552
14647
10851
7552
7048
7749
9642
14044
20732
25242
23892
16955
8303
2115
916
4377
9156
10842
7717
1446
-4965
-9960
-13090
-13632
-11560
-8283
-5946
-5222
-6200
-9043
-13122
-15333
-12136
-3686
5760
11574
11987
8443
4103
2426
4996
10362
15073
17017
16248
13761
10172
5983
2129
-368
-1238
-722
-48
-862
-4833
-11487
-18062
-21309
-19711
-15150
-10162
-7695
-8350
-11117
-13091
-12003
-7797
-1977
3333
6847
7856
6780
5133
4355
4838
6399
8538
10632
11232
9223
5094
978
-1384
-1510
-131
1457
1790
-132
-3897
-7734
-9917
-10059
-8678
-6668
-4894
-4219
-4933
-6335
-7157
-6636
-4689
-1740
1537
4168
5285
5218
4703
4586
4893
5422
6106
6659
6922
6328
5030
3316
1769
980
948
1548
1833
612
-3580
-12139
-22283
-27773
-21499
-6901
4443
3201
-8735
-20459
-23631
-17592
-7473
3816
12657
15029
10098
3236
1006
4613
10193
15513
20445
24174
23759
18366
10618
4727
3677
7178
12535
15422
12988
5807
-2780
-9138
-11336
-9358
-5052
-1722
-1941
-5476
-9693
-12680
-13974
-13229
-9576
-3298
2806
5796
4770
1290
-1746
-1735
2360
8784
14208
15623
12806
7988
4127
3073
4404
6119
6391
4739
1637
-2131
-5937
-8919
-10441
-10654
-10450
-10232
-10367
-10793
-11606
-12225
-11796
-9762
-6619
-3288
-540
1168
1703
1496
1641
2867
4987
6884
7642
7178
6034
4716
3619
3027
2888
2704
2077
954
-254
-1203
-2061
-2875
-3529
-3866
-4037
-4328
-4611
-4812
-4795
-4694
-4450
-3853
-2854
-1799
-922
-196
603
1480
2428
3442
4279
4853
4898
4674
4362
3995
3441
2714
2022
1625
1748
2118
2520
2188
263
-4762
-14173
-24181
-26897
-16451
-208
8068
1035
-14439
-24767
-23277
-12997
-650
10333
15601
12125
2378
-4612
-2526
6021
14216
19073
21286
21001
17069
10522
4666
3118
6769
12713
16669
15185
8233
-830
-7594
-9357
-6194
-548
3378
2442
-3237
-9857
-12997
-11836
-8241
-4249
-668
1852
2357
770
-1377
-2086
-311
3597
8106
11086
11090
7932
3574
932
1649
4893
7688
7495
4070
-637
-4514
-6559
-7029
-6485
-5626
-5543
-7027
-9584
-12032
-12774
-11561
-9027
-6118
-3783
-2714
-2835
-3050
-2397
-443
1995
4129
5316
5340
4391
3162
2593
2992
3774
4277
4125
3094
1257
-773
-2020
-1927
-934
-171
-268
-1222
-2598
-3818
-4232
-3594
-2384
-1458
-1377
-1992
-2620
-2547
-1690
-421
780
1566
1907
2117
2282
2593
2953
3289
3406
3199
2716
2368
2196
2136
1977
1748
1566
1637
933
-1723
-8719
-19217
-26536
-22655
-7536
5571
5415
-8517
-22741
-26128
-17443
-3977
8009
14978
13260
3900
-5397
-5466
3703
14299
19877
20314
18013
14022
8767
4709
4040
7616
12789
15928
14061
7166
-1608
-7427
-7614
-3112
2680
5760
3582
-3062
-10012
-12138
-8131
-1789
2613
3479
2275
516
-741
-791
913
3857
6599
8154
7968
6313
3682
1034
100
1498
4263
5816
4154
-553
-5562
-8046
-7220
-4781
-2999
-3202
-5397
-9030
-12166
-12469
-9342
-4429
-1222
-1113
-3225
-5039
-5178
-2998
500
3555
4634
3335
988
-656
-825
169
1585
2623
2546
1244
-684
-2189
-2550
-1721
-120
1232
1517
311
-1628
-2808
-2382
-698
1102
1863
1222
-364
-1710
-1875
-723
990
2197
2318
1490
360
-286
203
1439
2664
3021
2672
1962
1203
644
343
411
666
810
742
917
1252
1299
-64
-4886
-14633
-24029
-24575
-11506
4801
9294
-2570
-19615
-26410
-19181
-5072
7127
14508
14056
5410
-5415
-8161
148
12249
18962
18797
15037
10592
5888
2334
1870
5458
10859
13816
11795
4574
-4017
-8947
-7361
-1122
5438
8053
5117
-1836
-8265
-9067
-3051
4891
9039
7589
3374
255
-225
1581
4582
7369
8441
7248
4586
1841
-112
-1068
-674
933
2576
2627
-92
-4694
-8364
-8667
-5802
-2306
-1067
-2777
-5882
-8190
-8217
-6124
-3439
-1653
-1292
-1846
-2468
-2691
-2411
-1667
-561
434
562
-410
-1708
-2522
-2493
-1840
-1018
-421
-563
-1601
-2737
-2685
-1287
313
1052
814
252
-124
-182
332
1333
2388
2777
2316
1379
547
197
356
921
1551
1865
1561
706
-232
-680
-295
612
1279
1245
526
-248
-497
-167
332
703
805
806
678
436
411
1071
1939
839
-6569
-18589
-26070
-19100
-1025
10628
4963
-12673
-24946
-22502
-9921
2862
11603
14020
8010
-3345
-9939
-4646
7651
16390
16952
13249
9162
5623
2291
1174
3750
9142
12984
12090
6057
-2241
-7572
-6419
88
7262
10435
7556
527
-6229
-7472
-1505
7031
11369
9088
3118
-1092
-1068
1870
5493
7825
7643
5091
1628
-886
-1599
-1304
-685
209
964
796
-1142
-4449
-7135
-7038
-4392
-1419
-655
-2451
-4959
-6436
-6372
-4939
-2710
-913
-200
-1078
-2525
-3386
-3168
-2246
-810
130
-188
-1865
-3923
-4605
-3586
-1787
-702
-751
-1730
-2857
-3378
-2540
-514
1420
2058
1478
615
264
488
1091
1957
2854
3153
2638
1639
732
434
763
1458
1890
1659
744
-244
-712
-541
228
1012
1424
979
30
-937
-1104
-541
409
989
888
210
-395
-174
1032
2363
1764
-5035
-17093
-25634
-20502
-2488
10692
6588
-11220
-24578
-22710
-9544
3187
10590
12116
6522
-3436
-9482
-4488
7070
15660
15838
11536
7312
4237
1608
962
3429
8477
12081
11029
5207
-2524
-7090
-4958
2323
9332
11410
7399
510
-4507
-4046
2163
9596
12242
8600
2059
-1786
-660
3456
6961
7985
6094
2571
-582
-2141
-1900
-875
-36
441
342
-727
-2837
-5245
-6333
-5071
-2454
-596
-753
-2693
-4817
-5735
-5005
-2986
-762
36
-988
-2859
-3930
-3417
-2074
-1155
-1033
-1618
-2775
-4119
-4933
-4391
-2834
-1584
-1458
-2115
-2718
-2864
-2551
-1640
-133
1232
1597
905
146
247
1113
2063
2609
2671
2275
1623
1079
919
1113
1385
1453
1238
884
510
251
168
108
182
221
369
304
69
-316
-487
-263
69
302
127
52
129
723
1700
2202
-233
-9491
-21211
-25395
-14070
4113
10767
-408
-18441
-25187
-17086
-3060
6991
11607
10154
2331
-6888
-8372
401
11342
15934
13507
9474
6346
3182
205
687
5372
11235
12820
8480
647
-5629
-6129
-413
7363
11784
10123
3720
-2524
-3954
701
8177
12641
10837
4991
113
-542
2167
5373
7064
6753
4365
1075
-1507
-2462
-2167
-1356
-621
-31
-247
-1842
-4352
-6379
-6239
-4120
-1813
-997
-2014
-3594
-4461
-4045
-2564
-740
255
-93
-1416
-2664
-3090
-2838
-2433
-2280
-2319
-2905
-4058
-5308
-5617
-4558
-2979
-2091
-2126
-2576
-2769
-2412
-1553
-271
992
1384
839
150
120
806
1597
2075
2091
1614
852
295
343
904
1530
1840
1802
1363
577
-161
-174
677
1599
1739
757
-451
-982
-307
868
1667
1295
97
-1135
-1371
-304
1523
2983
2883
-1404
-12346
-23106
-24036
-9352
7681
10022
-4846
-21996
-24554
-13117
1239
9413
11922
8259
-440
-8322
-6804
3501
13375
15506
11576
7417
4807
2043
-55
1473
6720
11905
11771
5847
-2281
-7061
-4948
2782
10283
12570
8342
971
-3868
-2436
4311
11609
13561
8900
1850
-2016
-521
3867
7230
7671
5472
1698
-1646
-3037
-2443
-969
-127
-348
-1224
-2568
-4228
-5674
-6105
-4504
-1628
245
-228
-2711
-4722
-4532
-2147
644
2286
1585
-910
-3575
-4596
-3573
-1939
-1265
-2092
-3458
-4800
-5766
-6065
-5126
-3184
-1525
-1366
-2302
-3098
-2941
-1879
-374
1091
1733
944
-577
-1361
-571
1010
2031
1905
1201
477
49
176
728
1333
1668
1479
915
297
-187
-65
607
1414
1692
1380
629
-115
-367
56
968
1335
792
-144
-487
492
1694
1997
-1378
-11368
-22186
-24296
-11257
5501
8814
-4810
-21611
-24240
-12774
1628
9376
10998
7208
-408
-6721
-4754
4962
13539
14890
10790
7032
5258
3139
1017
1896
6367
11162
11297
5974
-1572
-6223
-4559
2694
10209
12634
8521
1221
-3416
-1655
5017
11659
13150
8668
2286
-924
702
4641
7327
7054
4605
1283
-1336
-2396
-2151
-1383
-840
-989
-1853
-3204
-4801
-5967
-5832
-3990
-1289
583
65
-2220
-4001
-3529
-1045
1404
2188
778
-1730
-3831
-4205
-3115
-1832
-1690
-2836
-4287
-5381
-5821
-5667
-4667
-3103
-1763
-1539
-2285
-2985
-2853
-1794
-288
977
1205
248
-1115
-1592
-696
755
1629
1489
795
134
-58
304
961
1508
1544
1195
647
355
312
542
961
1320
1351
820
83
-542
-504
-70
357
568
707
955
1575
1690
78
-6756
-17652
-24189
-18453
-2060
8355
2425
-14636
-25104
-19425
-4735
7045
10936
9175
2728
-4675
-6883
-67
10260
15577
13593
8895
5890
3929
1664
1231
4538
9890
12390
9040
1696
-4833
-6097
-892
7375
12667
11377
4689
-1920
-2984
2308
9557
13363
10969
4865
85
-198
3099
6616
7698
6004
2716
-639
-2554
-2756
-2074
-1245
-888
-969
-1842
-3748
-5694
-6036
-3935
-659
1485
758
-1735
-3726
-3474
-1187
1229
2029
680
-1909
-4234
-4984
-4092
-2679
-1984
-2461
-3522
-4568
-5423
-5935
-5503
-3821
-1716
-687
-1450
-2860
-3487
-2785
-1295
89
757
346
-879
-1999
-1916
-661
798
1507
1249
668
209
66
221
669
1251
1635
1611
1222
735
576
829
1260
1497
1233
746
202
-146
-216
-84
498
1161
1994
2038
312
-7019
-18182
-24683
-18042
-637
9604
2838
-15068
-25377
-19138
-4115
7672
11479
9506
2408
-5555
-7625
-140
10613
15708
13226
8207
5160
3175
1077
1102
4928
10370
12289
8226
671
-5323
-5640
166
8154
12650
10517
3364
-3110
-3633
2180
9820
13656
10914
4415
-646
-903
2594
6331
7578
5982
2611
-948
-3144
-3377
-2131
-600
264
-152
-1921
-4223
-5661
-4991
-2279
821
2213
992
-1613
-3414
-2908
-608
1527
1925
382
-2108
-4192
-4918
-4259
-3019
-2168
-2294
-3214
-4433
-5499
-5937
-5058
-3012
-1025
-574
-1833
-3399
-3871
-2991
-1531
-277
239
-179
-1253
-1990
-1629
-427
610
948
772
458
118
-198
-34
713
1466
1744
1424
945
691
579
564
793
1268
1442
988
192
-243
62
905
1641
2226
2204
118
-7547
-18453
-24127
-16733
-12
8673
964
-16258
-25184
-18129
-3556
7540
10968
8826
1936
-5491
-6950
425
10429
14925
12705
8433
5852
3763
1459
1548
5583
11041
12651
8248
623
-5077
-4905
1118
8883
12836
10093
2720
-3330
-3010
3335
10490
13052
9480
3226
-840
-311
3266
6592
7248
5109
1586
-1530
-2957
-2681
-1516
-336
189
-550
-2398
-4273
-4797
-3281
-547
1780
2265
658
-1789
-3180
-2444
-263
1381
1103
-871
-3317
-4918
-5069
-4149
-3073
-2753
-3488
-4590
-5373
-5484
-4998
-3929
-2534
-1585
-1895
-3268
-4390
-4178
-2660
-834
312
333
-549
-1658
-2047
-1280
180
1292
1468
779
-133
-595
-339
547
1436
1749
1455
940
566
476
789
1275
1691
1598
870
-66
-516
249
1618
2847
3102
1710
-2613
-12337
-21689
-22395
-9745
5791
7659
-5654
-21801
-23735
-12005
2151
9784
10450
6263
-1623
-7386
-5124
4664
13193
14567
10739
6875
4756
2325
689
2718
8109
12520
11263
4982
-2188
-5462
-2716
4427
11016
12178
7010
-386
-3797
-334
6966
12374
12037
6719
791
-1633
311
4275
7109
6948
4057
139
-2786
-3551
-2504
-1048
56
110
-784
-2271
-3605
-3555
-1934
427
1930
1688
64
-1669
-2226
-1338
197
1065
469
-1392
-3443
-4709
-4708
-3830
-2927
-2611
-3127
-4120
-5227
-5914
-5712
-4419
-2769
-2036
-2751
-4115
-4610
-3737
-2119
-735
-265
-720
-1772
-2623
-2340
-809
983
1750
1348
416
-258
-397
-53
717
1562
1969
1707
1199
806
749
853
971
1090
852
484
-220
-412
231
1600
3212
3306
-718
-11382
-22271
-23929
-11286
5045
8262
-3981
-20151
-23658
-13467
330
9122
11101
7669
5
-6129
-4718
4057
12413
14576
12052
8842
6103
2236
-730
996
7296
13066
12796
6509
-1618
-6141
-3998
3501
11292
13616
8750
609
-3882
-1147
6036
11827
12099
7412
1606
-1498
-549
2933
6216
7003
4911
1164
-2209
-3731
-3237
-1515
293
1025
-48
-2363
-4289
-4291
-2237
621
2451
2224
373
-1740
-2642
-1814
-147
863
437
-1179
-3060
-4307
-4520
-3973
-3266
-2934
-3319
-4230
-5245
-5797
-5439
-4057
-2380
-1614
-2325
-3860
-4849
-4486
-3091
-1590
-753
-862
-1677
-2389
-2356
-1461
-153
670
874
627
250
60
200
719
1505
2108
2143
1562
549
-36
289
1059
1673
1260
189
-498
-391
553
1626
2125
256
-7871
-19039
-24778
-16911
-3
8210
409
-15981
-23831
-16606
-3182
6843
10443
9159
3280
-3671
-5323
1208
10121
14056
12784
10183
8282
4931
736
223
5319
12140
13918
9025
1081
-4641
-4477
1362
9088
13235
10575
3126
-2851
-2397
3650
10007
11836
8589
3436
58
-224
1722
4212
5637
5377
3229
106
-2523
-3733
-3226
-1476
535
1437
244
-2269
-4101
-3581
-973
1762
2681
1507
-682
-2324
-2484
-1535
-386
9
-613
-2027
-3622
-4809
-5259
-4877
-3970
-3110
-2895
-3726
-5252
-6295
-5783
-3920
-2191
-1969
-3193
-4574
-4896
-3902
-2241
-773
-269
-967
-2196
-2716
-2027
-662
423
801
819
631
317
94
396
1174
1839
1991
1635
1230
1006
954
1027
1106
932
402
53
319
1187
2141
2276
-498
-9222
-20073
-24505
-15327
903
7350
-1752
-17661
-23742
-15466
-2089
7268
10345
8479
2210
-4363
-5000
2198
10862
14351
12933
10566
8423
4535
262
272
6083
12876
14098
8656
524
-5061
-4604
1692
9692
13699
10547
2765
-3018
-2044
4376
10618
12213
8762
3429
-266
-717
1628
4545
6136
5380
2737
-399
-2816
-3787
-3307
-1582
321
1022
-205
-2449
-3826
-3114
-652
1785
2689
1553
-615
-2224
-2350
-1181
-9
256
-641
-2200
-3831
-4982
-5235
-4587
-3542
-2843
-3031
-4173
-5678
-6527
-5912
-4039
-2305
-2071
-3378
-4860
-5232
-4133
-2260
-734
-264
-976
-2117
-2682
-2053
-573
970
1809
1826
1071
34
-567
-166
1058
2233
2690
2240
1347
479
193
573
1382
1635
1178
346
-65
589
1438
1200
-3745
-13960
-23003
-22200
-8974
4070
3898
-8961
-21554
-21225
-10325
1467
8220
9864
6708
17
-4940
-2841
5147
11874
13610
12435
10933
8057
3013
-299
2361
9679
14916
13339
6238
-1571
-5221
-2596
4754
11755
13229
7985
486
-3015
-45
6231
10749
10743
7097
2721
2
230
2582
5185
6163
4922
2275
-540
-2588
-3474
-2690
-666
1144
1205
-717
-3019
-3847
-2583
-105
2073
2594
1282
-1074
-2903
-3089
-1904
-522
-31
-730
-2364
-4240
-5578
-5746
-4766
-3434
-2690
-3038
-4282
-5763
-6443
-5679
-3944
-2421
-2225
-3199
-4251
-4590
-4045
-2981
-1710
-825
-804
-1561
-2379
-2389
-1503
-227
778
1158
977
439
33
104
669
1364
1792
1803
1590
1300
934
562
457
634
1058
1472
1633
1877
2011
108
-7084
-17807
-24137
-18358
-3724
5335
633
-12507
-20948
-17698
-7770
1851
8185
10332
6954
214
-3794
-1011
5777
10999
13284
13936
12605
7486
757
-1600
3302
11240
15254
12466
5335
-1763
-4786
-1894
5143
11400
12163
7331
1487
-751
1374
5268
7975
8369
6742
4022
1556
656
1505
3155
4249
4060
2495
-83
-2705
-4144
-3185
-761
1132
1226
-315
-1968
-2685
-2239
-985
489
1416
1360
384
-976
-2046
-2567
-2376
-1716
-1277
-1781
-3285
-4988
-5950
-5732
-4718
-3644
-3185
-3719
-4880
-5816
-5726
-4787
-3817
-3333
-3233
-3238
-3306
-3335
-3077
-2311
-1387
-839
-850
-1053
-1031
-701
-179
383
819
986
906
776
832
1008
1164
1401
1623
1852
1688
972
112
-338
-7
1072
2059
2262
2044
869
-2954
-11370
-20649
-23184
-14462
-1191
3862
-2935
-14943
-20749
-16588
-6641
3835
11014
11857
5724
-2209
-4714
491
8400
13617
15322
14697
11388
5379
99
91
5639
12076
14541
11770
5415
-1352
-4538
-1721
5467
11597
12089
7343
1756
-574
1132
4755
7809
8746
7213
4346
1838
1080
1795
2763
3420
3629
3107
1313
-1735
-4344
-4780
-2939
-266
1438
1423
-176
-2270
-3380
-2468
-93
1898
2124
679
-1153
-2475
-3045
-2748
-1854
-1102
-1366
-2752
-4545
-5908
-6317
-5742
-4320
-3058
-3053
-4440
-6073
-6501
-5603
-4355
-3591
-3356
-3389
-3636
-3892
-3686
-2866
-1856
-1177
-849
-470
-114
-161
-440
-505
-43
790
1291
1457
1381
1242
1189
1205
1478
1725
1833
1640
1359
1088
948
902
1231
1662
2225
808
-4842
-14298
-22559
-22228
-11779
699
4172
-3684
-15778
-20668
-15105
-4418
4548
9009
9567
6893
2272
-1575
-1123
4076
10981
15907
16945
13677
7125
413
-1783
2772
10567
15270
13452
6775
-210
-3573
-2059
3053
8402
10518
8756
5320
2735
1693
1521
2236
4196
6514
7552
6302
3572
489
-1513
-1416
962
3735
4242
1667
-2070
-4341
-4480
-2962
-758
1368
2156
978
-1304
-2886
-2817
-1589
126
1638
2023
605
-2144
-4438
-4858
-3780
-2465
-1857
-2169
-3293
-4725
-5702
-5685
-5038
-4501
-4291
-4023
-3554
-3580
-4341
-5177
-5204
-4338
-3210
-2218
-1598
-1527
-1981
-2639
-2687
-1820
-489
566
952
683
33
-650
-952
-437
612
1655
2027
1622
1006
556
397
456
507
591
724
929
1233
1668
2154
1754
-1098
-7652
-15909
-20615
-17184
-7765
60
840
-4083
-9234
-11469
-11148
-8600
-2825
5033
10758
10947
6891
2586
451
672
3459
8655
13814
15419
12501
8156
5593
5052
4853
4670
5568
7613
9225
9102
7499
5234
2909
1330
1641
3965
6724
7806
6549
4231
2334
1386
1210
1579
2332
3129
3487
3136
2187
773
-690
-1825
-2235
-1901
-1193
-449
26
-16
-831
-2397
-4026
-4842
-4380
-3062
-1900
-1683
-2577
-3928
-4872
-4809
-3899
-2833
-2230
-2327
-2900
-3534
-3817
-3559
-2935
-2385
-2266
-2553
-2890
-3099
-3129
-2927
-2520
-2040
-1846
-2022
-2401
-2587
-2489
-2196
-1809
-1395
-1147
-1200
-1434
-1550
-1323
-966
-675
-457
-221
-84
-101
-209
-114
307
844
1295
1448
1228
805
496
532
925
1336
1484
1417
1368
1552
1630
1006
-686
-3199
-5367
-5892
-4327
-1789
-246
-1077
-3769
-6254
-6455
-4281
-1502
-405
-1827
-4156
-5023
-3160
217
2796
3059
1500
141
627
2991
5711
7080
6680
5600
5266
6248
7583
8134
7485
6330
5644
5902
6655
7110
6822
5868
4811
4111
3777
3466
2995
2357
2015
2133
2330
2240
1688
1006
567
467
528
377
-155
-716
-949
-750
-426
-312
-467
-678
-642
-463
-550
-1160
-2122
-2964
-3206
-2834
-2226
-1954
-2315
-3010
-3511
-3550
-3239
-3014
-3154
-3565
-3991
-4170
-4046
-3853
-3679
-3553
-3436
-3213
-3056
-3067
-3253
-3339
-3132
-2719
-2354
-2231
-2251
-2148
-1786
-1203
-695
-460
-486
-567
-312
274
897
1311
1294
1139
1140
1367
1683
1813
1833
1759
1834
1946
2112
2296
2278
1809
561
-1402
-3634
-5160
-5134
-3537
-1475
-520
-1615
-4076
-6111
-6128
-4182
-2028
-1514
-2922
-4690
-4895
-2864
75
2014
1923
564
-311
568
2875
5123
6011
5414
4567
4729
6098
7695
8206
7353
5971
5163
5430
6335
6941
6633
5645
4649
4062
3821
3407
2766
2123
1731
1797
2050
2155
1892
1373
904
591
345
-36
-623
-975
-834
-332
109
56
-323
-621
-673
-538
-576
-1037
-1773
-2385
-2527
-2252
-1813
-1772
-2237
-2853
-3132
-2845
-2479
-2501
-2984
-3612
-4025
-4024
-3820
-3558
-3473
-3559
-3663
-3651
-3513
-3339
-3146
-2911
-2545
-2230
-2094
-2088
-1985
-1697
-1260
-828
-586
-503
-507
-522
-257
209
669
973
958
911
996
1128
1247
1331
1413
1506
1486
1307
1170
1221
1407
1768
2100
2252
1970
922
-920
-3225
-4967
-5283
-3976
-1856
-573
-1202
-3479
-5852
-6447
-4795
-2281
-977
-1812
-3661
-4603
-3447
-905
1211
1600
551
-449
45
2083
4360
5655
5551
4874
4751
5587
6765
7386
6995
6163
5713
5952
6626
6983
6607
5724
4903
4505
4443
4272
3648
2702
1836
1431
1463
1622
1650
1409
1127
882
556
71
-609
-996
-903
-489
-119
-201
-547
-886
-913
-778
-805
-1111
-1780
-2444
-2724
-2565
-2133
-1865
-1998
-2475
-2869
-2946
-2843
-2766
-2961
-3282
-3483
-3661
-3787
-3871
-3789
-3533
-3211
-3010
-3108
-3399
-3717
-3788
-3564
-3160
-2792
-2500
-2283
-2041
-1702
-1327
-927
-549
-217
153
480
638
629
599
733
1160
1577
1673
1447
1088
937
1131
1566
2022
2275
2159
1803
1387
1089
1099
1390
1842
2138
1761
340
-2075
-4475
-5497
-4671
-2728
-1170
-1393
-3301
-5552
-6502
-5356
-3206
-1715
-2104
-3596
-4515
-3699
-1497
392
921
227
-459
156
2171
4423
5720
5627
4906
4782
5669
6957
7697
7396
6521
5983
6152
6728
7099
6756
5863
5065
4699
4604
4307
3613
2646
1880
1648
1750
1861
1724
1498
1408
1277
839
14
-962
-1542
-1420
-796
-249
-212
-631
-1029
-1098
-856
-695
-1007
-1742
-2477
-2739
-2478
-2044
-1886
-2135
-2569
-2937
-3079
-3179
-3412
-3718
-3886
-3832
-3531
-3282
-3261
-3438
-3781
-4099
-4310
-4337
-4218
-3875
-3426
-3061
-2866
-2753
-2500
-2066
-1463
-877
-781
-1024
-1359
-1360
-783
133
1039
1524
1513
1081
645
617
817
1218
1602
1818
1976
1868
1701
1498
1396
1516
1829
2058
2072
1901
1711
1780
1932
2164
2035
1226
-300
-2364
-4047
-4601
-3804
-2360
-1416
-1804
-3468
-5243
-5893
-4988
-3321
-2232
-2514
-3486
-3957
-2965
-1028
524
860
162
-419
39
1674
3653
4950
5178
4895
4909
5578
6397
6796
6450
5880
5673
5971
6508
6797
6544
5947
5270
4764
4396
3998
3514
2985
2598
2341
2230
2113
2011
1886
1661
1200
500
-366
-1035
-1278
-1131
-737
-481
-625
-1025
-1332
-1360
-1195
-1091
-1280
-1766
-2283
-2541
-2479
-2372
-2387
-2624
-2963
-3254
-3418
-3565
-3812
-4103
-4275
-4203
-3978
-3690
-3597
-3680
-3829
-3941
-3865
-3598
-3267
-3086
-3049
-3033
-2890
-2655
-2389
-2106
-1734
-1316
-953
-765
-597
-316
75
584
959
1119
1097
975
873
909
1083
1348
1590
1674
1673
1563
1498
1526
1650
1878
2019
1912
1565
1231
1149
1421
1830
2047
2002
1758
1316
688
-205
-1508
-2973
-4028
-4158
-3358
-2178
-1643
-2204
-3407
-4331
-4346
-3751
-3110
-3091
-3461
-3707
-3288
-2041
-656
165
88
-134
150
1308
2889
4073
4557
4600
4733
5353
6137
6644
6557
5972
5475
5391
5791
6330
6585
6430
6052
5506
4886
4134
3385
2800
2436
2261
2127
1966
1695
1471
1377
1234
929
281
-580
-1214
-1378
-1124
-695
-484
-610
-800
-916
-849
-712
-988
-1633
-2377
-2794
-2685
-2148
-1683
-1671
-2101
-2920
-3665
-4055
-4061
-3847
-3725
-3762
-3886
-3988
-3930
-3801
-3569
-3404
-3415
-3573
-3698
-3555
-3235
-2711
-2329
-2128
-2101
-2118
-2069
-1962
-1661
-1210
-822
-543
-354
-133
176
492
733
893
1010
1091
1199
1199
1206
1268
1385
1614
1844
1935
1929
1762
1558
1339
1203
1212
1190
1254
1334
1369
1334
1338
1372
1475
1420
1119
358
-829
-2216
-3342
-3690
-3336
-2505
-1899
-2156
-3142
-4293
-4845
-4381
-3476
-2742
-2748
-3112
-3325
-2858
-1690
-675
-160
-295
-374
235
1591
3268
4533
5094
5184
5247
5572
6064
6527
6720
6688
6598
6505
6490
6459
6352
6072
5645
5045
4336
3684
3216
2863
2646
2412
2096
1787
1569
1516
1484
1255
703
-138
-953
-1337
-1247
-915
-705
-797
-1159
-1364
-1361
-1319
-1329
-1602
-2105
-2568
-2844
-2891
-2773
-2739
-2772
-2909
-3149
-3562
-4064
-4357
-4365
-4108
-3788
-3595
-3477
-3410
-3321
-3170
-3122
-3139
-3155
-3156
-3006
-2659
-2308
-2097
-2008
-1885
-1556
-1182
-891
-692
-549
-401
-211
-27
117
282
559
837
1045
1163
1160
1050
973
1070
1387
1722
1957
2001
1859
1651
1422
1317
1221
1207
1297
1382
1425
1273
1040
778
597
546
602
767
899
1047
1048
800
88
-1194
-2727
-3956
-4285
-3797
-2930
-2371
-2753
-3817
-4741
-4873
-4107
-3137
-2593
-2731
-3041
-2952
-2393
-1469
-744
-365
-176
248
1157
2416
3673
4537
5053
5304
5501
5773
6026
6212
6278
6259
6309
6318
6296
6209
6068
5860
5496
4964
4264
3563
3017
2692
2451
2233
1963
1728
1533
1324
1015
612
114
-395
-759
-844
-783
-777
-889
-1114
-1278
-1280
-1196
-1221
-1499
-1989
-2516
-2886
-2982
-2842
-2613
-2495
-2549
-2768
-3129
-3487
-3723
-3759
-3591
-3397
-3384
-3482
-3544
-3431
-3242
-3137
-3090
-3154
-3249
-3212
-2966
-2548
-2099
-1736
-1509
-1397
-1446
-1445
-1249
-905
-622
-368
-158
-49
241
572
947
1217
1264
1129
1021
1097
1293
1607
1726
1648
1469
1299
1256
1362
1486
1545
1448
1254
1065
939
905
817
788
875
972
1016
852
677
635
754
877
821
696
240
-484
-1483
-2628
-3516
-3837
-3628
-3126
-2781
-2953
-3538
-4098
-4235
-3920
-3385
-3033
-2951
-2918
-2634
-1945
-1060
-422
-158
-104
122
858
1999
3250
4340
4995
5167
5213
5273
5488
5774
5997
6156
6162
6082
5862
5644
5416
5285
5115
4812
4336
3698
3118
2707
2543
2454
2294
2049
1763
1418
1116
846
534
172
-245
-624
-930
-1124
-1135
-1002
-800
-750
-960
-1437
-1873
-2151
-2363
-2538
-2789
-2983
-3031
-2971
-2846
-2802
-2939
-3209
-3473
-3618
-3621
-3561
-3507
-3447
-3369
-3250
-3131
-3058
-3004
-2978
-2929
-2872
-2865
-2730
-2499
-2220
-1939
-1648
-1411
-1276
-1146
-1118
-979
-774
-425
-90
142
369
523
694
829
989
1161
1299
1364
1385
1320
1305
1426
1697
1938
1995
1869
1569
1319
1251
1358
1532
1531
1424
1327
1147
1003
851
696
568
567
676
734
685
446
217
202
284
79
-746
-2041
-3323
-4052
-3890
-3109
-2426
-2306
-2848
-3508
-3729
-3529
-3178
-3140
-3336
-3377
-2955
-2147
-1322
-698
-420
-302
88
771
1666
2541
3339
4142
4802
5256
5460
5506
5461
5537
5741
5881
5871
5676
5484
5415
5422
5486
5317
4897
4291
3741
3333
2978
2573
2165
1856
1681
1573
1352
1018
608
195
-110
-365
-712
-1075
-1357
-1474
-1405
-1297
-1434
-1838
-2402
-2817
-3023
-3012
-2873
-2796
-2767
-2778
-2716
-2658
-2792
-3081
-3459
-3766
-3892
-3876
-3736
-3636
-3623
-3576
-3531
-3427
-3328
-3250
-3185
-3070
-2880
-2687
-2468
-2253
-1908
-1504
-1061
-684
-429
-322
-353
-366
-371
-196
208
685
1135
1380
1379
1237
1096
1100
1200
1423
1699
1855
1951
1923
1843
1734
1679
1757
1902
1895
1732
1378
995
796
681
698
726
751
728
557
303
-19
-295
-398
-315
-60
132
172
73
-69
-225
-591
-1372
-2354
-3118
-3454
-3287
-2972
-2765
-2831
-2996
-3067
-2889
-2614
-2510
-2649
-2888
-2777
-2183
-1338
-591
-128
44
232
626
1217
1979
2689
3399
4058
4591
4912
5110
5246
5330
5569
5755
5870
5860
5771
5712
5720
5641
5494
5192
4671
4132
3619
3180
2743
2386
2112
1961
1737
1374
938
588
362
146
-206
-771
-1353
-1808
-1955
-1898
-1683
-1516
-1652
-1853
-2031
-2159
-2372
-2660
-2893
-3112
-3176
-3085
-2980
-2972
-3074
-3317
-3636
-3902
-4032
-4094
-4089
-3992
-3778
-3536
-3337
-3276
-3180
-3220
-3281
-3266
-3163
-2921
-2625
-2235
-1954
-1738
-1656
-1534
-1220
-781
-249
229
434
482
463
461
687
1093
1571
1916
1978
1870
1680
1528
1474
1558
1704
1742
1706
1624
1562
1552
1497
1366
1220
1106
1123
1187
1121
1078
1005
899
830
712
644
496
378
352
301
269
177
222
410
672
860
686
-77
-1343
-2547
-3256
-3192
-2783
-2436
-2483
-2797
-3050
-3076
-2713
-2383
-2433
-2760
-2888
-2486
-1647
-769
-319
-293
-261
51
794
1624
2314
2785
3145
3580
4032
4462
4757
4937
5109
5334
5547
5546
5333
5032
4916
4975
4931
4659
4173
3660
3315
3203
3133
2903
2384
1797
1354
1145
1133
1045
770
278
-302
-840
-1214
-1324
-1248
-1112
-1087
-1233
-1454
-1620
-1678
-1702
-1800
-2115
-2513
-2814
-2885
-2791
-2596
-2622
-2812
-3072
-3291
-3257
-3191
-3199
-3450
-3748
-3888
-3795
-3439
-3097
-2876
-2897
-3030
-3265
-3396
-3229
-2949
-2517
-2243
-2018
-1836
-1602
-1323
-1115
-980
-863
-651
-313
119
430
593
681
716
871
1099
1372
1422
1369
1278
1179
1299
1489
1802
2041
2086
1964
1703
1483
1356
1346
1413
1436
1346
1175
909
665
492
445
448
417
366
259
179
96
138
298
478
526
454
416
411
346
-53
-863
-1951
-2710
-2739
-2264
-1720
-1622
-2220
-2880
-3065
-2575
-1808
-1441
-1634
-2078
-2176
-1833
-1197
-652
-389
-324
-59
501
1229
1797
2143
2519
2921
3433
3905
4225
4464
4794
5128
5329
5258
4919
4626
4495
4553
4601
4419
4043
3730
3602
3578
3478
3079
2384
1723
1461
1540
1895
2127
1867
1206
391
-366
-788
-876
-892
-920
-1006
-1164
-1275
-1379
-1565
-1861
-2142
-2438
-2722
-2900
-2938
-2898
-2798
-2822
-2980
-3188
-3409
-3466
-3426
-3295
-3206
-3217
-3337
-3406
-3390
-3304
-3214
-3169
-3135
-3081
-3022
-3013
-2947
-2945
-2861
-2709
-2464
-2074
-1605
-1128
-842
-770
-755
-614
-277
179
555
758
851
817
862
1002
1227
1500
1733
1804
1713
1569
1458
1509
1637
1795
1883
1882
1691
1528
1418
1307
1277
1207
1091
844
601
469
455
627
780
830
654
272
-174
-586
-798
-728
-461
-176
1
8
-209
-423
-595
-861
-1307
-1877
-2250
-2082
-1454
-826
-721
-1451
-2344
-2786
-2359
-1346
-522
-402
-826
-1130
-795
4
755
957
706
523
779
1357
1961
2347
2578
2740
2805
2910
2982
3178
3526
3838
4011
3986
3712
3502
3521
3769
3984
3829
3372
2927
2669
2693
2826
2715
2507
2163
1829
1619
1466
1356
1133
832
420
-10
-360
-536
-588
-580
-651
-938
-1341
-1617
-1650
-1566
-1501
-1676
-1950
-2236
-2396
-2471
-2548
-2663
-2770
-2821
-2816
-2762
-2687
-2686
-2650
-2740
-2888
-3065
-3134
-3057
-2922
-2770
-2779
-2874
-2957
-2910
-2649
-2289
-2000
-1831
-1827
-1794
-1640
-1343
-1051
-814
-677
-614
-469
-226
3
193
328
376
369
327
355
369
470
546
693
914
1152
1453
1653
1815
1708
1409
1018
623
472
499
707
964
1112
1114
1011
914
784
694
634
633
592
511
400
227
106
11
43
177
351
438
470
408
253
146
91
91
-19
-351
-795
-1149
-1173
-929
-630
-472
-593
-876
-1234
-1540
-1691
-1707
-1619
-1382
-1110
-871
-647
-489
-322
-146
26
211
329
562
858
1236
1589
1835
1991
2106
2387
2744
3084
3373
3501
3614
3678
3738
3761
3719
3620
3489
3400
3364
3436
3409
3144
2671
2165
1900
1918
2080
2166
2057
1800
1455
1178
920
646
289
-64
-291
-447
-544
-564
-560
-525
-646
-871
-1254
-1693
-1954
-2014
-1913
-1937
-2021
-2285
-2604
-2879
-3054
-3125
-3176
-3204
-3186
-3247
-3347
-3478
-3571
-3460
-3279
-3051
-2980
-3117
-3276
-3487
-3567
-3483
-3276
-2946
-2632
-2365
-2177
-2095
-2008
-1809
-1564
-1387
-1230
-1117
-1013
-953
-897
-747
-534
-199
237
637
920
1064
1053
1036
1076
1069
1077
1118
1312
1597
1848
1964
1914
1785
1589
1479
1487
1591
1654
1564
1404
1148
922
883
962
1080
1102
1018
853
657
480
405
481
628
670
668
648
647
604
608
555
406
251
98
60
88
184
193
88
-13
-33
25
-1
-191
-423
-532
-403
-109
139
305
315
288
235
102
43
-3
79
248
400
471
475
507
739
1033
1359
1542
1514
1376
1259
1272
1401
1655
1932
2220
2387
2489
2485
2343
2167
1977
1704
1609
1601
1637
1663
1593
1549
1470
1437
1353
1231
1018
681
385
129
56
87
24
-148
-424
-645
-779
-888
-925
-1022
-1203
-1381
-1571
-1718
-1754
-1818
-1845
-1853
-1871
-1928
-2106
-2395
-2684
-2891
-2935
-2819
-2648
-2545
-2569
-2675
-2844
-2960
-2962
-2843
-2608
-2375
-2164
-1991
-1989
-2082
-2175
-2223
-2095
-1857
-1622
-1538
-1618
-1717
-1706
-1562
-1206
-726
-308
-30
38
-29
-173
-220
-252
-223
-13
215
442
637
820
960
1039
1120
1155
1200
1242
1242
1324
1444
1550
1643
1730
1778
1733
1578
1298
1021
847
799
845
1022
1182
1403
1606
1727
1751
1594
1369
1257
1294
1413
1426
1340
1165
909
829
824
845
861
841
904
937
889
711
411
118
91
362
700
840
734
432
74
-78
-16
185
314
330
277
153
51
24
90
189
197
195
52
-176
-519
-814
-884
-752
-577
-417
-214
-77
19
66
112
150
251
249
176
95
68
118
222
433
511
565
525
412
270
107
35
40
131
304
466
522
486
290
82
41
108
203
276
265
251
123
-77
-217
-294
-256
-248
-264
-397
-762
-1137
-1414
-1498
-1469
-1433
-1444
-1520
-1501
-1414
-1278
-1247
-1292
-1451
-1540
-1505
-1401
-1305
-1352
-1396
-1448
-1499
-1453
-1248
-1050
-922
-862
-1014
-1098
-1127
-980
-641
-395
-224
-236
-289
-252
-186
-98
-6
111
315
576
834
946
846
693
613
578
680
770
832
868
779
682
564
573
632
743
819
696
644
683
823
1011
1168
1219
1046
853
770
643
619
672
725
711
553
261
-120
-340
-393
-350
-354
-514
-715
-954
-1088
-1080
-996
-984
-961
-948
-962
-913
-954
-874
-788
-621
-469
-471
-456
-380
-166
97
347
467
461
482
587
766
908
964
1018
1117
1193
1234
1319
1372
1565
1759
1863
1933
1815
1689
1508
1347
1385
1523
1657
1603
1438
1386
1405
1369
1155
932
623
405
211
93
102
159
326
399
322
31
-343
-637
-789
-814
-797
-841
-894
-983
-1028
-1042
-1070
-1077
-1091
-1133
-1227
-1290
-1247
-1210
-1218
-1217
-1318
-1339
-1216
-1027
-727
-423
-318
-298
-350
-444
-440
-330
-142
54
191
200
114
28
14
71
91
78
-108
-249
-317
-391
-471
-627
-695
-792
-797
-738
-728
-749
-769
-872
-998
-995
-901
-803
-755
-717
-740
-683
-558
-292
29
266
463
593
642
656
781
940
1070
1119
963
651
240
-142
-353
-536
-687
-759
-817
-891
-925
-973
-989
-968
-911
-913
-1026
-1214
-1293
-1192
-1077
-992
-955
-900
-822
-690
-472
-252
-17
145
330
540
802
992
1047
1088
1157
1362
1537
1619
1509
1313
1203
1260
1579
1960
2233
2349
2410
2403
2335
2225
2044
1859
1780
1786
1771
1757
1698
1688
1766
1871
1994
2013
1950
1881
1738
1585
1435
1324
1275
1128
952
776
521
289
108
-99
-311
-530
-802
-1008
-1042
-982
-956
-983
-1055
-1092
-1240
-1331
-1446
-1688
-1975
-2295
-2391
-2304
-2140
-2019
-1993
-2056
-2135
-2235
-2340
-2408
-2430
-2420
-2300
-2046
-1741
-1545
-1499
-1638
-1865
-2123
-2341
-2411
-2299
-2121
-1863
-1648
-1482
-1323
-1080
-728
-383
-52
75
105
87
36
2
23
118
230
427
544
615
642
648
710
821
998
1208
1424
1594
1801
1939
2002
2107
2213
2228
2157
2005
1886
1860
1940
2070
2086
1938
1720
1407
1157
1129
1192
1202
1113
986
796
561
375
175
141
199
351
515
593
536
339
198
90
133
352
696
902
995
807
514
264
63
-84
-223
-321
-544
-758
-946
-995
-960
-953
-977
-1009
-1051
-1111
-1114
-1078
-1041
-927
-735
-606
-620
-676
-754
-818
-849
-918
-1142
-1383
-1535
-1459
-1328
-1167
-1099
-1101
-1131
-1107
-1047
-901
-710
-722
-916
-1189
-1307
-1320
-1231
-974
-571
-185
198
476
693
864
852
838
796
641
576
542
593
632
707
809
703
568
519
579
628
638
558
538
541
594
760
780
757
694
653
621
645
794
952
1048
1008
917
806
811
809
743
600
304
-45
-350
-584
-695
-690
-611
-428
-154
159
358
478
574
574
657
695
701
705
694
634
543
447
257
72
-92
-66
128
304
368
296
142
-12
-31
-4
128
265
264
130
-132
-442
-713
-893
-884
-851
-783
-827
-1020
-1236
-1353
-1302
-1208
-1035
-805
-477
-283
-239
-321
-548
-639
-606
-544
-424
-245
-151
-115
-124
-221
-327
-443
-444
-385
-333
-248
-194
-217
-259
-330
-403
-463
-530
-458
-371
-384
-412
-469
-414
-262
-112
90
274
487
681
896
960
830
721
648
693
714
891
1018
1082
1104
1106
1070
1064
968
826
743
595
459
410
385
488
683
872
1026
1060
944
659
412
53
-269
-540
-643
-728
-835
-971
-1183
-1338
-1529
-1588
-1578
-1485
-1444
-1482
-1641
-1738
-1713
-1625
-1492
-1398
-1310
-1187
-1166
-1231
-1353
-1426
-1456
-1303
-1011
-592
-159
61
168
131
169
212
371
569
870
1177
1474
1780
2040
2291
2526
2711
2838
2775
2565
2310
1960
1683
1395
1257
1250
1304
1338
1207
995
712
578
561
639
636
598
531
415
331
338
478
628
793
871
867
824
682
503
189
-185
-480
-695
-663
-422
-78
266
498
586
463
295
183
103
-2
-220
-451
-705
-914
-1003
-1121
-1304
-1574
-1881
-2099
-2255
-2354
-2542
-2869
-3150
-3314
-3387
-3492
-3610
-3715
-3665
-3448
-3131
-2711
-2313
-1945
-1660
-1335
-1144
-1014
-758
-391
64
518
880
1063
1147
1170
1172
1294
1510
1750
1930
2067
2170
2227
2339
2526
2646
2663
2586
2445
2294
2171
2007
1752
1510
1191
948
681
423
156
-14
-90
-90
-23
-163
-490
-878
-1092
-1105
-893
-610
-524
-558
-637
-598
-356
-74
233
590
844
1110
1449
1715
1912
2003
2049
2104
2208
2146
1950
1596
1098
608
84
-334
-741
-1078
-1222
-1165
-1057
-1108
-1256
-1505
-1789
-2085
-2199
-2108
-1907
-1729
-1742
-1787
-1850
-1773
-1471
-1007
-569
-246
-51
-62
-69
9
193
338
512
695
761
843
849
733
440
45
-323
-603
-651
-593
-515
-365
-188
-38
92
151
287
446
548
712
858
955
955
806
689
640
629
477
287
15
-275
-353
-363
-304
-301
-342
-400
-402
-261
-77
141
406
619
799
940
1069
1216
1380
1543
1583
1552
1449
1282
1185
1037
855
601
200
-170
-384
-496
-642
-853
-1051
-1260
-1333
-1282
-1096
-883
-764
-741
-837
-877
-954
-1164
-1464
-1654
-1691
-1547
-1375
-1228
-1113
-977
-787
-614
-499
-499
-587
-636
-616
-547
-504
-598
-762
-847
-791
-618
-365
-83
294
583
774
875
842
783
820
1002
1286
1619
1908
2010
1841
1524
1045
552
220
76
17
30
-14
-41
-13
56
148
56
16
-37
7
173
332
452
570
686
729
766
629
413
176
-11
-125
-116
-131
-209
-295
-428
-456
-353
-183
7
142
286
459
662
876
1090
1149
1167
1175
1052
928
718
485
284
75
-18
-33
-139
-157
-159
-161
-170
-296
-398
-448
-336
-249
-214
-258
-375
-503
-588
-624
-596
-466
-327
-217
-208
-272
-330
-542
-795
-1021
-1230
-1332
-1377
-1328
-1297
-1302
-1379
-1495
-1586
-1607
-1571
-1536
-1516
-1419
-1280
-1049
-792
-532
-259
51
427
797
1101
1135
1015
932
903
989
1142
1135
1134
1178
1165
1143
1060
1026
1038
1048
1151
1358
1511
1544
1559
1542
1498
1320
1186
1073
975
1033
957
789
566
299
67
-100
-268
-419
-593
-770
-899
-963
-913
-864
-830
-746
-789
-878
-997
-1175
-1255
-1276
-1263
-1345
-1469
-1657
-1852
-1963
-1857
-1441
-940
-472
-128
57
142
108
121
95
-79
-378
-793
-1154
-1226
-1028
-702
-283
102
412
703
958
1210
1511
1809
2038
2199
2176
2042
1959
2007
2058
2096
2109
2038
2074
2174
2260
2264
2124
1907
1641
1313
991
703
389
26
-307
-525
-589
-646
-778
-1050
-1379
-1708
-1877
-1946
-1878
-1781
-1675
-1623
-1796
-1975
-2179
-2306
-2319
-2207
-2086
-1981
-1942
-1850
-1761
-1756
-1751
-1679
-1501
-1375
-1257
-1109
-1000
-894
-749
-609
-557
-542
-577
-567
-451
-277
26
260
528
772
907
1119
1216
1222
1131
1102
1165
1356
1701
2056
2271
2407
2340
2234
2042
1891
1784
1637
1705
1747
1769
1731
1596
1453
1306
1020
725
387
51
-39
-41
65
316
425
390
237
-23
-161
-142
-65
162
441
575
528
314
33
-171
-210
-158
-125
-185
-333
-566
-746
-707
-517
-350
-181
-167
-339
-611
-847
-941
-972
-1082
-1107
-1070
-1045
-984
-941
-892
-835
-762
-616
-466
-309
-242
-225
-296
-345
-335
-333
-339
-556
-766
-947
-1010
-941
-827
-687
-607
-508
-476
-491
-610
-723
-710
-628
-374
-147
24
61
-74
-136
-188
-155
5
144
261
311
341
315
351
415
488
599
697
712
678
675
722
613
320
109
-183
-258
-142
43
119
107
168
198
237
216
201
152
105
4
-75
-139
-119
26
180
318
378
366
234
71
-95
-170
-148
-17
123
220
300
275
239
115
64
-14
-3
98
204
319
396
442
505
507
540
548
562
556
512
517
497
573
643
665
599
545
492
492
362
160
-33
-106
-85
36
232
296
354
236
167
154
207
284
218
102
-87
-210
-164
9
304
447
407
284
40
-214
-365
-354
-251
-143
-145
-281
-513
-696
-700
-448
-168
-43
-59
-207
-371
-615
-750
-725
-687
-654
-681
-688
-680
-770
-936
-1162
-1355
-1373
-1225
-908
-545
-293
-157
-224
-497
-714
-785
-753
-663
-581
-512
-455
-506
-492
-383
-262
-46
127
266
316
299
286
335
442
745
992
1157
1241
1190
1224
1129
1076
1101
1119
1110
953
658
247
-106
-230
-117
124
246
156
-66
-273
-320
-209
-115
-33
41
58
65
-24
-69
11
93
115
87
-48
-253
-294
-276
-224
-156
-124
-220
-424
-628
-846
-916
-914
-746
-455
-184
-5
-37
-159
-167
-33
108
261
445
638
724
744
696
726
835
1006
1235
1478
1623
1632
1527
1409
1373
1306
1200
1047
735
346
92
-21
-46
-51
-5
-36
-149
-238
-317
-280
-237
-205
-143
-122
-137
-210
-253
-282
-334
-364
-364
-293
-242
-280
-401
-571
-686
-833
-1055
-1220
-1386
-1447
-1435
-1345
-1347
-1444
-1552
-1603
-1601
-1556
-1481
-1432
-1446
-1378
-1255
-1097
-939
-827
-642
-418
-199
-50
38
27
63
55
125
251
386
536
524
398
174
-10
-148
-111
60
326
570
702
665
534
457
537
616
691
652
576
539
557
652
775
999
1163
1347
1459
1444
1279
1093
901
817
765
838
901
1017
1089
1078
992
836
803
763
824
845
801
645
540
421
316
437
674
1026
1369
1536
1409
990
613
360
203
153
189
210
182
62
-132
-264
-476
-670
-823
-980
-1125
-1255
-1236
-1178
-1098
-1053
-1148
-1228
-1316
-1343
-1375
-1391
-1269
-1179
-1048
-905
-733
-624
-628
-638
-792
-986
-1153
-1195
-1064
-926
-672
-408
-206
-111
-313
-619
-836
-1027
-1058
-876
-695
-468
-299
-173
-131
-236
-362
-524
-570
-490
-283
-118
107
166
227
287
340
403
481
672
806
1023
1035
913
790
663
682
779
902
1032
1054
1053
1087
1102
1064
1017
902
787
695
668
673
721
695
525
263
-62
-340
-482
-451
-458
-542
-691
-770
-802
-733
-536
-375
-215
-152
-136
-162
-91
70
272
431
452
318
23
-271
-467
-481
-293
-64
83
80
-111
-229
-275
-315
-341
-323
-285
-330
-386
-372
-248
-81
53
90
127
188
195
249
315
397
479
555
624
630
644
754
853
868
723
474
309
260
308
381
360
219
103
24
-36
-77
-98
-104
-192
-198
-182
-266
-352
-412
-265
-133
-64
-94
-269
-444
-553
-504
-247
-2
190
180
-32
-261
-439
-474
-435
-311
-206
-238
-341
-440
-541
-493
-469
-379
-225
-83
126
267
385
397
311
227
123
125
305
518
699
795
807
638
421
216
26
-151
-319
-476
-530
-462
-300
-106
-37
28
185
459
625
596
372
-6
-400
-630
-686
-505
-230
28
227
289
236
-104
-391
-685
-769
-611
-458
-289
-304
-409
-441
-468
-436
-215
-11
154
204
84
-195
-477
-586
-500
-192
115
330
430
434
324
213
216
298
489
638
626
540
430
395
423
519
563
513
346
115
-18
-105
-133
-220
-335
-439
-466
-391
-323
-286
-301
-291
-349
-359
-309
-304
-241
-183
-50
18
-14
-57
-170
-341
-465
-430
-279
-89
63
148
128
114
202
371
506
588
595
496
307
144
68
-27
51
203
247
275
249
292
335
348
415
351
273
199
140
130
170
232
315
288
147
77
71
190
297
388
274
4
-314
-425
-433
-410
-248
-189
-62
35
152
89
-60
-218
-360
-403
-402
-256
-26
207
509
661
612
534
485
477
398
256
115
53
83
115
121
97
17
-97
-323
-501
-605
-623
-601
-603
-602
-683
-678
-553
-319
-206
-255
-338
-535
-665
-722
-757
-746
-702
-554
-484
-512
-556
-593
-702
-658
-563
-518
-499
-589
-630
-626
-385
38
450
645
588
398
181
37
23
222
499
720
759
765
666
569
583
559
553
590
709
771
756
726
725
738
723
721
627
497
422
389
418
494
478
403
274
140
75
115
226
233
104
-60
-197
-256
-197
-172
-201
-238
-297
-211
-162
-56
69
132
204
150
73
61
46
4
-50
-213
-333
-372
-391
-323
-272
-375
-491
-532
-657
-777
-939
-1059
-1029
-860
-655
-420
-190
-58
2
-28
-58
-39
0
58
45
15
-62
-60
30
142
298
481
665
693
688
653
602
555
443
351
273
291
259
321
442
485
475
308
7
-236
-326
-297
-66
101
170
98
-98
-203
-268
-288
-281
-265
-246
-296
-253
-96
-20
-4
-105
-181
-235
-224
-135
-51
-99
-163
-258
-441
-553
-652
-612
-402
-163
66
171
229
152
2
-162
-316
-398
-376
-280
-166
-16
225
466
642
643
459
145
-198
-334
-196
93
345
434
354
112
-83
-139
-129
-19
137
157
42
-211
-448
-653
-643
-412
-167
41
137
120
-105
-313
-415
-361
-199
-48
91
177
238
296
428
544
621
623
549
419
301
181
184
275
444
585
539
416
257
155
79
27
-4
22
63
90
83
-13
26
120
214
315
400
445
427
300
107
-67
-199
-239
-163
-97
-42
-25
-9
-67
-291
-463
-436
-319
-207
-78
-12
39
12
43
39
-8
-40
-74
-86
-159
-285
-398
-471
-428
-309
-102
81
102
127
64
-72
-152
-174
-89
-33
-144
-235
-251
-134
13
70
112
53
87
178
300
327
198
33
-149
-315
-415
-433
-447
-462
-519
-603
-676
-671
-623
-541
-364
-233
-181
-140
-57
46
107
135
97
141
300
490
612
546
380
244
300
451
575
679
722
763
732
568
354
203
147
147
29
-18
-87
-52
-18
72
177
205
200
123
49
-123
-166
-255
-214
-126
-98
-156
-341
-363
-301
-185
21
63
70
18
-103
-191
-247
-274
-262
-190
-121
-70
-59
-41
-96
-131
-122
-88
-19
-3
46
38
79
60
110
117
60
-107
-237
-204
-127
-4
73
163
157
89
21
-28
-5
-28
-148
-244
-198
-148
-121
-143
-177
-193
-163
-105
-63
-41
-121
-233
-384
-464
-495
-508
-564
-462
-312
-135
24
74
128
211
229
231
302
427
502
498
398
243
211
298
430
478
532
554
571
561
506
424
325
305
245
211
164
217
308
290
170
-84
-241
-333
-404
-454
-439
-393
-328
-156
-34
95
172
131
62
39
46
133
219
331
454
470
391
193
13
-44
27
163
260
345
295
233
246
178
124
120
79
52
19
-99
-236
-293
-257
-169
-36
3
-2
-70
-124
-221
-298
-352
-455
-520
-583
-636
-694
-601
-497
-439
-380
-329
-302
-416
-572
-750
-910
-982
-905
-792
-603
-314
-52
106
115
-7
-180
-361
-371
-344
-156
122
335
481
532
503
421
410
287
156
13
-50
12
207
367
520
647
629
553
422
252
77
54
151
454
650
769
804
655
491
389
378
412
469
468
308
68
-92
-167
-139
44
261
397
399
280
92
-188
-358
-529
-531
-482
-405
-388
-402
-325
-187
61
193
247
215
16
-187
-347
-342
-181
104
314
466
443
258
140
12
33
131
241
304
206
-28
-325
-510
-579
-437
-344
-326
-410
-612
-738
-781
-724
-611
-538
-482
-485
-611
-721
-655
-476
-326
-204
-106
-149
-265
-343
-360
-329
-287
-165
-6
193
325
257
215
60
-29
-11
120
273
392
405
331
338
421
583
706
765
685
516
269
76
166
375
563
751
832
767
598
481
475
546
659
777
777
715
638
619
600
532
416
299
174
41
17
89
123
159
179
178
112
-76
-297
-421
-552
-651
-700
-668
-443
-212
-9
172
207
123
-6
-216
-355
-475
-532
-578
-633
-682
-624
-447
-317
-194
-156
-220
-297
-387
-463
-435
-389
-373
-377
-420
-456
-417
-310
-268
-252
-289
-459
-580
-713
-686
-531
-303
-151
-97
-108
-264
-322
-304
-310
-353
-394
-398
-318
-114
106
245
300
331
333
396
474
606
694
610
565
420
412
505
701
780
626
492
288
194
85
87
147
211
351
439
451
454
219
46
-49
-136
-191
-214
-201
-104
-15
-98
-155
-124
-60
27
94
108
83
-19
-91
-216
-305
-273
-203
-77
87
197
255
175
104
-21
-3
12
34
87
170
319
385
433
414
437
331
234
104
27
-53
-87
-58
-65
-58
-127
-255
-330
-412
-524
-466
-354
-209
-67
12
37
1
0
-80
-210
-331
-440
-416
-268
-57
177
355
380
318
139
-79
-149
-137
-11
125
199
152
25
-58
-140
-110
46
218
375
466
410
207
135
134
193
210
187
95
-72
-71
-50
47
189
248
319
385
318
126
-112
-291
-334
-158
94
219
182
-59
-282
-446
-569
-562
-509
-402
-305
-211
-166
-156
-66
-14
-5
-133
-231
-190
1
132
171
147
66
20
-14
15
93
95
31
49
-20
-37
-99
-81
-91
-69
-3
5
-20
-126
-207
-310
-255
-173
-114
-164
-338
-573
-648
-601
-481
-356
-304
-264
-184
5
88
142
212
282
380
412
347
254
179
184
171
140
217
236
267
331
370
355
247
127
-21
-117
-234
-248
-175
-126
2
47
135
81
-99
-126
-18
124
294
389
471
512
472
370
228
204
240
319
443
484
432
243
60
-124
-172
-119
3
148
168
147
15
-103
-228
-210
-196
-224
-219
-133
-90
-110
-192
-320
-248
-100
129
176
-17
-414
-622
-669
-599
-355
-121
-17
-99
-208
-385
-421
-290
-103
41
163
194
227
249
352
465
634
751
676
563
360
164
92
120
160
211
366
480
541
466
277
186
119
82
62
150
201
288
262
175
-22
-232
-251
-230
-47
137
270
254
116
-126
-356
-469
-532
-450
-371
-240
-200
-268
-315
-382
-392
-278
-190
-101
-80
-41
-47
-82
-92
-153
-153
-184
-217
-312
-388
-443
-476
-466
-477
-533
-541
-496
-441
-532
-708
-861
-966
-1024
-1089
-1160
-1272
-1292
-1295
-1299
-1228
-1045
-862
-738
-764
-846
-913
-842
-722
-507
-279
-159
22
142
239
338
445
583
704
804
922
937
996
1057
1087
1236
1333
1512
1633
1782
1895
1921
1909
1784
1690
1646
1617
1543
1501
1405
1334
1425
1387
1380
1405
1367
1250
1113
951
816
730
565
469
395
345
212
158
62
-69
-195
-367
-415
-369
-205
20
74
-91
-395
-702
-912
-1002
-949
-778
-517
-363
-342
-415
-563
-667
-652
-474
-215
-30
225
356
301
66
-347
-671
-832
-898
-856
-705
-578
-499
-452
-501
-675
-890
-1042
-1220
-1345
-1460
-1580
-1503
-1386
-1237
-1050
-992
-1032
-1078
-1071
-1087
-927
-852
-809
-800
-880
-869
-877
-749
-606
-482
-458
-475
-536
-658
-808
-994
-1076
-1114
-1072
-942
-771
-516
-214
-60
76
125
184
344
475
582
705
942
1180
1443
1623
1697
1725
1722
1560
1511
1393
1254
1282
1277
1325
1280
1273
1170
1106
1174
1232
1327
1348
1263
1121
1036
982
980
919
963
966
938
1011
1089
1162
1165
1122
890
687
570
541
554
552
504
297
3
-299
-595
-830
-884
-845
-825
-865
-931
-958
-943
-928
-963
-1066
-1306
-1542
-1750
-1802
-1664
-1522
-1269
-1053
-848
-825
-964
-1124
-1298
-1350
-1303
-1160
-948
-609
-192
-13
-84
-189
-227
-145
-52
18
181
188
128
276
499
711
830
825
701
626
573
625
781
841
959
1030
1015
977
989
988
915
865
740
648
648
658
659
629
668
760
837
830
768
501
144
-163
-353
-449
-524
-568
-615
-632
-724
-882
-971
-966
-797
-658
-680
-883
-1155
-1267
-1265
-1255
-1095
-1023
-1025
-1153
-1293
-1264
-1235
-1049
-893
-894
-1014
-1115
-1113
-1058
-836
-576
-269
94
357
527
544
395
352
422
625
920
1110
1196
1110
1005
954
1026
1024
984
925
791
735
776
877
1036
1110
1022
788
490
322
411
579
729
867
852
752
527
355
185
52
24
0
78
116
114
69
-36
-12
137
224
289
295
242
235
221
266
328
329
315
244
85
-161
-398
-613
-680
-679
-668
-562
-530
-527
-563
-587
-597
-636
-611
-541
-525
-537
-623
-705
-710
-688
-675
-628
-568
-465
-378
-304
-261
-303
-357
-331
-282
-265
-233
-239
-149
-30
44
63
84
33
-94
-92
17
173
372
524
478
360
170
7
-175
-194
-146
-71
43
74
79
-15
-75
-96
-48
-54
-74
-125
-195
-251
-201
-112
-57
-173
-272
-359
-396
-318
-247
-178
-152
-211
-308
-194
-16
221
386
456
475
442
488
468
446
392
426
425
538
617
632
623
519
456
462
518
631
813
930
1017
885
633
444
390
351
349
450
521
524
518
454
409
340
336
333
325
268
124
-9
-117
-179
-304
-461
-558
-614
-635
-657
-696
-728
-760
-789
-789
-748
-611
-337
-153
-136
-267
-443
-439
-377
-309
-268
-319
-371
-404
-345
-225
-160
-133
-257
-317
-333
-234
-43
-34
-80
-209
-308
-366
-364
-286
-256
-185
-112
-30
92
190
210
115
-60
-224
-307
-132
165
473
638
570
369
124
-63
-72
5
-66
-188
-353
-461
-507
-426
-254
-134
20
40
-10
-82
-108
11
131
284
358
379
349
267
134
42
77
173
253
352
342
275
216
145
56
58
150
282
328
400
445
418
452
421
437
442
492
641
697
851
898
860
670
386
160
40
96
97
64
-56
-223
-333
-368
-418
-490
-634
-759
-712
-545
-366
-189
-86
-119
-130
-151
-92
40
69
69
-7
-74
-104
-76
32
79
97
-44
-119
-228
-294
-301
-368
-385
-311
-143
-66
-109
-186
-332
-467
-485
-550
-429
-213
-98
44
56
-9
-79
-158
-248
-332
-456
-597
-668
-671
-603
-551
-426
-288
-199
-132
-98
-62
-36
-65
-63
-14
1
119
170
184
234
272
460
636
814
942
973
1018
851
676
509
389
404
448
540
604
617
573
537
544
544
539
523
537
619
601
561
413
125
-158
-342
-342
-282
-193
-262
-320
-417
-373
-260
-178
-177
-257
-352
-442
-461
-457
-327
-152
35
57
-43
-209
-344
-256
-144
144
347
434
272
95
-96
-271
-370
-414
-484
-710
-731
-674
-517
-390
-352
-430
-489
-569
-570
-575
-513
-497
-418
-208
-62
58
155
34
-183
-317
-360
-250
-59
106
88
-11
-196
-375
-540
-478
-294
-121
60
118
72
-70
-181
-336
-358
-335
-214
-63
45
277
373
428
355
228
161
237
413
591
733
737
671
442
193
-6
-176
-175
-32
209
380
433
429
386
365
468
606
700
735
639
588
507
405
362
376
529
723
872
794
684
486
299
223
248
368
439
489
431
302
105
-65
-61
39
175
234
215
86
-37
-85
-164
-264
-394
-556
-623
-529
-372
-241
-268
-365
-478
-628
-743
-714
-569
-406
-260
-175
-102
-114
-143
-138
-198
-232
-230
-234
-155
-4
76
64
-2
-22
-7
117
160
76
-164
-418
-546
-591
-463
-318
-265
-175
-159
-137
-125
-60
58
308
476
461
297
-43
-277
-376
-304
-108
111
284
349
275
158
50
-20
-23
-27
12
-31
36
80
29
-19
-188
-323
-426
-366
-361
-450
-537
-640
-719
-622
-461
-218
-24
26
11
-55
-160
-284
-296
-344
-267
-96
81
217
173
73
-32
4
42
81
15
-60
-113
-186
-147
-63
150
323
311
206
41
-126
-216
-150
2
153
171
150
99
35
78
241
397
470
453
312
132
51
34
58
182
214
206
290
410
566
751
758
679
580
426
378
401
499
546
478
338
229
298
354
397
254
83
-4
-84
-119
-122
-166
-270
-237
-202
-137
-115
-236
-320
-339
-334
-311
-282
-156
-103
-74
-8
-22
96
113
13
-93
-234
-312
-271
-124
29
131
80
-80
-155
-95
116
253
260
208
3
-91
-124
-170
-150
-58
54
39
-46
-224
-388
-505
-543
-539
-388
-247
-88
-7
-46
-75
-104
-118
-171
-134
19
137
171
109
36
-120
-200
-238
-247
-178
-136
-169
-221
-245
-147
5
103
299
383
355
208
34
-86
-125
-48
46
186
263
281
268
204
248
322
413
520
458
337
129
-84
-176
-206
-176
-71
88
156
165
133
103
176
284
282
181
-25
-192
-267
-290
-166
-88
-161
-275
-282
-282
-323
-488
-586
-672
-655
-499
-388
-164
36
114
144
88
9
-134
-258
-226
-77
42
173
335
348
299
180
137
102
231
400
360
288
227
186
251
328
309
219
136
126
125
179
267
207
73
-76
-236
-224
-83
95
138
105
22
-18
-91
-133
-113
-100
-61
-16
77
123
118
107
162
106
-13
-176
-360
-370
-266
-131
-101
-11
60
144
189
111
37
-48
17
81
157
204
249
193
7
-131
-203
-116
-8
55
64
6
-83
-166
-244
-216
-120
-75
-84
-97
-150
-197
-203
-273
-305
-252
-169
-50
114
158
232
244
171
172
174
78
-113
-260
-383
-389
-326
-197
-101
-167
-234
-348
-445
-385
-309
-174
-61
-75
-164
-272
-383
-334
-180
58
282
338
345
270
204
151
135
152
186
211
211
144
-26
-123
-105
39
267
311
208
5
-137
-158
-140
-79
-117
-81
-30
-74
-194
-325
-337
-242
-127
-74
-92
-39
-46
-13
-100
-219
-192
-38
237
508
726
755
694
629
639
711
719
690
595
460
446
430
435
457
430
494
506
470
449
429
253
125
16
-46
-59
9
195
325
383
354
225
-24
-322
-563
-612
-576
-435
-231
-70
2
6
-30
-121
-204
-225
-344
-422
-366
-278
-169
-177
-259
-387
-475
-604
-726
-682
-669
-619
-539
-452
-379
-367
-301
-226
-155
-123
-186
-258
-205
-183
-51
-7
-152
-336
-489
-557
-510
-404
-334
-158
46
139
181
211
179
142
101
70
47
142
265
407
468
447
428
384
367
328
404
575
681
697
647
603
436
298
206
187
208
278
235
65
-72
-194
-243
-148
-173
-247
-282
-249
-122
-32
72
26
-54
-200
-361
-472
-579
-492
-370
-198
74
253
313
200
5
-287
-463
-516
-429
-303
-180
24
189
224
164
59
-128
-175
-58
134
327
254
109
-81
-213
-159
-27
43
-80
-150
-217
-209
-147
-15
74
141
166
132
72
61
55
155
323
539
757
823
730
590
429
372
374
336
163
-27
-96
-75
84
148
271
329
351
251
131
8
-64
2
-5
46
56
40
5
29
96
179
228
185
84
-42
-136
-78
-61
-53
31
-23
-36
-68
-163
-260
-446
-663
-775
-740
-626
-364
-138
71
165
83
-90
-347
-536
-545
-562
-461
-314
-287
-179
-128
-27
19
-29
-164
-314
-479
-585
-697
-723
-696
-620
-497
-434
-426
-450
-421
-353
-215
-89
78
40
-80
-89
-79
9
140
319
455
587
565
399
164
0
-52
141
425
662
797
823
707
523
378
244
313
457
637
718
641
535
496
643
747
763
621
411
224
28
-143
-249
-192
-147
3
152
233
209
166
105
98
157
221
209
95
-39
-72
-11
36
104
296
508
585
452
195
-10
-104
-52
25
-13
-115
-285
-427
-430
-391
-388
-434
-480
-531
-493
-320
-192
-201
-251
-340
-386
-413
-516
-572
-584
-625
-567
-422
-275
-91
17
89
49
-107
-261
-325
-301
-248
-217
-308
-327
-209
98
332
470
466
344
193
32
-91
-200
-325
-370
-299
-284
-278
-309
-337
-350
-379
-396
-493
-521
-495
-516
-379
-190
-58
15
36
60
14
46
147
306
463
548
462
329
241
156
66
81
125
252
287
227
111
102
267
525
801
963
985
899
754
671
614
537
562
578
606
567
532
350
148
-42
-141
-120
-85
-134
-202
-206
-196
-164
-155
-176
-210
-119
-66
-8
-15
-48
-15
55
150
204
282
224
159
130
37
-83
-124
14
166
217
148
78
-88
-246
-315
-370
-359
-271
-106
-14
34
-57
-187
-282
-356
-365
-332
-273
-297
-368
-512
-599
-654
-623
-459
-347
-360
-440
-478
-320
-146
34
