347
56
-165
-304
-136
10
74
-83
-347
-448
-528
-405
-276
-70
68
42
-206
-343
-212
-144
-2
64
109
273
496
612
555
407
117
-159
-458
-670
-778
-738
-465
3
497
866
1135
1099
781
386
50
-212
-226
-28
336
579
539
436
155
-43
-83
-76
-70
-44
-45
-197
-421
-564
-589
-461
-232
-46
117
-4
-130
-197
-251
-256
-156
60
152
108
83
126
204
407
442
654
784
728
532
255
211
138
109
269
558
799
870
772
511
297
138
-24
-71
-106
-131
-180
-221
-299
-415
-674
-990
-1157
-1103
-949
-653
-477
-233
-48
29
-70
-396
-568
-729
-622
-390
-70
140
215
160
2
-372
-674
-634
-502
-248
62
329
276
221
103
-32
-197
-364
-349
-296
57
314
416
249
31
-200
-300
-232
-130
24
133
236
291
320
152
-129
-440
-612
-410
-20
596
1169
1466
1436
1173
767
78
-416
-666
-548
-175
373
684
789
653
280
50
-240
-481
-678
-613
-223
225
502
657
589
290
-24
-266
-301
-177
41
155
111
18
-108
-68
-45
-83
-277
-753
-1179
-1328
-1263
-848
-451
-45
300
408
356
224
59
-50
-181
-252
-185
-211
-189
-118
223
662
1204
1433
1368
1032
421
-123
-545
-480
-252
164
580
991
1325
1334
1173
943
686
481
347
359
200
-118
-445
-393
-177
79
318
222
14
-378
-766
-831
-672
-495
-433
-412
-538
-598
-556
-525
-667
-837
-844
-1080
-1389
-1577
-1680
-1589
-1240
-798
-270
142
391
411
164
-207
-385
-358
-152
39
236
469
577
821
931
979
929
583
166
-223
-313
-34
359
909
1221
1282
1071
881
575
372
199
-28
-142
-117
104
248
546
638
604
534
500
549
386
22
-296
-541
-653
-697
-702
-600
-530
-587
-716
-958
-1142
-1242
-1230
-1207
-1126
-853
-578
-346
-46
179
412
552
400
379
256
263
340
369
411
415
335
417
532
560
524
357
412
274
140
-17
-87
-80
37
224
420
484
405
327
265
236
158
158
229
401
491
439
237
75
-65
-154
16
188
240
38
-310
-528
-505
-333
-264
-235
-141
-35
193
409
446
396
255
146
-1
-256
-317
-116
243
406
530
377
-59
-382
-638
-780
-905
-823
-637
-205
210
406
387
146
-330
-736
-974
-913
-626
-467
-243
-94
85
-9
-108
-75
106
308
319
229
178
176
177
107
-139
-383
-575
-638
-380
-196
29
336
317
41
-358
-568
-528
-402
-175
-45
197
436
456
501
386
225
138
145
198
281
284
327
471
486
401
219
-12
-211
-228
-30
62
163
162
29
-234
-394
-596
-631
-437
-346
-138
106
137
141
110
32
74
92
113
22
-26
-90
40
170
280
298
175
242
301
365
405
374
276
182
253
247
172
142
228
450
731
707
523
277
-3
-169
-442
-632
-657
-555
-304
-74
54
348
448
396
268
-70
-176
-264
-229
-45
207
266
251
318
191
-101
-347
-554
-692
-635
-400
-52
169
147
-111
-432
-554
-520
-424
-288
-186
-151
-311
-386
-248
-29
194
259
336
347
217
99
-86
-89
-64
52
-4
-121
-56
-145
-229
-48
86
225
185
-31
-273
-360
-293
-174
-2
101
67
-31
-95
-211
-199
-86
-78
-210
-425
-636
-735
-591
-400
-4
468
906
1131
937
418
-333
-827
-1129
-1065
-864
-475
46
634
1113
1203
995
488
-24
-247
-31
312
658
632
476
283
28
-148
-84
180
387
492
390
298
204
205
128
47
63
14
-32
-92
-219
-354
-513
-545
-404
-220
109
266
327
442
600
856
1006
1114
950
483
76
-180
-118
6
76
28
-96
-334
-545
-570
-460
-220
31
334
377
251
119
120
223
306
336
276
-31
-426
-629
-570
-337
40
255
272
290
247
85
-210
-455
-633
-654
-589
-536
-518
-423
-492
-759
-962
-1060
-1132
-1031
-783
-591
-302
-133
-19
137
32
-190
-476
-884
-1119
-1010
-558
200
866
1038
792
324
-2
-79
-142
123
378
421
363
207
-71
-420
-532
-625
-522
-293
-67
81
276
233
-68
-429
-789
-902
-898
-668
-307
150
519
530
531
477
278
139
-59
121
364
515
496
292
160
133
132
145
245
152
189
304
565
754
696
552
150
-200
-191
177
849
1523
1900
2132
2134
2022
1661
1457
1501
1767
2028
2134
2070
1957
1856
1568
1328
1018
905
884
1032
1233
1375
1407
1232
815
220
-301
-822
-1040
-858
-610
-328
-318
-535
-853
-1329
-1684
-1899
-1894
-1935
-2001
-2020
-1877
-1641
-1534
-1639
-2068
-2498
-2518
-2391
-2181
-2133
-2280
-2479
-2660
-2736
-2591
-2162
-1696
-1293
-906
-588
-292
-141
-222
-217
-119
43
198
372
496
497
157
-612
-2057
-4021
-5565
-5581
-4195
-2446
-1314
-1423
-2150
-2603
-2205
-1351
-577
-703
-1833
-3165
-3658
-2907
-1842
-1135
-1029
-948
-370
958
2685
3981
4685
5093
5619
6456
7220
7340
6937
6302
5979
6205
6402
6673
6537
6239
6131
6172
6395
6436
6286
6073
5704
5203
4554
3546
2397
1325
526
48
-556
-1598
-2591
-3008
-2863
-2308
-1806
-1660
-1871
-2213
-2334
-2359
-2313
-2729
-3602
-4652
-5435
-5642
-5642
-5451
-5400
-5317
-4845
-4123
-3304
-2681
-2625
-3018
-3548
-3917
-4149
-4316
-4440
-4469
-4447
-4313
-4051
-3875
-3681
-3436
-2913
-1932
-868
-190
209
456
630
644
639
712
939
1255
1579
2170
2629
2939
2937
3001
3130
3391
3601
3640
3776
3796
3963
4037
3914
3654
3138
2579
2072
1709
1639
1628
1534
1314
1194
1021
776
573
208
-21
-292
-697
-1042
-1232
-1421
-1646
-1846
-1916
-1737
-1608
-1689
-2022
-2137
-1963
-1706
-1397
-1189
-1022
-1112
-1342
-1789
-2331
-2758
-3064
-3031
-2736
-2363
-2110
-2225
-2558
-2630
-2446
-1935
-1601
-1546
-1819
-2198
-2420
-2384
-2107
-1808
-1740
-1639
-1249
-452
601
1526
2143
2485
2806
3281
3890
4329
4452
4471
4536
4674
5179
5618
5871
6126
6207
6164
6171
6012
5766
5472
5152
5004
4691
4370
4096
3659
3329
3111
2756
2161
1262
406
-521
-1371
-2023
-2294
-2327
-2480
-2745
-3154
-3669
-4173
-4557
-4765
-4676
-4621
-4571
-4487
-4515
-4479
-4574
-4553
-4401
-4185
-3930
-3759
-3642
-3323
-2804
-2367
-2182
-2142
-2241
-2401
-2290
-2102
-1484
-850
-271
-2
109
232
227
326
171
108
194
397
882
1327
1534
1377
1030
787
769
919
1011
1134
1184
1259
1467
1628
1888
1943
1724
1635
1475
1487
1426
1158
982
656
477
410
576
846
1126
1102
446
-1179
-3567
-5557
-6183
-5240
-3928
-3328
-3830
-4790
-5190
-4313
-2570
-1328
-1941
-4290
-6711
-7262
-5826
-3801
-2949
-3532
-4248
-4050
-2261
232
1963
2264
1816
1970
3453
5549
7078
7116
6224
5401
5535
6757
7957
8300
7825
7114
7039
7771
8615
8828
8246
7362
6698
6534
6559
6215
5284
3987
2823
2200
1721
1122
357
-198
-381
83
798
1026
570
-770
-2033
-2890
-3468
-4087
-4862
-5740
-6307
-6295
-6066
-5686
-5590
-5830
-6151
-6021
-5529
-5141
-5086
-5308
-5572
-5733
-5643
-5578
-5604
-5679
-5783
-5491
-4719
-3698
-2698
-2009
-1744
-1671
-1572
-1251
-971
-670
-222
184
808
1502
2188
2672
3003
3061
3010
3080
3340
3752
3924
3920
3761
3583
3566
3602
3780
3898
3867
3631
3150
2650
2085
1685
1429
1196
1093
981
818
791
808
725
620
292
-142
-571
-980
-1058
-1086
-917
-796
-830
-937
-1164
-1470
-2004
-3038
-4712
-6397
-7146
-6628
-5365
-4448
-4430
-5263
-6027
-5870
-4437
-2713
-2163
-3258
-5315
-6334
-5487
-3544
-2201
-2229
-3204
-3653
-2611
-267
2106
3284
3048
2479
2967
4530
6453
7412
7053
6024
5544
6157
7532
8599
8607
7992
7563
8029
9112
9923
9765
8746
7722
7194
7117
7063
6356
4910
3251
1999
1489
1314
1168
703
51
-347
-318
-157
-402
-1261
-2436
-3508
-4270
-4693
-5353
-6437
-7459
-7981
-7698
-7062
-6473
-6375
-6538
-6694
-6448
-5931
-5668
-5639
-6120
-6725
-6855
-6533
-5893
-5116
-4594
-4042
-3224
-2274
-1449
-1056
-875
-793
-375
273
809
1161
1228
1242
1384
1889
2517
2962
3046
2807
2536
2258
2122
2151
2282
2365
2494
2637
2667
2497
2052
1637
1457
1457
1573
1651
1513
1171
822
795
869
927
826
649
394
255
243
66
-121
-444
-625
-726
-753
-799
-909
-978
-1066
-908
-758
-1201
-2312
-3988
-5180
-5476
-4817
-3782
-3195
-3506
-4345
-4773
-4252
-2938
-1841
-1901
-3253
-4692
-4991
-3931
-2620
-1914
-2151
-2492
-1955
-252
1913
3394
3679
3095
2790
3486
5002
6513
7002
6502
5862
5964
6929
8195
8819
8523
7723
7103
7381
8019
8376
7893
6804
5832
5554
5830
6123
5800
4799
3721
2939
2590
2416
1854
701
-499
-1297
-1542
-1468
-1758
-2608
-3835
-4888
-5437
-5611
-5772
-6155
-6557
-6807
-6746
-6315
-5878
-5782
-6114
-6623
-6957
-6776
-6380
-6303
-6534
-6738
-6432
-5374
-4105
-3240
-3127
-3394
-3423
-2876
-1905
-993
-660
-766
-868
-710
-220
317
551
467
373
501
821
1211
1444
1367
1091
938
1147
1542
1876
1800
1551
1350
1274
1529
1768
1834
1709
1497
1386
1430
1690
1738
1655
1736
1588
1379
1117
568
64
-298
-335
65
534
739
443
88
-125
-134
148
199
266
409
648
966
1037
1032
864
411
-266
-1063
-1825
-2264
-2325
-2108
-1886
-1944
-2256
-2659
-2793
-2405
-1692
-953
-780
-1292
-1808
-1852
-1307
-769
-567
-702
-751
-431
198
958
1613
1955
2004
2052
2579
3567
4416
4756
4537
4107
4038
4470
5126
5565
5596
5356
5170
5266
5672
6204
6230
5833
5338
5072
5006
4933
4452
3497
2415
1606
1339
1127
912
425
-284
-934
-1246
-1398
-1511
-1843
-2519
-3239
-3916
-4439
-4754
-5134
-5575
-5920
-6053
-5813
-5327
-4972
-4874
-5029
-5250
-5258
-5162
-4927
-4786
-4632
-4440
-4237
-3888
-3440
-3025
-2620
-2198
-1950
-1605
-1285
-1266
-1296
-1363
-1362
-1102
-667
-298
-144
-203
-353
-436
-410
-412
-450
-443
-217
209
677
1049
960
743
639
690
1105
1489
1869
2133
2214
2340
2335
2269
2173
1869
1421
1200
1159
1362
1738
1988
2143
1964
1792
1557
1445
1412
1421
1431
1373
1186
845
526
226
50
48
119
279
433
418
359
343
255
170
-64
-473
-877
-1369
-1622
-1541
-1205
-1093
-1172
-1349
-1507
-1422
-1257
-1044
-1026
-1012
-1257
-1448
-1445
-1159
-942
-942
-1000
-1086
-880
-393
242
891
1500
2056
2492
2795
3063
3158
3222
3185
3192
3355
3578
3768
3929
4114
4128
4323
4620
4927
5038
4828
4377
3803
3427
3240
3067
2851
2521
2238
1883
1676
1443
1120
788
452
11
-434
-917
-1464
-1935
-2473
-2740
-3122
-3322
-3605
-3779
-3927
-4168
-4356
-4595
-4741
-4892
-4812
-4577
-4430
-4323
-4293
-4420
-4435
-4260
-3941
-3658
-3451
-3372
-3322
-3221
-3222
-3223
-3105
-2885
-2546
-2151
-1877
-1774
-1665
-1495
-1200
-833
-491
-263
-97
-141
-187
-213
-250
-161
136
614
1016
1299
1493
1568
1576
1613
1539
1434
1384
1527
1856
2148
2438
2454
2262
2083
1961
1728
1457
1379
1536
1901
2269
2557
2604
2446
2015
1591
1237
1187
1275
1277
1222
1187
1013
804
635
491
422
400
486
544
640
613
517
228
-129
-361
-616
-696
-788
-854
-802
-698
-696
-775
-920
-1078
-1239
-1313
-1459
-1504
-1601
-1688
-1838
-1711
-1575
-1407
-1284
-1257
-1027
-851
-639
-298
267
808
1421
1850
2235
2457
2633
2709
2790
2947
3222
3442
3699
3986
4157
4220
4048
3784
3484
3117
2866
2834
2960
2988
2811
2573
2328
2021
1721
1415
1004
642
316
31
-381
-815
-1188
-1589
-2038
-2438
-2627
-2649
-2572
-2563
-2742
-2848
-2896
-2903
-3075
-3103
-3152
-3283
-3410
-3553
-3636
-3614
-3516
-3414
-3390
-3372
-3222
-3063
-2901
-2753
-2511
-2313
-2201
-2225
-2308
-2243
-2044
-1796
-1557
-1434
-1560
-1543
-1463
-1334
-1061
-682
-304
-224
-224
-287
-190
120
476
700
763
789
897
998
1093
1128
1004
957
1018
1094
1160
1373
1563
1560
1576
1663
1638
1694
1550
1482
1460
1411
1379
1282
1298
1365
1470
1429
1262
1097
1103
1170
1223
1272
1163
1029
856
823
805
825
829
767
619
454
286
302
282
202
122
-7
-126
-137
-48
-13
139
85
-124
-320
-443
-510
-607
-810
-1051
-1166
-1063
-877
-618
-562
-738
-975
-951
-764
-531
-311
-35
304
704
1197
1592
1986
2217
2214
2230
2137
2127
2201
2258
2286
2144
2093
1950
2079
2154
2114
2113
1835
1544
1181
961
1039
1257
1458
1359
1197
1035
665
283
-128
-386
-511
-564
-696
-926
-1079
-1403
-1626
-1859
-2072
-2163
-2122
-2139
-2127
-2190
-2392
-2526
-2634
-2505
-2233
-1901
-1754
-1826
-1839
-1855
-1803
-1768
-1964
-2190
-2509
-2744
-2708
-2387
-2016
-1776
-1565
-1556
-1690
-1717
-1726
-1735
-1624
-1613
-1444
-1230
-904
-633
-459
-629
-812
-853
-668
-459
-187
144
345
544
422
272
268
328
564
741
869
940
986
952
977
1039
995
1011
1135
1344
1613
1766
1692
1640
1465
1388
1327
1271
1299
1351
1342
1495
1737
1905
2135
2063
1939
1623
1185
855
540
620
706
930
989
942
777
451
302
63
-107
-131
-71
72
305
435
458
200
-269
-544
-729
-862
-946
-976
-1000
-876
-798
-877
-861
-895
-913
-896
-879
-734
-463
-262
-240
-64
130
252
314
308
488
677
1062
1522
1823
1953
1843
1702
1593
1674
1850
2177
2347
2146
1764
1403
1217
1210
1241
1059
830
743
660
727
877
875
608
294
53
21
46
28
-41
-233
-437
-523
-542
-656
-825
-1008
-1203
-1463
-1723
-1935
-1881
-1630
-1527
-1409
-1471
-1686
-1854
-1871
-1660
-1742
-1971
-2195
-2312
-2276
-2230
-2176
-2285
-2476
-2615
-2613
-2567
-2463
-2320
-2260
-2266
-2220
-1986
-1658
-1297
-1225
-1168
-965
-950
-762
-472
-317
-122
149
419
598
700
646
672
776
869
1020
1061
1041
838
548
265
200
336
576
984
1312
1366
1396
1479
1565
1467
1473
1525
1667
1799
1927
2083
2176
2153
1911
1491
1061
936
812
921
1040
1108
1031
849
672
689
837
931
1020
1113
1009
770
549
513
601
537
168
-271
-555
-757
-748
-707
-726
-810
-916
-938
-773
-682
-506
-660
-937
-969
-809
-572
-354
-410
-736
-869
-904
-719
-379
-93
158
408
483
576
629
737
771
732
712
833
1057
1337
1549
1674
1730
1626
1457
1317
1119
1025
999
1037
1028
1002
941
782
688
527
364
75
-115
-300
-216
46
172
260
196
61
-206
-320
-291
-328
-351
-459
-502
-664
-940
-1225
-1326
-1416
-1583
-1633
-1769
-1705
-1732
-1751
-1876
-1984
-2010
-2059
-2054
-2033
-1813
-1847
-1886
-1810
-1797
-1814
-1745
-1694
-1712
-1692
-1571
-1332
-1060
-816
-636
-663
-781
-857
-782
-584
-422
-162
-66
-40
-35
27
139
139
203
326
482
577
661
807
1025
1217
1306
1198
953
818
790
882
1014
1112
1283
1496
1643
1543
1547
1469
1370
1289
1126
1097
1096
1106
1130
1132
1164
1237
1196
1078
804
580
475
503
417
327
295
326
526
754
957
716
406
64
-192
-272
-324
-299
-199
-249
-276
-622
-941
-1176
-1378
-1331
-1223
-962
-607
-472
-507
-618
-816
-1000
-1092
-998
-983
-963
-877
-689
-465
-37
307
635
872
881
809
590
466
521
810
1059
1309
1405
1435
1423
1512
1655
1847
2028
2139
2183
2063
1873
1545
1229
1006
940
932
935
1014
1136
1131
1134
900
472
205
-37
-186
-251
-363
-483
-573
-714
-840
-1027
-1161
-1256
-1423
-1537
-1705
-1925
-2029
-2081
-2135
-2033
-1875
-1639
-1527
-1744
-2008
-2404
-2580
-2526
-2301
-2037
-1756
-1639
-1523
-1544
-1649
-1780
-1965
-2104
-2004
-1693
-1207
-690
-345
-243
-429
-731
-891
-770
-576
-218
163
238
202
176
254
466
762
1021
1143
1086
989
988
1038
1113
1255
1374
1587
1604
1489
1353
1220
1324
1447
1374
1156
934
629
560
697
978
1227
1296
1398
1318
1151
866
579
413
298
324
433
726
895
1036
1108
982
850
650
369
96
-239
-468
-536
-490
-443
-402
-552
-759
-1033
-1287
-1134
-1037
-929
-710
-553
-499
-513
-535
-618
-729
-843
-918
-876
-808
-653
-590
-604
-439
-310
-10
322
719
1003
1105
1034
919
921
926
1005
1106
1329
1505
1575
1650
1827
2083
2322
2266
2002
1563
1219
1281
1476
1700
1854
1651
1306
889
580
393
327
229
55
-67
-161
-191
-303
-447
-502
-587
-715
-744
-919
-1159
-1414
-1679
-1871
-2058
-2191
-2219
-2018
-1576
-1227
-1122
-1430
-1756
-2040
-2167
-2164
-2221
-2307
-2344
-2110
-1895
-1637
-1385
-1154
-1071
-1258
-1398
-1454
-1357
-1167
-886
-618
-485
-382
-367
-375
-338
-348
-348
-312
-246
-112
-72
13
50
131
294
299
411
540
613
778
985
1122
1108
1103
1024
974
985
1192
1441
1636
1693
1493
1125
739
588
557
635
861
1135
1335
1384
1196
836
494
491
580
713
825
783
684
468
278
141
-11
-103
-313
-650
-856
-940
-919
-820
-659
-446
-259
-152
-316
-701
-1197
-1520
-1518
-1438
-1230
-949
-699
-388
-92
-10
127
257
402
391
494
870
1269
1559
1786
1815
1791
1816
1892
2046
2201
2187
1978
1727
1582
1510
1572
1706
1860
2132
2322
2335
2026
1633
1301
994
744
629
490
356
166
-72
-311
-484
-601
-448
-268
-231
-340
-700
-1118
-1647
-1895
-1937
-1732
-1494
-1287
-1169
-1368
-1597
-1713
-1710
-1796
-1854
-1961
-2106
-2294
-2389
-2357
-2231
-1930
-1658
-1648
-1543
-1403
-1249
-1129
-949
-816
-783
-916
-989
-1000
-838
-654
-525
-396
-455
-504
-655
-742
-740
-627
-428
-167
37
112
69
28
41
35
-91
-104
-59
17
69
128
266
518
716
775
718
414
89
-217
-367
-306
26
686
1255
1544
1667
1549
1365
1234
1244
1347
1404
1347
1174
972
785
739
785
675
538
354
108
-102
-542
-843
-953
-835
-604
-479
-435
-401
-393
-433
-489
-623
-694
-878
-946
-813
-580
-233
49
206
316
412
531
763
1043
1437
1856
2152
2418
2562
2476
2319
2035
1885
1820
1768
1708
1666
1725
1924
2185
2316
2307
2211
2054
1951
1716
1347
1066
940
945
952
732
527
245
-102
-424
-594
-584
-409
-254
-178
-287
-670
-1211
-1740
-2092
-2233
-2112
-1893
-1708
-1722
-1840
-1953
-2122
-2189
-2177
-2178
-2181
-2159
-2037
-1881
-1924
-2062
-2148
-2075
-1967
-1727
-1555
-1537
-1454
-1368
-1230
-1089
-924
-713
-737
-869
-948
-913
-741
-412
-42
72
-1
-199
-334
-515
-607
-407
-225
-85
-32
56
218
386
466
506
532
428
273
18
-196
-230
-99
161
504
775
795
624
497
323
290
470
602
963
1117
1058
1010
714
681
877
1084
1144
894
404
-152
-579
-733
-733
-532
-346
-260
-81
-104
-199
-164
-191
-410
-457
-472
-405
-294
-242
-106
-87
-118
-193
-179
-46
35
293
578
822
1281
1815
2292
2691
2779
2528
2304
2044
2026
2258
2599
2880
2980
2867
2645
2462
2411
2416
2301
2043
1828
1797
1899
2145
2187
2011
1659
1203
703
405
252
207
153
-156
-444
-634
-779
-818
-911
-997
-1344
-1781
-1957
-2058
-2203
-2296
-2412
-2640
-2731
-2807
-2843
-2931
-2978
-2924
-2911
-2837
-2716
-2434
-2120
-1961
-2104
-2247
-2357
-2465
-2257
-2095
-1801
-1524
-1403
-1303
-1251
-1185
-872
-605
-402
-328
-308
-253
-237
-62
214
571
921
1139
1165
1110
1049
894
799
633
488
344
206
16
-13
49
64
177
217
202
303
481
694
807
704
707
664
735
614
257
-84
-252
-307
-144
263
655
701
530
349
102
-11
-257
-427
-547
-768
-996
-1194
-1280
-1200
-1075
-749
-297
113
256
193
-2
-110
-286
-649
-996
-1220
-1016
-817
-484
-141
-4
21
101
177
439
744
1039
1686
2509
3141
3622
3817
3667
3424
3184
2912
2556
2471
2650
2935
3335
3617
3587
3285
2808
2445
2287
2175
2115
2197
2398
2647
2667
2255
1554
757
233
28
-257
-232
-166
-118
-165
-443
-763
-1360
-1887
-2223
-2346
-2179
-2030
-2035
-1931
-2008
-2364
-2982
-3650
-4046
-4089
-3835
-3735
-3637
-3441
-3262
-3083
-2844
-2457
-2208
-1997
-2019
-1990
-1723
-1389
-1323
-1393
-1433
-1496
-1446
-1414
-1281
-1079
-726
-378
-216
-280
-434
-579
-431
36
555
926
962
947
910
696
327
5
-46
240
666
1081
1365
1259
-66
-1784
-1963
-1415
-633
86
742
1187
1466
1418
1278
1120
984
1103
1160
1239
1198
1221
1199
1080
1240
1519
1442
912
185
-591
-1281
-1916
-2629
-3301
-3552
-3124
-2255
-990
-54
257
-2
-584
-1002
-1549
-2170
-2964
-3551
-3820
-3569
-2782
-2022
-1514
-1501
-1879
-1988
-1705
-1136
-692
-312
-49
-323
-111
761
1904
3255
3807
3904
3389
2915
3116
3718
5501
8856
13131
16875
18212
16937
14582
12372
10950
10351
9840
8478
7035
5535
3465
800
-1807
-1846
-1787
-3472
-4527
-4352
-2204
243
791
-1409
-6573
-12644
-18045
-20789
-19631
-16420
-12445
-8811
-7139
-8593
-11379
-11777
-9095
-6499
-7690
-13279
-20093
-21444
-15502
-7009
3105
13331
19675
20955
18735
16968
17927
21234
22247
17470
8247
-2016
-9556
-12142
-9436
-4246
1207
5862
7689
6300
4697
4888
6443
5707
1138
-3291
-4011
-1140
1131
1484
649
-1365
-5189
-9607
-12935
-14652
-13891
-12000
-10352
-9219
-8367
-8051
-7544
-6425
-4326
-2518
-4181
-8677
-13882
-17120
-17695
-18369
-20578
-22080
-19895
-12981
-3637
4564
10501
14935
18950
22394
24282
23740
21504
18996
17036
16097
16060
16924
18514
19577
19615
19573
20096
20726
19749
15737
9315
2633
-2684
-6861
-11034
-15752
-19538
-20227
-17418
-12490
-7719
-3786
60
3971
7660
10437
11588
10925
8922
6404
4733
4684
5475
5917
5010
3157
2187
2646
3315
2343
-1222
-5795
-9294
-11242
-12729
-14819
-17367
-18916
-18365
-15975
-12963
-10746
-9848
-9890
-10075
-10029
-9746
-9613
-9930
-10606
-10577
-8622
-4583
-18
2967
3689
3343
3724
5003
5158
2662
-2000
-6690
-9595
-11045
-12106
-13479
-14712
-14859
-13673
-11565
-9244
-7510
-6936
-7108
-7281
-6775
-5350
-3816
-2822
-2025
-268
2717
6150
8532
9279
9139
8947
8981
8860
8172
6719
5399
4719
4806
5133
4508
1840
-3869
-11629
-18719
-22818
-23728
-23758
-24867
-25308
-22099
-14291
-4151
4391
9821
13454
17329
21780
25261
26048
24030
20661
17396
15014
13504
12492
11788
11244
10561
10067
9779
8931
6422
1340
-5664
-12450
-17208
-19864
-21762
-23655
-24180
-21075
-13669
-4138
4596
10871
15267
19055
22291
24030
23305
20220
16136
12565
10224
9041
8398
7590
6370
5014
3885
2950
1556
-1360
-6122
-11848
-17075
-20799
-23017
-24189
-24332
-22441
-17643
-10495
-2514
4644
9879
13376
15727
16735
16080
13682
9697
5091
1077
-1568
-2629
-2597
-2410
-2632
-3100
-3506
-3774
-4935
-7841
-12061
-15995
-18072
-17750
-15967
-13726
-11042
-7610
-3141
1526
5059
6399
5739
3761
1259
-1316
-3611
-5299
-5806
-4790
-2226
1344
5047
7852
8870
7916
5554
2551
-968
-4842
-8696
-11763
-13013
-12239
-10201
-7716
-5558
-3504
-1200
1234
3104
3506
1651
-3265
-10738
-18596
-24202
-25843
-24814
-23558
-21695
-16964
-7884
3930
14493
21232
24442
25981
26763
26223
23345
18277
12682
8238
5864
5385
6006
7340
8927
9973
10294
9891
8509
5475
-256
-8336
-16563
-22183
-24088
-23408
-21405
-17903
-11434
-1594
9452
18446
23336
24692
24112
22428
19517
14884
8958
3145
-1091
-3094
-2922
-1456
140
1066
1016
266
-882
-3030
-6943
-12595
-18522
-22648
-24247
-23698
-21791
-18219
-12092
-3588
5587
13192
17917
19932
19857
18038
14550
9716
4403
-339
-3968
-6208
-6813
-5887
-4115
-2716
-2418
-3179
-4483
-6098
-8566
-11868
-14658
-15161
-12631
-7981
-2765
2336
7288
11779
14471
14214
10943
5780
224
-5041
-9527
-12392
-12998
-11237
-7535
-3005
1425
5261
7493
7275
4811
733
-3436
-6708
-9123
-10460
-10132
-7968
-4442
-1065
953
1663
1629
1843
2390
2676
1944
-573
-5852
-13959
-22001
-26844
-26688
-23248
-20394
-18003
-12922
-3614
8267
18143
23095
24321
24358
24557
24047
21292
16452
11430
8186
7310
8163
9614
10934
11653
10724
8324
5280
1614
-3077
-9665
-17526
-23623
-25224
-22056
-16464
-10775
-4916
2624
11947
20483
25176
25010
21744
17828
14261
10757
6679
2314
-1024
-2439
-1865
7
1852
2358
766
-2623
-6646
-10193
-13273
-16920
-21194
-24411
-24026
-19281
-12409
-6343
-2250
1040
5284
10416
14240
14777
12252
8600
5888
4885
4445
3379
1643
-117
-1197
-1509
-1768
-3452
-7285
-12390
-16688
-18160
-16453
-13400
-10602
-7721
-3342
3100
9532
13195
12946
10068
6908
4345
1808
-1356
-4794
-6906
-6522
-3743
-187
2587
3937
3841
3012
2044
664
-1734
-5303
-9093
-11155
-10504
-7586
-4240
-1970
-604
741
2284
3497
3492
2285
980
410
869
1908
2545
1705
-1864
-9018
-17912
-24994
-27488
-25812
-23636
-22330
-18951
-10675
1859
14105
21740
24687
25506
26097
26052
23787
18954
13237
8857
6811
6809
7819
8972
9592
8796
6510
3558
200
-4036
-10040
-17344
-23105
-24336
-20586
-14280
-7994
-1953
5290
13996
21939
26156
25581
21701
16994
12696
8674
4488
357
-2716
-3920
-3224
-1292
588
858
-1422
-5911
-11011
-15133
-18084
-20726
-23283
-24121
-20868
-13259
-3852
4032
8935
11816
13528
14019
12207
7434
1636
-3230
-6123
-6384
-5034
-2995
-350
1875
3023
3285
2220
-626
-5112
-10530
-14774
-15961
-14049
-10351
-6111
-1340
4278
9744
13181
13259
10162
5795
1666
-1832
-4647
-6272
-6215
-4204
-717
3145
6276
7691
6973
4209
293
-3607
-6954
-9782
-11937
-12408
-10185
-5629
-574
2984
4426
4611
4320
3635
2266
384
-1034
-1653
-1484
-895
-17
1177
2375
3040
1924
-2411
-10501
-19884
-26600
-28138
-25712
-22773
-19858
-14074
-3740
9138
19817
25373
26711
26083
24788
22336
17969
12340
7169
3960
3135
4232
6303
8243
8799
7052
3470
-688
-4974
-9971
-16218
-22204
-24596
-21337
-13625
-4817
2945
9966
17073
23515
27081
26206
21490
15128
9124
4279
503
-2346
-4170
-4699
-3996
-2321
-420
308
-1469
-6031
-12056
-17303
-20422
-21609
-21637
-20111
-15358
-6732
3943
13250
18749
20387
19318
16322
10980
3505
-4759
-11957
-15840
-16178
-13765
-9330
-4569
-663
2065
3218
2907
1298
-1823
-5728
-8501
-8796
-6316
-2219
1767
5212
8035
10018
10161
7553
2633
-2943
-7324
-9581
-9615
-7892
-4468
264
5381
9849
12447
12461
9713
4670
-1329
-6696
-10326
-12153
-12527
-11140
-7824
-3038
1970
5230
6270
5874
4620
3322
1875
214
-836
-987
-524
462
1178
1636
2174
2441
2041
-267
-6236
-15374
-24154
-28618
-26976
-22241
-18057
-13489
-5776
5320
16647
23769
25543
24105
21665
19065
15652
11132
6660
3656
2724
3729
5843
7957
8819
7077
2603
-3015
-8105
-12447
-16962
-21613
-23745
-20242
-11133
-52
9159
15673
20680
24846
26976
25354
19870
12378
5372
335
-2537
-3621
-3506
-2907
-2219
-1644
-1210
-1511
-3789
-8627
-14855
-19810
-21238
-19022
-14894
-10024
-4015
3675
12079
18592
21129
19504
15160
9602
3625
-2758
-9074
-13931
-16446
-15868
-12779
-8667
-4673
-1975
-903
-650
-802
-1256
-1908
-2704
-2695
-818
2649
6336
8707
8979
7681
5383
2194
-1856
-6367
-10063
-11509
-10232
-6695
-2012
2708
6834
9793
11139
10583
8128
3967
-1001
-5460
-8259
-8837
-7813
-6069
-3913
-1377
1272
3311
3779
2738
903
-782
-1581
-1413
-427
986
2421
3603
4110
4019
3271
2145
915
-435
-2276
-5755
-12434
-20976
-27386
-28225
-23310
-16887
-11924
-6623
1290
11086
19313
22735
21896
19345
16918
14750
12161
9239
6873
5726
5706
6464
7307
7319
5380
694
-5623
-11189
-14647
-16541
-18091
-18741
-15818
-8053
2368
11455
17093
19966
21561
22180
20814
16837
11060
5404
1349
-663
-892
-191
325
-265
-1993
-4078
-6053
-8436
-12140
-16694
-19896
-19441
-14994
-8479
-2044
3661
9006
13900
17202
17577
14911
10142
4659
-592
-4943
-8139
-10333
-11522
-11996
-11348
-9496
-7381
-5969
-5717
-5744
-4742
-2512
131
2448
4368
6470
8672
9845
9280
6935
3375
-415
-3953
-6857
-8630
-9025
-7930
-5495
-2102
1679
4968
6747
6843
5782
4289
2745
777
-1547
-3399
-4022
-3325
-2143
-1405
-1275
-1295
-1192
-1150
-1205
-1218
-933
-49
1304
2758
4220
5030
4990
4253
2979
1677
197
-1374
-2458
-2620
-2511
-3997
-9664
-18767
-26456
-28431
-24102
-17889
-13618
-9085
-1138
9510
18995
23449
23154
20811
18185
15566
12571
9393
6723
4913
4068
4426
5673
6421
4886
228
-5949
-10805
-13365
-14762
-16308
-16970
-13772
-5928
3902
12008
16731
19003
20014
19926
18152
14515
9733
4982
1289
-544
-309
863
1217
-248
-2957
-5376
-7069
-9176
-12576
-16422
-18144
-15993
-10671
-4269
1560
6444
10504
13465
14640
13672
10710
6228
1194
-3170
-5721
-6669
-6996
-7447
-8267
-8437
-7599
-6984
-7243
-7804
-7707
-5674
-2161
1227
4192
6700
8465
9250
8505
6205
3003
-654
-4101
-6540
-7415
-6675
-5163
-3471
-1426
1023
3365
4641
4206
2695
1348
665
372
-106
-759
-1101
-1037
-885
-1000
-1502
-2089
-2558
-2867
-2742
-2036
-960
68
959
2040
3473
4969
5654
5247
3989
2325
622
-868
-1723
-1615
-1309
-2428
-6794
-15119
-23828
-28344
-26927
-21581
-16361
-11539
-4274
5647
15313
21341
22560
20836
18242
15511
12854
10451
8409
6952
6169
6288
7385
7966
6309
1704
-4674
-10147
-13360
-15069
-16253
-16328
-13314
-6418
2303
9840
14548
16655
17104
16475
14865
12454
9460
6282
3847
2906
3607
4765
4479
1919
-2050
-5797
-8645
-11244
-14194
-16691
-16989
-14151
-8880
-3005
2069
5873
8418
9783
10002
9100
7045
3990
658
-1697
-2415
-2417
-2855
-4220
-5939
-6755
-6782
-7034
-7607
-7851
-6937
-4348
-1061
1812
3982
5219
5543
5135
3929
2122
-69
-2414
-4090
-4385
-3371
-1904
-896
-383
325
1453
2431
2557
1783
910
659
959
1410
1442
872
-37
-1102
-1978
-2500
-2994
-3637
-4145
-3970
-2798
-984
588
1520
2175
2714
3137
3328
3129
2580
1818
728
-440
-1075
-865
-158
-276
-3543
-10942
-20303
-27203
-28029
-23632
-17990
-12734
-6173
2649
11946
18459
20460
19048
16201
13241
11071
9992
9626
9368
8936
8901
9671
10132
8360
3367
-3615
-9754
-13233
-14537
-14817
-14067
-11096
-5425
1516
7557
11296
12508
11886
10503
9444
9144
9058
8534
7715
7483
8259
8964
7751
3953
-1287
-6127
-9545
-11827
-13306
-13876
-13163
-10821
-7068
-2818
951
3308
3799
3536
3603
4041
4283
3737
2638
1917
1992
1846
679
-1411
-3888
-5854
-6810
-7038
-6705
-5805
-4519
-2726
-673
1008
1746
1338
277
-613
-1010
-1171
-1350
-1516
-1340
-650
182
576
309
-318
-755
-686
-135
532
1065
1372
1586
1820
1889
1427
220
-1390
-2776
-3527
-3628
-3477
-3301
-2874
-2166
-1243
-418
84
219
187
436
1118
2072
2854
3074
2589
1614
590
-70
90
510
-323
-4165
-11844
-21027
-27298
-27710
-23215
-17167
-11490
-5163
2567
10159
15307
16882
15666
13409
11532
10947
11838
13234
13925
13577
12827
12262
11093
7847
2136
-4416
-9329
-11389
-11295
-10324
-8805
-6403
-2969
799
3794
5366
5400
4609
4365
5691
8331
10859
12097
12098
11677
11126
9751
6694
2086
-2866
-6628
-8412
-8627
-8031
-7428
-7096
-6599
-5643
-4505
-3771
-3891
-4450
-4242
-2749
-336
1902
3110
3309
3024
2566
1953
1050
-267
-1523
-2230
-2143
-1473
-947
-1078
-1682
-2306
-2806
-3162
-3737
-4483
-4733
-4221
-3106
-1826
-919
-486
-324
-161
169
545
746
756
823
1207
1915
2504
2514
1969
1224
569
-40
-758
-1647
-2393
-2560
-2295
-1989
-1956
-2434
-2924
-3013
-2670
-2110
-1641
-1258
-641
346
1433
2298
2305
1726
909
487
854
1577
1631
-11
-4570
-12147
-20570
-26411
-27168
-23555
-17774
-11377
-4336
3151
9290
12925
14220
13854
12697
11902
12181
13651
15380
15914
15076
13530
11632
9044
5158
471
-3428
-5412
-5662
-5050
-4189
-3198
-2106
-1206
-578
-168
56
184
676
2300
5224
8468
10650
11227
10637
9532
8095
6112
3599
1012
-1048
-2077
-2216
-1819
-1556
-2023
-3172
-4568
-5719
-6492
-6926
-6919
-6306
-4931
-3116
-1456
-390
187
511
959
1509
1746
1845
1828
1691
1572
1287
490
-623
-1934
-3267
-4166
-4809
-5263
-5489
-5499
-5111
-4330
-3523
-2877
-2372
-2049
-1624
-1050
-541
-232
-113
-114
90
401
555
495
93
-394
-742
-894
-910
-971
-1112
-1319
-1446
-1498
-1472
-1420
-1487
-1543
-1491
-1302
-1091
-846
-845
-918
-767
-214
842
1631
1849
1956
2498
3487
4568
5136
4557
1988
-3047
-9331
-15450
-19915
-21701
-20724
-17100
-11932
-6710
-1913
2089
4770
6364
7052
7696
9220
11194
13315
15299
16522
16597
15371
12820
9704
6509
3636
1663
743
792
1445
2166
2446
2200
1403
238
-983
-1780
-1609
-626
930
2660
4169
5229
5534
5132
4333
3423
2675
2317
2311
2530
2848
2750
2040
900
-557
-2044
-3561
-4860
-5514
-5677
-5489
-4975
-4451
-3923
-3250
-2798
-2256
-1635
-1148
-632
-218
116
433
514
273
-135
-823
-1541
-2208
-2888
-3283
-3522
-3587
-3396
-3063
-2605
-2126
-1745
-1455
-1177
-978
-842
-787
-818
-931
-1235
-1561
-1932
-2133
-1974
-1664
-1257
-848
-524
-335
-144
14
95
152
106
78
39
13
131
265
223
-172
-727
-1209
-1490
-1486
-1352
-950
-406
396
1575
2795
4013
5387
5846
4021
143
-4520
-8575
-11545
-13739
-14621
-13738
-12067
-10224
-8296
-6288
-4038
-2118
-968
-27
1189
2697
4479
6522
8856
10756
11248
10632
9657
8652
7736
6975
6557
6667
6960
6932
6763
6389
5610
4430
3047
2064
1770
1756
1909
2299
2605
2478
1905
1174
675
240
-319
-418
-105
448
972
1034
992
944
594
105
-82
131
574
1053
1387
1621
1527
1067
528
161
-6
-242
-613
-901
-936
-1058
-1272
-1537
-1789
-1889
-1824
-1488
-926
-437
-272
-307
-427
-604
-973
-1426
-1730
-1772
-1748
-1790
-1951
-2065
-2224
-2517
-2850
-3281
-3658
-3988
-4037
-3803
-3398
-2972
-2666
-2429
-2202
-2175
-2405
-2657
-2652
-2561
-2665
-2766
-2738
-2526
-2199
-2092
-2456
-3051
-3255
-2894
-2005
-1192
-727
-573
-680
-1144
-1925
-2207
-1728
-85
2544
4725
5364
4233
1978
-462
-2931
-5220
-6264
-5709
-4423
-3663
-3829
-4129
-4218
-3615
-1837
358
2125
2954
3068
3401
4359
5072
5016
4538
4075
3870
3905
4451
5326
5818
5851
5816
5912
5910
5577
5116
5132
5665
6016
5874
5399
4899
4575
4494
4685
4840
4552
4078
3813
3931
4044
3777
3400
3251
3331
3396
3280
2963
2660
2175
1393
556
-318
-1421
-2510
-3070
-3068
-2907
-3154
-3953
-4962
-5711
-6149
-6417
-6361
-6171
-6295
-6575
-6674
-6702
-6634
-6304
-5358
-4085
-3479
-3456
-3400
-3456
-2994
-2852
-2867
-2640
-2002
-618
-303
-742
-886
-1346
-1455
-580
-117
186
-980
-2977
-3102
-3132
-2557
-1241
-825
-1104
-1034
-707
-867
-778
220
1975
3110
3592
3743
3113
3333
3180
3406
4090
3619
3896
3753
3306
2968
2234
1542
1036
466
220
-390
-1356
-1611
-2025
-2097
-2884
-3573
-3645
-4173
-3771
-3997
-4509
-4304
-4047
-3573
-2606
-1737
-786
-156
-18
1142
1661
1754
1488
1421
1839
2149
2830
3751
4116
4005
3957
3790
4102
4356
4299
4486
4525
4453
4012
3045
1857
1256
1270
1175
1208
1260
1249
1069
668
627
834
1166
1462
1480
1663
1534
1425
1502
1135
912
1166
1411
1159
1270
1032
1116
942
912
1784
1352
1688
1767
966
-203
-560
-600
-1303
-1579
-1697
-1491
-2243
-2160
-2003
-2705
-3317
-3939
-3485
-3919
-4316
-3635
-3461
-2813
-3045
-2970
-4160
-4524
-3376
-4021
-3069
-2643
-2255
-2045
-2673
-3194
-2107
-2101
-2176
-371
-853
-117
-88
-974
-1263
-1376
-1573
-1439
-925
-211
-113
-639
-729
-1162
-289
-355
61
460
438
509
290
-207
17
1002
986
1335
851
775
910
842
576
1525
2223
1907
1896
2312
1639
1154
1450
2183
2180
1929
1489
1210
1450
1231
2444
2058
1593
1991
1492
1650
1358
1442
1792
1248
1063
621
729
774
544
1733
1772
1597
1426
582
385
482
69
1158
1078
672
1451
734
393
665
726
424
271
-428
-539
-754
-1448
-868
-1249
-1672
-745
-1100
-993
-718
-873
-1146
-1268
-865
-1617
-1274
-986
-1816
-1238
-1265
-892
-113
-497
49
-296
-633
-679
-326
-350
-157
-852
-673
59
-709
-199
-177
-184
-594
-240
-161
51
309
-40
78
-218
-202
-164
91
232
530
575
397
485
-248
-839
-479
114
244
129
-180
153
-324
-682
205
-455
-600
273
-346
-607
-118
-722
-267
58
-830
592
113
-441
589
-361
-408
-99
-438
-387
211
-371
-430
40
-520
367
235
623
764
677
51
96
-95
-562
479
36
1161
1478
1770
1491
1550
731
109
491
4
124
502
378
-31
27
92
91
180
521
420
612
492
197
270
82
85
495
-249
-45
-175
-815
92
48
39
-325
-131
-671
-1045
-900
-1328
-364
-938
-417
-393
-291
-97
-304
413
-280
608
-240
91
-505
-863
-350
-426
-38
-51
47
-277
159
-435
-249
346
-321
358
-507
-44
189
-495
661
-153
65
279
-485
-293
-449
-269
-735
-431
-283
-448
-178
-459
224
-195
645
472
224
680
-161
-299
-181
-294
-222
344
134
278
521
642
961
966
382
896
141
335
668
129
790
124
964
569
305
725
211
806
14
2
-115
-73
-433
-323
-553
-365
-414
-841
-55
-750
-228
-441
-479
4
-591
-279
46
-259
-143
94
23
-262
-144
-271
-59
-332
-347
-127
-656
98
-572
349
104
-1
-261
-34
297
-345
1445
-58
1070
-136
16
-86
-494
641
124
1044
956
1267
1032
888
496
95
754
106
955
100
421
513
177
539
331
847
-46
298
-646
-106
-1102
-552
-466
-645
9
-636
-231
-492
-528
-777
-456
-893
-389
-950
-873
-919
-592
-1068
-585
-76
-1013
-408
-920
-813
-1107
-470
-1051
-206
-425
51
356
-328
217
151
615
-475
1189
-231
408
484
-470
144
66
118
-152
1090
-263
727
567
38
917
56
707
1020
1064
1020
1271
866
1266
752
440
660
-79
641
346
803
504
-13
-156
-573
-702
-398
-526
-40
382
432
490
46
567
-745
-161
-417
-1072
168
-210
-210
79
190
-237
-62
-178
-67
-109
175
-437
-148
5
-910
-148
-1199
-992
-1011
-1158
-174
-67
-474
263
-555
-332
59
-269
154
-276
-36
-277
8
245
344
459
1158
545
407
405
-7
134
-516
30
12
641
484
646
971
40
296
224
-100
244
84
333
303
-151
44
348
312
87
703
-421
96
-167
-512
-9
-368
-549
-400
-689
-1519
-540
-1088
-528
-608
-845
-188
-310
-727
-200
-256
-334
-59
135
98
287
-195
-188
117
-1028
461
-85
-72
422
307
268
210
32
302
130
153
1124
245
995
356
476
-79
147
-388
-112
758
-170
1181
-37
-103
-165
-470
-288
-520
-370
-397
-39
44
405
512
176
606
483
392
640
1199
710
1009
476
480
348
381
649
567
1043
696
101
-185
417
-512
-75
-406
-402
-652
-381
-941
326
-241
-270
71
151
-33
-228
-454
-752
-273
-974
178
-1055
-12
-365
-88
125
-183
-384
-291
-195
-384
138
-565
-180
326
-151
-108
578
-408
-224
-218
-82
603
-435
-49
-512
-379
-545
484
-509
-554
671
-828
355
205
284
-306
200
-785
-51
-339
-545
-390
-1100
-93
-216
-434
-325
329
-922
52
-249
103
252
368
162
1142
-140
76
572
-1213
881
53
798
513
-454
408
-542
-993
116
439
703
1035
757
908
200
355
303
-871
1104
-602
752
1060
-224
1409
346
441
1269
160
120
1107
-408
635
517
180
805
171
20
473
-161
-493
192
-352
-671
73
-958
-422
-551
-688
-68
-1177
330
-832
-311
772
-493
-246
293
-851
-302
-407
-505
-302
-502
-144
-763
146
-338
8
-769
-352
-852
-1143
-503
-1301
-414
-115
-84
480
806
911
743
482
538
270
-138
329
250
-118
240
-149
432
-20
592
496
-485
-64
-226
-246
28
176
-303
1364
-122
2117
369
376
1561
-722
1288
-462
1082
-453
514
-714
106
159
-69
186
-698
667
-763
600
-33
-639
-293
-356
-641
784
-1192
-246
-758
-208
-144
236
104
-141
1105
-945
988
-1377
606
-442
-469
730
-197
1030
366
316
-11
-528
-545
-783
-142
-397
92
12
263
-142
707
-347
-1042
330
-1149
-245
-807
243
-594
267
-345
-292
-687
-269
-414
269
-100
347
692
-30
903
-3
1420
-403
615
-222
752
1275
-322
1670
-115
738
-138
614
-1216
372
-888
-355
459
-1410
613
-1393
-842
-837
-822
-96
-1010
-352
-742
-1106
-627
-29
-624
-110
-471
-759
98
-1410
475
-166
891
415
457
659
406
1358
596
979
419
835
18
910
1362
1612
1714
443
461
555
-705
-467
470
-476
504
597
-3
816
-143
770
-126
415
-698
-44
-462
-1587
1253
-1481
1068
-133
-584
-366
-128
-264
-478
1053
-919
1209
-449
177
618
-366
102
-367
557
-416
323
379
-1043
70
-143
182
643
-126
-298
-386
-637
-499
28
-660
1149
-528
-66
-197
-944
-839
-1103
-61
-118
441
-22
594
-77
373
-634
-370
-418
-1440
483
-608
-395
530
-753
258
-341
-319
331
-714
523
-825
963
79
205
1017
-116
432
-127
-252
288
1061
-186
1315
-688
686
-301
-493
678
-743
824
276
442
839
68
362
400
175
70
-755
-1053
-876
-647
-735
357
692
-724
760
-468
-9
-67
-802
533
-192
763
1280
487
91
597
-334
312
-65
337
89
-117
404
21
1098
-622
1173
-727
239
-380
-800
230
-737
975
-1121
259
-1041
526
-198
-297
353
-216
353
-942
298
-736
553
-36
-729
320
-1781
178
-513
107
244
431
-369
-727
550
-1424
584
-286
176
-785
-666
121
406
228
1513
246
-597
236
-1704
908
-762
1574
1352
441
879
35
51
-248
-300
774
-348
-256
1421
-1259
41
526
-1013
336
-329
240
190
-252
509
-1057
111
-362
-892
-566
432
-720
479
1176
-406
146
-1345
-114
-22
-56
542
-278
-175
-54
-477
-323
883
617
380
914
421
449
347
652
263
-311
457
-525
-312
420
-194
1140
548
-494
217
37
-1094
357
-934
-184
123
-502
342
421
638
-637
865
-384
-314
146
-493
-643
113
-574
-475
-996
-376
958
99
930
813
178
813
348
348
779
143
-285
-254
-26
143
-246
376
-150
28
34
-1060
836
52
-51
978
126
690
650
-672
-1219
-1122
-2275
223
-1148
-111
581
-434
246
-444
-268
-763
256
-1039
-65
-565
449
-769
-144
441
-232
743
-115
131
-214
595
-1209
1377
131
664
1016
-69
215
155
1285
-1026
1356
-470
-659
-143
-615
-216
522
-485
353
857
-356
1421
215
-238
21
-1015
144
233
104
539
-751
417
-884
-908
-111
-1020
-305
-125
115
-388
1126
47
-85
1336
-1773
-1485
-717
-145
891
979
536
-238
-1365
-1996
-1368
-966
181
297
1445
233
368
454
-1182
106
-144
-74
806
312
677
876
1649
186
462
212
-283
535
101
814
336
347
-392
726
-184
526
944
917
1630
394
588
219
-97
111
504
439
463
-170
-399
381
1177
803
278
192
-560
-1361
-863
472
-385
1347
-15
287
-1305
-527
-649
-1212
-549
-601
214
-1764
861
-1957
-110
-896
-806
889
-1116
2101
-269
1083
146
87
547
-1840
-298
-2137
-878
-2096
152
-173
-785
125
-577
-197
-1119
310
-1511
331
333
-564
2066
-806
-174
1103
-1919
1586
136
-934
458
-1261
-838
47
40
515
1628
866
2953
507
160
266
-1165
549
207
1001
760
634
-397
678
-39
991
1419
264
1793
-1614
726
-529
-991
699
-1349
-757
150
-854
-80
300
-752
158
-919
545
-223
880
710
-794
-772
-867
805
-812
1176
224
-108
-1042
-1724
-593
-336
1930
-736
1087
-1792
-1087
-651
-1362
1881
-284
2453
194
1337
223
-1071
723
-1168
1272
318
1066
-250
468
-129
-849
94
-731
265
-1466
334
-234
-133
-408
-896
480
-337
1458
1486
359
417
-967
-1111
385
-191
199
577
408
587
392
1093
485
981
228
257
-794
1141
-675
31
771
-1660
665
-596
993
245
439
2255
-495
-691
-1259
-1197
-140
531
283
417
-1040
-2085
554
-1539
1592
734
116
-331
-1790
-639
-1293
1262
145
1604
-309
-236
-1304
-1540
-137
38
739
1191
895
110
316
-795
-74
-1558
395
-898
-938
-137
-1160
-181
225
983
302
925
-807
-346
-221
-1059
-303
213
673
240
74
9
-291
-732
-207
536
-71
680
535
-83
15
141
-132
341
218
1734
-604
1369
-38
-1018
1392
-1281
586
580
396
356
1217
-114
561
133
-493
453
-693
-741
-72
-44
1280
463
840
1362
-435
400
-275
-467
-322
-1746
-790
-1716
-1418
38
-641
927
1208
1407
688
539
-577
-760
-1076
-251
-1223
-625
315
-1881
537
-1003
320
510
496
-96
-546
-404
-377
1429
391
288
-424
-552
-1011
-151
-96
-192
506
690
779
18
854
42
219
974
-767
49
118
597
-122
-1055
-392
-1215
-173
1426
1672
921
537
-1156
-1641
-863
-375
-8
481
-31
373
9
-461
700
-80
-433
154
-779
921
1460
161
2183
-442
268
856
-633
1992
589
1945
1076
666
558
-1318
-1080
-1164
-701
-791
406
-311
525
193
-392
669
-1577
156
-1615
-1323
-1018
-1952
26
-439
1329
-41
894
-1162
763
-767
-484
1046
-2628
1001
-1451
-764
-124
-257
-630
1033
959
235
1827
-853
1352
-1494
209
-611
246
406
-256
841
-1703
1140
-1109
-631
416
-470
356
-489
146
-417
1043
917
835
1530
-547
608
-542
-720
597
108
188
307
54
-108
-580
697
-990
-147
1359
577
980
477
-1075
-368
222
-729
1954
620
121
2068
-1418
197
1048
-934
1157
847
-207
734
-213
-707
-281
378
-1349
-656
-648
-1745
1774
-274
1045
1176
-562
-287
-1059
-1430
-1491
-1072
-952
1415
-1227
414
337
-1012
-580
88
-946
-548
1310
-1372
1456
-1043
-572
191
-1292
845
52
222
-126
412
-736
1198
-1129
491
164
-2340
1014
-1505
1138
1230
1066
1683
-1336
-144
115
-3
864
-12
320
-735
505
90
626
1171
948
1006
-780
693
-954
33
332
1006
466
-84
784
-947
1301
1425
627
1882
-318
780
800
-15
1444
-310
-981
-1498
-1603
-878
65
-682
471
930
-1516
1318
-956
310
1117
-1119
1036
-1197
-1224
345
-1843
-316
-754
-282
-261
-380
-459
-1431
517
-1024
1026
-498
507
87
-794
100
-650
515
-1131
1142
294
357
706
59
-148
-767
-465
-427
-578
-511
-1438
-1280
-729
-467
1255
569
414
-517
114
118
966
965
1083
290
-1403
-360
-1222
1279
489
732
685
-1024
31
-1238
-625
-226
88
248
1059
586
475
2318
304
1779
1229
439
583
-370
-13
-1276
576
1301
1975
1353
1490
-1376
620
-1423
-1269
2055
-1239
1622
-462
-354
-1098
-1627
-457
-1408
-172
-240
74
-1050
-340
-892
-263
191
584
293
-821
630
-446
-1433
-264
-1176
-1108
593
-215
-522
542
-46
-1336
1197
-308
1027
1128
-426
287
1238
-819
1296
1130
-702
784
-1017
105
321
28
370
184
-55
121
203
220
-841
934
14
381
538
-1515
-713
-2335
-591
-1084
1256
163
1100
1467
-857
386
-1377
-1084
-598
180
-311
160
1286
-287
631
-822
-331
345
-2612
748
-574
14
875
955
977
698
474
-385
664
-1744
-471
-959
-262
602
-122
1640
118
1420
1401
833
1261
643
-158
-1690
-854
-1367
-310
981
450
564
811
1370
755
1088
1474
-158
173
-499
-1582
-231
984
-853
1072
-602
-617
-349
-1674
659
-268
-175
129
349
-1335
11
104
-794
196
-1300
-156
-114
462
-683
666
-426
-557
1880
-2401
1380
-848
-346
1750
-1216
851
-777
146
302
-217
-109
-1515
-1137
-857
-884
446
561
1735
1115
156
81
-808
-1686
-1473
-840
2
189
466
-215
1086
-113
619
223
-936
-91
-1563
-399
-371
838
887
1460
1141
-202
954
-739
-7
-59
-293
663
-805
803
-1177
-302
127
113
762
558
873
221
453
676
1148
253
476
825
-186
1846
315
1067
994
-574
712
132
-105
-342
-395
-193
-866
846
233
-328
-572
-964
690
-673
575
-967
-895
-402
-674
993
522
601
1122
692
279
104
-871
-199
43
-565
905
-174
101
-658
-1006
-3074
-1041
-1369
-999
311
-150
1465
-60
1201
-332
57
-666
182
101
118
1156
-1173
-482
-997
-878
-135
6
1071
-1161
415
-1305
-1536
-613
-1245
692
-621
621
425
522
308
1094
1147
162
299
-1607
178
-732
286
2155
-284
1479
1291
-1096
291
-1249
-814
-136
-871
461
-278
-97
-489
479
-914
568
-985
117
-225
-1288
304
-203
44
-425
587
-1226
915
345
506
897
248
874
-215
-1059
850
-101
-542
936
-457
-184
1150
832
425
1508
347
760
442
462
-173
-145
-669
-415
112
274
958
-149
1216
-826
755
-58
686
1079
-595
1038
-1520
41
-452
-133
639
1075
351
-91
-367
-1225
-788
-281
1410
787
1016
1236
-165
-223
-50
-1016
199
-952
245
-796
518
-94
-1093
480
-580
294
273
958
-962
-432
-698
-337
-86
-1604
811
-536
-504
161
-449
-1020
-1081
-677
-1124
97
-591
433
211
-48
800
1058
-424
636
14
-730
807
-696
689
-93
-628
-226
203
269
694
884
700
790
-234
529
495
60
559
-615
647
54
263
1577
-1048
729
-1661
-1583
-1428
-628
744
745
2675
-463
1713
-692
-563
483
-965
-128
-1842
-1351
-614
-195
-181
1411
-847
102
1161
-887
1532
-312
254
399
-1877
-345
-1043
-1069
207
-992
-380
735
-315
460
294
260
18
1
121
215
-222
-1281
2
-1586
-82
-739
56
-266
61
29
-617
591
-594
269
-798
326
-266
-300
686
-366
513
812
-75
537
449
365
627
923
1399
1066
1576
330
256
-96
-499
698
301
1177
439
1158
-363
828
619
255
633
-1028
936
-1299
683
951
-173
908
229
-340
519
81
233
94
-552
-229
-455
-11
-124
450
-186
-110
-112
-471
-416
-1191
-217
-1193
553
396
-177
322
-2071
861
-475
-78
1707
-2135
601
-1318
-1821
-451
-1262
-681
364
807
-156
152
-865
-305
331
384
561
818
-122
-58
-917
-589
-869
-1256
-607
-1201
633
-291
787
224
592
687
-679
-168
242
-794
304
-167
-523
213
-330
1009
-68
985
339
52
502
563
884
1674
563
146
1004
-453
991
-268
-129
689
-764
446
-255
936
-99
439
486
-689
287
-198
-359
-265
30
-469
-300
-343
-267
234
-159
-482
-56
377
-158
600
-166
-82
337
-2099
-106
-732
-878
41
321
1090
453
995
-171
660
-476
636
-12
-444
407
-1136
1415
-284
-169
98
-618
688
-286
-425
-1357
-469
-445
-1049
-272
-1503
-310
-277
93
1277
-631
466
-656
136
368
214
1354
709
422
722
-14
-712
207
-530
-980
582
-54
-62
976
-672
427
-301
1091
1293
-91
1851
71
240
146
-1243
-547
-581
-1223
158
-676
1035
1035
915
-429
-31
-589
-1188
1590
-655
1891
556
505
-649
-395
120
-1246
157
-42
-752
-803
206
-712
1486
121
857
853
-441
483
-570
-622
-829
493
51
443
-494
-696
806
-15
-172
235
-297
-49
-553
-419
-28
-328
74
-334
-218
-102
58
219
-867
-210
-861
-20
173
-256
1702
-590
1484
-1076
-333
-124
-1328
512
-340
-115
938
194
-297
221
-1769
68
172
-773
2048
-474
564
725
-1889
619
-684
-1197
386
-383
609
1781
843
1869
695
-218
-195
459
-514
218
748
-1481
1149
338
-450
1344
370
369
21
-170
-544
-612
-270
-667
437
261
-613
847
-127
194
243
-315
365
-532
394
-255
643
-110
-461
-45
-760
-171
-1416
712
-499
400
817
-532
355
-1240
-205
-1422
-20
-318
358
521
-366
411
-1028
-557
-276
-292
679
-96
501
165
-219
-451
-357
-820
-989
-646
-589
698
89
1438
660
950
135
-175
853
-485
951
873
326
583
-434
-387
-494
-692
-160
-199
1109
467
635
1007
-679
-460
404
-1091
-3
605
-721
765
-224
599
720
-255
467
-123
256
-714
125
-56
-320
-453
-220
-628
-133
434
-1114
788
-735
-272
660
-291
1129
-34
721
47
-502
653
-294
-676
-59
-383
-32
667
240
636
-355
-584
375
58
1238
370
590
136
-371
-374
20
-505
48
-151
-110
234
-241
800
-495
734
-10
441
405
-48
-149
-554
713
-28
-560
206
1116
1048
22
-537
-1117
-962
-382
-808
-263
667
634
998
-465
-1231
-714
-1552
-227
105
362
-85
577
-851
665
386
-2361
1725
-1189
-714
815
-1315
576
93
-214
-629
872
-2168
-150
-117
-891
1450
-1868
1005
-513
805
-119
64
322
-1066
-94
-1195
338
551
912
1459
505
-950
465
-1052
-132
184
331
278
-437
166
-251
-11
478
284
-279
-54
771
64
541
448
937
1028
-175
1082
25
-81
242
-361
-142
291
-395
476
758
-1035
2048
-955
-666
692
-459
1838
-588
921
-1388
-800
-758
-123
780
-399
1643
-719
1404
-172
-1007
-355
-599
-451
664
159
-113
1733
-648
1770
229
511
-377
-1004
-565
-801
797
-303
862
-1031
-178
-222
488
-556
226
407
-1073
70
44
-274
518
-136
-651
403
-718
103
-322
400
-527
-50
89
-481
-187
-847
-1029
-2067
-652
12
605
2009
-137
1080
271
221
-655
-91
-176
-696
165
-1787
-81
-1629
169
1000
773
1925
741
661
63
930
427
475
795
-38
734
-348
108
-344
-1364
-887
-497
-113
-107
1813
28
439
113
265
93
716
319
-834
1462
-1080
-179
-796
-898
-557
-137
216
266
-181
-426
-814
-1072
153
-630
384
6
-1068
1218
196
338
1133
-1293
-4
2
-1819
130
-498
-785
1008
-952
673
814
-848
344
407
16
1007
974
-432
-439
-844
-506
-859
-578
279
-847
63
983
-428
2130
-61
483
669
-1212
760
-348
1551
1146
889
711
-666
-353
-1368
1102
-644
-67
778
-968
311
-90
426
1452
115
334
395
-259
818
269
838
-823
879
-288
-154
420
256
-59
-611
-639
-761
759
-75
1633
-280
66
-979
-1201
704
-1298
417
-482
-1272
-463
-762
-932
-28
540
-551
979
-464
269
654
-891
-678
-978
-535
-25
-31
-518
152
214
-244
-93
306
-275
634
-137
-244
473
-1308
16
211
-149
1357
821
173
-252
-359
-1473
250
1001
423
1729
760
820
509
516
508
-219
750
-249
394
153
-355
736
-1271
-601
-286
-730
-142
-572
269
253
219
-388
-5
1295
220
505
778
-1320
-581
-824
-1455
-491
-74
148
833
246
-537
-411
-1407
-657
-959
-693
-382
-254
602
754
-365
596
-252
-217
517
-499
740
-19
81
854
-527
713
1486
249
1481
484
99
850
-710
214
-350
-709
-423
-422
-448
212
-114
551
917
-27
872
282
-385
-91
-365
-218
915
1107
845
-132
-68
-1296
-947
842
-1223
1254
303
190
1115
-558
222
-1260
-1347
-427
139
-423
933
-328
-993
-126
-590
639
259
495
-22
-654
699
-56
903
303
-322
-269
-837
-313
-1101
170
-804
1231
731
-264
455
-1626
-694
-672
-1214
383
142
-251
947
507
-260
1213
-587
291
-773
-248
122
-964
394
-1223
418
866
-558
1888
-521
-258
-155
-601
-378
334
-113
-828
711
-1401
487
-499
-299
94
153
-337
1811
83
333
1295
-617
1748
-1341
-65
112
-417
282
-1015
1005
-761
413
769
375
315
-774
56
155
300
738
1453
496
1634
405
510
603
-653
-516
-464
-932
996
-444
686
895
612
2042
573
1384
658
642
215
-887
-844
-1636
-1817
-921
-920
454
724
1624
340
416
243
-1532
697
-1117
-1373
-94
-739
-477
-723
-1287
-1144
-1474
-374
182
-298
1001
-796
-393
-729
-917
-517
-945
-258
-448
-147
59
142
370
534
-361
-1329
284
-642
627
1202
-511
751
273
-619
961
377
315
1045
139
551
409
-232
-861
1149
268
330
1774
74
670
294
-416
-280
617
-755
137
625
-2390
535
-358
-499
255
-179
404
90
115
-1097
1105
-1734
-8
770
-138
723
774
243
-451
1290
-711
1711
751
825
566
-659
-111
-1322
-605
-783
-213
-630
-318
-335
-403
-374
38
40
524
483
634
1334
584
511
18
-514
-509
-649
165
-878
-262
-609
-477
737
404
754
1053
996
-40
416
-513
501
-1336
-387
-365
-1362
254
0
1
-358
-149
-582
1238
-36
1145
956
266
550
-284
-466
-786
-504
-1141
146
-1037
675
612
-76
1137
-459
530
-488
-155
-538
-691
248
1076
685
-205
490
-599
-1696
-657
-890
-1460
411
325
964
1055
537
306
38
-392
543
148
890
1018
-64
512
-706
-413
-530
-424
-258
-539
806
62
686
213
843
-12
-176
-4
-1422
-684
-937
-485
104
-212
-937
31
-937
-956
-191
-225
119
185
461
140
246
-821
-26
-1404
-406
-312
-755
815
-203
256
817
150
523
935
589
633
830
904
107
458
-343
-121
-308
565
926
151
1009
-47
737
-109
997
1671
-494
2057
66
-514
254
-1715
-1126
-521
-1626
238
608
-229
973
-829
-90
-913
-606
327
-172
554
344
751
-847
445
-823
-116
935
-1263
639
-82
12
401
1272
-493
225
-304
-1499
844
-911
1632
241
-126
1430
-1093
-210
-1091
-503
-293
-1032
-7
-193
-11
-417
420
718
530
1541
189
875
-826
-67
-1510
-1395
-450
-1462
816
-416
958
402
-277
-584
-344
-615
452
634
55
689
-497
-451
-611
-1235
-154
-443
470
618
684
1317
365
575
1161
649
-754
371
-1071
-345
253
146
1700
726
371
-274
-1142
-1236
-920
-996
-341
1221
253
593
884
-1503
609
-1305
-1140
291
-917
607
-860
-397
517
463
573
1502
2
493
276
-1383
7
-531
-524
160
580
32
-199
-362
-71
406
-377
219
141
-3
612
37
329
152
-88
10
284
-180
-466
46
-231
292
-167
469
926
788
765
747
249
201
543
352
481
359
174
-529
-408
-931
-653
-737
-619
-900
-467
316
-749
1231
-637
321
-340
-655
702
-179
1364
-361
439
-274
-1300
-292
45
-343
1274
423
-313
350
-740
-522
-301
-1286
-494
165
-1273
599
46
-412
1068
41
181
646
-670
-126
473
159
381
552
-133
237
71
-168
-75
8
6
-355
-36
13
94
1367
780
1213
397
114
-384
-954
-276
224
1104
537
400
149
340
-315
-62
519
-156
495
395
-147
-384
-15
-871
-713
-440
-1017
-359
383
-1096
-21
779
-637
844
-445
62
-379
-194
-188
189
158
545
-27
-815
55
-988
-102
-180
115
276
360
-273
514
96
-1194
596
-1060
-358
612
-1142
446
380
-527
-161
-244
-921
-818
-735
-629
617
554
-184
159
-196
-390
245
59
34
-86
297
-1047
-685
-101
-98
1038
264
1168
-162
710
-314
78
1100
20
1367
80
481
36
-80
-444
-211
451
813
1257
82
1060
-124
597
85
-206
378
-248
405
-187
-129
137
-366
-549
1072
-994
963
557
-499
885
-877
1138
48
1237
-11
149
132
-518
805
-236
666
-298
574
-735
-1004
-387
-1154
218
366
135
416
-581
-1147
-353
-1092
33
-772
355
78
-641
223
-1032
22
71
365
418
1127
-46
-1088
257
-1717
-462
-311
-1699
419
-169
-390
224
-87
-430
-209
466
-52
1228
423
630
352
-884
30
-1290
-1540
-1105
-613
1096
482
576
1087
-736
-261
424
260
283
306
-88
604
-1017
-460
190
50
246
1046
959
660
806
-282
144
242
657
174
382
-41
-806
659
-785
-85
57
-606
740
63
502
110
196
-602
917
-1099
146
338
-447
1467
34
480
-340
-473
-1107
115
-695
-264
565
-506
1316
-842
565
339
-1132
310
-872
-1215
434
-304
-362
657
-594
754
-161
5
928
139
-794
454
-1130
255
954
-336
1167
285
-95
227
-303
-231
21
-799
-210
-357
-1383
924
-799
180
1426
-1034
1117
-524
52
338
68
1019
1394
960
424
451
-532
678
-710
276
-633
-101
-240
-1032
1088
-507
557
576
-35
315
-118
-730
244
-133
152
-459
-1241
-800
-1181
-553
605
542
292
930
-736
-258
149
446
485
132
-238
-813
-364
-1116
199
306
192
772
-537
655
-1048
-369
42
-1020
1012
-794
1100
-53
-161
1181
-449
43
136
39
-1002
109
-945
-407
611
-804
581
188
-656
216
-1312
-359
-136
-554
25
531
426
782
1528
-154
1112
-345
392
-427
42
-267
332
202
308
824
-765
929
-1114
-210
-151
736
-23
29
702
-641
166
-171
900
-233
100
853
-326
1108
-246
536
-319
-417
398
-775
219
434
466
-223
66
-577
-468
185
-441
-151
395
-499
-681
531
-565
356
357
-953
683
-561
-1156
103
-604
-114
901
-200
851
-222
-209
-22
-319
98
91
-341
-829
547
-782
-2
250
-420
63
-1134
27
101
656
281
-371
379
67
-504
-113
-782
-125
261
-101
1337
-199
201
255
-202
102
786
44
95
372
274
171
-335
106
-1104
33
309
209
1098
-638
344
-389
114
740
69
1225
-112
-131
-956
-383
-297
292
477
252
480
-162
607
-460
90
-64
870
64
753
1015
-494
807
-432
-156
-219
-258
-587
948
-954
-369
163
-1243
286
-933
335
-542
573
418
-645
346
-1503
648
-629
-2
86
-34
19
-673
495
158
495
169
-49
-510
-115
-1585
-475
-1371
-448
-319
-31
649
25
855
-576
149
-1313
-1121
-637
-441
763
1606
910
470
1502
-528
662
87
97
1197
278
460
593
131
-643
628
291
135
1013
737
397
1095
388
566
-95
140
47
-115
-483
-605
84
-98
210
-156
637
41
561
43
-101
-224
-246
-1017
-146
266
-85
1452
248
119
177
-587
-1123
-25
-2361
127
-281
-809
1069
-1500
454
-1095
-571
-318
-14
-1299
-357
-192
-1914
101
-1503
-144
-344
-101
-473
-836
283
146
44
-677
-196
-4
-753
-463
573
-714
1145
648
439
1002
434
822
273
254
-316
-327
-281
1037
188
449
460
-586
597
173
405
552
485
304
565
391
-117
52
-762
412
441
1095
716
-428
-387
-494
-693
1016
935
520
1004
257
-1369
-167
-589
-127
1410
-576
927
-174
-47
-998
469
228
-204
549
-141
621
808
41
330
-923
-1471
-214
-980
547
306
482
616
84
408
-417
-441
-413
-603
-201
743
-402
112
74
188
37
238
-366
31
112
-994
456
-1187
-142
-466
-917
-255
-1178
209
420
-410
840
634
252
334
-217
91
-235
-344
655
136
39
796
-74
265
-54
-501
417
369
-460
353
-1122
-1388
504
-1090
853
598
190
429
-217
48
-377
342
-581
925
-761
-499
1317
-121
1423
132
-577
428
-17
-527
792
123
-1111
1590
-238
342
93
-1142
609
-382
582
1459
107
-122
39
-1757
-1054
-620
-783
440
-223
-554
-348
-1184
-542
-498
-538
586
207
156
3
-51
-1008
642
324
765
868
379
852
370
854
903
1147
-336
1277
-344
-594
-136
-222
308
-438
1302
31
595
797
-292
693
437
-892
1769
-304
-928
617
-1266
318
-308
-669
-356
-395
-1043
-17
-620
-1296
345
-1015
-163
373
-268
-95
-560
-194
-212
-810
-32
379
389
421
-160
-738
-346
-1447
-69
-615
-188
496
-989
12
-368
-483
-450
-106
-121
342
276
221
828
252
369
105
-577
196
-352
135
572
116
15
-197
546
1161
938
326
1188
-160
-302
-758
-743
196
-119
494
-171
891
-178
130
157
-500
-557
-443
272
-909
1446
760
420
685
-139
268
-382
312
-314
579
261
182
1088
177
95
43
865
656
417
-227
260
491
-944
938
189
-1017
667
-182
-261
1277
-26
725
193
-300
-924
-691
-1083
-8
1188
-360
799
-447
-789
-538
114
-414
634
-192
-338
352
-731
-587
-1210
-559
-85
-5
548
-88
-762
-710
-1283
-1120
-30
-445
15
313
-159
-348
-819
-497
-682
-937
781
-292
718
1116
-448
949
-467
-269
89
335
337
1273
1679
-156
1483
-894
-672
394
-1193
355
211
-374
-289
-108
-427
-190
81
-134
126
299
943
96
493
-151
-436
892
442
708
950
-54
-312
115
-539
-1304
65
78
168
1781
77
551
572
-917
525
33
-669
-85
-1078
-705
156
78
665
237
-1187
-378
-1621
-545
264
215
1446
617
862
272
-302
150
35
25
-322
246
145
-216
809
-235
737
-411
33
419
-143
335
166
254
-354
7
-713
-22
607
359
408
183
-512
-43
-1362
-683
-323
-842
218
-84
-132
-761
-182
-836
-558
-1009
-258
364
43
932
-8
751
37
86
496
124
633
-15
257
-268
-441
142
301
969
733
189
-242
-795
-470
-508
-194
81
376
261
-419
333
-762
384
604
-41
1874
71
617
184
-405
170
262
513
-834
-337
-1445
-785
-363
976
1440
799
345
-92
-413
-1334
423
-321
502
132
-1055
-196
15
-486
382
622
-538
-63
-1467
-768
442
-768
112
1115
-813
263
862
-1181
141
-110
-1276
-175
-534
-64
-298
49
405
-184
100
337
173
147
45
-795
698
-222
-57
939
-75
37
746
97
297
722
376
20
356
-408
-263
258
-979
-661
-244
20
-492
602
387
11
805
-43
714
440
-859
321
-681
422
581
617
1045
864
324
-215
136
-287
547
982
997
923
1392
260
-1171
-745
-1219
-232
-1193
-54
-88
55
349
-1115
397
-514
-41
323
199
48
166
-616
-4
-50
-557
-169
-476
240
-753
487
-99
-446
106
-1076
359
-549
271
339
570
217
-530
548
-571
495
-336
-96
-505
-580
-530
-1238
-537
-779
506
183
44
-281
-38
-487
463
95
45
1035
-502
534
-2
-183
703
-700
-105
579
-20
785
881
63
-1
72
-1133
757
-96
-421
1888
-311
1041
788
-796
-133
-890
-1172
496
-328
-9
308
-330
1122
59
-572
277
-865
-543
366
-470
815
654
-259
350
-608
-748
-545
-1566
-720
112
-533
949
504
-183
510
-665
576
48
293
585
378
493
756
174
110
552
-21
493
365
-118
18
-1045
-570
-153
-835
192
161
389
-97
26
-725
-810
-45
-376
713
35
297
-512
-797
-547
-117
329
715
1328
825
1328
-15
-71
-83
-760
125
-659
399
1148
749
1459
548
636
-241
54
-823
-263
-61
-304
653
75
480
-110
-458
-714
-1058
-1268
-359
-215
448
486
678
543
-17
674
551
-5
43
-541
-398
266
284
1154
1096
754
367
106
-569
-569
-372
-255
103
263
201
-503
-119
-834
-247
257
-291
260
80
-192
-105
-342
-393
-298
-927
-554
-473
-430
386
-569
-433
-1024
-1025
-631
-1136
-263
-1001
-489
-437
-267
-341
-785
-423
-291
-351
-141
336
513
1006
463
318
18
-327
20
150
676
257
296
396
-313
376
174
653
607
923
784
673
788
497
1330
149
536
170
133
407
106
423
-87
370
-37
-552
37
7
-334
757
-355
-537
-411
-1473
-131
-808
-860
284
-981
-494
-384
-364
-407
-328
-328
-665
67
-901
795
502
-510
-213
-836
-287
-127
-364
-24
554
814
1288
112
-462
-95
120
427
461
473
393
776
256
769
1088
-39
995
-459
-404
114
-659
-180
507
788
381
1053
850
610
549
94
282
409
260
531
-392
-199
-107
97
149
50
-44
-472
-21
88
201
88
170
-267
-482
-397
-688
-625
-63
-130
-405
-290
-762
-1129
-229
-698
-258
149
109
625
169
318
-332
137
131
436
855
835
405
-295
-721
-871
-347
16
792
457
312
-446
201
502
-358
-173
-827
-755
36
656
325
1125
490
-608
-671
-1850
-1446
-1126
-873
-413
223
497
-275
-2
-841
-820
-318
-621
31
355
597
547
97
228
130
244
663
-27
66
529
-34
357
602
-337
244
-53
-609
43
-205
-507
-307
-345
-486
-134
-516
-198
440
242
674
734
531
1003
499
189
709
32
-181
-192
-727
-179
-115
-155
-319
-391
-252
85
545
672
703
738
635
17
199
313
67
-79
-539
-663
-482
-147
484
626
571
327
607
113
196
175
472
524
47
784
217
577
-221
-301
182
409
-61
-107
542
-443
340
-505
-432
281
-213
560
397
-302
-334
-1058
-1492
-926
-689
-391
-846
-586
-937
-965
216
94
78
-106
-869
-807
-450
-281
94
41
-290
187
-431
-566
-297
-463
171
220
127
513
334
680
738
-83
-158
142
52
259
42
177
376
362
470
84
-304
-389
-50
321
616
166
-134
-312
-455
-573
-293
-712
-777
198
83
908
1181
882
800
275
138
215
147
277
418
268
429
514
200
562
55
-654
-125
1
378
461
544
308
278
13
-464
-541
-769
-128
-7
220
939
236
104
91
-111
61
457
564
825
1025
547
-12
-91
-281
-577
-496
-468
-102
-95
-100
394
716
454
456
222
-481
-823
-1059
-974
-883
-705
-203
-93
-219
-592
-745
-718
-702
-572
-506
10
-33
86
132
-382
-547
-932
-966
-679
15
472
435
175
164
139
-362
216
487
99
607
-33
-492
249
-110
186
675
-21
-320
-809
-1267
-543
-495
-366
391
-330
-308
239
-73
842
1184
784
837
499
-133
-116
178
497
1291
1172
608
586
-155
-296
145
355
626
305
176
493
517
-91
286
-83
-319
-166
-485
-439
-480
-542
-337
-103
-144
52
-172
-13
175
-107
-442
-769
-560
-257
-436
-513
-178
-418
-238
358
424
388
337
87
-76
218
187
597
396
87
283
-202
-452
-162
-7
-45
615
601
420
86
-483
-198
82
65
216
307
300
278
251
385
-5
2
273
408
784
993
662
209
237
111
-215
-107
-229
-367
-60
-128
-107
-24
-132
-268
-198
-607
-796
-418
-897
-959
-742
-832
-363
100
161
-88
-150
-394
-396
-199
-199
223
263
-25
306
436
-1
-214
-341
-365
-421
-492
-548
-336
7
184
427
256
-198
-562
-947
-920
-565
-288
74
668
946
1074
618
-26
-24
9
449
809
747
988
770
246
141
136
59
253
305
126
217
-149
-339
-70
22
225
494
265
-204
-645
-1160
-950
-714
-494
-105
93
377
293
116
-107
-78
-186
-413
-255
72
211
346
385
100
7
-207
-410
-251
-105
-137
179
189
290
909
620
480
389
253
456
553
337
-116
-569
-945
-644
-208
138
286
165
85
63
-47
-108
-343
-289
-256
-504
-161
79
126
117
30
-134
-85
-134
-43
307
257
517
683
338
414
393
312
154
153
-96
-521
-154
-94
-9
262
242
112
352
406
564
832
642
367
-381
-914
-751
-349
358
658
311
-71
-569
-892
-895
-779
-458
-417
-613
-673
-529
-194
-18
232
429
358
278
93
-61
-459
-757
-587
-6
597
989
1161
852
421
55
-219
-430
-23
97
-41
309
453
588
576
130
13
-46
-474
-455
-587
-657
-332
-281
-392
-413
-851
-1179
-1099
-906
-394
-87
79
265
352
65
-27
-190
-485
-531
-637
-385
-63
-83
-238
-185
-164
38
260
287
573
813
908
688
290
-173
-393
-312
-89
203
514
744
895
805
539
11
-325
-673
-747
-345
-2
400
915
1079
939
747
520
270
61
140
92
198
73
-12
47
-193
-249
-172
226
385
407
511
224
232
39
-149
-154
-251
109
439
205
-50
-335
-646
-748
-570
-285
70
382
423
435
-79
-313
-415
-678
-621
-519
-361
-320
-339
-498
-560
-480
-464
-429
-323
-228
101
362
515
457
479
512
339
163
-334
-575
-726
-559
-201
138
408
536
241
-124
-11
-135
-321
-269
-190
-229
-303
-337
-202
-170
-159
-127
124
280
-75
-58
395
701
920
929
730
754
406
265
326
47
70
103
185
393
515
675
896
928
756
403
-42
-125
106
463
827
962
741
302
-411
-1128
-1466
-1682
-1369
-750
-306
93
326
323
217
49
-215
-303
-182
-268
-329
-450
-596
-717
-897
-932
-957
-1028
-961
-488
-44
397
390
163
-26
-456
-617
-543
-86
191
334
276
74
-289
-329
-64
166
397
108
8
-121
-17
-29
-71
69
10
-139
-362
-302
-218
15
122
187
22
-379
-500
-481
-179
209
476
540
529
