656
407
107
-340
-657
-986
-1233
-1412
-1685
-1915
-2211
-2413
-2413
-2375
-2403
-2489
-2476
-2485
-2654
-2886
-3209
-3504
-3703
-3680
-3604
-3420
-3189
-3102
-3021
-3034
-2979
-2791
-2461
-1945
-1460
-1130
-853
-847
-902
-785
-671
-391
-185
-170
-343
-337
-213
69
632
972
1115
1035
880
702
708
969
1138
1385
1491
1439
1167
785
527
420
513
710
866
960
1051
1070
752
556
299
211
344
587
714
676
463
68
-64
-92
50
75
180
237
239
279
243
330
460
526
653
695
549
346
49
-236
-436
-652
-796
-691
-502
-305
-142
-106
-194
-273
-455
-586
-694
-733
-847
-911
-882
-941
-813
-703
-511
-322
-272
-85
172
554
947
1196
1491
1685
1809
1936
2152
2303
2366
2331
2255
2053
1912
1750
1633
1769
1919
2106
2238
2391
2533
2605
2542
2379
2228
2201
1970
1737
1552
1345
1118
989
766
522
321
-25
-309
-644
-973
-1073
-1164
-1294
-1455
-1651
-1820
-1790
-1758
-1801
-1852
-1980
-2171
-2342
-2398
-2360
-2430
-2557
-2793
-2903
-2969
-2832
-2478
-2056
-1752
-1703
-1794
-2038
-2099
-1995
-1758
-1407
-1095
-978
-1004
-1113
-1173
-1124
-783
-455
-189
-99
-63
-148
-306
-256
-91
329
559
718
503
45
-201
-185
77
437
743
645
573
414
461
519
558
605
622
691
825
816
670
471
383
234
195
167
193
317
358
460
349
226
141
77
189
410
739
1165
1221
937
537
151
-83
-183
-198
-122
-36
-35
-22
107
181
270
354
364
312
294
166
-33
-381
-770
-852
-814
-578
-296
-99
60
49
-8
27
222
299
508
795
1082
1123
1032
997
979
997
1199
1450
1725
1943
1883
1636
1336
1270
1444
1811
2201
2676
2808
2864
2714
2485
2210
1957
1612
1306
1105
992
1062
1011
882
701
419
185
1
-115
-138
-183
-387
-671
-955
-1309
-1550
-1724
-1751
-1785
-1926
-2196
-2576
-2711
-2577
-2336
-2007
-1893
-2044
-2210
-2360
-2442
-2335
-2190
-2060
-1916
-1979
-2089
-2039
-1810
-1496
-1270
-1144
-1103
-1045
-1041
-1050
-1100
-1203
-1220
-1182
-966
-802
-647
-599
-567
-447
-295
-156
-82
9
95
157
192
320
375
433
517
392
299
411
545
729
910
854
780
743
586
488
713
763
654
578
464
441
614
691
750
825
746
819
843
858
857
870
771
788
795
695
531
453
419
445
577
637
624
496
302
54
-127
-217
-224
-95
76
28
122
-21
-297
-415
-646
-729
-769
-644
-538
-482
-385
-508
-627
-769
-704
-394
18
390
442
286
56
-7
378
913
1485
1754
1645
1374
1132
1124
1272
1453
1605
1671
1645
1530
1398
1395
1538
1815
1957
2036
2069
1903
1933
1869
1664
1328
815
582
568
664
859
901
753
536
384
216
58
-336
-791
-1088
-1269
-1234
-1182
-1156
-1282
-1391
-1545
-1781
-1920
-1912
-1893
-1826
-1900
-2132
-2268
-2396
-2442
-2337
-2161
-2003
-1855
-1905
-1901
-1773
-1605
-1608
-1740
-1828
-1700
-1386
-1089
-818
-688
-658
-903
-993
-1039
-1020
-895
-678
-465
-382
-314
-266
-130
-92
-32
-61
-162
-134
5
215
428
605
632
528
477
478
566
664
826
853
748
558
351
313
413
709
924
1173
1501
1730
1623
1215
745
340
224
354
527
676
809
900
956
844
603
463
391
383
433
340
338
357
400
458
435
374
346
156
-173
-374
-620
-866
-1018
-932
-723
-360
-52
62
186
124
91
-139
-308
-359
-400
-327
-223
-138
-2
8
37
279
408
582
614
693
660
693
951
1195
1404
1572
1429
1290
1177
1175
1378
1538
1645
1611
1522
1382
1275
1203
1294
1413
1476
1452
1319
1143
1088
1046
875
811
603
491
530
489
283
-20
-444
-864
-1114
-1208
-1148
-1093
-1043
-1093
-1223
-1360
-1439
-1365
-1309
-1201
-1229
-1415
-1751
-1999
-2177
-2124
-2065
-1941
-1859
-1872
-1859
-1870
-1948
-2023
-2122
-2022
-1798
-1674
-1671
-1788
-1754
-1644
-1485
-1334
-1190
-1044
-756
-314
-224
-250
-300
-351
-332
-242
-99
97
209
342
559
699
650
721
843
1000
1042
1032
1078
960
964
1006
800
733
668
734
928
922
906
665
523
531
643
862
982
969
856
762
674
533
460
348
346
350
208
68
-39
-147
-322
-413
-337
-72
154
212
286
380
393
342
293
182
116
154
-35
-279
-493
-569
-527
-343
-76
101
10
-216
-284
-389
-473
-494
-254
7
265
310
238
267
268
458
706
933
1071
1135
1065
1099
1086
1054
1098
1152
1314
1518
1791
1889
1841
1748
1542
1340
1221
1049
1031
1129
1386
1682
1855
1806
1574
1233
959
759
657
663
519
406
324
42
-462
-920
-1432
-1579
-1607
-1590
-1476
-1426
-1319
-1347
-1370
-1554
-1830
-2146
-2343
-2421
-2359
-2429
-2561
-2722
-2866
-2938
-2858
-2485
-2211
-1918
-1773
-1659
-1696
-1793
-1665
-1487
-1200
-865
-630
-546
-486
-473
-397
-266
-103
118
313
533
372
-60
-242
-683
-1326
-1633
-1649
-1469
-959
-560
-461
-553
-550
-161
302
413
33
21
811
2212
3565
4473
4728
4566
4510
4417
4574
4873
5167
5319
5133
4568
3985
3463
2991
2650
2356
2306
2118
1612
999
468
206
150
174
227
228
224
-76
-879
-2252
-4032
-6131
-8385
-10620
-12388
-13242
-13361
-12926
-12114
-10582
-8020
-4697
-1289
1574
3641
5182
6412
7172
7467
7261
6936
6947
7248
7935
8710
9542
10251
10757
10875
10547
9667
8012
5498
2365
-984
-4070
-6535
-8423
-9750
-10392
-10091
-8862
-7063
-5259
-3537
-1927
-542
693
1499
1871
1843
1621
1180
558
-214
-939
-1490
-1625
-1290
-449
1438
3755
5668
7277
8323
8944
9446
8879
7085
4901
2789
1154
-125
-1540
-3032
-3988
-4323
-4228
-3927
-3762
-3549
-3306
-2831
-2172
-1387
-420
447
1054
1732
2599
3456
4015
3957
3007
1785
708
-425
-1874
-3643
-5254
-6184
-6348
-6151
-5937
-5632
-4825
-3744
-2515
-1539
-746
127
1178
2045
2495
2841
3347
4018
4537
4547
3964
3111
2198
1357
513
-217
-519
-243
401
352
-1652
-6706
-13884
-20336
-23663
-23438
-22201
-21788
-20571
-15788
-6800
3855
12179
16999
19920
22496
24573
24605
21668
16702
11757
8137
6007
4722
3653
2858
2306
2005
2085
1978
765
-2396
-7685
-13373
-17082
-18116
-17407
-16370
-14763
-10583
-2841
6858
15339
20448
22476
23092
23030
21616
17848
11829
5107
-512
-4186
-6040
-6901
-7391
-7604
-7450
-6895
-6045
-5758
-7042
-10075
-13825
-16278
-16180
-14074
-11247
-7948
-3404
3235
10952
17095
19800
19004
15832
11209
5339
-1740
-9329
-15427
-18536
-18372
-15364
-10720
-5605
-648
3615
6676
8383
8343
6297
2641
-1415
-4237
-4955
-4036
-2543
-874
1637
4941
7428
7211
3816
-1375
-6009
-8939
-10389
-10599
-9287
-5904
-839
4794
9488
11971
11887
9548
5470
405
-4809
-9682
-13381
-15061
-14125
-10463
-5054
311
4401
7243
9179
10211
9722
7460
4054
869
-1122
-2047
-2533
-2932
-3044
-2515
-1190
663
2217
2356
267
-5024
-12813
-20306
-24711
-24442
-21112
-17697
-13915
-7509
2419
13961
22774
26464
26284
24568
22455
19194
13666
6459
-219
-4350
-5435
-4516
-3013
-1392
7
769
903
97
-1797
-4794
-8872
-12562
-13397
-10406
-4514
1965
7463
12545
18057
23240
25792
23940
18117
10562
3346
-2876
-8533
-13760
-17517
-18384
-15998
-11307
-5991
-1609
1040
1700
769
-784
-2359
-3754
-4925
-5294
-3637
687
6592
11648
14142
14035
12264
9490
5216
-1169
-9106
-16615
-21788
-23698
-22649
-19480
-14524
-7809
-121
7010
12199
14650
14451
12634
9912
6624
3282
99
-2532
-4019
-4053
-3294
-2698
-3307
-5479
-8074
-9803
-10182
-9448
-8071
-5639
-1273
4794
11090
15449
16647
15126
11602
6837
1163
-5256
-11330
-15470
-16582
-14427
-9772
-4027
1553
6326
9913
11979
12308
10543
7095
3237
337
-853
-658
-320
-240
-307
-428
-516
-927
-1621
-2170
-1993
-1126
-111
134
-1416
-5927
-13431
-21184
-25570
-24110
-18066
-11865
-6985
-1360
6871
17066
24913
26891
23944
19126
14956
11482
7160
1650
-3424
-6033
-5484
-2920
-246
1316
1157
-816
-3748
-6535
-8459
-9490
-10319
-10061
-6440
1391
11562
20133
24282
24589
23253
21322
17755
10937
1275
-8435
-15082
-17508
-16841
-14761
-12056
-8620
-4611
-752
1950
2537
798
-2572
-5693
-6109
-2976
2399
7715
11368
13755
15617
16202
13695
7142
-2075
-10913
-17090
-20321
-21526
-20979
-18288
-13534
-8161
-3576
-770
137
457
423
500
1626
3493
5720
8213
10149
11471
12030
10188
5380
-1546
-8586
-13710
-16216
-16852
-15560
-11809
-5438
2408
9147
13235
14323
12849
9740
5625
878
-3469
-6483
-7762
-7053
-4684
-1317
1988
3972
4227
3250
2014
853
-209
-1097
-981
518
2994
5076
5599
4811
3354
1706
-229
-2254
-4111
-5096
-5067
-4502
-3335
-1552
375
1989
2949
3368
3640
3615
2356
-1550
-9212
-18959
-26320
-27223
-21312
-13030
-6394
-781
6322
15416
23347
25905
22605
16428
10629
6649
3676
733
-1765
-2813
-1865
597
3172
4200
2401
-2505
-8674
-13159
-14210
-12282
-9181
-5516
135
8637
18070
24763
25986
22327
16571
10970
5809
207
-6019
-11413
-14161
-13407
-9881
-5510
-2365
-1711
-3371
-5793
-7164
-7254
-6895
-6453
-4602
443
8515
16669
21464
21410
17516
11780
5209
-2108
-9998
-17325
-22013
-22416
-18646
-12411
-6101
-1455
1012
1980
1870
591
-2410
-6679
-9751
-9134
-3844
3468
8954
11625
11788
10761
8691
3823
-3488
-10538
-14906
-14561
-9973
-3751
2147
6235
8106
8586
7750
5314
1077
-4315
-8361
-9000
-6066
-1699
1536
3021
3831
4759
5363
4378
1530
-1773
-3307
-2312
498
3437
5115
5288
4286
2686
735
-1577
-4251
-6781
-7881
-6542
-3380
-160
1563
1862
1751
2132
2566
2029
662
-442
-708
-143
860
1761
2586
2459
-493
-7945
-18505
-26773
-27148
-19325
-9436
-2618
2164
8391
16828
23722
24658
19850
12824
6810
3141
1125
60
-151
146
745
1824
3152
3169
-330
-7587
-15268
-18588
-15647
-8817
-1915
3949
10382
17818
24187
26314
22705
15129
6752
71
-4011
-5977
-6883
-7498
-7733
-6938
-4792
-2544
-2767
-6822
-12681
-15974
-13760
-7012
775
7142
12322
17198
21221
22381
19106
11467
1577
-7554
-13532
-15550
-14915
-13501
-12210
-10291
-7182
-3853
-2329
-3738
-7071
-9402
-8440
-4797
-577
2732
4607
5806
6762
6172
3544
-639
-5272
-8195
-8238
-5950
-2235
1204
3178
4433
5284
5329
3919
593
-3082
-4974
-4154
-1568
872
1900
1795
1113
253
-844
-2375
-3787
-4242
-2928
363
4616
8018
9456
8723
6712
4313
1738
-1197
-4294
-6565
-7105
-5817
-3426
-1163
-12
209
-6
-239
-170
-1
-28
-73
186
1098
2646
3825
3945
2982
1527
536
456
723
-290
-4948
-14126
-24132
-28471
-23038
-11228
-835
4853
8221
12658
18307
21247
18931
13001
6698
2855
2462
4493
7198
8281
6153
2092
-1317
-3454
-6463
-12843
-20819
-24382
-19315
-7221
5871
14772
19081
20920
21811
21502
18583
12773
5597
-293
-2279
46
3901
5273
1733
-5385
-12117
-15712
-16684
-17242
-17900
-16335
-9943
808
12149
19684
21213
17679
11994
7146
4297
2291
-325
-3595
-5539
-4589
-2164
-1475
-4854
-11221
-16971
-19152
-17392
-13242
-8555
-3917
867
5792
10160
12225
10366
4367
-3248
-9035
-10529
-8179
-4626
-1443
1071
3063
4487
4148
1234
-2892
-6216
-6470
-3075
2056
6585
8843
8297
5827
2447
-1498
-5599
-9224
-10959
-9369
-4667
1277
6145
8409
8296
6921
5275
3793
2579
1627
1087
1349
2329
3235
2790
161
-3939
-7693
-9337
-8457
-5946
-3214
-693
1590
3335
4277
3704
1997
285
-621
-220
998
2094
2686
2757
2537
2360
1618
-1127
-7588
-17593
-26554
-28006
-19537
-6274
4282
9399
11376
13238
15226
15055
11908
7495
4134
3898
7362
13080
17643
16986
9591
-990
-9606
-14345
-17155
-20500
-22608
-19187
-9211
3746
14059
18054
16319
11841
8186
7627
9675
12037
12945
12607
12603
13247
12077
6295
-4178
-15679
-23126
-23881
-19157
-12354
-6231
-1673
1768
4630
6642
6851
4716
1388
-304
1950
7543
12932
14581
11507
5544
-652
-5946
-10501
-14724
-17909
-18459
-15471
-9598
-3199
785
1116
-1192
-3581
-3904
-2360
-485
439
732
1625
3390
5240
5674
3579
-244
-4007
-5788
-4852
-2648
-819
354
1054
2051
3008
2640
849
-1697
-3679
-3752
-1971
384
2179
2397
1461
644
384
505
533
257
391
1612
3601
5216
5377
3789
1359
-701
-1686
-1690
-1480
-1626
-1997
-2168
-1724
-946
-936
-1719
-2894
-3416
-2487
-778
1067
2410
3047
3447
3702
3581
3238
2448
1344
-95
-2989
-8974
-18113
-26406
-27563
-18649
-4928
5583
9565
8867
7343
6742
6528
6696
7712
9300
11571
14627
17912
19365
15776
6360
-4899
-12623
-14368
-12077
-9562
-7979
-6245
-3931
-1454
189
157
-1007
-1824
-168
5518
13759
20615
22763
19782
14172
8835
4586
614
-3516
-6985
-8435
-7463
-5014
-3160
-3687
-7052
-11634
-14140
-12485
-7191
-948
3843
6928
9371
11516
12466
11020
7162
2601
-531
-1132
72
1046
-173
-3831
-8446
-11860
-13000
-12547
-11778
-11089
-9792
-7402
-4660
-2732
-2028
-2320
-2029
-264
3203
7861
11168
11555
9125
5154
1845
-178
-1822
-2931
-3457
-3387
-2727
-2524
-3016
-3800
-4740
-5028
-3745
-947
2532
5139
5646
4640
3185
1844
888
366
340
982
1896
2394
2134
1065
-632
-2111
-2731
-2293
-915
478
1301
1657
1346
291
-1331
-3161
-4033
-3374
-1790
43
1161
1373
1015
590
529
1122
1968
2370
1155
-2922
-10791
-20736
-27299
-24949
-13261
492
8569
8971
4769
403
-1360
-126
3798
9266
13882
16816
18258
18236
15993
10190
1655
-5436
-7449
-4284
854
3674
2728
-1168
-6396
-10589
-12143
-10724
-6987
-2267
2716
8063
12780
14922
13356
9017
5125
4350
6768
10242
12218
11256
7434
1949
-3382
-7227
-9422
-10546
-10964
-10122
-7805
-5021
-3524
-4404
-6611
-7824
-6344
-2151
3116
7426
9569
9291
7375
4943
2736
1005
-445
-1422
-1713
-1553
-1865
-3704
-7238
-11296
-13993
-14228
-11770
-7729
-3751
-1055
-113
-76
354
1566
3353
5073
6287
7304
7884
7509
5805
2704
-1048
-4198
-5692
-5133
-3000
-919
-223
-1127
-2828
-3932
-3702
-2340
-403
1639
3315
4310
4352
3371
1668
-234
-1599
-1763
-636
1220
2694
2835
1569
-413
-2130
-2875
-2391
-1137
368
1503
1761
1037
-203
-1319
-1928
-1892
-1508
-934
-566
-581
-714
-670
-606
-1964
-6954
-15986
-24560
-26019
-16971
-2456
8243
10251
4646
-3683
-8975
-7868
-255
10726
19364
22134
19612
14482
9800
6584
4442
3719
4798
6906
8714
8491
5496
194
-6275
-11780
-13785
-11178
-5201
837
3631
2411
-1346
-5021
-6171
-3600
2122
8765
13741
15294
13475
9691
5692
2753
1755
2631
4564
6160
5850
3204
-1243
-6221
-10305
-12309
-11623
-8671
-4989
-2483
-2368
-4531
-7273
-8687
-7675
-4305
144
4081
6167
5832
3644
878
-1187
-1949
-1576
-356
1191
2129
1727
-379
-3293
-5627
-6530
-5694
-3536
-986
978
1502
385
-1520
-3129
-3423
-2178
-50
1987
2992
2486
836
-958
-1901
-1488
-9
1594
2664
2890
2226
1104
91
-390
-198
464
1213
1685
1529
623
-849
-2383
-3412
-3405
-2436
-1054
96
437
46
-679
-1177
-1267
-1003
-360
539
1478
2066
1900
993
-241
-1184
-1090
201
1247
-205
-6381
-16541
-24780
-24700
-14541
-1074
6526
4762
-3679
-12845
-16797
-12552
-1115
12711
21549
21444
14330
5828
1982
4417
10481
16486
19746
19051
15058
9249
3874
662
-497
-252
696
1767
2007
161
-4003
-9037
-12513
-12762
-9768
-4959
-103
2829
2573
-482
-4059
-5160
-2172
3917
10179
13836
13509
9879
5069
1869
1836
4368
7334
8426
6963
3635
-463
-4125
-6598
-7578
-7118
-6092
-5490
-5866
-7189
-8993
-10461
-11162
-10457
-8379
-5839
-3782
-3138
-3297
-3297
-2368
-372
2415
5046
6739
6973
5870
4569
3785
3877
4426
4804
4498
3161
1007
-1402
-3086
-3645
-3306
-2817
-2759
-3212
-3958
-4616
-4903
-4610
-3782
-2598
-1438
-490
167
403
363
211
392
1191
2580
4031
4784
4491
3272
1826
912
888
1582
2233
2216
1359
-109
-1622
-2606
-2842
-2493
-2131
-2147
-2363
-2557
-2386
-1945
-1602
-2775
-7254
-15650
-23105
-22948
-13018
-36
5725
1438
-8177
-15700
-16856
-11525
-1883
9068
16425
16587
10571
2588
-1456
1084
8767
18026
24208
23904
16909
7022
402
1291
7668
14201
16281
12706
5688
-1717
-6649
-7376
-4444
-672
1099
-336
-3962
-7653
-10033
-10365
-8567
-5307
-2043
-249
-229
-1155
-1723
-1469
-366
1619
4315
6902
8295
7951
6292
4580
3685
3982
5170
6202
6114
4062
379
-3148
-5197
-5428
-4920
-4921
-5428
-6362
-7704
-9206
-10344
-10125
-8216
-5637
-3530
-2602
-2815
-3457
-3688
-2699
-303
2367
4083
4301
3677
3160
3068
3166
3345
3811
4331
4465
3720
2330
891
-92
-512
-517
-465
-755
-1609
-2986
-4266
-4891
-4692
-4027
-3374
-3094
-3169
-3402
-3522
-3045
-1789
-209
1061
1574
1530
1421
1593
2166
2894
3437
3477
3006
2375
1966
1895
1775
1522
927
242
-229
-1714
-6108
-14277
-21217
-21001
-12001
-1775
198
-6471
-15604
-19773
-17488
-11189
-3832
3062
6473
5071
1371
-1563
-364
4455
10907
17637
21921
21397
16125
10001
7983
11992
18126
21791
21265
17163
11850
6963
4074
4134
6041
7384
6340
2846
-1819
-6311
-9478
-10320
-8641
-6011
-4867
-6411
-9509
-11903
-12053
-10260
-7626
-4981
-3099
-2461
-2749
-2977
-2208
-125
2664
5333
7121
7243
5881
3920
2945
3649
4806
5212
4754
3783
3122
1833
-557
-2738
-4064
-3850
-2822
-2383
-2907
-4158
-6000
-7251
-7180
-6155
-4452
-3513
-3585
-3881
-4201
-4070
-3323
-1853
24
1687
2265
1987
1657
1922
2835
3775
4311
4100
3204
2000
1186
1048
1076
817
63
-817
-1374
-1686
-2131
-2505
-2681
-2593
-2419
-2649
-3127
-3403
-3249
-2523
-1620
-1188
-1298
-1808
-1987
-1392
-214
611
738
229
101
698
420
-3658
-11406
-16947
-14768
-4764
3321
2079
-6639
-15381
-17584
-13111
-5712
873
4617
3533
-179
-2733
-2166
1486
5728
9710
13470
15201
13483
9511
7095
9123
14395
18426
19109
16716
12850
9616
8168
9085
11033
11591
9777
6804
4376
2826
1350
-226
-1409
-2049
-2842
-4329
-5961
-6841
-6955
-6933
-7189
-7668
-7774
-7481
-6748
-5488
-4402
-4239
-4931
-5535
-4822
-3007
-1098
231
807
568
-255
-908
-484
1580
3685
4574
3879
2200
830
245
731
2111
3413
3336
1674
-756
-2543
-3079
-2803
-2064
-1533
-1617
-2540
-3861
-4520
-4164
-3228
-2387
-1938
-1841
-2053
-2360
-2381
-1743
-662
293
599
256
-190
-483
-320
399
1189
1589
1256
290
-569
-691
-133
712
951
328
-889
-1999
-2131
-1416
-681
-705
-1567
-2793
-3579
-3771
-3424
-2597
-1587
-657
-385
-983
-1827
-1770
-275
1659
1625
-1810
-6879
-10032
-8248
-3318
765
828
-2837
-7198
-9169
-7401
-3276
598
1800
475
-1594
-2209
-729
1788
4321
6414
7584
7498
6324
5398
5893
7934
10493
12201
12344
10895
8810
7579
8152
9937
11290
10866
8726
6242
4666
4408
4873
4954
4020
2032
-126
-1517
-1718
-1227
-786
-944
-1862
-3349
-4906
-5780
-5635
-4588
-3358
-2636
-2799
-3702
-4835
-5659
-5414
-4311
-2886
-2129
-2252
-2511
-2447
-1779
-842
-97
152
-20
-566
-917
-596
77
832
1109
857
315
-420
-1000
-1103
-625
-170
-157
-784
-1781
-2459
-2550
-2195
-1655
-1402
-1792
-2563
-3274
-3482
-3091
-2549
-2198
-2286
-2749
-3204
-3308
-2763
-1732
-618
62
-2
-577
-1316
-1558
-1115
-210
553
681
350
-19
106
874
1649
1983
1523
361
-553
-838
-407
326
775
828
571
104
-269
-486
-547
-361
72
706
1281
1660
1450
457
-1055
-2252
-2665
-1926
-771
-194
-242
-909
-1537
-1869
-1733
-1211
-472
-245
-499
-891
-1286
-1055
-331
753
1874
2364
2244
1884
1825
2470
3566
4515
5003
5010
4718
4610
4793
5437
6091
6466
6380
5881
5302
4860
4487
4363
4409
4140
3510
2538
1567
876
463
268
252
83
-343
-1082
-1970
-2683
-2804
-2643
-2323
-2059
-2177
-2779
-3675
-4211
-4036
-3222
-2422
-2098
-2358
-2817
-3134
-2814
-1841
-741
-78
-57
-506
-986
-949
-281
629
1197
1182
511
-407
-1041
-1231
-778
-110
445
433
-441
-1802
-2877
-3034
-2504
-2015
-1882
-2153
-2438
-2377
-2150
-2021
-2036
-1724
-1143
-613
-378
-460
-785
-699
-353
450
1329
1322
1087
868
1105
1520
1310
809
672
308
287
93
-474
-224
-190
-69
-418
-683
-975
-1108
-770
-761
-1052
-2107
-3152
-3815
-3207
-2097
-1044
-319
-270
-1083
-2347
-2323
-2204
-1487
-772
-635
90
771
650
525
448
900
2134
2267
2485
2402
2244
2759
3094
3581
4180
3838
3073
2263
1481
1530
1529
1688
1925
1934
1367
193
-956
-1401
-682
314
1058
1173
365
-843
-1414
-1024
-71
1135
1283
962
709
510
1039
1555
1508
1351
1250
1087
2109
2995
3211
3280
2507
2537
3014
2778
3079
2690
2056
2134
1653
1371
1432
1155
1399
1329
698
190
-1172
-1252
-735
-267
-31
-475
-1797
-2252
-2199
-2533
-1523
-2210
-2408
-2032
-1766
-1597
-1597
-2073
-3427
-3651
-3740
-2662
-1568
-1740
-2791
-3459
-4255
-3739
-2260
-2439
-1706
-2486
-4318
-3679
-2996
-2356
-563
-1182
-1414
-914
-2002
-1878
-1476
-1391
297
919
604
576
-1739
-2472
-2296
-1064
976
1165
145
-420
-923
-856
-84
190
828
224
-794
-1287
-710
-692
1167
1202
1894
2890
2031
1992
-401
-591
104
1583
3077
4281
3605
2203
1015
-180
1105
2394
3408
3709
2997
1551
1010
884
1072
2521
2944
2760
2443
712
-1283
-308
-188
2059
4117
2287
1232
-441
-1604
-606
349
1527
2320
1497
878
-717
-665
-252
-64
1108
724
658
61
-1763
-1696
-1723
-1729
466
127
-128
-291
-2259
-1547
-1801
-1378
190
267
600
-431
-1256
-1791
-1236
-540
442
907
223
7
-1068
-748
-283
799
817
58
-710
-1397
-645
-755
-567
790
468
915
1073
-171
184
-862
-730
-156
-102
-178
-177
-481
-934
-1074
-1116
82
-250
893
293
-313
-856
-1709
-796
327
388
661
413
-1623
-128
-1539
-985
1057
1445
2718
1546
-183
-1795
-1826
-1483
-10
832
204
309
-936
-1448
-1120
-943
130
703
736
1123
169
-325
-910
-1541
-206
446
1167
1596
340
-372
-986
-1304
-379
716
683
736
-198
-542
-788
-749
-17
-798
146
103
370
75
-294
-1463
-493
-568
-116
1311
408
860
-773
-1362
-958
-297
1138
1472
533
206
-581
-861
-388
665
1210
1963
1513
436
-474
-1443
-838
-45
1596
1242
606
-1134
-2107
-1360
-390
1631
1188
982
-65
-1067
-1598
-992
-573
163
1830
1672
1462
-255
-557
-752
-171
378
1442
1519
1205
998
-882
148
-434
1068
1474
1712
1856
232
-431
-1854
-1207
-372
1543
1903
1830
-326
-1451
-963
-1981
1033
1385
1828
3077
-16
-679
-745
-1986
-101
1052
370
2209
-417
-1220
-1464
-2140
-353
427
329
-49
29
-1233
-523
-1027
-338
264
319
569
-835
-474
-1242
-529
164
321
672
-214
-253
-1251
148
-805
-468
-638
-1060
-397
-1001
-827
-1232
-454
-1120
1258
851
1150
1105
-824
-256
-679
-104
1089
1180
371
-297
-1459
-1012
-214
323
1418
878
324
459
-593
-477
254
363
2235
1347
745
319
-1050
-246
-530
-87
-183
-306
-378
217
-283
-117
-125
-482
540
-384
494
-403
59
243
-645
-177
-1433
-108
-83
884
-609
36
-167
-743
765
-182
1095
-29
-684
-671
-858
908
1356
851
561
-971
-870
-353
-115
1221
1021
409
-276
-1761
-1445
-1512
-662
633
239
254
331
-870
129
220
407
1348
423
209
-516
-835
-211
39
-58
942
267
813
340
498
1178
1109
1432
290
925
238
528
581
680
320
426
-344
-971
-1352
-1534
-1006
-1348
-345
-1213
775
-342
-732
-976
-2211
303
988
985
1163
-123
-1001
-338
-678
-21
1562
869
1526
1414
-4
443
-125
-158
341
659
-235
-308
-562
372
511
890
591
5
574
46
877
484
-640
-243
100
281
1053
51
135
-400
-155
116
701
511
624
161
-575
19
-708
254
-590
-1209
-1154
-1078
-1424
-1119
-961
-1252
-654
-1458
-1272
-967
-429
-56
207
-77
-508
295
-386
749
913
77
1169
-3
574
763
221
-181
-381
-487
15
223
-125
742
-514
348
-318
19
-704
-834
-950
-742
5
-899
246
-619
447
-260
889
450
1376
2075
384
1394
-160
564
-511
311
-1197
-59
-570
-572
404
-522
543
-1184
-361
-180
788
1284
1551
1561
1117
1336
908
902
494
321
1130
933
1561
1113
777
511
69
-398
320
292
-851
-919
-2288
-1348
-875
-1655
-1494
-1799
-2089
-1126
-785
-1167
-427
-814
-706
-604
-963
-1158
-490
-1059
-1205
-942
-1663
-648
-91
283
409
-384
-916
101
-54
1144
1835
934
1612
-458
-89
363
1527
2515
2482
2532
944
659
637
677
1259
2439
1874
1932
1190
-210
-880
126
302
1245
1509
30
-529
-1074
-659
-321
544
-298
107
-472
-118
1279
-131
976
-132
-134
270
153
-565
-1075
-1833
-1706
-675
-1155
435
-877
-560
-1190
-1531
-1497
-2119
-1614
-1681
-532
-316
-273
-566
-436
-500
-983
-560
-735
695
35
-370
-85
-1427
-713
-997
-376
160
740
-46
-325
-1706
-1117
-398
48
1875
760
1531
741
372
844
725
983
1109
1082
890
1184
586
381
1144
908
2340
1617
1306
1450
899
1016
50
140
-115
-154
-118
-483
-248
352
-42
240
-533
-731
-1109
-632
-531
353
691
378
774
-718
421
-1018
66
40
297
367
230
5
-664
383
-919
419
-492
1019
-432
-697
-529
-1330
643
-90
395
90
265
-755
-7
-1383
-371
336
85
1488
620
1052
93
-88
-560
-442
-47
957
204
147
82
-1683
-139
-1740
-764
-243
-1238
592
-1684
-1189
-1859
-1682
-156
729
245
424
503
-766
884
-497
1186
652
693
564
-667
-765
-2511
-1098
322
1357
1812
191
-569
-746
-1097
-151
489
215
1624
781
86
-265
-1345
-1053
-543
-532
495
192
154
-1152
-837
-1069
-818
584
-250
1253
352
949
1492
370
1141
402
127
778
512
792
1098
1009
217
1041
-153
1232
512
-201
572
-196
1894
765
891
-383
-141
304
1991
2148
1508
1069
-908
-409
-1116
457
-109
-100
-1280
-2066
-2088
-2578
-1412
-1805
-95
-973
-16
-1325
-1879
-1952
-1129
-388
729
1625
-556
-154
-2247
-779
139
1389
1862
457
-248
-422
-648
361
1767
91
1022
-93
299
660
311
583
-51
553
767
716
764
316
-950
-154
-921
-346
-212
-149
-80
-312
-652
-730
-1068
-870
535
-620
399
496
694
358
640
371
455
1724
1064
1416
1742
1082
650
404
-60
-549
40
-68
298
-1072
-731
76
-1073
1128
908
538
955
-749
-1042
593
-87
585
293
-790
828
-888
-1118
-578
-988
-754
-695
-872
-1192
-879
-1167
-1065
-996
-959
-344
-1300
-547
-1696
-141
446
-905
466
-1783
-777
-1194
158
1133
1518
884
-81
-195
-923
320
-50
1017
869
1177
-290
94
-494
1307
2516
1280
2039
-401
-824
-564
-1651
-929
375
-1302
366
-1180
-2030
-386
-1360
-184
-27
-957
85
376
-684
1130
-384
-362
404
-32
2106
1620
1924
845
433
-274
944
1846
2097
3451
1983
1077
472
-469
505
1435
1516
2830
1805
1316
1253
496
1398
1136
749
1366
1002
927
421
631
126
-169
514
-275
-532
536
-146
-1280
-1204
-2137
-1328
-462
-413
-24
-1081
-2850
-1637
-2384
-1798
-252
-2418
-2506
-3436
-4289
-2896
-2209
-2009
190
-905
-692
-357
-1445
-278
48
-721
541
-775
265
29
-759
1075
-113
1268
648
-227
505
-1033
-639
-789
-909
1136
839
878
525
-96
-750
-749
-830
198
900
1516
558
-1096
-427
-2112
1186
1264
3086
2482
239
-12
-2229
-742
-156
963
1653
1383
-256
-353
-560
571
1496
1666
3144
1876
2948
1645
169
-735
-1490
358
2044
2458
2853
436
-2086
-682
-1671
1087
2564
624
611
-1033
-1772
-160
-442
-163
331
-326
-110
-1372
-1926
205
31
233
1203
1465
1868
1244
-687
-1102
-142
680
2034
2342
-76
-1446
-2518
-3024
-1216
-500
-790
-979
-1982
-2326
-1763
-3317
-1949
-1733
-1700
67
-1108
-291
-646
-1143
-982
-55
1222
1389
852
-307
-444
-1129
745
1153
2257
2019
1594
1217
-85
1513
908
2128
2285
1025
716
1311
387
130
244
-1523
-338
-1000
79
668
1095
236
-603
-942
-1771
582
1072
1017
262
-1329
-2259
-645
-222
823
2330
997
726
-722
-1324
-1540
88
886
1130
1177
-1196
-1375
-2471
-941
281
142
989
49
-1037
-640
-741
24
383
-428
-673
-1894
-1447
-1493
-1776
-1325
-447
855
1311
872
-622
-1273
-1233
-156
1447
1815
1606
-25
-1023
-1205
-997
400
523
1383
1022
280
-638
-885
-434
923
1127
522
410
-1040
-361
-660
2
-16
-357
601
786
995
173
-637
-1576
-1131
3
1113
1561
532
-63
-945
-217
959
2106
2138
395
-190
-131
703
1906
2607
1324
-68
-194
488
1284
1709
1799
727
1356
1537
1329
499
-640
-471
437
1792
1611
511
-1766
-2216
-833
937
1740
747
-1671
-3333
-3516
-2153
-63
366
50
-721
-2198
-2853
-2106
-1497
-612
356
52
61
-171
-307
-231
-1356
-1010
-318
258
701
-608
-1598
-1917
-1289
469
1220
1232
356
-805
-1222
-1062
-666
73
247
309
930
492
29
-709
-1293
-908
-794
-158
448
1682
2237
1927
729
-637
-17
774
1650
2093
1819
39
-1497
-1402
-263
1588
2382
1582
27
-897
-1462
-1234
-633
328
1866
1736
890
-32
-954
-919
-116
437
942
484
-215
-593
-1266
-903
-554
119
200
-410
-763
-792
-782
22
669
701
1405
1301
1485
1418
793
-130
-1012
-1030
-92
1281
1831
1910
578
-269
-365
-49
1007
1364
1353
685
73
-21
-96
-846
-1339
-1442
-703
571
151
-1241
-2464
-2964
-2464
-1072
-187
15
-858
-2052
-1996
-1423
-395
591
603
616
969
866
333
-328
-676
-595
-20
362
-171
-1494
-2791
-2955
-1663
182
1374
844
-750
-1690
-1815
-706
420
578
4
-739
-755
99
856
1147
624
92
797
1867
2502
1981
736
81
895
2307
2967
2757
1314
-96
-773
-454
315
1195
1281
729
363
-240
-28
-40
-80
343
589
709
357
-578
-1443
-1815
-1662
-424
870
1313
121
-1813
-2979
-2555
-576
855
1272
480
-703
-1157
-743
233
958
1068
745
627
855
860
178
-841
-1184
-413
1159
1746
1016
-380
-1421
-1085
201
1498
1783
795
-424
-1221
-959
-83
386
14
-939
-1641
-1451
-722
211
721
398
-104
-582
-541
-205
-50
-349
-556
-510
-169
103
-118
-415
-323
130
673
1091
996
602
245
171
492
1080
1481
1476
821
145
-21
580
1415
2026
1983
1386
506
-49
204
794
1463
1421
1216
1192
1304
1089
476
-97
-353
-38
461
480
-303
-1247
-1815
-1305
6
1112
1185
321
-780
-1319
-803
-89
325
69
-398
-893
-1206
-1136
-1007
-915
-958
-850
-822
-834
-995
-1399
-1659
-1569
-1377
-1065
-824
-875
-883
-902
-806
-503
-426
-1157
-3906
-8833
-12948
-12950
-7135
-100
1802
-3344
-11675
-16707
-15279
-8849
-1472
3918
3688
-1810
-8526
-10706
-5468
3241
9503
10889
8777
5639
3417
3222
6077
11446
16197
17726
15793
12045
9108
7968
8976
12103
15682
17119
14629
8817
3094
961
2718
6181
8114
6905
2857
-2350
-6478
-7637
-5769
-3134
-2786
-5767
-10335
-13889
-14777
-13372
-10593
-7942
-6694
-7443
-9415
-10669
-9694
-6564
-2895
-24
1383
1249
203
-606
246
3191
6619
8557
8071
5984
4005
3331
4197
6107
7855
7888
5691
2285
-55
-205
1174
2339
2127
356
-2388
-5024
-6657
-6593
-5388
-4278
-4347
-5532
-6958
-7854
-8006
-7305
-5796
-3989
-2895
-2987
-3749
-4087
-3369
-1713
105
1419
1980
1787
1316
422
-1316
-4222
-8100
-10786
-9159
-3875
1892
2061
-4352
-13111
-17770
-14909
-6978
929
4094
1630
-5992
-12703
-13269
-5956
4675
11293
10460
4747
-675
-2226
1548
8335
15228
18618
16674
11451
7042
6630
10465
15515
18693
18682
15516
10657
6555
5231
7378
11243
13344
11589
6574
896
-2623
-2810
-543
2340
3350
1043
-4159
-9440
-11658
-9879
-6078
-3439
-3312
-5812
-9458
-12386
-13084
-10860
-7088
-4342
-4462
-7070
-9906
-10576
-8051
-3597
522
2186
890
-2031
-3732
-2067
2266
6677
8452
6901
3492
690
158
2393
5716
7856
7208
4056
816
-608
481
2599
3965
3489
1328
-1492
-3599
-3888
-2760
-1350
-1231
-2661
-4835
-6534
-7002
-6322
-5003
-3752
-3264
-3925
-4986
-5770
-5311
-3720
-1708
-243
244
-220
-977
-1345
-841
740
2180
2907
2386
1264
369
612
962
-412
-4824
-9717
-11011
-6018
1657
4581
135
-8936
-15621
-15790
-9695
-1325
5502
5669
-1492
-11087
-15375
-9466
2224
11022
11691
5953
-1551
-5378
-3322
4169
13182
17755
14968
7407
1152
1187
7371
14667
18623
17048
11246
5035
1960
3714
9161
14059
14324
9286
1881
-2977
-2763
1170
5295
6610
4071
-1224
-6669
-9298
-7351
-2595
1027
639
-3345
-7933
-10349
-9913
-7053
-3515
-1399
-2184
-5740
-9510
-10645
-8392
-4458
-1241
-209
-1212
-3359
-5090
-4802
-2028
1733
4170
3853
1592
-458
-1013
146
2152
4021
4564
3125
403
-1517
-1348
644
2579
2876
1540
-715
-2592
-3220
-2267
-485
733
161
-1849
-3776
-4387
-3449
-1986
-1077
-1182
-2324
-3676
-4388
-3821
-2168
-535
-41
-865
-2194
-2901
-2400
-1100
181
1013
1040
281
-512
-749
-108
1006
1787
1933
1526
1036
981
1393
1972
2015
509
-2425
-4985
-4514
-481
4124
5458
2266
-3002
-6808
-6741
-3336
1808
5915
5911
1359
-4892
-7898
-4866
1920
7372
8200
4469
-886
-4451
-3814
1023
7409
10855
8943
3364
-1611
-1919
2213
7689
10803
9671
5240
630
-1283
797
5364
8823
8350
3886
-1556
-4165
-2303
2213
5994
6334
2998
-2092
-5839
-5903
-2130
2533
4636
2635
-1999
-5949
-6710
-4147
-318
2352
2089
-876
-4647
-6595
-5281
-1895
1030
1430
-843
-3894
-5824
-5527
-3427
-979
251
-557
-2615
-4459
-4660
-3251
-1394
-394
-696
-1779
-2813
-3077
-2350
-1007
-66
-9
-783
-1572
-1723
-1095
-73
661
922
632
-45
-506
-537
66
888
1347
1202
604
169
11
180
471
803
963
856
561
266
109
310
615
893
809
602
414
296
363
503
714
779
817
795
835
859
882
947
1061
1303
1386
1265
753
174
-81
-71
402
1013
1291
1080
255
-665
-1155
-1117
-686
-270
-68
-207
-685
-1174
-1423
-1225
-798
-468
-350
-520
-807
-1026
-1131
-975
-635
-260
-25
53
101
244
514
832
946
809
803
804
882
1071
1256
1477
1385
1222
923
814
1014
1309
1578
1601
1431
1134
917
778
966
1098
1285
1304
1181
1013
842
685
657
689
726
588
196
-209
-579
-615
-552
-436
-496
-638
-718
-884
-952
-1026
-1229
-1367
-1503
-1477
-1328
-1267
-1248
-1292
-1353
-1432
-1550
-1465
-1288
-1182
-1222
-1348
-1372
-1124
-742
-363
-212
-342
-625
-819
-837
-759
-501
-171
29
79
-27
-170
-175
-95
22
62
185
271
256
328
351
351
330
284
319
562
757
911
805
496
358
312
476
682
843
853
673
473
387
470
659
724
530
312
136
33
31
66
141
98
-16
-136
-164
-83
-110
-198
-372
-565
-721
-807
-705
-581
-434
-357
-470
-685
-845
-900
-802
-510
-162
121
147
-37
-239
-348
-234
-65
187
349
312
234
115
215
383
653
847
765
640
491
501
621
796
983
946
792
572
445
528
778
1079
1235
1083
854
583
437
451
471
582
537
469
411
471
545
670
569
291
64
-183
-296
-315
-265
-169
-253
-483
-761
-811
-715
-485
-308
-257
-364
-603
-714
-928
-872
-768
-609
-528
-531
-633
-783
-842
-863
-792
-830
-829
-776
-751
-705
-647
-663
-540
-612
-656
-611
-526
-389
-317
-213
-166
-134
-174
-48
160
455
492
369
191
87
156
365
566
667
649
462
344
387
530
633
600
500
333
103
18
86
313
483
405
217
25
-100
-12
79
206
352
333
243
24
-87
-49
105
203
239
125
-94
-187
-164
-104
7
105
94
-7
-237
-410
-386
-257
-113
24
13
-36
-57
-111
-72
-16
19
-51
-187
-269
-281
-238
-151
-29
84
164
160
158
59
79
120
169
172
101
80
91
82
147
286
334
481
460
358
250
27
-195
-315
-239
-87
80
146
143
85
43
80
198
304
318
288
305
201
92
62
72
162
235
169
164
162
164
173
83
-40
-188
-323
-397
-322
-215
-43
83
181
22
-233
-391
-466
-339
-112
98
66
-98
-404
-581
-516
-236
35
149
50
-180
-351
-402
-277
-131
8
59
-59
-226
-338
-317
-159
43
92
84
-47
-187
-289
-249
-8
276
498
505
326
46
-128
-166
-56
112
151
164
92
112
180
279
404
343
200
71
-105
-278
-267
-166
45
140
162
-3
-177
-326
-439
-442
-479
-374
-288
-233
-259
-235
-248
-246
-210
-182
-161
-247
-298
-278
-186
103
314
367
347
291
191
161
160
160
223
253
229
95
3
-76
-154
-11
185
302
393
386
277
-20
-182
-256
-235
-120
-70
20
135
111
-14
-3
89
202
242
206
40
-77
-121
-20
173
367
457
381
184
-13
-33
76
290
431
476
435
303
203
95
102
207
281
210
-7
-289
-379
-237
-9
151
169
53
-93
-134
-91
70
157
102
-80
-346
-545
-565
-362
-129
80
90
-89
-262
-271
-136
62
241
270
211
-23
-242
-319
-322
-73
177
396
398
253
70
-18
-80
-79
-65
-171
-298
-443
-261
-77
106
160
128
55
7
-52
-115
-131
-121
11
15
80
156
192
174
131
178
286
305
157
-39
-304
-473
-599
-653
-498
-323
-111
-45
-19
-21
-97
-131
-208
-287
-432
-447
-426
-385
-254
-178
-20
222
329
239
-1
-186
-352
-361
-262
-196
-158
-173
-184
-179
-95
-80
-109
-90
-78
-39
154
321
367
343
274
134
9
150
330
434
468
437
356
178
0
-100
-140
-60
70
251
352
333
223
178
278
406
469
481
358
296
236
101
-9
-62
30
77
84
52
-33
-51
58
207
317
303
162
-21
-149
-176
-32
161
317
362
331
159
45
23
36
170
159
159
141
143
114
-7
-100
-281
-476
-612
-680
-598
-449
-406
-312
-171
27
53
42
-197
-553
-1002
-1759
-3048
-3963
-3241
-1298
1413
3946
5731
6136
5035
2414
-759
-3438
-4596
-4629
-4279
-2295
488
3087
4172
3046
860
-1115
-1864
-1171
920
3136
4735
4677
2713
-74
-2709
-4145
-3858
-2228
-159
1508
2085
1860
1011
50
-845
-1766
-2188
-2005
-1308
-570
102
357
353
158
-257
-781
-1148
-1294
-1188
-832
-536
-93
252
445
364
93
-95
-306
-263
-114
211
566
575
289
-206
-469
-509
-413
-385
-269
-15
231
550
601
617
594
259
-304
-788
-674
-259
280
611
590
395
-27
-489
-951
-1184
-1064
-847
-591
-87
708
1376
1768
1824
1502
1050
650
409
162
156
406
579
576
347
80
-140
-720
-1777
-1961
-1387
-835
-82
660
1149
1241
1001
650
1009
1505
2060
2261
1987
1737
1301
716
7
-378
-527
-471
-301
-225
-229
-334
-594
-1162
-1668
-1827
-1507
-1011
-440
182
642
834
650
124
-567
-1026
-1245
-1278
-1386
-1710
-2166
-2219
-1482
-105
1727
3555
4673
4742
3875
2463
946
-239
-1039
-1193
-590
432
1302
1536
1041
-136
-1602
-2876
-3637
-4075
-3681
-2097
-636
-205
-758
-1878
-3506
-4559
-4372
-2884
-465
2027
3875
4296
3683
2067
-155
-2161
-2943
-2220
-505
1653
3454
4391
3870
2478
578
-1015
-1851
-1889
-1397
-737
-75
314
427
188
-271
-921
-1528
-1914
-1976
-1701
-1185
-609
68
653
935
868
542
430
507
970
1718
2613
3288
3607
3599
3183
2387
1297
506
-59
-398
-507
-514
-534
-646
-583
-616
-752
-860
-1173
-1630
-2050
-2051
-1636
-824
58
351
51
-749
-1559
-1680
-791
766
2071
2733
2681
2209
1536
962
416
-88
-313
-78
522
976
1009
555
-306
-1509
-2466
-2921
-2750
-2266
-1497
-737
-194
80
63
-250
-835
-955
-861
-392
337
1024
1219
1130
920
856
1036
1317
1708
1782
1787
1495
1287
1082
1084
1057
721
405
148
-39
-104
-228
-678
-1300
-2017
-2617
-2698
-2041
-1178
-411
-130
-35
-144
-748
-1205
-1142
-523
299
764
713
410
-145
-427
-253
124
371
433
338
142
-99
-285
-352
-575
-623
-496
-156
208
506
618
470
329
19
-300
-575
-770
-1003
-1118
-961
-525
-37
297
450
396
182
-87
-105
136
456
742
615
222
-134
-467
-395
461
1662
2824
3619
3716
3177
2125
825
-473
-1177
-1137
-487
360
1096
1475
1425
733
-546
-2022
-3374
-4084
-3546
-2155
-486
926
1327
871
-299
-1441
-2330
-2602
-2169
-1201
-20
871
1377
1600
1870
1999
1887
1434
906
498
347
750
1396
2023
2411
2425
1964
1116
213
-337
-343
249
962
1429
1574
1239
453
-623
-1435
-1865
-1790
-1280
-374
751
1690
2116
1863
869
-439
-1555
-2165
-2171
-1796
-1364
-1101
-1103
-1266
-1576
-2113
-2673
-2759
-2363
-1886
-1781
-2152
-2722
-3026
-3147
-3131
-2868
-2670
-2902
-3446
-3816
-4099
-5023
-7404
-11449
-15697
-17697
-16165
-11624
-6175
-2075
-198
-163
-1003
-1303
-115
2389
5550
8501
11211
14021
16762
18494
18415
16385
13345
10576
8874
8519
8971
9472
9390
8442
6995
5203
3150
1007
-956
-2169
-2208
-1136
372
1653
2055
1410
-137
-2030
-3381
-3883
-3183
-1487
751
3250
5334
6342
5920
4534
2708
1244
666
878
1767
2660
3013
2348
764
-1421
-4184
-7042
-9363
-10679
-10782
-9999
-8996
-8121
-7750
-7861
-8280
-8794
-8907
-8490
-7544
-6083
-4293
-2238
-339
797
682
-335
-1455
-2019
-1836
-1170
-292
275
484
250
-348
-995
-1900
-2691
-3016
-2745
-1714
-394
809
1002
-1394
-7839
-17150
-24911
-26288
-19916
-10609
-3449
-80
-198
-1780
-3278
-3647
-1664
1721
4377
6581
10203
16155
22679
25690
23464
18039
12201
8448
7682
9141
11677
13171
12021
8948
5538
2653
-463
-5637
-12592
-18616
-20841
-17881
-11102
-4057
406
1062
-1334
-4039
-4810
-3053
357
3784
7102
11201
15831
19757
20866
18125
12632
6077
567
-2399
-2532
-746
1273
2210
1805
207
-2728
-7027
-12057
-15791
-16673
-14607
-10509
-5931
-2437
-778
-1139
-2949
-5018
-6984
-8447
-8597
-6378
-1464
4420
8599
9532
7475
3925
578
-1758
-2860
-3093
-3226
-3347
-3045
-1833
-637
-1279
-4516
-9285
-13159
-14340
-12957
-9939
-6709
-4447
-3365
-2598
-1497
164
1467
1773
1760
1961
2833
3972
4636
4334
3016
1257
-6
-262
212
900
1398
1530
696
-2448
-9236
-18363
-25602
-26581
-20516
-11795
-4764
-749
770
1182
1214
1587
3129
5103
6402
8046
12031
18412
24317
26066
23016
17510
11973
8024
6067
5490
5440
4644
2956
1584
1028
308
-2540
-8432
-15546
-20607
-21144
-16675
-9162
-1658
3800
6591
7788
8609
8966
8499
7100
6017
7294
11210
16109
19232
18673
14526
8246
1415
-4694
-9609
-13167
-14871
-14190
-10868
-6417
-3320
-3208
-6123
-9854
-12123
-12088
-9801
-6500
-3190
47
3179
5813
6989
5150
580
-4597
-7747
-6990
-3089
1261
3884
3990
2521
876
-827
-2986
-6242
-10078
-12728
-12691
-9781
-5698
-2901
-2754
-4669
-6868
-7698
-7059
-5947
-5017
-4118
-2253
1241
5391
8449
8994
7107
4378
2681
2411
2960
3376
3076
2314
1301
94
-1041
-1987
-2671
-2792
-2130
-917
137
-149
-2848
-8588
-16906
-24382
-26927
-22635
-13943
-5740
-203
3042
5200
6859
7792
8254
8489
8485
9144
12195
17709
23208
25312
22745
17529
12090
7594
4166
1255
-1239
-3198
-4307
-3817
-1982
-605
-1874
-6350
-12051
-15755
-15403
-11261
-4967
1610
7652
12893
16991
19213
18588
15169
10143
6001
4961
6866
9727
11040
9607
6319
2301
-2061
-6572
-11324
-15844
-18852
-19282
-16302
-11181
-6280
-3208
-2279
-2061
-1742
-1197
-701
-462
152
1854
4526
7311
8678
7155
3028
-1963
-5640
-6856
-6390
-5342
-4482
-3824
-3009
-2075
-1788
-2939
-5561
-8689
-10501
-10124
-8046
-5590
-3913
-3184
-2694
-1875
-818
-172
-385
-1205
-1509
-525
1577
4112
5696
5837
4699
2965
1635
800
312
-163
-657
-1049
-1321
-1704
-2294
-3038
-3893
-4339
-3824
-2396
-448
1160
1651
231
-3928
-11229
-19865
-25776
-25780
-19644
-11109
-3775
1635
5277
7711
8955
8889
8339
7662
7393
9272
14018
19884
23958
23875
20245
15482
10640
6167
2168
-1327
-3714
-4707
-4025
-1696
618
699
-2091
-6544
-10163
-11237
-9906
-6657
-2097
3109
8629
13662
17047
17798
15461
10945
6409
3796
3511
4643
5715
5943
5267
3602
947
-2910
-7546
-12010
-15015
-15527
-13815
-11085
-8575
-6599
-4839
-2830
-999
137
180
-357
-271
987
3440
5732
6464
5160
2446
-544
-2982
-4657
-5905
-6585
-6676
-5977
-4582
-3178
-2437
-2784
-4062
-5374
-6021
-5898
-5209
-4487
-3813
-2885
-1906
-1066
-593
-505
-520
-547
-306
180
762
1309
1846
2323
2721
2676
1851
596
-528
-1015
-859
-402
-161
-373
-984
-1615
-2114
-2595
-3020
-3009
-2147
-489
1428
2751
2251
-976
-7547
-16448
-23973
-26433
-22476
-14700
-7151
-1253
3096
6234
8240
8672
7977
6850
5923
6969
11099
17015
21962
23262
20934
17111
12867
8706
4573
476
-2692
-4454
-4246
-2076
434
1135
-924
-4824
-8287
-9947
-9757
-7986
-4993
-739
4559
10102
14548
16310
14882
11220
7422
5187
4602
4725
4656
4445
4300
4026
2839
22
-4280
-9219
-13144
-14615
-13554
-11232
-9298
-8193
-7082
-5284
-3015
-1313
-795
-800
-413
1143
3756
6137
7004
5986
3685
1494
-160
-1600
-3087
-4583
-5384
-5215
-4383
-3421
-3084
-3690
-4740
-5529
-5458
-4817
-4391
-4259
-3945
-3089
-1828
-860
-520
-588
-723
-566
-66
453
667
506
237
496
1353
2304
2631
1960
867
-98
-477
-439
-425
-643
-1247
-1913
-2171
-2074
-1825
-1769
-1763
-1336
-275
1282
2559
2059
-1293
-7906
-16629
-23685
-25885
-22254
-15182
-8363
-2862
1499
4895
7228
7816
6998
5794
5152
6845
11376
17050
21396
22313
20262
17073
13447
9616
5552
1570
-1353
-2695
-2170
-190
1471
1126
-1433
-5028
-7847
-9218
-9376
-8458
-6292
-2539
2575
7959
12056
13514
12058
9063
6612
5837
6290
6729
6462
5915
5520
5134
3968
1216
-3159
-7854
-11085
-11877
-10534
-8660
-7571
-7375
-7548
-7358
-6733
-6078
-5281
-4233
-2351
560
3645
5974
6604
5486
3646
1940
712
-96
-858
-1500
-1926
-2177
-2339
-2873
-3875
-5082
-6049
-6306
-5835
-5057
-4270
-3670
-3122
-2549
-2189
-2115
-2272
-2316
-1886
-875
391
1307
1509
1121
642
503
596
700
837
900
1031
1227
1275
934
266
-492
-981
-1098
-1219
-1529
-2085
-2605
-2698
-2210
-1246
-204
700
1512
1733
298
-3894
-11188
-19219
-24150
-23688
-18589
-12023
-6475
-2161
1093
3387
4829
5131
4609
3756
3897
6837
12080
17436
20577
20786
19333
17253
14703
11784
8691
5806
3616
2683
3297
4572
4881
3344
516
-2347
-4580
-6245
-7581
-8323
-7948
-6157
-2897
807
3557
4348
3392
1986
1329
1694
2592
3587
4624
5787
6961
7760
7548
5822
2784
-353
-2350
-3025
-3021
-3135
-3466
-3778
-4076
-4616
-5771
-7393
-8759
-9170
-8173
-6122
-3794
-2108
-1416
-1299
-1426
-1615
-1914
-2243
-2234
-1690
-728
463
1206
1317
935
345
-132
-460
-721
-891
-871
-604
-241
-247
-798
-1762
-2811
-3518
-3695
-3569
-3378
-3248
-3193
-3031
-2788
-2519
-2274
-2079
-1836
-1365
-588
322
1033
1540
1994
2269
2470
2499
2420
2160
1768
1390
1233
1287
1382
1401
1265
1241
1681
2312
2307
218
-4669
-11433
-17873
-21368
-21387
-19028
-15708
-12535
-9449
-6553
-4092
-2314
-1927
-2774
-3651
-2872
625
5885
11226
15455
18304
20160
21147
21104
19860
17563
15070
13465
13389
14491
15558
15702
14473
12250
9359
6047
2498
-1293
-4930
-7513
-8439
-7842
-6668
-6141
-6563
-7712
-8763
-9261
-9179
-8782
-8160
-6865
-4565
-1389
1742
3824
4505
4215
3784
3870
4454
5233
5734
5727
5361
4928
4433
3243
1171
-1165
-2882
-3576
-3534
-3417
-3550
-4114
-4900
-5474
-5900
-6428
-7146
-7714
-7617
-6664
-5191
-3780
-2803
-2180
-1665
-1100
-438
326
890
1266
1686
2377
3195
3728
3703
3230
2551
1839
1213
510
-276
-1107
-1877
-2530
-3108
-3716
-4235
-4511
-4437
-4135
-3763
-3474
-3169
-2748
-2251
-1645
-1022
-491
-130
195
655
1021
1163
1318
1687
2555
3849
5125
5399
3031
-2806
-10761
-17616
-20784
-20060
-17319
-14084
-10924
-8281
-6228
-4909
-4493
-5256
-6859
-7496
-5156
168
6558
12061
16028
18521
19755
19922
19301
17972
15957
14366
14484
16539
18983
19865
18830
16593
13677
10313
6594
2807
-681
-3587
-5288
-5353
-4435
-4131
-5281
-7517
-9771
-11118
-11546
-11286
-10576
-9337
-7252
-4313
-1100
1431
2492
2283
1739
1808
2809
4188
5361
6330
7153
7510
6876
5076
2480
-171
-1915
-2408
-1863
-1183
-1136
-1877
-3102
-4263
-5423
-6807
-8199
-9019
-8736
-7494
-5966
-4866
-4445
-4439
-4378
-3757
-2796
-1856
-1006
-168
1020
2468
3532
3800
3281
2587
2136
2075
2238
2176
1841
1266
607
60
-615
-1657
-3044
-4295
-4859
-4733
-4209
-3757
-3623
-3570
-3424
-3041
-2526
-2135
-1799
-1342
-452
689
1688
2124
2036
1952
2230
2859
3659
4437
4862
4122
832
-5167
-12256
-17891
-20126
-19276
-16581
-13228
-10240
-8108
-6721
-5816
-5380
-5799
-6590
-6065
-3058
2049
7742
12688
16356
18614
19467
19490
19180
18301
17038
16239
16716
18499
20013
20029
18531
16000
12783
9105
5335
1866
-1060
-3302
-4401
-4289
-3847
-4303
-6147
-8905
-11222
-12543
-12801
-12173
-10972
-9122
-6744
-4011
-1410
289
720
320
198
1055
2657
4448
6035
7389
8317
8589
7810
5686
2529
-496
-2118
-2173
-1222
-365
-248
-984
-2427
-4087
-5900
-7794
-9467
-10293
-9766
-8043
-6107
-4844
-4380
-4474
-4489
-4130
-3517
-2775
-1929
-715
1076
3076
4454
4728
4087
3184
2512
2237
2186
2084
1741
1340
1029
650
-95
-1431
-3105
-4446
-5062
-4833
-4178
-3595
-3353
-3381
-3469
-3403
-3228
-3134
-2935
-2299
-1197
140
1254
1715
1824
1841
2140
2823
3657
4606
5434
5592
3956
-414
-6783
-13249
-17818
-19328
-18168
-15386
-12139
-9520
-7565
-6183
-5493
-5614
-6598
-7209
-5996
-2482
2640
8160
12904
16141
17921
18551
18552
18000
16971
16049
15973
17048
18720
19831
19646
18187
15659
12500
9098
5633
2388
-444
-2544
-3518
-3635
-3732
-4620
-6500
-8811
-10751
-11885
-12218
-11891
-10997
-9362
-6993
-4354
-2067
-693
-272
-149
286
1466
3134
4745
5887
6739
7346
7342
6279
4203
1991
189
-913
-995
-624
-390
-882
-2074
-3325
-4589
-6125
-7696
-8768
-8941
-8217
-7174
-6036
-5154
-4893
-5007
-4929
-4508
-3785
-2944
-1888
-390
1409
2861
3573
3647
3351
3017
2763
2680
2544
2142
1678
1398
1188
849
73
-1187
-2552
-3645
-4238
-4312
-4198
-4066
-4028
-3988
-3749
-3402
-3101
-2819
-2413
-1789
-875
27
911
1574
1962
2271
2551
2891
3251
3722
4416
5215
5476
4100
156
-5587
-11468
-15816
-17558
-17051
-14963
-12127
-9807
-7987
-6565
-5828
-5917
-6684
-6887
-5351
-1962
2459
7292
11544
14677
16671
17643
17993
17750
16855
16038
16183
17284
18718
19460
19142
17745
15249
12161
8906
5674
2614
-46
-1876
-2695
-2992
-3530
-4816
-6755
-8927
-10611
-11606
-11951
-11647
-10887
-9410
-7167
-4760
-2834
-1682
-1253
-941
-363
785
2459
4121
5435
6556
7270
7255
6209
4236
2037
313
-471
-358
248
480
-34
-1154
-2609
-4227
-6032
-7699
-8755
-8939
-8159
-6823
-5550
-4873
-4941
-5315
-5500
-5152
-4474
-3587
-2401
-933
668
2160
3146
3466
3250
2781
2551
2519
2537
2482
2271
2031
1799
1407
657
-514
-1898
-3210
-4036
-4365
-4348
-4147
-3857
-3394
-2818
-2417
-2235
-2259
-2347
-2178
-1675
-906
11
682
1188
1616
1922
2283
2578
2932
3465
4085
4696
5028
4087
920
-4139
-9499
-13656
-15808
-16077
-14673
-12018
-9453
-7543
-6186
-5630
-5790
-6605
-7085
-5647
-2364
1793
6176
10194
13375
15391
16173
16228
16045
15569
15094
15502
16742
18219
19036
18572
17290
15374
12840
10043
7140
4376
2053
315
-839
-1613
-2553
-4104
-6102
-8110
-9770
-10901
-11414
-11336
-10703
-9496
-7753
-5893
-4352
-3344
-2825
-2367
-1636
-622
635
1986
3430
4896
5985
6385
5872
4626
3167
1920
1262
1067
947
716
179
-638
-1736
-3136
-4731
-6231
-7269
-7620
-7464
-7072
-6697
-6444
-6178
-5708
-5106
-4466
-3900
-3305
-2491
-1356
-32
1116
1895
2317
2559
2665
2766
2749
2504
2122
1693
1466
1351
1177
698
-4
-720
-1349
-1914
-2516
-3192
-3809
-4069
-3915
-3445
-2893
-2449
-2214
-2103
-1910
-1533
-1053
-674
-347
21
436
959
1378
1695
2118
2569
2905
3011
3119
3248
3431
3277
1686
-1521
-5578
-9347
-11847
-12974
-12950
-11614
-9794
-8474
-7322
-6376
-5775
-5713
-6021
-5424
-3235
-156
3369
7141
10524
13035
14578
15332
15815
15886
15325
15198
15875
16843
17569
17592
16946
15731
13717
11283
8784
6143
3595
1456
-130
-1114
-1974
-3231
-4700
-6435
-8112
-9461
-10494
-10953
-10879
-10228
-8820
-6945
-5093
-3791
-3048
-2567
-2050
-1278
-295
849
2047
3189
4271
4928
4913
4223
3071
2035
1363
953
656
314
-203
-939
-1851
-2838
-3933
-5076
-6134
-6708
-6736
-6412
-6071
-5884
-5820
-5766
-5542
-5027
-4341
-3610
-2789
-1848
-643
509
1190
1481
1541
1556
1769
2112
2535
2682
2474
2186
1852
1540
1020
361
-197
-578
-881
-1274
-1858
-2633
-3398
-3854
-3857
-3411
-2839
-2456
-2211
-1972
-1511
-978
-555
-248
63
450
1074
1734
2151
2312
2267
2180
2230
2384
2441
2403
2455
2513
2435
1806
-290
-3470
-6757
-9294
-10628
-11273
-10947
-9560
-8234
-7248
-6120
-4966
-4133
-4195
-4411
-3221
-795
2018
4934
7895
10468
12173
12929
13344
13679
13489
13122
13398
14228
15071
15332
14862
14070
12608
10532
8445
6456
4485
2585
1080
45
-635
-1513
-2628
-3926
-5508
-6950
-7921
-8462
-8560
-8337
-7772
-6712
-5497
-4630
-4073
-3729
-3439
-2878
-2054
-919
212
1118
1902
2631
3164
3272
2957
2344
1607
950
547
469
318
-47
-781
-1655
-2542
-3425
-4227
-4904
-5206
-5236
-5005
-4717
-4469
-4412
-4480
-4407
-4013
-3430
-2866
-2352
-1708
-958
-149
518
975
1194
1241
1268
1307
1430
1511
1588
1595
1518
1244
693
42
-519
-853
-1047
-1171
-1431
-1879
-2486
-3001
-3224
-3027
-2579
-2008
-1508
-1197
-987
-840
-688
-539
-280
2
452
869
1215
1338
1320
1269
1193
1196
1182
1170
1200
1300
1522
1766
1861
1484
181
-2013
-4268
-5956
-6947
-7424
-7628
-7227
-6364
-5691
-5079
-4435
-3877
-3461
-3396
-2799
-1214
892
2910
4713
6603
8261
9393
10002
10436
10727
10760
10853
11484
12350
12831
12640
11974
11130
10060
8779
7465
6207
4916
3640
2568
1819
972
-245
-1637
-2831
-3843
-4813
-5602
-6005
-6056
-5973
-5778
-5389
-4970
-4863
-4945
-4864
-4435
-3669
-2715
-1698
-640
214
778
1260
1413
1233
858
588
554
561
429
255
157
-75
-417
-902
-1447
-2095
-2757
-3224
-3435
-3502
-3580
-3714
-3900
-4154
-4328
-4349
-4269
-3967
-3564
-2991
-2317
-1665
-1192
-958
-730
-337
107
428
665
933
1155
1350
1490
1452
1198
868
619
617
810
862
670
277
-277
-853
-1306
-1635
-1744
-1635
-1440
-1190
-1070
-1094
-1172
-1246
-1160
-916
-659
-404
-228
-113
64
232
405
534
499
465
613
824
1111
1371
1428
1466
1447
1454
1383
882
-372
-2072
-3487
-4296
-4466
-4481
-4537
-4612
-4831
-4887
-4508
-3930
-3487
-3137
-2725
-1778
-329
1285
2836
4179
5137
5909
6641
7356
8025
8532
9082
9740
10474
10977
11057
10526
9694
9035
8486
7845
7002
5895
4796
3839
2981
2179
1209
-4
-1292
-2351
-3179
-3769
-4252
-4815
-5253
-5499
-5522
-5295
-4944
-4624
-4262
-3773
-3048
-2212
-1485
-952
-598
-275
138
543
810
1023
1175
1314
1399
1314
1016
521
-147
-770
-1268
-1686
-2101
-2574
-3024
-3428
-3777
-4127
-4504
-4829
-4991
-4875
-4539
-4154
-3851
-3722
-3486
-3044
-2496
-1825
-1297
-866
-482
-111
226
517
808
998
1160
1323
1387
1366
1326
1272
1172
1087
915
588
153
-465
-1072
-1714
-2121
-2228
-2077
-1702
-1264
-921
-815
-901
-1064
-1111
-1023
-721
-230
258
679
978
1083
1077
1038
897
825
798
800
1014
1364
1603
1757
1682
1588
1470
1297
1039
671
150
-507
-1349
-2305
-2998
-3329
-3307
-3108
-2970
-2753
-2667
-2793
-2807
-2547
-2037
-1487
-899
-105
800
1731
2662
3503
4230
4855
5410
5975
6547
6985
7344
7672
7903
8020
7936
7587
7149
6668
6095
5475
4874
4267
3615
2828
1996
1257
592
-176
-903
-1483
-2079
-2569
-3040
-3404
-3509
-3465
-3281
-3051
-2871
-2770
-2717
-2554
-2239
-1794
-1354
-964
-751
-611
-459
-317
-185
-48
105
27
-67
-241
-506
-832
-1221
-1582
-1968
-2278
-2516
-2646
-2791
-2944
-3155
-3412
-3570
-3620
-3607
-3525
-3318
-2987
-2588
-2250
-1850
-1531
-1273
-1088
-951
-766
-574
-324
-15
278
489
547
446
458
471
443
427
293
136
-104
-405
-713
-1116
-1432
-1561
-1456
-1256
-1119
-1086
-1196
-1326
-1342
-1262
-965
-510
-150
142
418
597
735
699
546
360
259
331
561
846
990
848
360
-269
-599
-445
-39
540
950
1217
1205
832
415
178
76
167
345
552
761
794
811
857
807
665
586
580
710
903
1150
1467
1844
2056
2189
2327
2450
2498
2529
2546
2594
2642
2679
2814
3023
3113
3052
2975
2866
2784
2661
2548
2516
2486
2353
2118
1943
1796
1595
1363
1134
1070
1028
956
811
647
465
261
3
-389
-813
-1165
-1346
-1295
-1192
-1151
-1265
-1526
-1804
-2064
-2189
-2223
-2235
-2249
-2175
-2046
-2022
-2026
-2058
-2136
-2144
-2001
-1823
-1711
-1659
-1733
-1947
-2151
-2240
-2194
-2115
-2096
-2082
-2114
-2078
-2039
-1996
-1981
-2059
-2096
-2117
-1987
-1740
-1529
-1221
-1012
-860
-722
-607
-501
-417
-395
-418
-328
-267
-128
-1
-13
-162
-465
-775
-977
-838
-528
-337
-290
-268
-222
-166
-98
-122
-84
3
197
378
553
707
783
804
704
575
476
589
713
839
1102
1385
1553
1590
1436
1225
1139
1140
1231
1267
1150
916
689
546
544
597
675
729
761
794
774
673
490
393
428
549
728
744
737
730
767
837
951
1023
1041
1010
918
808
846
996
1323
1597
1662
1535
1330
1169
979
992
1068
1157
1232
1272
1311
1294
1254
1239
1200
1035
825
623
583
671
731
717
696
625
538
379
191
72
-3
-71
-137
-114
-92
-98
-154
-274
-516
-748
-1036
-1264
-1308
-1245
-1221
-1225
-1272
-1333
-1349
-1342
-1335
-1322
-1308
-1300
-1243
-1242
-1207
-1220
-1205
-1133
-1217
-1312
-1419
-1539
-1611
-1630
-1554
-1414
-1255
-1313
-1371
-1271
-1129
-1011
-1117
-1291
-1449
-1549
-1530
-1340
-1104
-928
-792
-795
-906
-1050
-1177
-1321
-1281
-1058
-777
-628
-542
-441
-331
-160
-1
64
61
107
219
389
509
650
729
566
328
150
181
401
734
1005
1097
1084
986
1003
1157
1276
1342
1443
1482
1451
1320
1190
1200
1215
1214
1034
652
375
286
355
453
478
454
419
331
202
113
169
331
388
250
26
-98
-39
55
81
17
5
130
301
515
615
592
490
386
405
477
491
428
496
690
916
1062
1037
859
698
630
557
499
526
659
854
895
810
667
515
431
404
392
460
375
191
98
18
203
403
521
553
372
244
210
256
401
349
138
12
32
93
117
36
-208
-390
-487
-638
-814
-979
-1009
-898
-672
-575
-545
-565
-682
-767
-781
-756
-769
-768
-820
-886
-980
-1097
-1097
-1024
-979
-1010
-1077
-1021
-916
-825
-882
-1150
-1392
-1378
-1195
-1016
-990
-1111
-1158
-1146
-1070
-1097
-1109
-1063
-1020
-880
-692
-527
-448
-433
-466
-408
-250
50
260
368
283
78
-60
-90
49
236
402
604
894
1126
1233
1144
952
743
578
466
318
255
321
480
572
553
474
479
559
658
753
740
661
546
508
472
511
585
691
676
530
487
449
433
468
406
317
216
122
-43
-215
-316
-348
-214
10
185
112
2
-166
-257
-219
-112
-3
72
197
347
598
765
844
898
921
856
576
206
-51
-68
129
380
466
426
260
20
-157
-214
9
362
551
531
307
44
-146
-150
-152
-140
-182
-166
-141
-160
-152
-211
-227
-159
1
10
-26
-10
97
273
415
375
191
107
103
105
29
-104
-263
-350
-416
-458
-475
-418
-281
-102
46
47
-74
-275
-358
-330
-297
-252
-185
-59
-4
-20
-144
-271
-391
-435
-436
-413
-367
-247
-89
-7
-171
-497
-756
-872
-694
-438
-157
-40
-40
-163
-207
-165
-192
-335
-508
-729
-822
-704
-533
-430
-439
-416
-478
-560
-704
-821
-761
-528
-223
14
249
514
607
629
437
176
75
29
93
182
216
199
143
146
179
164
205
277
384
351
256
110
13
124
329
546
562
438
307
250
272
310
396
430
490
412
278
142
160
327
496
603
554
477
357
299
148
-65
-165
-223
-267
-247
-193
-24
218
359
309
104
-68
-162
-155
-98
-126
-165
-120
15
123
84
-83
-249
-247
-132
108
223
243
177
76
7
-47
-13
49
73
-11
-119
-244
-219
-107
111
265
272
230
109
107
172
213
207
265
384
465
471
376
325
296
347
383
339
272
192
156
-2
-161
-285
-314
-31
325
449
367
89
-249
-472
-550
-461
-294
-118
-25
-48
-225
-435
-432
-347
-153
-41
-95
-199
-327
-421
-376
-311
-333
-438
-603
-765
-816
-734
-641
-438
-298
-219
-291
-502
-642
-670
-515
-285
-29
80
27
-76
-103
-27
159
406
561
668
607
442
231
94
65
95
241
367
465
494
357
107
33
108
138
171
97
72
98
188
305
343
303
76
-194
-434
-427
-195
127
406
415
296
123
-64
-184
-301
-342
-290
-254
-195
-268
-371
-448
-372
-273
-130
26
126
237
170
68
-142
-263
-139
34
228
150
33
-62
-61
51
78
57
-36
-140
-148
-90
-124
-140
-188
-238
-203
-109
10
162
275
288
274
284
220
260
383
486
505
453
407
326
260
191
139
122
112
108
128
101
-24
-118
-192
-268
-194
-196
-114
23
59
71
-42
-120
-126
-74
-3
47
28
-87
-118
41
244
396
487
511
402
257
99
39
70
110
176
77
-131
-468
-604
-541
-388
-234
-292
-383
-456
-463
-318
-69
150
370
415
335
202
60
-112
-121
-66
39
170
224
227
228
257
174
45
-143
-241
-219
-185
-122
-44
21
38
-2
-157
-251
-277
-300
-212
-247
-223
-105
17
115
92
4
-182
-235
-144
7
164
276
411
429
234
-13
-197
-168
-37
28
-51
-102
-122
-109
-24
97
260
340
283
72
-100
-182
-103
62
215
304
212
60
-59
-113
-231
-289
-230
-168
-69
-20
-57
-122
-121
-34
109
264
282
323
443
501
548
426
173
-120
-305
-347
-195
-16
41
-47
-230
-339
-356
-291
-197
-70
59
151
173
59
-87
-192
-213
-217
-328
-431
-480
-394
-239
-37
152
144
17
-141
-268
-412
-580
-748
-896
-871
-633
-369
-111
-25
-9
-75
-227
-327
-383
-302
-154
48
304
578
704
739
638
582
492
461
433
364
371
409
472
420
298
125
32
146
328
441
458
313
99
-33
76
212
345
532
544
526
385
277
248
279
298
286
260
153
75
4
18
26
11
-16
-69
-40
-56
-42
-11
-43
-75
-137
-191
-272
-160
-25
135
216
60
-184
-390
-402
-214
17
198
326
278
44
-267
-429
-386
-238
-97
-10
-72
-188
-295
-349
-337
-347
-346
-349
-346
-319
-296
-291
-253
-209
-223
-227
-250
-313
-292
-206
-127
-61
-52
-75
-20
4
36
52
87
46
-10
-71
-156
-132
-72
104
280
403
364
163
-117
-249
-227
-194
-207
-195
-123
-21
106
182
201
197
158
-8
-128
-185
-183
-107
-57
-67
-40
24
69
160
55
-81
-182
-308
-318
-200
-77
11
65
42
133
203
228
263
246
269
312
222
-12
-223
-331
-322
-296
-203
-83
135
377
409
326
259
135
77
119
202
334
314
237
112
31
52
149
258
360
398
414
346
230
152
199
238
364
374
303
224
134
104
137
171
90
88
48
-38
-1
-4
106
282
371
376
113
-190
-470
-508
-335
-120
149
247
179
176
140
58
-37
-146
-207
-274
-361
-337
-211
4
196
211
142
-81
-274
-314
-329
-271
-255
-281
-327
-380
-412
-395
-438
-559
-665
-723
-611
-457
-190
-16
50
50
13
19
41
37
-67
-222
-388
-392
-303
-248
-305
-362
-346
-317
-292
-166
-50
44
80
88
72
44
16
6
64
95
73
58
94
146
234
285
224
118
12
-45
17
98
223
357
512
648
667
497
260
24
-148
-103
-12
73
244
365
477
502
413
255
159
140
169
230
250
298
389
464
455
364
177
94
130
183
274
315
322
273
198
17
-174
-377
-441
-367
-186
0
41
57
-82
-222
-287
-302
-344
-332
-346
-320
-303
-314
-342
-357
-282
-213
-152
-154
-112
-107
-31
31
28
-73
-246
-269
-295
-237
-157
-156
-224
-298
-280
-151
-19
127
108
67
149
259
321
252
157
107
201
335
469
489
397
234
38
-94
-31
224
412
532
391
216
47
-75
-95
-118
-105
-149
-137
-134
-138
-101
-34
48
31
-81
-191
-168
-78
-60
-198
-437
-654
-663
-491
-229
19
99
13
-126
-193
-205
-146
-97
-102
-87
-40
43
141
168
67
-68
-190
-216
-171
-82
-100
-195
-256
-347
-387
-358
-237
-228
-234
-278
-225
-190
-123
-67
-81
-26
74
183
165
125
37
89
169
211
274
235
165
134
159
249
321
326
329
343
392
370
277
221
176
215
241
388
607
679
636
401
147
-56
-77
41
169
259
240
206
208
310
314
269
146
84
51
31
93
191
311
324
303
189
45
-57
-108
-125
-143
-113
-85
-81
-64
-95
-129
-153
-183
-245
-348
-443
-583
-571
-547
-603
-600
-565
-477
-370
-220
-54
-8
21
-42
-111
-136
-257
-392
-415
-391
-292
-65
71
153
235
292
306
280
193
42
15
67
199
332
395
415
303
193
129
198
218
144
26
-118
-176
-156
-113
-62
-24
101
203
289
310
247
217
178
44
-181
-368
-415
-339
-248
-237
-279
-323
-371
-374
-289
-291
-262
-216
-144
-85
-60
-43
-71
-110
-211
-265
-339
-205
-13
179
321
421
412
326
270
163
31
-35
-40
20
190
235
199
26
-154
-318
-359
-284
-171
-34
32
91
72
43
-30
-86
-167
-262
-225
-165
-50
124
276
397
437
451
437
409
404
293
102
-69
-143
-109
-99
-45
25
51
-2
-75
-158
-160
-57
69
212
253
229
159
137
56
19
-25
34
129
216
290
224
208
112
-33
-149
-176
-117
27
175
295
381
390
303
150
-15
-164
-189
-129
-83
-58
-68
-131
-115
-103
-92
-108
-193
-201
-167
-145
-201
-289
-286
-218
-170
-122
-79
-44
-54
67
100
49
-184
-464
-537
-390
-163
73
266
392
489
391
260
68
-138
-264
-343
-366
-313
-199
5
207
318
404
427
313
118
-96
-172
-161
-90
-62
12
132
197
341
302
175
58
-40
-84
-58
-20
-62
-165
-243
-245
-163
6
137
119
74
8
7
-31
-137
-233
-303
-353
-380
-254
-145
-56
31
79
139
109
-47
-230
-343
-261
-63
190
460
545
476
352
226
133
144
117
89
0
-125
-182
-231
-162
-130
-80
-109
-288
-324
-283
-163
-13
76
16
-118
-160
-120
52
188
253
228
145
107
135
53
43
68
52
-6
-127
-128
-112
15
151
310
465
510
382
130
-69
-115
1
227
492
601
429
126
-211
-391
-435
-257
-37
56
155
201
117
-38
-108
-151
-198
-251
-210
-117
-100
-56
