747
680
671
621
621
579
335
125
-53
-140
-290
-394
-601
-880
-957
-1119
-1200
-1360
-1463
-1591
-1826
-1974
-2066
-2025
-2080
-2194
-2301
-2466
-2526
-2382
-2293
-2285
-2281
-2328
-2346
-2436
-2382
-2157
-1779
-1466
-1301
-1249
-1400
-1478
-1433
-1358
-1273
-1022
-797
-616
-406
-300
-238
-263
-274
-292
-349
-295
-79
15
124
196
270
398
475
694
838
907
1013
1137
1257
1304
1345
1264
1122
974
974
1054
1130
1388
1556
1559
1479
1338
1273
1231
1226
1226
1196
1172
1142
1044
919
912
841
751
759
757
761
686
639
610
520
505
441
453
570
580
374
6
-437
-778
-867
-819
-666
-450
-437
-433
-447
-518
-556
-570
-443
-337
-47
212
293
254
-70
-560
-1035
-1251
-1284
-1007
-674
-310
48
236
482
682
981
1117
1267
1312
1342
1465
1478
1471
1405
1300
1215
1376
1704
1858
1945
1981
2062
2067
2024
1897
1651
1453
1371
1464
1474
1389
1215
834
422
127
-69
-96
-198
-181
-84
-67
-115
-279
-502
-937
-1441
-1980
-2261
-2384
-2365
-2185
-2068
-1949
-1932
-2173
-2278
-2284
-2373
-2316
-2275
-2328
-2452
-2681
-2848
-2831
-2674
-2609
-2560
-2547
-2540
-2576
-2546
-2496
-2434
-2326
-2143
-1836
-1661
-1511
-1513
-1564
-1580
-1576
-1450
-1305
-1188
-825
-544
-56
365
685
864
1000
1033
873
800
971
1142
1311
1760
2113
2232
2214
2066
1890
1792
1705
1843
2013
2355
2644
2830
2732
2498
2071
1654
1472
1382
1413
1428
1389
1227
1100
936
830
848
1019
1127
1149
974
934
755
656
601
361
337
304
378
487
524
491
468
310
127
-139
-316
-355
-300
-298
-228
-115
-252
-500
-764
-1025
-1218
-1230
-1121
-910
-548
-232
-56
-190
-601
-944
-1201
-1254
-1126
-727
-317
24
401
697
908
885
761
780
1020
1272
1468
1616
1691
1676
1593
1474
1424
1332
1204
1133
1010
872
896
979
1130
1313
1271
1145
780
431
88
-310
-610
-846
-947
-1017
-958
-951
-925
-942
-1116
-1253
-1358
-1387
-1426
-1346
-1346
-1396
-1569
-1647
-1717
-1771
-1752
-1800
-1865
-1843
-1855
-1952
-2072
-2162
-2167
-2024
-1747
-1345
-1041
-1018
-1127
-1385
-1616
-1666
-1551
-1440
-1251
-1141
-1137
-1111
-1220
-1170
-1029
-851
-604
-421
-196
-86
28
122
143
121
110
34
-72
82
286
628
1009
1154
1281
1369
1387
1296
1308
1465
1693
1856
1818
1649
1324
1146
920
888
1150
1474
1812
1908
1839
1533
1197
952
868
952
1076
1079
1112
1099
962
809
521
421
497
753
929
1029
1062
1015
868
626
343
65
-64
-23
17
28
-95
-322
-547
-669
-674
-648
-578
-621
-597
-700
-903
-1029
-902
-903
-940
-835
-730
-661
-598
-425
-468
-516
-504
-360
-4
360
599
736
801
932
1097
1177
1121
1153
1171
1163
1223
1157
1320
1358
1178
1009
768
668
722
817
945
1058
1193
1166
1053
904
870
826
523
258
3
-168
-286
-412
-564
-663
-780
-917
-1094
-1296
-1416
-1378
-1396
-1429
-1503
-1682
-1744
-1761
-1838
-1896
-1962
-1949
-1852
-1630
-1406
-1290
-1250
-1304
-1479
-1650
-1656
-1721
-1607
-1538
-1513
-1347
-1158
-927
-739
-655
-915
-1118
-1188
-1134
-814
-462
-149
-8
-175
-403
-648
-693
-421
33
572
844
828
683
600
437
311
315
379
601
847
959
1052
1091
1095
1164
1198
1119
874
903
885
1018
1263
1358
1448
1331
1192
1147
1149
1196
1219
1151
1075
944
894
778
713
607
501
425
500
646
851
882
477
-38
-454
-572
-493
-210
-38
-148
-387
-577
-750
-966
-996
-1082
-1094
-942
-907
-853
-744
-705
-526
-335
-189
-135
-262
-409
-545
-539
-327
-38
323
642
775
832
863
920
995
1144
1233
1234
1123
1016
997
1080
1356
1690
1813
1768
1639
1333
1106
1005
1003
994
1209
1302
1244
1099
930
688
427
277
58
-224
-511
-635
-687
-607
-514
-379
-326
-383
-569
-762
-1074
-1217
-1185
-1096
-1066
-1233
-1386
-1552
-1693
-1810
-1858
-1905
-1921
-1902
-1858
-1704
-1503
-1285
-1018
-982
-1125
-1298
-1544
-1579
-1485
-1273
-1025
-969
-1022
-1218
-1340
-1380
-1289
-1005
-696
-336
-20
125
33
-72
-289
-462
-509
-498
-188
143
452
646
664
663
663
559
439
331
215
243
449
700
954
1105
1244
1302
1234
1107
925
843
885
1124
1424
1581
1468
1189
883
616
488
423
361
403
337
235
116
182
409
619
630
673
619
369
239
118
33
-15
-51
-98
8
-55
-73
-57
15
98
-30
-146
-287
-329
-427
-481
-555
-713
-811
-790
-529
-162
272
566
736
799
923
968
986
1121
1089
1123
1221
1196
1077
992
1105
1300
1324
1402
1544
1654
1801
1899
1942
1780
1578
1379
1218
1072
967
900
781
825
676
450
109
-226
-458
-528
-432
-562
-743
-989
-1055
-1016
-1056
-1169
-1520
-1796
-2076
-2249
-2296
-2267
-2171
-2145
-2164
-2234
-2214
-2085
-1989
-1834
-1777
-1845
-1968
-2082
-2248
-2331
-2198
-1928
-1659
-1498
-1379
-1312
-1156
-1084
-981
-980
-1165
-1304
-1266
-924
-485
-161
24
78
115
73
-274
-989
-1751
-2205
-2088
-1489
-824
-78
509
940
1073
1139
1567
1999
2300
2244
1892
1531
1620
2325
3391
4314
4763
4701
4078
3022
2037
1439
1148
1306
1734
2239
2570
2695
2611
2250
1687
1157
872
691
722
815
910
911
892
789
534
-63
-996
-2232
-3704
-5440
-7382
-9193
-10572
-11144
-11087
-10378
-9214
-7482
-5235
-2804
-470
1294
2433
3064
3279
3308
3127
2888
2866
3166
3986
5270
6767
8396
9817
10738
11149
10864
9972
8448
6462
4109
1782
-88
-1358
-1964
-2191
-2091
-1617
-971
-297
179
163
-288
-1169
-2218
-3443
-5074
-6444
-7488
-7990
-7688
-6877
-5699
-4063
-1893
505
2974
4922
5995
6425
6494
6201
5593
4814
3798
2851
2183
1945
1726
1482
982
135
-801
-1557
-2289
-3258
-4369
-5463
-6102
-5988
-5085
-3874
-2577
-1314
-192
762
1470
1757
1450
742
-17
-616
-920
-942
-705
-244
566
1396
2067
2330
1977
1127
10
-941
-1691
-2434
-3337
-4374
-5102
-4952
-4013
-2778
-1521
-434
348
928
1275
1279
847
157
-87
57
660
1488
2180
2712
3002
2905
2770
2914
3175
2807
586
-3986
-10482
-16804
-21119
-23055
-23744
-24103
-23434
-20153
-13590
-5146
2634
8234
11943
14762
17363
19145
19274
17782
15608
13943
13546
14496
16345
18570
20598
21885
22137
21050
18218
13315
6558
-940
-7832
-13053
-16605
-19006
-20235
-19405
-16053
-10806
-5267
-1052
1404
2702
3752
4463
4222
2784
1089
297
1187
3410
6031
8378
10093
11032
11216
10391
8213
4413
-827
-6566
-11875
-15885
-18575
-20202
-20974
-20433
-18135
-14500
-10847
-8081
-6738
-5797
-4198
-2193
181
2507
4880
7905
11598
15292
18128
19374
19133
17527
14658
10990
6627
1755
-2979
-7300
-10488
-11974
-12005
-11007
-9703
-8223
-6324
-4204
-2539
-1970
-2793
-3806
-3888
-3115
-1605
152
2275
5282
8953
12098
13583
13086
11186
8656
5803
2955
12
-2600
-4335
-5041
-4859
-3977
-2912
-2350
-2533
-3366
-4259
-4820
-5248
-6113
-7207
-7785
-7052
-5089
-2711
-834
260
1194
2142
3132
3894
3865
2263
-1807
-8639
-16272
-22342
-25067
-24660
-23096
-20588
-15678
-7554
2941
12553
18888
22137
23355
23761
23019
20000
15268
10349
6814
5525
5810
6696
7829
8961
9676
9625
8244
5333
762
-5409
-12289
-18373
-22201
-22926
-21277
-18072
-12970
-5795
3037
11733
17837
20506
20541
19360
17512
14467
9967
4988
1156
-353
259
1471
2340
2565
2117
1149
-722
-3832
-8043
-12897
-17588
-20895
-21988
-20588
-17194
-12797
-7629
-1703
4670
10547
14241
15063
13222
9850
5932
1482
-3138
-7455
-10066
-9430
-6119
-1583
2830
5727
7128
6890
4729
978
-4047
-8997
-12558
-14089
-12764
-8974
-3926
1409
6068
9519
11649
11806
9364
4747
-829
-5512
-8028
-8508
-7433
-5077
-1330
3733
8604
11468
11527
8938
4848
321
-4359
-8681
-12033
-13325
-12104
-8878
-4556
-201
3500
6059
7374
7280
5837
3668
1292
-841
-2278
-2639
-1894
-639
791
1780
1976
1907
1572
1051
697
285
-338
-1754
-5319
-11551
-18792
-24345
-25981
-23873
-20202
-15889
-9913
-1207
9373
18655
24194
26060
25553
24255
22085
18074
12726
7394
3514
1862
1784
2333
3075
3573
3497
2384
77
-3117
-7222
-11920
-16418
-19261
-19103
-15521
-9902
-3569
3105
10125
17158
22639
24781
23234
19162
14383
9716
4783
-457
-5297
-8471
-9164
-7874
-6078
-4880
-4694
-5547
-7313
-9953
-13200
-16541
-19129
-20119
-18657
-14176
-7112
1018
8351
14034
18013
20333
20548
17799
12051
4736
-2334
-8076
-12804
-16746
-19582
-20558
-18867
-15365
-11572
-7745
-4285
-1307
1596
3824
5362
6723
8015
9287
10301
11001
11231
10330
7984
4364
-159
-4270
-7585
-10798
-13164
-13966
-12490
-8555
-3565
1093
4989
8385
11291
12716
11768
8781
4773
998
-1922
-4138
-5650
-6182
-5324
-3410
-1134
925
2291
2818
2647
1886
825
136
-28
219
741
1356
1945
2553
2828
2748
2107
1130
212
-931
-1870
-2379
-2626
-2336
-1300
133
1569
1497
-1999
-9062
-17364
-23449
-24989
-22945
-19901
-16204
-10064
-249
11399
20818
25685
26470
25181
23326
20209
14939
8393
2240
-1731
-2828
-2162
-766
775
2059
2691
2134
338
-2538
-6566
-11168
-15000
-16352
-13964
-8465
-1934
4452
10795
17140
22645
25367
23881
18881
12352
6194
652
-4774
-9859
-13496
-14328
-12175
-8533
-5211
-3225
-2778
-3600
-5474
-8175
-11114
-13560
-14443
-12925
-8534
-1473
6564
13461
17820
19502
18993
16441
11427
3824
-5008
-12840
-17993
-20390
-21134
-21052
-19823
-16685
-12313
-7622
-3853
-1304
1155
3837
6517
8976
10783
12077
13145
13648
13286
11421
7910
2914
-3029
-8786
-13308
-16177
-17319
-16716
-14158
-9328
-2763
3888
9001
11987
13222
13333
12321
9758
5662
1190
-2126
-3691
-4059
-3964
-3839
-3377
-2265
-891
-71
-248
-1042
-1830
-1946
-1227
148
1580
3080
4336
5120
5468
4966
3533
1452
-745
-2293
-3070
-3158
-3052
-2824
-1881
-321
1616
3392
3950
2395
-2016
-9578
-17948
-24140
-26236
-24077
-19988
-14656
-6803
3544
14833
23509
27201
26855
24133
20495
16055
9963
3164
-2456
-5377
-5125
-3056
-658
1472
2840
3092
1874
-1005
-4995
-9441
-13519
-15742
-14792
-10178
-2753
5243
12355
18408
23137
25854
25253
20611
13149
4917
-2288
-7898
-12326
-15337
-16136
-14045
-9442
-4283
-559
913
219
-2028
-5091
-8306
-10674
-11200
-9313
-4933
1479
8783
15200
18987
19391
16786
12012
5775
-1717
-9930
-17364
-22157
-23188
-20954
-16820
-11971
-6859
-1984
1492
2777
1421
-1167
-3127
-4097
-3132
-518
3221
8552
13635
16745
17525
14853
9478
2423
-5851
-13323
-18705
-20807
-19428
-15364
-9081
-1452
6080
12047
15103
14752
12198
8391
3903
-474
-4147
-6025
-5313
-2642
920
3804
5491
5996
5073
2741
-777
-4689
-7678
-8771
-7750
-4890
-886
3504
7332
9801
10385
9056
6121
2054
-1971
-5125
-6564
-6211
-4910
-3118
-1297
528
2196
3306
3716
3552
2981
1711
-1345
-7351
-15771
-23507
-27284
-25630
-20182
-13769
-6583
2398
12761
22113
27099
27002
23545
18833
14183
9125
3431
-1593
-4676
-5010
-3089
-523
1602
2604
1904
-506
-4141
-8042
-11423
-13946
-14855
-12932
-7216
1585
11060
18543
23239
25602
25846
23634
18171
9725
398
-7447
-12423
-14729
-15202
-14040
-11232
-7038
-2677
240
860
-747
-3868
-7272
-9538
-9713
-7388
-2931
2759
8933
14857
19381
20827
18230
12095
4081
-4034
-11234
-17337
-21773
-23373
-21455
-16610
-10641
-5328
-1378
1318
2852
2815
975
-1605
-3851
-4449
-2776
135
3895
7923
10862
12390
11706
8421
3443
-2677
-8650
-13041
-14853
-13546
-9834
-4935
509
5567
9520
11624
10921
7751
3413
-627
-3407
-4784
-4922
-3727
-1133
2397
5657
7387
7150
5268
2525
-312
-2914
-4903
-5714
-4990
-2784
269
3251
5270
5701
4622
2579
127
-2057
-3753
-4622
-4439
-3028
-553
1901
3624
4375
4098
3380
2444
1319
461
93
149
-416
-3734
-10833
-19641
-26165
-26996
-22514
-16482
-10607
-3467
6288
17294
25376
27797
25500
21026
16529
12062
6669
991
-3476
-5442
-4668
-2538
-455
748
444
-1565
-4779
-8122
-10673
-12282
-12887
-11460
-6531
2080
12191
20263
24646
26001
25388
23044
17891
9550
-246
-8660
-13704
-15355
-14918
-13310
-10673
-7146
-3402
-744
46
-1065
-3507
-6043
-7221
-5936
-2158
3106
8410
13053
16814
19137
18607
14208
6396
-2765
-10791
-16520
-20093
-21801
-21068
-17409
-11520
-5267
-507
2051
2970
2835
1762
-206
-2479
-3826
-3659
-1883
1204
4374
7284
9131
8763
6695
3075
-1405
-5762
-9473
-11502
-10839
-7613
-2805
1965
5523
7927
8886
8204
5621
1379
-2973
-5772
-6496
-5331
-3048
-268
2779
5478
7228
7330
5708
3003
6
-2499
-3891
-3897
-2805
-948
1084
2845
3984
3964
2438
-144
-2865
-4535
-4783
-4094
-2752
-974
1372
3885
5607
5848
4698
2891
1151
-175
-1010
-1390
-991
-42
13
-2828
-9893
-18988
-25698
-26639
-21979
-15619
-9409
-1723
8353
19099
26407
27759
24500
19260
14043
9014
3620
-1267
-4384
-5019
-3446
-1002
1079
1856
654
-2607
-6682
-9984
-11739
-11988
-10949
-7689
-1019
8252
17302
23100
24709
23438
20455
15934
9336
963
-7075
-12454
-14247
-13161
-10599
-7593
-4768
-2615
-1560
-1715
-2950
-4937
-7079
-8141
-6639
-2059
4450
10721
15112
17309
17631
15756
11015
3418
-5444
-13090
-17734
-19213
-18320
-15669
-11504
-6471
-1878
1054
1763
702
-1169
-2985
-4037
-3780
-2577
-291
2585
5281
8011
9228
8286
5751
1631
-2300
-5133
-7285
-8195
-7749
-5683
-1929
2026
4860
5911
5214
3746
1752
-554
-2606
-3918
-4010
-2576
-268
2234
4291
5190
4888
3720
2239
695
-729
-1828
-2156
-1329
440
2318
3312
3109
2064
538
-1293
-3302
-5141
-6108
-5416
-3293
-652
1966
3661
4493
4856
4254
3055
1545
22
-813
-939
-565
151
1109
2260
2866
1263
-4455
-13961
-23504
-28324
-25953
-19023
-11505
-3723
5642
16188
24563
27253
24225
18061
11629
6310
1900
-1350
-2739
-2083
83
2687
4513
4556
2109
-2964
-9150
-13891
-15566
-14341
-11170
-6202
1198
10421
18838
23465
23214
19518
14394
8924
3274
-2388
-6847
-8749
-7919
-5355
-2509
-597
-416
-2164
-5258
-8471
-10611
-11269
-10519
-8098
-3382
3530
10823
16082
17854
16377
12882
8106
2305
-3967
-9456
-12561
-12665
-10514
-7470
-4696
-2806
-2179
-2911
-4757
-6942
-8637
-8854
-7026
-3167
2020
6941
10032
10583
8852
5529
1433
-2732
-6078
-7493
-6487
-3580
-57
2780
4204
4110
2906
891
-1432
-3495
-4670
-4496
-2896
-358
2253
4038
4481
3639
1963
109
-1569
-2737
-2985
-1915
407
3165
5340
6174
5595
4059
1862
-662
-3122
-5031
-5745
-5073
-3325
-1207
649
1758
1944
1574
944
225
-246
-455
-187
737
1838
2660
2606
1875
1082
507
570
1007
1125
50
-3963
-11816
-21200
-27544
-26981
-19863
-10789
-2651
5245
13555
20808
23891
21444
15611
9509
5263
3159
2530
3163
4578
5767
6144
5298
2845
-1428
-7521
-13984
-17900
-17342
-12833
-6504
-158
6184
12525
17488
19255
17033
12262
7419
4002
2282
1697
1708
2082
2347
1907
488
-2082
-5885
-10456
-14556
-16292
-14598
-10192
-4838
192
4657
8578
11301
11838
9983
6715
3531
1424
422
115
50
-170
-862
-2229
-4267
-6819
-9707
-12436
-14075
-13711
-10998
-6722
-2287
1303
3563
4656
4693
3966
3289
2998
3484
4561
5402
5758
5162
3272
381
-3173
-6498
-8669
-9328
-8310
-5780
-2315
1385
4207
5537
5390
4113
2405
744
-483
-866
-315
903
2194
2893
2671
1547
-209
-2023
-3323
-3727
-3053
-1524
481
2452
3775
4017
3049
1105
-1169
-3081
-4034
-3979
-2951
-1186
553
2001
2648
2307
1574
662
-173
-706
-1043
-749
277
1679
3227
4160
3388
-355
-8228
-18655
-26755
-27946
-21379
-11205
-1948
5825
12646
17690
19142
15978
10071
4635
1773
2107
5023
9075
12392
13150
10843
6548
1153
-4994
-11483
-16979
-18691
-15051
-7768
-75
5451
8394
9553
9212
7377
4634
2296
1814
3680
7169
10962
13343
12900
9254
3281
-3187
-8477
-12137
-14103
-13974
-11272
-6364
-1168
2102
2468
674
-1665
-3219
-3282
-1652
1348
5066
8626
11106
11736
9940
5540
-571
-6530
-10431
-11476
-10281
-7954
-5470
-3365
-2477
-3572
-6486
-9616
-11205
-10033
-5919
-487
5538
11002
14070
14520
12075
7329
2097
-2726
-5943
-6555
-5095
-2649
-585
49
-513
-1873
-3749
-5374
-6140
-5129
-2086
1909
5678
8156
8660
7303
4530
1146
-1805
-3554
-3886
-2962
-1085
1048
2590
2820
1612
-432
-2348
-3420
-3486
-2683
-1245
559
2254
3274
3266
2081
306
-1277
-2138
-2006
-1348
-625
-115
144
430
770
1253
1836
2494
2653
454
-6300
-16873
-26060
-27761
-20204
-8730
460
6311
10066
12288
12045
8795
4645
2267
2726
5986
11159
16366
18945
16711
10096
2193
-4197
-8222
-10634
-11733
-10203
-5633
-121
3391
3359
618
-2736
-4970
-4937
-2153
2802
8432
12962
15415
15738
13854
9463
3158
-3030
-6434
-5923
-3026
-182
1007
399
-1526
-4428
-7820
-10774
-12108
-11077
-7591
-2275
3560
7992
9454
7888
4755
1943
342
-225
-125
546
1607
2535
2464
772
-2521
-6655
-10527
-12658
-12124
-9376
-5404
-1599
1104
2720
3434
3179
2244
1183
686
1371
3006
4643
5263
4403
2287
-426
-2893
-4563
-5206
-4853
-3688
-2014
-249
1056
1408
824
-82
-675
-528
251
1213
1995
2311
2139
1455
428
-736
-1701
-2141
-1807
-722
698
1827
2198
1782
917
77
-505
-808
-948
-858
-612
-193
284
316
-173
-1018
-1782
-1889
-1482
-990
-469
31
943
2217
3187
3187
740
-5763
-15680
-24828
-27070
-19813
-7602
2508
7252
7638
5794
3094
414
-557
1648
6539
12520
17931
21355
21170
16218
7678
-702
-5053
-4425
-1116
1820
3061
2679
712
-2823
-7198
-10792
-11819
-9663
-4917
1240
7007
10394
10236
7254
3837
2157
2685
4518
6588
8383
9518
9116
6578
2200
-2627
-6279
-7818
-7211
-5273
-3350
-2783
-3952
-6138
-7871
-8133
-6953
-4808
-2154
717
3190
4464
4069
2451
653
-446
-327
664
1823
2296
1258
-1038
-3557
-5401
-5888
-5173
-3826
-2149
-578
348
380
-587
-1991
-2835
-2613
-1184
903
2669
3305
2527
807
-932
-1882
-1795
-835
518
1793
2556
2417
1301
-338
-1658
-2092
-1422
-11
1501
2353
2040
715
-1062
-2488
-3087
-2758
-1636
-250
1002
1677
1528
752
-178
-747
-782
-251
566
1242
1529
1183
303
-678
-1437
-1720
-1475
-748
158
925
1339
1359
793
-1709
-8020
-17538
-25369
-25381
-16198
-3580
4855
6234
2163
-3766
-7924
-7461
-1397
7911
16133
20365
20589
18256
14324
9330
4848
3392
5964
10572
13695
12804
7836
654
-6375
-10948
-11422
-7974
-2927
564
709
-1825
-5123
-7440
-7761
-5699
-1378
4046
8546
10476
9486
6708
3980
2773
3639
6083
8726
9918
8636
5040
394
-3746
-6332
-6963
-6168
-4699
-3486
-3443
-4742
-6906
-9022
-10068
-9445
-7283
-4230
-1513
-100
-92
-858
-1308
-721
762
2695
4454
5357
5235
4091
2284
573
-519
-761
-284
235
236
-618
-2214
-3864
-4889
-4858
-3937
-2723
-1887
-1666
-1939
-2243
-2174
-1632
-719
294
1112
1669
1928
1863
1625
1363
1316
1563
1977
2271
2154
1615
874
170
-266
-375
-338
-396
-738
-1293
-1791
-2104
-2175
-2061
-1918
-1593
-1230
-853
-616
-749
-987
-930
-403
698
1872
2716
3240
3231
1892
-3037
-12370
-21986
-24783
-17135
-3859
4945
4229
-3445
-12199
-16787
-15021
-7227
4218
14171
17899
15003
9014
4695
4827
8510
13778
18708
21104
19822
15021
8648
3916
2696
4316
6957
8522
7660
3929
-2183
-8542
-12081
-11244
-6992
-2275
-81
-1359
-4948
-8525
-9703
-7542
-2707
2834
6718
7470
5532
2597
758
1231
3661
6838
9217
9694
8064
4914
1353
-1271
-2597
-2682
-2079
-1827
-2359
-4097
-6673
-8522
-8793
-7543
-5495
-4096
-4023
-4810
-5853
-6109
-4794
-2313
594
2603
2878
1782
321
-386
176
1686
3377
4389
4162
2784
1046
-251
-606
-199
292
380
-181
-1234
-2509
-3624
-4222
-4188
-3694
-3105
-2878
-3041
-3413
-3661
-3328
-2282
-797
595
1513
1744
1679
1524
1594
1937
2346
2733
2814
2567
1988
1357
766
458
415
202
-289
-1173
-1999
-2077
-1325
-95
1009
1233
-419
-5868
-14860
-22902
-23232
-13699
-1042
4406
-575
-10687
-17707
-17389
-10854
-1449
7700
13202
12823
8048
3129
2172
5769
11985
18118
21990
21777
17397
10915
6482
7184
12039
16511
16846
12475
5953
421
-2534
-2666
-948
884
1027
-1280
-5291
-9088
-11167
-10930
-8719
-5662
-3255
-2647
-4111
-6341
-7165
-5153
-891
3545
5896
5569
3667
2025
1858
3230
5030
6143
6001
4749
3047
1464
369
135
677
1043
660
-820
-3061
-4861
-5594
-5346
-4603
-4242
-4557
-5398
-6176
-6355
-5902
-5041
-3992
-3165
-2470
-1895
-1426
-817
103
1151
2009
2408
2177
1723
1529
1838
2448
2881
2760
1978
828
-182
-866
-1097
-1016
-1052
-1429
-1947
-2503
-2945
-3154
-3132
-2875
-2506
-2215
-2048
-1921
-1771
-1381
-856
-167
558
915
821
485
120
390
1277
2252
3087
3312
3145
2593
1171
-3249
-10627
-16637
-15911
-7598
961
1414
-6393
-15218
-18044
-14119
-7616
-1671
2431
3466
1008
-2605
-3744
-194
6024
11654
15216
15948
13810
9990
7428
8901
14523
20334
21874
18185
12055
7549
6517
7813
9622
10309
9051
5766
1295
-2585
-4366
-4132
-3166
-2746
-3703
-5810
-8497
-10652
-11116
-9422
-6456
-4253
-4104
-5655
-7212
-7163
-5326
-2613
-289
749
757
101
-17
1102
2914
4817
5907
5754
4821
3678
2875
3048
3827
4341
3759
1771
-726
-2568
-3153
-2552
-1917
-2124
-3236
-4780
-5976
-6226
-5766
-5003
-4143
-3760
-3846
-4248
-4429
-3856
-2583
-1238
-352
-251
-553
-732
-426
586
1779
2558
2668
2145
1443
1019
1025
1348
1735
1888
1542
860
-34
-747
-1084
-1077
-890
-944
-1471
-2162
-2693
-2622
-1858
-1077
-678
-700
-846
-418
420
746
-1652
-8066
-14783
-16519
-10151
-849
2745
-2430
-10968
-15539
-13810
-8794
-4033
-170
1935
1292
-1647
-3893
-2375
2743
8571
12921
14352
12632
9013
6535
7990
13570
19417
21062
17764
12518
9315
9598
11794
13526
13702
11931
8493
4179
659
-683
48
1246
1082
-1136
-4798
-8241
-10008
-9610
-7721
-5985
-5744
-7184
-9130
-10159
-9507
-7467
-5137
-3436
-3004
-3722
-4274
-3728
-1495
1355
3181
3379
2500
1678
1851
3272
5255
6856
6911
5318
2880
864
395
1048
1847
1966
795
-1214
-3003
-3779
-3548
-2858
-2662
-3332
-4480
-5446
-5683
-5083
-3949
-2993
-2766
-3326
-4111
-4495
-3926
-2541
-1037
-13
126
-302
-668
-402
524
1699
2496
2518
1903
1166
1016
1523
2401
2826
2407
1290
137
-532
-612
-276
38
67
-225
-512
-781
-674
-195
593
1315
1298
-1315
-7862
-14856
-17247
-11306
-1695
2457
-2678
-12149
-17408
-15688
-10114
-4975
-1181
827
-36
-3608
-6708
-5398
429
7120
11303
11927
9776
6434
4792
7206
13265
19139
20359
16637
11691
9805
11693
14985
16865
16441
14123
10522
6792
4418
4353
5690
6251
4616
995
-3189
-6292
-7308
-6253
-4413
-3739
-5522
-8898
-11733
-12199
-10472
-8180
-6976
-7296
-8558
-9409
-8755
-6841
-3761
-1260
-193
-175
-741
-669
726
3077
5402
6882
6608
4902
3079
2311
3102
4261
4712
3878
1871
-61
-1043
-1090
-546
-216
-1001
-2558
-4036
-4886
-4818
-4073
-3371
-3350
-4027
-5030
-5731
-5570
-4465
-3135
-2373
-2346
-2816
-3096
-2625
-1507
-369
347
558
417
409
761
1560
2505
3276
3359
2697
1729
1047
926
1314
1917
2108
1815
1111
481
334
914
1843
2579
2591
801
-4276
-10892
-14778
-12253
-4517
952
-1419
-9831
-16541
-16858
-11912
-6439
-3064
-1817
-2916
-5923
-8841
-8177
-3083
3420
7496
8036
6206
3905
3324
6011
11563
17395
19389
16390
11635
9683
12180
16628
19435
18923
16015
12278
9223
7862
8562
10223
10686
8388
4037
-153
-2495
-2654
-1585
-968
-1849
-4642
-8233
-10670
-10622
-8805
-7291
-7564
-9452
-11159
-11514
-10226
-8227
-6325
-4998
-4682
-5013
-5074
-4228
-2239
79
1596
1970
1606
1163
1405
2570
4157
5301
5102
3690
1960
1124
1500
2421
2790
2086
589
-1122
-2243
-2444
-2068
-1753
-2183
-3397
-4861
-5883
-5931
-5253
-4375
-3850
-3862
-4202
-4392
-4054
-3236
-2216
-1468
-1211
-1141
-884
-225
644
1448
1961
2227
2297
2270
2272
2403
2739
3025
3079
2569
1829
1228
1191
1597
2299
2595
2645
2309
1790
-99
-4041
-8574
-10626
-7430
-2123
476
-3415
-10106
-14588
-12850
-7177
-2317
-727
-3430
-7286
-9731
-8223
-3896
1006
3631
3532
2171
775
972
3087
6865
10971
13126
12255
9460
7656
8933
13045
16944
17854
15592
11634
8929
8676
10717
12878
13217
10789
6828
3612
2256
2706
3288
2816
912
-1911
-4657
-6193
-6277
-5463
-4913
-5850
-8076
-10247
-10871
-9697
-7565
-5953
-5789
-6666
-7579
-7373
-5886
-3649
-1954
-1471
-1939
-2341
-1967
-770
702
1582
1693
1170
610
337
694
1540
2166
2139
1292
127
-665
-742
-223
149
-94
-1008
-2227
-3147
-3378
-2976
-2512
-2550
-3267
-4171
-4622
-4397
-3749
-3169
-2963
-3106
-3292
-3187
-2566
-1607
-788
-519
-612
-660
-293
523
1448
2188
2620
2646
2407
2081
1935
2095
2450
2750
2984
3005
3054
2922
2692
1294
-1304
-4161
-5506
-3737
-809
818
-1238
-5047
-7877
-7578
-5112
-2645
-1315
-1868
-3438
-5278
-5565
-3740
-618
1676
1921
962
56
691
2413
4726
6907
8045
7765
6254
5327
6120
8710
11116
11867
10775
8887
7585
7330
8197
9389
9995
8974
6766
4521
3633
4113
4647
4223
2598
600
-1062
-1807
-1690
-1187
-1208
-2408
-4257
-5785
-6185
-5586
-4858
-4756
-5325
-6084
-6603
-6461
-5684
-4657
-4029
-4179
-4751
-4939
-4287
-3016
-1803
-1144
-1084
-1294
-1435
-1227
-583
106
497
277
-408
-988
-1120
-873
-612
-744
-1246
-1956
-2622
-2951
-2833
-2476
-2234
-2476
-3177
-3806
-3921
-3532
-2924
-2345
-1922
-1811
-1982
-2148
-2001
-1328
-459
67
65
-174
-153
359
1049
1601
1770
1567
1227
978
1193
1788
2435
2638
2502
2329
2409
2697
2923
2707
1759
632
-151
-93
549
978
851
276
-472
-1118
-1405
-1140
-479
-42
-287
-947
-1344
-1024
-200
608
1050
1146
862
454
372
833
1799
2741
3204
3118
2890
2891
3221
3804
4323
4659
4694
4360
3874
3674
3987
4492
4638
4269
3647
3141
2910
2868
2838
2517
1842
830
-45
-415
-366
-253
-548
-1277
-2135
-2716
-2926
-2856
-2693
-2579
-2604
-2779
-2994
-2941
-2680
-2425
-2410
-2570
-2649
-2678
-2564
-2468
-2442
-2471
-2607
-2814
-2905
-2817
-2517
-2216
-2032
-2075
-2157
-2116
-1981
-1828
-1734
-1756
-1843
-1902
-1871
-1511
-985
-540
-394
-579
-775
-895
-837
-665
-497
-426
-508
-598
-672
-583
-431
-205
17
145
140
82
103
218
456
777
1013
1089
1222
1405
1623
1679
1555
1345
1202
1168
1241
1319
1305
1353
1375
1378
1412
1427
1377
1350
1287
1138
1036
1012
1028
1056
1157
1249
1200
1096
1013
997
989
976
789
563
434
459
574
629
518
206
-125
-383
-465
-376
-166
-1
4
-136
-235
-218
-74
123
204
191
83
-28
-94
-87
49
232
321
308
221
103
-11
-59
24
108
162
125
26
-110
-196
-189
-28
119
253
325
209
43
-230
-486
-627
-509
-206
93
195
16
-301
-568
-692
-548
-272
45
212
83
-155
-437
-537
-425
-291
-251
-328
-555
-708
-851
-966
-987
-954
-838
-788
-785
-806
-895
-965
-960
-985
-956
-860
-743
-645
-577
-418
-315
-299
-458
-537
-531
-458
-293
-242
-219
-248
-319
-346
-308
-213
-99
-58
4
102
277
417
574
694
727
713
668
553
460
456
469
555
646
729
694
460
184
52
149
368
493
450
342
254
121
69
106
288
520
682
734
711
650
570
455
372
385
475
455
364
214
69
0
-80
-93
-74
-30
-37
-64
-79
-45
27
137
188
155
92
-18
-27
-8
95
201
261
242
116
-57
-280
-422
-461
-450
-364
-170
33
171
210
147
110
106
37
4
-98
-120
-87
-27
108
188
239
224
111
15
-86
-166
-80
74
281
412
411
310
184
23
-68
-40
76
180
265
269
151
65
-7
-62
-146
-266
-368
-484
-603
-633
-627
-591
-598
-629
-680
-720
-742
-757
-686
-584
-407
-291
-260
-324
-386
-422
-424
-380
-285
-162
0
131
207
256
243
181
-7
-188
-298
-347
-216
18
236
419
423
321
185
155
173
208
228
224
198
174
153
105
95
125
204
281
318
254
149
48
-2
29
101
163
176
141
158
180
186
191
154
151
145
143
138
134
121
57
-38
-70
-79
-80
-62
-89
-79
-41
-52
-121
-226
-296
-288
-163
-26
126
239
258
268
191
131
-5
-93
-18
41
97
31
-78
-172
-182
-143
-123
-73
-34
9
-73
-96
63
332
591
641
543
373
218
90
-4
-40
-53
1
65
120
74
-51
-219
-295
-293
-188
-59
6
18
-77
-94
-49
0
41
69
121
304
521
665
683
578
332
39
-144
-271
-294
-259
-157
-89
-81
-149
-277
-394
-522
-511
-469
-362
-290
-207
-136
-108
-33
79
95
9
-73
-178
-146
-107
-118
-144
-203
-266
-324
-375
-407
-378
-264
-133
-48
-13
-23
-63
-95
-72
-17
72
139
98
82
74
104
178
257
251
198
156
85
42
64
88
146
211
229
262
196
123
175
238
291
308
364
352
276
197
-2
-138
-152
-138
-98
-60
-50
-61
-71
-122
-110
-119
-144
-190
-164
-94
10
126
119
60
-24
-58
-55
13
103
168
159
142
106
111
121
93
70
-1
-80
-134
-163
-157
-186
-189
-136
-14
134
216
174
10
-85
-74
34
94
-44
-233
-424
-624
-749
-725
-570
-279
84
284
240
98
-72
-206
-131
105
346
493
490
369
270
188
158
145
169
213
199
129
39
-106
-227
-259
-237
-203
-174
-238
-312
-249
-116
41
139
155
62
-13
-66
-25
52
147
319
295
227
91
-119
-268
-223
-15
166
313
365
358
299
266
240
233
240
238
221
271
254
205
164
62
-1
-83
-92
-97
-82
-111
-115
-115
-110
-96
-118
-92
-133
-146
-183
-198
-241
-256
-179
-139
-140
-163
-240
-288
-273
-173
-30
76
105
-41
-232
-359
-384
-359
-329
-209
-67
49
163
189
111
66
42
43
75
141
181
217
322
442
419
199
-114
-312
-249
-30
178
263
186
4
-182
-288
-283
-194
-35
26
-35
-138
-140
-90
-60
-40
-2
82
114
192
140
70
31
46
137
194
229
228
196
171
148
142
115
68
-44
-115
-157
-174
-113
-60
22
80
135
70
7
-139
-176
-74
37
90
92
-3
-88
-115
-125
-59
11
89
53
-7
-74
-81
-5
154
281
297
284
176
21
-137
-259
-278
-244
-171
-124
-89
-112
-253
-322
-317
-283
-219
-170
-119
-89
14
112
229
311
296
197
-28
-202
-269
-148
133
338
430
299
46
-145
-262
-193
-52
163
342
391
326
145
-74
-176
-169
-158
-62
11
121
221
245
319
333
275
83
-68
-136
-155
-129
-79
-33
-31
-62
-130
-156
-118
-70
-64
-74
-99
-125
-139
-118
-40
96
193
268
290
193
166
113
-36
-204
-306
-354
-363
-277
-225
-83
87
206
237
149
-26
-200
-315
-362
-160
55
248
330
317
292
195
92
-41
-84
15
117
214
179
78
-31
-134
-203
-216
-103
20
132
74
-55
-302
-451
-437
-344
-159
-32
-16
-62
-141
-149
-131
-22
164
295
439
377
239
171
179
296
412
400
370
235
89
31
-45
-68
-30
-41
-68
19
-10
-57
-91
-178
-218
-287
-389
-391
-325
-265
-158
-60
-5
31
-21
-117
-160
-221
-200
-89
-3
77
122
169
174
89
-44
-152
-172
-53
150
367
510
564
502
351
212
99
-36
-96
-26
26
49
89
165
190
217
160
105
28
-73
-142
-177
-132
-51
-22
-75
-185
-229
-186
-182
-78
-4
36
-4
-76
-171
-291
-282
-251
-113
7
107
163
150
113
29
-70
-123
-180
-155
-92
-52
-15
63
122
118
95
4
-112
-212
-363
-463
-432
-322
-45
202
351
394
293
103
-49
-158
-177
-60
96
213
232
126
52
-14
-47
53
138
177
185
70
-53
-202
-187
-87
14
191
268
216
137
3
-166
-212
-146
-32
73
100
145
174
230
231
147
33
-51
-189
-335
-394
-427
-343
-201
-8
113
190
201
174
96
42
125
180
231
184
95
93
21
-1
21
7
31
21
60
35
11
-35
-16
40
12
56
33
-35
-79
-116
-53
37
162
222
204
146
-11
-142
-284
-404
-457
-450
-443
-377
-321
-251
-120
45
176
333
372
239
78
-29
35
99
163
211
189
168
92
43
12
-35
2
80
108
55
35
44
54
38
13
43
83
163
209
187
93
21
-42
-140
-187
-238
-179
-78
-38
-31
-2
-6
-138
-306
-437
-468
-421
-287
-153
15
87
39
-16
-104
-219
-273
-240
-152
51
234
339
265
60
-111
-162
-129
-49
133
276
378
407
308
155
30
-80
-208
-247
-156
41
251
420
521
516
375
133
-49
-103
-80
87
171
271
355
350
315
182
12
-203
-252
-225
-103
83
204
286
280
152
-67
-296
-531
-624
-606
-426
-183
-2
111
17
-138
-387
-552
-628
-555
-319
-116
127
209
213
103
-93
-284
-459
-492
-315
-75
195
505
642
719
590
257
-42
-296
-443
-368
-224
-30
209
365
370
240
133
27
46
93
267
443
524
468
291
159
97
119
151
242
240
214
93
-55
-165
-214
-245
-292
-338
-357
-304
-243
-250
-287
-280
-282
-213
-144
-66
29
138
267
364
329
141
-59
-192
-231
-254
-339
-391
-409
-392
-326
-199
99
339
532
582
497
303
57
-88
-213
-255
-237
-79
70
153
181
82
-48
-163
-234
-262
-296
-310
-253
-194
-213
-243
-221
-153
14
185
306
342
275
214
155
190
215
225
181
98
-37
-85
3
98
266
368
355
258
63
-204
-312
-160
111
424
655
719
705
530
238
-18
-240
-310
-152
26
311
465
427
247
38
-144
-239
-276
-325
-343
-362
-383
-312
-281
-241
-182
-122
-59
72
132
148
155
55
-45
-198
-283
-356
-357
-270
-143
-26
48
85
-37
-256
-446
-557
-494
-324
-253
-178
-125
8
113
148
144
6
-66
-69
-94
-133
-135
-193
-260
-300
-329
-320
-294
-166
-98
-24
49
134
285
466
472
382
335
234
164
52
-37
-14
31
113
187
210
334
423
421
418
424
430
327
244
159
12
-74
-89
21
102
168
112
48
-16
0
98
214
362
480
516
418
182
-104
-243
-362
-391
-436
-513
-493
-363
-107
84
192
259
268
307
292
260
280
165
69
-11
-147
-312
-444
-580
-621
-509
-419
-295
-121
29
186
268
276
139
28
-99
-288
-378
-413
-375
-286
-134
-32
75
25
13
-22
184
124
-40
-89
-206
-238
-149
76
-77
-375
-667
-725
-788
-564
-227
38
176
259
221
71
193
263
541
762
801
634
316
87
-181
-292
-269
-105
0
65
111
148
222
301
392
495
531
458
318
51
-141
-259
-176
-43
102
260
333
252
40
-45
-55
74
147
263
346
348
315
127
-96
-349
-490
-485
-382
-215
-142
-76
-29
33
63
23
15
-34
-39
-85
-153
-224
-285
-367
-459
-522
-489
-410
-250
-23
155
262
224
83
-71
-144
-97
-10
45
149
173
231
177
110
16
-137
-195
-117
6
108
190
191
146
41
-59
-187
-217
-189
-146
-8
160
322
429
429
350
287
220
79
8
-13
35
88
147
106
33
-44
-199
-226
-265
-174
-38
95
45
-32
-191
-278
-377
-387
-290
-181
-118
-149
-197
-269
-300
-275
-225
-142
-5
218
320
269
181
21
-133
-209
-172
-59
60
174
332
361
329
289
307
328
462
582
605
429
339
95
-80
-388
-694
-545
-461
-340
-72
200
178
154
39
-31
-177
-205
-8
121
289
393
403
179
5
-125
-188
-200
-103
-30
38
114
105
109
97
83
16
-16
-88
-152
-154
-233
-271
-328
-361
-251
-126
23
85
196
246
210
118
55
-26
-14
33
33
32
-84
-102
-167
-265
-274
-236
-163
-107
-8
46
123
257
282
261
139
-45
-132
-115
-73
68
142
164
165
44
-50
-101
-19
128
217
280
258
220
108
50
-22
-147
-280
-330
-360
-312
-206
-53
31
8
-73
-199
-210
-101
145
257
183
31
-232
-364
-383
-303
-211
-190
-153
-112
-31
58
125
1
-84
-77
31
249
345
351
273
161
28
-11
4
77
132
141
147
196
296
337
448
481
498
466
307
44
-225
-375
-383
-276
-83
88
168
178
165
137
39
-86
-213
-293
-274
-164
78
223
249
190
12
-98
-146
-73
32
114
90
-9
-180
-317
-335
-238
-145
-51
53
37
77
6
-182
-375
-543
-594
-533
-353
-156
18
131
231
295
294
256
131
-50
-249
-399
-370
-294
-145
-89
-150
-143
-172
-115
12
184
284
357
281
141
-11
-142
-76
-1
178
266
291
229
70
-56
-200
-240
-193
-83
32
38
-28
-131
-288
-281
-224
-106
-9
97
200
260
365
364
490
590
643
676
572
326
132
-74
-70
13
67
66
78
97
119
140
59
-37
-30
41
123
263
328
395
331
208
64
-62
-137
-75
-38
10
78
76
26
-235
-512
-793
-947
-833
-649
-416
-252
-211
-208
-195
-323
-401
-395
-278
-64
189
367
397
273
-14
-231
-401
-404
-283
-128
44
241
340
379
297
96
-149
-381
-473
-435
-272
-8
234
426
527
499
237
7
-122
-96
128
344
539
501
391
251
93
-25
-87
-108
-84
64
157
224
174
93
-29
-96
-129
-133
-127
-129
-51
5
128
187
181
118
20
-25
-66
-91
-200
-327
-373
-316
-286
-155
-10
82
62
-25
-55
-59
-9
29
33
-116
-276
-417
-477
-400
-169
-47
132
268
305
299
259
165
122
136
136
121
-8
-88
-247
-263
-138
8
137
249
245
134
73
37
112
134
143
128
26
-30
-59
-73
1
-3
25
98
106
171
148
119
141
212
234
273
200
35
-118
-222
-207
-224
-152
-91
-57
-29
83
234
242
182
57
-1
-17
107
244
328
366
297
62
-225
-415
-562
-543
-412
-314
-170
-92
-120
-241
-337
-358
-208
-62
-39
9
26
99
116
126
135
115
71
-28
-66
-34
23
71
166
259
297
227
104
-7
-160
-259
-183
-82
47
168
191
165
62
10
-18
28
168
332
477
452
361
215
127
-12
-176
-288
-336
-300
-234
-172
-148
-117
-168
-229
-321
-413
-455
-355
-275
-207
-144
-124
-236
-248
-219
-280
-265
-196
-122
-20
78
47
85
95
164
139
166
171
123
-29
-93
-80
5
86
71
61
64
122
76
76
120
224
412
542
577
568
440
243
77
21
49
83
111
108
63
65
95
132
89
-28
-192
-291
-271
-182
26
162
239
208
100
-98
-222
-356
-357
-217
-55
194
249
235
181
149
110
-67
-188
-307
-327
-274
-220
-117
-33
24
70
82
105
138
181
223
211
84
-58
-137
-210
-171
-115
-80
-18
84
152
172
165
120
59
22
-104
-199
-287
-284
-83
125
260
251
147
-13
-226
-376
-352
-224
-103
-12
-11
-122
-213
-183
-177
-147
-88
-106
-130
-134
-92
-21
23
20
10
-137
-204
-215
-166
-64
91
199
250
357
389
449
517
548
462
291
59
-143
-215
-230
-217
-216
-193
-115
-102
-138
-182
-224
-288
-395
-451
-400
-211
-100
62
78
63
75
133
241
326
430
353
257
173
198
208
263
180
192
188
165
198
217
231
229
157
48
19
-34
-33
-1
29
63
79
79
101
197
201
211
146
75
-13
-168
-227
-228
-188
-97
-27
-71
-174
-307
-415
-360
-225
-82
30
186
239
239
224
49
-85
-249
-242
-118
65
286
374
361
232
109
-34
-95
-192
-249
-384
-517
-566
-511
-465
-359
-245
-236
-216
-259
-233
-196
-146
-110
-33
-16
-61
-107
-176
-102
80
230
417
382
335
199
-4
-135
-214
-239
-218
-59
76
242
422
460
430
361
239
75
-100
-237
-317
-344
-233
-71
11
26
-14
-138
-255
-254
-158
-17
195
340
400
372
349
303
306
296
238
245
270
277
310
277
154
-6
-178
-305
-400
-338
-243
-92
91
266
465
501
342
109
-104
-223
-187
-40
199
326
354
226
1
-137
-281
-416
-437
-422
-226
22
146
211
139
-24
-153
-245
-283
-164
-24
80
139
67
4
-27
-34
-20
-96
-199
-256
-256
-126
27
71
88
60
-7
-104
-94
-43
-57
10
19
15
60
12
33
50
77
131
105
128
60
-4
-62
-105
-187
-212
-218
-277
-291
-350
-367
-267
-216
-118
-61
-58
-100
-128
-125
-147
-3
210
352
472
502
352
193
61
71
121
189
163
48
-73
-135
-149
-84
13
122
214
276
306
264
115
-95
-240
-301
-141
-31
139
329
341
241
18
-119
-215
-274
-294
-248
-227
-169
-113
-13
93
75
42
-27
-144
-246
-269
-242
-71
75
162
309
400
430
407
311
191
130
121
100
157
265
262
120
-25
-92
-81
-91
-63
-71
-113
-72
-53
-22
41
21
62
82
41
32
-68
-209
-305
-353
-291
-205
-119
57
147
135
93
-12
-126
-164
-224
-173
-119
-102
-52
-20
40
-49
-103
-54
-13
-7
14
100
67
60
132
100
66
70
74
-15
-49
-106
-108
-77
10
76
131
143
51
-27
-95
-65
-14
55
181
219
155
42
-57
-89
-96
-70
-41
-5
-43
-21
-23
27
173
323
444
392
197
-82
-371
-531
-467
-283
-8
88
31
-23
-96
-121
-133
-154
-151
-103
-64
43
243
324
366
321
129
-96
-258
-243
-100
67
158
292
259
239
210
146
67
-60
-122
-189
-223
-298
-286
-211
-97
-26
4
7
-48
-30
-18
8
30
-10
-61
-157
-257
-243
-185
-128
-102
-99
-83
-43
14
103
113
92
11
-12
27
94
249
328
394
230
75
-26
-140
-165
-172
-66
15
88
95
25
-43
-131
-168
-212
-200
-168
-79
0
154
352
441
490
426
299
103
-87
-202
-304
-245
-118
65
136
118
82
-62
-88
-81
-45
19
3
-77
-159
-191
-121
6
124
216
251
174
151
166
90
59
-20
-28
-36
-34
-8
-54
23
143
196
148
60
-35
-69
-137
-176
-101
0
165
245
257
133
10
-90
-64
-20
39
128
165
209
168
65
40
10
-32
-40
-201
-291
-303
-258
-103
100
147
43
-141
-378
-486
-523
-471
-370
-229
-119
-91
-178
-157
-79
10
68
-76
-136
-130
-65
62
184
238
140
55
-95
-203
-175
-91
36
163
329
384
349
301
205
48
-52
-59
-8
140
185
190
167
135
96
84
18
-30
-83
-98
-45
73
193
184
151
40
0
-103
-111
-69
97
269
399
388
160
-19
-277
-435
-501
-409
-270
-156
-13
58
40
-140
-324
-587
-697
-640
-411
-55
227
450
463
354
220
68
-54
-106
-67
-59
-45
-4
41
105
148
176
103
-9
-140
-242
-217
-59
135
204
236
207
170
152
171
174
94
105
141
219
347
422
446
328
253
121
61
142
234
252
228
19
-152
-319
-398
-325
-261
-184
-187
-186
-145
-28
72
107
24
-65
-175
-263
-280
-104
86
308
466
468
347
120
15
-86
-50
81
263
379
325
132
-141
-378
-561
-649
-623
-545
-412
-346
-357
-376
-313
-159
84
360
397
245
100
-23
-112
-156
-148
-79
-37
-9
23
20
71
16
-120
-262
-391
-432
-396
-336
-303
-203
-196
-148
-62
-43
38
36
-54
-152
-252
-234
-94
133
341
507
543
515
445
302
63
-181
-305
-348
-240
-28
140
254
372
564
682
722
675
558
385
208
43
30
132
188
290
320
231
59
-158
-289
-277
-160
-12
41
-21
-164
-319
-355
-322
-254
-124
-3
27
-41
-208
-282
-203
-202
-250
-361
-511
-599
-661
-635
-524
-570
-768
-1473
-2422
-2816
-1819
532
3747
6849
8775
8552
6122
2152
-2148
-5334
-6505
-5178
-2105
1493
4488
5722
4854
2132
-1432
-4573
-6327
-6279
-4506
-1678
1190
3114
3479
2385
209
-2230
-4022
-4456
-3514
-1496
855
2648
3326
2795
1368
-502
-1964
-2696
-2432
-1410
23
1317
2120
2110
1289
112
-1145
-1835
-1987
-1554
-742
50
719
973
852
435
-125
-538
-698
-564
-104
607
1265
1616
1590
1224
851
591
421
-641
-2791
-5217
-6957
-6669
-4244
-50
4452
7992
9577
9011
6462
3020
-381
-2794
-3507
-2627
-816
921
1798
1522
308
-1188
-2259
-2719
-2215
-1084
161
1101
1447
1115
299
-741
-1527
-1850
-1684
-1063
-118
705
1150
1219
905
338
-299
-729
-931
-649
-131
558
1165
1526
1333
656
-86
-697
-838
-593
-49
486
805
914
774
395
-221
-705
-917
-905
-640
-280
29
229
245
-10
-189
-289
-291
-325
-308
-166
24
272
338
289
162
40
17
112
169
277
397
322
160
-46
-211
-424
-557
-627
-605
-447
-401
-365
-465
-631
-842
-936
-817
-647
-419
-156
45
129
-44
-254
-386
-376
-227
-32
315
504
492
238
-56
-248
-192
42
407
778
919
764
281
-261
-560
-582
-331
42
340
504
547
460
275
32
-77
-141
-58
133
288
459
595
673
584
505
378
255
224
268
326
318
337
412
487
481
234
-63
-336
-529
-543
-451
-186
-10
206
325
209
87
-149
-224
-169
36
297
445
460
275
32
-223
-398
-502
-560
-588
-613
-668
-737
-709
-554
-249
120
241
196
81
-88
-217
-203
40
415
720
958
832
459
-37
-458
-665
-647
-494
-335
-174
-167
-243
-449
-554
-425
-256
-121
-19
52
75
67
47
45
130
104
73
72
109
69
-39
-291
-469
-396
-179
182
543
726
702
348
-208
-535
-690
-555
-147
279
638
887
939
885
785
521
289
-7
-82
47
110
184
71
-162
-414
-555
-488
-244
-93
63
70
-41
-189
-348
-378
-177
93
287
333
241
85
-32
65
233
226
211
30
-175
-250
-187
40
241
214
64
-173
-498
-707
-766
-621
-289
131
426
483
372
83
-156
-252
-286
-194
-54
84
185
276
385
235
-268
-1124
-2638
-4622
-5863
-5502
-3328
346
4773
8841
11136
11169
8945
4955
380
-3670
-5987
-6004
-3945
-1113
1161
1614
-350
-4373
-8400
-10212
-8796
-4137
2290
8467
12340
12806
9851
4415
-1773
-6769
-8959
-7764
-3578
1694
5951
7603
6072
2295
-2337
-6319
-8293
-7436
-4174
326
4240
6293
5650
2512
-1871
-5796
-8029
-7610
-4686
-592
3401
5987
6335
4491
1322
-1888
-4061
-4534
-3259
-823
1697
3234
3082
1394
-1392
-4512
-7429
-9310
-8786
-5696
-595
4975
9596
12019
11665
8960
5175
1589
-786
-1363
-240
1989
4292
5727
5623
3976
1481
-1062
-2854
-3759
-3690
-2881
-2075
-1694
-1774
-2116
-2752
-3339
-3523
-3482
-3162
-2711
-2072
-1431
-842
-203
306
614
588
461
173
133
499
1114
1842
2344
2339
1760
854
-182
-938
-1302
-1333
-1190
-944
-880
-1260
-1843
-2300
-2624
-2646
-2017
-865
296
956
1082
560
-352
-1284
-1816
-1693
-1024
145
1492
2652
3031
2703
1821
836
511
976
2021
3017
3755
3840
3069
1831
491
-645
-1453
-1647
-1145
-247
815
1829
2292
1980
1136
-26
-1158
-1913
-2053
-1563
-662
467
1260
1465
938
-121
-1278
-2163
-2511
-2081
-1019
144
1161
1637
1399
546
-668
-1704
-2314
-2160
-1367
-289
534
862
617
-128
-888
-1564
-1692
-1418
-791
-184
243
463
299
-58
-388
-592
-738
-820
-918
-496
229
812
1222
1202
787
-88
-794
-1007
-766
-159
427
927
1182
984
385
-238
-653
-701
-407
79
517
761
842
980
1235
1370
1305
917
202
-586
-1258
-1490
-1151
-415
517
1363
1745
1426
666
-373
-1415
-2008
-1979
-1343
-512
457
1202
1176
657
-3
-485
-731
-677
-371
-41
403
768
895
791
447
23
-529
-1049
-1309
-915
-108
698
1214
1245
776
-67
-1032
-1450
-1281
-473
602
1416
1575
1093
178
-1030
-1845
-1991
-1329
5
1431
2585
2871
2241
901
-477
-1476
-1802
-1302
-514
153
551
848
836
568
325
167
148
344
515
872
1103
852
135
-668
-1395
-1726
-1457
-667
296
756
849
564
-19
-854
-1534
-1845
-1674
-952
60
923
1142
811
-209
-1422
-2135
-2106
-1277
-205
715
1213
1186
516
-475
-1564
-2374
-2364
-1528
-189
1172
2185
2607
2324
1468
421
-331
-559
-317
310
1034
1727
2128
1949
1303
300
-912
-1778
-1933
-1405
-645
185
1049
1548
1570
1172
463
-332
-796
-691
-246
351
1012
1469
1351
908
38
-1017
-1737
-1835
-1539
-955
-238
356
369
-335
-1404
-2217
-2555
-1964
-646
749
1567
1727
1475
661
-267
-700
-208
399
824
1047
819
98
-702
-1290
-1480
-888
83
1122
2021
2384
2048
1161
-18
-736
-979
-815
-390
215
794
933
748
483
633
874
1210
1531
1483
1153
415
-433
-1180
-1438
-1057
-267
527
1067
1115
557
-233
-923
-1368
-1339
-822
-165
210
447
391
-228
-1068
-1622
-1900
-1964
-1607
-928
-274
91
176
113
191
186
-42
-184
-204
-162
-441
-562
-592
-598
-769
-920
-1194
-1615
-1904
-1977
-1777
-1568
-1205
-934
-597
-204
202
604
876
966
976
811
457
38
-177
-125
23
500
1105
1482
1423
850
-9
-957
-1395
-1154
-112
1182
2239
2782
2561
1750
648
-123
-428
-48
1020
2279
3413
3659
2942
1427
-499
-2255
-2885
-2201
-894
658
1715
1785
517
-1485
-3431
-4437
-4098
-2389
59
2406
3976
3892
2470
492
-1265
-2360
-2171
-769
1006
2714
3430
3020
1429
-571
-2088
-3097
-3067
-2225
-999
-7
520
779
663
130
-544
-930
-1079
-778
-44
1017
1890
2144
1851
1125
520
436
800
1513
2229
2802
2888
2383
1727
1146
670
101
-366
-718
-791
-644
-437
-339
-413
-526
-905
-1344
-1776
-2176
-2491
-2722
-2415
-1990
-1660
-1289
-1063
-888
-942
-833
-734
-650
-756
-724
-743
-917
-1066
-1228
-1174
-1192
-1099
-1166
-1440
-1966
-2417
-2381
-2095
-1708
-1347
-978
-611
-273
53
413
554
214
-101
-43
496
1127
2006
2811
3129
2654
2043
1935
2164
2722
3550
4351
4496
3887
2922
1739
729
102
-117
-78
236
673
905
673
-54
-697
-1204
-1406
-1332
-919
-173
427
580
191
-386
-931
-1447
-1624
-1087
68
1321
2456
3145
3015
1824
171
-1427
-2547
-2771
-2081
-976
-93
110
-818
-2745
-5192
-7248
-8301
-7894
-5731
-2332
834
2538
2701
1413
-821
-2881
-3866
-3414
-1532
1283
4044
5594
5529
3893
1304
-907
-1631
-524
2037
4800
6496
6647
5543
3718
1718
568
814
2163
3678
4661
4879
4376
3315
2142
1369
1321
1656
2242
2872
2895
1937
344
-1077
-2099
-2647
-2311
-1645
-1340
-1690
-2551
-3512
-4411
-4950
-4767
-3898
-3071
-2561
-2484
-2638
-2652
-2334
-1904
-1925
-2528
-3263
-3507
-3505
-3106
-2258
-1333
-775
-828
-990
-1112
-1013
-648
-52
614
1024
1267
1297
1181
1002
981
1008
1004
1153
1587
2009
2285
2329
1958
1329
601
108
-205
-358
-582
-899
-1394
-1948
-2440
-2541
-1898
-791
314
984
1105
758
117
-713
-1506
-1882
-1663
-1088
-265
571
1159
1361
1147
857
465
238
319
952
1935
2974
3858
4407
4850
4622
3828
2623
1312
502
271
555
866
1080
725
-27
-1078
-2218
-3234
-3992
-4327
-4253
-3673
-2898
-2093
-1578
-1306
-1253
-1349
-1367
-1181
-751
-159
504
1212
1772
2084
2259
2013
1659
1311
1206
1368
1622
2027
2451
2708
2628
2465
2311
2022
1494
1126
923
831
729
761
820
658
549
313
114
70
17
-109
-492
-973
-1310
-1258
-1205
-1265
-1031
-699
-383
-228
-300
-512
-805
-938
-883
-933
-1052
-1027
-1018
-1206
-1425
-1526
-1471
-1275
-1119
-967
-1011
-1264
-1353
-1283
-1135
-1245
-1839
-2718
-3581
-3915
-3517
-2578
-1384
-360
200
255
268
750
1646
2688
3550
3982
3835
3422
2906
2685
2928
3295
3690
4165
4238
3639
2570
1438
401
-154
-82
238
426
161
-441
-1219
-1923
-2455
-2578
-2209
-1717
-1465
-1542
-1867
-2471
-3322
-4007
-4212
-3965
-3593
-3362
-3561
-3989
-4436
-4688
-4712
-4457
-3966
-3069
-1753
-291
1237
2561
3456
3873
4072
4114
3996
3779
3522
3299
3003
2834
2901
2952
2869
2622
2200
1604
791
-247
-1230
-1795
-1804
-1139
222
1541
2396
2504
1744
528
-619
-1309
-1367
-696
281
1065
1501
1679
1335
631
-81
-594
-649
-161
856
1913
2635
2823
2645
2188
1597
1125
735
649
894
1450
1902
2136
1898
1051
-302
-1693
-2615
-2796
-2205
-1164
82
693
289
-827
-2291
-3454
-3919
-3334
-1908
-104
1500
2397
2371
1577
376
-934
-1732
-1802
-997
444
1807
2606
2476
1452
-156
-1820
-2883
-3192
-2749
-2034
-1617
-1725
-2249
-3040
-3967
-4700
-5237
-5452
-5022
-4126
-3055
-2338
-2268
-2644
-3093
-3366
-3011
-2199
-1066
230
1672
3125
4356
5165
5302
4874
3956
3219
2661
2384
2257
2122
2045
1934
1851
1656
1173
624
239
35
-6
209
458
386
194
-40
-71
-78
-40
163
267
319
296
26
-543
-1250
-1806
-2096
-2035
-1564
-836
-18
664
1007
1121
1249
1452
1851
2564
3323
4055
4361
3968
2935
1718
905
635
882
1468
1762
1593
927
-295
-1712
-2956
-3616
-3612
-2987
-2067
-1151
-602
-609
-970
-1430
-1754
-1810
-1695
-1318
-702
-1
487
483
-64
-871
-1619
-2006
-1766
-938
122
900
1333
1243
846
455
265
370
645
1116
1646
2124
2469
2691
2776
2798
2644
2299
1818
1175
615
553
940
1542
2026
2115
1848
1138
207
-868
-1983
-2539
-2386
-1766
-981
-546
-732
-1617
-2674
-3526
-4043
-3918
-3323
-2666
-2357
-2604
-3198
-3954
-4830
-5459
-5555
-5068
-4343
-3412
-2561
-1994
-1771
-1855
-2162
-2530
-2588
-2135
-1165
170
1626
2918
3921
4411
4529
4327
3850
3541
3654
4256
5119
5920
6290
5995
5125
3776
2221
778
-235
-484
-192
299
516
548
454
244
2
-280
-583
-1017
-1349
-1654
-1942
-2072
-1993
-1886
-1859
-1767
-1766
-1709
-1693
-1742
-1636
-1449
-1046
-530
160
973
1508
1758
1776
1693
1585
1266
941
653
531
678
1086
1533
1978
2112
1963
1578
1158
954
1148
1711
2595
3660
4342
4528
4005
3099
2124
1383
1074
1329
1836
2103
2001
1298
141
-1104
-2204
-2851
-3044
-2879
-2471
-2136
-2147
-2607
-3395
-4414
-5307
-5772
-5535
-4718
-3630
-2558
-1735
-1417
-1644
-2186
-2841
-3112
-2860
-2146
-1020
112
1000
1562
1642
1369
1050
823
971
1331
1771
2197
2387
2319
1972
1355
530
-365
-1068
-1476
-1533
-1331
-984
-527
-327
-484
-967
-1755
-2335
-2506
-2252
-1489
-396
897
2182
3074
3374
3022
2154
1242
686
598
915
1303
1460
1309
732
-126
-927
-1426
-1437
-955
80
1480
2763
3496
3291
2392
989
-382
-1241
-1583
-1357
-761
-36
519
651
392
-200
-893
-1376
-1418
-1072
-534
75
572
682
401
-55
-547
-850
-901
-749
-313
264
723
1045
950
446
-262
-1054
-1787
-2204
-2178
-1878
-1390
-796
-279
47
95
-120
-445
-721
-608
-27
935
2029
2652
2678
2249
1542
820
372
320
770
1390
1898
2193
1992
1290
93
-1232
-2346
-3021
-3087
-2394
-1190
-22
541
438
-109
-813
-1203
-1290
-1026
-675
-338
-134
-112
-191
-538
-966
-1287
-1292
-912
-250
637
1610
2388
2823
2725
2195
1523
1031
832
957
1296
1632
1757
1537
1081
602
412
426
626
1052
1459
1797
1766
1351
321
-1025
-2095
-2503
-2151
-1177
-35
773
896
522
-129
-1055
-1940
-2601
-2979
-2779
-2130
-1262
-562
-442
-920
-1775
-2693
-3259
-3434
-3226
-2678
-2015
-1278
-613
34
476
704
797
955
1263
1831
2564
3353
4021
4244
3955
3189
2219
1270
647
476
641
989
1220
1191
820
239
-352
-879
-1197
-1096
-826
-518
-321
-424
-718
-1171
-1679
-2119
-2406
-2471
-2248
-1813
-1164
-477
3
234
240
4
-341
-757
-836
-562
-128
362
771
970
847
557
297
87
-57
-206
-199
-8
221
425
414
194
-64
-385
-551
-462
-112
562
1177
1534
1494
1026
434
-119
-402
-476
-268
64
437
749
935
879
647
334
-88
-457
-669
-806
-846
-772
-828
-967
-1261
-1422
-1453
-1335
-989
-510
-2
408
633
662
527
437
430
482
641
868
1201
1505
1603
1646
1515
1407
1367
1168
1061
997
976
885
744
534
360
258
286
375
523
676
688
545
321
74
-274
-567
-774
-811
-806
-691
-688
-763
-922
-1203
-1289
-1283
-1005
-688
-387
-261
-367
-587
-879
-977
-880
-600
-108
390
628
525
211
-82
-230
-144
223
698
1092
1322
1057
449
-288
-1005
-1452
-1416
-893
-238
237
232
-140
-697
-1445
-2081
-2433
-2310
-1866
-1246
-727
-438
-326
-446
-678
-1004
-1224
-1117
-819
-255
388
885
1033
673
-29
-874
-1454
-1621
-1291
-497
454
1228
1606
1524
1116
720
438
322
478
855
1390
2118
2658
2819
2654
2288
1834
1517
1423
1533
1922
2263
2371
2181
1735
1223
671
433
265
176
249
208
300
391
331
136
-234
-593
-994
-1343
-1519
-1530
-1456
-1226
-1032
-914
-951
-1277
-1694
-2074
-2239
-2050
-1485
-939
-512
-427
-501
-784
-1010
-1086
-1158
-1039
-860
-552
-323
-227
-255
-526
-960
-1345
-1589
-1433
-932
-382
99
499
665
676
470
172
50
75
352
804
1309
1848
2232
2417
2372
2200
1936
1675
1438
1212
1055
965
828
550
251
-73
-272
-473
-581
-502
-373
-151
-30
12
-129
-219
-211
-129
80
249
320
269
146
44
112
112
68
-257
-731
-1068
-1138
-896
-415
182
770
1125
1034
527
-70
-563
-928
-1072
-1069
-1033
-948
-857
-780
-696
-761
-857
-954
-951
-756
-476
-163
156
492
640
514
176
-201
-458
-612
-605
-387
17
425
710
844
808
639
246
-197
-472
-442
-253
206
607
910
972
633
39
-572
-863
-968
-612
-59
455
798
847
682
600
532
453
385
241
200
273
359
222
-124
-462
-727
-866
-730
-476
-172
-18
-27
-122
-329
-472
-624
-716
-626
-496
-360
-198
-36
91
243
296
373
472
609
819
1080
1371
1596
1715
1624
1552
1513
1450
1315
1178
1027
938
872
847
819
828
928
1035
989
650
211
-277
-620
-882
-957
-800
-567
-323
-253
-297
-595
-1110
-1639
-2012
-2079
-1989
-1865
-1846
-1892
-1937
-2025
-2061
-2128
-2169
-2143
-2046
-1736
-1338
-1042
-897
-911
-913
-798
-617
-366
-144
6
147
235
229
236
217
257
308
459
540
608
679
737
765
677
662
597
590
755
981
1282
1503
1722
1868
1919
1839
1607
1389
1150
950
799
690
617
688
743
731
777
728
624
565
544
605
823
1014
1133
1134
959
714
345
-119
-517
-750
-728
-529
-21
471
745
779
434
-113
-659
-982
-1055
-850
-561
-214
-4
-126
-470
-1067
-1646
-1827
-1654
-1209
-704
-294
-42
-141
-451
-976
-1502
-1851
-1850
-1536
-1033
-436
-85
-80
-385
-908
-1334
-1550
-1520
-1259
-865
-320
51
310
421
350
269
224
226
225
249
379
575
850
1072
1194
1133
1092
988
924
1080
1341
1613
1751
1722
1506
1146
830
497
252
156
135
208
328
460
574
621
630
621
458
251
-6
-377
-571
-702
-747
-702
-640
-569
-566
-683
-835
-876
-935
-887
-763
-632
-506
-474
-445
-391
-368
-399
-454
-489
-527
-427
-344
-255
-146
-103
-147
-219
-300
-374
-374
-247
18
273
392
404
285
153
123
129
298
628
921
1069
1021
824
323
-196
-651
-970
-1052
-893
-497
-74
226
420
390
159
-64
-385
-568
-563
-262
159
684
1050
1095
858
328
-167
-482
-546
-358
-45
264
627
789
773
605
318
-9
-306
-382
-232
83
341
340
267
16
-251
-396
-484
-433
-249
15
269
489
594
451
99
-261
-528
-732
-762
-726
-610
-467
-473
-534
-676
-819
-874
-727
-428
-62
353
722
969
991
754
408
23
-237
-288
-208
47
347
641
792
798
685
463
329
168
105
206
392
595
726
729
585
369
100
-18
8
168
295
324
185
56
23
69
92
140
238
317
447
494
499
368
135
-136
-295
-456
-669
-801
-926
-922
-754
-602
-511
-487
-454
-415
-313
-203
-12
71
125
131
59
-173
-442
-583
-504
-218
-8
156
187
185
141
31
-217
-470
-704
-822
-833
-740
-618
-542
-449
-408
-253
-102
43
-6
-141
-358
-602
-735
-622
-380
-13
351
458
316
-30
-350
-596
-649
-539
-243
79
449
762
768
610
346
208
203
436
832
1218
1517
1703
1650
1350
936
509
163
-79
-134
-13
232
530
831
958
1072
835
343
-216
-682
-865
-772
-433
-99
123
66
-101
-258
-270
-218
-150
-82
-6
8
88
155
41
-119
-273
-470
-672
-762
-804
-719
-578
-425
-300
-269
-260
-250
-315
-355
-383
-388
-257
35
309
455
385
170
-158
-405
-625
-713
-559
-363
80
421
557
598
453
227
65
-121
-131
-21
64
107
101
157
285
384
361
352
276
216
134
38
-43
-40
109
307
470
521
382
241
73
-88
-218
-299
-166
8
346
538
513
339
161
-56
-229
-224
-180
-28
242
390
426
327
25
-91
-270
-305
-155
-9
124
161
94
25
-59
-154
-162
-106
-15
134
228
283
236
57
-97
-310
-485
-615
-693
-691
-593
-395
-210
-101
8
44
-34
-124
-284
-321
-338
-236
-131
-44
-26
-114
-207
-358
-381
-395
-287
-207
-157
-147
-225
-183
-193
-156
-222
-400
-604
-654
-402
-153
91
233
227
94
-122
-303
-315
-62
218
442
556
484
347
174
100
99
146
387
606
831
1017
1016
882
696
536
438
483
519
559
506
423
396
304
197
116
53
71
156
248
195
49
-172
-390
-552
-610
-543
-219
168
506
814
943
851
609
317
64
-30
-171
-309
-380
-449
-441
-436
-373
-300
-197
-152
-208
-281
-408
-418
-442
-443
-395
-401
-336
-316
-254
-179
-170
-164
-183
-174
-285
-412
-522
-536
-472
-183
162
429
610
474
284
14
-194
-328
-327
-247
-167
-242
-323
-299
-325
-231
-175
-108
-138
-189
-210
-178
-126
-20
98
100
68
-70
-232
-498
-622
-539
-247
163
371
399
259
110
8
-20
15
103
132
101
-16
-91
-18
94
203
270
309
306
308
369
447
523
474
279
113
42
145
351
533
684
690
546
344
160
20
15
106
155
142
80
-2
-71
-16
-5
117
243
347
390
454
481
366
282
82
-139
-242
-278
-149
15
86
81
-64
-282
-290
-246
-152
-105
-192
-338
-552
-637
-515
-163
123
395
468
323
159
53
-21
-59
-161
-248
-200
-76
223
518
653
566
334
24
-164
-269
-258
-254
-251
-208
-142
-148
-128
-128
-227
-287
-449
-469
-380
-292
-144
-27
48
35
-18
-281
-471
-484
-447
-385
-355
-318
-277
-229
-154
-38
80
72
48
-11
-49
-48
-37
-45
-158
-172
-156
-163
-81
-11
34
107
162
155
90
-113
-343
-469
-479
-290
-87
107
293
339
253
154
38
10
148
329
445
465
419
325
256
155
142
195
255
229
94
76
38
56
186
389
623
812
932
888
655
385
181
1
-83
-171
-252
-247
-83
93
213
254
234
70
-98
-313
-418
-350
-212
-43
82
129
56
-67
-288
-502
-680
-802
-734
-537
-287
-84
57
115
118
179
201
253
342
452
420
208
-132
-458
-543
-511
-314
-55
131
223
121
-49
-204
-344
-405
-378
-173
22
209
285
288
260
302
313
245
71
-146
-182
-122
32
253
265
90
-198
-341
-422
-356
-255
-216
-285
-332
-219
-174
-123
-107
-100
-55
20
64
120
65
-24
-188
-322
-232
-19
178
285
244
194
157
78
-45
-82
-4
127
177
42
-107
-245
-164
70
336
505
513
338
148
-18
-75
35
166
382
516
527
426
227
13
-260
-437
-483
-479
-335
-142
94
308
465
480
317
121
-177
-394
-433
-338
-151
44
166
130
39
-75
-158
-88
46
161
150
84
126
171
295
515
592
467
207
-54
-250
-376
-320
-209
-99
-83
-279
-493
-532
-405
-164
179
495
648
625
398
43
-214
-445
-514
-417
-288
-132
-76
-50
-19
9
14
-32
-130
-214
-260
-294
-266
-264
-175
-80
1
-30
-129
-308
-450
-423
-242
136
461
544
493
363
325
256
171
135
54
-4
-87
-110
-161
-122
-146
-304
-401
-405
-220
-16
159
272
396
414
406
353
247
162
111
120
132
156
59
-71
-281
-363
-341
-252
-32
157
225
236
82
-122
-249
-385
-354
-251
-79
31
51
-26
-108
-210
-221
-120
-78
46
234
379
551
673
646
548
384
192
69
-46
-133
-215
-222
-239
-240
-199
-68
35
123
248
306
273
268
271
288
198
91
69
-5
18
-62
-188
-300
-347
-268
-218
-200
-224
-254
-265
-253
-233
-131
-23
120
343
410
431
286
7
-163
-284
-328
-425
-459
-412
-246
-53
294
577
700
661
470
248
56
-78
-72
-45
-87
-45
-55
-87
-115
-133
-121
-86
-141
-138
-149
-22
118
137
102
25
-15
-38
12
37
-38
-121
-167
-267
-231
-208
-292
-359
-441
-421
-351
-278
-191
-156
-148
-206
-201
-207
-198
-97
46
197
197
130
35
-27
24
34
34
60
42
99
191
248
181
141
65
29
24
-21
-37
-31
145
294
384
364
228
122
75
36
72
141
189
298
294
295
354
342
304
248
147
115
258
474
636
674
579
320
2
-209
-281
-72
134
332
411
177
-149
-480
-597
-547
-478
-490
-526
-462
-392
-268
-187
-166
-181
-221
-321
-350
-350
-290
-190
-60
81
120
7
-242
-470
-658
-727
-698
-585
-325
-99
108
201
172
61
-88
-75
53
157
233
277
256
256
275
305
264
210
213
297
358
398
362
290
248
201
187
174
117
79
115
168
127
102
2
-80
-172
-208
-156
-105
4
48
24
-3
7
77
148
174
198
284
319
291
186
66
-56
-220
-389
-547
-588
-638
-512
-271
-25
146
134
57
-102
-204
-312
-358
-361
-481
-565
-565
-430
-158
205
468
533
360
-16
-341
-523
-412
-109
276
513
485
363
173
90
85
147
213
84
-66
-312
-464
-431
-202
107
357
476
451
305
238
281
428
547
512
459
318
252
144
115
239
442
606
715
692
393
57
-348
-583
-573
-368
-46
265
501
498
308
32
-303
-461
-513
-467
-296
-226
-127
-126
-114
-147
-247
-371
-550
-543
-554
-422
-245
-67
139
172
123
-71
-211
-306
-367
-360
-305
-208
-59
108
263
428
423
251
15
-300
-485
-549
-461
-348
-123
230
408
561
542
397
97
-165
-339
-422
-391
-273
-145
-45
24
162
206
231
245
216
185
200
214
70
-108
-361
-509
-489
-365
-61
286
428
348
213
106
142
351
627
825
792
598
277
1
-122
-174
-213
-179
-155
-185
-197
-131
-25
-28
-5
-83
-129
-284
-477
-526
-462
-242
-5
98
11
-129
-246
-294
-221
-152
55
282
484
613
605
616
535
421
319
221
97
-48
-239
-267
-300
-314
-304
-246
-103
-8
166
278
311
243
178
53
-111
-289
-450
-571
-520
-385
-190
-6
139
231
256
299
259
290
