739
382
331
345
378
367
330
268
479
759
797
709
459
212
102
227
560
838
1006
791
281
-32
-171
54
427
742
884
845
607
491
472
472
437
260
182
184
283
176
59
227
324
538
777
827
747
535
288
95
111
71
175
321
373
406
341
100
-173
-409
-480
-342
-295
-341
-479
-724
-729
-609
-439
-212
-134
-283
-610
-955
-1190
-1210
-960
-551
-307
-73
-85
-89
58
191
290
78
-381
-861
-1093
-1092
-690
-132
248
389
420
176
98
28
36
51
-127
-201
-336
-240
-69
82
136
-117
-503
-654
-528
-304
-136
-74
-73
-86
-136
-70
50
133
169
56
-84
-267
-393
-231
-51
213
318
74
-142
-349
-511
-561
-525
-276
19
249
372
436
261
-33
-123
-6
298
739
894
803
630
419
396
463
519
531
556
599
700
582
280
27
-17
152
414
615
828
933
1032
1006
899
920
778
672
589
643
716
726
561
402
241
28
-158
-368
-617
-758
-830
-867
-725
-522
-369
-382
-519
-696
-880
-973
-929
-868
-743
-757
-713
-652
-729
-726
-763
-702
-581
-635
-471
-406
-306
-225
-305
-467
-636
-731
-773
-654
-569
-319
-160
27
80
57
20
-70
-162
-215
-343
-437
-472
-423
-261
-93
179
309
329
220
52
57
200
423
855
1163
1257
1181
839
466
112
99
213
504
707
817
733
639
614
349
268
98
-115
-272
-232
-124
187
648
795
602
382
-15
-346
-286
-206
-15
164
139
35
-89
-90
-94
-161
-148
-308
-465
-520
-407
-176
107
324
373
167
-282
-545
-672
-748
-655
-583
-372
31
297
348
105
-256
-543
-645
-333
111
388
640
684
474
284
159
-50
-38
13
7
88
107
222
368
649
1005
1216
1154
894
572
295
191
151
227
369
270
125
-89
-195
-297
-282
-249
-246
-139
161
520
712
818
586
266
-11
-120
-27
219
334
336
40
-223
-467
-673
-676
-576
-384
-419
-376
-391
-465
-441
-381
-274
-193
-140
-80
-118
-283
-341
-306
-302
-267
-269
-257
-224
-250
-256
-327
-549
-609
-674
-650
-607
-720
-799
-859
-624
-347
-201
-132
-177
-241
-243
-190
-65
-60
-350
-304
-191
-5
288
325
276
126
62
24
89
157
224
198
255
314
303
431
481
598
446
285
196
137
-63
-127
52
167
382
310
293
143
51
189
349
463
452
530
580
547
472
420
413
346
381
419
450
455
480
600
575
238
-145
-377
-268
51
256
220
-54
-351
-555
-533
-311
-18
144
144
-49
-110
-138
-250
-283
-292
-330
-359
-211
-239
-357
-397
-420
-499
-542
-596
-616
-453
-321
-74
36
69
19
-130
-268
-588
-701
-560
-268
45
193
173
-43
-105
-74
21
5
-137
-252
-442
-489
-525
-532
-404
-144
70
305
483
563
581
507
377
165
30
72
1
-18
104
11
115
255
219
170
166
245
326
324
314
379
601
848
1108
1035
712
463
282
406
553
634
630
493
260
134
22
-41
-128
-363
-349
-213
109
451
711
645
346
-56
-343
-528
-576
-495
-270
-27
18
-12
-364
-630
-751
-784
-623
-368
-111
72
47
-14
-150
-313
-343
-265
-19
84
76
-123
-380
-643
-747
-782
-554
-258
-84
-224
-599
-641
-633
-346
56
396
416
185
-223
-517
-445
-74
337
661
642
497
352
306
228
104
205
205
349
480
477
432
226
12
-109
81
369
628
592
303
27
-318
-382
-212
63
273
192
-108
-407
-440
-210
98
411
619
605
397
0
-331
-477
-529
-556
-605
-627
-554
-172
123
324
289
98
-22
-90
-175
-301
-332
-193
16
208
435
407
253
-42
-113
-161
-59
120
210
223
95
-116
-183
-179
-66
122
14
-34
-77
-8
124
122
117
51
-52
-79
-315
-645
-709
-639
-371
-49
174
298
351
497
465
372
169
-122
-163
19
294
655
828
674
431
110
-247
-508
-645
-624
-387
-270
-276
-243
-510
-806
-1441
-2778
-3850
-3037
599
5087
6934
4907
882
-1634
-1444
-115
553
323
406
1076
1517
784
-614
-1356
-748
521
880
40
-1113
-1309
-687
-210
-483
-1214
-1425
-996
-408
-183
-382
-626
-658
-427
-68
140
246
375
299
-277
-1837
-3757
-3590
-648
3945
6527
4987
1174
-1882
-2081
-728
455
682
554
547
102
-955
-1952
-1742
-418
756
273
-1570
-3059
-2412
546
4067
5737
3449
-1001
-3814
-2212
2869
6631
5692
1154
-1983
-1176
954
1405
-677
-2862
-2606
-1086
-222
-1322
-2965
-3595
-3632
-3376
-3671
-2686
-535
1366
2975
3185
1605
-1124
-3932
-4969
-2970
697
3565
5031
4977
3617
2449
2120
2801
4503
6005
6315
6463
5953
4863
4054
3103
1809
812
-11
-1416
-2029
-2421
-2558
-2437
-3443
-4994
-5910
-6209
-5714
-5168
-5322
-5109
-4340
-3050
-1916
-1261
-1323
-1360
-1046
-787
-849
-1025
-683
126
983
1158
913
519
36
-861
-2121
-3108
-3419
-2871
-2219
-2043
-2827
-3829
-4472
-4341
-4187
-4204
-4391
-4091
-3025
-1997
-1412
-1354
-1276
-972
-340
211
928
1914
3235
4442
5590
6342
6623
6761
6600
6558
6626
7063
7477
7766
7699
7089
6414
5680
5003
4670
4524
4755
4978
4776
4331
3154
1869
984
629
855
1103
1424
2181
3262
4322
4658
4004
2427
367
-1554
-2960
-3674
-3776
-3431
-3335
-3798
-4569
-5227
-5360
-5128
-5116
-5234
-5456
-5769
-5803
-5937
-6489
-7067
-7421
-7464
-6961
-6429
-5929
-6033
-6705
-6739
-6215
-5253
-4178
-3574
-3397
-3541
-3472
-2637
-1685
-1022
-448
84
576
979
1361
1744
2540
3674
4680
3930
-423
-8607
-18037
-23687
-22228
-14844
-6254
-896
277
-575
-1104
-561
-207
-1208
-2561
-1322
4474
13307
20942
23835
22149
18682
16059
14937
14028
12265
10410
10084
12088
15333
16855
14396
8237
627
-5732
-9591
-11532
-12455
-12425
-10916
-7878
-4480
-2788
-4381
-8807
-13752
-16162
-14233
-8555
-1303
5262
9800
12351
13388
12717
9941
4838
-1128
-5889
-6979
-4189
153
3276
2912
-351
-4818
-8864
-11955
-14063
-15136
-14409
-11140
-6174
-1430
529
-1304
-5688
-10180
-12617
-12629
-10815
-8049
-4584
-868
2387
4328
3978
1696
-1344
-3578
-3971
-2595
-228
2152
3990
4711
3753
805
-3627
-8073
-11018
-11741
-10310
-7662
-4977
-3056
-2387
-2623
-3526
-4669
-5555
-5926
-5057
-2903
39
2915
4764
5332
4507
3147
1973
1199
1120
1398
1824
2599
3565
4489
5157
4585
1980
-3581
-11569
-19581
-23598
-21209
-14089
-6105
-1537
-783
-1670
-1960
-1058
-628
-1763
-3485
-2759
2394
10878
18791
22392
21450
18533
16485
16057
15495
13199
10009
8394
9997
14030
17219
16603
12000
5400
-408
-4142
-6740
-9332
-11760
-12423
-9931
-5241
-1257
-790
-3975
-8637
-11617
-11312
-8576
-5016
-1727
1847
6395
11345
14978
15516
12692
8196
4473
3215
4339
6396
7456
6786
4808
2166
-823
-4433
-8481
-11951
-13402
-12171
-8925
-5481
-3467
-3339
-4555
-5968
-6843
-7492
-8034
-7993
-6740
-3997
-655
1570
1899
969
190
528
906
197
-1676
-3796
-3729
-1063
1956
3455
1990
-1657
-5164
-6969
-7080
-6507
-6970
-8700
-9474
-8710
-6557
-5264
-5979
-7637
-9136
-9158
-7393
-3991
-2003
-2584
-4751
-5692
-3510
-393
843
-895
-3568
-4697
-2980
-102
1750
1090
-1318
-3212
-3074
-1550
-726
-1215
-2005
-1542
538
2547
1957
-1606
-6269
-9413
-8600
-4669
-477
1632
1313
98
-66
1281
2731
2852
1175
-856
-1473
-37
2464
4575
5388
5145
5118
5928
7167
7772
7134
5855
5162
5763
7472
9286
9947
9396
8309
7643
7978
8567
8551
7719
6458
5616
5669
6220
6485
6202
5643
5283
5369
5640
5396
4366
3103
2151
1939
2150
2262
2024
1558
1310
1361
1529
1427
561
-715
-1859
-2412
-2487
-2496
-2715
-3273
-3624
-3578
-3449
-3573
-4166
-5298
-6502
-7155
-6857
-5989
-5193
-4812
-4852
-5155
-5324
-5240
-5168
-5331
-5552
-5664
-5238
-4245
-3273
-2661
-2413
-2332
-2370
-2368
-2531
-2706
-2802
-2602
-2129
-1664
-1256
-860
-711
-687
-777
-943
-1218
-1492
-1580
-1494
-1240
-854
-430
-142
119
408
694
781
606
453
267
183
319
764
1160
1558
1879
1893
1629
1163
634
158
-65
-6
251
512
606
528
294
41
-273
-538
-692
-739
-716
-823
-938
-1272
-1729
-2105
-2123
-1698
-944
-372
-227
-453
-603
-491
-409
-503
-1139
-1901
-2549
-2792
-2256
-1467
-846
-501
-357
-210
-114
-134
-241
-427
-478
-223
422
1333
2130
2559
2932
3412
3961
4442
4404
3951
3427
3173
3306
3992
4866
5693
6259
6867
7581
8475
8796
7807
5798
3705
2981
3648
4760
5340
5020
4178
3202
2049
786
-496
-1200
-1107
-433
314
499
-2
-925
-1985
-2780
-3973
-6004
-8406
-10223
-9523
-6609
-3137
-997
-1031
-2219
-3219
-3412
-3209
-3096
-3097
-2955
-2276
-1473
-1286
-1764
-2540
-2957
-3208
-3772
-4137
-4288
-3516
-1382
1026
2697
2798
859
-1350
-1539
-89
1089
682
-323
-400
511
1493
1972
2694
3791
4375
4135
3086
2207
2098
2545
3338
4420
5423
5664
4840
3477
2282
1543
1274
1396
2236
3392
4282
4494
3933
3014
2406
2346
2692
2619
570
-4693
-12718
-20431
-23332
-19552
-12142
-6065
-4442
-5956
-7477
-7478
-6889
-7193
-8186
-7726
-3486
4528
13576
19539
20078
16714
13145
11831
12159
12076
11022
10713
12615
15969
18085
16343
10262
1856
-5796
-10076
-10804
-9837
-8768
-7941
-6783
-5345
-4726
-6336
-10370
-14880
-16883
-14045
-6607
2483
9755
13415
13952
13103
11988
10508
8472
6417
5921
8188
12524
16422
16902
12585
4905
-3128
-9192
-12384
-13719
-13703
-12668
-10521
-7844
-6379
-7506
-11270
-15163
-16303
-12741
-5895
1421
7168
10382
11783
11623
9954
6828
3643
2013
3116
6606
10192
11737
9965
5863
1388
-2169
-4610
-6045
-6440
-5414
-3129
-651
251
-1322
-4921
-8703
-10975
-11232
-9534
-6908
-4093
-1480
575
1646
1767
1064
248
392
1579
3325
4821
5427
5118
4214
2953
1890
1144
825
573
-717
-4745
-12035
-20535
-25970
-23595
-15467
-6771
-2826
-4297
-7207
-8325
-7118
-5628
-4542
-2927
1422
8960
17210
22997
23510
19658
15055
12777
13337
14523
14641
14025
14422
15781
16112
13459
6504
-2919
-11639
-16517
-16111
-12524
-8762
-6917
-6899
-7808
-8848
-9780
-10897
-11359
-10315
-6243
1545
10845
18205
20876
18857
14681
11260
9837
9786
10210
10230
10482
11529
12391
11192
5948
-2833
-11740
-17328
-18269
-16140
-13603
-12361
-12209
-12649
-13297
-14644
-16952
-19074
-19110
-15240
-8500
-1050
4238
6443
6688
6220
5949
5936
6198
6929
8772
11326
13650
14106
11404
6465
1031
-3086
-5072
-5360
-5064
-4554
-3884
-3407
-3606
-4883
-7019
-8980
-9572
-8078
-4989
-1495
1345
2777
3143
2928
2709
2734
3038
3628
4730
6289
7656
8086
7193
5383
3345
2024
1706
1840
1724
939
-179
-1166
-1649
-1838
-1670
-1313
-557
136
-517
-4462
-12173
-21230
-26046
-21910
-11457
-1070
2625
-222
-4921
-7192
-6252
-4453
-2868
-973
3505
10774
18440
23231
22166
16625
10694
8149
9225
11249
12340
12856
14273
15737
15242
11075
3003
-6490
-14067
-16453
-13113
-7129
-2650
-1868
-4035
-7367
-10122
-11676
-12330
-11695
-9531
-4489
3802
12872
18951
19091
14032
7680
4023
4384
7496
10875
12651
13118
13094
12508
9923
3708
-5033
-12569
-15503
-13506
-9237
-6280
-6275
-8562
-11675
-14136
-16240
-17954
-18893
-17646
-13133
-6642
-625
2500
2530
562
-1493
-2215
-824
2615
7086
11180
13570
13734
11610
7979
3886
656
-743
-325
1228
2614
2746
1100
-1960
-5371
-8092
-9222
-8842
-7293
-5119
-2779
-968
-323
-951
-2421
-3623
-3496
-1761
956
3566
5252
5931
5755
5241
4554
3880
3251
3096
3486
4163
4471
3747
2349
778
-194
-600
-507
-5
761
1585
1400
-1427
-8105
-17442
-24789
-24217
-15323
-3802
2584
1110
-4740
-9586
-10631
-9187
-6756
-3938
224
6541
14046
20339
21797
17689
11378
7631
8554
11884
14969
17250
19428
20742
19459
15015
8101
550
-5430
-7762
-5541
-707
2985
2951
-735
-6356
-11751
-15506
-16980
-16182
-13823
-9811
-3716
3562
9122
9755
5293
-862
-3969
-1556
5013
12155
16288
16775
15131
13295
11565
8367
3163
-2327
-4933
-3306
642
3264
2059
-2764
-8894
-13723
-16074
-16937
-17320
-17186
-15606
-12313
-8990
-7592
-8863
-11277
-12321
-10454
-5860
-365
4316
7148
8421
8875
8689
7883
6653
5914
6504
8155
9494
8986
6260
2432
-885
-2796
-3278
-3091
-2908
-3059
-3568
-4242
-5161
-6120
-6846
-6868
-5736
-3671
-1470
-33
338
-86
-697
-741
134
1920
4147
6012
6972
6921
6167
4844
3426
2385
2049
2451
3084
3315
2867
1859
756
220
483
953
-140
-5008
-13778
-22687
-24946
-17576
-5287
3033
2168
-5242
-12661
-15109
-12712
-7835
-2561
2271
6937
11695
15958
17361
14247
8832
5835
8089
13555
18706
21908
22858
20952
15840
9290
3912
728
-686
-587
1506
4537
5640
2637
-3929
-11449
-16912
-18155
-14941
-9183
-4361
-2402
-2360
-2182
-1675
-2309
-4103
-5012
-2529
3746
11239
16486
16879
12534
6695
3136
3796
6758
9041
9102
7640
5847
3729
884
-3050
-7553
-11126
-12062
-10152
-7223
-5971
-8044
-12328
-16208
-17575
-15872
-12206
-8027
-4554
-2396
-1479
-1439
-1716
-1569
-242
2772
7076
11229
13293
12300
8962
5244
2766
2187
2940
4054
4816
4727
3552
1067
-2389
-5999
-8594
-8932
-6750
-2944
160
821
-1158
-4526
-7360
-8367
-7046
-3866
95
3448
5342
5425
3977
1665
-383
-826
696
3491
6112
7331
6856
4992
2621
670
-364
-515
-5
989
2227
3049
2064
-2748
-11896
-22094
-26193
-19302
-5664
4589
4276
-4381
-13737
-17648
-15431
-9302
-1049
6767
11654
12799
11917
10759
8968
6837
6623
10315
16585
22071
24313
22218
15728
6807
56
-965
2446
6016
7049
5943
3179
-1727
-8420
-14469
-17125
-15660
-10914
-4852
-131
410
-3767
-9394
-12147
-9894
-3666
3940
10389
13940
14248
12038
8813
5593
3324
3701
7469
13066
16652
14949
7883
-1365
-8557
-10990
-8758
-4629
-1661
-1678
-4650
-9306
-14217
-18098
-19655
-18013
-13451
-7321
-2136
-37
-1551
-5236
-8268
-8085
-3880
3083
10110
14260
14095
10448
5728
2142
987
2445
5893
9501
10724
8343
3042
-2720
-6673
-7609
-5531
-1792
1371
2181
349
-2780
-5549
-7002
-6509
-4113
-663
2378
3832
3369
1609
-395
-1520
-710
2006
5307
7423
7291
5277
2635
566
-61
675
1948
2670
2224
1019
-399
-1446
-1793
-1350
-189
826
229
-4544
-13892
-23603
-25553
-15801
-1454
6315
2151
-8487
-17140
-18957
-14362
-5130
6231
14164
14545
8860
3640
3174
5705
8692
12215
17214
21557
22179
18314
11666
5124
844
871
4897
9748
11481
8177
992
-7120
-12794
-13830
-10383
-4848
-704
550
-1425
-5481
-9835
-12041
-9737
-3109
5412
11955
14063
11514
6236
1709
626
3835
9351
13906
15415
13301
8630
2795
-2433
-5433
-5341
-2739
93
778
-1963
-7342
-13082
-16654
-16486
-13234
-9017
-6115
-5550
-7122
-9454
-10865
-10115
-6842
-2029
2585
5423
6086
5131
3784
2961
3381
5105
7351
8829
8359
6014
2860
19
-1962
-2699
-1932
-199
1033
378
-2118
-5136
-6979
-6708
-4342
-982
1688
2303
724
-1643
-3019
-2520
-343
2569
5052
6144
5477
3638
1776
740
969
2266
3893
5024
4841
3280
1115
-443
-1010
-817
-330
56
445
777
1001
1101
434
-2686
-10419
-20449
-25696
-18768
-3238
8058
6068
-6769
-19244
-23491
-18004
-6293
7859
17496
16395
6011
-4197
-5396
1359
9500
15503
19428
20390
16564
9703
4109
2522
4042
6749
10317
12861
11506
5043
-3803
-10375
-11527
-7289
-777
4040
3830
-1377
-8188
-12953
-13100
-8513
-972
5980
9273
8019
4118
214
-1720
-14
5144
11311
14774
13243
7870
1816
-1997
-2180
600
3946
5142
3009
-1768
-7064
-10893
-12098
-10702
-8274
-6447
-6327
-7831
-10235
-12401
-12906
-10797
-6624
-2558
-191
290
-448
-1528
-1858
-153
3737
7895
9771
8534
5565
2609
1043
1202
2909
4813
4955
2572
-975
-3477
-4097
-3274
-1962
-754
-172
-552
-1597
-2561
-2659
-2000
-925
398
1588
2228
2111
1693
1624
2148
3055
3879
4326
4073
3259
2252
1548
1539
1993
2462
2359
1534
277
-831
-1258
-909
-43
777
1300
1219
-619
-6619
-16655
-24793
-22478
-8396
5744
8036
-3189
-17562
-24268
-19996
-7876
6635
16953
16231
5269
-6539
-8502
-64
10635
17368
19308
17372
11902
5267
1685
3109
7464
10957
12371
11448
7754
1355
-5389
-8728
-6793
-1055
4282
5482
1431
-5676
-11356
-12308
-8003
-757
5470
7613
5086
438
-2652
-2022
1618
6356
10362
12040
10428
6045
1289
-1180
-265
3028
6295
6911
3576
-2527
-8391
-10922
-9134
-5091
-1898
-2145
-5791
-10482
-13198
-12533
-9447
-5798
-3437
-2849
-3619
-4413
-4008
-2281
-103
1692
3091
4320
5169
4960
3438
1774
1177
1989
3397
4146
3331
950
-1952
-3616
-2922
-675
1032
788
-1170
-3278
-4160
-3290
-1147
959
1833
1235
36
-722
-525
417
1651
2794
3406
3314
2779
2187
1900
1819
2036
2344
2600
2339
1480
327
-533
-696
-352
212
446
345
-35
-68
-132
-2409
-9828
-19955
-24699
-16584
-838
8073
2252
-12981
-23634
-22571
-11352
2740
14073
16565
7784
-5395
-11205
-3708
9774
19013
20172
15991
9661
3447
629
2956
8856
13432
13466
9661
4015
-1564
-5588
-6114
-2751
2698
6363
5334
41
-6401
-9681
-7508
-1522
4675
7706
6407
2199
-1591
-2019
1581
6585
9695
9801
7612
4605
1769
-91
-82
1701
3763
4381
2510
-1809
-6796
-9845
-9175
-5343
-1525
-978
-4241
-9095
-12063
-11010
-6956
-2576
-591
-1676
-4512
-6383
-5577
-2074
2054
4087
3177
424
-1707
-1706
85
2064
3096
2686
1084
-721
-1910
-1835
-1027
-443
-402
-617
-739
-997
-1412
-1677
-1319
-398
657
1368
1406
794
-99
-552
98
1657
3177
3670
2789
1125
-65
65
1584
3359
4025
3069
1087
-674
-1307
-563
638
1294
824
-135
-816
-659
148
972
1631
1124
-2860
-12272
-21931
-23156
-10973
3931
7378
-3917
-19088
-24075
-17184
-4043
7472
14518
12205
1410
-9135
-8992
2542
14790
19766
17279
11912
5861
1071
617
5135
11571
14229
11653
5966
-123
-4592
-5935
-3151
2095
6386
6245
1719
-4322
-7832
-6185
-252
6010
8785
6821
2220
-1434
-1392
2399
7609
10501
9428
5768
2087
298
353
1297
2346
2765
1968
-168
-3325
-6297
-7508
-6412
-3911
-2046
-2534
-5108
-8155
-9554
-8209
-4667
-1199
56
-1539
-4308
-5641
-4458
-1454
1488
2740
1697
-1056
-3702
-4101
-2058
609
1817
1023
-789
-2396
-3052
-2494
-886
772
1163
87
-1357
-1966
-1639
-829
193
1193
1627
1187
355
-113
102
607
1116
1664
2004
1957
1420
835
584
805
1359
1994
2456
2254
1526
619
-25
-242
-164
196
409
443
213
54
277
916
1583
467
-5002
-14877
-22295
-19222
-5019
7181
6143
-7660
-21255
-23336
-13791
525
11598
15408
8535
-3875
-11648
-6858
6350
16958
19036
14208
7437
1518
-1015
1422
7442
12879
13317
9034
2696
-2510
-4793
-3211
1490
6321
7919
4603
-1239
-5670
-5453
-419
5907
9272
7653
2532
-2168
-2828
1073
6629
10167
9269
5094
730
-1299
-613
1319
2623
2283
444
-1766
-3278
-3873
-4157
-4180
-3757
-2887
-2554
-3458
-5103
-6248
-6024
-4577
-2634
-1457
-1912
-3794
-5412
-5252
-3142
-639
679
11
-1994
-3903
-4505
-3204
-973
662
670
-617
-2058
-2699
-2166
-792
750
1497
1083
-72
-1053
-1257
-544
687
2023
2765
2398
1130
-220
-607
220
1582
2406
2280
1406
321
-357
-180
628
1460
1687
1441
1151
970
825
516
372
358
397
262
141
309
721
1196
1701
1872
-162
-7194
-16982
-21661
-14617
-71
7476
938
-14240
-23341
-19987
-7958
4258
11252
10532
1438
-8686
-10820
-1236
11476
17783
15331
8848
3348
379
1463
6142
11699
13817
10470
4391
-812
-2916
-1916
1747
6010
8162
6177
870
-3787
-4361
-294
5677
9383
8395
3578
-1529
-3012
398
6181
10071
9410
4758
-267
-2410
-1007
2009
3882
3202
774
-1834
-3237
-3416
-3125
-2839
-2367
-1923
-2018
-3042
-4582
-5541
-5364
-4008
-2139
-961
-1400
-3023
-4561
-4636
-3027
-1238
-555
-1205
-2754
-4266
-5026
-4491
-2837
-1408
-1245
-2134
-2827
-2647
-1979
-1323
-657
-64
22
-387
-651
-283
521
968
903
876
1035
1231
1209
1151
1192
1246
1128
921
960
1134
1171
1081
940
733
540
524
801
1222
1460
1352
897
411
100
84
626
1401
2048
2384
2179
293
-5461
-14430
-20170
-15914
-2878
6582
2822
-11259
-22533
-21229
-9835
3249
10749
10575
2528
-7738
-11221
-3581
9162
16675
15320
8847
3124
165
642
4725
10237
13433
11211
5238
-481
-2906
-1535
2451
6869
8774
6532
916
-3893
-3983
873
7225
10577
8796
3356
-1852
-3026
644
6439
10016
8844
3802
-1436
-3298
-1546
1550
3305
2556
18
-2726
-4353
-4214
-2968
-1871
-1522
-1921
-2697
-3578
-4340
-4479
-3428
-1844
-724
-995
-2430
-3835
-4194
-3196
-1724
-675
-1023
-2483
-4147
-5055
-4604
-3316
-2073
-1707
-2406
-3554
-4122
-3591
-2108
-426
530
517
-225
-917
-814
163
1479
2414
2506
1779
835
205
387
1388
2395
2613
1825
736
79
126
653
1282
1654
1549
974
218
-177
-68
268
602
615
335
61
-36
318
1030
2014
2910
2622
-1391
-10279
-18825
-19093
-7962
4596
5850
-5935
-19974
-22793
-13588
-5
9077
10829
4669
-5607
-11452
-6775
5639
15121
15865
9961
3565
-50
-382
3003
8638
13092
12555
7104
534
-3339
-2879
1082
6651
10174
8940
3270
-2698
-4191
-76
6622
11083
10279
4933
-1070
-3255
-27
6056
10230
9394
4201
-1751
-4471
-2816
1250
4240
3727
123
-3963
-5798
-4586
-2037
-519
-761
-1963
-3169
-3768
-3815
-3349
-2598
-1841
-1238
-984
-1330
-2336
-3235
-3205
-2031
-880
-1121
-2679
-4353
-5149
-4958
-4091
-3030
-2316
-2531
-3573
-4157
-3490
-1967
-730
-400
-541
-775
-978
-996
-395
871
1959
2055
1383
845
763
921
1232
1726
2116
1982
1301
543
302
520
973
1374
1644
1461
821
-24
-420
-141
286
564
367
141
-22
253
996
2063
2453
-354
-8184
-17434
-20169
-11566
1767
6159
-2903
-17323
-22996
-15826
-2537
7580
10379
5923
-3217
-9470
-6851
3713
13244
14959
10023
4030
838
449
2982
7634
11890
12325
7886
1833
-2214
-2371
881
5896
9679
9488
4807
-999
-3010
538
6929
11554
11177
6437
780
-1725
674
5872
9686
8966
4291
-1086
-3457
-1902
1380
3386
2563
-469
-3629
-5017
-4043
-2006
-900
-1535
-2967
-3915
-3761
-3107
-2477
-1851
-1342
-1127
-1398
-1984
-2712
-3119
-3105
-2445
-1783
-1963
-3040
-4378
-5037
-4955
-4432
-3988
-3783
-3823
-4000
-3804
-3130
-2123
-1322
-1052
-1031
-1071
-989
-802
-374
348
985
1241
1074
883
835
1014
1297
1534
1581
1444
1250
1234
1501
1876
2128
1953
1500
1029
836
789
865
700
594
505
597
794
1060
1441
1730
1950
98
-6030
-15022
-19847
-14367
-1738
4980
-1369
-15153
-22834
-17454
-4795
5953
9630
6464
-1646
-8448
-7568
1496
11462
14630
10894
5264
1866
797
2002
5711
10087
11748
8419
2568
-1995
-2895
-60
4941
9307
9835
5688
-226
-2757
328
6495
11312
11462
7230
1689
-1264
330
5142
9247
9219
5164
-126
-2989
-2037
909
3115
2864
308
-2778
-4567
-4210
-2476
-986
-959
-2005
-3053
-3445
-3128
-2401
-1452
-705
-491
-924
-1622
-2164
-2386
-2347
-2197
-2163
-2662
-3604
-4443
-4706
-4534
-4297
-4112
-3700
-3292
-3295
-3561
-3514
-2914
-2160
-1636
-1271
-816
-478
-637
-898
-498
473
1301
1410
1035
650
382
300
612
1289
1726
1466
765
299
293
744
1169
1365
1244
935
604
529
666
763
786
655
573
717
1143
1871
2571
1683
-3304
-12273
-19115
-16856
-5276
4142
1594
-11120
-21726
-19881
-8496
3411
8875
7357
565
-6575
-7761
-955
8810
13651
11632
6730
3142
1665
1781
4335
8565
11651
10325
5289
52
-2440
-994
3423
8533
10633
7655
1616
-2280
-432
5530
10837
11785
8055
2471
-1249
-633
3711
8171
8998
5631
750
-2251
-2064
51
2030
2578
1066
-1703
-4172
-4657
-3220
-1525
-895
-1337
-2067
-2646
-3065
-3095
-2195
-846
-98
-585
-1768
-2819
-3220
-3060
-2471
-1951
-2189
-3376
-4781
-5377
-5003
-4347
-3942
-3561
-3247
-3243
-3632
-3799
-3115
-1944
-1030
-741
-740
-909
-1234
-1425
-959
225
1398
1613
972
221
-54
189
775
1469
1893
1720
912
163
136
854
1670
2015
1717
1017
313
-68
190
770
1082
1121
856
875
1195
1995
2367
109
-6965
-16136
-19803
-13087
-781
3826
-3769
-16831
-22109
-15221
-3023
6228
8395
4621
-2776
-7699
-5495
2938
10842
12648
9557
5559
3124
1766
2408
5991
10510
12239
8875
3027
-1406
-1889
1466
6841
10919
10484
5428
-424
-1752
2551
8823
12291
10720
5714
769
-899
1663
6232
9074
7930
3711
-593
-2515
-1780
240
1979
2237
648
-2075
-4261
-4655
-3481
-1758
-748
-528
-1309
-2720
-3885
-3709
-1949
-29
692
-239
-1878
-3433
-4214
-3969
-3071
-2246
-2578
-3914
-5246
-5805
-5542
-4904
-4098
-3326
-2864
-3196
-3881
-4078
-3393
-2099
-986
-244
23
-320
-1093
-1525
-968
462
1737
1939
1112
124
-245
246
1130
1869
2031
1497
599
-181
-180
651
1690
2207
1805
863
115
74
586
1293
1575
1417
1149
1164
1900
2384
700
-6063
-15196
-19683
-13858
-1836
3296
-3575
-16397
-21903
-15230
-3292
5456
7494
4214
-2242
-6846
-5215
2278
9899
12092
9611
6131
3523
1427
1093
4340
9591
12466
9714
3517
-1507
-2363
1156
6934
11359
11062
6021
54
-1692
2255
8231
11798
10774
6529
2193
198
1500
4791
7457
7312
4378
503
-2051
-2153
-511
1593
2519
1297
-1465
-3878
-4367
-3111
-1354
-522
-691
-1594
-2829
-3614
-3401
-2063
-505
112
-455
-1760
-3087
-3918
-3912
-3156
-2388
-2505
-3687
-5080
-5812
-5582
-4756
-3860
-3305
-3349
-3944
-4399
-4009
-2884
-1689
-953
-622
-636
-987
-1405
-1374
-540
655
1405
1448
901
201
-241
-31
834
1727
1969
1398
488
-109
88
845
1669
2025
1652
791
271
266
757
1177
1355
1310
1298
1429
1803
2152
323
-6066
-14944
-19557
-14252
-2785
2554
-3647
-15680
-21324
-15569
-4436
4153
6872
4597
-788
-5134
-4380
1743
8605
11381
10137
7617
4933
2101
929
3705
9192
12721
10700
4673
-953
-2492
702
6566
11255
11287
6600
886
-824
2814
8534
12014
11170
7207
2835
516
1290
4198
7024
7621
5480
1801
-1316
-2387
-1218
1002
2484
1745
-906
-3670
-4696
-3757
-1957
-766
-480
-934
-2002
-3015
-3389
-2690
-1420
-441
-437
-1410
-3074
-4718
-5329
-4638
-3307
-2623
-3303
-4825
-6101
-6487
-5859
-4615
-3373
-2940
-3550
-4382
-4443
-3487
-2183
-1182
-656
-499
-721
-1204
-1425
-1004
-49
934
1426
1263
651
-64
-340
208
1155
1698
1392
770
336
413
852
1404
2002
2129
1783
1029
616
578
830
1125
1262
1563
2014
2707
2543
-826
-8784
-17187
-19180
-10912
155
2487
-6197
-17931
-20675
-13117
-2114
5277
6993
4068
-1710
-5692
-4198
2390
9004
11611
10550
7778
4057
260
-313
4205
11018
14262
10846
3618
-2319
-3287
961
7700
12409
11496
5700
-214
-1375
2726
8431
11876
11371
7849
3544
657
677
3215
6119
7163
5429
1909
-1377
-2793
-1831
455
2121
1705
-593
-2937
-3785
-3053
-1782
-989
-704
-879
-1366
-1958
-2550
-2638
-2212
-1411
-783
-1009
-2346
-4129
-5158
-4851
-3690
-2867
-3146
-4272
-5631
-6573
-6541
-5507
-3989
-2832
-2737
-3250
-3724
-3785
-3376
-2459
-1131
-60
-117
-1302
-2253
-1863
-203
1595
2444
2081
880
-319
-620
103
1278
2009
1891
1323
609
50
-105
296
1102
1806
1989
1505
752
168
32
459
1236
1964
2337
2610
2379
-364
-7414
-15664
-18844
-12414
-1766
2016
-4551
-15723
-20243
-15014
-5114
3201
6944
5915
894
-4295
-5030
-105
6882
11500
12563
10641
6119
482
-2102
1554
9212
14656
13328
6806
-129
-3211
-925
5181
11008
12500
8789
3187
243
1754
5805
9488
10896
9556
6252
2549
678
1366
3688
5671
5815
3975
956
-1778
-2888
-1933
-55
1015
374
-1305
-2766
-3584
-3591
-3057
-1979
-768
-408
-915
-2106
-2973
-3072
-2527
-1431
-711
-1069
-2756
-4757
-5786
-5439
-4264
-3213
-2923
-3719
-5214
-6536
-6702
-5502
-3863
-2729
-2536
-3012
-3685
-3935
-3319
-1761
-50
752
318
-733
-1298
-955
87
1339
2162
2072
1110
43
-193
408
1291
1867
2030
1864
1205
205
-251
123
1021
1709
1757
1366
629
55
-152
158
695
1372
1921
2560
2952
1201
-4707
-13163
-19025
-16738
-7221
377
-228
-8886
-16924
-17598
-11199
-2583
3909
6971
6135
2124
-2682
-4473
-1159
5462
11639
14347
12268
6570
366
-1869
2044
9334
14205
13202
7510
1316
-1779
-605
3746
8481
10974
9929
6856
4171
3073
3598
5036
6956
8519
8348
6266
3343
1163
496
1179
2644
3949
3952
2232
-375
-2673
-3905
-3770
-2341
-158
1295
474
-2346
-5305
-6255
-4727
-1977
242
683
-726
-3118
-4833
-5024
-3902
-2581
-1996
-2325
-3224
-4355
-5489
-6113
-5865
-4952
-4108
-3643
-3738
-4098
-4337
-4351
-3877
-3141
-2365
-1657
-1001
-503
-407
-823
-1428
-1542
-774
550
1715
2138
1669
826
100
-27
383
1057
1609
1807
1684
1223
567
45
-26
325
880
1235
1124
728
326
-16
-185
-378
-306
-30
419
983
1414
951
-1568
-5979
-10947
-13429
-12197
-8469
-4637
-2578
-2124
-3084
-5178
-7424
-7436
-3843
1796
5799
5499
2203
-548
-200
2641
5552
6461
5477
4246
4250
5942
7939
8714
7874
6445
5763
6296
7231
7449
6836
5920
5447
5588
5834
5763
5306
4729
4323
3954
3394
2604
1966
1929
2439
3123
3146
2292
1097
379
495
829
648
-317
-1487
-2087
-1708
-883
-555
-1196
-2324
-3243
-3401
-2774
-2175
-2043
-2593
-3513
-4264
-4500
-4178
-3673
-3484
-3731
-4195
-4562
-4637
-4422
-3988
-3750
-3756
-3957
-4017
-3806
-3394
-2868
-2504
-2334
-2343
-2403
-2149
-1647
-1329
-1199
-1173
-1122
-871
-457
-51
67
14
-194
-339
-117
302
779
989
950
907
1041
1255
1393
1378
1223
1138
1130
1193
1209
1279
1396
1420
1358
1289
1187
1086
1068
1016
1100
1256
1326
850
-544
-2891
-5500
-6918
-6097
-3410
-912
-712
-3053
-6150
-7421
-5783
-2772
-866
-1479
-3627
-4818
-3621
-596
2112
2704
1466
248
655
2716
4950
5807
5184
4278
4057
4876
6060
6802
6999
6745
6508
6337
6176
5985
5772
5714
5709
5570
4940
3991
3116
2703
2727
2770
2531
2180
2013
2193
2350
2033
1151
-6
-751
-785
-236
93
-242
-1046
-1599
-1583
-1136
-746
-995
-1704
-2573
-3167
-3347
-3314
-3262
-3301
-3335
-3393
-3497
-3661
-3842
-3886
-3783
-3707
-3764
-3968
-4149
-3984
-3664
-3302
-3059
-2914
-2772
-2536
-2173
-1994
-1985
-1999
-1902
-1609
-1230
-979
-861
-815
-677
-224
329
678
587
274
120
309
684
1024
1252
1334
1350
1345
1291
1307
1257
1170
1172
1306
1485
1465
1250
997
831
797
1078
1443
1681
1096
-740
-3542
-6127
-6826
-5258
-2408
-498
-1077
-3765
-6430
-6724
-4568
-2010
-1235
-2757
-4767
-4919
-2714
501
2356
2034
643
-90
979
3274
5164
5622
4939
4179
4331
5204
6091
6619
6774
6699
6488
6101
5658
5382
5323
5490
5599
5410
4787
4078
3719
3719
3746
3228
2273
1431
1259
1695
2186
2026
1164
75
-617
-685
-400
-270
-651
-1262
-1696
-1635
-1388
-1218
-1303
-1773
-2322
-2733
-2964
-3073
-3206
-3296
-3315
-3364
-3474
-3695
-4019
-4127
-3925
-3633
-3637
-4029
-4578
-4894
-4643
-4015
-3333
-2922
-2795
-2833
-2849
-2667
-2278
-1869
-1512
-1277
-1198
-1156
-1058
-781
-430
-91
191
393
612
720
797
878
909
940
1028
1199
1504
1777
1853
1816
1742
1772
1845
1900
1866
1799
1725
1659
1621
1644
1737
1818
1863
1954
1824
700
-1500
-4244
-6081
-5766
-3615
-1217
-460
-2157
-4959
-6568
-5538
-2862
-942
-1263
-3232
-4522
-3776
-1354
911
1568
736
-240
-94
1375
3251
4351
4401
4125
4277
4944
5710
6098
6088
5986
5862
5740
5458
5070
4908
5036
5229
5128
4508
3556
2795
2506
2563
2371
1788
983
465
627
1202
1601
1217
318
-529
-855
-735
-493
-558
-989
-1389
-1452
-1153
-914
-958
-1321
-1874
-2361
-2691
-3001
-3211
-3281
-3240
-3304
-3417
-3435
-3333
-3136
-3105
-3321
-3745
-4189
-4229
-3762
-3066
-2689
-2901
-3314
-3505
-3108
-2362
-1632
-1301
-1411
-1652
-1716
-1377
-772
-143
326
561
610
535
493
604
899
1337
1665
1704
1540
1389
1500
1901
2237
2222
1768
1239
962
1027
1316
1461
1381
1132
950
978
1163
1353
1477
1397
1189
1049
865
558
-249
-1928
-4078
-5606
-5457
-3669
-1647
-987
-2346
-4617
-5897
-5203
-3199
-1754
-2046
-3498
-4383
-3505
-1339
603
1156
452
-253
139
1681
3423
4252
4112
3664
3628
4223
5027
5542
5757
5721
5595
5353
4904
4605
4628
4994
5181
4906
4021
2988
2486
2605
3051
3148
2576
1652
1078
1268
1808
1949
1294
164
-678
-831
-432
-38
-137
-654
-1296
-1559
-1453
-1217
-1140
-1173
-1480
-1969
-2515
-2847
-2741
-2366
-2063
-2309
-2967
-3665
-3912
-3637
-3083
-2836
-3155
-3904
-4448
-4334
-3632
-2879
-2457
-2471
-2672
-2609
-2343
-2016
-1809
-1669
-1578
-1443
-1199
-866
-360
159
595
741
532
83
-132
212
940
1578
1791
1463
980
800
890
1093
1231
1133
928
832
1011
1228
1298
1153
925
760
836
1004
1044
986
839
661
585
667
897
811
-42
-1708
-3770
-5101
-4933
-3484
-1885
-1443
-2669
-4594
-5614
-4831
-2981
-1641
-1905
-3110
-3827
-3157
-1369
196
840
654
318
796
1953
3244
3977
4070
4174
4525
5246
5830
6038
6047
5993
5947
5749
5375
5056
5028
5178
5370
5210
4581
3848
3375
3303
3323
2995
2234
1457
1166
1451
1941
1969
1335
387
-406
-586
-269
-13
-239
-873
-1510
-1754
-1541
-1186
-1056
-1328
-1997
-2652
-3185
-3470
-3243
-2821
-2555
-2736
-3254
-3773
-3989
-3734
-3321
-3212
-3542
-4166
-4598
-4400
-3804
-3206
-2950
-3075
-3268
-3348
-3105
-2717
-2330
-1979
-1720
-1471
-1175
-930
-757
-514
-225
148
304
218
159
264
586
948
1214
1203
1044
969
1111
1362
1608
1709
1680
1544
1394
1337
1352
1388
1413
1409
1304
1190
1152
1176
1216
1212
1120
1018
862
781
783
613
-195
-1765
-3735
-5054
-4854
-3396
-1876
-1448
-2475
-4068
-5000
-4437
-3023
-1999
-2052
-2901
-3375
-2803
-1208
200
845
693
416
788
1759
2993
3911
4471
4635
4675
4859
5015
5243
5460
5685
5866
5824
5595
5325
5111
5074
4878
4413
3815
3257
3084
3136
3096
2638
1845
1057
793
1085
1532
1696
1378
685
-131
-682
-890
-866
-814
-912
-1160
-1499
-1688
-1743
-1549
-1260
-1331
-1761
-2478
-2999
-3209
-3021
-2891
-3052
-3461
-3921
-4060
-3839
-3532
-3335
-3407
-3696
-3827
-3784
-3639
-3452
-3241
-2937
-2579
-2297
-2123
-2068
-1894
-1566
-1239
-992
-910
-691
-337
135
506
533
367
219
316
705
1075
1269
1295
1199
1338
1678
1964
2088
1884
1530
1311
1326
1455
1610
1759
1914
1955
1829
1557
1281
1194
1183
1194
1142
936
748
701
804
917
944
837
629
-54
-1346
-3128
-4754
-5307
-4527
-3036
-2058
-2355
-3816
-5265
-5462
-4368
-3034
-2741
-3608
-4664
-4590
-3145
-1265
-61
51
-403
-476
279
1492
2630
3364
3731
3916
4141
4401
4736
5110
5505
5801
5849
5604
5168
4867
4877
4925
4888
4459
3840
3448
3280
3243
3062
2626
2006
1577
1452
1569
1688
1658
1344
854
333
-165
-398
-401
-418
-553
-763
-1094
-1285
-1321
-1221
-1225
-1597
-2230
-2915
-3223
-3051
-2664
-2433
-2601
-2981
-3238
-3280
-3186
-3197
-3368
-3665
-3895
-3849
-3577
-3222
-3025
-2906
-2715
-2441
-2076
-1821
-1556
-1366
-1182
-907
-755
-629
-485
-171
190
420
527
414
484
658
901
1056
1097
1086
1083
1198
1322
1498
1450
1367
1209
1187
1310
1439
1500
1477
1256
910
566
378
456
678
907
938
776
531
426
479
631
713
604
370
135
19
-275
-1075
-2389
-3899
-4677
-4386
-3244
-2145
-2007
-3004
-4297
-4817
-4177
-3087
-2393
-2564
-3127
-3234
-2432
-953
235
655
533
356
694
1576
2592
3412
3930
4316
4554
4684
4708
4861
5205
5687
5990
5750
5112
4549
4375
4558
4817
4656
4101
3527
3133
3094
3004
2672
2134
1497
1057
945
1059
1079
942
584
186
-122
-353
-466
-587
-781
-1008
-1192
-1423
-1578
-1620
-1754
-2050
-2504
-3063
-3531
-3681
-3504
-3206
-3045
-3157
-3344
-3533
-3533
-3327
-2993
-2915
-2970
-3217
-3414
-3295
-3054
-2671
-2436
-2270
-2180
-2079
-1881
-1512
-1195
-1048
-1020
-867
-599
-219
176
494
675
744
804
842
924
907
835
828
906
1085
1327
1471
1481
1358
1125
917
786
759
896
1108
1252
1334
1399
1351
1183
930
685
447
367
312
243
187
20
-138
-317
-296
-237
-103
-87
-58
-215
-818
-1880
-3417
-4568
-4635
-3735
-2378
-1670
-2257
-3564
-4537
-4436
-3524
-2491
-2147
-2506
-2822
-2551
-1527
-279
610
968
995
1231
1829
2583
3321
4031
4562
4774
4897
4916
5074
5450
5868
6128
5898
5364
4919
4791
4984
5241
5137
4689
4111
3766
3642
3549
3181
2475
1916
1607
1465
1492
1371
1136
856
601
289
-69
-453
-817
-1086
-1242
-1362
-1585
-1844
-2056
-2210
-2393
-2642
-2954
-3281
-3535
-3661
-3774
-3826
-3831
-3738
-3564
-3462
-3534
-3684
-3794
-3830
-3725
-3546
-3308
-3148
-2985
-2897
-2764
-2635
-2511
-2280
-1994
-1536
-1188
-1036
-1099
-1147
-990
-650
-265
48
293
420
537
699
850
983
1073
1070
1022
1088
1390
1735
1988
2031
1814
1498
1283
1261
1468
1696
1804
1597
1236
1005
877
937
950
851
718
567
457
385
356
349
360
362
315
171
77
88
261
246
-297
-1495
-3021
-4015
-4034
-3130
-2069
-1601
-2131
-3099
-3738
-3615
-2933
-2332
-2186
-2366
-2350
-1992
-1214
-462
44
301
457
873
1456
2228
2946
3519
3884
4010
4036
4020
4274
4788
5138
5210
4899
4410
4104
4117
4400
4536
4332
3871
3307
2929
2760
2775
2621
2320
2024
1646
1419
1172
923
563
135
-272
-577
-658
-685
-653
-673
-842
-1086
-1357
-1521
-1583
-1723
-1959
-2350
-2718
-3006
-3067
-2937
-2758
-2719
-2857
-3073
-3231
-3189
-3151
-3201
-3300
-3408
-3475
-3406
-3186
-2997
-2872
-2823
-2740
-2543
-2270
-1983
-1676
-1501
-1392
-1161
-880
-588
-236
47
279
546
719
871
1039
1189
1299
1358
1389
1487
1674
1863
2023
2095
2103
2053
1952
1833
1641
1407
1194
1064
938
920
959
1033
930
720
465
259
165
80
4
-4
-5
-96
-197
-281
-335
-301
-296
-354
-410
-434
-277
-62
-131
-658
-1630
-2811
-3677
-3833
-3359
-2649
-2130
-2258
-2767
-3136
-3180
-2896
-2553
-2515
-2546
-2429
-2034
-1336
-614
-32
443
770
1073
1392
1772
2233
2630
3118
3571
3997
4377
4655
4895
5007
5022
4826
4658
4558
4584
4675
4739
4567
4090
3600
3237
3026
2938
2811
2518
2138
1825
1585
1404
1097
761
462
278
260
133
-95
-507
-936
-1273
-1465
-1553
-1620
-1731
-1849
-2020
-2202
-2386
-2664
-2854
-2927
-2939
-3000
-3215
-3409
-3525
-3543
-3366
-3108
-2952
-2902
-3013
-3199
-3371
-3402
-3165
-2797
-2432
-2241
-2138
-2169
-2148
-1948
-1629
-1300
-1008
-748
-471
-164
145
378
449
436
527
699
942
1247
1514
1691
1740
1814
1854
1890
1901
1843
1748
1693
1581
1471
1358
1298
1237
1157
1033
882
805
756
691
592
446
364
232
44
-98
-170
-218
-201
-101
-83
-104
-143
-156
-155
-121
-58
45
-65
-521
-1438
-2558
-3417
-3683
-3469
-3008
-2762
-2877
-3158
-3291
-3018
-2644
-2265
-2093
-1991
-1809
-1458
-872
-418
29
423
758
1193
1602
2010
2435
2974
3440
3743
3902
4004
4195
4599
4972
5232
5227
4868
4515
4291
4255
4228
4152
3947
3670
3357
3111
2985
2770
2511
2259
1954
1589
1225
963
836
826
720
435
-34
-498
-828
-1037
-1162
-1311
-1499
-1761
-1864
-1924
-1946
-2128
-2390
-2725
-3031
-3199
-3373
-3346
-3226
-3208
-3187
-3238
-3289
-3321
-3407
-3432
-3510
-3494
-3451
-3273
-3037
-2797
-2576
-2445
-2300
-2156
-1884
-1546
-1303
-1163
-1071
-1002
-765
-389
-4
301
525
660
698
700
735
835
1005
1141
1180
1234
1345
1463
1743
1998
2027
1868
1598
1254
1090
1025
999
1093
1032
913
727
533
528
628
638
569
350
45
-99
-190
-85
38
25
-85
-317
-479
-596
-550
-529
-534
-481
-327
-128
-53
-313
-1051
-1996
-2747
-2954
-2706
-2367
-2172
-2234
-2422
-2457
-2399
-2227
-2089
-2012
-1925
-1661
-1210
-737
-230
224
729
1136
1411
1624
1825
2295
2899
3528
3921
4074
4197
4391
4738
5012
5179
5121
4977
4893
4901
4911
4799
4473
4122
3884
3670
3478
3285
2948
2563
2228
1865
1478
978
618
412
415
330
103
-261
-746
-1195
-1613
-2004
-2308
-2392
-2398
-2394
-2471
-2546
-2729
-2966
-3173
-3268
-3327
-3295
-3304
-3364
-3381
-3416
-3413
-3440
-3457
-3494
-3499
-3438
-3420
-3357
-3263
-3111
-2841
-2631
-2448
-2260
-1941
-1618
-1276
-1051
-911
-859
-815
-687
-535
-366
-143
78
349
612
788
977
1060
1090
1140
1258
1431
1638
1873
2017
1998
1884
1721
1528
1350
1250
1235
1311
1335
1340
1155
988
920
860
943
918
785
583
324
268
344
449
499
328
-21
-327
-463
-443
-341
-239
-291
-450
-543
-554
-434
-372
-420
-588
-993
-1557
-2029
-2190
-2085
-1834
-1799
-2072
-2403
-2530
-2223
-1703
-1355
-1297
-1455
-1617
-1417
-852
-212
252
442
520
637
987
1521
2064
2487
2706
2769
2816
3024
3467
3947
4420
4577
4496
4415
4345
4428
4476
4428
4254
3954
3629
3438
3322
3196
2996
2760
2422
1986
1575
1356
1238
1114
889
460
-58
-513
-803
-992
-1157
-1432
-1714
-1911
-1940
-1992
-2113
-2268
-2537
-2776
-2920
-3027
-3059
-3090
-3046
-3045
-3129
-3245
-3287
-3299
-3158
-3138
-3270
-3425
-3557
-3475
-3260
-2976
-2752
-2537
-2395
-2237
-2127
-1952
-1775
-1619
-1441
-1229
-1071
-941
-699
-471
-231
-117
-35
118
389
765
1143
1385
1471
1442
1451
1522
1537
1534
1457
1338
1227
1148
1143
1087
955
824
745
816
1006
1167
1230
1216
1030
858
672
469
295
184
181
141
110
-78
-271
-404
-501
-430
-285
-202
-152
-223
-361
-446
-493
-318
-72
220
342
290
25
-347
-535
-504
-327
-198
-205
-361
-492
-442
-332
-312
-264
-248
-148
7
89
123
79
89
170
276
366
403
556
838
1065
1256
1201
1091
1153
1367
1733
2064
2220
2162
2076
2082
2194
2341
2409
2533
2653
2688
2555
2247
2017
1797
1777
1868
1895
1875
1699
1422
1009
638
402
328
301
232
50
-202
-463
-715
-898
-1181
-1447
-1758
-1897
-1834
-1644
-1508
-1485
-1587
-1945
-2183
-2411
-2586
-2644
-2636
-2532
-2444
-2405
-2385
-2300
-2188
-2124
-2049
-1958
-1844
-1788
-1780
-1685
-1595
-1430
-1263
-1012
-750
-665
-571
-540
-422
-294
-259
-293
-409
-462
-371
-238
-74
34
93
137
122
193
328
484
675
828
865
854
831
827
819
824
822
796
702
575
429
363
404
448
422
375
300
161
43
33
84
-16
-261
-428
-367
-157
138
311
214
22
-177
-210
-63
129
256
231
204
97
147
284
314
321
201
129
86
254
512
732
935
985
844
565
313
115
72
106
179
232
319
415
481
416
239
90
-133
-184
-101
25
172
207
186
75
-14
-10
98
315
611
798
814
703
648
806
1087
1363
1630
1686
1569
1424
1303
1314
1345
1408
1302
1210
1211
1252
1356
1332
1189
945
625
445
346
339
449
559
622
631
479
354
243
134
39
-93
-145
-139
-107
-160
-342
-609
-917
-1218
-1306
-1275
-1197
-1102
-1076
-1132
-1331
-1562
-1749
-1789
-1814
-1762
-1793
-1885
-1982
-2047
-2118
-2291
-2375
-2487
-2503
-2372
-2186
-1953
-1849
-1848
-2002
-2130
-2024
-1851
-1590
-1459
-1386
-1267
-1157
-1010
-893
-813
-774
-667
-545
-371
-185
-13
175
194
136
44
-77
-182
-336
-422
-389
-142
308
748
973
976
953
970
1154
1406
1550
1640
1717
1721
1746
1857
1912
1893
1899
1900
1957
2082
2125
2030
1773
1407
1146
1025
1096
1211
1156
994
830
747
781
836
865
835
727
602
551
588
549
506
496
517
637
630
548
382
181
26
-109
-107
2
224
377
413
315
96
-119
-280
-295
-197
-206
-307
-429
-542
-608
-578
-578
-600
-646
-677
-531
-508
-418
-352
-410
-585
-795
-903
-852
-739
-536
-344
-365
-400
-505
-569
-646
-678
-611
-478
-281
-103
-46
-22
52
130
252
420
481
377
352
362
347
394
406
392
314
309
311
342
424
391
400
293
105
-41
-164
-256
-298
-300
-324
-264
-130
35
141
56
-88
-197
-222
-227
-135
-116
-176
-276
-361
-362
-303
-229
-275
-379
-518
-576
-559
-571
-550
-572
-628
-693
-771
-866
-974
-989
-905
-902
-849
-865
-850
-686
-561
-470
-419
-385
-467
-548
-612
-679
-746
-721
-596
-484
-392
-368
-416
-451
-432
-340
-270
-147
65
297
476
449
323
201
170
209
276
394
503
529
568
646
761
836
787
761
675
577
607
669
765
804
893
972
1065
1154
1199
1297
1316
1237
1164
1005
886
921
971
1036
1002
901
736
689
704
775
832
825
710
573
496
472
532
561
624
632
537
481
435
396
335
253
101
-180
-415
-538
-481
-361
-317
-282
-292
-358
-473
-511
-604
-645
-679
-664
-607
-499
-407
-470
-562
-587
-636
-757
-889
-1031
-1040
-1058
-1105
-1066
-961
-788
-678
-589
-619
-688
-672
-638
-557
-444
-324
-270
-259
-309
-376
-345
-409
-524
-722
-957
-1148
-1273
-1291
-1385
-1381
-1311
-1128
-830
-654
-591
-585
-623
-607
-489
-377
-236
-196
-219
-127
-7
219
534
862
1188
1425
1547
1629
1695
1823
1947
2027
2067
2034
1981
2045
2115
2220
2363
2307
2211
1956
1692
1420
1151
888
578
294
12
-222
-487
-584
-574
-541
-543
-595
-673
-770
-745
-730
-782
-827
-942
-1054
-1044
-874
-636
-364
-357
-387
-492
-653
-712
-744
-713
-704
-746
-821
-894
-957
-993
-966
-927
-866
-842
-808
-835
-894
-915
-835
-619
-498
-453
-441
-487
-570
-607
-564
-429
-382
-339
-239
-72
148
362
414
415
462
479
604
704
809
886
886
902
851
791
760
754
691
593
525
477
532
658
695
574
402
208
70
84
215
408
558
640
639
679
699
583
454
299
155
80
-16
-35
-56
-2
57
30
-58
-77
-143
-193
-112
-18
-40
4
58
172
269
317
375
251
258
294
399
344
248
85
46
-9
-69
-83
-144
-186
-168
-12
128
190
154
60
-40
-141
-191
-83
131
378
418
299
92
-90
-209
-262
-197
-48
108
158
136
27
-47
-138
-265
-275
-194
-128
-109
-142
-137
-165
-221
-144
-45
3
-12
-149
-338
-457
-455
-436
-430
-460
-549
-529
-461
-280
-10
188
200
-20
-416
-895
-1405
-1780
-2064
-2186
-2091
-1981
-1786
-1606
-1478
-1339
-1294
-1176
-1026
-888
-768
-701
-666
-632
-487
-312
-178
-41
166
395
558
681
766
830
910
946
944
914
920
1003
1009
982
908
848
740
646
726
756
870
1063
1279
1465
1555
1615
1658
1635
1414
1175
1085
1029
1008
954
900
805
783
808
797
783
647
452
195
25
20
104
162
105
22
-28
74
215
253
235
137
28
-112
-239
-320
-406
-393
-402
-246
-229
-239
-156
-127
12
39
-29
-166
-255
-248
-229
-167
-90
-52
37
62
24
-36
-31
-70
-64
-19
-82
-148
-216
-274
-271
-299
-229
-217
-219
-312
-446
-596
-745
-916
-1066
-1147
-1176
-1193
-1207
-1179
-1074
-979
-992
-1074
-1230
-1353
-1473
-1490
-1483
-1453
-1527
-1617
-1733
-1771
-1795
-1735
-1487
-1276
-1084
-926
-686
-492
-357
-315
-268
-164
11
254
507
757
854
895
903
847
914
965
987
982
929
968
1086
1244
1335
1422
1493
1584
1710
1698
1540
1326
1093
982
1086
1282
1401
1409
1339
1238
1148
1106
1026
953
901
949
1046
1148
1143
1050
846
660
498
317
183
102
67
54
62
-114
-401
-773
-1063
-1195
-1168
-1124
-1093
-1072
-1116
-1268
-1376
-1479
-1489
-1290
-1030
-841
-743
-598
-512
-308
27
284
577
851
1088
1295
1416
1581
1562
1521
1472
1375
1306
1152
1084
1060
1015
826
655
522
373
222
136
-28
-203
-353
-520
-632
-667
-613
-506
-529
-651
-633
-549
-460
-467
-565
-669
-731
-825
-938
-1018
-954
-802
-620
-535
-530
-566
-606
-730
-892
-997
-1059
-1085
-1125
-1017
-914
-892
-918
-1070
-1218
-1326
-1276
-1252
-1221
-1104
-986
-865
-714
-539
-377
-280
-95
25
152
415
625
832
1047
1345
1615
1817
1891
1832
1705
1535
1411
1383
1318
1095
820
603
478
408
258
124
-157
-578
-1003
-1382
-1598
-1638
-1609
-1456
-1350
-1289
-1169
-962
-754
-667
-600
-612
-666
-566
-411
-217
-70
-47
-88
-221
-298
-218
26
329
559
635
649
658
670
687
604
344
93
-93
-144
-157
-110
-149
-225
-227
-358
-496
-616
-634
-505
-307
-16
180
309
320
289
260
222
260
301
322
395
531
709
994
1293
1614
1930
2125
2108
2031
1949
2021
2110
2187
2258
2168
2039
1890
1802
1828
1865
1879
1817
1721
1647
1591
1473
1309
1119
903
732
581
388
259
156
7
-174
-350
-519
-766
-989
-1139
-1177
-1227
-1210
-1193
-1314
-1429
-1522
-1724
-1896
-2043
-2154
-2287
-2431
-2538
-2544
-2369
-2213
-2187
-2455
-2781
-3048
-3030
-2858
-2614
-2369
-2143
-2000
-1948
-1923
-1931
-1932
-1853
-1768
-1673
-1534
-1384
-1237
-1037
-731
-319
35
304
543
669
819
985
1218
1552
1837
2177
2486
2739
2888
2943
2976
3088
3198
3197
3186
3149
3143
3103
2984
2812
2456
2093
1753
1471
1318
1150
945
667
422
206
-54
-208
-324
-445
-451
-317
-195
-80
-116
-255
-451
-558
-504
-413
-279
-353
-564
-839
-1065
-1091
-967
-920
-936
-1052
-1121
-1193
-1290
-1265
-1320
-1416
-1476
-1522
-1481
-1340
-1073
-827
-725
-725
-801
-832
-771
-596
-413
-363
-419
-464
-499
-482
-450
-412
-250
-162
-107
-133
-239
-341
-460
-309
-82
127
188
-17
-279
-474
-588
-668
-674
-706
-604
-399
-110
246
477
552
533
500
486
479
519
632
722
761
809
839
905
1006
1092
1122
1066
923
764
640
521
498
578
613
598
572
646
799
871
839
729
602
509
353
181
-31
-218
-288
-253
-234
-169
-166
-231
-258
-213
-233
-261
-277
-264
-146
-119
-63
-8
102
287
379
333
341
308
411
626
797
978
982
929
900
940
999
1063
1012
981
1021
1015
1052
986
845
624
335
142
52
-69
-148
-170
-79
-44
-132
-335
-676
-961
-1207
-1379
-1457
-1476
-1449
-1436
-1414
-1412
-1479
-1515
-1564
-1503
-1375
-1269
-1048
-899
-736
-663
-715
-719
-743
-792
-817
-781
-720
-551
-433
-361
-373
-402
-305
-116
127
220
225
71
-119
-179
-155
-123
-117
-77
-207
-420
-618
-736
-668
-548
-537
-600
-727
-717
-560
-295
-168
-54
45
44
209
461
847
1088
1068
914
716
565
453
336
236
130
138
267
495
925
1370
1650
1746
1838
1905
1959
2075
2204
2163
2004
1938
1985
2076
2158
2171
2059
1878
1745
1621
1405
1182
961
690
298
-55
-521
-956
-1230
-1303
-1295
-1321
-1373
-1544
-1736
-1986
-2093
-2101
-1921
-1659
-1558
-1484
-1453
-1381
-1306
-1257
-1226
-1158
-1015
-742
-460
-177
129
298
362
401
434
452
478
529
581
604
621
672
684
599
387
178
36
-50
-25
-72
-98
-147
-253
-462
-668
-723
-784
-725
-694
-751
-883
-975
-1036
-1036
-805
-704
-728
-793
-839
-903
-931
-810
-752
-737
-777
-842
-897
-831
-626
-339
-46
126
177
163
152
121
137
162
233
387
555
673
730
717
655
636
582
525
471
477
493
535
756
935
1100
1122
1049
889
761
746
892
1074
1282
1504
1539
1457
1168
878
683
687
681
714
607
390
265
204
192
150
0
-145
-269
-337
-423
-479
-529
-574
-521
-476
-384
-371
-395
-423
-301
-245
-136
-22
-3
-5
-52
-131
-219
-341
-399
-414
-450
-374
-276
-55
125
310
388
341
251
102
-118
-333
-373
-257
-101
-98
-205
-391
-532
-569
-423
-180
11
108
131
130
131
51
-31
-75
-85
-38
21
138
119
76
0
0
18
-26
-125
-190
-223
-191
-176
-249
-325
-475
-631
-904
-1198
-1450
-1612
-1607
-1559
-1412
-1268
-1105
-894
-553
-212
120
440
625
761
857
937
1110
1356
1493
1527
1545
1521
1542
1447
1377
1353
1404
1412
1385
1346
1134
985
834
739
626
493
497
566
559
530
325
17
-300
-588
-775
-889
-968
-1188
-1309
-1519
-1668
-1783
-1897
-1821
-1747
-1629
-1559
-1478
-1406
-1314
-1310
-1317
-1381
-1352
-1186
-1059
-870
-714
-496
-242
31
392
710
905
972
810
658
542
555
660
737
903
1064
1180
1161
1162
1076
1083
1140
1205
1224
1184
1199
1077
963
862
742
581
407
303
307
354
397
300
194
-7
-158
-288
-248
-81
70
152
74
-107
-314
-526
-730
-951
-1086
-1202
-1264
-1150
-1120
-1079
-1049
-1107
-1232
-1311
-1400
-1418
-1308
-1184
-1155
-1197
-1261
-1302
-1279
-1178
-944
-717
-670
-672
-668
-620
-394
-52
258
485
573
564
558
584
754
979
1215
1395
1696
1915
2169
2262
2160
1937
1674
1634
1677
1911
2187
2369
2274
2115
1805
1560
1470
1484
1469
1417
1364
1224
1112
1008
902
771
586
294
69
-177
-261
-189
-154
-198
-480
-854
-1245
-1416
-1405
-1394
-1355
-1435
-1589
-1754
-1843
-1763
-1462
-1144
-943
-948
-1120
-1170
-1124
-959
-821
-836
-946
-1029
-1118
-1178
-1147
-1082
-872
-690
-562
-498
-460
-449
-579
-779
-1041
-1251
-1307
-1164
-893
-548
-345
-338
-514
-685
-675
-574
-265
76
351
591
788
860
882
843
911
1089
1288
1519
1588
1535
1321
1021
746
524
378
222
83
-48
-112
-78
-50
46
64
-29
-248
-433
-453
-313
-90
80
252
347
433
475
526
568
612
608
604
613
620
741
854
986
990
734
242
-323
-666
-716
-616
-513
-475
-544
-763
-919
-1020
-1180
-1361
-1499
-1506
-1290
-908
-622
-485
-555
-645
-719
-616
-402
-140
141
319
374
247
171
150
357
595
909
1167
1325
1474
1493
1594
1656
1759
1871
1937
1935
1977
2081
2092
2006
1807
1501
1133
753
445
208
102
100
33
-141
-398
-666
-921
-1040
-983
-968
-955
-914
-808
-676
-553
-531
-600
-700
-816
-850
-919
-909
-883
-965
-1051
-973
-861
-765
-720
-708
-576
-540
-509
-557
-708
-752
-767
-713
-541
-339
-251
-281
-336
-411
-392
-272
-168
66
242
425
513
642
787
916
1050
1106
1228
1278
1260
1181
1048
928
921
809
712
580
418
335
190
104
-15
-184
-252
-266
-212
-218
-325
-442
-495
-474
-388
-382
-387
-445
-555
-485
-388
-131
51
10
-232
-537
-762
-972
-979
-901
-734
-566
-519
-518
-639
-759
-797
-828
-777
-611
-309
22
302
534
723
891
1012
1158
1297
1423
1552
1619
1541
1436
1329
1043
735
432
218
135
193
267
207
-2
-273
-557
-768
-875
-871
-859
-888
-994
-1209
-1362
-1355
-1257
-1233
-1268
-1308
-1379
-1476
-1551
-1567
-1560
-1440
-1241
-1039
-927
-908
-851
-910
-861
-703
-474
-217
-3
37
-42
-93
-165
-291
-249
-171
-94
35
50
73
62
88
157
227
367
524
651
839
975
1069
1199
1310
1423
1569
1680
1810
1866
1884
1916
1988
2095
2190
2349
2389
2465
2501
2485
2488
2426
2393
2362
2358
2399
2255
2025
1691
1401
1146
955
860
686
536
381
117
-354
-762
-1040
-1094
-1111
-1056
-1013
-1057
-1111
-1283
-1478
-1674
-1756
-1863
-1888
-1880
-1871
-1749
-1635
-1452
-1278
-1220
-1199
-1133
-1118
-1033
-883
-829
-865
-933
-1013
-990
-804
-613
-480
-426
-496
-636
-800
-883
-888
-780
-772
-775
-834
-974
-1077
-1124
-1249
-1364
-1403
-1430
-1341
-1212
-963
-756
-541
-414
-296
-165
-76
137
328
480
525
432
359
365
344
427
444
560
614
745
874
904
778
489
271
123
157
299
459
542
523
513
527
520
581
639
648
606
574
523
510
601
733
846
946
966
954
951
888
891
928
978
959
848
716
625
669
731
879
944
885
722
524
400
342
284
212
111
70
86
117
96
-94
-302
-541
-675
-722
-643
-460
-390
-449
-632
-790
-932
-942
-903
-840
-702
-616
-593
-606
-643
-750
-812
-839
-759
-650
-555
-520
-490
-375
-281
-158
-15
4
-52
-127
-151
-104
90
274
320
267
12
-195
-267
-159
27
230
427
514
480
386
316
328
408
559
725
755
700
635
527
433
409
463
555
611
645
685
685
668
594
545
522
581
688
636
475
257
95
63
182
371
524
456
189
-149
-455
-582
-670
-653
-689
-859
-933
-974
-975
-931
-945
-937
-935
-936
-917
-980
-974
-993
-823
-624
-438
-238
-126
-92
-111
-161
-290
-389
-477
-554
-531
-486
-416
-371
-291
-255
-273
-309
-476
-524
-567
-595
-552
-446
-382
-337
-408
-598
-767
-817
-780
-688
-470
-291
-53
240
419
505
394
209
184
285
564
899
1113
1231
1348
1449
1451
1472
1551
1661
1753
1901
2048
2129
2040
1851
1580
1278
997
828
770
700
679
674
583
501
291
-30
-301
-578
-781
-907
-901
-844
-702
-567
-522
-514
-548
-538
-489
-397
-385
-407
-438
-553
-631
-636
-593
-552
-484
-421
-384
-414
-552
-713
-828
-927
-966
-932
-827
-677
-512
-501
-551
-482
-375
-315
-354
-494
-779
-913
-995
-1010
-883
-738
-551
-382
-291
-423
-750
-1023
-1111
-949
-556
-107
320
616
735
731
791
962
1086
1102
1017
887
808
917
1166
1531
1854
2003
1977
1913
1806
1846
1930
1947
1893
1753
1540
1297
1001
798
802
789
757
593
329
20
-170
-210
-233
-305
-544
-798
-966
-1076
-1138
-1102
-969
-899
-1015
-1269
-1586
-1889
-2053
-2092
-2004
-1866
-1826
-1783
-1852
-1936
-1914
-1812
-1563
-1266
-957
-694
-377
-98
142
264
285
328
469
630
780
862
938
980
1086
1460
1819
2091
2142
2026
1870
1574
1392
1310
1204
1147
1085
949
759
617
498
419
299
203
93
-31
-80
-31
97
286
426
454
481
498
525
617
645
508
347
70
-147
-279
-373
-490
-611
-825
-1073
-1207
-1249
-1158
-1029
-1072
-1253
-1500
-1707
-1804
-1771
-1662
-1591
-1615
-1774
-1923
-1957
-1852
-1669
-1532
-1564
-1587
-1599
-1506
-1329
-1113
-830
-609
-353
-155
80
348
650
829
977
1091
1161
1162
1120
1124
1156
1220
1203
1155
1064
962
933
868
773
690
656
706
748
815
753
693
615
683
898
1041
1128
1066
903
774
722
726
780
854
835
791
742
710
699
655
559
500
389
280
199
150
211
188
146
70
-59
-165
-170
-144
-180
-303
-497
-606
-583
-434
-221
-188
-294
-396
-541
-640
-670
-667
-656
-582
-529
-373
-88
222
492
608
611
466
275
-13
-326
-599
-766
-815
-921
-1044
-1157
-1420
-1626
-1688
-1663
-1535
-1498
-1448
-1476
-1633
-1757
-1837
-1791
-1523
-1232
-949
-749
-591
-322
-77
117
308
494
677
918
1089
1251
1501
1833
2161
2472
2529
2304
1989
1602
1353
1314
1428
1575
1583
1429
1246
1022
690
325
-81
-400
-570
-576
-613
-669
-601
-563
-521
-616
-708
-753
-602
-355
-132
-54
-150
-355
-581
-641
-703
-600
-477
-428
-414
-407
-389
-432
-511
-484
-365
-149
79
232
198
74
73
174
486
721
971
1136
1139
1112
1078
1162
1178
1214
1119
1069
1038
1168
1416
1637
1786
1647
1484
1293
1187
1039
766
465
82
-129
-245
-371
-504
-592
-748
-896
-1083
-1351
-1644
-1862
-2001
-2058
-1965
-1872
-1686
-1605
-1619
-1693
-1658
-1566
-1403
-1240
-1205
-1175
-1114
-862
-620
-351
-175
-180
-277
-399
-427
-388
-262
-229
-261
-347
-423
-531
-697
-822
-843
-664
-479
-299
-132
78
207
244
279
335
358
405
480
585
722
886
1114
1248
1258
1197
1126
1146
1207
1201
1174
1217
1186
1147
987
930
1059
1207
1357
1347
1179
1110
1187
1279
1420
1404
1295
1217
1066
1075
1110
1000
785
442
127
-40
-190
-352
-557
-751
-995
-1432
-1799
-1967
-1950
-1760
-1600
-1551
-1572
-1602
-1538
-1440
-1335
-1352
-1343
-1416
-1449
-1276
-1107
-873
-644
-474
-344
-253
-134
-44
-45
-124
-175
-211
-149
34
196
382
534
629
598
487
450
467
486
460
352
204
110
66
91
126
222
223
197
191
201
224
238
310
448
564
634
623
580
459
307
266
303
509
623
631
570
388
327
362
461
455
347
229
170
207
193
114
-69
-231
-405
-427
-413
-426
-495
-622
-806
-929
-925
-892
-880
-992
-1058
-1059
-947
-823
-707
-597
-541
-493
-424
-335
-288
-209
-51
184
437
623
737
821
855
949
1038
1114
1203
1247
1246
1274
1343
1430
1477
1424
1363
1215
1168
1138
1085
985
780
601
437
408
513
576
557
403
20
-348
-515
-579
-528
-500
-626
-746
-802
-706
-501
-307
-263
-314
-332
-325
-304
-282
-277
-251
-312
-352
-418
-506
-570
-679
-696
-706
-656
-716
-859
-941
-939
-845
-741
-735
-827
-1008
-1252
-1438
-1477
-1426
-1375
-1209
-1098
-1107
-1045
-892
-714
-497
-380
-277
-330
-310
-273
-228
-114
-32
-32
-76
59
208
407
601
723
873
912
965
943
965
1083
1249
1385
1402
1409
1289
1179
1046
1007
986
1024
1077
1079
1055
1014
1015
1047
1041
943
735
516
370
265
260
317
321
330
323
158
-22
-79
-61
-69
-76
-160
-202
-211
-257
-397
-514
-539
-459
-359
-392
-462
-640
-832
-986
-1015
-847
-719
-730
-931
-1080
-1228
-1442
-1586
-1745
-1773
-1703
-1543
-1334
-1151
-1118
-1173
-1209
-1270
-1252
-1176
-1113
-991
-804
-642
-462
-289
-42
187
325
451
440
404
508
789
1067
1270
1379
1460
1559
1730
1960
2172
2381
2372
2190
1995
1812
1674
1556
1517
1469
1464
1474
1451
1499
1527
1514
1499
1366
1086
815
519
274
144
129
105
-33
-155
-214
-164
-86
-126
-329
-487
-600
-622
-689
-741
-710
-657
-621
-672
-744
-845
-891
-992
-1173
-1267
-1360
-1459
-1407
-1225
-1054
-925
-812
-760
-772
-812
-697
-611
-613
-681
-718
-695
-754
-754
-718
-692
-585
-465
-417
-421
-478
-540
-600
-563
-393
-165
78
350
572
533
354
217
68
-6
-62
-4
44
117
211
330
503
605
626
571
573
580
537
499
514
484
509
516
522
536
473
351
220
76
-113
-291
-439
-429
-468
-285
-95
0
-15
-156
-330
-384
-309
-231
-183
-244
-338
-498
-564
-563
-368
-238
-132
-108
-78
-82
-184
-234
-241
-188
-156
-75
-100
-115
-225
-258
-372
-482
-470
-428
-318
-278
-252
-263
-273
-174
-111
-39
140
289
414
581
566
569
601
621
703
843
977
1134
1188
1163
1143
1069
1164
1165
1070
955
716
600
571
630
644
725
779
746
664
527
510
464
407
290
306
310
385
557
673
676
545
443
380
343
287
203
24
-26
-102
-7
34
2
-9
-97
-59
-14
191
312
318
207
43
-75
-205
-322
-360
-335
-421
-635
-953
-1164
-1202
-1062
-1072
-1031
-1006
-976
-930
-973
-1007
-1062
-1054
-1037
-1018
-1020
-967
-947
-950
-937
-871
-741
-722
-707
-694
-704
-721
-715
-742
-671
-550
-371
-209
-138
-109
-59
-8
-23
22
-28
-66
-115
-109
3
73
161
227
193
153
57
107
212
456
701
806
827
781
813
851
920
946
873
723
688
661
649
662
748
854
861
791
599
380
126
-93
-259
-304
-302
-303
-333
-405
-465
-448
-433
-434
-472
-692
-782
-744
-724
-556
-403
-223
-110
-101
-84
50
117
75
-91
-267
-308
-157
120
416
576
447
270
164
159
214
209
122
-37
-65
-28
90
235
240
206
194
103
46
88
205
285
334
207
35
-103
-166
-19
101
182
187
179
71
47
43
53
217
322
389
356
308
283
401
540
667
691
648
485
382
268
126
98
62
45
125
238
383
394
298
274
208
293
278
263
198
77
-78
-293
-434
-434
-319
-334
-461
-734
-817
-719
-392
8
165
93
-84
-292
-411
-339
-270
-165
-153
-230
-406
-559
-603
-508
-352
-284
-235
-289
-249
-146
56
209
280
234
109
-50
-245
-365
-310
5
250
403
440
379
284
128
-87
-191
-224
-155
-12
163
287
224
112
-108
-373
-405
-346
-194
-120
-75
-6
42
27
16
5
-19
47
117
111
-14
-2
-22
-94
-197
-257
-249
-177
-14
64
122
240
286
218
125
45
-87
-142
-168
-233
-305
-400
-427
-410
-328
-245
-197
-167
-100
-122
-142
-122
-120
-84
-1
92
216
380
499
548
506
394
272
173
108
77
18
67
59
21
-31
-81
-212
-197
-110
16
100
89
57
-46
-139
-160
-199
-168
-91
-42
-23
-127
-305
-510
-646
-560
-346
-122
87
135
91
55
-45
-61
83
195
174
191
168
199
434
709
953
948
787
537
301
276
228
243
259
290
379
460
506
467
315
292
384
506
603
577
504
388
361
437
477
385
241
70
6
82
203
248
141
-103
-310
-412
-426
-408
-253
-224
-148
-135
-126
-127
-171
-190
-256
-257
-371
-509
-693
-826
-859
-747
-561
-440
-416
-434
-504
-646
-674
-586
-456
-209
-7
49
28
-46
-108
-99
6
128
162
137
150
163
216
174
106
-55
-223
-349
-443
-401
-383
-332
-310
-377
-526
-732
-898
-864
-763
-695
-631
-691
-748
-833
-880
-859
-739
-591
-526
-470
-444
-378
-257
-16
131
303
383
348
320
291
328
387
593
797
927
1004
976
935
853
890
882
849
947
1013
1107
1180
1172
1171
1156
1004
827
727
771
858
834
784
735
655
618
550
505
547
502
474
436
371
214
59
-116
-172
-161
-206
-369
-580
-792
-917
-889
-746
-567
-481
-540
-628
-677
-727
-689
-721
-789
-842
-883
-944
-947
-916
-937
-907
-833
-714
-379
-138
147
321
392
366
340
329
312
382
465
603
557
550
419
194
13
-133
-101
83
300
559
630
630
505
378
293
216
262
377
497
510
502
474
519
594
688
754
751
659
523
367
257
189
146
94
40
-126
-270
-395
-536
-606
-627
-685
-807
-980
-1239
-1330
-1273
-1224
-1182
-1193
-1239
-1189
-1111
-979
-986
-1059
-1157
-1176
-1120
-1087
-864
-618
-395
-237
-93
-68
-140
-143
-74
188
459
716
870
886
891
900
912
852
781
714
626
465
378
352
370
315
221
131
-5
-144
-239
-318
-389
-407
-391
-384
-373
-305
-270
-155
-38
71
125
205
210
212
229
252
441
638
837
857
746
604
566
632
645
747
686
475
338
194
136
67
30
-49
-223
-353
-546
-693
-871
-990
-1095
-1080
-1034
-826
-554
-249
-28
-17
10
36
230
450
587
612
573
441
368
426
605
863
1099
1132
1069
986
848
704
562
517
577
601
612
587
595
566
469
280
8
-181
-256
-166
6
218
386
469
460
444
395
328
216
176
156
282
469
569
569
459
407
381
370
246
-41
-385
-703
-881
-942
-1069
-1144
-1260
-1348
-1308
-1209
-1074
-1002
-972
-1054
-1136
-1151
-1170
-1063
-858
-700
-638
-600
-633
-673
-613
-521
-497
-513
-543
-586
-633
-551
-478
-426
-417
-499
-621
-611
-597
-554
-415
-315
-215
-268
-202
-107
85
332
488
535
519
343
116
8
-9
78
313
536
683
651
532
539
504
595
752
914
1035
1144
1119
1051
1040
1093
1176
1108
1010
863
630
459
264
201
197
253
298
263
130
88
116
176
162
52
91
60
32
12
-19
-26
104
178
143
29
-107
-309
-397
-454
-543
-562
-553
-545
-569
-554
-547
-490
-390
-220
-52
138
317
391
320
222
254
218
143
22
-47
-109
-108
-71
-153
-357
-518
-680
-686
-688
-698
-753
-803
-812
-793
-724
-710
-633
-560
-462
-371
-262
-192
-157
-73
12
153
298
525
683
766
725
609
377
232
157
152
213
129
67
-31
-24
-51
39
222
337
404
468
330
179
59
57
70
95
202
271
318
352
272
231
286
441
552
591
735
784
792
809
831
810
877
873
940
947
778
622
401
254
215
174
119
-40
-227
-385
-507
-553
-602
-557
-472
-417
-449
-476
-612
-725
-731
-763
-690
-661
-653
-553
-485
-397
-310
-210
-100
-111
-120
-180
-303
-363
-519
-685
-741
-712
-625
-420
-187
19
140
127
33
-72
-91
38
151
306
344
258
140
-57
-262
-470
-448
-400
-260
-139
-232
-401
-567
-653
-659
-619
-600
-615
-684
-778
-834
-848
-769
-613
-414
-225
-141
-179
-164
-121
-88
105
239
408
492
538
549
558
696
686
658
613
410
269
135
125
268
448
665
811
926
989
1025
1070
1080
1146
1271
1204
1059
909
735
692
751
858
1001
1008
924
775
633
535
413
293
157
12
-155
-246
-281
-371
-354
-404
-576
-751
-948
-1080
-1122
-1042
-888
-748
-704
-756
-816
-767
-635
-227
158
404
586
528
518
465
472
465
498
471
469
518
500
475
348
87
-220
-408
-461
-341
-223
-282
-422
-635
-772
-865
-767
-613
-529
-465
-530
-557
-546
-403
-269
-9
244
406
577
587
554
440
284
90
41
-74
-112
-117
-144
-155
-224
-298
-543
-864
-1140
-1337
-1344
-1149
-902
-620
-393
-327
-361
-534
-640
-668
-647
-483
-341
-289
-310
-371
-329
-324
-149
0
2
163
219
231
188
246
324
571
900
1236
1447
1496
1337
1086
906
761
795
787
738
648
603
633
651
584
526
473
361
270
265
286
274
239
174
264
333
482
521
320
62
-348
-651
-812
-872
-893
-933
-1022
-1224
-1502
-1797
-1901
-1777
-1602
-1365
-1233
-1149
-1037
-986
-844
-743
-618
-479
-333
-130
-17
20
38
124
261
436
480
506
536
714
865
912
935
954
1096
1330
1575
1814
1940
1898
1811
1710
1595
1538
1502
1535
1633
1693
1746
1678
1562
1445
1364
1367
1384
1263
1071
841
586
450
356
339
244
26
-170
-305
-478
-589
-731
-855
-890
-909
-823
-725
-700
-733
-842
-1071
-1346
-1580
-1698
-1652
-1573
-1567
-1621
-1691
-1722
-1808
-1762
-1650
-1640
-1683
-1754
-1779
-1765
-1664
-1528
-1308
-1089
-924
-804
-774
-718
-581
-296
8
234
379
481
494
527
518
558
575
603
620
514
441
340
294
332
283
47
-331
-600
-774
-892
-805
-674
-500
-226
14
161
299
379
290
172
170
240
310
337
318
331
360
415
408
333
300
340
505
749
945
1206
1315
1327
1318
1332
1352
1329
1249
1042
855
752
743
766
788
712
646
636
602
601
555
512
463
385
408
493
696
835
855
824
735
466
205
-40
-331
-496
-631
-729
-808
-948
-938
-823
-770
-753
-774
-827
-844
-895
-863
-829
-840
-835
-874
-800
-696
-440
-283
-163
-89
-94
-143
-285
-358
-290
-159
-149
-135
-298
-413
-435
-405
-337
-358
-371
-307
-67
98
252
354
437
510
472
457
513
569
594
595
612
593
584
639
644
628
596
473
271
-60
-417
-511
-601
-638
-650
-730
-798
-868
-921
-838
-824
-752
-654
-483
-289
-136
-84
-123
-151
-275
-286
-306
-294
-273
-283
-299
-297
-273
-214
-126
22
183
245
270
262
306
425
538
538
440
296
195
275
433
582
590
533
496
496
632
690
725
717
721
784
930
985
950
883
752
628
537
514
545
599
547
483
503
577
642
708
666
560
438
384
345
308
347
273
132
-54
-281
-488
-678
-812
-838
-924
-897
-919
-990
-947
-937
-871
-966
-1160
-1378
-1589
-1721
-1814
-1822
-1822
-1795
-1692
-1645
-1631
-1538
-1473
-1360
-1107
-856
-748
-882
-1079
-1255
-1211
-889
-513
-218
-38
11
-68
-129
-199
-141
38
317
519
561
449
286
233
376
546
714
998
1142
1244
1344
1416
1499
1593
1707
1742
1823
1842
1816
1883
1947
2011
2003
2070
1999
1908
1845
1799
1750
1628
1518
1342
1135
994
846
799
817
850
883
750
582
342
189
-42
-210
-341
-443
-570
-777
-968
-1056
-1151
-1213
-1185
-1224
-1284
-1441
-1654
-1811
-1943
-1973
-2008
-2016
-1968
-1904
-1800
-1657
-1521
-1405
-1219
-1175
-1018
-954
-948
-811
-702
-634
-673
-752
-776
-741
-574
-309
-47
179
267
230
147
24
-83
-45
42
220
366
399
373
268
234
287
422
546
707
809
849
863
817
931
1088
1216
1315
1361
1376
1427
1447
1384
1231
988
751
584
496
364
315
388
456
521
401
149
-173
-427
-589
-695
-614
-483
-399
-358
-470
-594
-648
-578
-441
-306
-269
-320
-452
-519
-488
-395
-234
-279
-321
-419
-407
-259
-93
109
214
191
76
-79
-274
-405
-439
-367
-252
-187
-177
-287
-429
-511
-504
-469
-424
-379
-292
-94
36
94
123
53
-51
-116
-111
-122
-116
-67
-7
56
115
115
-71
-164
-150
-144
-68
14
134
301
446
562
555
482
380
304
300
340
426
502
525
449
333
244
178
182
226
256
263
304
285
328
362
353
299
205
163
229
346
387
473
516
470
334
241
172
73
130
276
379
389
359
242
198
220
262
321
294
353
360
384
408
458
430
292
140
-14
-108
-103
-115
-117
-230
-403
-634
-908
-1066
-1167
-1140
-1030
-893
-773
-700
-661
-682
-633
-642
-682
-683
-668
-626
-572
-582
-518
-391
-273
-107
-72
-200
-380
-494
-508
-530
-556
-554
-374
-174
39
303
489
588
695
862
951
985
1055
1076
1075
983
835
732
624
608
565
477
364
100
-135
-337
-466
-532
-597
-731
-997
-1231
-1432
-1562
-1557
-1468
-1373
-1288
-1153
-1030
-953
-796
-621
-504
-492
-394
-261
-114
17
47
34
49
135
153
280
345
420
466
506
538
629
850
956
1064
910
764
606
463
496
581
698
729
709
834
867
870
944
906
838
740
702
671
694
672
725
712
770
811
823
847
716
552
367
263
248
274
366
414
366
306
185
159
172
269
356
260
126
-98
-250
-296
-227
-118
3
-15
-82
-134
-208
-219
-180
-148
-144
-215
-296
-300
-365
-372
-486
-615
-719
-815
-849
-801
-764
-738
-825
-850
-867
-907
-884
-880
-886
-874
-750
-701
-705
-819
-888
-865
-832
-750
-726
-676
-713
-775
-814
-903
-934
-909
-837
-631
-483
-463
-442
-464
-426
-392
-425
-393
-309
-174
-31
144
302
309
343
426
569
698
858
967
1031
1122
1238
1283
1307
1150
994
920
818
878
944
911
776
670
605
620
690
704
592
410
153
-62
-160
-206
-65
94
212
135
-52
-139
-274
-260
-199
-218
-209
-246
-228
-76
139
325
440
447
402
331
255
212
208
315
467
513
422
287
227
211
250
282
226
148
20
-94
-186
-315
-499
-558
-566
-493
-454
-509
-571
-614
-664
-668
-701
-708
-598
-437
-224
-43
-51
-209
-337
-386
-344
-295
-229
-150
8
191
416
531
598
726
850
915
837
735
629
581
653
597
667
727
780
711
477
123
-205
-403
-429
-366
-321
-185
-222
-403
-548
-632
-627
-609
-503
-435
-418
-308
-306
-197
-175
-211
-368
-480
-499
-519
-548
-622
-634
-788
-963
-1090
-1182
-1156
-1039
-944
-946
-943
-914
-916
-914
-975
-924
-795
-553
-309
-3
232
322
363
385
452
607
782
878
965
1023
1036
1077
1071
988
927
926
892
972
1070
1114
1144
1202
1265
1382
1485
1452
1356
1262
1206
1136
985
744
562
445
409
401
320
199
159
48
-11
-45
-58
-53
-85
-103
-266
-509
-634
-817
-906
-1063
-1178
-1097
-1033
-933
-936
-889
-783
-743
-750
-789
-853
-858
-771
-747
-659
-506
-422
-327
-215
-155
-17
129
229
267
277
319
352
369
270
206
157
163
185
240
289
312
291
167
36
-34
-40
46
154
208
235
214
196
107
120
143
173
204
227
169
43
-1
50
143
221
221
88
-114
-341
-511
-575
-459
-400
-537
-769
-996
-1215
-1241
-1082
-923
-763
-674
-609
-516
-480
-465
-549
-689
-777
-824
-783
-695
-543
-475
-488
-499
-496
-390
-298
-236
-146
-65
56
275
514
719
838
748
687
651
659
724
808
804
776
709
630
593
608
757
853
912
944
956
950
902
859
807
855
951
1011
1041
1028
1018
918
837
787
765
793
727
708
660
631
722
862
988
1058
1025
812
463
107
-163
-315
-380
-473
-545
-665
-747
-814
-900
-983
-980
-1003
-1060
-1065
-1071
-1049
-1031
-944
-766
-639
-609
-591
-643
-659
-661
-730
-719
-614
-547
-492
-452
-384
-330
-195
-2
150
318
357
237
125
-31
-129
-206
-168
-49
11
77
-5
-117
-104
-73
-26
-29
25
177
307
499
520
379
170
-3
-23
41
108
70
-3
4
118
170
285
261
258
259
254
192
79
-89
-180
-187
-176
-40
1
-4
-183
-354
-489
-629
-665
-697
-803
-931
-971
-940
-868
-794
-723
-547
-448
-439
-446
-529
-520
-446
-322
-166
27
136
156
148
73
45
55
203
413
574
651
651
536
420
363
423
568
765
851
794
662
485
415
351
421
521
554
467
363
255
175
189
302
454
474
526
420
394
349
362
517
628
659
680
611
516
553
491
454
421
380
330
297
189
188
128
67
34
-23
-114
-317
-469
-604
-596
-439
-293
-195
-184
-276
-385
-511
-524
-563
-600
-649
-727
-669
-558
-455
-373
-332
-345
-384
-380
-388
-363
-370
-432
-431
-461
-488
-543
-592
-635
-601
-563
-477
-404
-458
-585
-590
-553
-487
-409
-346
-266
-227
-117
-59
18
103
120
170
193
356
536
614
707
825
868
912
973
951
878
853
816
754
806
812
783
635
580
473
408
406
393
384
336
271
284
287
323
340
358
286
163
26
-145
-276
-379
-325
-237
-180
-117
-38
-12
-59
-16
6
-28
-40
-1
72
170
223
122
8
-98
-216
-200
-167
-160
-174
-314
-390
-587
-670
-680
-691
-616
-538
-507
-523
-548
-555
-484
-434
-386
-402
-394
-479
-542
-508
-438
-315
-115
23
58
67
-126
-234
-305
-351
-330
-297
-137
49
87
50
59
56
89
100
169
181
144
99
58
101
50
-37
-128
-233
-245
-284
-225
-128
-94
-67
-39
-10
-7
18
108
172
240
272
226
169
59
-26
26
124
193
248
329
404
447
506
537
533
491
501
580
715
824
924
914
919
867
773
826
765
678
535
479
551
628
733
721
563
362
181
128
187
270
269
203
-14
-294
-363
-529
-599
-554
-503
-487
-506
-575
-695
-753
-738
-773
-872
-955
-913
-766
-533
-397
-445
-511
-584
-655
-634
-566
-544
-583
-598
-621
-505
-328
-270
-240
-298
-285
-232
-194
-208
-260
-318
-285
-83
85
248
337
302
227
180
186
193
327
416
424
372
340
396
465
517
498
371
228
209
224
192
231
196
131
183
258
361
396
289
130
20
11
90
175
233
181
112
-35
-158
-241
-227
-117
-36
-33
-55
-121
-170
-224
-171
-53
47
87
81
-42
-126
-160
-188
-148
-194
-211
-221
-173
-18
119
166
108
-13
-72
-169
-303
-423
-541
-446
-201
-9
217
346
307
174
3
-76
-10
153
280
389
414
332
244
230
328
457
553
593
535
398
209
60
-3
92
258
401
381
202
44
-126
-210
-159
-124
-79
-80
-38
-19
-82
-152
-283
-363
-456
-493
-519
-487
-477
-440
-324
-163
-2
138
159
67
-86
-223
-231
-141
-94
-43
37
105
297
363
407
392
319
155
-71
-260
-442
-478
-389
-167
-17
137
224
188
104
-50
-225
-338
-305
-216
-92
33
107
142
126
81
96
130
167
117
-21
-119
-159
-17
82
50
-94
-261
-311
-351
-273
-104
10
67
45
-27
-69
-9
45
153
150
69
23
95
168
133
5
-201
-321
-292
-112
101
224
287
337
476
420
346
237
80
-13
-163
-142
-90
74
172
211
179
120
88
29
-97
-216
-312
-345
-360
-282
-185
-146
-135
-149
-130
-73
-7
-64
-27
-15
-23
-5
49
108
102
93
82
8
40
111
86
81
104
70
-24
-110
-144
-155
-43
30
184
292
274
255
213
240
283
372
445
430
250
-71
-284
-428
-351
-122
118
351
352
177
-124
-318
-294
-197
-120
-75
-48
-65
-88
25
101
154
258
292
229
103
102
116
220
154
56
-134
-287
-300
-308
-225
-192
-215
-311
-399
-395
-302
-246
-111
60
181
267
289
228
110
-10
-146
-231
-331
-347
-273
-175
-21
136
172
131
11
-125
-194
-263
-317
-291
-214
-107
40
233
375
401
349
270
138
3
-11
53
178
341
373
285
163
45
-27
-38
-6
22
63
-40
-67
-131
-113
-57
-8
77
126
138
140
153
54
3
-94
-163
-194
-211
-214
-235
-265
-286
-270
-250
-295
-329
-384
-398
-380
-324
-252
-201
-178
-169
-128
-85
20
94
139
116
75
175
319
479
567
574
499
312
135
79
61
63
136
184
277
294
359
371
358
316
165
-18
-233
-316
-296
-203
-65
57
72
36
61
55
45
23
102
104
58
17
-85
-143
-140
-160
-45
160
315
396
354
202
6
-55
-93
-7
64
15
9
6
2
19
-4
62
80
71
0
-50
-150
-152
-178
-279
-352
-312
-181
-82
18
-29
-57
-68
-93
-10
73
184
262
176
28
-126
-183
-255
-261
-264
-279
-292
-232
-143
-41
34
106
285
372
343
249
86
-135
-273
-266
-203
-85
-37
-78
-149
-160
-66
86
178
148
95
-51
-178
-142
-93
-121
-244
-424
-696
-872
-746
-495
-203
-104
-195
-381
-453
-323
-153
94
371
490
491
380
153
-4
-89
-80
-25
-15
-53
-35
-35
49
202
357
561
667
648
581
494
397
364
397
430
499
574
490
327
158
93
4
44
174
189
276
306
290
204
133
163
162
61
-64
-156
-212
-148
-77
128
305
345
279
100
-96
-168
-186
-142
-124
-162
-231
-255
-191
-183
-243
-376
-551
-593
-577
-478
-290
-198
-46
-20
73
79
38
-39
-203
-271
-308
-269
-140
-11
-7
-48
-36
-34
-86
-88
-118
-152
-282
-412
-527
-528
-445
-335
-232
-186
-39
156
290
458
497
494
420
285
181
102
91
21
15
72
170
219
235
229
212
192
166
103
46
-41
-83
1
12
105
73
-16
-91
-204
-139
-5
42
57
88
61
-111
-306
-459
-436
-353
-200
44
77
53
-22
-152
-224
-121
123
348
476
410
258
127
-49
-161
-327
-411
-332
-243
-133
-72
-67
-120
-223
-300
-245
-103
92
260
382
450
423
340
201
24
-78
-14
96
247
260
195
192
234
427
660
869
905
817
549
338
200
135
86
-33
-101
-149
-118
-93
-30
-17
-31
-24
62
176
252
232
55
-151
-251
-191
-111
-120
-183
-384
-464
-428
-291
-99
-55
-55
-242
-324
-320
-311
-380
-522
-594
-715
-721
-709
-626
-483
-280
-46
114
346
380
363
299
162
68
55
43
-31
-107
-165
-91
0
19
-78
-201
-298
-324
-145
55
297
384
346
240
45
-23
29
135
153
68
1
-35
-88
-63
-9
179
290
375
440
299
165
75
43
62
53
86
30
-171
-362
-465
-440
-288
-19
167
192
155
82
15
-30
-2
-73
-145
-150
-120
-97
-52
-30
45
182
179
167
73
-36
-49
-34
-21
28
94
177
292
401
346
225
170
118
184
156
112
45
-81
-60
-73
-16
-5
-46
-21
26
133
144
136
48
-42
-148
-243
-183
-182
-61
52
160
221
199
39
-116
-213
-232
-114
-66
13
15
-40
-117
-208
-235
-130
38
244
363
324
215
81
-6
18
165
250
209
97
-81
-169
-188
-178
-74
-27
-45
-183
-318
-307
-172
-43
7
-14
-129
-132
-91
-84
-3
80
163
246
239
139
-18
-258
-397
-296
-42
191
343
422
323
212
-15
-175
-215
-186
-143
-54
62
158
231
242
197
158
73
55
104
113
99
62
56
28
23
50
-3
-91
-134
-167
-107
-76
-48
-58
-185
-256
-320
-389
-401
-409
-353
-222
-145
-32
43
56
52
-15
-159
-242
-241
-166
-55
27
24
-30
-109
-238
-280
-299
-318
-219
-53
204
329
350
186
38
-10
