353
807
1015
1152
1202
1124
940
680
489
376
318
251
172
218
271
380
350
316
144
-90
-251
-379
-329
-180
-187
-186
-227
-325
-446
-416
-464
-452
-308
-301
-223
-364
-376
-380
-291
-134
-49
-105
-285
-372
-341
-302
-53
153
107
-4
-314
-500
-616
-415
-53
200
350
365
322
217
218
226
309
250
254
267
345
358
363
471
391
405
281
128
83
139
254
320
281
134
48
82
242
405
390
410
185
-96
-241
-464
-572
-519
-415
-384
-474
-537
-508
-331
98
509
652
595
400
121
-19
9
67
-33
-252
-417
-416
-325
-242
-275
-419
-354
-316
-160
-149
-187
-244
-394
-344
-259
-245
-41
89
261
253
37
19
82
257
226
248
308
460
500
365
226
68
53
116
291
452
298
5
-445
-831
-1045
-965
-622
-251
42
170
286
352
531
699
717
521
287
86
-121
-376
-589
-594
-539
-492
-361
-209
-169
-90
-38
57
169
180
91
-81
-256
-284
-372
-300
-183
-242
-323
-335
-238
54
409
492
461
293
227
195
134
117
155
227
304
398
216
67
-8
-112
-98
-17
34
99
181
300
385
437
320
98
66
-36
-54
-170
-390
-519
-581
-607
-558
-399
-331
-231
-69
294
607
960
1279
1387
1195
619
72
-177
-323
-170
-183
-395
-576
-704
-551
-237
150
426
528
616
617
593
444
90
-245
-588
-872
-1029
-1069
-952
-618
-206
108
185
154
179
389
607
889
1044
957
803
421
37
-329
-642
-795
-757
-608
-429
-233
-206
-229
-59
-9
19
-25
-81
-89
-45
51
92
143
107
-136
-312
-363
-319
-268
-246
-219
-237
-39
168
290
255
158
149
193
412
691
896
812
682
320
12
-94
-131
-166
-312
-592
-720
-685
-354
70
322
370
338
201
99
-55
-230
-491
-597
-817
-1025
-1087
-1208
-1155
-1070
-805
-510
-107
254
791
1290
1533
1488
1157
817
450
88
-114
-217
-360
-333
-350
-245
-145
-29
-16
48
260
324
383
313
389
516
635
752
844
606
207
-152
-494
-784
-822
-774
-833
-661
-682
-745
-806
-742
-402
204
728
899
760
396
62
-179
-291
-210
-45
241
554
655
615
376
11
-368
-690
-843
-793
-518
-261
104
441
627
729
685
624
485
448
216
97
57
131
274
467
782
926
965
720
440
205
-52
-240
-467
-469
-331
-37
78
209
170
-76
-296
-530
-440
-232
-10
61
171
320
316
269
59
-250
-471
-680
-598
-507
-353
-261
-156
53
145
98
-194
-173
-347
-202
-112
-199
-341
-352
-272
-212
-86
-303
-421
-724
-894
-816
-821
-587
-411
-138
-115
6
44
56
129
-36
-139
-304
-209
82
367
446
322
296
239
447
663
639
500
129
-327
-557
-452
-223
117
326
278
106
25
86
210
410
638
678
539
183
-53
-335
-290
-178
-56
44
-11
-194
-283
-365
-415
-198
-2
179
287
344
315
-49
-436
-691
-726
-356
67
462
807
1017
1047
801
540
229
0
-77
-154
-48
115
359
698
777
664
446
253
302
591
850
907
799
499
168
-153
-316
-497
-861
-948
-644
-260
169
377
244
161
80
149
333
421
357
213
125
6
-94
-272
-428
-697
-929
-996
-968
-738
-401
-234
-65
74
-23
-129
-350
-438
-489
-498
-301
-47
211
169
-289
-687
-995
-1041
-808
-448
-40
160
36
-117
-233
-145
124
231
182
-78
-232
-210
-166
-167
-325
-444
-579
-514
-398
-116
137
161
378
437
671
742
685
495
208
162
91
258
279
338
251
102
-72
-252
-403
-616
-395
-224
-41
45
-13
184
229
206
168
-115
-214
-129
45
243
157
43
-138
-119
84
465
787
916
917
796
719
569
441
326
359
395
551
593
569
293
-38
-430
-651
-602
-540
-360
-233
-160
-29
190
386
554
688
721
697
498
308
173
167
167
220
110
117
90
70
226
170
119
-177
-341
-523
-578
-414
-365
-279
-437
-437
-576
-663
-388
-242
89
231
209
89
-91
-296
-309
-136
-88
-159
-379
-379
-386
-436
-423
-508
-381
-194
-87
-118
-429
-686
-808
-665
-634
-538
-483
-511
-295
-103
268
596
711
682
482
214
-14
-189
-240
-403
-478
-807
-892
-668
-561
-391
-443
-455
-646
-659
-593
-661
-582
-525
-202
-35
161
96
83
102
158
242
249
269
277
-32
66
603
512
-150
-330
441
1240
1320
883
812
555
240
389
918
1106
865
645
957
1219
1125
1075
1072
861
942
1640
1826
1498
1392
1522
1565
1520
1175
862
697
365
199
472
715
629
285
270
477
522
299
204
352
466
423
273
197
36
-122
-278
-545
-881
-1245
-1504
-1399
-1323
-1353
-1460
-1475
-1557
-1529
-1235
-874
-599
-437
-253
-215
-208
-403
-572
-682
-799
-902
-1018
-1297
-1531
-1746
-1722
-1541
-1172
-924
-903
-843
-952
-1086
-1270
-1181
-938
-636
-373
-409
-603
-989
-1422
-1569
-1766
-1930
-2173
-2414
-2725
-3151
-3645
-4502
-5470
-6800
-8427
-9879
-10368
-9463
-7584
-5138
-2474
582
3811
6823
9139
10478
10969
10794
10505
10171
9582
8694
7742
7238
6972
6444
5346
3727
2056
578
-693
-1560
-2057
-2067
-1331
115
1955
3812
5287
6160
6589
6567
6111
5442
4628
3845
3105
2469
1923
1314
129
-1470
-3319
-5068
-6329
-7318
-7770
-7738
-7009
-5394
-3321
-1345
338
1618
2316
2482
2117
1482
737
164
-207
-461
-842
-1589
-2620
-3701
-4260
-4666
-4838
-5081
-5249
-5257
-4857
-3959
-2939
-1942
-1291
-912
-792
-800
-1044
-1369
-1780
-1934
-1858
-1506
-1045
-724
-461
-268
-72
12
-49
-141
-60
184
369
650
1036
1308
1771
2247
2522
2384
1773
972
96
-397
-697
-721
-633
-488
-141
117
415
713
899
845
646
301
-262
-1668
-4624
-9265
-14389
-17866
-18473
-16202
-12829
-9504
-6050
-1885
3438
8192
10785
10603
8725
7400
7689
9263
10703
11379
12008
13343
15230
15829
13848
9471
4170
-127
-3131
-5102
-6756
-7618
-6952
-4635
-1249
1849
3621
3809
3230
2749
2564
2885
3505
4452
5720
7286
9368
11366
12652
12314
10128
6572
2779
-438
-2967
-5113
-7051
-8412
-8609
-7414
-5496
-4158
-4577
-6552
-9215
-11058
-11373
-10524
-9016
-7366
-5114
-1915
2032
5680
7467
6997
4817
2282
404
-744
-1707
-2749
-3308
-3128
-2085
-957
-966
-2368
-4634
-6565
-7282
-7311
-6775
-5928
-4950
-3349
-1371
742
2433
3293
3153
2223
1134
521
455
705
1021
1116
1036
1216
1568
1964
1751
912
-347
-1433
-1806
-1651
-1337
-1223
-1317
-1330
-1027
-523
-78
-66
-317
-605
-830
-988
-1010
-1053
-948
-637
-371
-70
149
132
-5
-146
-248
-333
-437
-397
-257
17
34
-698
-2486
-5265
-8293
-10290
-10616
-9404
-7558
-5731
-3936
-1845
641
2823
4113
4124
3144
2082
1911
2748
4220
5695
7218
8715
10209
11526
12109
11760
10539
8697
6674
4850
3468
2799
2872
3493
4237
4745
4777
4357
3673
2642
1319
-187
-1518
-2286
-2515
-2213
-1792
-1117
-482
242
890
1331
1194
453
-628
-1811
-2662
-3193
-3324
-3234
-2841
-2600
-2547
-2497
-2580
-2622
-3105
-4003
-4926
-5596
-5612
-4889
-3687
-2695
-2125
-2049
-2115
-2232
-2498
-2967
-3533
-3860
-3775
-3251
-2672
-1963
-1364
-1106
-1127
-1495
-2185
-2769
-2851
-2593
-1887
-1027
-370
-44
8
59
-164
-710
-1302
-1714
-1559
-923
-200
319
972
1376
1549
1420
1000
776
601
634
818
848
870
918
1071
1116
989
954
889
909
982
893
708
506
225
124
181
163
-76
-283
-200
117
832
1336
1513
1459
1201
1136
1111
1128
1119
1240
1523
2056
2425
2273
1294
-618
-3003
-5298
-6737
-7117
-6810
-6282
-5633
-4826
-3678
-2373
-1310
-858
-1089
-1775
-2508
-2747
-2357
-1244
244
2143
4137
5938
7593
8578
8863
8409
7313
6017
4878
4272
4285
4944
5813
6479
6675
6385
5718
4807
3832
2711
1466
227
-574
-761
-402
192
545
540
130
-541
-1181
-1822
-2633
-3548
-4488
-5213
-5499
-5238
-4424
-3307
-2058
-943
-502
-611
-983
-1460
-1794
-2052
-2224
-2309
-2205
-1809
-1141
-525
-251
-171
-550
-1264
-2001
-2594
-2863
-2749
-2293
-1601
-488
446
699
299
-681
-1809
-2571
-2731
-2338
-2036
-1720
-1424
-1082
-627
-129
40
-415
-1248
-2400
-2943
-2768
-1658
-227
647
640
137
-323
-423
-114
264
418
362
467
633
1133
1654
2091
1837
1392
874
671
845
927
1069
915
644
482
696
1108
1466
1681
1844
1949
2022
2221
2260
2160
1765
1420
1366
1536
1357
244
-2049
-5081
-7654
-9125
-9179
-8585
-8034
-7452
-6339
-4570
-2454
-871
-596
-1435
-2657
-3217
-2689
-1189
801
2891
5149
7469
9784
11518
12060
11395
9823
7996
6332
5199
4624
4506
4792
5224
5567
5445
4820
3857
2451
727
-1005
-2725
-3882
-4226
-3651
-2543
-1373
-665
-391
-373
-723
-1439
-2665
-4088
-5310
-5954
-5897
-5280
-4299
-3020
-1742
-734
-217
-217
-536
-864
-1060
-1244
-1345
-1462
-1304
-617
61
438
237
-344
-986
-1387
-1594
-1961
-2454
-2884
-2359
-1353
-194
273
-9
-886
-1475
-1583
-1289
-1001
-1063
-1050
-1132
-1052
-990
-846
-896
-771
-547
-945
-1548
-2010
-2157
-1573
-957
-200
149
-125
-168
133
361
361
-103
-933
-965
-403
241
633
919
1165
1294
1177
933
433
-2
-250
-237
325
1133
1786
1972
1609
1145
982
952
907
533
254
87
354
1146
1942
2330
1995
1307
955
1292
2137
2649
1774
-437
-3536
-6596
-8742
-9704
-9501
-8743
-7698
-6348
-4612
-2520
-680
161
-222
-1353
-2443
-2530
-1439
543
2869
5225
7396
9327
10724
11298
10983
9773
8243
6797
5671
4874
4524
4721
5304
6091
6667
6506
5562
3924
2206
698
-709
-1944
-2912
-3321
-3058
-2164
-1123
-396
-447
-852
-1506
-2381
-3414
-4729
-6051
-6825
-6658
-5752
-4352
-3000
-1862
-974
-264
151
105
-306
-1094
-1824
-2201
-2294
-1959
-1154
-138
564
567
-213
-1488
-2534
-2386
-1824
-1472
-1658
-2075
-2001
-1039
587
1414
798
-1190
-2658
-2660
-1691
-711
-73
-595
-1838
-2708
-2436
-1496
-576
-542
-1738
-3006
-3568
-2698
-1443
-599
-670
-1480
-1908
-1289
61
1030
1180
514
20
-128
250
316
-376
-744
-734
386
1772
2367
1617
377
-694
-515
118
235
-44
-400
-86
482
1333
1553
1383
1656
2088
2550
2496
2144
1808
1847
2258
2565
2766
2611
2445
2359
2127
1499
-2
-2300
-4906
-7389
-9042
-9334
-8528
-7155
-5640
-4260
-2927
-1470
-247
411
349
-446
-1062
-856
450
2523
4894
7092
8823
10126
10893
10859
9914
8258
6375
4851
3947
3801
4237
4890
5547
5919
5795
5105
3978
2559
1091
-390
-1725
-2627
-2962
-2714
-2178
-1581
-1100
-1162
-1911
-3061
-4262
-5174
-5783
-5977
-6062
-6031
-5581
-4546
-3052
-1547
-262
423
555
171
-419
-812
-994
-974
-948
-686
257
1836
2428
1651
-530
-2649
-3665
-3233
-1633
-788
-1833
-2903
-2779
-1809
113
547
-607
-2649
-3610
-3104
-1660
-1276
-2274
-3940
-4499
-2641
-616
371
-740
-3185
-4955
-4764
-3381
-1696
-477
-356
-480
-892
-831
-99
-259
-513
-1748
-3131
-2677
-1252
-4
1320
1048
634
657
694
942
661
82
-382
3
999
1490
1254
1328
1554
1062
1079
1830
2043
2347
1977
1534
1626
2142
3064
4046
4373
4046
3644
3458
4011
3907
2349
-904
-5306
-9050
-11014
-11086
-9896
-8314
-7040
-5902
-4358
-2208
-93
1202
1243
181
-705
-481
1201
3917
6614
8835
10397
11590
12476
13005
12761
11322
9155
6750
5037
4473
4821
5524
5901
5917
5403
4595
3626
2225
677
-1126
-2782
-4020
-4946
-5315
-4977
-4010
-2891
-2274
-2318
-3039
-3997
-5284
-6842
-8050
-8640
-7935
-6546
-4857
-2960
-1438
185
1173
1498
919
-104
-1048
-1924
-2027
-1905
-1460
-686
204
759
58
-1256
-2755
-4198
-4512
-4570
-3758
-2880
-2375
-1277
-574
-477
-1376
-2042
-2437
-2072
-1875
-2218
-3020
-4490
-4807
-4251
-3383
-2555
-2548
-3493
-3958
-3643
-2431
-1620
-1400
-1674
-1750
-1432
87
1886
2392
2145
944
112
-120
383
1523
2365
2728
2179
1217
126
-566
-345
1003
2206
2086
793
-919
-317
1267
2665
3425
2448
622
-396
262
2181
3379
3209
2372
1706
2388
3922
5386
6218
5989
5074
3531
1031
-2297
-6426
-10259
-13045
-14184
-13450
-11339
-8441
-5553
-2983
-899
626
1366
1203
448
-305
-257
1184
3966
7474
10842
13455
15073
15688
15354
13977
11731
9062
6444
4634
3831
3879
4483
5198
5744
5848
5170
3902
1922
-470
-3041
-5301
-6978
-7788
-7450
-6301
-4628
-3183
-2458
-2292
-2585
-3498
-4985
-6833
-8604
-9630
-9233
-7562
-4978
-2347
-356
936
1494
1514
965
-170
-1457
-2694
-2967
-2507
-1286
-487
-215
-293
-1064
-2219
-4585
-5974
-6442
-6116
-5007
-4377
-4045
-3543
-3140
-2225
-939
-7
-464
-1885
-3215
-3968
-2878
-1349
-423
-731
-2038
-2690
-2488
-1362
-199
549
577
-679
-2245
-3791
-3371
-1462
140
1618
1419
774
-150
-558
-637
-226
-12
-340
-1557
-1932
-1177
751
3136
4143
3600
1301
-528
-67
2122
3985
4784
3338
764
-665
-824
732
2759
3790
3635
2863
2710
3354
4607
5829
6299
5513
3728
994
-2498
-6409
-10735
-14371
-16489
-16422
-14145
-10429
-6300
-2673
153
1726
2303
1773
697
20
88
1532
4076
7436
11152
14544
17036
18105
17651
15827
13173
10453
7808
5577
3779
2595
2471
3061
4079
4682
4388
2974
791
-1798
-4614
-7200
-9309
-10654
-10622
-9389
-7042
-4135
-1412
852
1899
1706
-1
-2713
-5407
-7327
-8013
-7572
-6143
-4149
-1838
538
2201
2909
2331
488
-1826
-4204
-5822
-6314
-5337
-3303
-1374
17
228
-661
-2240
-4193
-5967
-6952
-7435
-7321
-7056
-6066
-3985
-1742
146
1008
447
-1248
-3063
-4043
-3861
-3243
-2064
-1862
-2173
-2106
-2219
-1315
-293
-592
-1820
-3484
-4629
-4044
-2323
-318
674
165
-564
-775
-182
1758
2554
1857
412
-1259
-1608
-665
463
890
780
943
1736
2713
2914
2548
2103
1800
1850
1538
858
226
140
740
1937
3140
4103
4713
4978
5456
6040
6575
6122
3307
-1975
-8895
-15237
-18784
-19185
-17209
-14673
-12208
-9222
-5130
73
4335
6250
5107
2105
97
111
2694
6450
10143
13525
16197
18651
20095
20341
18958
16053
12575
8638
5319
2702
1198
972
1142
1461
1123
459
-397
-1523
-3105
-5957
-9390
-12781
-14733
-14230
-11927
-8323
-4511
-792
2438
4858
6260
6098
4791
2503
-66
-2258
-3785
-3956
-2832
-855
1256
2457
2351
959
-1186
-3500
-5805
-7820
-9555
-10183
-9443
-7478
-5006
-3126
-2184
-2309
-2998
-3967
-5031
-5944
-6536
-6575
-5952
-4688
-2744
-656
1419
2631
2737
1822
89
-1429
-2540
-2993
-3459
-4155
-4835
-4947
-3912
-2455
-1342
-1303
-2793
-5001
-6681
-6900
-5487
-3011
-876
116
351
687
1957
3537
4247
3348
1264
-380
-492
849
2445
3100
2817
2372
2754
3983
5049
4704
2706
650
-451
-190
801
1537
1850
2086
2756
3943
5565
6498
6093
3280
-2471
-9959
-17522
-22097
-22871
-20864
-17751
-14889
-10914
-5394
1833
8315
11184
10352
6624
3780
3306
5286
8717
11652
14642
17301
20103
22272
22636
21396
18024
13798
8869
3759
-353
-3452
-4589
-4970
-5105
-5252
-5514
-4811
-4057
-3783
-5618
-9362
-13178
-15547
-14714
-11744
-7410
-2608
2425
8013
12833
16186
16994
15347
12292
8273
4468
1069
-1348
-2752
-3636
-4229
-5155
-5825
-6271
-6321
-6835
-8752
-11225
-13715
-14623
-13705
-11765
-9540
-7491
-5032
-2342
498
2103
2004
728
-1101
-2266
-2749
-2507
-1718
-246
1772
3356
4255
3880
2539
755
-1286
-3197
-5054
-6415
-6991
-6464
-5511
-4828
-4431
-4457
-4364
-4201
-4265
-4389
-4433
-3920
-2879
-1475
127
1818
3816
5610
6637
6152
4385
2525
1473
1370
1575
1319
808
636
1413
2823
3851
3894
2826
1423
446
-64
-228
-444
-505
-196
663
2389
4080
4606
2431
-3320
-11178
-19125
-23723
-24299
-22488
-19676
-17023
-12152
-4367
5317
13870
17534
16785
13204
10668
10585
11808
13286
13421
13821
15251
18028
21085
22396
21710
18505
13945
8342
2158
-3537
-8710
-12347
-14930
-16195
-15487
-12572
-7334
-1961
1857
2682
1192
-517
-1379
-861
-61
727
2274
5443
10404
15329
18598
19063
17116
13871
9674
4918
-579
-6106
-10715
-14169
-16304
-17467
-17407
-16004
-13527
-10868
-9033
-8215
-7858
-7004
-5458
-3605
-1940
-484
1322
3880
6499
8050
7757
5953
3400
888
-1621
-3998
-5921
-6944
-6490
-5083
-3439
-2033
-1004
-168
312
-127
-1408
-3351
-5082
-6181
-6773
-6879
-6671
-5836
-4323
-2552
-1221
-645
-437
-195
575
1380
1924
2154
2494
3227
4107
4695
4565
4083
3163
2134
793
-535
-1444
-1775
-1687
-1491
-1227
-968
-305
608
1367
1707
1718
1856
2695
3711
3660
1042
-5216
-13815
-21963
-26066
-25154
-21292
-17111
-13976
-10000
-3430
5721
14817
20470
21670
19545
17002
15535
15044
14483
12956
11309
10394
11061
12952
14971
16071
14895
10823
3776
-4891
-12721
-17862
-20059
-20937
-21490
-20834
-17061
-8974
1456
10788
16299
17950
17587
16826
16068
14395
11646
8455
6153
5667
6597
7959
8721
8273
6282
2567
-2405
-7871
-12683
-16230
-18726
-20367
-21125
-19908
-16459
-11102
-5445
-1277
1442
3075
4647
6064
6555
5803
3912
2469
1868
2257
2688
2320
1358
-151
-1531
-3623
-5998
-8507
-10239
-10538
-9737
-7759
-5366
-2305
788
3342
4724
4575
3518
1673
-489
-2897
-5189
-6516
-6447
-4971
-2978
-1088
319
1457
2648
3605
3962
3392
2147
949
93
-474
-962
-1547
-1906
-2068
-1607
-1004
-578
-224
-16
188
438
734
1047
1635
2260
2769
3087
3303
3637
4059
3715
1264
-4409
-12787
-21222
-26289
-26404
-23489
-20254
-17703
-13884
-6445
4255
14922
21829
23969
22987
21603
20697
19324
16213
11428
6820
4298
4463
6076
7350
7393
6223
4274
1652
-1785
-6028
-10788
-15497
-19406
-21313
-19948
-14784
-6792
1791
9026
14476
18814
22481
24552
23688
19389
12937
6681
2265
-305
-2230
-4284
-6113
-6667
-5530
-3752
-3109
-4753
-8122
-11789
-14705
-16710
-18014
-18298
-16747
-12685
-6314
1056
7825
12746
15251
15438
13746
10719
6691
1823
-3639
-8818
-12457
-13507
-11688
-8483
-5485
-3756
-3103
-2359
-1219
-210
-240
-1416
-2756
-2816
-1137
1443
3691
4653
4372
3223
1630
-100
-2158
-4439
-6744
-8309
-8573
-7099
-4132
-514
2774
4942
6143
6689
6721
5865
3724
439
-3007
-5482
-6434
-5996
-4786
-3368
-1533
519
2748
4591
5446
5588
4863
3845
2926
2173
1786
1589
1677
2003
2793
3587
2605
-1680
-9686
-19111
-25579
-26838
-24611
-22354
-21644
-19651
-12600
-296
13041
22301
25917
25864
25271
25043
23825
20071
13750
6806
1222
-1819
-2508
-1809
-570
264
186
-951
-2366
-3360
-4407
-6719
-10964
-15455
-17135
-14051
-7330
-61
5717
10317
15199
20661
24910
25717
22411
16429
9936
4234
-694
-5477
-10076
-13658
-15271
-14583
-12085
-8756
-5733
-3791
-3312
-3889
-4563
-4751
-4778
-5292
-6084
-5726
-2568
2974
8574
11736
11884
10544
8929
7187
3874
-1779
-8625
-14526
-17429
-16968
-14176
-10453
-6581
-2976
330
3422
5910
7333
6854
4351
944
-1756
-2381
-1320
-243
-312
-1270
-1670
-748
683
962
-740
-3521
-5616
-5825
-4369
-2384
-716
538
1879
3564
5228
6080
5365
3033
-258
-3513
-5682
-6169
-5657
-4797
-3707
-2014
847
4197
6890
8036
7559
6393
5273
4350
3378
2298
1416
888
1132
1990
2212
-17
-6092
-14756
-22520
-25789
-24885
-23143
-22800
-22348
-17474
-6829
6560
17430
23219
25280
26121
27105
26896
23874
17760
10065
3050
-1850
-4378
-5147
-5242
-5412
-5756
-5677
-4333
-2176
-896
-2394
-6585
-10838
-12103
-9639
-5577
-2185
590
4635
11198
18812
24441
25903
23480
19163
14517
9876
4433
-2171
-9302
-15430
-19018
-19434
-17117
-13601
-10309
-7774
-5328
-2011
1930
4928
5229
2849
-21
-911
914
3630
4879
4144
2885
3061
4650
5586
3908
-794
-6664
-11270
-13334
-13372
-12649
-11924
-10772
-7942
-3062
3004
8017
10116
9289
6912
4892
3711
2368
-232
-3798
-6611
-6985
-4895
-2069
-219
15
-462
-419
390
1223
1121
-143
-1635
-2227
-1295
651
2273
2655
1869
771
165
-16
-573
-2168
-4210
-5424
-4706
-2256
513
2591
3656
4493
5512
6563
6915
6152
4596
2791
1511
844
677
1085
1881
1893
-785
-7096
-15279
-21764
-23932
-23145
-22577
-23094
-22049
-15898
-4999
6802
15589
20600
23630
26058
27615
26882
23106
16825
9550
2880
-2201
-5375
-7042
-8037
-8836
-9040
-7659
-4405
-900
533
-1271
-4713
-6875
-6314
-4343
-3156
-2734
-892
4205
11757
18916
23326
24360
22972
20347
16857
12254
5939
-1956
-10370
-17427
-21326
-21698
-19707
-17166
-14727
-11483
-6462
-55
5594
8341
7949
6130
4944
4947
5038
4011
1961
-164
-1234
-825
-63
196
-1218
-4135
-7057
-8975
-9234
-8833
-8834
-9073
-8102
-4944
12
4875
7595
8225
7599
6839
6016
4114
858
-3197
-6675
-8389
-8116
-6613
-4550
-2633
-943
975
3072
4974
5700
4715
2762
912
-60
-372
-757
-1498
-2185
-2207
-1445
-539
-369
-948
-1771
-2136
-1779
-888
147
1054
2011
3160
4684
6201
6918
6623
5445
4004
2805
1852
1006
286
79
850
1641
348
-4710
-12524
-19645
-22914
-22674
-22188
-22788
-22690
-18365
-9095
2061
11606
18004
22211
25310
27383
27550
25011
19806
12746
5357
-860
-5033
-7353
-8880
-10267
-10954
-9725
-6148
-1773
893
671
-1251
-2565
-2271
-1379
-1300
-1966
-1730
1040
6336
12456
17436
20107
20396
19087
17028
14299
10072
3484
-4809
-12853
-18265
-20228
-19945
-19062
-17921
-15323
-10373
-3573
2881
7137
8788
8837
8751
8796
8413
6754
3519
-156
-2944
-4022
-3610
-3489
-4593
-6580
-7964
-7552
-5948
-4648
-4460
-4552
-3688
-1116
2321
5082
6275
5978
5100
4331
3393
1726
-993
-4465
-7486
-9024
-8703
-7102
-5268
-3637
-1716
989
4174
6825
7779
6939
5203
3394
1829
180
-1795
-3807
-5343
-5867
-5294
-4110
-2961
-2217
-1595
-666
723
2251
3315
3636
3738
4042
4633
5139
4864
3926
2724
1851
1371
976
497
140
674
1796
2059
-643
-6938
-14332
-19759
-21505
-21436
-21953
-22719
-21289
-15256
-5622
4693
13131
19030
23192
26115
27671
27102
23831
17947
10478
3145
-2551
-6176
-8422
-10265
-11590
-11218
-8303
-3652
442
2301
2050
1075
603
554
100
-1210
-2577
-2563
-246
4181
9286
13428
15623
16152
15974
15426
13848
9952
3475
-4144
-10692
-14740
-16677
-17683
-18208
-17469
-14402
-9001
-2541
3067
6751
8443
9028
9227
8945
7639
4406
59
-4082
-6522
-6755
-6349
-6299
-6832
-6851
-5352
-2806
-547
403
276
-57
504
1720
2780
3126
2431
1403
720
467
94
-1040
-3159
-5385
-6651
-6509
-5426
-4320
-3392
-2065
197
3137
5850
7286
7214
6257
4977
3542
1625
-842
-3597
-5987
-7280
-7192
-5971
-4412
-2934
-1486
323
2440
4337
5340
5264
4576
3897
3393
2864
2137
1237
586
282
247
316
485
892
1786
2985
3193
1292
-3704
-10297
-16156
-19836
-21332
-22547
-23431
-22562
-18086
-9958
-355
8561
15508
20783
24651
27046
27423
25127
20342
13705
6569
425
-4121
-7207
-9424
-10819
-10572
-8143
-3965
240
2957
3846
3597
3128
2494
1308
-722
-3105
-4598
-4285
-1858
1949
5926
9258
11609
13392
14675
14876
13110
9035
3493
-2099
-6543
-9879
-12498
-14447
-15267
-13966
-10574
-5928
-1328
2219
4535
5804
6358
6079
4771
2287
-847
-3881
-5905
-6494
-6174
-5351
-4345
-3127
-1544
234
1646
2261
2029
1231
377
-360
-953
-1470
-1925
-2113
-1909
-1420
-924
-803
-1125
-1713
-2293
-2711
-3014
-3256
-3248
-2788
-1690
-137
1439
2830
3763
4228
4231
3708
2578
902
-1007
-2784
-4199
-4986
-5197
-4885
-4036
-2651
-804
1101
2822
3997
4623
4732
4380
3558
2452
1296
210
-385
-779
-963
-823
-338
846
2590
3964
3942
1616
-3128
-8551
-13555
-17254
-19815
-22054
-23128
-22212
-18112
-11203
-2973
5147
12184
18169
22814
25966
26914
25287
21387
15727
9587
3872
-947
-4681
-7539
-9101
-8858
-6662
-3136
458
3213
4726
5393
5331
4452
2592
-286
-3361
-5769
-6745
-6060
-4124
-1398
1703
5076
8532
11625
13571
13732
12030
8884
5143
1328
-2418
-6053
-9349
-11547
-12121
-10974
-8763
-6300
-3983
-1850
216
1993
3176
3348
2505
1164
-201
-1130
-1697
-2036
-2282
-2378
-2044
-1380
-698
-345
-480
-942
-1419
-1737
-1958
-2090
-2133
-1931
-1369
-492
458
988
1007
591
-33
-725
-1552
-2704
-4000
-4988
-5321
-4891
-3888
-2653
-1305
205
1908
3514
4576
4751
4021
2634
1040
-495
-1999
-3386
-4503
-5059
-4850
-3764
-2204
-419
1062
2204
3106
3728
4019
3683
2793
1509
151
-1035
-1886
-2135
-1745
-330
1271
2093
1730
-150
-2707
-5954
-9666
-13461
-16981
-19425
-20463
-19520
-16411
-11253
-4784
2098
8869
15015
20252
23774
25081
24126
21064
16652
11428
6004
877
-3430
-6292
-7434
-6637
-4380
-1115
2461
5695
8200
9558
9793
8635
6146
2723
-1072
-4411
-6836
-8200
-8431
-7524
-5411
-2293
1518
5268
8332
10266
10803
10174
8446
5896
2654
-1006
-4564
-7350
-8967
-9320
-8565
-7226
-5358
-3007
-520
1624
2988
3352
2864
1848
523
-875
-2314
-3590
-4610
-5208
-5214
-4680
-3763
-2608
-1393
-274
704
1349
1572
1334
708
-63
-785
-1320
-1658
-1821
-1871
-1916
-1835
-1800
-1895
-2163
-2577
-2874
-3029
-2875
-2623
-2373
-2063
-1645
-1053
-385
189
600
718
599
343
16
-394
-927
-1486
-1968
-2061
-1854
-1460
-898
-333
216
780
1187
1472
1465
1197
818
394
82
-170
-269
-148
264
904
1467
1767
1681
1312
568
-723
-2501
-4664
-6612
-8183
-9229
-9606
-9115
-7629
-5423
-2631
410
3597
6592
9070
10773
11524
11511
10758
9411
7610
5619
3865
2504
1669
1454
1932
2933
4216
5506
6584
7397
7707
7422
6350
4690
2752
886
-677
-1861
-2725
-3175
-3077
-2513
-1546
-294
975
2033
2743
3037
3056
2724
1987
839
-415
-1603
-2498
-2968
-3138
-2970
-2559
-1917
-1211
-578
-201
-140
-309
-729
-1281
-1906
-2554
-3249
-3929
-4474
-4846
-4919
-4806
-4498
-4042
-3479
-2779
-2037
-1315
-851
-727
-968
-1381
-1926
-2409
-2793
-3067
-3199
-3224
-3048
-2750
-2378
-2005
-1553
-1120
-764
-443
-253
-225
-347
-508
-728
-970
-1204
-1307
-1294
-1020
-487
158
783
1323
1794
2172
2452
2576
2493
2207
1834
1390
1074
909
757
636
562
533
604
817
1090
1478
1801
2058
2314
2472
2521
2363
2022
1563
1092
735
499
332
232
227
281
481
683
899
1080
1292
1468
1530
1432
1165
839
420
83
-174
-341
-387
-404
-435
-342
-165
9
143
132
-17
-140
-281
-399
-613
-814
-942
-983
-838
-697
-470
-241
56
404
771
1118
1315
1389
1253
1001
695
391
86
-198
-388
-386
-247
-82
-14
-27
-46
31
169
232
144
7
-148
-208
-165
-186
-218
-336
-487
-584
-558
-411
-309
-393
-565
-687
-707
-578
-445
-304
-206
-90
74
153
169
44
-156
-457
-741
-1013
-1314
-1503
-1597
-1519
-1402
-1213
-954
-682
-463
-316
-136
18
185
235
41
-201
-332
-340
-263
-130
25
183
374
523
603
642
694
600
426
274
50
-181
-406
-660
-815
-901
-872
-686
-384
-89
258
635
973
1254
1426
1407
1197
848
374
-111
-516
-742
-835
-742
-580
-377
-17
446
839
1109
1257
1177
1049
908
772
616
368
71
-169
-384
-425
-234
-56
87
161
150
201
295
368
367
197
-67
-405
-682
-887
-998
-1040
-983
-778
-374
119
572
916
1094
1062
889
725
457
112
-263
-590
-844
-931
-869
-790
-536
-266
84
372
618
754
689
533
249
-6
-281
-540
-691
-765
-690
-504
-253
-101
-54
-1
108
325
496
616
655
641
593
639
652
636
562
384
177
-33
-204
-326
-389
-448
-407
-339
-338
-346
-416
-524
-526
-454
-336
-186
-21
144
290
398
389
401
432
485
566
631
635
584
518
314
118
-150
-367
-500
-634
-705
-805
-820
-736
-610
-524
-380
-164
105
428
672
886
994
882
623
248
-133
-442
-670
-758
-824
-776
-693
-542
-337
-172
27
235
355
408
434
355
282
141
-23
-173
-304
-379
-420
-377
-236
-29
205
460
605
585
418
162
-140
-475
-743
-930
-1020
-920
-743
-512
-147
199
529
735
829
867
805
699
581
377
90
-201
-492
-641
-638
-596
-518
-338
-139
85
274
343
301
165
36
-143
-300
-381
-495
-463
-447
-503
-507
-527
-493
-352
-162
84
388
613
809
977
1098
1159
1113
894
613
360
139
-52
-207
-369
-463
-434
-382
-259
-75
29
15
-22
-142
-256
-229
-44
162
342
406
357
282
264
353
468
579
695
731
718
666
470
170
-218
-569
-850
-964
-1023
-1009
-997
-892
-571
-250
8
207
325
356
467
577
692
721
649
444
184
11
-203
-404
-518
-485
-432
-330
-218
-206
-154
-112
-2
189
374
592
708
699
498
216
-82
-256
-277
-258
-180
-106
73
209
328
386
368
351
219
22
-262
-420
-528
-635
-636
-628
-503
-319
-123
81
252
386
509
590
572
475
302
106
-123
-376
-509
-507
-458
-350
-211
-120
-93
-73
-101
-142
-148
-171
-275
-392
-530
-583
-614
-679
-854
-1003
-1044
-890
-588
-226
85
291
495
669
773
813
727
616
554
489
412
289
81
-125
-290
-378
-329
-325
-309
-297
-246
-95
59
142
85
-35
-138
-129
12
157
280
376
427
478
450
492
565
599
541
462
315
126
20
-129
-210
-295
-321
-400
-392
-293
-185
-122
-103
-47
60
229
317
463
569
529
450
382
352
394
342
161
-118
-381
-487
-435
-239
-23
152
256
251
219
225
299
383
382
263
77
-146
-307
-386
-398
-277
-66
122
241
226
228
202
135
-20
-242
-364
-453
-439
-377
-245
-93
69
208
313
329
294
250
169
140
134
141
83
-67
-230
-350
-385
-434
-439
-480
-474
-347
-203
-54
83
97
-70
-275
-524
-610
-654
-663
-639
-627
-532
-505
-418
-343
-151
89
342
575
705
740
651
569
439
292
151
42
-31
-32
-55
-69
-96
-165
-197
-186
-183
-166
-131
-102
-15
91
138
159
157
152
128
109
120
217
307
354
459
506
569
546
330
111
-51
-200
-308
-424
-504
-594
-564
-514
-438
-338
-241
-124
45
207
338
419
566
643
654
585
392
264
61
-130
-270
-401
-396
-367
-356
-317
-330
-246
-106
39
205
364
454
491
465
411
255
106
11
-53
2
124
241
294
261
210
164
171
155
155
120
70
-44
-136
-156
-213
-244
-254
-203
-107
-39
5
107
145
152
130
128
187
185
70
-129
-334
-397
-373
-283
-198
-151
-94
-135
-119
-103
2
-52
-185
-274
-380
-378
-339
-266
-304
-380
-379
-348
-171
37
156
233
201
209
193
229
246
159
91
93
141
181
188
111
-20
-136
-228
-308
-378
-378
-338
-302
-301
-320
-270
-170
-15
161
268
268
254
244
195
151
192
247
285
207
93
-27
-121
-254
-372
-495
-556
-541
-437
-191
-5
134
135
135
115
165
243
301
318
358
433
493
522
509
452
301
160
16
-32
-33
-54
-70
-77
-67
-44
23
32
24
122
236
312
356
286
136
39
-17
12
44
52
106
198
295
340
328
182
-31
-241
-345
-442
-377
-334
-263
-204
-108
-28
21
126
192
371
480
511
464
350
161
-93
-247
-312
-323
-236
-216
-219
-266
-238
-282
-312
-329
-349
-407
-408
-434
-391
-323
-292
-154
-127
-95
-204
-224
-196
-123
25
118
207
237
327
243
165
102
61
74
123
199
203
168
56
2
-85
-232
-309
-416
-506
-524
-475
-413
-322
-134
50
240
489
662
720
624
478
359
249
209
187
175
291
289
228
97
38
47
-59
-153
-205
-296
-335
-316
-253
-221
-200
-127
48
257
390
427
321
264
220
155
30
-110
-238
-300
-286
-185
-106
-106
-193
-307
-362
-373
-311
-250
-244
-317
-314
-300
-217
-117
22
142
169
189
190
230
330
347
305
254
260
291
251
164
117
139
90
97
38
12
15
41
155
220
159
107
108
155
217
310
275
141
55
-135
-213
-235
-221
-72
135
244
314
400
388
331
207
116
32
-58
-225
-373
-410
-391
-348
-336
-338
-391
-389
-403
-389
-278
-204
-133
-74
51
171
226
170
29
-78
-85
12
91
99
30
-124
-235
-252
-334
-383
-401
-335
-236
-58
12
5
107
91
59
28
13
-54
-40
11
77
219
359
429
424
385
395
373
338
357
339
252
151
-61
-256
-365
-435
-331
-194
-125
-98
-113
-13
149
223
179
35
-159
-344
-444
-376
-229
-60
23
78
35
48
143
153
87
-96
-213
-222
-85
75
205
282
214
84
91
150
204
243
209
194
108
19
-57
-123
-168
-214
-210
-165
-7
117
205
272
292
226
78
-12
11
160
287
349
233
111
-13
-67
-118
-203
-263
-316
-302
-237
-34
109
182
160
88
22
-104
-124
-98
28
160
156
143
8
-119
-214
-409
-558
-637
-595
-451
-184
96
158
110
10
-113
-167
-81
-7
80
212
237
234
167
188
259
244
187
16
-110
-225
-264
-136
1
133
210
264
318
325
269
73
-160
-215
-117
49
260
363
394
373
310
275
184
52
-91
-195
-173
-173
-170
-220
-300
-341
-360
-328
-248
-130
-94
-99
-220
-356
-360
-386
-384
-380
-370
-360
-288
-189
-2
154
360
451
491
510
466
336
166
48
-93
-118
-128
-20
-61
-91
-147
-84
-20
68
227
334
385
316
224
87
42
38
96
118
157
282
400
477
534
464
365
237
4
-152
-248
-326
-290
-270
-183
-118
-88
-85
-164
-141
-88
-17
113
102
41
87
165
273
266
199
91
-44
-194
-323
-346
-258
-279
-317
-346
-359
-228
-189
-240
-285
-291
-248
-159
-115
-5
8
10
-56
-41
-24
-73
12
35
42
-102
-280
-440
-550
-524
-384
-202
-52
78
170
151
120
159
112
99
86
104
168
98
32
21
203
365
510
569
438
323
169
4
-21
-4
-19
-41
-94
-76
-1
94
211
264
283
204
141
167
185
212
239
139
0
-38
-36
69
95
146
228
306
293
226
218
176
113
-5
-64
-55
-78
-150
-99
-1
112
142
203
225
176
160
159
114
67
-62
-150
-218
-247
-219
-222
-238
-286
-309
-366
-355
-340
-356
-404
-439
-398
-287
-151
-160
-276
-397
-512
-578
-517
-379
-190
-13
76
146
105
37
-70
-68
-46
31
195
204
172
82
62
65
79
25
-75
-116
-105
-8
83
220
281
328
246
90
47
61
25
-6
-23
-16
109
200
248
251
272
224
158
149
73
-4
-96
-95
19
92
211
291
363
318
171
156
141
37
-14
-63
-28
-80
-132
-44
11
179
174
124
37
-15
-46
-65
-126
-230
-190
-156
-32
107
170
130
-52
-111
-146
-168
-198
-277
-220
-141
-157
-96
56
167
331
322
292
298
316
237
175
162
61
-40
-124
-172
-177
-208
-166
-228
-228
-142
-53
30
89
1
-73
-140
-225
-231
-260
-205
-212
-212
-185
-135
-65
-32
-15
46
55
23
-41
-37
16
-45
-87
-116
-158
-173
-150
-126
-30
53
87
105
32
19
31
57
75
79
16
-106
-145
-58
64
193
224
88
22
-93
-137
-104
-48
86
56
201
238
265
270
181
221
210
258
310
219
216
225
248
280
194
178
86
-51
-140
-76
-120
-184
-302
-406
-453
-438
-357
-247
-135
-88
-90
-105
-150
-247
-353
-366
-346
-562
-1056
-1297
-1961
-3187
-3245
-1337
2127
4969
6699
6561
4645
1539
-1260
-2575
-2357
-1204
148
1392
1139
-453
-2265
-2913
-2575
-1273
636
2740
4070
4149
3207
1662
-130
-1532
-2012
-1605
-561
163
513
361
-495
-1822
-2853
-3123
-2674
-2124
-1400
-620
-214
-271
-645
-1033
-1239
-829
272
1681
2786
3094
2358
805
-962
-2280
-2445
-1355
437
2072
2884
2749
1833
419
-832
-1369
-1093
-391
312
668
551
-46
-878
-1527
-1724
-1419
-801
-17
679
1093
978
499
-111
-548
-448
-51
310
583
785
370
-492
-1119
-1022
-383
389
981
1144
705
-113
-674
-851
-608
-105
256
429
255
-111
-445
-690
-725
-514
-116
122
109
32
-126
-284
-348
-289
41
338
456
405
195
24
-232
-287
-504
-940
-690
118
1196
1756
1787
1197
157
-768
-1333
-918
35
1074
1822
2339
2324
1624
508
-458
-906
-769
-70
919
1790
1935
1413
499
-256
-865
-1275
-1034
-187
531
798
748
296
-277
-967
-1128
-748
-239
35
258
469
287
-152
-681
-917
-837
-583
-176
123
167
-35
-349
-512
-686
-727
-585
-222
194
337
222
-166
-672
-1068
-1094
-666
-148
104
137
-13
-247
-553
-831
-774
-443
-53
145
44
-245
-511
-645
-631
-614
-550
-416
74
650
918
781
297
-27
-132
3
403
742
960
858
395
-89
-477
-532
-277
141
444
577
312
-47
-413
-650
-643
-516
-328
-224
-121
-93
-80
42
355
675
744
346
-217
-380
89
708
1026
850
349
-193
-577
-548
-280
-14
179
203
-75
-298
-616
-785
-607
-104
557
925
979
776
355
-8
-280
-339
-70
265
612
778
696
337
-92
-472
-496
37
657
1237
1493
1390
938
423
-30
-447
-746
-675
-23
831
1549
1625
1089
47
-988
-1627
-1555
-693
325
1138
1267
777
48
-449
-418
-160
79
308
651
1137
1507
1513
940
120
-382
-342
58
336
361
335
296
306
275
240
252
209
33
-150
-347
-316
-18
201
89
-665
-2233
-4511
-7088
-9387
-10557
-10398
-9428
-8468
-8156
-8456
-9161
-9737
-9713
-8750
-6865
-4500
-2270
-268
1419
2948
4383
5746
7106
8461
9802
10945
11794
12275
12500
12552
12379
12004
11574
11250
11027
10727
10011
8929
7572
6093
4655
3473
2593
1765
963
-94
-1203
-2177
-3020
-3655
-4087
-4339
-4348
-4137
-3840
-3515
-3227
-2806
-2322
-1683
-924
-180
402
689
538
115
-454
-1191
-1698
-1746
-1381
-918
-784
-1205
-2082
-3236
-4564
-5743
-6349
-6166
-5390
-4514
-4081
-4194
-4480
-4709
-4490
-3736
-2767
-1803
-981
-214
544
1459
2538
3906
5077
3520
-2924
-13526
-22321
-22033
-12340
-628
5051
2704
-5218
-14884
-22264
-22964
-14321
-464
10418
12554
7221
266
-3265
-1321
4578
11673
16993
19335
19251
17917
17229
17985
19530
19259
15775
11037
9215
11986
15804
16662
13003
6189
-1687
-8568
-11633
-9301
-3499
621
-728
-7181
-14664
-18795
-17997
-13326
-7780
-3802
-2573
-3703
-5751
-6587
-4597
-426
3680
5815
6791
8197
10318
11801
11478
9749
7604
5685
4388
4501
5958
7254
6202
1902
-4065
-8988
-11102
-10597
-8769
-7085
-6236
-6602
-8264
-10438
-11992
-11677
-9827
-7608
-5730
-4079
-2357
-928
-325
-580
-739
-185
1024
2588
4316
5919
6673
5746
3313
867
-180
302
1422
2149
1990
1222
153
-821
-1542
-1825
-1612
-992
-128
1256
2671
1627
-4381
-14926
-24245
-24955
-15970
-3980
3273
3213
-2609
-11182
-18976
-21195
-14277
-790
11690
16762
14157
8441
4507
4736
8263
13015
16887
19322
20444
20580
20489
20818
20959
18437
12026
4273
495
3071
8697
12094
10399
4310
-4409
-13176
-18541
-17497
-10872
-3496
-351
-2846
-8128
-12127
-12539
-9529
-4839
-185
3412
5454
5959
5792
6223
7404
8180
7696
6853
7281
9365
11337
11209
8757
5057
1275
-2166
-4104
-3739
-1611
67
-813
-4458
-9054
-12390
-13699
-13168
-11242
-8416
-5563
-4043
-4280
-5590
-6719
-6510
-5229
-3429
-1142
1425
3798
5049
4508
2925
1513
761
543
620
1198
1934
1862
134
-2639
-4963
-5873
-5433
-4387
-3138
-1927
-1137
-1122
-1865
-2722
-3148
-2664
-1303
802
3232
4137
904
-7734
-18942
-25800
-22924
-12298
-1301
4056
2387
-4312
-12825
-19188
-18889
-10382
2531
12826
16221
13675
9371
7019
7621
10077
12813
15226
17316
19067
20409
21230
21368
19779
15161
7913
1345
-686
2481
7578
10209
8372
2579
-5402
-12871
-16904
-15680
-10088
-3723
-208
-620
-3555
-6327
-7186
-5767
-2660
1136
4808
7540
9163
9808
9779
9246
7932
6163
4707
4787
6469
8514
9122
7371
3693
-822
-4901
-7203
-6821
-4457
-1929
-1452
-3597
-7236
-10664
-12651
-12637
-10681
-7384
-4053
-1980
-1706
-2744
-3924
-4334
-3796
-2586
-829
1369
3331
4433
4094
2487
412
-1309
-2164
-2232
-1522
-507
119
-410
-1999
-3912
-5268
-5615
-4975
-3422
-1380
398
1141
641
-597
-1752
-2046
-1089
1060
3560
4266
711
-7929
-18735
-25529
-23595
-14197
-3639
2321
1662
-4253
-12272
-18312
-18302
-10878
871
11215
16018
15170
11616
8779
8265
9692
11955
14277
16514
18521
19956
20564
20015
17854
13431
7162
1192
-1549
116
4222
7203
6622
2224
-4509
-11202
-15515
-15631
-11542
-5471
-684
859
-492
-2721
-3959
-3413
-1343
1600
4760
7394
9113
9746
9531
8853
7809
6236
4357
3115
3217
4279
5045
4229
1683
-1800
-5150
-7639
-8322
-7009
-4651
-2880
-3101
-5283
-8241
-10361
-10577
-8861
-5970
-2946
-797
-148
-798
-1861
-2378
-1716
-246
1427
2728
3413
3609
3124
1870
52
-1688
-2772
-2971
-2484
-1767
-1268
-1683
-3197
-5135
-6551
-6670
-5558
-3859
-2176
-762
379
971
831
17
-958
-1247
-339
1547
3981
5721
5109
388
-8725
-19177
-25291
-22999
-13685
-3295
2507
1604
-4611
-12797
-18722
-18664
-11471
50
10693
16107
15632
11658
7741
6219
7479
10465
13925
16983
19031
19631
18765
16870
14270
10960
6906
2899
640
1287
3976
6233
5646
1655
-4379
-10235
-13724
-13520
-9764
-4333
59
1511
-110
-3194
-5480
-5398
-2683
1666
6041
8937
9603
8420
6410
4814
4207
4473
5050
5327
5231
4670
3704
2049
-298
-2955
-5172
-6292
-6103
-4793
-3182
-2363
-3184
-5551
-8418
-10328
-10154
-7829
-4225
-878
858
500
-1423
-3526
-4478
-3705
-1570
991
2883
3348
2484
785
-979
-2206
-2764
-2605
-2030
-1241
-564
-482
-1485
-3419
-5333
-6365
-6048
-4664
-2878
-1273
-309
-54
-383
-648
-650
-440
-206
169
903
2000
3502
4839
4803
1804
-5067
-14400
-22261
-24328
-19315
-10088
-2001
1019
-2095
-9266
-16375
-19082
-15119
-5706
5246
13500
16476
14469
10006
6394
5791
8312
12512
16472
19089
19908
18898
16482
13495
10641
8245
6326
4877
4147
4253
4617
4249
2306
-1141
-5110
-8351
-9731
-8860
-6342
-3387
-1327
-1005
-2258
-3976
-4669
-3453
-392
3342
6234
7438
6964
5541
4221
3728
4092
5030
5893
6118
5408
3724
1460
-858
-2631
-3566
-3801
-3571
-3161
-2950
-3217
-4288
-5922
-7601
-8614
-8543
-7374
-5416
-3355
-1834
-1424
-2179
-3488
-4296
-4028
-2610
-678
958
1724
1466
409
-921
-2036
-2594
-2402
-1707
-1100
-924
-1342
-2227
-3504
-4960
-5989
-6209
-5424
-4015
-2515
-1459
-1144
-1389
-1880
-2076
-1419
-96
1307
2221
2261
1804
1423
1982
3334
4180
2621
-2697
-10936
-18700
-22113
-19316
-11854
-4113
-368
-2433
-8463
-14488
-16494
-13045
-5535
2991
9623
12604
11966
9406
6965
6672
8830
12534
16050
18272
18813
17967
16502
14822
13099
11328
9726
8472
7838
7588
7395
6567
4727
1829
-1584
-4431
-5902
-5687
-4479
-3150
-2676
-3341
-4847
-6376
-6938
-6083
-3980
-1321
1028
2272
2270
1467
738
887
2031
3675
5029
5571
5142
4013
2493
1080
-1
-728
-1291
-1711
-1961
-2220
-2602
-3321
-4453
-5612
-6668
-7248
-7006
-5997
-4444
-3017
-2369
-2699
-3558
-4310
-4395
-3748
-2472
-1079
-46
308
-86
-885
-1808
-2295
-2287
-1844
-1433
-1209
-1160
-1155
-1198
-1601
-2496
-3579
-4354
-4470
-3669
-2468
-1380
-1187
-1771
-2676
-3181
-2677
-1455
-159
556
517
-104
-614
-562
129
1203
2449
3693
5001
5854
5258
2543
-2039
-6728
-9342
-8957
-6477
-3702
-2060
-2122
-3455
-5454
-7167
-7980
-7407
-5185
-1626
2273
5038
5769
4770
3422
3091
4360
6849
9645
12055
13644
14220
13796
12536
10842
9408
8853
9269
10117
10512
9995
8477
6485
4579
2898
1511
499
-170
-469
-581
-823
-1431
-2548
-3966
-5041
-5257
-4529
-3288
-2292
-1894
-1961
-2146
-2253
-1995
-1395
-531
324
827
902
525
79
-295
-390
-239
-103
-329
-940
-1828
-2612
-3117
-3463
-3730
-3912
-4015
-4040
-4087
-4108
-4074
-4235
-4370
-4400
-4164
-3673
-3152
-2640
-2411
-2237
-2180
-2238
-2458
-2604
-2410
-2026
-1486
-1124
-1005
-1077
-1104
-1080
-801
-535
-281
-312
-521
-752
-977
-1083
-1174
-1101
-1133
-957
-688
-213
411
932
1149
1086
864
709
835
1198
1741
2182
2292
2044
1761
1791
2072
2464
2871
3211
3480
3482
2931
1893
742
-174
-550
-271
343
779
610
-366
-1632
-2572
-2795
-2528
-2002
-1471
-1042
-710
-632
-855
-1278
-1671
-1602
-901
288
1672
2697
3090
3050
2873
2804
3118
3813
4617
5385
5843
5809
5310
4457
3530
2821
2610
2871
3363
3510
3039
2070
1080
285
-205
-401
-467
-521
-758
-1083
-1369
-1568
-1705
-1840
-2094
-2208
-2131
-1861
-1707
-1556
-1408
-1450
-1457
-1420
-1207
-1013
-850
-761
-775
-896
-1042
-1172
-1274
-1264
-1230
-1243
-1360
-1513
-1637
-1671
-1657
-1468
-1299
-1355
-1623
-2025
-2270
-2217
-1952
-1572
-1282
-1237
-1404
-1715
-1921
-1820
-1404
-879
-503
-367
-332
-434
-439
-412
-277
-33
182
268
206
115
61
23
-66
-12
148
370
534
672
784
714
608
454
414
527
805
1158
1386
1407
1179
833
640
595
645
700
781
933
1082
1089
861
500
192
10
-54
73
356
605
647
418
81
-156
-297
-440
-389
-91
307
573
571
396
199
44
19
157
536
1013
1317
1317
1086
733
379
266
356
702
996
1024
683
166
-189
-413
-466
-422
-252
-35
-44
-216
-266
-265
-274
-284
-227
-111
82
239
304
381
500
630
667
702
824
867
830
840
900
853
600
299
138
198
283
10
-440
-753
-845
-773
-630
-523
-522
-673
-977
-1263
-1210
-829
-283
88
209
232
89
-217
-572
-810
-747
-379
-87
128
107
-2
-299
-743
-991
-1039
-829
-669
-555
-538
-695
-892
-924
-897
-819
-801
-799
-640
-441
-233
-152
-129
-93
-96
-211
-327
-285
-107
79
186
204
210
134
-29
-155
-197
-65
92
202
224
147
131
194
221
306
468
478
270
12
-90
-6
232
426
572
541
408
264
235
415
555
575
454
378
317
300
236
151
174
162
109
12
-32
-5
162
310
411
346
130
-110
-251
-216
-60
217
420
524
399
276
92
-97
-219
-383
-477
-414
-153
165
304
243
-75
-400
-530
-540
-413
-209
54
274
248
31
-156
-287
-268
-79
166
364
558
518
385
301
302
368
323
346
492
724
822
768
551
297
16
-248
-265
-99
168
392
392
177
-228
-672
-1029
-964
-537
4
507
739
652
299
-81
-284
-214
-59
58
-9
-75
-127
-92
-18
-110
-225
-441
-472
-421
-254
-91
26
92
-80
-366
-511
-546
-566
-493
-273
62
210
77
-154
-295
-217
-67
20
140
223
166
-40
-219
-382
-409
-433
-355
-250
-268
-273
-298
-416
-508
-540
-422
-224
6
136
163
189
302
462
505
602
575
517
420
284
219
199
209
90
-80
2
289
540
567
364
21
-430
-816
-993
-836
-418
-46
137
106
-141
-390
-551
-585
-496
-162
197
349
281
80
-106
-232
-160
-35
142
246
206
215
268
436
621
709
601
315
93
29
151
306
359
299
45
-201
-418
-511
-408
-131
60
106
92
-12
-84
-83
-35
-53
-80
2
134
302
408
556
579
499
381
234
266
302
409
518
519
412
182
-46
-152
-171
-20
103
52
-63
-295
-524
-658
-684
-584
-375
-183
-28
11
-63
-209
-332
-392
-336
-135
2
69
-18
-189
-290
-267
-206
-173
-110
-20
45
33
-51
-229
-373
-481
-465
-392
-245
-25
200
194
-62
-274
-444
-421
-289
24
452
797
783
494
189
7
-39
-47
46
177
358
462
531
598
407
70
-230
-271
-43
294
495
551
443
195
-19
-227
-297
-153
141
262
190
70
14
11
4
94
192
267
224
102
115
220
241
251
133
71
10
-219
-399
-498
-432
-285
-199
-123
-40
-93
-289
-541
-662
-594
-491
-400
-239
-30
65
24
-241
-415
-432
-427
-325
-134
51
139
68
-118
-244
-287
-182
-159
-64
86
100
117
-45
-138
-149
-92
-6
119
392
455
422
400
310
242
168
209
453
599
623
561
496
563
572
494
259
69
-5
-77
-107
-117
4
81
20
-224
-429
-320
-206
-206
-135
21
74
-55
-316
-561
-537
-351
-150
-22
9
-46
-223
-338
-220
-123
-13
43
46
74
3
-89
-210
-339
-318
-209
-124
13
120
137
47
-73
-228
-193
22
274
600
840
767
439
63
-85
61
198
248
254
300
292
96
-158
-309
-261
-217
-89
109
285
370
348
239
179
87
-169
-387
-375
-25
380
651
648
439
188
60
25
-29
5
43
-11
-142
-270
-246
-317
-413
-453
-406
-335
-309
-328
-252
-233
-315
-514
-644
-494
-288
-93
47
56
-73
-225
-291
-176
-14
119
194
248
346
343
297
127
27
79
107
162
147
151
76
4
-234
-345
-301
-222
-168
-51
148
389
437
165
-87
-266
-194
-54
197
370
412
368
200
61
-48
14
84
210
256
305
221
-113
-430
-622
-600
-495
-248
9
117
113
-40
-261
-490
-511
-392
-131
21
94
111
25
48
140
139
28
-77
-21
94
247
413
443
359
192
14
-163
-128
-31
133
375
479
465
211
-187
-417
-433
-219
139
456
646
669
541
475
327
130
-24
-139
-201
-90
254
591
614
373
-30
-372
-578
-641
-478
-260
-92
-28
-13
-102
-180
-150
-109
-34
151
253
158
4
-149
-213
-182
-174
-105
60
86
-14
-177
-301
-258
-238
-334
-344
-204
-31
90
143
28
-51
-102
-155
-50
114
261
270
114
-149
-368
-489
-469
-335
-155
-36
-55
-42
-70
-45
80
158
289
293
208
72
7
28
38
89
111
172
209
238
282
298
224
125
-86
-273
-350
-312
-279
-113
11
55
152
142
121
136
63
133
195
192
120
-77
-267
-276
-221
-143
44
232
276
93
-113
-343
-360
-224
-70
16
18
-67
-200
-220
-180
-45
94
150
178
153
90
62
72
39
5
-82
-103
-61
-75
-81
-55
-139
-111
7
96
139
-49
-154
-285
-305
-273
-198
18
258
462
465
331
263
247
313
310
253
153
172
242
351
271
69
-35
-136
-192
-179
-117
-19
115
206
256
321
374
271
146
126
189
360
445
340
324
228
105
13
-76
-96
-110
-172
-346
-522
-548
-498
-421
-353
-311
-395
-454
-550
-622
-541
-476
-360
-176
42
172
223
151
42
6
-54
-115
-89
-79
-29
-3
-5
-19
-46
-138
-214
-134
-13
76
67
103
102
33
28
2
31
115
188
173
283
405
480
356
108
-77
-191
1
254
469
521
366
117
-24
-134
-104
-39
-71
-139
-253
-307
-407
-444
-388
-180
-22
38
24
15
43
82
128
23
-88
-163
-177
5
82
147
112
110
144
103
146
132
153
130
69
-39
-270
-354
-257
-77
125
229
196
130
-6
-113
-9
67
56
-7
-107
-28
101
276
376
384
374
225
31
-187
-212
-178
-35
92
79
-89
-290
-333
-228
2
86
-40
-296
-411
-293
-198
-182
-130
-62
49
143
175
145
7
-145
-279
-312
-130
24
156
207
298
296
218
118
45
38
54
138
104
191
241
273
154
87
-28
-67
-41
23
183
246
270
105
-190
-451
-424
-132
121
293
312
234
224
84
-150
-355
-508
-506
-306
-95
76
-11
-163
-290
-366
-354
-194
99
235
288
114
-79
-259
-308
-246
-100
93
263
331
241
124
74
59
100
186
277
352
162
31
-138
-120
-61
-15
7
-64
-98
-124
-118
-9
199
342
322
87
-94
-228
-192
-80
92
237
263
207
41
-40
31
162
197
177
63
-17
6
21
155
238
175
110
-23
-19
-35
-60
-141
-228
-252
-290
-412
-441
-398
-318
-159
-193
-207
-314
-370
-446
-431
-385
-296
-171
-43
68
7
-5
-10
-3
55
133
225
211
137
90
107
74
84
139
245
318
259
171
105
167
150
168
244
238
159
84
60
8
-6
16
104
158
141
-27
-209
-271
-138
41
146
151
157
166
171
99
17
53
46
-31
-169
-253
-322
-243
-3
218
295
322
247
222
143
56
-50
-112
-79
-50
-92
-152
-118
-31
65
63
4
49
91
41
-48
-206
-236
-197
-189
-201
-126
6
56
187
237
202
186
73
-47
-107
-173
-210
-283
-321
-299
-227
-70
-17
-51
-147
-230
-312
-217
0
97
73
19
-55
-28
21
49
183
356
491
423
286
152
15
-56
-103
-79
-20
-18
32
4
-36
-17
-43
-165
-300
-380
-276
-176
-61
45
151
211
136
55
14
38
61
149
237
245
161
65
15
32
84
42
-16
-92
-241
-388
-404
-345
-263
-122
-117
-102
-140
-169
-174
-135
-131
-75
20
61
103
76
138
151
56
71
110
154
177
92
46
103
103
66
69
12
23
64
168
316
423
454
491
525
380
329
311
256
167
-13
-206
-307
-328
-253
-205
-125
-72
-22
-42
-84
20
227
428
406
312
58
-109
-122
-65
42
235
308
322
247
127
-92
-295
-415
-386
-232
-165
-236
-292
-262
-198
-41
16
49
-111
-360
-574
-606
-422
-170
-53
64
48
-40
-94
-249
-318
-452
-461
-396
-297
-81
146
159
78
-129
-177
-162
-151
-21
18
93
25
-96
-119
-49
129
162
202
321
340
390
248
197
226
270
367
325
270
232
213
122
184
236
244
240
174
153
95
92
128
102
52
-93
-266
-319
-202
-96
-3
43
-35
-139
-308
-428
-371
-166
67
130
172
189
151
16
-156
-240
-308
-259
-205
-74
168
297
252
131
23
20
36
82
188
420
561
533
281
45
-86
-148
-143
-42
94
65
-82
-262
-342
-323
-253
-285
-271
-174
-136
-135
-161
-232
-90
84
154
156
105
-8
-102
-111
-2
124
100
62
66
102
144
111
77
72
-75
-226
-261
-159
-28
57
4
-96
-207
-264
-270
-170
7
107
121
-73
-228
-338
-313
-217
-142
13
189
236
111
-20
-68
-33
61
93
175
348
448
466
437
489
455
348
129
34
122
138
179
129
-3
-147
-268
-218
-45
-60
-104
-179
-143
19
150
164
15
-31
-46
17
23
-8
47
114
53
17
-24
-3
-29
-122
-120
-185
-252
-342
-392
-220
12
131
168
148
97
-2
-171
-240
-169
-69
-45
-45
-50
-105
-264
-489
-607
-485
-285
-6
212
224
152
-16
-237
-369
-403
-237
-53
-7
59
104
233
255
194
74
9
-10
26
294
552
630
526
378
243
125
127
175
305
358
267
63
-46
51
228
392
412
364
288
156
84
180
190
191
86
-69
-158
-234
-214
-272
-182
1
21
47
-119
-258
-326
-348
-276
-211
-125
-71
-37
52
118
117
107
-94
-241
-220
-214
-251
-251
-277
-363
-435
-409
-259
-92
-52
-209
-319
-267
-170
-215
-348
-392
-281
-95
91
202
279
266
223
262
262
211
94
-45
-150
-51
15
41
17
-21
47
84
2
-52
-74
20
181
303
494
486
394
229
97
53
0
-81
-169
-95
76
218
377
585
596
402
142
-64
-57
56
104
120
102
84
51
-42
-264
-287
-155
-58
-28
-13
35
38
-45
-172
-196
-179
-214
-210
-91
19
14
-43
26
166
328
317
152
86
-77
-158
-197
-161
-81
-54
42
1
-52
-49
-42
-145
-229
-249
-261
-248
-257
-225
-165
-155
-157
-78
49
178
256
155
42
4
28
-52
-127
-167
-239
-181
-84
71
226
192
139
113
178
301
254
71
-7
-51
-32
6
-15
22
-7
-95
-203
-204
-140
-105
-90
-180
-118
-134
-164
-173
-207
-341
-570
-760
-1812
-3250
-3403
-1277
2158
4627
4231
1447
-1167
-1379
491
2193
2158
982
101
116
417
159
-547
-953
-487
360
714
340
-294
-531
-315
-161
-114
-234
-65
272
575
234
-1625
-3045
-2586
745
4298
4462
1931
-1185
-2056
-327
1106
1285
522
-120
491
873
12
-886
-1274
-987
-414
-333
-624
-779
-1028
-2615
-5012
-5710
-4137
-1070
2077
3071
2046
-485
-3239
-4461
-4085
-1641
1763
3321
2519
537
-996
-862
-9
1328
3425
4990
5734
5233
3553
2202
1151
784
1186
1852
2670
3164
2852
2490
1733
469
-301
-1122
-1216
-337
975
1603
1042
255
-445
-842
-973
-823
-633
-173
554
1022
1348
1413
875
-350
-1027
-877
-280
532
966
1125
372
-796
-2304
-3610
-4085
-3998
-3689
-3213
-2923
-2893
-2859
-3285
-3989
-4466
-4354
-3542
-2433
-1111
-120
123
-110
-959
-1631
-1847
-1370
-98
1358
2256
2028
646
-1288
-2622
-2677
-1763
-361
885
1605
1583
892
77
-797
-1521
-1678
-1077
55
1324
2014
1817
714
-522
-1288
-1334
-768
22
673
791
553
97
-476
-1020
-1274
-1097
-481
241
763
890
702
585
290
-100
-272
-138
523
1238
1662
1595
1067
590
355
847
2039
3104
3919
3970
3328
2336
1678
1393
1588
2140
2806
3649
4282
4411
3886
3198
2889
2991
3608
4107
4241
3761
2934
1659
-32
-1291
-1859
-1651
-961
-113
762
1455
1762
1565
798
189
503
1802
3254
4238
3845
2458
847
-363
-1050
-1375
-1594
-1570
-1207
-737
-587
-1480
-2989
-4024
-3909
-2574
-863
148
-173
-1673
-3168
-3929
-3626
-2743
-1850
-1081
-536
-353
-981
-2207
-2991
-2913
-2275
-1507
-1460
-2240
-3354
-4232
-4315
-3870
-3061
-2156
-1555
-1519
-1868
-2252
-2345
-2312
-2312
-2503
-2876
-2887
-2633
-2327
-2039
-1737
-1548
-1479
-1657
-1934
-2164
-1953
-955
-290
197
209
-234
-682
-830
-50
668
1563
2553
2728
2538
1459
221
-1060
-1800
-1775
-1569
-587
331
955
957
226
33
112
362
256
100
313
1022
2512
3437
3539
3002
2266
2246
2850
4044
4886
5020
4797
4973
5475
5764
5505
4575
3335
2399
2063
2053
2070
1639
872
22
-544
-484
48
186
-197
-645
-977
-1179
-1526
-1812
-1757
-1490
-1305
-1479
-2142
-2658
-2643
-1991
-1129
-420
-323
-1172
-2185
-2508
-1874
-1128
-709
-849
-1327
-1473
-1242
-1008
-1042
-1038
-1159
-1594
-2130
-2692
-2830
-2370
-1152
354
1481
1756
1450
1198
1239
1785
2897
4009
4580
4430
3844
2999
2359
2157
2284
2678
3069
3199
2836
1972
606
-732
-1385
-1159
-489
508
1237
1620
1402
777
121
-325
-199
272
785
807
277
-455
-937
-1073
-1137
-783
-300
264
640
619
51
-980
-1801
-2352
-2337
-2079
-1796
-1844
-2199
-2673
-3363
-4185
-4757
-4737
-4077
-3070
-2097
-1430
-1120
-910
-662
-225
92
199
348
667
1020
1211
1195
1331
1706
2012
2206
2134
1945
1884
1979
2006
1695
938
-67
-905
-1159
-842
-550
-758
-1436
-2198
-2779
-3172
-3170
-2755
-1897
-1108
-474
-286
-860
-1743
-2400
-2650
-2335
-1340
-82
726
840
461
-304
-1048
-1666
-1816
-1394
-399
1022
2268
2768
2187
1044
44
-352
74
902
1593
2175
2398
2189
1768
1422
1301
1512
2067
2737
3480
3902
3430
2024
382
-435
179
1628
3094
4014
4032
3382
2522
1872
1304
858
781
1090
1713
2101
1532
-227
-2412
-3842
-3814
-2191
164
1949
2516
1861
619
-507
-1036
-1489
-2175
-2569
-2260
-1220
-309
-194
-865
-1729
-2292
-2378
-2147
-1881
-1706
-1612
-1732
-2012
-2379
-2681
-2681
-2360
-1685
-1026
-557
-812
-1812
-2932
-3643
-3522
-2801
-1868
-1217
-947
-919
-975
-953
-553
138
814
1450
1838
1926
1760
1391
777
98
-321
-254
206
807
1360
1516
1491
1206
694
170
-6
390
1207
2148
2516
2261
1284
73
-582
-486
43
661
1253
1851
2200
2210
1398
-62
-1278
-1874
-1716
-1193
-555
-283
-680
-1286
-1674
-1698
-1309
-549
330
997
1502
1864
2010
2095
2380
2658
2668
2395
2177
1922
1710
1663
1390
862
350
189
118
307
612
607
291
-66
-245
-194
-126
-262
-439
-511
-461
-669
-1089
-1431
-1741
-1646
-1246
-906
-463
-252
-264
-278
-190
-102
-202
-174
179
524
804
973
953
854
898
1084
1256
1297
1267
1046
686
361
26
-469
-992
-1320
-1349
-1180
-1005
-1019
-1121
-1153
-1154
-1281
-1441
-1449
-1287
-868
-449
-360
-801
-1466
-2164
-2625
-2495
-2041
-1696
-1378
-1042
-832
-479
-151
303
728
838
859
919
952
897
572
-19
-426
-326
97
468
854
1096
915
247
-407
-610
-270
295
742
814
465
55
-337
-650
-855
-759
-380
-204
-31
355
658
835
965
1015
871
659
475
407
555
660
558
187
-58
-19
160
387
473
630
906
1215
1368
1283
976
486
-43
-627
-1047
-1089
-1098
-1203
-1179
-1150
-1104
-885
-539
-72
322
320
-147
-644
-728
-661
-748
-834
-877
-717
-597
-334
54
403
732
944
990
806
722
754
856
1020
1180
1400
1587
1564
1366
1028
864
969
1316
1600
1640
1336
873
467
180
69
122
226
347
295
-5
-306
-799
-1092
-1194
-1076
-546
96
452
227
-507
-1518
-2501
-3094
-3051
-2473
-1820
-1532
-1345
-1240
-926
-452
11
514
780
869
752
760
1186
1818
2146
1833
1057
564
402
395
218
-539
-1558
-2183
-1760
-768
423
1193
1356
1105
643
406
163
-29
-322
-494
-538
-523
-328
-226
-231
-476
-882
-1307
-1424
-1251
-950
-763
-599
-555
-760
-1051
-1457
-1499
-1345
-1032
-588
-109
387
494
351
268
327
510
593
709
693
657
558
96
-489
-743
-375
318
900
1054
971
697
485
379
431
681
946
1277
1404
1293
984
392
-233
-580
-559
-119
421
825
886
812
532
143
-21
69
525
1052
1477
1687
1728
1583
1258
770
301
50
123
389
610
695
523
214
-161
-512
-740
-843
-834
-702
-470
-184
10
88
4
139
501
832
985
732
107
-564
-1061
-1317
-1345
-1219
-1136
-1205
-1363
-1520
-1465
-1245
-928
-746
-704
-747
-913
-964
-906
-699
-411
-200
-112
-297
-609
-928
-919
-494
-132
63
52
65
429
791
1007
874
504
232
67
114
274
431
508
324
-20
-524
-869
-821
-743
-809
-904
-969
-985
-900
-582
26
567
685
397
-248
-726
-685
-460
-74
300
391
237
74
154
500
866
997
1002
1108
1274
1501
1407
1100
833
517
411
443
663
891
1047
1062
892
611
328
-2
-403
-609
-804
-786
-687
-621
-485
-616
-723
-863
-1010
-996
-803
-355
130
548
541
332
179
191
447
728
1054
1152
1115
1046
984
968
954
864
680
435
148
-76
-96
-34
33
34
-152
-350
-425
-165
-74
-335
-699
-1074
-1187
-1059
-792
-581
-504
-534
-672
-756
-845
-812
-745
-731
-635
-564
-514
-375
6
334
456
469
239
-9
-152
-223
-214
-15
428
704
834
699
471
315
274
229
230
456
811
1094
1300
1291
1123
891
504
77
-231
-258
-99
163
434
534
467
311
137
133
404
637
721
508
14
-506
-977
-1322
-1506
-1506
-1262
-911
-540
-345
-399
-665
-917
-1132
-1238
-1243
-1130
-923
-846
-774
-722
-793
-861
-844
-871
-899
-796
-517
-192
48
75
-8
16
182
349
499
663
887
1064
1153
1162
1141
999
741
593
475
514
651
720
826
843
771
730
705
760
602
268
-181
-510
-543
-458
-264
-141
-147
-206
-291
-354
-392
-320
-200
-192
-174
-130
-14
192
296
298
263
254
154
11
-66
-56
49
136
142
106
-153
-457
-768
-859
-781
-575
1
454
643
456
32
-548
-949
-884
-610
-79
333
448
447
520
738
1027
1073
862
679
622
651
760
901
1000
1108
1171
1031
792
568
312
16
-356
-600
-837
-1000
-1103
-969
-931
-1222
-1567
-1861
-1860
-1621
-1161
-725
-127
323
503
393
151
-17
-175
-418
-784
-796
-470
72
568
838
1127
1556
1901
2086
2034
2003
2067
1987
1526
837
318
162
186
61
-307
-695
-920
-942
-855
-752
-664
-585
-478
-408
-354
-467
-790
-1136
-1556
-1994
-2152
-2153
-1988
-1704
-1509
-1417
-1479
-1682
-1835
-1815
-1643
-1336
-828
-83
622
975
794
269
-191
-450
-497
-246
-16
94
309
376
472
638
856
1045
1086
1179
1280
1377
1554
1677
1668
1626
1615
1530
1308
1251
1440
1655
1809
1762
1424
953
719
685
776
890
813
780
668
680
705
670
610
492
363
140
-16
61
366
610
603
494
132
-343
-686
-907
-873
-872
-873
-966
-1051
-1155
-1256
-1351
-1421
-1560
-1686
-1705
-1778
-1737
-1663
-1405
-1168
-1021
-801
-665
-588
-609
-736
-919
-1137
-1267
-1203
-997
-529
-40
298
503
566
509
339
193
203
393
563
713
815
1068
1228
1410
1432
1343
1140
989
897
838
928
888
866
802
830
832
768
479
243
161
75
98
-8
-137
-294
-500
-737
-880
-953
-740
-505
-347
-274
-344
-483
-700
-1029
-1312
-1475
-1579
-1511
-1383
-1177
-858
-435
83
540
730
565
184
-243
-763
-1063
-1218
-1299
-1378
-1431
-1428
-1309
-921
-359
248
597
857
1052
1287
1491
1683
1795
1652
1400
1248
1068
913
787
744
719
650
613
544
514
437
334
85
-60
-188
-164
12
240
530
669
721
684
630
578
530
481
357
350
301
188
101
59
109
24
-233
-342
-253
-250
-360
-426
-313
-79
282
585
782
692
420
26
-519
-1011
-1205
-1000
-530
49
443
688
734
603
411
240
47
-222
-498
-724
-682
-546
-383
-299
-382
-541
-732
-840
-802
-646
-596
-565
-561
-646
-722
-771
-689
-655
-574
-564
-721
-771
-782
-909
-1038
-1058
-879
-507
-191
85
221
346
522
600
768
927
1137
1212
1140
1037
911
812
826
931
1018
959
801
564
460
496
356
-30
-455
-674
-563
-178
207
356
317
-147
-655
-981
-1163
-1243
-1355
-1223
-1110
-923
-745
-638
-421
-137
86
134
179
238
346
444
374
334
375
439
569
683
1026
1414
1593
1515
1229
876
574
336
204
265
448
666
626
487
351
267
199
268
451
651
749
658
575
574
516
482
466
418
377
94
-261
-552
-652
-534
-432
-270
-135
-75
-128
-259
-391
-561
-676
-933
-1166
-1322
-1326
-1280
-1207
-1171
-1239
-1341
-1525
-1627
-1494
-1378
-1309
-1241
-1113
-849
-615
-408
-216
-161
-34
-27
20
106
266
425
398
231
68
-81
-213
-222
-231
-247
-420
-485
-499
-344
-81
173
319
366
525
565
482
481
504
586
606
609
765
1188
1688
2117
2300
2222
1860
1298
976
1018
1273
1405
1299
814
310
-58
-287
-528
-583
-507
-392
-352
-429
-436
-502
-655
-792
-809
-699
-521
-239
10
299
583
829
892
859
810
672
545
349
214
78
-61
-214
-277
-256
-166
-30
-96
-186
-262
-291
-350
-382
-336
-215
22
119
-14
-284
-565
-867
-1106
-1360
-1433
-1350
-1149
-905
-740
-666
-673
-769
-845
-911
-930
-737
-556
-507
-434
-450
-426
-327
-185
-72
-55
-141
-390
-559
-496
-227
160
570
852
1042
1058
1037
1059
1287
1606
1767
1747
1628
1480
1418
1288
1121
1043
943
830
422
60
-214
-375
-337
-243
-140
-21
-40
-319
-630
-904
-913
-961
-1024
-1090
-996
-821
-537
-66
531
1006
973
602
83
-416
-985
-1415
-1412
-1021
-317
435
943
1308
1556
1638
1446
1093
800
619
486
328
219
202
178
159
-42
-175
-308
-671
-1259
-1730
-1959
-1889
-1574
-1266
-863
-650
-511
-487
-570
-547
-458
-280
-136
-99
-43
-185
-348
-399
-279
-121
62
349
627
991
1145
1093
860
535
322
259
343
613
759
830
748
577
450
249
141
116
329
526
670
701
481
230
-16
-243
-302
-267
-230
-150
-76
47
112
119
241
457
598
587
419
82
-216
-251
-250
-301
-416
-591
-697
-792
-810
-722
-675
-613
-601
-610
-512
-457
-433
-405
-405
-440
-363
-288
-249
-313
-390
-384
-321
-128
44
187
209
274
235
117
-48
-94
-35
29
142
206
224
327
365
191
-96
-340
-293
-175
-150
-116
-97
-48
68
227
543
801
905
1016
1119
1133
1039
892
711
587
452
439
482
561
566
495
419
213
62
-108
-331
-477
-426
-351
-290
-365
-566
-667
-730
-851
-1062
-1311
-1357
-1213
-996
-836
-803
-802
-742
-633
-334
-13
196
315
373
387
354
265
115
97
121
195
145
79
63
96
143
287
334
316
166
-50
-145
-112
203
453
453
410
463
726
1099
1279
1236
1102
984
867
725
591
541
451
326
118
-209
-472
-581
-677
-735
-629
-635
-574
-481
-417
-276
-116
-68
-46
-83
-82
44
89
10
-12
78
267
493
714
882
898
702
616
594
472
333
97
-140
-352
-299
-157
-49
9
-30
-150
-381
-534
-622
-684
-555
-582
-652
-626
-559
-411
-348
-315
-371
-496
-578
-568
-553
-468
-426
-431
-414
-315
-282
-340
-393
-462
-357
-319
-251
-183
-234
-300
-412
-380
-318
-166
15
-5
-142
-184
-216
-146
-13
71
190
392
568
637
527
336
341
327
269
229
159
96
7
-111
-206
-266
-324
-369
-317
-174
-103
-127
-318
-532
-611
-527
-295
-17
348
698
967
1001
961
814
764
725
666
676
792
976
1149
1284
1175
1108
955
779
577
350
242
198
116
-5
23
31
-20
-224
-395
-383
-368
-318
-425
-467
-533
-630
-582
-498
-339
-212
-259
-298
-205
-40
119
247
256
182
125
-65
-100
-207
-263
-134
-27
187
298
406
421
422
395
353
356
311
275
273
328
307
270
275
286
413
317
14
-356
-681
-665
-574
-436
-430
-468
-497
-487
-511
-629
-782
-848
-786
-742
-603
-635
-734
-887
-1043
-1070
-874
-719
-644
-593
-498
-300
-148
-190
-316
-256
-248
-176
-189
-290
-489
-555
-661
-654
-470
-310
-158
-194
-165
-122
65
328
504
578
656
780
925
1030
1055
953
889
779
660
525
529
637
766
921
971
915
921
1063
1089
1021
1089
984
836
740
682
668
584
480
381
383
373
345
321
283
192
106
-124
-140
-4
91
127
-62
-146
-273
-403
-540
-657
-617
-445
-324
-330
-316
-423
-545
-693
-867
-988
-914
-771
-609
-404
-226
-154
-78
-37
63
227
346
294
264
317
373
434
443
385
301
171
69
58
88
-23
-307
-599
-861
-1001
-948
-909
-983
-1119
-1246
-1292
-1413
-1611
-1797
-1933
-1904
-1790
-1401
-909
-638
-523
-597
-553
-454
-235
21
232
335
376
588
839
1014
1067
1089
1016
899
742
602
540
563
640
690
803
942
1106
1176
1139
1165
1257
1310
1294
1076
779
643
616
654
671
686
713
738
728
781
760
590
355
182
182
152
39
-26
17
272
399
376
307
352
165
-107
-420
-531
-396
-297
-218
-331
-503
-643
-779
-903
-1037
-1097
-1024
-1001
-944
-843
-687
-619
-522
-409
-172
90
145
-99
-407
-624
-693
-656
-679
-737
-908
-1214
-1412
-1422
-1190
-831
-583
-361
-89
97
202
340
608
909
947
680
271
-85
-299
-365
-292
-191
-1
295
548
838
995
1033
1039
1018
1132
1125
1128
1062
932
853
816
739
595
408
266
287
488
561
478
428
301
194
51
-89
-141
-214
-200
-153
-58
65
36
-127
-352
-534
-656
-703
-679
-617
-646
-690
-661
-620
-661
-711
-744
-864
-996
-1079
-1120
-1052
-1000
-878
-806
-731
-524
-422
-323
-208
-124
-166
-284
-365
-242
56
131
27
-59
-46
206
426
455
439
326
315
393
549
665
707
670
701
681
692
641
543
328
189
-5
-232
-230
-160
54
329
652
895
953
684
433
278
221
326
498
784
916
938
879
772
646
701
713
611
540
455
492
538
568
717
711
422
48
-355
-513
-322
-101
75
258
268
124
-158
-446
-727
-911
-1018
-1190
-1296
-1415
-1592
-1853
-2046
-1933
-1648
-1376
-1278
-1137
-1044
-1086
-1259
-1359
-1236
-1050
-872
-808
-571
-262
25
156
343
676
1061
1231
1159
1028
887
924
888
813
840
812
672
339
164
295
503
675
748
797
702
590
552
559
631
706
699
615
670
800
825
754
752
775
695
678
614
614
519
373
266
208
243
51
-267
-547
-593
-413
-146
-49
-200
-404
-710
-901
-1015
-977
-912
-915
-949
-1123
-1187
-1302
-1345
-1242
-1091
-885
-862
-951
-1118
-1263
-1400
-1553
-1424
-878
-242
251
427
404
404
383
362
383
380
340
379
366
314
370
604
854
888
843
683
549
500
518
657
745
904
942
943
936
945
902
575
190
-136
-297
-285
-58
143
195
162
70
123
259
309
342
320
352
550
713
749
701
549
476
300
58
-111
-236
-309
-466
-648
-825
-807
-762
-815
-764
-702
-572
-416
-499
-432
-248
-51
93
-35
-167
-357
-489
-556
-545
-375
-253
-252
-506
-799
-816
-762
-880
-983
-838
-635
-479
-433
-275
-50
175
198
101
174
274
435
522
571
667
677
493
297
213
430
739
814
667
434
228
73
-68
-103
152
364
385
370
375
328
271
147
235
447
659
671
510
454
450
351
159
107
191
367
413
358
108
-72
-354
-593
-631
-459
-279
-225
-252
-274
-60
123
200
47
-178
-529
-985
-1141
-968
-713
-443
-376
-351
-279
-151
52
183
134
135
94
-58
-53
105
393
559
582
494
511
620
701
708
628
510
462
412
397
518
422
357
283
364
505
465
272
85
-71
-380
-577
-648
-571
-461
-449
-473
-454
-350
-206
-255
-378
-513
-536
-506
-524
-557
-647
-720
-839
-1035
-1173
-1171
-1137
-1120
-1093
-997
-891
-768
-632
-491
-364
-183
7
146
156
26
-29
35
228
313
342
348
422
596
712
729
763
769
651
560
502
621
841
862
917
856
871
942
1065
1132
1233
1254
1069
942
717
586
421
206
-38
-151
-362
-688
-941
-945
-694
-468
-260
-114
-8
75
-11
-32
-53
77
129
154
205
307
276
101
-29
-126
-54
16
38
79
62
40
46
-46
-36
-42
-91
-192
-263
-288
-242
-187
-137
-171
-151
-80
-141
-185
-260
-248
-358
-446
-501
-548
-423
-260
-222
-102
-105
-189
-239
-309
-241
-219
-156
-99
-162
-261
-333
-333
-272
-94
-64
-163
-292
-419
-390
-379
-385
-446
-373
-259
-192
-6
118
186
187
58
-112
-215
-240
-196
-124
-8
50
-15
-26
18
-109
-265
-383
-386
-249
-69
113
300
364
329
308
213
186
202
156
31
4
4
63
77
60
163
268
401
503
571
694
892
1005
1076
1014
945
967
896
924
998
1068
1033
905
784
733
831
912
760
642
539
440
248
77
62
-59
-117
-179
-25
214
190
-97
-481
-727
-841
-837
-723
-750
-843
-808
-697
-649
-555
-541
-648
-746
-783
-712
-565
-410
-402
-411
-460
-587
-556
-497
-422
-379
-502
-541
-474
-345
-196
-146
-301
-460
-451
-407
-383
-408
-466
-633
-888
-1161
-1129
-902
-742
-576
-453
-304
-201
-136
-32
10
151
241
305
427
474
358
421
635
881
1014
1007
974
821
790
777
738
687
616
554
617
695
706
815
922
852
681
328
66
-64
-111
-66
97
359
439
447
310
168
125
130
380
489
510
436
116
-233
-546
-768
-911
-910
-817
-824
-810
-770
-658
-521
-416
-204
17
99
128
230
304
468
588
651
582
397
278
295
322
355
277
236
302
319
407
346
229
42
-109
-99
36
96
63
-52
-76
-59
-12
59
73
101
135
131
59
46
-48
-299
-489
-599
-605
-569
-521
-507
-637
-585
-542
-519
-536
-626
-614
-619
-649
-664
-483
-344
-208
-142
-141
-232
-316
-439
-467
-293
-267
-295
-362
-313
-212
-126
36
186
304
375
421
312
148
-30
-261
-456
-641
-831
-994
-1146
-1257
-1232
-937
-354
214
537
705
763
966
1208
1395
1528
1540
1515
1391
1194
1177
1271
1254
1208
1105
1007
899
855
747
673
609
507
376
237
297
348
321
363
316
144
54
-107
-357
-598
-739
-752
-738
-690
-490
-280
-264
-394
-488
-506
-415
-333
-329
-208
-179
-344
-445
-513
-375
-229
-161
-157
-178
-169
-172
-233
-295
-339
-361
-425
-442
-301
-279
-235
-243
-239
-251
-193
-11
127
226
298
264
179
34
-117
-428
-902
-1435
-1788
-2036
-2138
-2016
-1778
-1443
-1152
-799
-557
-391
-144
101
273
511
596
689
741
852
953
1093
1203
1263
1246
1095
946
777
759
749
744
564
373
295
359
527
611
686
696
699
749
676
607
623
593
691
665
713
718
713
785
856
1023
975
933
807
735
656
438
231
81
-27
-61
-36
6
-60
-177
-313
-524
-521
-459
-480
-659
-804
-935
-1046
-1025
-970
-915
-895
-891
-972
-1128
-1234
-1338
-1347
-1238
-1101
-873
-648
-556
-538
-463
-352
-275
-308
-188
-6
117
184
175
184
73
-78
-264
-282
-164
-4
49
134
232
76
-158
-485
-561
-478
-342
-78
62
150
124
118
231
356
414
344
364
482
570
562
617
748
835
930
957
958
843
791
674
535
445
376
434
463
456
413
391
361
383
518
552
525
365
188
88
109
88
46
63
-32
-142
-389
-673
-886
-929
-894
-1151
-1381
-1569
-1657
-1642
-1677
-1572
-1447
-1347
-1144
-925
-760
-549
-350
-222
17
281
477
710
695
592
398
292
318
469
674
847
965
1019
1096
1157
1194
1176
1225
1207
1123
1011
889
821
911
944
874
703
607
573
387
297
105
-79
-75
70
386
584
507
460
477
443
519
550
648
583
317
108
-171
-287
-261
-327
-434
-587
-649
-862
-1107
-1306
-1456
-1454
-1298
-1099
-912
-817
-844
-942
-926
-869
-792
-765
-891
-1034
-1103
-1003
-897
-658
-330
55
73
-242
-615
-787
-744
-574
-463
-476
-482
-546
-702
-849
-848
-814
-736
-736
-745
-700
-552
-338
-116
156
440
521
629
856
984
1163
1323
1388
1334
1226
1049
835
867
849
794
653
451
441
484
593
613
708
781
910
880
754
694
692
724
711
586
338
143
45
78
214
328
330
285
128
-69
-249
-421
-534
-583
-648
-619
-577
-578
-512
-587
-641
-726
-756
-745
-598
-363
-203
-184
-236
-308
-278
-112
-9
133
326
526
561
630
497
452
381
251
308
398
544
436
245
89
163
231
229
262
238
383
496
394
251
178
121
205
163
46
-9
-129
-85
69
264
338
277
164
84
118
53
-7
-31
-122
-220
-321
-411
-540
-495
-386
-277
-176
-249
-322
-313
-371
-315
-285
-362
-560
-915
-1064
-1033
-851
-804
-817
-850
-690
-343
-85
106
195
54
-100
-292
-386
-290
-7
348
604
628
555
416
219
168
226
246
173
6
-276
-515
-677
-804
-758
-460
-216
-135
-172
-198
-69
110
220
156
-6
-90
-9
94
166
321
408
561
678
725
760
756
731
706
742
766
834
757
600
524
525
519
456
330
204
37
-108
-152
26
194
285
172
-9
-138
-204
-239
-341
-334
-229
-68
68
223
196
86
-134
-397
-584
-497
-244
-53
51
33
18
14
9
33
48
110
141
157
69
-10
-90
-231
-332
-542
-640
-648
-543
-379
-211
-237
-300
-449
-496
-402
-348
-398
-492
-456
-354
-113
53
128
94
-74
-224
-290
-256
-179
-123
-185
-301
-331
-248
-70
14
110
113
138
167
217
435
465
316
175
79
-105
-92
-23
48
139
172
234
284
519
701
788
678
508
449
431
417
399
351
183
115
126
178
301
339
322
143
60
-48
-115
-188
-305
-324
-304
-188
-94
-17
-46
-113
-296
-464
-385
-191
-66
-127
-138
-78
-67
-118
-37
80
187
178
120
82
-96
-302
-349
-345
-249
-209
-300
-391
-481
-447
-478
-286
-26
168
208
89
61
53
95
91
-51
-74
71
222
317
347
366
281
127
-5
-128
-143
18
149
131
119
161
275
304
205
201
247
242
164
188
265
329
362
441
527
560
529
307
201
144
112
108
151
128
64
16
-118
-227
-169
-66
-25
-110
-241
-249
-274
-310
-400
-318
-131
59
104
-2
-114
-235
-281
-345
-355
-350
-365
-340
-334
-279
-270
-234
-168
-64
69
76
148
161
255
324
286
168
-10
-61
3
54
-126
-227
-281
-211
-213
-260
-331
-409
-343
-347
-284
-183
-76
31
-9
-217
-393
-422
-338
-288
-196
-70
-52
-101
-175
-66
106
239
165
-40
-163
-270
-247
-199
-72
111
328
431
458
519
567
548
464
358
276
240
162
57
78
184
146
76
46
141
269
253
79
-99
-284
-288
-290
-274
-244
-125
-60
-78
-105
-246
-292
-218
-97
15
165
311
422
402
329
131
60
25
-73
-118
-72
-5
41
123
175
203
162
129
38
-112
-258
-283
-188
-43
74
38
-21
160
431
601
689
617
570
566
517
409
152
-107
-189
-100
7
40
15
-4
-66
-87
-158
-241
-392
-516
-536
-522
-310
-39
88
125
50
-107
-157
-143
-156
-100
-191
-234
-247
-277
-190
-73
110
115
-45
-235
-333
-284
-241
-156
-95
36
146
249
324
241
101
-57
-86
-24
19
130
275
288
360
411
445
395
237
169
35
-4
34
204
345
331
241
147
115
150
223
182
32
-150
-355
-463
-373
-213
-172
-191
-339
-415
-457
-409
-297
-312
-337
-312
-280
-246
-131
55
281
341
247
176
120
29
-78
-208
-134
-2
45
25
-151
-256
-301
-332
-331
-230
-195
-181
-114
-17
96
263
309
391
324
174
8
-178
-222
-123
59
55
-71
-134
-151
50
214
177
19
-136
-245
-350
-360
-233
-64
-15
-18
-76
-143
-188
-170
-112
-26
7
-35
-70
79
232
391
503
588
520
339
132
5
-28
56
142
190
110
93
94
79
90
59
168
272
205
123
85
150
283
288
174
181
264
367
377
301
271
280
384
346
305
251
253
263
202
150
106
79
-59
-179
-287
-311
-291
-283
-265
-295
-373
-463
-335
-192
-8
49
45
-5
-89
-186
-358
-451
-484
-514
-576
-690
-673
-579
-553
-565
-620
-583
-574
-717
-934
-1068
-983
-673
-405
-225
-138
27
341
643
790
763
586
383
334
310
430
523
522
542
560
621
640
626
612
554
381
176
103
75
61
129
171
220
203
180
16
-111
-182
-230
-192
-244
-232
-166
-62
108
227
208
156
83
15
69
181
281
447
577
649
644
489
342
132
-72
-178
-166
-118
-14
-62
-297
-586
-726
-769
-683
-432
-335
-198
-107
-54
-86
-37
-67
-97
-112
-118
-75
15
130
153
97
44
-12
88
216
296
410
335
318
287
382
494
514
424
209
139
69
-46
-71
-79
-6
116
162
199
63
-107
-255
-354
-288
-273
-330
-290
-296
-231
-114
-28
-74
-301
-443
-521
-606
-693
-763
-694
-652
-483
-344
-244
-178
-269
-261
-212
-84
59
99
172
167
76
-105
-108
-68
82
375
408
191
-56
-275
-374
-418
-324
-160
-97
-13
86
127
56
-91
-175
-61
106
143
85
102
149
146
84
151
184
372
580
622
634
507
401
400
397
340
294
250
202
164
83
81
83
139
95
-86
-74
28
213
389
450
447
444
266
44
-61
-118
-139
2
129
171
117
106
82
63
9
-120
-254
-390
-437
-416
-352
-270
-170
-171
-68
-26
-109
-135
-140
-200
-190
-153
-119
-10
-33
-185
-188
6
313
472
316
30
-150
-279
-302
-144
154
326
334
47
-184
-201
-94
4
95
241
253
285
206
86
16
51
86
100
88
91
-26
75
172
154
83
-90
-174
-274
-347
-451
-466
-535
-565
-605
-614
-532
-305
2
127
141
102
116
220
224
219
115
70
109
269
400
473
386
167
-92
-172
-40
100
116
92
18
-9
-62
-111
-43
-20
-57
-203
-283
-354
-185
-6
107
128
109
23
-79
-154
-284
-342
-402
-457
-485
-390
-277
-90
38
-9
23
152
231
276
285
299
161
-93
-190
-202
-34
156
167
178
142
142
118
25
-85
-208
-268
-227
-136
29
214
187
81
-81
-191
-293
-435
-485
-400
-125
16
146
196
219
294
283
271
188
115
61
-25
-22
103
224
379
346
203
179
261
284
220
213
194
141
141
196
314
393
420
394
361
276
277
259
326
446
410
225
1
-53
36
250
386
370
289
96
-63
-138
-108
-19
27
16
-76
-28
30
3
-33
-176
-248
-280
-325
-345
-323
-185
-87
-240
-459
-615
-600
-479
-382
-266
-177
-264
-449
-515
-396
-269
-264
-362
-441
-389
-286
-244
-266
-230
-135
-135
-110
-37
84
205
160
89
113
96
-32
-106
-172
-191
-67
-30
-33
-74
-50
-126
-230
-244
-141
42
128
86
26
37
106
165
234
281
282
248
217
280
355
301
172
120
156
260
271
275
231
183
145
77
-8
-31
-1
68
143
214
340
300
201
104
28
72
102
-15
-158
-189
-192
-166
-94
29
81
-59
-141
-158
-38
164
178
159
47
-31
-58
-103
-144
-27
81
193
310
308
284
246
209
149
68
-2
-127
-119
2
108
210
160
24
-132
-176
-225
-186
-174
-173
-167
-210
-154
-141
-134
-203
-323
-379
-330
-252
-282
-323
-380
-429
-375
-423
-416
-329
-120
-69
-81
-100
52
284
401
370
357
336
179
-5
-210
-178
-71
45
162
261
296
243
175
41
-41
-20
63
121
151
186
183
265
278
266
150
-26
-189
-202
-63
26
13
-151
-285
-261
-206
-183
-107
36
172
121
-51
-73
11
62
26
-37
-122
-78
-49
-115
-63
-95
-77
-96
-13
116
154
179
128
135
237
267
265
221
188
180
116
0
69
334
481
371
207
129
51
57
69
111
228
303
204
114
23
-66
-103
-203
-188
-175
-115
-62
-74
-5
60
10
-187
-299
-330
-166
-126
-155
-28
20
-1
-81
-173
-125
-56
-88
-147
-191
-230
-278
-368
-409
-185
143
365
336
160
22
-43
-20
7
183
317
296
208
91
104
135
112
77
129
159
154
