501
613
793
1153
1446
1472
1422
1216
842
364
-186
-930
-1700
-2301
-2362
-1856
-1139
-530
-110
203
594
795
685
334
-16
18
148
405
441
41
-385
-784
-847
-747
-656
-400
-60
382
728
1083
1333
1210
993
837
717
423
221
-20
-388
-294
17
187
392
497
487
621
706
899
1198
1508
1730
1875
1912
1681
1226
815
405
308
424
435
347
138
-34
-200
-336
-465
-505
-398
-48
260
293
10
-420
-668
-824
-882
-962
-1124
-1440
-1795
-2035
-2134
-2155
-2067
-1813
-1474
-1096
-901
-964
-1032
-1105
-1020
-952
-1075
-1290
-1404
-1083
-692
-362
-144
90
441
604
578
303
-51
-190
-29
315
276
192
20
10
233
427
682
838
1167
1509
1723
1752
1388
963
664
571
695
647
500
407
543
723
747
571
279
203
624
1119
1362
1244
708
259
45
-51
21
4
73
311
697
862
515
53
-431
-766
-1014
-1077
-799
-503
170
605
760
668
439
280
344
621
826
881
667
345
102
32
-77
-414
-856
-1341
-1548
-1307
-897
-343
-288
-198
-38
282
578
387
120
-199
-319
-358
-336
-440
-525
-528
-630
-638
-898
-1400
-1833
-1780
-1347
-832
-645
-789
-1113
-1224
-1024
-837
-737
-765
-590
-128
367
852
1000
1040
1178
1359
1500
1232
798
313
-85
-115
-71
-132
-377
-772
-802
-441
41
395
560
797
1108
1423
1605
1568
1459
1371
1274
1192
740
400
74
-203
-359
-485
-408
-262
-23
33
331
544
782
845
799
879
701
559
306
344
502
870
963
840
486
-69
-462
-888
-1089
-1232
-1116
-801
-521
-533
-730
-1006
-1197
-1137
-1026
-824
-691
-523
-321
-197
-128
-239
-225
-217
-300
-408
-604
-809
-813
-579
-136
162
-92
-744
-1393
-1850
-1845
-1516
-1127
-687
-334
153
558
915
1107
1163
1137
838
672
389
182
-34
-266
-473
-668
-644
-640
-492
-441
-382
-330
-513
-519
-448
-51
589
1080
1290
1041
524
307
325
507
813
962
1225
1438
1542
1304
759
116
-305
-77
520
1334
1668
1510
1119
715
510
380
143
36
182
493
893
973
856
535
201
-49
-236
-343
-231
79
296
464
331
117
-135
-36
191
618
923
721
497
116
-31
-207
-623
-1125
-1574
-1901
-2133
-2058
-1958
-1731
-1385
-1048
-650
-578
-504
-533
-479
-180
-204
-287
-590
-920
-989
-790
-480
-263
-264
-464
-717
-674
-545
-566
-688
-826
-957
-777
-563
-318
-115
-199
-84
57
413
712
670
648
570
720
846
759
436
244
162
353
847
910
836
604
338
233
141
-65
-232
-305
-110
267
725
959
1053
1012
957
1011
1217
1472
1631
1542
1384
1296
969
563
-19
-570
-1014
-1205
-1192
-1009
-655
-253
63
300
392
473
608
551
435
264
143
94
248
478
646
703
578
146
-256
-476
-690
-719
-722
-685
-599
-633
-531
-478
-600
-719
-839
-850
-744
-555
-386
-158
-74
-15
-39
-76
-159
-452
-627
-752
-562
-112
157
141
-1
-31
331
628
658
317
-269
-832
-1226
-1274
-1162
-930
-556
-253
81
195
143
181
255
401
538
568
394
214
-16
-34
1
196
444
415
144
-286
-710
-984
-874
-598
-51
420
733
990
989
929
882
940
852
545
14
-226
20
387
697
706
618
547
394
300
144
149
87
40
184
161
-43
-389
-774
-1055
-1141
-998
-733
-412
-139
-96
-154
-95
-2
145
231
-12
-296
-479
-347
52
544
929
952
564
84
-383
-781
-1132
-1140
-981
-695
-387
-189
-50
-137
-166
-310
-536
-757
-829
-508
-72
251
571
595
586
496
356
252
81
15
-171
-132
-151
-145
-39
-28
181
417
627
574
189
-91
-201
-21
254
518
726
722
792
650
369
166
10
29
75
135
64
138
333
636
953
996
772
670
402
150
-81
-184
-149
114
576
717
767
626
519
447
447
308
118
15
110
250
409
503
520
549
505
452
163
-117
-288
-358
-298
-367
-299
-234
-9
230
242
98
-362
-683
-859
-709
-445
-420
-499
-675
-703
-730
-746
-676
-791
-1020
-1182
-1231
-1097
-786
-504
-461
-539
-684
-687
-698
-531
-349
-176
-7
112
176
-208
-848
-1649
-2274
-2293
-1951
-1377
-858
-588
-344
-591
-817
-1228
-1440
-1339
-1114
-781
-571
-359
-259
-149
78
333
638
650
399
91
-92
115
507
999
1224
1113
957
829
950
1125
1245
1249
1074
847
817
896
1058
1248
1340
1242
1146
1055
756
436
160
122
269
562
745
771
619
338
71
-176
-15
302
605
867
997
1125
1224
1343
1374
1388
1283
996
804
769
953
1242
1633
1820
1955
1957
1884
1600
1481
1370
1292
1329
1145
961
568
206
29
64
270
416
459
356
141
-63
-81
-65
-71
-267
-601
-928
-1044
-924
-589
-462
-590
-777
-1196
-1513
-1606
-1587
-1330
-1086
-1083
-1196
-1338
-1377
-1458
-1451
-1479
-1531
-1607
-1677
-1704
-1803
-1770
-1536
-1184
-1056
-1215
-1723
-1947
-1923
-1847
-1978
-2383
-2699
-2572
-1974
-1555
-1562
-1994
-2268
-1998
-1262
-584
-578
-980
-1587
-1775
-1372
-1051
-994
-1457
-1793
-1385
-259
1037
1656
1376
536
-99
-126
180
318
18
-370
-596
-497
41
622
693
137
-1026
-2559
-4382
-6069
-7107
-7481
-6841
-5843
-4466
-2791
-916
1007
2378
3036
3025
2867
3065
3871
5160
6281
7233
7995
8756
9563
10131
10101
9365
8272
7218
6305
5657
5172
4816
4609
4417
4129
3691
2980
2033
834
-332
-1195
-1899
-2084
-1872
-1513
-1224
-1094
-1416
-2035
-2534
-2851
-2910
-2822
-2644
-2331
-1686
-995
-270
246
295
91
-290
-661
-1081
-1421
-1670
-1909
-2065
-2191
-2431
-2813
-3130
-3375
-3475
-3442
-3177
-3008
-2683
-2316
-1988
-1936
-2370
-2769
-3078
-3101
-2987
-3002
-3242
-3609
-3689
-3612
-3374
-2985
-2602
-2430
-2385
-2414
-2534
-2646
-2722
-2588
-2357
-2127
-1955
-1641
-1455
-1184
-945
-904
-1220
-1484
-1473
-1329
-951
-623
-354
-287
-338
-340
-299
-465
-587
-342
148
826
1176
1051
557
124
331
873
1403
1505
1054
477
212
727
1586
2280
2418
2051
1624
1535
2020
2820
3319
3096
2320
1247
35
-1250
-2555
-3741
-4646
-5003
-4906
-4517
-3512
-2171
-713
615
1490
1841
1734
1721
2189
3103
4202
5254
6255
7139
8072
8899
9301
9058
8397
7530
6890
6268
5691
5249
4693
4364
3985
3615
3160
2470
1670
659
-324
-1194
-1812
-2022
-1890
-1716
-1625
-1695
-1924
-2169
-2327
-2900
-3713
-4735
-5543
-5524
-4725
-3565
-2627
-2072
-2089
-1898
-1597
-1307
-1429
-2196
-2990
-3454
-3042
-2332
-1918
-1958
-2345
-2692
-2853
-3012
-3306
-3574
-3674
-3437
-2617
-1921
-1496
-1493
-1644
-1518
-1667
-2207
-2723
-2829
-2380
-1533
-1112
-1305
-1825
-2072
-1703
-1338
-1411
-1999
-2563
-2549
-1864
-818
-51
130
-23
-237
-185
411
964
1213
739
-50
-449
76
1184
2219
2339
1308
209
-392
183
1212
1803
1577
682
210
581
1665
2930
3218
2337
1106
111
258
1145
2147
2547
2309
1838
1542
1789
2100
2358
2116
1591
1170
1008
923
727
114
-1157
-2928
-4759
-6141
-6793
-6733
-6071
-5159
-4245
-3511
-2788
-2069
-1430
-966
-797
-769
-406
468
1856
3514
5254
6777
7955
8524
8507
8090
7288
6367
5490
4851
4563
4489
4601
4694
4567
4248
3794
3046
2199
1238
184
-434
-832
-749
-604
-454
-314
-405
-722
-1128
-1732
-2342
-3058
-3656
-3936
-4132
-3896
-3437
-2773
-2212
-1776
-1548
-1417
-1409
-1709
-2042
-2250
-2411
-2114
-1703
-1173
-768
-855
-1220
-1631
-1936
-2097
-2035
-2127
-2092
-1891
-1663
-1287
-939
-504
-392
-713
-1274
-1819
-1915
-1557
-887
-400
-332
-848
-1735
-2315
-2124
-1221
-378
-209
-941
-2189
-3079
-2656
-1244
242
1022
492
-675
-1559
-1475
-548
729
1615
1619
1021
341
-97
180
650
1194
1200
1057
871
585
534
348
215
74
366
474
651
637
502
511
849
1315
1569
1434
1008
626
578
898
1141
1156
823
569
557
850
1054
818
149
-481
-1274
-2168
-3345
-4746
-5999
-6994
-7205
-6579
-5300
-3753
-2473
-1791
-1609
-1382
-740
184
1122
1623
1751
2046
2974
4613
6478
7827
8040
7484
6582
5777
5479
5345
5269
5019
4591
4369
4430
4705
4990
4931
4566
3829
2786
1836
1209
767
524
605
595
577
356
124
-52
-547
-1141
-1720
-2287
-2912
-3737
-4626
-5158
-4673
-3215
-1456
-263
-128
-643
-1253
-1780
-2206
-2569
-2607
-2553
-2283
-1785
-1314
-1278
-1660
-1860
-1839
-1832
-2241
-3158
-4075
-3985
-2626
-1184
-598
-1172
-2103
-2271
-1433
-382
-174
-900
-2089
-2571
-2211
-1459
-918
-713
-162
-290
-933
-1838
-2798
-3191
-2403
-1049
-160
-227
-801
-774
-44
960
1401
910
350
-22
303
816
1234
1383
1176
991
565
543
231
-195
-439
-204
760
1834
2210
1419
42
-596
90
1800
2965
2516
744
-871
-1124
552
2490
3201
2473
676
-637
-630
494
1931
2550
1750
643
71
110
282
-139
-1410
-3325
-5207
-6368
-6633
-6270
-5603
-4877
-4355
-3796
-3062
-2138
-1029
-19
654
932
985
1174
1930
3319
4834
6065
6545
6347
5933
5756
5747
5615
5205
4561
4014
3973
4350
5111
5789
5714
5201
4449
3490
2602
1874
1077
350
228
693
1093
1127
726
210
-449
-1116
-1723
-2566
-3310
-3974
-4384
-4478
-4479
-4088
-3401
-2272
-864
141
-202
-1618
-3450
-4270
-3047
-684
875
640
-633
-2047
-2123
-721
1218
1702
-246
-2650
-3659
-2277
649
2862
2878
846
-1325
-2252
-1453
81
661
164
-943
-1887
-1940
-1277
-186
65
-761
-2053
-2610
-2494
-1772
-1212
-1534
-1810
-1605
-1182
-1473
-2642
-3360
-2892
-1450
59
104
-683
-1334
-1097
78
923
427
-1405
-2924
-2463
-440
1136
1279
-179
-1789
-1719
-244
1681
2272
1060
-1571
-3857
-3841
-1170
2462
4347
2875
-474
-2983
-2569
87
3239
3897
1830
-1187
-2792
-1568
1206
3639
3741
859
-3250
-6540
-7750
-6943
-5773
-5443
-6299
-7325
-7125
-5271
-2049
1025
2858
3122
2285
1446
1432
2606
4406
6119
7189
7435
7380
7674
8519
9483
9779
8797
6807
4744
3500
3657
4941
6241
6714
6455
5665
4955
4312
3667
2851
2052
1256
295
-689
-1333
-935
71
897
855
2
-1312
-2570
-3330
-3595
-3776
-4193
-4913
-5832
-6292
-5803
-4194
-2335
-1062
-900
-1494
-1952
-2115
-1859
-1736
-1857
-2133
-2626
-2866
-2729
-2047
-1126
-864
-1613
-2940
-4332
-4655
-3395
-1352
-290
-848
-2210
-2763
-1602
164
995
-296
-2551
-4413
-4114
-1775
127
50
-1906
-4248
-4848
-3427
-1662
-669
-1096
-1823
-2265
-2007
-1421
-1013
-1060
-1726
-1723
-1051
233
1049
1465
908
118
-374
-243
558
1222
934
-505
-1904
-1637
850
3871
5492
4460
1887
-220
-229
1228
2798
2959
2579
2132
2170
2593
2851
3435
3730
4130
4059
3600
2530
1195
-361
-2483
-5174
-8413
-11369
-13294
-13310
-11642
-8815
-5829
-3257
-1354
-44
718
997
1171
1456
2043
3080
4543
6367
8721
10985
12964
13966
13633
12152
9788
7475
5548
4242
3444
2835
2459
2173
2053
1940
1568
878
-350
-1870
-3571
-5133
-6288
-6840
-6100
-4399
-2269
-257
556
444
39
-48
175
215
-279
-1165
-1745
-1812
-1315
-1167
-2048
-3750
-5439
-5771
-4661
-3163
-1887
-1705
-1733
-1424
-956
-218
174
128
-471
-1100
-1562
-1887
-1935
-1794
-1177
-608
-313
-243
-245
212
782
1277
1024
252
68
713
2193
3037
2645
1145
-298
-596
-108
119
-825
-2484
-3763
-3276
-1951
-1090
-1605
-2689
-3187
-2356
-711
471
662
181
170
631
970
999
910
647
-203
-1347
-2670
-3620
-2968
-1712
-579
-171
-478
-920
-855
-213
73
-346
-1183
-1510
-933
307
1520
2291
2922
3405
3331
1732
-2240
-8452
-15290
-20058
-20909
-18188
-14021
-10411
-7522
-4367
-358
3911
6665
7025
5146
2805
1767
2624
5492
9128
13132
16701
19140
20084
19177
17243
14604
11757
8377
4231
210
-2711
-3265
-1790
265
1588
1102
-525
-2729
-4714
-6615
-8740
-10518
-11812
-11398
-9274
-5619
-678
4501
9258
11995
12416
10965
8610
6770
5306
4146
2751
1381
842
1280
2577
3393
2897
528
-3453
-8117
-12521
-15181
-15741
-14030
-10997
-7983
-5286
-3192
-873
1307
2697
2760
1178
-636
-1831
-937
1392
4134
6485
7501
7516
6374
4541
2176
-381
-2725
-5077
-6511
-7074
-6228
-3942
-1336
758
1006
-97
-1780
-3223
-4020
-4536
-4980
-5575
-5558
-4781
-3263
-1338
416
1676
2065
1835
1087
338
60
49
75
-212
-479
-354
341
1547
2277
1978
619
-1036
-2096
-2747
-2960
-2754
-2179
-1296
-392
423
1036
1799
2897
4151
4527
2664
-2440
-10302
-18298
-23181
-23064
-19243
-14540
-10805
-7680
-3367
2516
8587
12483
12862
10684
7715
5883
5950
7759
10792
14362
17825
20246
21080
20477
18974
16838
13506
8432
1666
-5152
-9760
-11053
-9849
-8051
-7060
-6686
-6050
-4452
-2470
-1241
-1401
-2858
-4710
-6043
-5866
-3370
1378
7477
13244
16798
17694
16654
14968
13034
10295
6137
873
-3992
-6877
-7233
-6066
-4791
-4286
-4582
-5427
-6732
-8458
-10626
-13063
-15320
-17092
-17363
-15619
-11604
-5841
-85
4680
7464
8660
8894
8634
7997
6312
4165
2006
825
1104
2244
3550
4000
3224
989
-2179
-5659
-8547
-9961
-10032
-9158
-7861
-5954
-3277
-126
2862
4372
4211
2751
732
-791
-1751
-2048
-1855
-1035
415
2229
4183
5701
6564
6268
4646
2048
-764
-2871
-3554
-2946
-1856
-569
494
1526
2339
2541
2128
1145
134
-529
-740
-354
423
1646
3083
3371
1201
-4489
-12963
-20950
-25247
-24437
-20470
-16371
-12881
-9032
-2776
5506
13222
17973
18776
17150
14735
12667
11256
10458
10642
11748
13384
14747
15550
16015
16055
14989
11388
4771
-3801
-11992
-17483
-20098
-20867
-20657
-18945
-14190
-6464
2396
9478
12934
13402
12303
11043
9764
8478
7584
7527
8580
9883
11001
11896
12729
13126
11646
7321
381
-7181
-13266
-16981
-18633
-19358
-19379
-18166
-15024
-10208
-4884
-355
2437
3651
3523
2570
1335
13
-848
-1131
-1030
-610
110
1560
3469
4678
4118
1656
-1500
-4195
-5618
-6364
-6976
-7102
-6281
-3995
-970
1743
3165
2995
1754
-189
-2271
-4106
-5098
-5103
-4201
-2548
-603
1534
3709
5607
6785
6668
5371
3502
1954
931
409
78
1
288
764
1163
963
295
-826
-2008
-2975
-3690
-3759
-2847
-951
1267
3174
4286
4764
4773
4339
3666
2797
2152
1967
2181
2703
2137
-891
-7168
-15853
-23337
-26613
-25030
-20805
-16925
-13687
-9306
-1855
7748
16395
21377
22156
20718
18778
17083
14933
12039
9022
6647
5668
5493
5825
6341
6774
6561
4583
272
-6018
-12612
-17857
-20743
-21229
-19650
-15954
-10051
-2412
5611
12662
18035
21728
23687
23468
20555
15327
9489
4780
2077
632
-779
-2434
-3585
-3378
-2240
-1601
-3193
-7164
-12113
-16497
-19053
-19701
-18889
-16648
-12861
-7405
-563
6631
12917
17340
19262
18469
15325
10648
5380
233
-4683
-9278
-13324
-16025
-16410
-14440
-11186
-8092
-6069
-4939
-3870
-2215
-299
1571
3006
4271
5621
7024
8333
8707
7866
5316
1651
-2398
-6103
-8748
-10364
-11110
-10971
-9349
-6126
-1421
3878
8015
10288
10396
9090
7313
5324
3133
419
-2600
-5092
-6540
-6707
-5779
-4323
-2705
-1210
184
1470
2765
3844
4841
5538
5808
5773
5363
4693
3783
2919
2234
1937
2262
2722
1630
-2720
-10674
-20034
-26261
-26782
-23069
-18870
-16470
-14196
-8657
1573
13548
22652
26365
25396
22601
19972
17611
14576
10323
5277
491
-2979
-4602
-4111
-1857
658
1473
-626
-4942
-9121
-11154
-11180
-11193
-12474
-13753
-12109
-5546
4414
14187
20904
24115
25147
25089
23925
20729
15128
7683
-412
-7755
-13242
-16181
-16539
-15124
-13170
-11523
-10037
-8024
-5172
-2472
-1567
-3053
-5702
-6980
-5289
-1123
3760
7709
10483
12761
14736
15777
14900
11541
6011
-663
-7327
-13150
-17299
-20069
-21639
-21754
-20501
-16834
-10989
-4369
1398
5167
7322
8871
10808
12307
12450
10748
7603
4599
2448
814
-1238
-4153
-7627
-10407
-11501
-10908
-9237
-7019
-4682
-2061
1500
5785
10183
13402
14047
12131
8899
5633
3018
572
-2654
-6453
-9524
-10344
-8454
-4905
-1377
1206
2984
4758
6780
8502
9211
8420
6611
4739
3449
2796
2251
1600
817
409
912
2251
3100
951
-5549
-15150
-23606
-26576
-24456
-21259
-20032
-19520
-15265
-4772
9280
21021
26728
27059
25353
24166
23036
20005
13931
5751
-2336
-8061
-10345
-9732
-7644
-5873
-5459
-5894
-5573
-3517
-964
-593
-3900
-9098
-11873
-9401
-2819
3983
8390
11069
14422
19505
24366
26085
23148
16499
8532
1278
-4731
-10072
-15170
-19710
-22532
-22376
-18758
-12594
-5998
-1014
1772
3376
5375
8113
10134
9613
6363
2709
1516
3706
7182
8888
7639
4924
3159
2766
2120
-833
-6556
-13336
-18810
-21423
-21399
-19922
-17893
-15364
-11028
-4534
3472
10916
15485
16502
15052
13107
11419
9550
6185
1078
-4280
-7949
-8835
-7870
-6742
-6633
-6977
-6515
-4388
-1107
1951
3803
4430
4853
5873
7540
8930
8807
6749
3450
267
-1992
-3515
-5157
-7251
-8848
-8638
-6104
-2047
1748
4352
5878
7064
8231
8915
8321
6343
3774
1622
404
-140
-275
-329
71
1292
2860
2890
-1150
-9308
-18565
-24261
-24569
-22812
-22392
-23100
-20847
-12289
916
13597
21585
24941
26120
27132
27405
25035
19203
10852
2149
-5033
-9609
-11632
-11893
-11533
-11315
-10472
-7606
-2457
2606
4321
1733
-2700
-4959
-3358
87
2289
2739
3971
8492
15818
22398
25111
23469
19122
14125
9151
3669
-3189
-11206
-18931
-24318
-25740
-23083
-17881
-12340
-7628
-3104
2520
9186
14772
16837
14876
10838
7514
6047
5270
3284
-219
-3601
-4844
-3462
-1038
161
-911
-3782
-6858
-8720
-9393
-10211
-12576
-15842
-17806
-15697
-9332
-1602
4444
7655
9587
12058
15149
16267
13566
7480
433
-4612
-6977
-7839
-8749
-9994
-10409
-8722
-4806
-217
3198
4254
3502
2631
2941
4061
4333
2867
447
-1012
-465
1257
2022
740
-1777
-3737
-3959
-2874
-1905
-1811
-2087
-1539
620
3811
6504
7539
6869
5528
4654
4264
3776
2514
726
-612
-736
538
2587
3674
1025
-6203
-15492
-21888
-22403
-20354
-20286
-22563
-22625
-15885
-3501
8997
17073
20872
23137
25762
27747
26816
22076
14374
5812
-1698
-6977
-9873
-11302
-12505
-13734
-13522
-10129
-3701
2542
4938
3127
218
-85
2420
4526
3628
850
246
4405
11622
17909
20642
20013
17800
15371
12677
8777
2547
-6152
-15554
-22704
-25385
-23888
-20608
-17791
-14960
-9909
-1642
7885
14904
17292
16043
13789
12275
10931
8186
3378
-2294
-6775
-8558
-7682
-5831
-4719
-4973
-5713
-5386
-3833
-2474
-3250
-6852
-11164
-13456
-12129
-8338
-4686
-2070
330
4105
9155
13530
14858
12566
8190
3598
65
-2688
-5329
-8149
-10441
-10458
-7668
-2919
1490
3980
4712
5084
6058
6896
6240
3460
-159
-2682
-3054
-1910
-743
-465
-737
-525
590
2084
2961
2514
1108
-256
-487
489
1829
2572
2535
2338
2663
3458
3897
3407
2181
1090
731
1031
1740
2733
3692
2598
-2689
-11248
-19066
-21805
-20674
-20359
-22606
-24117
-19656
-8994
3247
12297
17460
21071
24685
27521
27476
23826
17238
9237
1531
-4594
-8393
-10518
-12146
-13642
-13724
-10601
-4542
1624
4508
3719
1901
1794
3372
3933
1775
-1674
-2957
-154
5436
11030
14661
16139
16183
15806
15282
13558
9079
1248
-8177
-16051
-20064
-20664
-20184
-19963
-18764
-14302
-6181
3124
10252
13636
14267
14031
13759
12645
9692
4838
-802
-5397
-7666
-7478
-6230
-5374
-5296
-4917
-3181
-680
574
-1183
-5082
-8734
-9986
-9044
-7615
-6508
-5312
-2553
2043
7230
10889
11811
10286
7539
4768
2130
-688
-4167
-7725
-9895
-9387
-6289
-2349
776
2588
4062
5952
7678
7784
5538
1826
-1630
-3662
-4273
-4240
-4147
-3808
-2825
-901
1575
3612
4358
3876
2760
1993
1760
1559
961
-13
-571
-160
1050
2151
2455
2061
1487
1290
1392
1573
1627
1958
2864
3666
1857
-4241
-12747
-19595
-21584
-21033
-21490
-23425
-23363
-17425
-6891
4276
12493
17759
21804
25232
27356
26568
22667
16037
7967
344
-5347
-8434
-10160
-11625
-12587
-11426
-6925
-568
4637
6387
5400
4090
3768
3681
1980
-1458
-4922
-6018
-3820
677
5762
9680
12041
13331
14498
15434
14683
10810
3879
-3696
-9514
-12645
-14337
-15883
-16918
-15868
-11643
-5101
1629
6460
8890
9727
9879
9621
8448
5737
1556
-2959
-6170
-7143
-6281
-5072
-4362
-3844
-2578
-658
747
454
-1559
-3785
-5197
-5457
-5149
-4763
-4115
-2904
-783
1865
4387
5843
5838
4642
2842
1145
-677
-2689
-4836
-6314
-6116
-4292
-1609
809
2618
4069
5389
6193
5850
4094
1323
-1507
-3774
-5174
-5727
-5676
-5008
-3621
-1584
905
3179
4608
5011
4701
4060
3238
2131
641
-917
-2026
-2301
-1765
-1014
-239
383
955
1582
2147
2623
2959
3244
3838
4466
4028
1130
-4956
-12213
-18062
-20750
-21479
-22457
-23471
-22686
-17295
-8080
2062
10445
16236
20743
24256
26516
26170
22670
16402
8649
1518
-3899
-7287
-9523
-10999
-11078
-8833
-3987
1754
6390
8606
8812
8329
7482
5977
2853
-1556
-5739
-8051
-7661
-5392
-2202
966
4085
7317
10462
12936
13481
11556
7519
2786
-1423
-4793
-7701
-10405
-12118
-11779
-9042
-4815
-550
2831
4920
6048
6403
5891
4417
1846
-1411
-4528
-6548
-7155
-6720
-6026
-5257
-4095
-2210
163
1850
2418
1899
1088
606
45
-698
-1781
-2654
-2800
-2254
-1299
-563
-250
-333
-527
-633
-617
-733
-1210
-1694
-1739
-1001
175
1244
1845
2056
2246
2522
2489
1693
192
-1545
-2922
-3660
-3927
-3872
-3457
-2579
-1194
512
2059
3055
3345
3075
2657
2047
1172
-63
-1486
-2659
-3236
-3159
-2613
-1938
-1227
-354
675
1846
2713
3119
3204
3333
4014
4363
3640
1406
-2068
-5754
-9538
-12965
-16179
-18769
-19704
-19011
-16276
-12076
-6725
-719
4950
10016
14075
16984
18208
17421
14835
11194
7418
3806
571
-2131
-3801
-3950
-2538
45
2956
5767
8027
9648
10427
10132
8808
6439
3515
586
-1770
-3235
-3824
-3652
-2824
-1292
648
2875
4818
5946
6237
5730
4869
3526
1836
-88
-1881
-3055
-3506
-3228
-2600
-1778
-963
-111
636
1063
952
108
-1217
-2707
-3748
-4329
-4534
-4405
-4016
-3104
-1720
-139
1241
2108
2430
2249
1625
653
-643
-2097
-3481
-4549
-5032
-4855
-4090
-2848
-1453
-63
1117
1856
2100
1770
969
-147
-1459
-2795
-3966
-4720
-4931
-4616
-3881
-2761
-1585
-521
231
599
654
388
-155
-813
-1526
-2202
-2658
-2823
-2643
-2240
-1663
-952
-287
302
724
825
690
253
-253
-796
-1311
-1744
-1982
-1883
-1482
-894
-342
214
808
1553
2392
3028
3414
3551
3396
2900
2164
1267
415
-189
-615
-843
-1017
-1138
-1247
-1228
-1065
-655
-23
562
994
1179
1316
1638
2025
2405
2666
2661
2697
2881
3212
3493
3607
3676
3774
3912
3971
3848
3437
2887
2381
1988
1665
1406
1165
905
746
700
725
731
673
525
345
236
71
-194
-515
-884
-1091
-1129
-1000
-776
-568
-463
-371
-318
-255
-295
-462
-687
-947
-1123
-1323
-1487
-1678
-1861
-2052
-2137
-2069
-1876
-1634
-1452
-1366
-1417
-1518
-1606
-1726
-1891
-2043
-2163
-2190
-2079
-1946
-1691
-1377
-1033
-652
-286
82
309
351
236
-52
-389
-685
-912
-1112
-1222
-1277
-1260
-1078
-783
-422
-84
175
297
363
437
437
395
362
307
272
270
358
487
657
799
819
755
614
531
427
326
207
77
27
15
50
124
114
32
55
204
466
719
980
1202
1303
1319
1218
1090
1000
864
604
276
-24
-233
-370
-466
-483
-424
-262
-154
-254
-430
-501
-369
-168
-35
-88
-250
-388
-459
-435
-449
-445
-342
-143
80
234
264
201
212
221
156
45
-75
-171
-253
-246
-202
-233
-235
-263
-194
3
182
296
334
325
382
471
594
681
692
687
645
610
610
708
777
877
864
896
903
926
942
847
765
552
398
328
361
368
290
129
-8
-7
-9
3
-105
-208
-310
-376
-343
-307
-177
19
262
500
651
697
709
648
480
264
48
-165
-429
-662
-818
-826
-716
-556
-271
-112
-52
-32
-35
41
-21
-145
-278
-432
-515
-493
-347
-226
-200
-169
-203
-193
-201
-294
-337
-420
-479
-574
-713
-945
-1200
-1326
-1355
-1305
-1245
-1131
-994
-838
-678
-541
-471
-491
-465
-428
-378
-295
-280
-338
-414
-422
-247
-33
213
306
210
69
-68
-158
-288
-345
-266
-111
72
91
113
202
318
440
435
447
469
582
754
706
577
412
407
550
618
697
706
602
534
438
339
295
312
417
513
485
404
322
276
309
386
431
444
403
400
458
566
629
724
762
623
508
504
640
775
810
693
555
450
353
318
191
-9
-186
-324
-489
-576
-623
-591
-439
-400
-411
-549
-782
-953
-1083
-980
-787
-603
-421
-312
-182
1
46
-26
-158
-361
-511
-585
-611
-661
-749
-807
-789
-712
-522
-355
-255
-210
-185
-116
-52
-78
-114
-189
-207
-113
29
236
459
565
576
616
662
749
829
834
706
521
320
79
-54
-179
-241
-215
-124
48
167
271
401
462
480
407
404
473
558
433
228
-30
-132
-41
116
257
360
371
234
22
-136
-208
-188
-107
-101
-139
-326
-407
-478
-534
-534
-575
-472
-361
-199
-122
-157
-185
-190
-119
-26
18
101
270
425
482
281
10
-213
-330
-381
-336
-302
-334
-387
-395
-293
-200
-267
-415
-502
-472
-321
-126
84
167
145
61
92
123
185
275
282
295
341
327
261
156
-3
-173
-249
-222
-156
-58
-139
-332
-600
-777
-804
-766
-666
-503
-295
-17
285
540
711
778
819
814
810
777
763
754
604
365
96
-79
-120
-86
77
188
234
257
252
161
110
100
101
101
67
-16
-119
-180
-138
59
254
442
570
674
791
914
1028
1013
1019
908
677
410
102
-127
-371
-547
-694
-793
-747
-568
-366
-157
33
23
29
34
-4
-52
-125
-64
-46
-110
-114
-284
-425
-569
-604
-592
-651
-590
-603
-579
-558
-474
-383
-303
-343
-428
-591
-855
-975
-947
-803
-607
-402
-254
-196
-191
-111
-4
114
151
87
45
-11
-52
-84
-50
-13
65
100
108
158
196
266
267
213
25
-141
-256
-300
-143
-9
129
198
338
553
754
833
790
701
645
656
634
645
592
579
583
470
423
373
246
127
-24
-139
-172
-117
-42
-3
25
-95
-177
-103
-20
57
152
224
238
184
72
-36
-45
-30
-29
-38
-155
-226
-314
-322
-304
-316
-337
-358
-252
-184
-126
-55
-91
-115
-135
-146
-190
-137
-43
-27
100
212
231
283
307
294
334
380
447
436
285
-23
-242
-401
-470
-513
-488
-474
-452
-276
-118
-40
43
69
29
73
-12
-19
-94
-208
-313
-392
-345
-302
-115
112
242
281
254
217
208
205
102
-38
-67
-44
-26
53
115
160
199
248
283
302
371
371
216
178
61
-64
-89
3
156
240
222
188
205
246
281
246
171
89
37
15
-9
-123
-312
-454
-448
-367
-293
-299
-344
-400
-376
-202
-76
-76
-118
-211
-272
-220
-128
-98
-139
-153
-112
-153
-125
-18
10
-27
-123
-193
-216
-222
-329
-527
-589
-575
-476
-259
-116
-35
-34
35
70
103
136
228
347
373
322
227
139
-53
-183
-257
-311
-255
-135
8
165
202
264
279
259
191
141
130
75
67
46
142
192
245
378
578
747
810
758
678
614
516
516
434
449
448
387
347
254
209
224
313
316
258
191
112
58
22
21
24
12
29
-11
-42
-98
-110
-44
-63
-54
-149
-242
-297
-185
-34
-26
-135
-282
-354
-397
-471
-495
-532
-649
-776
-894
-934
-845
-687
-589
-441
-341
-292
-214
-73
1
55
165
154
63
-18
-106
-140
-64
-79
-80
-82
-197
-296
-342
-444
-557
-609
-629
-546
-480
-361
-258
-178
-46
69
194
351
601
728
592
452
306
250
292
353
487
551
586
627
546
471
444
411
342
224
109
26
94
210
319
384
424
382
408
469
488
463
430
466
559
721
770
633
497
356
191
62
-95
-271
-414
-424
-264
-90
102
137
134
75
-52
-193
-339
-494
-542
-608
-572
-512
-437
-339
-337
-330
-380
-461
-626
-773
-779
-678
-658
-648
-610
-645
-586
-532
-546
-537
-595
-645
-627
-582
-501
-411
-337
-349
-308
-219
-186
-61
-47
-63
-25
65
156
274
319
278
184
125
167
222
240
226
112
70
107
166
199
147
187
220
366
534
648
663
565
476
465
520
702
908
1066
1194
1262
1279
1331
1323
1191
1002
757
531
356
284
301
292
279
248
126
61
60
118
173
200
177
49
-111
-117
-63
-53
-49
-96
-185
-262
-277
-284
-320
-353
-425
-431
-411
-461
-577
-779
-836
-857
-893
-854
-864
-934
-960
-854
-747
-676
-527
-459
-410
-436
-560
-696
-765
-793
-749
-624
-556
-471
-492
-598
-690
-689
-540
-387
-359
-364
-332
-312
-221
-143
-93
-14
105
179
252
332
351
350
323
346
416
479
540
537
523
430
300
217
239
286
362
409
430
570
742
846
943
946
897
876
845
810
756
782
769
684
546
381
279
379
556
782
866
815
719
622
597
571
471
287
156
111
136
156
24
-73
-54
-51
12
33
-8
-61
-172
-182
-142
-194
-228
-291
-291
-269
-345
-422
-518
-708
-808
-802
-778
-694
-667
-707
-737
-853
-978
-1014
-1070
-1025
-995
-850
-804
-793
-727
-662
-492
-461
-429
-478
-613
-690
-740
-713
-633
-427
-261
-112
45
120
123
38
-32
-110
-187
-189
-241
-246
-140
83
229
348
413
457
460
499
534
565
671
709
679
612
633
658
665
625
530
542
590
658
680
648
568
474
522
531
579
630
642
612
513
329
184
131
45
114
232
346
386
348
324
272
308
348
402
302
138
109
129
254
296
245
150
-4
-148
-165
-63
61
129
75
46
-130
-268
-309
-344
-316
-363
-426
-486
-519
-468
-417
-417
-418
-539
-653
-721
-755
-787
-771
-810
-880
-914
-773
-580
-483
-380
-370
-390
-424
-550
-595
-612
-672
-611
-500
-246
27
193
228
169
100
41
-46
-60
-119
-213
-242
-183
-79
44
200
303
411
440
484
442
488
490
530
537
496
556
511
425
257
116
56
59
121
189
246
330
407
391
305
307
313
263
214
132
104
195
304
470
587
678
872
913
806
609
423
372
431
451
458
381
318
225
35
-140
-380
-436
-395
-280
-219
-214
-244
-412
-506
-576
-464
-378
-307
-311
-403
-513
-611
-571
-517
-420
-449
-597
-664
-637
-564
-495
-483
-548
-580
-532
-530
-475
-380
-369
-317
-170
44
233
220
71
-64
-85
-3
143
237
301
328
378
346
391
305
270
242
106
29
-19
-10
-38
-10
-18
29
77
58
99
63
133
217
298
298
256
255
292
375
430
451
355
321
290
313
375
362
364
333
375
391
345
259
114
-66
-223
-305
-352
-351
-410
-397
-243
-52
102
250
424
509
457
218
-37
-152
-178
-132
-141
-198
-227
-186
-68
121
203
144
62
-31
-47
-23
9
3
-103
-262
-438
-455
-409
-419
-448
-502
-487
-403
-244
-143
-133
-173
-245
-199
-175
-157
-135
-198
-282
-395
-378
-292
-144
-78
-22
36
112
222
274
303
335
371
398
313
170
53
0
-17
67
192
246
301
285
151
-101
-211
-297
-280
-235
-191
-112
-75
24
86
136
169
186
152
155
161
218
401
533
482
383
367
488
624
737
702
524
294
121
91
-56
-123
-102
-63
-121
-197
-216
-256
-217
-203
-214
-319
-342
-318
-299
-288
-305
-300
-294
-311
-344
-337
-380
-424
-380
-401
-328
-284
-219
-198
-233
-232
-293
-381
-509
-654
-706
-591
-459
-224
-11
97
250
333
331
336
300
251
162
116
111
160
163
174
193
283
386
510
583
640
712
754
749
594
384
259
151
100
90
42
-8
14
132
245
279
234
226
208
226
321
343
402
375
187
23
-104
4
155
292
256
-25
-239
-417
-395
-300
-182
-64
48
130
203
248
135
-64
-286
-370
-355
-269
-146
-33
-70
-134
-208
-300
-337
-365
-373
-489
-642
-615
-534
-448
-339
-331
-296
-304
-230
-111
5
37
49
35
-26
-105
-162
-176
-224
-125
-29
106
135
28
-43
-120
-122
-172
-251
-311
-355
-402
-436
-438
-455
-454
-357
-317
-277
-101
-1
-9
67
94
121
184
197
264
275
273
344
442
504
521
553
604
672
743
612
329
99
16
71
217
294
254
179
133
209
349
508
606
675
682
646
650
573
396
260
200
200
358
529
552
400
182
-70
-162
-173
-82
-28
-173
-382
-571
-673
-662
-597
-663
-742
-730
-614
-406
-204
-25
47
-5
-92
-227
-297
-333
-448
-462
-497
-464
-429
-381
-328
-262
-230
-292
-381
-452
-378
-257
-146
-50
-67
-121
-23
210
474
651
640
528
415
418
508
519
379
134
-33
-121
-82
-73
-72
-102
-72
18
95
172
287
348
356
326
227
166
50
28
102
179
315
330
343
333
407
429
366
296
192
160
108
74
31
-68
-206
-294
-246
-145
6
47
-35
-48
12
83
103
27
-152
-382
-534
-557
-544
-412
-307
-263
-214
-142
-56
-124
-149
-275
-306
-247
-276
-293
-415
-569
-640
-705
-668
-580
-496
-430
-483
-538
-536
-549
-515
-508
-530
-520
-497
-305
-143
-98
-79
-145
-151
-91
48
114
91
-46
-126
-176
-203
-238
-338
-687
-946
-923
-425
-189
-871
-1292
-336
2152
4864
6783
7042
5008
1140
-2919
-4948
-5052
-4000
-1689
1608
4674
5838
4951
2885
608
-1076
-1061
859
3476
5099
4832
3101
465
-2107
-3326
-2557
-253
2355
4298
4903
3945
1862
-103
-1076
-867
-531
-614
-1136
-2494
-4702
-7175
-8565
-8386
-6647
-3702
-237
2586
3674
3056
1642
352
-434
-328
473
1403
1846
1403
439
-726
-1818
-2398
-2283
-1743
-1162
-845
-741
-846
-1265
-1686
-2051
-2173
-2081
-1922
-1686
-1407
-1307
-1221
-947
-589
-361
-342
-225
27
390
563
531
395
233
216
490
846
1094
1290
1448
1618
1560
1342
1020
807
664
703
967
1164
998
564
249
148
435
917
1420
1914
2291
2461
2380
1925
1358
1137
1156
1045
758
501
744
857
123
-548
-450
381
816
669
115
-560
-943
-774
38
969
1393
1114
545
120
-94
-92
485
1505
2336
2250
1360
122
-1174
-2034
-2254
-1838
-1275
-852
-837
-1004
-1458
-1896
-2244
-2320
-1957
-1539
-1221
-1140
-947
-1221
-1734
-2008
-1776
-1366
-952
-690
-652
-534
-484
-304
-45
307
537
680
304
-381
-945
-1273
-1127
-718
-104
284
585
457
123
-307
-458
-160
111
303
392
475
301
70
-112
0
136
440
983
1377
1549
1293
979
617
393
348
588
989
1300
1302
947
616
336
121
-16
66
209
382
280
179
85
-106
-133
159
770
1197
1429
1361
947
151
-564
-857
-498
319
1097
1521
1463
978
332
-214
-466
-312
1
355
573
353
-269
-762
-934
-725
-287
127
152
-398
-1098
-1362
-1072
-576
-194
-134
-278
-258
-214
-448
-799
-1125
-1075
-876
-489
-121
49
-212
-705
-964
-986
-1135
-976
-309
231
314
-103
-429
-644
-779
-657
-342
93
372
334
31
-284
-616
-782
-621
-52
721
1103
952
391
-95
-424
-342
76
561
868
719
398
23
-505
-751
-526
449
1640
2199
1869
713
-650
-1503
-1404
-205
1381
2369
2313
1275
-134
-1398
-1665
-716
656
1566
1782
1261
466
-385
-911
-969
-783
-273
540
1186
1245
762
-111
-790
-926
-402
471
1116
1196
850
302
-211
-334
-182
153
622
1125
1335
1106
123
-1069
-1727
-1646
-727
390
1091
1042
201
-1093
-2078
-2244
-1571
-672
82
356
109
-263
-763
-1024
-845
-472
-64
127
77
-266
-627
-947
-1083
-1093
-1152
-1275
-1402
-1351
-1036
-344
67
182
27
-161
-136
35
383
597
578
152
-422
-645
-230
578
1338
1701
1539
1094
242
-628
-826
-442
129
336
40
-655
-1304
-1555
-1118
-286
69
-110
-526
-621
-514
-324
-293
-495
-771
-702
-305
125
747
1100
971
601
268
142
377
752
1039
1227
1247
1075
1069
1280
1483
1738
1972
2223
2215
1911
1641
1434
1384
1320
1387
1420
1601
1578
1251
853
416
332
308
537
1035
1660
2082
2260
1988
1210
430
91
261
610
882
892
904
675
247
-156
-490
-744
-774
-567
-213
-34
-552
-1312
-1708
-1753
-1527
-1198
-967
-1280
-1902
-2474
-2735
-2492
-2111
-1486
-873
-426
-396
-822
-1549
-2099
-2211
-1887
-1022
-201
62
-194
-967
-1908
-2644
-3068
-3034
-2724
-2582
-3012
-4288
-6126
-7859
-9124
-9516
-9177
-8529
-8110
-7956
-7970
-7839
-7080
-5551
-3418
-1088
900
2418
3552
4654
5988
7628
9261
10627
11615
11962
11878
11650
11335
10933
10529
9983
9512
9120
8660
8142
7281
5968
4590
3360
2399
1797
1429
1116
565
-367
-1453
-2438
-3092
-3293
-3259
-3176
-3043
-2944
-2720
-2284
-1762
-1127
-595
-220
-50
-77
-207
-318
-384
-374
-557
-699
-894
-1225
-1744
-2447
-3351
-4296
-4848
-4772
-4102
-3409
-3190
-3395
-3725
-3760
-3252
-2347
-1424
-761
-385
-109
371
1179
2333
3813
5033
4211
-932
-10434
-19895
-22283
-15005
-3247
4912
5189
-1634
-12178
-21604
-24209
-16382
-1363
11971
16423
11373
1939
-5422
-6429
-484
9447
18465
22493
20432
14603
9201
7635
10093
13656
15064
13677
11341
9779
9004
8223
6712
3767
-1293
-7345
-11082
-9704
-4390
160
-218
-5902
-13638
-19092
-19037
-13168
-4120
3723
6510
3275
-3138
-8081
-7869
-2506
4900
10850
13121
11472
7244
2908
1006
2179
4796
6366
5960
4567
3081
1695
-161
-2820
-5953
-8736
-10354
-10221
-8253
-5648
-4402
-5793
-9209
-12398
-13019
-10458
-5792
-1261
1497
1863
191
-2052
-2882
-1370
1727
4579
5984
5800
4761
3519
2478
1878
1441
552
-956
-2706
-3645
-3176
-1930
-1053
-1571
-3150
-4807
-5411
-4613
-2841
-869
262
458
173
194
1065
3009
4587
2879
-4438
-15873
-24458
-22944
-11686
1197
7883
5884
-2895
-14687
-23778
-23431
-11423
5987
18462
20175
12660
2261
-4789
-4840
2063
12344
20737
23423
19912
13197
7867
6696
9009
11494
11607
9700
7706
6816
6523
6000
4380
589
-5816
-12689
-15640
-11819
-3558
2956
2915
-3533
-12274
-18211
-17681
-10112
1518
11623
15162
10931
2716
-3626
-4192
900
8167
14188
16524
14625
9417
3527
-554
-2486
-3380
-4430
-5109
-4401
-2438
-1251
-2497
-6415
-11489
-15382
-16114
-12664
-6260
132
3051
1135
-4069
-9010
-10604
-7941
-2528
3033
6593
6849
4322
691
-1756
-1770
276
2739
4206
4334
3412
1924
124
-1594
-2948
-3740
-4018
-3959
-3915
-4082
-4893
-6218
-7383
-7533
-6053
-3528
-895
854
1436
1331
1104
1068
1426
2198
3198
3998
4694
5509
5688
3420
-3366
-13734
-22872
-24580
-17347
-5987
2482
3763
-2259
-12693
-22335
-25148
-17683
-2922
11364
18199
16024
8379
772
-2153
1089
9023
17583
22848
22717
18423
13151
10048
9827
10800
11015
9777
7932
6492
5777
5121
3676
504
-4719
-10831
-15105
-14629
-9499
-2973
392
-1467
-7193
-12983
-15030
-11326
-2639
7444
14199
14697
9903
3688
463
1932
6949
12718
16497
16524
12791
7022
1623
-1436
-2212
-2174
-3342
-6120
-9259
-11065
-10988
-10427
-10942
-12658
-14648
-15527
-14172
-10236
-4592
363
2247
468
-2837
-4789
-3868
-368
3814
6983
7716
5870
2652
-93
-984
-60
1577
2623
2572
1630
342
-878
-1990
-3004
-3832
-4189
-4086
-3776
-3648
-3973
-4850
-6008
-6622
-5845
-3551
-597
1767
2856
2933
2710
2663
2982
3543
4179
4652
4931
5098
5504
5966
5116
1192
-6743
-16747
-24157
-24431
-17255
-7039
194
583
-5873
-15806
-23513
-23711
-14692
-218
12777
18784
16724
9838
3269
1184
4797
12187
19528
23421
22580
18353
13459
10337
9491
9766
9540
8069
5873
3912
2806
2122
775
-2127
-6598
-11411
-14454
-13891
-9804
-4550
-1411
-2189
-5964
-9814
-10857
-7325
-164
7811
13238
13989
10717
6039
3135
3638
6965
10905
13187
12491
9063
4201
-234
-3062
-4185
-4246
-4536
-6052
-8794
-11833
-14020
-14753
-14637
-14343
-13960
-13010
-11002
-7904
-4277
-1079
740
850
94
-214
1171
3979
6929
8541
7906
5395
2295
209
-41
1219
2793
3375
2417
395
-1839
-3368
-3721
-3188
-2450
-2067
-2175
-2549
-3068
-3740
-4571
-5161
-5100
-3919
-1824
504
2230
2918
2895
2766
3190
4175
5264
5870
5729
5075
4370
4076
4506
4918
3714
-622
-8349
-17395
-23883
-24319
-18215
-9030
-2029
-1166
-6804
-15462
-21770
-21222
-12888
61
12067
18259
17153
11123
4969
2814
6058
12694
19209
22673
21914
17985
13195
9676
8252
8187
8038
6942
5036
3081
1596
435
-1189
-3903
-7433
-10703
-12201
-11054
-7648
-3740
-1462
-2072
-4973
-7945
-8324
-4813
1562
8215
12323
12529
9453
5289
2749
3308
6466
10263
12369
11426
7623
2515
-1926
-4429
-4962
-4462
-4081
-4683
-6362
-8932
-11841
-14371
-15657
-15103
-12770
-9631
-6607
-4281
-2813
-2016
-1606
-997
203
2183
4624
6731
7868
7724
6387
4335
2417
1204
1029
1673
2461
2511
1462
-414
-2400
-3660
-3950
-3440
-2514
-1633
-1274
-1550
-2285
-2918
-3328
-3577
-3640
-3409
-2384
-596
1411
2767
2986
2368
1671
1518
2269
3637
4795
5156
4369
2925
1824
1906
3188
4838
4937
1728
-5262
-14394
-21978
-24412
-20525
-12575
-5013
-1962
-4973
-12338
-19519
-21645
-16301
-5271
6797
14915
16564
12577
6596
2907
3986
9315
15929
20708
21630
18846
14023
9541
6999
6607
7320
7786
7323
5939
3971
1843
-377
-2704
-4988
-6891
-7703
-7087
-5307
-3199
-2049
-2579
-4411
-6340
-6637
-4313
280
5388
8901
9580
7662
4555
2175
2021
4272
7763
10439
10751
8365
4216
14
-2815
-3736
-3147
-2096
-1689
-2813
-5498
-8884
-11832
-13114
-12588
-10735
-8495
-6498
-5161
-4585
-4385
-4036
-2972
-1113
1139
3176
4514
5016
4813
4087
3109
2076
1373
1199
1431
1638
1374
520
-692
-1890
-2729
-3070
-2808
-2169
-1531
-1306
-1751
-2587
-3293
-3516
-3151
-2526
-2216
-2299
-2547
-2501
-1777
-612
625
1461
1751
1659
1604
2097
2994
3853
4173
3654
2556
1674
1625
2631
4136
4631
2450
-3362
-11557
-19059
-22492
-20377
-14286
-7764
-4210
-5333
-10319
-16196
-19156
-16631
-8894
1157
9436
13184
12053
8200
4806
4379
7488
12563
17406
20171
20080
17459
13624
10128
8229
8048
8916
9760
9757
8621
6441
3613
577
-2056
-3846
-4374
-3731
-2508
-1660
-1953
-3466
-5516
-6913
-6819
-4998
-1905
1351
3593
4079
2949
1189
71
434
2340
5022
7235
7950
6781
4295
1489
-614
-1556
-1479
-1029
-918
-1641
-3354
-5644
-7905
-9324
-9380
-8221
-6542
-5308
-4994
-5424
-5972
-5853
-4800
-2992
-962
577
1400
1433
1027
532
368
663
1208
1754
1998
1833
1188
345
-523
-1166
-1472
-1493
-1411
-1376
-1498
-1783
-2217
-2734
-3177
-3336
-3204
-2811
-2228
-1751
-1548
-2000
-2762
-3287
-3014
-1842
-109
1356
1856
1351
245
-634
-586
508
2119
3465
3694
2818
1332
333
421
1726
3667
5026
4304
727
-4754
-9887
-11961
-10106
-5943
-2479
-2061
-4769
-8475
-10564
-9705
-6469
-2828
-284
876
1233
1627
2427
3562
5049
6731
8414
9797
10513
10704
10643
10796
11313
11779
11640
10687
9461
8591
8365
8430
8116
6935
5029
3195
1971
1501
1319
919
132
-983
-1916
-2584
-3022
-3215
-3138
-2875
-2553
-2490
-2751
-3151
-3410
-3087
-2245
-1310
-691
-584
-1086
-1616
-1907
-1817
-1692
-1703
-1886
-2195
-2406
-2447
-2322
-2496
-2755
-3055
-3317
-3450
-3383
-3152
-2854
-2528
-2336
-2381
-2792
-3318
-3493
-3152
-2317
-1272
-502
-346
-793
-1365
-1637
-1461
-948
-396
-109
-73
-250
-553
-649
-594
-451
-314
-217
-317
-462
-644
-889
-952
-895
-804
-541
-323
-169
-2
99
146
96
53
-12
5
185
488
917
1449
1827
2044
1893
1508
1203
1083
1263
1669
2031
2170
1958
1529
1008
598
523
833
1291
1659
1868
1729
1261
560
-148
-574
-682
-388
189
798
1133
1000
269
-686
-1383
-1564
-1129
-399
353
655
530
119
-320
-603
-636
-307
174
726
1196
1484
1451
1113
619
163
0
236
758
1231
1449
1313
925
396
88
181
521
1023
1374
1533
1489
1294
1042
885
860
955
1143
1259
1255
1209
1065
943
824
511
196
-70
-120
-7
65
52
-244
-827
-1425
-1799
-1774
-1487
-1163
-970
-1082
-1456
-1823
-1978
-1941
-1736
-1544
-1375
-1217
-1154
-1085
-1028
-1095
-1160
-1184
-1062
-841
-618
-474
-423
-500
-665
-834
-1041
-1110
-1057
-1006
-936
-1072
-1315
-1481
-1446
-1196
-905
-694
-711
-863
-1058
-1032
-843
-469
-174
28
76
53
162
375
754
1039
1123
944
593
184
49
230
670
1108
1220
1034
665
264
-53
-145
44
332
584
639
470
253
172
249
463
818
1100
1180
1155
1103
1123
1175
1228
1271
1303
1430
1603
1733
1708
1557
1401
1229
997
811
722
640
487
290
46
-147
-171
-128
-132
-248
-394
-550
-670
-649
-524
-217
84
297
305
210
72
-46
-136
-155
-20
236
405
409
205
-40
-229
-433
-632
-815
-924
-910
-910
-943
-1043
-1407
-1687
-1800
-1754
-1454
-1123
-996
-1052
-1222
-1354
-1306
-1092
-764
-355
108
323
303
181
-24
-172
-151
18
290
506
543
402
163
-33
-110
34
194
312
330
257
50
-159
-384
-514
-447
-247
92
446
637
661
576
475
542
683
829
1033
1250
1387
1380
1190
982
885
893
999
1085
1066
1001
854
720
519
314
265
248
156
-18
-226
-498
-655
-667
-561
-392
-206
-129
-109
-123
-240
-396
-409
-244
5
232
377
444
346
201
81
46
41
10
-128
-282
-447
-530
-478
-505
-481
-537
-754
-954
-1206
-1387
-1481
-1406
-1248
-1115
-1023
-990
-936
-871
-677
-474
-339
-340
-447
-565
-417
-104
149
287
64
-223
-541
-686
-536
-282
-90
-45
-149
-390
-605
-650
-531
-251
62
315
425
332
157
-68
-180
-130
-12
279
546
729
892
1013
1062
1016
1078
1216
1345
1520
1640
1583
1282
956
767
697
769
922
970
1038
938
732
615
580
634
627
656
661
485
262
90
-17
21
133
234
254
288
253
299
387
391
349
193
7
-220
-251
-185
-127
-109
-276
-474
-612
-706
-680
-617
-565
-601
-667
-695
-736
-903
-1036
-1052
-1039
-946
-797
-776
-811
-938
-1027
-1087
-1106
-934
-737
-470
-292
-224
-266
-314
-452
-440
-425
-278
-18
188
222
62
-100
-314
-465
-506
-376
-226
-57
20
-18
-51
-50
14
88
49
77
181
383
586
670
599
382
203
216
366
529
656
622
553
447
360
357
350
379
297
164
35
4
10
79
285
513
528
394
146
-59
-112
-39
245
425
509
500
403
185
-74
-199
-250
-101
96
245
283
317
259
172
138
126
147
152
162
166
183
245
291
281
270
250
216
184
199
96
-1
-65
-206
-317
-317
-262
-257
-262
-314
-418
-565
-648
-726
-722
-676
-574
-585
-563
-498
-471
-346
-262
-116
-46
-46
-75
-27
-21
-20
-2
-122
-274
-318
-210
-27
96
88
-111
-383
-518
-577
-495
-353
-164
43
164
189
185
245
257
317
334
345
332
387
452
497
578
567
527
477
406
360
301
268
324
360
432
486
508
490
389
330
239
103
29
20
147
396
565
570
460
304
211
236
314
382
390
225
50
-104
-206
-309
-373
-318
-263
-213
-190
-284
-458
-590
-714
-837
-871
-747
-668
-684
-690
-719
-688
-674
-688
-686
-698
-670
-592
-505
-395
-317
-336
-318
-263
-122
29
108
145
152
121
7
-59
-77
-100
-2
141
214
210
173
11
-126
-116
-127
-98
-71
-69
-103
-106
-45
7
38
103
153
196
287
355
456
563
558
528
467
414
398
441
469
466
463
447
478
517
542
598
672
652
568
406
221
136
56
8
22
87
299
424
390
340
214
85
74
136
218
242
367
442
367
160
-18
-76
-35
91
84
-30
-236
-506
-816
-871
-701
-518
-271
-234
-359
-559
-696
-681
-576
-450
-380
-424
-447
-369
-261
-54
6
-64
-196
-332
-450
-422
-457
-405
-355
-384
-411
-504
-481
-384
-151
62
87
39
-20
-200
-262
-286
-171
114
344
457
347
208
132
227
284
362
535
640
745
856
906
967
1001
882
709
429
267
154
103
144
136
129
76
40
41
-28
-103
-118
-186
-167
-235
-302
-322
-284
-145
-61
-10
-13
-47
-86
-102
-77
-84
-248
-396
-529
-545
-463
-343
-157
-101
-177
-354
-543
-615
-515
-252
-4
66
53
-59
-205
-284
-237
-70
98
202
131
23
-75
-201
-251
-252
-106
32
86
80
-21
-47
-36
99
147
163
179
217
385
614
607
428
240
54
-45
-1
120
239
297
241
131
182
311
451
489
422
357
310
298
312
267
215
193
124
186
257
234
181
143
63
20
9
-20
1
45
57
46
-52
-124
-308
-437
-533
-594
-475
-314
-253
-265
-311
-410
-427
-374
-324
-324
-375
-411
-323
-368
-357
-309
-191
38
200
221
71
-173
-370
-374
-281
-210
-71
58
83
45
-52
-135
-136
-111
-125
-199
-229
-268
-251
-191
-84
95
153
241
221
118
35
180
392
593
697
635
489
412
388
328
318
343
426
448
407
288
206
146
201
308
363
413
443
423
385
316
283
365
466
493
507
426
204
169
148
129
36
-34
-74
-54
-62
-164
-259
-281
-355
-510
-554
-613
-615
-555
-553
-650
-718
-748
-835
-769
-687
-623
-506
-505
-624
-751
-814
-801
-657
-449
-245
-160
-109
-137
-256
-360
-428
-434
-343
-184
-174
-67
50
138
151
171
129
61
182
291
403
380
267
175
124
62
85
243
464
669
651
497
319
176
153
326
597
726
692
570
434
343
427
472
536
527
482
503
447
263
-16
-134
-35
202
523
745
705
526
355
107
13
132
314
528
642
626
445
247
188
177
276
346
362
359
167
-3
-285
-508
-554
-483
-316
-279
-371
-556
-597
-596
-607
-596
-551
-598
-635
-708
-777
-774
-771
-826
-918
-923
-845
-714
-659
-583
-579
-652
-691
-649
-544
-446
-378
-335
-273
-305
-413
-504
-438
-411
-357
-243
-233
-269
-248
-168
-109
-19
22
-44
-30
82
251
444
519
585
638
650
681
767
831
805
726
634
571
561
558
598
641
661
677
746
776
715
512
399
289
208
336
534
739
914
968
894
749
602
542
582
611
642
648
618
531
444
384
268
193
111
16
-115
-183
-203
-241
-219
-203
-194
-176
-341
-578
-797
-891
-868
-676
-505
-426
-372
-412
-560
-665
-653
-644
-558
-552
-665
-734
-832
-819
-760
-634
-558
-538
-667
-945
-1100
-1131
-1093
-1071
-973
-859
-673
-505
-390
-335
-377
-431
-482
-453
-345
-274
-164
-27
97
186
223
210
182
156
157
114
37
-68
-195
-165
-80
181
523
815
969
893
769
559
418
396
396
481
596
661
699
766
857
1066
1181
1166
1087
942
818
795
805
715
734
805
876
939
912
958
1002
957
895
690
477
257
111
157
150
179
117
14
-96
-101
-132
-127
-106
-114
-25
35
32
-88
-280
-388
-402
-436
-366
-438
-578
-735
-754
-683
-671
-608
-625
-652
-662
-706
-740
-721
-740
-801
-852
-910
-870
-727
-610
-513
-520
-613
-718
-859
-891
-743
-616
-478
-290
-210
-228
-312
-376
-389
-406
-512
-540
-489
-396
-215
-78
-111
-148
-155
-159
-80
-10
89
212
401
524
507
508
525
522
465
330
193
69
96
356
541
789
905
828
719
596
610
594
540
502
403
320
180
109
69
86
200
396
568
733
796
743
639
391
210
157
220
297
428
510
571
505
464
415
412
529
584
549
405
161
46
39
13
27
-39
-106
-81
-104
-166
-210
-233
-236
-306
-234
-219
-321
-381
-406
-376
-447
-510
-461
-391
-337
-353
-390
-509
-538
-676
-730
-759
-816
-822
-899
-1006
-1081
-989
-818
-657
-561
-559
-698
-828
-902
-734
-590
-340
-169
-35
-53
-194
-201
-258
-204
-144
-31
-29
-51
91
308
518
676
712
622
502
330
228
317
538
699
749
683
603
641
826
1045
1236
1300
1213
917
624
512
428
510
583
594
560
485
451
511
615
711
634
335
84
-77
-155
-193
-212
-212
-229
-242
-209
-191
-196
-182
-244
-321
-432
-470
-363
-217
-200
-267
-380
-497
-557
-501
-564
-616
-716
-771
-660
-534
-422
-443
-474
-634
-691
-717
-621
-514
-492
-418
-360
-264
-290
-218
-88
5
50
-12
-64
1
33
8
48
239
409
595
659
570
385
219
170
250
373
426
519
499
441
391
321
361
420
517
558
497
284
-16
-109
-40
134
222
183
98
-7
-95
-132
-92
-41
-25
-16
-30
-48
1
91
185
292
342
286
213
119
9
36
57
-22
-97
-27
-44
-138
-175
-281
-380
-385
-379
-350
-371
-473
-550
-500
-446
-334
-172
-89
7
-39
-30
13
6
54
74
128
266
290
309
263
146
172
171
117
-28
-127
-231
-222
-48
69
194
171
50
-214
-382
-455
-417
-259
-96
-2
-14
-66
-74
-136
-70
10
-28
-106
-195
-233
-222
-103
41
228
261
196
81
14
-16
22
-58
-56
65
209
268
231
143
70
77
20
10
97
241
354
430
397
274
133
43
18
-5
-50
45
110
179
81
-25
-43
41
159
205
95
-94
-144
-147
-78
59
190
226
170
85
31
-78
-115
-63
13
151
208
213
159
22
-40
-60
32
141
194
199
61
-106
-299
-412
-348
-234
-95
15
76
21
-113
-201
-242
-310
-243
-195
-230
-271
-270
-281
-328
-383
-333
-238
-155
-97
-116
-166
-152
-109
-151
-115
-133
-53
60
145
257
256
237
262
263
250
291
260
228
120
53
-103
-302
-406
-441
-331
-191
-67
-20
3
124
209
292
379
386
332
232
188
243
214
137
52
-58
-125
-147
-182
-252
-259
-254
-296
-316
-324
-323
-252
-187
-149
-172
-186
-146
-197
-189
-78
83
262
316
231
56
-45
-65
-43
-32
77
200
284
307
265
251
236
227
174
51
-10
-9
27
124
244
297
272
199
116
71
20
30
97
238
363
353
294
257
224
331
414
432
366
236
179
74
167
283
383
415
409
343
222
97
4
-101
-182
-238
-239
-204
-126
-16
-35
55
165
203
171
64
-52
-217
-308
-308
-218
-31
57
71
26
-70
-225
-377
-521
-613
-556
-484
-455
-310
-236
-283
-333
-558
-661
-676
-626
-466
-451
-412
-421
-485
-471
-465
-451
-426
-431
-524
-436
-374
-381
-364
-370
-343
-277
-159
-172
-207
-282
-307
-305
-262
-113
30
147
119
95
120
166
309
469
477
429
211
110
86
131
234
349
386
312
321
344
447
489
533
511
430
436
462
495
529
642
904
1147
1316
1241
1036
862
692
672
723
678
536
440
331
285
364
483
513
537
499
542
598
638
569
439
371
242
180
46
-30
-127
-218
-189
-221
-233
-300
-386
-463
-580
-608
-710
-865
-1015
-1151
-1171
-1109
-1023
-983
-1034
-1101
-1179
-1186
-1159
-1092
-1073
-1188
-1247
-1197
-1043
-732
-579
-502
-500
-547
-572
-649
-662
-632
-562
-416
-290
-249
-121
57
114
153
117
22
-11
-67
25
119
162
207
292
357
534
784
947
971
885
724
624
519
549
539
651
727
774
860
848
875
892
925
877
815
683
640
757
890
907
781
652
546
440
513
-29
-1685
-3579
-3751
-1415
2126
4568
4446
2700
1272
1181
1921
2273
1699
-15
-1720
-2500
-1523
1016
3199
3189
1446
-454
-1262
-327
842
815
16
-845
-1207
-1236
-1717
-2519
-2765
-2566
-1865
-1183
-835
-649
-919
-1646
-2048
-1915
-1916
-2074
-2082
-2148
-1795
-1271
-674
-410
-1021
-2932
-4807
-5338
-3951
-774
1873
2698
1954
983
-68
-140
273
584
504
-350
-776
265
982
434
-814
-1512
-1393
285
2320
3009
3088
2831
2873
2966
2351
1145
394
488
634
1400
2899
3905
4108
3016
2045
1776
1784
1756
2236
3010
3258
2817
2026
1201
109
-1191
-1872
-1406
-324
745
1075
400
-461
-1193
-1765
-1330
-422
85
248
96
-284
-850
-1693
-2411
-3040
-2831
-1886
-776
-122
27
-113
-87
146
392
722
808
528
319
692
1045
1063
288
-714
-1485
-1738
-1429
-1024
-741
-688
-1299
-2232
-2666
-2702
-2370
-1924
-1294
-889
-1042
-1586
-2149
-2469
-2616
-2596
-2415
-2120
-2053
-2313
-2994
-3655
-3775
-3594
-3506
-3668
-4113
-4319
-4114
-3507
-2620
-2056
-1879
-1937
-1843
-1253
-204
612
850
609
793
1514
2400
2822
2250
1150
123
-318
-185
267
838
1541
2296
3171
4119
4697
4672
4264
3623
2961
2645
2463
2503
2715
3255
3971
4694
5062
4997
4316
2828
1630
1528
2338
3265
4348
5446
6236
6473
6156
5806
5327
4566
3762
3150
2752
2504
2255
2176
2086
2459
3264
3969
4304
4061
3643
3587
3865
3635
2519
643
-1368
-2983
-4001
-4247
-3755
-3293
-3103
-3035
-2565
-1509
-353
144
-44
-526
-1238
-2459
-4223
-5870
-6922
-7160
-6246
-4547
-2963
-2436
-3752
-6412
-9008
-9893
-8772
-6603
-4587
-3335
-2871
-3052
-3315
-3297
-2833
-1916
-736
43
56
-539
-1010
-1228
-1498
-1827
-2074
-1740
-909
-106
106
-9
-208
-228
-87
113
117
-331
-629
-348
-76
-324
-1022
-1486
-1359
-801
-159
243
295
-68
-720
-1162
-1068
-1061
-1447
-2492
-3141
-2661
-2065
-2253
-3453
-4499
-4554
-3435
-1367
842
2128
2499
2401
1915
1521
1303
1530
2665
4413
5957
6561
5771
3854
1582
-257
-1155
-950
294
2105
3625
4140
3296
2302
2480
3748
4969
5561
5434
4395
3179
2300
2284
2773
2994
2629
2020
2017
2564
2870
2609
1686
763
374
517
1009
1502
1674
1288
683
92
-731
-1598
-2367
-2699
-2157
-764
877
1717
1657
885
-76
-422
45
781
1281
1165
618
229
275
478
506
246
-330
-828
-854
-886
-1371
-2204
-3188
-3864
-3508
-2087
-236
1088
1280
458
-628
-1039
-715
-73
186
-436
-1559
-2629
-3715
-4419
-4240
-3493
-2671
-2025
-1671
-1902
-2374
-2527
-1998
-661
1024
1897
1416
109
-1087
-1138
-296
858
1493
1322
754
386
848
1475
1834
1910
1676
1404
1352
1526
1426
916
406
108
-91
-158
-83
108
510
789
772
304
-395
-1075
-1265
-1149
-1082
-1049
-1301
-1712
-1955
-1836
-1374
-1016
-1128
-1750
-2466
-2518
-1727
-209
1364
2328
2674
2685
2581
2949
3588
3884
3298
1756
8
-1702
-3152
-4219
-4695
-4315
-3373
-2703
-2549
-2923
-3437
-3186
-2396
-1693
-1361
-1167
-1055
-939
-696
-296
256
762
1247
1624
1885
2292
2897
3488
3910
4240
4390
4422
4621
4383
3869
3390
2594
1672
1005
698
708
716
803
861
806
634
506
575
814
1445
2354
3241
3828
3830
3049
1791
269
-937
-1545
-1694
-1421
-1417
-1967
-2833
-3840
-4392
-4372
-4099
-3788
-3454
-3074
-2668
-2169
-1897
-1960
-2051
-2042
-1926
-1763
-1572
-1630
-1816
-1926
-1944
-1926
-1761
-1449
-1347
-1302
-1272
-1074
-677
-134
517
1150
1591
1930
2284
2762
3122
3088
2881
2511
2138
2121
2353
2457
2337
1889
1289
965
1162
1638
1528
556
-1076
-2792
-4046
-4664
-4475
-3610
-2547
-1664
-1178
-1090
-1108
-990
-811
-496
-54
592
1234
1519
1199
539
-42
-284
-556
-990
-1221
-1326
-1108
-679
-193
189
614
1513
2613
3335
3663
3655
3113
2400
1897
1559
1451
1601
2500
3698
4191
3050
201
-3121
-4871
-3996
-1875
-294
-125
-768
-1123
-529
698
1747
2111
1471
356
-276
-322
-334
-695
-1057
-979
-177
1028
1654
1894
2178
2497
2173
1019
-395
-1330
-1158
113
1577
2101
1963
1750
1423
554
-740
-1740
-1573
-1047
-1232
-1997
-2660
-2772
-2416
-2090
-2228
-2363
-2125
-1440
-891
-674
-827
-1082
-1080
-862
-724
-908
-1216
-1404
-1177
-777
-552
-663
-1040
-1212
-1089
-617
126
920
1335
1171
540
74
-60
-30
167
330
518
457
131
-512
-823
-544
155
942
1368
1443
1121
589
40
-466
-663
-563
-461
-537
-918
-1468
-1483
-798
83
792
1359
2004
2703
3323
3251
2512
1601
1258
1676
2274
2695
2991
3075
2318
1142
-86
-978
-1708
-2300
-2344
-1714
-993
-1047
-1824
-2923
-3452
-2777
-1123
803
2466
3164
2797
2156
1825
1648
1291
773
-54
-697
-774
-280
1
-871
-2365
-3064
-2365
-1216
-852
-1569
-2464
-2667
-1924
-738
306
855
793
801
1324
1971
2001
1157
-162
-1217
-1595
-1219
-625
43
649
1080
1252
882
78
-627
-735
-396
-18
238
477
535
512
521
333
44
-290
-665
-921
-1160
-1615
-2056
-2145
-1286
350
1606
1933
1579
1144
757
374
-385
-1417
-2018
-1984
-1518
-877
-279
-61
-34
174
387
580
782
720
504
280
216
439
575
417
74
-314
-819
-1218
-1123
-225
1340
2989
3861
3349
1951
599
204
564
1760
3152
4081
4210
3633
2898
2668
2914
2732
1623
1
-982
-1195
-926
-657
-932
-1756
-2979
-3862
-4181
-3989
-3459
-2955
-2324
-1623
-1383
-1600
-2174
-2520
-2468
-2061
-1715
-1845
-2278
-2277
-1536
-543
408
579
243
-650
-1305
-1510
-1643
-1986
-2585
-2864
-2525
-1651
-912
-476
-143
211
823
1652
2408
2836
2956
2894
2978
3347
3685
3708
3358
2737
2131
1652
1204
594
-199
-758
-807
-613
-632
-908
-1232
-952
-13
1058
1557
1375
848
249
81
329
825
1209
1365
1478
1633
1575
1219
676
431
668
1226
2029
2361
2074
1329
478
-178
-381
-336
-414
-797
-1309
-1708
-2097
-2422
-2561
-2295
-1516
-592
122
424
230
-102
-291
-380
-337
-112
88
197
118
-59
-348
-570
-440
-15
454
738
778
630
434
108
-435
-844
-864
-428
8
-45
-504
-1284
-1624
-1535
-1305
-1007
-844
-784
-1100
-1608
-2061
-2504
-2736
-2628
-2232
-1612
-1024
-563
-143
231
656
1196
1782
2126
2109
1787
1180
465
-42
303
1627
2822
2829
1409
-734
-2069
-1962
-978
-256
-333
-795
-1195
-1177
-764
-111
655
1188
1440
1423
1161
693
210
83
178
339
378
383
191
-193
-133
510
940
871
520
472
828
1104
1178
640
-357
-1355
-2035
-2121
-1669
-959
-435
-352
-668
-1204
-920
204
1266
1407
247
-1218
-1534
-607
891
1558
923
-154
-371
458
1379
1759
1360
738
429
685
1257
1790
1937
1772
1281
708
388
219
140
53
-154
-445
-584
-596
-621
-504
-332
-287
-425
-597
-697
-673
-689
-866
-1048
-1152
-1099
-1039
-953
-906
-866
-725
-525
-203
58
274
619
809
1030
1317
1444
1506
1389
1273
1177
1016
1016
1167
1219
918
575
651
961
1083
634
-412
-1403
-1822
-1540
-674
235
689
367
-582
-1735
-2361
-2261
-1782
-1154
-423
140
316
-267
-1138
-1665
-1581
-1006
-562
-507
-804
-1134
-1193
-1113
-1488
-2331
-3160
-3166
-1936
-174
1342
2044
2118
2121
2450
2902
3289
3341
3099
2546
1971
1443
863
325
-289
-693
-860
-819
-748
-849
-1018
-1197
-1347
-1450
-1393
-1237
-1028
-700
-300
114
357
496
443
369
310
274
332
433
548
493
231
-56
-198
-23
450
825
1163
1239
883
447
244
342
553
542
277
-93
-451
-488
-261
-39
40
-164
-504
-472
-87
432
716
649
402
29
-273
-323
-415
-525
-570
-586
-470
-405
-591
-901
-978
-809
-494
-72
277
522
741
945
1003
869
610
551
660
562
394
152
-49
-238
-457
-548
-483
-281
-176
-212
-460
-677
-807
-722
-486
-394
-296
-361
-608
-896
-1052
-934
-547
-110
140
214
148
49
-167
-413
-582
-740
-816
-902
-965
-925
-721
-425
-76
267
454
519
483
445
313
302
260
182
199
344
548
708
751
682
660
665
712
766
818
735
642
631
814
962
1059
1085
1073
1001
975
982
834
605
396
235
84
-43
-88
-90
-139
-162
-233
-269
-259
-222
-174
-190
-244
-299
-171
98
392
549
520
340
48
-193
-274
-124
22
208
335
550
736
787
761
463
149
-269
-698
-955
-998
-862
-616
-527
-519
-368
-235
-42
24
-189
-460
-804
-1057
-1092
-993
-877
-793
-784
-712
-764
-731
-578
-634
-852
-1066
-1127
-861
-385
-165
6
-88
-266
-414
-544
-621
-624
-497
-380
-326
-335
-461
-535
-344
-82
159
346
495
554
656
770
972
1067
1157
1168
1047
854
701
735
819
911
980
1047
1048
1054
928
667
257
-207
-452
-453
-253
2
120
22
-116
-256
-342
-366
-327
-320
-337
-615
-848
-925
-708
-200
295
589
563
543
556
623
641
740
679
556
520
614
730
660
496
236
-154
-539
-856
-1055
-1146
-1171
-1138
-1157
-1280
-1513
-1658
-1611
-1303
-889
-417
-29
208
240
1
-321
-408
-205
190
476
588
627
708
784
864
811
773
949
1275
1642
1889
1895
1563
1218
833
440
89
-166
-375
-529
-484
-279
-119
-66
40
162
306
558
755
895
982
1002
967
1041
1035
782
344
-245
-635
-711
-592
-562
-546
-640
-811
-1170
-1470
-1503
-1354
-1077
-947
-758
-597
-292
92
409
735
1032
1128
951
626
348
85
-173
-483
-817
-1164
-1443
-1544
-1606
-1549
-1578
-1786
-1876
-1930
-1861
-1693
-1446
-1254
-1071
-1027
-970
-929
-760
-564
-421
-206
107
558
919
1036
953
763
465
254
102
63
88
244
416
721
1088
1356
1522
1726
1842
1838
1707
1545
1509
1477
1583
1633
1452
1030
595
242
178
326
371
363
310
174
116
106
66
-85
-385
-640
-816
-739
-593
-400
-164
-14
103
131
217
392
613
773
827
787
756
792
867
942
853
722
535
385
463
558
528
270
-138
-444
-646
-655
-605
-597
-544
-495
-558
-684
-895
-1199
-1307
-1324
-1319
-1273
-1304
-1431
-1542
-1646
-1769
-1818
-1637
-1283
-879
-500
-399
-348
-370
-331
-154
11
175
95
-58
-268
-459
-579
-758
-700
-600
-524
-485
-439
-362
-213
64
220
378
474
580
588
744
900
1161
1291
1323
1352
1144
1014
846
692
662
678
803
958
1032
974
740
552
346
276
226
286
431
627
796
777
607
414
346
373
519
512
403
274
90
-24
-47
-97
-130
-143
-227
-170
64
232
430
477
340
128
-143
-273
-262
-109
-17
-102
-355
-529
-548
-456
-321
-203
-293
-376
-495
-506
-347
-329
-269
-174
-94
-100
-242
-442
-563
-704
-591
-458
-489
-652
-903
-1107
-1185
-1191
-1154
-1071
-1109
-1170
-1199
-1192
-1125
-1004
-805
-496
-111
183
379
406
348
266
94
24
-39
-68
-55
2
86
119
126
136
137
151
241
334
439
551
578
506
455
375
354
301
361
515
667
688
592
412
206
151
202
345
484
502
617
814
872
898
813
770
771
869
981
990
1023
1037
1021
1045
1225
1159
915
689
323
123
84
201
274
265
175
9
-108
-74
39
71
114
13
-181
-236
-192
-87
-21
-84
-165
-325
-522
-564
-538
-517
-502
-556
-644
-637
-612
-648
-642
-674
-715
-714
-693
-693
-681
-720
-788
-962
-1188
-1411
-1476
-1308
-1138
-941
-913
-1008
-1036
-953
-824
-706
-748
-979
-1129
-1105
-712
-178
319
629
815
890
816
728
715
703
646
607
415
264
124
37
-11
36
104
83
75
54
82
204
235
185
181
100
26
24
42
82
260
497
562
604
630
548
483
483
517
548
438
473
588
673
800
814
761
681
526
507
531
644
833
995
1083
1072
967
913
846
737
629
400
328
353
431
416
387
172
73
-24
-143
-162
-413
-589
-758
-752
-676
-492
-331
-212
-182
-219
-261
-334
-411
-493
-563
-782
-967
-996
-861
-682
-577
-667
-921
-1172
-1285
-1227
-1074
-926
-910
-947
-994
-926
-910
-749
-611
-517
-349
-189
-32
-18
-84
-194
-227
-234
-140
36
210
343
503
520
528
603
609
649
464
224
85
62
217
569
888
1124
1102
793
440
97
-115
-150
-24
110
332
482
425
320
197
108
22
81
189
321
419
360
277
205
202
232
395
515
643
744
673
494
313
212
68
-17
-76
-162
-208
-367
-546
-656
-733
-719
-678
-478
-349
-134
-7
-44
-95
-184
-228
-248
-247
-207
-172
-84
-82
-112
-137
-113
-13
93
201
376
480
428
350
158
-8
-125
-111
-101
-52
-105
-307
-423
-456
-373
-277
-297
-335
-492
-554
-566
-547
-481
-345
-171
-141
-198
-233
-208
-100
-8
106
263
282
225
232
252
286
377
391
351
166
-31
12
83
125
257
323
403
451
489
532
585
583
569
479
314
126
-8
51
232
411
389
146
-72
-150
-150
27
284
387
336
87
-196
-319
-236
-35
61
77
-46
-115
-139
-104
-9
87
83
11
-78
-141
-156
-183
-223
-159
-195
-233
-110
-82
75
165
218
224
190
30
-126
-162
-59
103
371
620
684
634
642
692
611
534
386
336
204
148
23
-316
-491
-626
-692
-687
-756
-932
-1163
-1309
-1289
-1229
-1166
-1108
-1208
-1275
-1146
-932
-787
-717
-791
-863
-854
-821
-778
-693
-641
-550
-476
-453
-437
-387
-335
-185
-121
-135
-153
-58
309
700
986
978
945
905
944
998
1118
1141
1060
959
799
801
843
899
993
1026
944
809
681
612
639
567
448
337
269
206
241
264
228
195
159
191
172
184
230
328
390
510
630
711
681
512
305
171
206
370
562
634
490
290
181
246
457
593
565
415
41
-360
-627
-621
-378
1
253
250
92
-176
-406
-525
-580
-556
-499
-518
-561
-652
-862
-954
-1173
-1576
-1879
-2029
-2005
-1941
-1639
-1326
-990
-732
-616
-627
-474
-210
111
501
613
594
514
599
681
776
751
554
331
191
124
118
109
69
89
82
127
233
205
27
-228
-527
-742
-868
-831
-757
-573
-404
-327
-379
-450
-516
-593
-491
-335
-132
110
248
170
137
145
244
322
286
210
174
259
425
544
585
507
361
398
441
528
608
630
644
547
480
549
605
618
538
427
461
529
678
784
915
910
788
717
569
450
406
367
343
337
344
300
207
-4
-230
-383
-569
-546
-451
-332
-213
-184
-235
-426
-693
-983
-1222
-1303
-1265
-1146
-972
-788
-624
-463
-356
-201
-77
-68
-99
-151
-100
-5
116
243
338
377
260
92
21
-32
17
8
-63
-107
-337
-542
-645
-605
-423
-248
-56
99
210
203
125
71
3
-70
-171
-153
-105
-47
4
1
125
183
153
189
193
249
373
520
629
701
721
772
880
912
877
838
811
766
801
840
860
804
749
772
768
712
631
568
636
647
646
625
547
483
369
247
144
76
-64
-136
-251
-402
-351
-208
-131
-154
-319
-542
-684
-703
-652
-711
-816
-902
-1031
-1145
-1302
-1422
-1465
-1395
-1425
-1487
-1564
-1596
-1575
-1541
-1414
-1400
-1527
-1580
-1771
-1869
-1785
-1666
-1417
-1134
-846
-532
-256
-45
3
35
115
116
131
116
182
310
416
549
713
830
698
587
454
415
569
650
741
785
914
1027
1235
1483
1583
1546
1358
1283
1318
1492
1523
1518
1419
1312
1252
1177
1184
1250
1298
1247
1159
1092
993
768
645
456
331
299
273
317
368
364
199
73
-42
2
170
209
176
45
-40
-124
-54
-96
-225
-316
-445
-473
-434
-361
-318
-317
-346
-403
-535
-764
-1090
-1263
-1231
-1081
-872
-695
-650
-673
-703
-697
-723
-699
-708
-698
-658
-527
-477
-549
-645
-628
-501
-455
-449
-596
-691
-727
-732
-743
-801
-921
-1044
-1148
-1064
-775
-400
-156
-103
-126
-306
-417
-479
-492
-413
-379
-254
-46
218
376
513
565
494
484
421
367
364
394
351
326
377
380
448
421
449
530
501
379
226
226
315
429
544
579
613
763
908
976
1020
984
906
860
784
799
825
749
636
612
818
940
1022
966
807
722
727
850
806
702
538
371
303
444
548
399
230
9
-76
-144
-86
39
44
-7
-157
-228
-291
-434
-596
-623
-589
-454
-369
-358
-410
-507
-717
-872
-990
-1089
-1021
-987
-969
-1073
-1208
-1285
-1384
-1265
-1120
-928
-835
-938
-1079
-1143
-1024
-839
-673
-667
-551
-518
-500
-601
-654
-573
-428
-161
76
85
-46
-148
-192
-92
105
272
327
350
401
514
536
573
545
635
696
785
772
587
463
577
840
1096
1317
1298
1097
800
520
298
282
389
536
596
632
596
463
256
80
21
96
264
381
417
381
325
208
172
237
263
372
395
280
95
-68
-91
-68
26
151
244
220
205
126
8
-145
-308
-415
-492
-467
-471
-527
-527
-556
-566
-480
-363
-377
-459
-502
-576
-502
-394
-252
-217
-161
-240
-287
-260
-291
-347
-511
-664
-841
-848
-810
-756
-644
-515
-462
-410
-410
-414
-334
-281
-260
-271
-256
-212
-202
-105
62
137
183
261
286
264
201
138
96
201
417
549
552
509
321
107
28
-19
-21
-13
74
143
262
411
490
534
534
595
625
653
609
636
709
723
730
649
496
272
204
204
277
273
230
166
224
488
683
918
968
950
826
632
441
307
221
189
177
166
45
-37
-100
-71
35
115
181
134
-5
-184
-232
-250
-248
-294
-273
-208
-213
-170
-151
-224
-429
-613
-770
-872
-841
-794
-749
-700
-627
-567
-493
-378
-319
-369
-462
-477
-459
-438
-497
-713
-955
-1161
-995
-726
-457
-271
-205
-170
-129
12
-1
12
-55
-155
-177
-211
-232
-225
-84
111
192
320
223
79
49
128
273
360
445
418
410
341
292
267
223
341
492
529
593
577
468
380
365
286
246
204
91
39
31
119
193
282
302
229
67
-3
-11
-70
-98
-248
-449
-556
-561
-522
-448
-290
-150
8
-7
-149
-312
-546
-737
-765
-612
-470
-223
-31
60
69
-51
-73
-106
-135
-149
-169
-188
-198
-222
-199
-229
-268
-188
68
250
233
163
61
89
230
408
456
320
140
54
119
220
368
460
539
585
662
782
844
908
905
835
841
909
940
1008
1021
893
686
564
564
631
661
554
392
350
378
380
248
112
8
-19
40
55
63
80
98
94
106
152
170
146
141
138
91
70
104
90
99
59
-72
-286
-458
-513
-571
-624
-792
-979
-1050
-1032
-986
-1082
-1269
-1451
-1536
-1561
-1469
-1259
-1134
-982
-769
-728
-704
-671
-627
-579
-541
-505
-464
-336
-290
-331
-372
-425
-412
-281
-224
-181
-157
-206
-250
-183
-58
131
318
285
143
71
90
266
352
392
353
274
250
358
581
694
628
403
142
-68
6
303
488
589
553
509
637
864
934
854
604
397
459
682
888
874
647
358
174
179
295
313
314
318
306
357
338
255
160
52
17
-65
-115
-42
40
75
27
-99
-199
-328
-386
-295
-241
-158
-72
-87
-203
-366
-493
-476
-359
-248
-257
-330
-315
-265
-244
-213
-243
-268
-217
-127
43
72
53
-96
-187
-235
-315
-374
-474
-537
-524
-474
-380
-204
-47
-8
-96
-219
-310
-285
-236
-152
4
61
41
-15
-95
-52
77
291
475
579
654
570
487
499
633
761
833
808
677
602
583
575
651
705
759
710
625
476
288
255
310
323
253
155
55
-49
-139
-229
-368
-432
-315
-20
87
63
-150
-377
-480
-423
-287
-247
-176
-142
-78
-113
-256
-374
-557
-707
-721
-714
-586
-365
-219
-71
-79
-13
-12
8
-81
-291
-470
-567
-465
-372
-197
-137
-229
-365
-425
-470
-469
-461
-446
-380
-385
-339
-273
-226
-189
-182
-188
-299
-363
-302
-232
-231
-173
-175
-210
-192
-233
-193
-160
-61
-9
126
306
467
497
413
297
133
182
318
501
583
450
334
259
312
490
699
747
780
792
823
922
893
874
744
705
701
727
762
765
733
704
692
655
651
663
723
696
693
623
538
387
244
151
148
176
231
223
176
32
-159
-374
-543
-584
-614
-646
-776
-913
-979
-1019
-959
-856
-814
-888
-1067
-1176
-1263
-1214
-1188
-1120
-1105
-1101
-1012
-953
-900
-942
-960
-939
-757
-572
-602
-592
-600
-575
-402
-167
-47
-86
-210
-315
-309
-349
-301
-250
-122
-36
31
82
88
137
145
231
302
381
361
322
402
585
765
834
881
875
908
853
771
786
743
735
824
851
961
1055
1106
1112
1114
1220
1203
1158
1009
808
835
924
913
856
670
468
334
274
356
490
631
632
566
456
292
159
83
33
66
81
-19
-70
-267
-399
-453
-465
-381
-385
-404
-483
-712
-865
-1038
-1052
-994
-875
-786
-796
-860
-900
-869
-813
-664
-689
-810
-956
-1030
-1096
-1103
-1105
-1072
-989
-844
-678
-583
-637
-746
-854
-800
-671
-503
-382
-362
-310
-329
-270
-243
-118
-5
72
56
87
97
11
78
196
386
437
402
282
83
70
119
189
270
386
418
443
398
440
567
617
625
595
563
495
538
708
871
1037
1114
1024
918
858
830
839
896
898
868
911
1007
997
916
817
713
664
629
625
602
531
455
343
221
94
-135
-237
-189
-93
103
208
164
-6
-202
-402
-568
-566
-513
-516
-563
-629
-786
-838
-810
-740
-628
-622
-684
-704
-681
-648
-558
-533
-582
-684
-844
-942
-934
-939
-811
-650
-561
-545
-530
-477
-480
-495
-550
-652
-772
-841
-773
-642
-512
-372
-299
-248
-236
-252
-255
-243
-148
-38
116
141
132
152
188
214
175
159
193
248
296
388
458
496
525
671
879
1000
1054
1000
850
708
631
632
687
778
866
980
999
1036
1074
1133
1173
1095
978
876
854
811
808
788
722
630
532
479
470
397
261
171
88
3
-36
-12
-18
-26
-135
-199
-319
-407
-394
-410
-524
-551
-575
-671
-771
-905
-1012
-1042
-974
-972
-884
-859
-895
-975
-1038
-966
-788
-664
-694
-670
-678
-656
-672
-669
-627
-632
-535
-496
-461
-387
-235
-68
-65
-145
-199
-292
-278
-333
-326
-357
-379
-426
-472
-419
-302
-121
96
209
274
146
46
118
68
212
334
474
521
559
585
527
645
699
793
798
681
599
485
474
370
277
173
191
255
301
355
402
557
620
677
640
565
487
461
497
549
673
751
723
578
368
231
142
-9
-167
-310
-231
-79
49
140
206
251
241
191
192
229
197
210
140
125
43
-22
28
53
6
-86
-192
-350
-461
-483
-459
-531
-552
-540
-573
-674
-723
-707
-669
-566
-466
-342
-287
-267
-347
-449
-503
-513
-479
-533
-574
-533
-441
-347
-327
-347
-476
-490
-365
-150
45
91
35
-137
-172
-133
-56
-63
-74
-132
-124
-137
-196
-100
39
156
289
316
263
160
47
55
72
166
197
330
359
307
371
429
363
373
427
327
190
6
-103
-125
22
293
664
806
772
679
534
498
477
507
479
527
552
548
554
452
371
329
381
389
364
336
226
149
95
12
-2
-39
-82
-181
-203
-143
-5
26
38
19
-114
-304
-529
-501
-422
-293
-172
-115
-165
-299
-451
-509
-487
-437
-319
-245
-235
-162
-90
-177
-290
-377
-465
-481
-516
-498
-379
-259
-121
4
40
-59
-276
-505
-640
-667
-584
-361
-286
-278
-304
-335
-280
-265
-244
-214
-110
-80
-121
-209
-351
-399
-332
-221
-63
54
223
345
328
306
265
304
413
470
492
488
469
410
348
221
260
453
761
981
988
814
660
521
468
488
526
545
414
226
4
-66
-44
124
161
159
95
129
209
245
226
71
-34
-149
-186
-273
-280
-189
-98
-128
-152
-150
-177
-201
-171
-46
98
192
183
135
135
140
162
128
38
-18
-179
-359
-501
-533
-468
-356
-80
145
301
335
209
10
-162
-267
-302
-243
-261
-257
-233
-238
-167
-106
-136
-216
-362
-558
-762
-890
-878
-815
-599
-366
-203
-34
69
86
-11
-227
-382
-408
-367
-156
43
176
187
102
-50
-142
-113
-87
-45
12
-3
-46
-14
117
266
424
571
522
470
380
365
410
372
277
232
177
139
323
419
446
389
234
86
8
126
283
458
465
338
247
195
248
377
442
476
507
582
535
413
246
117
123
190
293
303
224
20
-98
-148
-176
-126
-4
87
115
22
-209
-425
-502
-472
-370
-323
-347
-316
-372
-384
-301
-260
-231
-308
-475
-615
-640
-568
-468
-434
-391
-456
-483
-478
-496
-583
-644
-641
-619
-658
-641
-553
-488
-414
-445
-466
-284
-5
126
108
-72
-369
-409
-210
8
213
343
349
335
281
259
306
321
431
534
609
691
771
728
702
663
514
504
544
609
731
767
699
688
613
538
477
397
280
135
32
90
298
486
568
575
549
475
438
449
423
280
109
-46
-86
-90
9
240
386
485
462
335
215
153
196
283
340
289
174
-64
-252
-301
-357
-413
-496
-572
-708
-729
-640
-557
-537
-640
-876
-1116
-1202
-1166
-1230
-1259
-1186
-1127
-967
-789
-716
-774
-779
-869
-793
-628
-434
-293
-250
-240
-204
-91
-60
-119
-258
-357
-382
-415
-390
-360
-342
-340
-297
-258
-303
-335
-323
-197
-11
65
112
198
270
331
418
483
442
348
250
178
174
207
373
484
601
625
628
618
622
660
674
841
911
956
1003
1068
1171
1240
1358
1377
1325
1265
1243
1184
1108
1005
865
770
683
672
595
589
711
833
970
1054
869
553
217
-37
-113
-177
-135
-120
-111
-142
-188
-160
-218
-313
-531
-708
-779
-787
-655
-569
-403
-437
-501
-570
-722
-786
-822
-793
-830
-860
-995
-1139
-1391
-1501
-1548
-1442
-1284
-1176
-1111
-1049
-940
-957
-851
-828
-870
-848
-768
-627
-412
-255
-177
-124
-128
-135
-186
-183
-79
66
90
81
77
103
78
48
45
-2
25
47
111
184
403
561
594
616
580
466
317
279
313
359
308
182
222
367
486
483
455
448
447
595
756
867
754
661
568
472
522
567
632
501
444
535
601
713
661
597
518
427
408
448
482
473
439
367
364
289
161
25
-90
-91
-125
-144
-188
-250
-353
-381
-280
-167
-206
-319
-437
-528
-484
-429
-374
-385
-456
-493
-441
-253
-151
-132
-130
-285
-401
-444
-522
-442
-463
-469
-408
-260
-146
-110
-125
-252
-444
-642
-705
-728
-651
-570
-425
-320
-253
-290
-364
-418
-474
-522
-511
-442
-315
-280
-208
-159
-188
-140
-142
-30
18
113
246
352
416
413
426
375
366
427
458
486
495
505
580
734
818
774
764
751
912
1067
1167
1269
1264
1299
1339
1299
1167
930
715
568
621
795
861
799
669
533
450
373
252
49
-201
-346
-450
-493
-470
-547
-752
-913
-949
-857
-693
-550
-613
-755
-864
-918
-907
-917
-880
-858
-862
-835
-822
-777
-769
-653
-601
-591
-608
-570
-408
-245
-119
-26
-50
-66
-8
-99
-248
-335
-487
-672
-790
-780
-648
-400
-36
119
214
118
46
-60
-115
-191
-402
-478
-502
-386
-213
14
97
58
-50
-171
-300
-369
-253
-57
268
425
576
632
581
547
453
519
581
730
756
731
779
754
649
461
328
219
249
404
585
771
880
837
780
588
420
355
405
484
483
467
399
445
450
482
481
408
254
257
321
438
537
451
334
139
41
-10
32
-28
-67
-225
-287
-197
-87
-12
-49
-199
-477
-598
-603
-586
-568
-590
-551
-466
-387
-331
-352
-340
-408
-512
-588
-637
-548
-438
-315
-204
-177
-201
-359
-460
-412
-340
-305
-476
-611
-632
-644
-668
-615
-561
-473
-205
21
-17
-140
-250
-320
-392
-309
-172
-55
44
125
213
201
129
75
139
215
319
319
263
206
81
123
205
342
498
543
439
278
170
62
-15
-3
96
295
442
415
269
118
14
95
282
426
567
527
400
229
220
266
259
179
65
14
-11
74
162
168
160
101
130
205
288
273
220
112
20
-54
-114
62
157
163
229
273
301
337
353
316
182
5
-67
-150
-207
-188
-188
-172
-195
-226
-210
-186
-238
-217
-234
-357
-431
-403
-355
-298
-201
-190
-178
-212
-339
-402
-351
-214
-136
-25
-61
-153
-154
-182
-127
-53
-58
-110
-208
-334
-332
-292
-215
-218
-76
98
224
271
220
77
0
22
46
220
281
312
266
161
98
87
14
-3
18
78
148
232
246
187
171
135
86
48
-48
-68
-17
40
137
59
-44
-55
5
162
186
188
89
-60
-93
-100
-21
1
39
-32
-157
-232
-286
-226
-64
135
270
340
268
28
-149
-128
-80
55
142
86
-19
-91
-181
-182
-189
-239
-192
-47
111
112
12
-143
-271
-314
-248
-69
126
223
148
18
-98
-117
-59
108
272
335
242
58
-111
-277
-285
-294
-263
-233
-212
-65
-25
-3
-90
-259
-444
-453
-361
-247
-215
-323
-371
-368
-277
-132
-30
-96
-134
-57
22
61
176
232
209
216
237
179
88
-24
-114
-108
-57
94
217
308
425
578
575
495
387
268
224
179
296
408
574
645
630
596
652
684
516
415
292
265
353
365
381
320
237
206
186
255
323
383
433
422
249
82
-84
-109
-46
15
39
50
22
-58
-209
-275
-138
-86
2
-24
-102
-230
-443
-585
-747
-835
-819
-795
-851
-866
-883
-903
-928
-832
-722
-624
-566
-576
-572
-522
-588
-653
-592
-464
-205
-19
-67
-226
-341
-338
-293
-213
-171
-85
-28
-10
69
87
48
-7
-44
-53
4
-70
-108
-27
45
73
154
154
164
243
247
231
143
-20
-81
-28
75
97
78
96
83
197
340
413
472
491
634
826
1003
1068
934
650
344
234
246
387
539
698
872
1108
1223
1164
1030
854
760
692
768
874
828
743
560
395
226
80
-24
-46
16
68
87
5
-143
-295
-432
-424
-348
-268
-211
-398
-611
-672
-698
-684
-794
-924
-1012
-1096
-1070
-830
-512
-325
-286
-450
-558
-609
-606
-535
-538
-582
-666
-747
-856
-885
-804
-713
-604
-506
-415
-367
-358
-288
-231
-179
-211
-280
-291
-378
-296
-263
-186
-144
-107
-110
-39
61
86
105
73
128
269
367
331
324
263
185
135
202
312
310
273
207
259
458
656
760
682
588
535
632
741
799
839
724
568
365
246
320
345
451
513
541
521
570
606
561
552
491
414
397
492
563
566
515
459
395
400
421
465
428
323
226
173
165
134
29
-147
-327
-399
-359
-241
-268
-334
-422
-497
-414
-353
-374
-527
-613
-638
-632
-634
-548
-563
-584
-554
-569
-593
-740
-803
-884
-905
-950
-1047
-1121
-1110
-991
-931
-747
-737
-793
-815
-792
-751
-738
-568
-433
-340
-250
-334
-345
-411
-367
-317
-274
-78
75
224
257
251
196
233
335
599
837
990
1103
1104
1097
1038
915
811
754
680
724
779
847
856
798
695
571
528
502
572
669
777
849
816
816
779
670
625
526
438
471
519
593
590
499
457
345
278
232
236
260
174
87
-74
-238
-360
-563
-665
-727
-731
-609
-504
-351
-238
-167
-157
-155
-179
-277
-428
-617
-760
-808
-878
-914
-834
-765
-788
-841
-885
-838
-675
-584
-577
-491
-382
-274
-222
-250
-380
-495
-599
-680
-653
-640
-649
-758
-776
-648
-485
-258
-90
6
-32
-128
-147
-169
-19
141
146
183
150
177
328
516
677
749
760
694
687
704
708
679
743
732
717
648
587
585
572
639
608
618
598
497
462
454
470
549
605
645
598
589
584
522
416
310
192
96
87
143
142
100
137
224
312
296
197
65
-46
-112
-21
31
33
-88
-158
-262
-419
-457
-496
-552
-550
-503
-457
-412
-478
-518
-533
-571
-668
-723
-734
-811
-843
-990
-1083
-1045
-912
-821
-753
-812
-834
-703
-499
-323
-208
-210
-253
-245
-197
-133
-163
-183
-239
-204
-31
84
215
239
284
309
309
340
342
303
175
138
171
274
396
460
386
199
83
95
306
540
722
777
681
590
496
469
438
373
300
199
126
197
364
444
408
347
178
19
-11
32
77
193
352
407
379
394
473
460
398
305
208
217
352
368
450
487
409
320
205
135
134
190
108
18
-8
-74
-71
-176
-334
-426
-440
-258
-44
98
-2
-257
-563
-661
-524
-315
-296
-492
-653
-748
-731
-656
-532
-495
-422
-408
-408
-289
-234
-264
-315
-340
-335
-388
-485
-508
-462
-422
-401
-352
-325
-257
-221
-298
-249
-236
-277
-230
-230
-292
-234
-107
-40
83
106
45
-12
52
170
307
349
345
186
-5
-87
-81
11
119
149
184
265
338
302
287
312
295
423
496
600
674
592
491
461
403
374
389
405
426
342
226
107
71
139
248
342
446
509
558
405
172
93
108
204
183
82
14
79
263
343
314
277
162
150
112
42
32
37
22
-8
-99
-264
-308
-402
-506
-587
-557
-556
-419
-354
-414
-435
-408
-368
-263
-128
-52
35
96
44
-44
-197
-206
-113
-125
-153
-173
-122
-71
25
30
42
72
21
-103
-280
-394
-282
-154
-50
-31
-53
-104
-232
-319
-387
-411
-373
-268
-167
-118
-29
73
48
-12
-58
-77
-110
-34
135
219
197
174
164
254
343
319
254
126
13
-54
-74
-62
7
39
121
119
58
115
139
95
153
196
154
205
208
174
118
5
-135
-91
63
70
27
-67
-86
-33
73
177
296
258
176
46
-108
-32
61
154
166
25
-160
-283
-281
-218
-48
80
169
251
319
321
258
210
180
240
232
187
68
-69
-161
-287
-260
-216
-165
-193
-311
-401
-335
-123
33
148
160
199
143
77
-20
-86
-153
-260
-292
-231
-140
-28
123
185
175
26
-109
-281
-292
-282
-246
-228
-254
-206
-233
-198
-219
-353
-361
-234
-131
-51
19
48
67
64
-54
-115
-201
-181
-106
7
239
396
503
529
506
535
526
436
332
260
269
325
380
367
204
106
85
66
60
55
76
72
67
101
128
173
172
103
40
-83
-110
-36
-11
-64
-60
-90
-107
-81
-94
-73
-25
-57
-135
-152
-78
153
344
370
242
63
-55
-95
-74
22
59
64
25
-51
-173
-181
-194
-219
-260
-296
-394
-384
-316
-256
-235
-274
-380
-560
-617
-588
-524
-349
-193
-97
-41
-122
-217
-350
-366
-431
-413
-361
-283
-249
-227
-149
-87
-12
41
97
96
45
-16
87
144
242
281
252
280
201
141
130
183
184
224
183
103
90
181
236
279
262
136
3
-214
-336
-228
79
402
631
663
559
410
324
326
379
399
447
488
476
474
463
597
709
736
655
544
410
309
383
482
516
498
445
384
273
188
134
94
136
198
213
181
87
51
66
153
89
-6
-98
-243
-417
-573
-606
-565
-513
-505
-549
-600
-656
-623
-550
-513
-526
-572
-629
-702
-846
-899
-815
-725
-667
-591
-528
-496
-520
-551
-525
-553
-524
-483
-458
-460
-507
-542
-486
-485
-434
-382
-341
-195
-105
-5
-14
-122
-250
-279
-112
53
207
229
109
15
-92
-149
-216
-141
-48
30
94
116
122
99
121
113
118
130
288
449
478
534
545
533
591
627
620
671
725
802
872
1015
1047
994
950
997
1133
1238
1262
1273
1249
1192
1081
961
960
960
876
743
618
537
461
405
327
138
-72
-200
-153
-97
-10
65
63
-35
-135
-222
-240
-286
-314
-362
-503
-644
-793
-839
-914
-956
-946
-899
-825
-819
-862
-892
-860
-833
-892
-1032
-1139
-1191
-1209
-1128
-1068
-1056
-1043
-996
-942
-832
-647
-606
-595
-532
-451
-412
-422
-389
-310
-211
-201
-175
-192
-181
-239
-277
-286
-143
88
312
531
559
549
491
411
371
474
571
657
697
635
528
427
465
531
620
619
553
563
602
650
753
790
700
618
595
556
598
754
854
814
796
721
572
503
374
297
282
247
150
125
117
255
408
387
272
84
-62
-186
-303
-261
-127
33
103
49
-37
-119
-120
-160
-197
-289
-328
-318
-329
-250
-259
-322
-382
-344
-294
-276
-310
-318
-363
-368
-406
-457
-384
-250
-115
-97
-168
-365
-518
-604
-690
-747
-741
-810
-849
-759
-563
-351
-309
-337
-322
-343
-353
-435
-518
-504
-461
-417
-336
-162
1
107
137
163
106
131
145
135
163
153
123
142
240
292
373
401
430
513
576
750
832
852
782
640
569
551
636
692
656
598
577
688
779
794
764
678
675
657
634
612
544
402
329
306
288
272
211
68
-67
-44
19
-29
-32
-127
-325
-403
-410
-429
-447
-443
-485
-426
-355
-405
-492
-573
-581
-484
-451
-504
-488
-514
-508
-509
-416
-425
-377
-358
-478
-575
-745
-780
-785
-737
-746
-792
-856
-807
-632
-469
-295
-245
-255
-273
-292
-221
-192
-132
-127
-125
-206
-213
-165
-31
128
216
330
376
430
296
225
232
160
180
180
260
392
464
475
424
419
390
391
435
516
539
686
802
863
829
763
644
576
629
700
769
727
610
472
423
394
410
411
398
290
201
186
209
260
283
276
211
104
8
-59
-134
-148
-92
-99
-86
-98
-115
-31
-27
-7
-83
-98
-98
-64
-44
-63
-84
-186
-250
-316
-400
-388
-389
-353
-210
-114
-158
-271
-359
-393
-413
-485
-534
-565
-710
-803
-769
-673
-531
-441
-405
-409
-513
-641
-745
-736
-648
-559
-496
-434
-427
-455
-519
-527
-520
-501
-367
-232
-150
-44
-96
-220
-194
-87
61
181
153
-16
-46
19
196
345
347
352
258
224
321
465
580
638
649
711
760
847
826
708
563
487
458
501
570
515
414
250
236
430
727
914
907
739
561
479
462
531
528
523
579
496
334
214
23
-5
-2
40
57
0
-12
-26
-31
23
35
22
-28
-99
-134
-228
-337
-428
-445
-462
-430
-419
-461
-544
-587
-563
-473
-355
-309
-306
-431
-543
-616
-657
-704
-679
-651
-603
-495
-401
-266
-178
-247
-330
-339
-308
-156
46
149
170
110
60
26
-7
-71
-206
-245
-195
-71
61
193
202
121
30
-61
-4
112
179
63
-34
-112
-126
61
128
143
54
-26
4
15
100
143
137
125
160
204
196
283
277
336
310
354
429
427
405
333
297
233
231
216
221
267
273
255
245
170
152
103
73
181
146
45
71
119
135
211
205
117
64
20
0
137
293
283
240
174
95
0
-79
-161
-256
-300
-264
-271
-288
-431
-451
-437
-368
-310
-295
-296
-300
-392
-444
-417
-444
-327
-230
-139
-181
-223
-303
-452
-536
-555
-377
-179
-78
-149
-260
-370
-286
-119
-11
28
-143
-245
-336
-303
-292
-243
-113
6
145
175
245
267
266
169
64
-51
-56
32
163
320
414
536
509
526
526
480
421
325
304
194
47
34
87
276
447
494
567
618
680
759
703
587
531
533
588
602
490
352
426
569
750
857
814
681
470
280
130
-8
-62
-99
-148
-175
-183
-215
-307
-333
-301
-257
-261
-346
-462
-557
-633
-600
-532
-484
-450
-463
-448
-466
-412
-496
-623
-682
-723
-766
-741
-677
-696
-749
-777
-756
-677
-728
-749
-750
-761
-677
-678
-694
-740
-754
-714
-603
-483
-360
-311
-243
-257
-324
-289
-200
-42
0
-71
-80
-28
170
324
438
510
450
418
417
456
481
541
616
577
462
436
409
597
709
719
672
617
609
677
839
848
744
602
687
818
936
958
878
790
818
958
1013
984
941
811
714
717
781
813
757
609
358
110
-16
-7
82
125
121
-17
-198
-291
-283
-142
88
200
135
5
-214
-427
-483
-541
-606
-672
-693
-653
-642
-693
-793
-892
-876
-880
-870
-831
-834
-834
-792
-724
-774
-802
-789
-685
-637
-565
-386
-358
-344
-350
-497
-544
-555
-497
-367
-393
-408
-376
-372
-418
-461
-626
-686
-688
-660
-579
-472
-325
-144
-62
-59
-165
-243
-278
-249
-127
22
233
373
484
522
486
448
438
513
656
730
815
822
862
891
870
800
777
946
1061
1037
1016
911
792
755
764
709
651
613
580
597
683
618
539
558
617
684
651
572
430
304
280
342
445
461
416
274
118
-23
-81
-53
-58
-62
-139
-286
-432
-593
-741
-810
-766
-712
-613
-558
-663
-734
-768
-644
-538
-506
-607
-678
-807
-872
-865
-767
-632
-582
-556
-551
-503
-522
-620
-754
-718
-741
-645
-474
-351
-327
-328
-292
-270
-202
-119
-77
-23
35
124
146
134
143
47
-6
24
117
180
190
206
95
0
64
137
158
237
249
315
422
486
497
508
508
463
560
657
779
873
863
763
671
588
518
450
464
527
665
817
854
848
751
601
385
202
135
137
240
179
152
129
94
76
23
8
-72
-188
-307
-354
-470
-466
-419
-286
-174
-177
-328
-510
-627
-674
-557
-400
-317
-296
-420
-599
-742
-693
-585
-511
-459
-465
-464
-469
-485
-506
-421
-366
-338
-306
-324
-340
-340
-353
-371
-348
-377
-343
-305
-270
-227
-178
-52
25
54
-14
-38
-69
-134
-170
-163
-130
-73
138
293
392
476
565
589
521
456
385
436
503
566
625
733
761
634
504
423
339
317
354
462
607
663
612
519
390
446
452
445
467
423
406
417
482
521
559
459
310
167
68
64
68
100
33
-25
-136
-182
-260
-385
-399
-442
-435
-399
-387
-366
-330
-351
-361
-323
-259
-208
-268
-346
-471
-622
-719
-720
-658
-586
-551
-528
-530
-559
-552
-523
-365
-291
-240
-203
-195
-228
-232
-141
5
-20
-137
-277
-328
-305
-242
-103
33
142
138
37
-82
-143
-195
-154
-110
-69
-84
-168
-234
-275
-312
-245
-186
-133
-112
-31
62
77
194
222
352
420
406
458
514
489
464
404
337
311
328
349
344
367
422
464
444
531
541
491
468
461
504
610
567
490
580
551
491
475
474
486
485
447
402
325
216
145
67
-26
-139
-205
-326
-436
-335
-240
-206
-142
-107
-63
-35
-58
-128
-197
-173
-137
-57
-56
-122
-239
-315
-301
-206
-117
-70
-108
-191
-215
-165
-152
-306
-474
-570
-547
-525
-438
-307
-249
-267
-334
-467
-552
-561
-541
-460
-448
-472
-462
-393
-226
-115
-108
-104
-246
-349
-329
-247
-170
-128
-134
-192
-81
72
226
290
255
163
149
171
227
255
215
249
193
166
86
56
132
204
286
286
237
206
156
147
84
126
244
312
377
368
305
216
158
91
113
198
358
517
573
609
508
392
269
269
331
427
360
190
86
62
142
181
151
-31
-160
-149
-120
56
238
336
316
242
39
-100
-303
-443
-447
-510
-344
-349
-295
-277
-336
-407
-510
-604
-669
-658
-670
-608
-496
-435
-391
-273
-255
-256
-277
-341
-300
-205
-149
-126
-67
-52
-48
-7
85
156
279
326
318
184
56
16
97
176
360
455
433
505
467
491
481
439
333
190
122
116
157
252
337
379
420
458
479
411
225
73
-33
-124
-180
-168
-129
-110
-127
-94
-57
-100
-158
-246
-274
-302
-231
-105
-20
57
101
114
132
92
103
72
3
-101
-166
-225
-335
-387
-445
-337
-202
-49
21
-128
-320
-560
-622
-455
-214
60
220
190
41
-124
-232
-226
-230
-153
-71
-6
55
-31
-135
-195
-139
9
234
512
551
509
413
268
126
21
7
62
120
108
107
85
50
102
230
219
158
-44
-235
-321
-374
-275
-97
170
288
229
135
0
-126
-187
-253
-317
-280
-233
-82
40
116
54
-54
-24
-10
108
201
149
70
23
-10
-69
-4
53
72
69
5
56
97
175
198
130
27
-122
-206
-248
-196
-195
-130
-39
18
23
63
17
-48
-33
-26
101
139
216
258
352
434
429
448
357
242
179
95
54
65
130
173
249
272
285
293
265
233
