188
134
-50
-281
-540
-601
-533
-546
-512
-621
-790
-1068
-1280
-1209
-1004
-839
-661
-378
-215
-120
-140
-59
127
343
573
684
948
1234
1484
1724
1839
1793
1584
1418
1314
1405
1514
1583
1624
1723
1729
1785
1842
1819
1691
1509
1470
1523
1587
1618
1611
1522
1480
1344
1154
778
531
454
359
329
237
190
-48
-296
-469
-553
-573
-604
-621
-572
-671
-899
-1229
-1589
-1795
-1867
-1637
-1533
-1592
-1645
-1708
-1771
-1812
-1906
-2031
-2115
-2146
-2038
-1827
-1723
-1688
-1790
-1833
-1808
-1570
-1382
-1217
-968
-886
-777
-638
-584
-449
-282
-152
-66
-114
-73
-64
-93
-198
-212
-155
31
125
146
147
102
32
142
246
105
282
344
452
436
277
370
546
736
734
633
547
411
449
613
846
993
1044
763
442
322
341
452
697
938
941
926
759
600
595
585
543
395
121
-74
-163
-159
-119
-96
-178
-380
-418
-470
-508
-329
-313
-265
-368
-367
-333
-392
-286
-102
116
107
63
33
250
393
466
403
311
298
396
628
759
941
976
1115
1303
1496
1660
1727
1803
1725
1683
1514
1299
1183
1084
1130
1167
1198
1085
907
653
352
152
84
12
-47
-162
-432
-582
-531
-410
-417
-378
-497
-474
-495
-633
-806
-1073
-1185
-1227
-1030
-1075
-1018
-1216
-1198
-1224
-1279
-1080
-1234
-1319
-1419
-1221
-1158
-1069
-895
-736
-671
-674
-562
-531
-544
-486
-561
-897
-1032
-1247
-4390
-4832
-2518
-13
1153
1472
2228
1736
1399
1779
2084
1603
1018
866
737
258
-111
89
620
654
718
436
-134
-584
-479
-164
-122
41
194
76
-5
-84
-123
-288
-419
-457
-391
-136
-88
-440
-850
-857
-542
-279
8
181
161
192
-166
-314
-603
-466
-292
-156
106
-160
-356
-244
148
552
730
655
233
-252
-475
-499
-251
78
276
242
464
438
193
23
-12
88
271
705
856
757
587
460
636
1287
1530
1763
2172
2517
1730
1004
1090
429
892
1154
1410
791
643
1145
595
1079
1501
1490
548
1302
1545
842
250
332
370
-276
583
1010
579
524
250
-194
-325
-179
-446
-228
-420
-351
-108
-688
-1439
-1601
-1650
-1951
-1145
-949
-1360
-1782
-1110
-1888
-1673
-1564
-1368
-1208
-1030
-950
-1879
-1347
-1208
-661
-1624
-889
-1276
-659
-1146
-775
-547
-1256
-1220
-376
438
-397
508
114
-646
-1074
-574
113
-770
-1015
-10
-273
-397
462
-82
-529
-123
939
1399
167
-145
-407
181
513
486
1431
176
136
1173
1176
225
668
1251
168
1365
742
247
-33
524
-294
-405
1259
99
-821
1122
390
-1143
9
-237
-1619
-998
161
782
-1060
-575
-161
-840
-922
-456
-935
-838
36
-603
-493
225
-193
93
418
-33
165
1026
78
-568
1059
829
1133
2180
1717
-561
1209
2265
442
1417
1735
1321
671
1782
2875
832
500
662
2014
862
1439
2712
966
350
1801
3139
-303
395
2342
1499
1388
288
87
537
-714
-817
-589
1027
689
-494
-894
393
-2053
-1950
912
248
-478
-1748
1246
-841
-2889
-565
-440
-2016
-2179
-492
-483
-2589
-700
353
-1065
-2435
-252
-2073
-4063
-943
-639
-1410
-3575
-491
-1593
-2231
-149
-55
-2850
-2249
408
-690
-1603
596
-928
-2994
-131
379
-245
-1485
287
-802
-2476
-1413
661
1723
-45
1003
1549
33
160
1687
1158
-1116
1075
1002
-143
1681
451
1622
1112
35
575
1472
1700
783
1021
1315
1372
141
1369
1887
299
1155
-101
-79
-460
-378
1410
-257
-810
-491
587
-1543
-1706
-1278
-1344
-2221
-634
857
-340
-549
-832
-1389
-1598
-676
896
-95
-637
311
89
1565
1100
1567
345
252
1692
1470
2925
3167
1481
1271
1273
791
655
3081
2644
1793
1776
2344
2255
1804
2559
2394
2396
1660
1009
-659
-1391
-637
792
876
527
82
-541
-113
-1051
471
1088
-1180
461
3037
-209
-2431
-1900
-1757
-1536
674
1359
-550
-480
-1389
-2274
272
-135
-1825
-2502
-555
779
-564
-430
-1451
-4083
-3679
-1795
-549
-286
-2583
-2324
-3125
-2115
-1040
-1031
-2137
-2579
-848
223
-3152
-2977
-1446
-2302
-1336
230
-234
-3541
-2889
-1424
-2025
608
1475
-546
-931
-903
-237
1540
1105
-1425
-1904
2739
2495
362
863
518
185
55
1759
1044
950
1167
2212
3268
1593
-525
1612
1733
1794
2117
2595
1037
89
2157
1180
224
-1210
-1949
-2384
-2566
-3478
-2626
-1161
-1577
-3845
-3786
-1565
-1890
-1948
-1174
-1730
-2339
-906
367
-163
188
1929
2563
1990
2233
2847
3293
3611
4222
5397
5908
5062
5132
5714
5157
4469
4840
5567
3605
3469
4309
3302
2878
3012
3939
1860
842
1562
630
161
-1585
159
166
-924
-1983
-3391
-4114
-3880
-3324
-3527
-2466
-1679
-1605
-3359
-3889
-5013
-4085
-1991
-2175
-1969
-1471
-1713
-2297
-2998
-2469
-482
142
173
-528
-2296
-2001
-1142
351
-885
-672
96
-1012
1681
3094
-321
-1694
-1337
-1132
199
1099
-146
-2599
-3030
-2012
-1489
-1613
-956
-2374
-3496
-1796
1150
-2907
-5085
-3473
-3000
-1264
1266
2262
-1406
-5300
-3066
-1881
7
82
897
1990
1018
1506
2095
-142
-1991
1806
3992
4958
4302
2690
-698
1229
4528
5648
5266
2667
-93
-5121
-7347
-4453
-1293
134
-710
-3017
-6014
-7334
-6218
-5955
-5438
-3944
-1100
141
-1578
-4311
-5302
-3964
-1418
2245
5254
5001
2916
1752
1889
3698
6758
9121
10073
10648
10308
9287
7843
6665
7069
9077
10001
9699
8264
6235
3430
2083
2611
3354
3479
2763
2277
258
-1766
-3119
-3982
-4410
-3556
-2087
-2094
-3984
-6349
-7596
-7783
-7310
-5888
-4890
-5221
-6322
-7116
-6805
-6426
-5703
-4351
-2598
-1682
-1474
-1381
-1928
-1246
82
1518
2326
1909
1705
1507
949
455
802
674
1549
1587
1348
670
-924
-2020
-1576
606
1621
796
-343
-2228
-2126
-2398
-1666
-582
-2699
-4339
-3573
-2473
-2737
-2009
-1389
-3769
-5013
-3016
-2203
-1743
-1950
-1007
-1512
-1401
-623
-1331
-1027
-591
852
2064
1353
1005
588
-302
9
1701
2442
3411
3538
3202
1358
-3498
-10173
-14263
-8903
1024
5012
-756
-10182
-15313
-13297
-7834
-4299
-3314
-2607
-2041
-2355
-3534
-4925
-5048
-3507
975
6925
10272
8872
3893
-16
2072
8705
14782
16757
14965
12366
11415
11451
11729
12149
12914
14122
15060
14362
11707
7452
3596
2583
4526
6999
7024
3588
-1452
-4973
-6037
-5187
-4449
-5019
-5612
-6133
-7275
-9291
-11585
-12310
-10989
-7977
-5134
-4697
-7035
-9901
-11155
-9782
-6746
-3971
-2830
-2714
-3252
-3388
-2917
-2321
-970
1413
4237
6436
6096
3846
1993
1372
3268
6024
6749
5376
2693
287
-981
-1016
-438
1083
2264
1308
-758
-3273
-5693
-6023
-3077
-1505
-1139
-2158
-4697
-7496
-7813
-6513
-5455
-4015
-3753
-4198
-4210
-4852
-6110
-6025
-4565
-2145
221
255
-2400
-4306
-4532
-3745
-1138
1531
2459
1754
490
-558
-280
1576
3699
2974
-3353
-12241
-17811
-12802
-1342
4212
-1439
-12071
-17679
-14998
-9157
-5977
-5670
-4895
-3131
-1287
-1207
-3117
-4540
-3638
1580
8813
13650
12854
7583
3389
5082
11731
17974
19580
17331
14700
14269
15046
15268
14597
14058
14628
15603
15473
13228
8651
4013
1883
2910
5208
5287
1720
-3541
-7357
-8725
-8641
-8731
-9493
-10033
-10116
-10655
-12326
-14474
-15021
-13158
-9648
-6634
-5828
-7185
-9251
-9684
-7600
-4534
-2209
-1729
-2017
-1270
499
1477
1230
1338
2778
6032
8541
8061
5625
3009
2327
3970
5920
6068
4051
1143
-831
-1521
-1564
-2222
-3406
-3901
-3696
-3727
-4853
-6696
-7598
-6206
-3702
-1921
-1957
-3813
-5043
-5147
-3817
-1829
-637
-446
-600
-898
-1385
-1051
-253
427
1458
2321
1552
307
-958
-1046
175
1011
1087
1044
756
859
872
1223
-1347
-8782
-16522
-18802
-10289
852
2893
-5923
-17013
-20847
-15946
-8725
-4609
-3581
-3350
-3411
-3355
-3927
-4257
-3266
201
6506
12494
14724
11755
6109
3646
7792
15808
21305
21006
16849
12868
11782
12449
13587
14214
14389
14447
13740
11679
7807
2972
-400
-790
1770
3772
2038
-3944
-10847
-14581
-14231
-11658
-10022
-10401
-11858
-13375
-14705
-15902
-15958
-14102
-10218
-5868
-3488
-3901
-6167
-7626
-6046
-1803
3170
5726
5484
3719
2568
3222
5140
7167
8521
9371
9405
8156
5829
3107
1786
2538
4221
5066
3403
-546
-4462
-6175
-5489
-3870
-3012
-3569
-4991
-6195
-6538
-6396
-5746
-4357
-2390
-521
296
-657
-2309
-2828
-1295
1553
3687
3958
2408
894
112
670
1321
1778
1567
576
-187
-974
-1595
-1834
-1887
-1801
-1592
-1632
-1678
-1778
-1656
-2275
-7654
-15770
-21388
-17505
-5939
1084
-3110
-14174
-21671
-20145
-13132
-6942
-4406
-3741
-3669
-3308
-2954
-3150
-2406
96
5450
11816
15726
15034
10135
5840
7147
14018
20973
23007
20140
15418
12853
12689
13659
14439
14499
14135
13327
11667
8583
4133
-4
-1951
-711
1630
1711
-2526
-9553
-14938
-16185
-13914
-11104
-10108
-10758
-12318
-13746
-14845
-14738
-12883
-9189
-4784
-1908
-1467
-3180
-4777
-3845
170
6010
9646
9767
6996
4066
3092
3797
5596
7344
8312
7281
4528
649
-2705
-3421
-2266
-641
-348
-2354
-6203
-10060
-11888
-11240
-8758
-6417
-5619
-6444
-7798
-8460
-8168
-6670
-4140
-1237
1148
1756
757
-884
-1305
502
3998
7023
7710
6458
4051
2271
2286
3270
4299
4260
2913
1080
-119
-717
-812
-725
-651
-503
-665
-1003
-1595
-1866
-2373
-7472
-15406
-21258
-17832
-6611
660
-3051
-13840
-21570
-20505
-13484
-6683
-3456
-2489
-2848
-3108
-2934
-2504
-839
2044
6850
12345
16029
15624
11149
6983
8003
14609
21294
23069
19793
14560
11513
11170
12462
13738
13977
13113
11207
8567
5376
1740
-1546
-3313
-2527
-837
-1038
-5274
-12017
-16779
-17428
-14365
-10897
-9765
-10674
-12544
-14003
-14199
-12624
-9494
-5150
-1299
735
826
-417
-1088
588
4613
10037
12850
11818
8529
5492
4770
5782
6553
6557
5842
4227
2052
-866
-3643
-4949
-5079
-4636
-4507
-5640
-7898
-10301
-11606
-10769
-8629
-6931
-6580
-7370
-7802
-7181
-5638
-3648
-1622
226
1802
2892
3446
3227
3237
4114
6013
7995
8217
6925
4753
2842
2433
2725
2975
2529
1309
-251
-1785
-2798
-2572
-1853
-1280
-1560
-2501
-3239
-3247
-2935
-2150
-5614
-13364
-20834
-20879
-11241
-1671
-1698
-10612
-19750
-21325
-15468
-7818
-3181
-1641
-1894
-2377
-2119
-1658
-187
2051
5960
11159
15608
16547
13034
8176
7453
12777
19901
23146
20993
15590
11406
10188
11369
13018
13592
12650
10516
7671
4761
1722
-1382
-3649
-3758
-2501
-1951
-5122
-11232
-16291
-17336
-14399
-10336
-8476
-9152
-11194
-12949
-13135
-11197
-7874
-3769
-475
1273
1627
1036
641
1851
4998
9590
12832
12837
10038
5734
3411
3670
5371
7142
6268
2934
-857
-4205
-5332
-4985
-5014
-5467
-6362
-7713
-9041
-10367
-11390
-10724
-8697
-6408
-5205
-5360
-6235
-6579
-5050
-2054
1067
2972
3427
2868
2552
3202
4414
5967
7238
7834
7605
6367
4598
2999
2262
2142
2239
1655
246
-1520
-2853
-3495
-3510
-3181
-2676
-2569
-2876
-3256
-3566
-3177
-2590
-1628
-4409
-11690
-19610
-21078
-12520
-2097
87
-7422
-17078
-20713
-16392
-8700
-2784
-424
-588
-1794
-2076
-1593
169
2409
6016
10807
15453
17021
14008
8862
7122
11370
18360
22445
21246
16001
11207
9328
10532
12850
14125
13073
10196
6848
4202
2110
-217
-2369
-3116
-2411
-1931
-4488
-9788
-14616
-16080
-13685
-9622
-7521
-8251
-10828
-13102
-13121
-10578
-6751
-3001
-814
66
59
-136
-23
1199
3850
7659
10035
9157
6346
3317
2667
4127
5753
5816
3975
573
-2531
-4047
-4332
-3932
-3878
-4640
-5786
-6858
-8124
-9101
-9025
-7639
-5429
-3895
-4013
-5268
-6067
-5142
-2636
318
2403
2627
2051
1770
2325
3493
4793
5667
6136
6006
5186
3840
2507
2031
2224
2749
2548
921
-1356
-3329
-4080
-3598
-2681
-2235
-2403
-2978
-3809
-3936
-3827
-2720
-2138
-1127
-3461
-9959
-17901
-20743
-14028
-3826
321
-5289
-15029
-21160
-18572
-10064
-1683
1906
698
-2454
-3650
-2381
947
3972
6791
9970
13708
15342
13401
9206
7525
10982
17358
21756
21163
16070
10630
8245
9975
13539
15590
13924
9749
5259
2983
2382
1849
626
-686
-1580
-2605
-5058
-8753
-11846
-12562
-10739
-7799
-6499
-7454
-10231
-12322
-11835
-8583
-4465
-1580
-865
-1287
-1748
-1317
-163
1867
4331
6739
7520
6617
3899
923
-251
806
3366
4737
3133
-666
-4296
-5857
-4818
-2939
-2185
-2804
-4597
-6445
-7409
-7299
-6646
-5631
-4487
-3731
-3511
-3997
-4722
-4431
-2507
262
2333
2699
1896
1162
1411
2594
3863
4637
4641
3888
2953
2091
1344
778
195
211
431
169
-1233
-3293
-4913
-4786
-3617
-2542
-2757
-3729
-4418
-4606
-4260
-3951
-3474
-2920
-1580
-602
202
-2039
-7605
-14349
-17263
-13086
-5341
-980
-3527
-10206
-15893
-15998
-11248
-4959
-532
566
-905
-2583
-2900
-1463
885
3694
7037
10284
11933
10879
8049
6692
8944
13709
17853
18856
16405
12799
10514
10675
12851
14952
15192
13280
10314
7931
6443
5451
4775
4379
4020
3052
607
-2585
-4945
-5502
-4618
-3462
-3345
-4471
-6337
-7991
-8431
-7635
-5803
-4089
-3226
-3213
-3901
-4467
-4427
-3128
-1478
196
570
-479
-1757
-2755
-2528
-1463
-557
-373
-661
-1707
-2493
-3015
-3027
-2469
-1859
-1607
-1889
-2722
-3832
-4367
-4091
-3006
-2182
-1969
-2447
-3119
-3080
-2275
-1244
-501
-73
-150
-380
-584
-631
-318
210
646
825
459
-39
-643
-1070
-990
-1041
-1249
-1747
-2393
-3055
-3491
-3319
-3109
-2695
-2248
-2077
-2268
-2356
-1950
-1729
-1244
-1035
-706
-593
-439
-254
-293
-59
323
1000
466
-755
-3442
-5602
-6114
-5269
-3747
-2807
-3966
-6724
-8759
-8995
-6647
-3639
-1719
-1430
-2129
-2784
-2635
-1729
30
2187
4327
6000
6861
6682
6508
6736
8376
11371
14111
15154
14323
12986
12387
12983
14158
14846
14603
13428
11964
10022
8490
7434
6539
5800
4891
3677
1989
-9
-1766
-2463
-2420
-2184
-3010
-4529
-5907
-6388
-5905
-5097
-4445
-4357
-4589
-5067
-5045
-5039
-5064
-4703
-3868
-2302
-1514
-1503
-2596
-2896
-2196
-374
870
882
-40
-1106
-1673
-1531
-593
-340
-533
-1778
-2753
-3010
-2877
-2706
-2664
-2665
-2825
-3020
-3617
-3974
-4324
-3761
-3092
-2483
-2631
-3099
-3410
-3990
-4052
-3363
-2765
-2494
-2571
-2849
-3338
-3466
-2607
-1588
-569
-249
-856
-1699
-1471
-624
150
297
125
-111
-587
-771
-902
-1783
-1323
-557
168
861
282
-1085
-1942
-1676
-832
95
1065
1328
1519
1659
2135
2103
1209
558
-224
406
1520
1882
855
-594
-1690
-1496
-193
1145
1029
-205
-1049
-1227
-597
643
1311
1371
1419
2055
2645
2731
2416
2430
3246
4614
5827
6332
6295
5818
5601
6069
7235
8051
7798
6930
5958
5688
5770
6052
5941
5660
5088
4752
4526
3880
2728
1604
1112
1071
1932
2451
1865
516
-932
-1663
-1961
-1504
-800
-312
-852
-1866
-2778
-2861
-2042
-1183
-649
-691
-1309
-1891
-2585
-3165
-3352
-3286
-3463
-3491
-2951
-3258
-3958
-4439
-4566
-4241
-3869
-4229
-5172
-5578
-5530
-4924
-3519
-3862
-4485
-5610
-6130
-5889
-4903
-4387
-4708
-4820
-5356
-5073
-5061
-5516
-4582
-3389
-3989
-4202
-4613
-5855
-4771
-3601
-2380
-978
-232
96
-1494
-2329
-2110
-1029
263
2055
3343
2850
1090
-99
151
1679
4662
7145
6694
4927
2807
396
1556
3672
6977
7979
5924
3789
1799
1734
3309
5719
7493
7110
6366
4790
3579
2638
2669
3940
5023
6291
6075
3878
870
-165
1623
4654
6793
6248
3215
409
-1426
-616
1267
2775
2554
1512
978
768
617
-102
-315
-711
-102
822
783
-1463
-4101
-4530
-3208
-1270
467
212
-1800
-2587
-3427
-2844
-2168
-1348
-1351
-1582
-1589
-913
-1413
-2034
-1631
-1940
-1993
-1396
-1417
-2519
-1687
-1070
-810
-271
-744
-2150
-2076
-742
-118
689
1359
26
-1834
-2355
-1843
-2299
-1309
-1017
-1892
-2488
-2306
-1998
-2459
-2185
-1988
-1494
-446
-850
-1351
-1627
-2089
-2021
-991
708
643
-263
-497
-1001
-1041
767
396
-229
-681
-793
-164
986
434
-1176
-2698
-1700
-1128
-149
1562
840
-1777
-2485
-1612
-1283
-1035
647
1950
889
467
1846
724
-23
638
759
2176
3020
3785
2766
-41
-331
181
1183
632
1999
2861
1418
449
1141
-112
-1021
-26
786
1670
1735
1173
-532
-524
14
594
1741
1798
1101
1166
930
999
1478
1033
1936
2122
929
1200
486
-34
-291
520
900
477
1556
443
-934
-357
-379
-515
123
876
-12
219
-99
-1327
-1722
-491
598
-399
877
837
-846
-643
928
406
901
1498
1710
267
-735
1309
76
-674
478
735
-140
371
1067
156
-653
189
-27
-1151
393
938
-1088
-6
-418
-563
-407
433
-140
-2015
-557
-590
-959
676
993
-940
-517
1266
-1037
884
921
-858
-1985
-347
-229
-1647
1980
705
-872
80
-610
-2102
-1271
-36
-960
-429
133
-189
-2981
-1073
-252
-1435
1002
81
-174
-1638
-1581
-1184
-1224
-322
1385
428
-866
-763
-1000
-1302
-141
979
1393
313
340
-509
-2392
-722
-240
965
-510
1416
-240
-1184
-1111
-471
-887
-797
1161
7
1826
124
-912
-1022
64
0
1976
1635
-307
-1449
-1947
-180
117
2238
1065
238
-81
-1158
78
-1133
256
751
1898
1581
1033
-324
-1951
-673
-701
1192
1435
1017
-826
-636
-2228
-467
821
421
245
1756
-122
-720
319
-444
-652
67
2161
703
649
278
-1352
-338
-705
16
2490
563
973
315
-1509
-434
1208
800
877
1402
818
-1383
-400
31
-738
-294
1440
530
182
393
-504
-721
-1099
389
1415
647
196
282
-1403
-946
482
693
268
66
617
-1156
728
688
24
697
305
-66
406
-296
-37
-413
-718
411
235
-160
1086
-465
-857
-398
-151
1066
-789
424
-647
-847
393
220
1508
669
-196
715
-1456
125
-4
553
738
-338
-956
-304
-769
-264
407
144
514
-812
574
-740
-1135
286
-673
-462
302
-101
2
-1787
196
215
115
636
554
518
-131
-859
616
-516
70
135
264
-243
-177
-469
-1009
-544
-491
44
-467
906
-787
333
-146
-489
184
-72
976
225
-667
-37
-920
81
97
-307
-103
420
-180
433
-144
-531
318
-680
1707
-918
699
627
-1175
309
-406
-187
288
355
1442
-407
139
766
-165
95
174
-95
349
-468
677
-197
40
70
-100
448
-710
476
-149
-865
-298
111
-1082
147
1163
621
-294
841
-219
-385
240
817
540
643
1029
246
372
235
262
413
264
-473
744
-1400
-311
262
-354
-322
767
-1047
-910
-1250
-413
-252
-220
407
-162
-1328
-500
139
172
-857
1197
150
-415
432
1022
-924
392
135
-162
-296
880
10
14
854
184
501
278
115
-666
-889
165
-31
21
1123
-852
-779
849
-430
-180
985
511
-1248
468
-442
-906
137
664
279
209
1451
-1318
-714
-759
-1042
-133
-363
840
-136
-967
507
-1333
-532
270
237
-197
-175
1305
-359
-1360
988
-797
-404
1008
321
-175
-366
-489
-79
360
605
649
268
-581
-145
-83
-103
1167
-134
361
856
588
816
-635
-400
-335
-653
171
505
1356
596
162
286
-580
-659
332
-610
776
258
-93
948
-540
468
-956
1223
450
-144
341
376
-1848
-119
795
670
1380
234
413
-1506
-1100
3
-1585
44
760
-1168
303
-1156
156
-1314
134
-611
-536
554
230
-708
1
-779
-1147
829
586
629
283
1425
-1887
984
1007
-210
881
1443
-594
158
724
-490
-659
762
-7
384
-372
-18
96
-911
-261
-473
-723
688
462
-657
1129
-623
-164
-502
306
-97
677
1908
657
466
233
-2009
-721
-849
1364
1296
873
708
-667
-1697
-1460
165
679
179
790
1
-589
177
-370
611
-1138
59
-305
1012
-1441
-1324
-1687
-192
-777
875
1125
-124
354
-454
412
-1011
728
1093
764
-132
1077
-1078
-618
-1326
-849
1061
-1147
112
81
-1248
-1630
960
-255
806
272
514
669
-1544
1993
74
-467
965
674
303
-378
1411
-267
-1429
970
-579
48
484
1161
403
-361
1071
-1414
-1433
1144
-1242
-615
618
-353
22
1401
390
-389
-383
15
-443
572
1386
-81
-604
-603
-1278
367
1961
852
-575
-7
-1413
-690
1207
119
556
-301
539
-432
880
197
-138
-590
-127
689
1764
594
1241
-1478
-1187
-75
572
1142
185
-1053
493
-636
-239
83
-79
-829
231
275
-355
131
-13
-616
-1077
1599
-299
-195
-1014
-1007
-1192
491
487
715
134
-926
-943
-1100
-479
1325
902
-742
867
843
-49
100
-184
-2149
-705
1417
-312
701
347
-1551
-1128
192
1992
123
-167
-348
-2241
-925
2604
-251
260
-328
-660
472
-49
2145
-99
-234
987
-703
2061
-486
71
375
-1359
77
482
-423
-1119
-826
-973
318
-1198
2634
-916
-1467
-65
846
55
1354
1021
-1373
-1277
53
1129
-735
793
-531
-1058
-370
1824
-395
-555
-1770
13
316
772
2573
493
219
-1182
130
-1356
35
2129
1530
-166
235
-87
-1622
394
289
1237
198
1549
513
-1191
334
-610
-243
1018
1822
1034
-400
-500
-406
-1158
1823
-156
980
1171
-508
-825
-1096
-560
-673
1694
984
443
-519
-540
-3177
-1067
646
-367
1035
400
-641
-2177
-835
-292
-1563
1281
1041
-144
494
748
-1695
-1799
459
99
1657
1925
-352
-2039
-598
-804
334
1162
646
-616
153
-1047
-1428
273
478
-748
488
664
141
-413
-686
-2256
-1261
1513
2462
-88
462
-1551
-4287
-729
1247
1377
1471
1038
-1388
-1246
-515
297
1289
1425
1508
973
1298
-30
-1857
137
277
428
1625
2095
304
-2392
-1845
-1924
-79
1610
1680
694
-2691
-1792
-1596
-1221
267
493
957
990
-516
150
-681
-1066
888
1552
2846
1485
-93
-1870
-1675
-979
1042
2398
2270
1121
14
136
-1591
-564
1397
1406
-282
1341
55
-1868
-2209
-1749
-1114
-818
3132
1174
222
-726
-1585
-2021
-359
2442
448
-33
-1257
389
-735
1702
2108
1257
1047
2091
571
-867
1263
-167
-720
-446
-119
-716
-590
-769
334
-991
211
-312
-267
-267
358
675
-770
120
1211
1358
-58
-17
-1978
-1542
-954
1083
594
-330
-536
-1779
-3441
-2357
-466
-897
125
1087
468
-1145
-1017
-121
794
1379
2349
926
29
-565
-794
-717
-90
759
2114
2032
777
-833
-384
-614
546
1640
1590
-906
-2336
-2231
-2466
-263
1097
2330
61
218
-1370
-971
352
1565
932
-280
-317
-8
941
1331
226
-126
647
215
1685
678
-46
-1764
-768
155
731
1827
1870
-752
-1434
-1227
-1925
329
-715
801
-717
-482
136
-28
388
-727
-958
-121
867
942
492
-587
-1558
-1361
132
1295
-258
980
-197
-1906
-626
583
1320
542
1241
-281
-1491
-662
-478
-1177
-459
62
897
578
-326
-1127
-2464
-2416
-492
486
1142
-173
-1769
-2331
-1403
-188
132
998
-52
-174
-80
503
448
-487
-182
-20
1772
1693
1930
52
-934
-346
814
1714
1659
1353
-1143
-893
-27
500
1692
2205
-244
-158
-32
966
842
1642
1321
833
862
1323
1515
742
909
-40
-190
1605
2302
1818
1436
-206
-1857
-1171
2352
1978
708
872
101
-314
462
897
390
69
868
1550
1435
-515
-2210
-2405
-1749
-548
2706
2398
-440
-3124
-4292
-3881
-1663
1428
808
-1329
-2998
-2352
-3588
-2769
-1397
-1406
-1603
-1387
-1557
-2676
-3453
-2844
-1530
-1297
-947
-1311
-2105
-3483
-2647
-1879
-996
-362
-296
-186
-1443
-1358
-6
132
934
625
254
284
435
956
890
1972
1148
1183
1838
1475
1723
1870
1799
2257
2458
2435
1232
976
1526
1450
2697
3327
2546
2044
2086
1432
1538
2219
1511
628
742
1141
647
965
1042
1030
885
671
415
159
-182
-575
-742
-555
-42
362
752
688
193
-178
-739
-467
-151
-144
-210
-1103
-1829
-1874
-972
-490
564
712
35
-1002
-632
98
246
881
1103
108
-150
44
-914
-1609
-843
-297
341
909
974
-312
-1462
-1033
77
766
1342
966
-765
-1774
-982
27
671
754
-187
-1016
-2026
-1544
-1065
-1264
-1516
-1177
-189
-128
421
346
-980
-1187
-433
-34
273
478
158
-1070
-1413
-765
-787
-268
-567
-1402
-2218
-2358
-1284
-753
-258
-284
-412
-662
-997
-1064
-784
-502
-268
-467
-599
-541
-634
-829
-799
-482
-398
465
627
170
-178
-774
-383
-105
803
1174
470
272
-298
-571
-404
-174
195
343
568
703
363
515
516
708
648
366
867
1281
1492
1279
827
130
-22
851
1736
1695
1159
446
255
1137
1987
1640
930
-141
-546
-197
707
1258
672
-174
-530
-28
1063
1735
1238
179
-408
518
1103
1619
1237
163
-141
725
1452
1647
1315
697
355
393
1183
1545
1609
1184
728
301
336
584
688
188
-184
39
484
1191
1887
923
-732
-1134
-991
-454
778
514
-898
-1792
-1127
112
883
1269
321
-1059
-1353
-536
208
325
-96
-332
-813
-527
-386
-297
-1469
-3255
-2571
-1418
61
743
492
-1317
-2303
-1682
-671
-104
69
-277
-1254
-1450
-2276
-4527
-7760
-9500
-8294
-5449
-3381
-4209
-7361
-10479
-11379
-9667
-6432
-3433
-2625
-4005
-5609
-5832
-4251
-2084
-83
1720
3293
4402
4833
4848
4885
5578
7497
10000
12165
12953
11986
9910
8818
9647
11518
13033
12996
11171
8647
6803
5874
5357
4957
4139
2965
1824
372
-1279
-3113
-4499
-4858
-4534
-4327
-5237
-6762
-8162
-8547
-7364
-5456
-3862
-3403
-3802
-4380
-3963
-2808
-962
628
1707
2384
1969
1802
2246
2926
3807
4394
4524
4132
3346
2301
1081
225
35
174
410
-244
-2107
-3896
-4949
-4334
-3036
-1623
-1749
-3209
-4466
-4625
-3672
-2088
-1405
-1385
-1852
-2223
-3996
-9081
-14141
-15466
-9340
-1427
934
-4991
-13568
-18082
-16120
-10214
-3347
488
-449
-5949
-10232
-10244
-5719
-881
1823
3680
5020
5453
4074
2375
2556
5619
10459
15026
17102
15188
10524
6983
7151
11817
16992
19293
16901
12133
8012
6773
7800
9607
10576
10044
7745
4741
1753
-182
-1460
-1948
-1452
-325
-287
-2994
-7916
-12196
-13145
-10781
-7256
-5424
-6714
-10550
-14489
-15625
-12862
-8210
-4546
-3589
-4793
-6314
-6631
-5302
-2515
701
3413
4456
3782
2475
1530
1801
4012
7002
9401
9443
6951
3665
1830
2756
5406
7566
7770
5694
2365
-633
-1444
-351
1235
1337
-486
-3289
-5503
-6270
-5778
-4972
-4340
-4066
-4258
-4966
-5268
-5153
-4427
-3312
-1775
-618
-288
-978
-2008
-3992
-8329
-12204
-12891
-6991
-224
874
-6151
-14538
-17629
-13720
-7533
-2472
-1090
-3007
-7908
-11123
-10299
-5547
-995
1266
2452
3353
3642
2216
781
1419
5423
10773
14904
15357
12411
8101
6158
7918
13176
17591
18565
15020
10195
7109
7464
9436
11080
10858
9232
6696
4147
1960
848
129
-90
157
465
-382
-3265
-7334
-10086
-9701
-6885
-3951
-3472
-6393
-11215
-14657
-14117
-9687
-4872
-2772
-4438
-7297
-8928
-7922
-4936
-1238
1496
2733
2446
1328
469
829
2420
5219
7890
9201
7984
4927
2150
1881
4319
7668
9291
7962
4327
654
-1050
78
2563
4300
3681
727
-2973
-5544
-5985
-4557
-2785
-1919
-2708
-4855
-6770
-7290
-6143
-4028
-1943
-1023
-1229
-2358
-3158
-3148
-1804
-2873
-7831
-13849
-14578
-7347
799
1344
-6955
-15933
-18591
-14080
-7271
-1761
-135
-3035
-9296
-12721
-10432
-4003
450
1780
1596
2019
2493
2275
1803
2838
6031
10445
14061
14893
12367
8350
6268
8182
13606
18412
19278
15332
9862
6449
7212
10109
12584
12454
10035
6236
3103
1677
1828
1851
1267
357
-251
-1190
-3390
-6695
-9186
-9413
-7482
-4975
-3942
-5827
-10166
-14121
-14848
-11272
-5951
-2605
-3459
-6970
-10056
-10021
-6724
-2025
1505
2608
1372
-440
-1067
247
2588
4956
6462
6793
5771
3983
2375
2203
3803
6125
7628
7078
4521
1277
-911
-592
1706
4128
4488
2290
-1411
-4628
-5763
-4620
-2332
-610
-670
-2606
-5165
-6587
-5970
-3765
-1500
-3
8
-945
-2265
-2714
-2026
-45
-131
-4870
-12306
-15848
-10356
-945
2887
-3159
-12793
-18338
-16614
-10797
-4086
-48
-838
-7203
-13291
-13853
-7861
-1000
2750
2983
1916
806
402
1207
3473
6576
9749
12466
13849
13186
10821
8684
8581
11520
15788
18750
17794
13652
8868
6756
7821
10774
12980
12722
9395
4666
1025
402
1637
2798
2554
1074
-1159
-3648
-5960
-7357
-7629
-7070
-6008
-5202
-5552
-7449
-10532
-12967
-12794
-9830
-5814
-3629
-4405
-7295
-9695
-9509
-6179
-1403
2219
3033
1204
-1100
-1577
514
3906
6634
7477
6478
4577
2869
2641
3642
5055
6039
5905
4890
3248
1618
545
464
1366
2338
2405
1107
-1256
-3834
-5505
-5447
-3770
-1910
-1271
-2657
-5087
-6903
-6913
-5104
-2612
-759
-383
-1161
-2324
-2841
-2320
-748
975
-728
-6808
-14250
-15510
-8331
1268
3936
-2176
-11525
-17484
-17684
-12549
-4112
3167
3657
-3690
-12788
-16067
-11074
-2245
5464
8336
6217
974
-3018
-2579
2391
8675
13507
15030
13718
10785
8976
9258
11227
13717
16038
17374
16956
14871
12052
9669
8442
8473
9642
10921
10831
8602
5027
1537
-941
-1425
-143
1735
2147
-35
-4193
-8178
-10233
-9555
-6753
-3735
-3081
-5461
-9496
-12581
-13165
-11246
-8199
-5460
-4661
-5578
-7056
-7804
-7254
-5482
-2890
-390
1099
1555
1265
929
1005
1671
2921
4407
5480
5657
5052
4063
3062
2694
3075
3985
4704
4591
3453
1648
-24
-1103
-1056
-86
758
545
-956
-3319
-5196
-5818
-5112
-3793
-2692
-2468
-3178
-4199
-4682
-4215
-2978
-1758
-935
-641
-839
-883
-862
-187
498
-1412
-6753
-12563
-13466
-7716
-155
2620
-552
-6651
-12216
-15750
-15038
-9244
-441
4812
2847
-4147
-10595
-12602
-9388
-2662
4533
8648
7881
3817
-213
-1117
1682
6853
11875
14270
13285
11205
10113
10762
11996
13280
13837
13609
12662
12284
12974
13808
13232
10804
7448
4929
4158
5358
7230
7732
5655
1512
-2594
-5011
-4947
-3280
-1419
-1064
-2776
-5661
-8149
-9188
-8807
-7677
-6660
-6477
-7251
-8470
-9185
-9026
-8297
-7208
-6191
-5386
-4853
-4228
-3317
-2197
-1324
-693
-14
761
1624
2297
2877
3084
2868
2374
1988
2007
2235
2387
2595
2440
2018
1466
807
339
-1
-298
-326
-387
-903
-1729
-2587
-3131
-3360
-3348
-3192
-3066
-3033
-3213
-3528
-3696
-3380
-2715
-1856
-1208
-1116
-1294
-1608
-1705
-1304
-490
331
1023
1481
1414
283
-2197
-4882
-5924
-4595
-2457
-1243
-1322
-1991
-2979
-4587
-5904
-5489
-3206
-1265
-929
-2061
-3065
-3060
-2150
-738
765
1707
1804
1451
1395
2339
4173
6258
7797
8112
7330
6562
6649
7506
8689
9767
10341
10248
9288
8083
7492
7565
7740
7425
6450
5359
4426
3791
3487
3179
2713
2046
1001
51
-627
-965
-1173
-1567
-2098
-2658
-3127
-3408
-3439
-3319
-3202
-3303
-3753
-4420
-4872
-4995
-4665
-4141
-3776
-3615
-3616
-3643
-3598
-3356
-2858
-2383
-2082
-2106
-2251
-2348
-2389
-2152
-1711
-1432
-1269
-1200
-1181
-1118
-1131
-1190
-1278
-1293
-1068
-832
-695
-539
-529
-514
-478
-344
-96
20
-2
-94
-157
-167
-252
-373
-354
-46
379
680
745
614
413
310
398
808
1330
1644
1572
1211
944
941
1303
2084
2322
1197
-1247
-3760
-4812
-4209
-2997
-2041
-1697
-2049
-2946
-4157
-4771
-3938
-2297
-1228
-1482
-2711
-3753
-3950
-3073
-1372
397
1428
1500
912
457
786
1972
3741
5217
5726
5461
5004
4815
5216
5827
6322
6420
5948
5176
4554
4542
4922
5180
4854
3966
2813
1794
1387
1513
1845
1956
1518
902
426
165
165
192
19
-212
-485
-674
-633
-542
-466
-558
-804
-1091
-1328
-1577
-1703
-1716
-1649
-1687
-1913
-2191
-2480
-2754
-2916
-2832
-2661
-2432
-2532
-2703
-2836
-2780
-2544
-2383
-2186
-2082
-2060
-2130
-2230
-2063
-1757
-1431
-1112
-901
-710
-604
-566
-507
-314
-128
91
311
458
523
414
282
252
378
611
719
736
602
395
302
381
516
555
520
325
182
184
332
536
743
781
660
177
-585
-1382
-1990
-2147
-2038
-1900
-1761
-1592
-1549
-1849
-2154
-2070
-1551
-1109
-1023
-1249
-1556
-1619
-1493
-1205
-783
-397
-96
75
212
633
1131
1609
1931
1968
1893
1833
2054
2358
2602
2881
2991
2973
3011
3101
3310
3443
3298
3081
2873
2690
2549
2618
2706
2690
2654
2393
2111
2057
2124
2262
2217
2049
1752
1472
1324
1222
1041
725
483
241
-107
-354
-576
-785
-890
-970
-1037
-1267
-1677
-2176
-2473
-2653
-2645
-2644
-2802
-3048
-3275
-3320
-3224
-2997
-2889
-2872
-2889
-2766
-2512
-2227
-1993
-1923
-1876
-1753
-1629
-1417
-1272
-1158
-1057
-962
-729
-454
-201
18
55
-96
-90
97
312
634
722
602
377
250
443
629
709
657
498
428
525
603
785
926
900
740
615
611
586
446
75
-202
-401
-621
-691
-658
-608
-540
-591
-775
-940
-961
-899
-881
-930
-1059
-1203
-1345
-1285
-982
-690
-542
-568
-648
-655
-414
-35
296
614
783
960
1241
1516
1822
2134
2278
2469
2606
2758
2932
3022
3149
3256
3404
3411
3330
3244
3116
3002
2873
2660
2366
2090
1867
1628
1609
1662
1699
1521
1046
516
125
-5
8
90
34
-236
-636
-1018
-1213
-1196
-1271
-1448
-1753
-2103
-2254
-2372
-2421
-2492
-2590
-2663
-2639
-2595
-2620
-2657
-2685
-2563
-2378
-2131
-1919
-1753
-1583
-1495
-1556
-1579
-1432
-1150
-927
-750
-685
-682
-818
-869
-709
-402
-37
107
180
174
231
394
561
606
568
416
202
137
348
550
666
628
503
422
451
407
258
191
235
318
416
464
365
219
149
-27
-294
-571
-841
-1028
-1069
-944
-741
-620
-664
-876
-1110
-1193
-1134
-945
-874
-993
-1254
-1407
-1491
-1337
-907
-555
-211
58
392
774
1008
1192
1380
1607
1918
2249
2563
2782
2851
2840
2743
2688
2660
2666
2729
2789
2834
2752
2652
2546
2475
2419
2421
2429
2379
2355
2217
2009
1726
1552
1382
1264
1195
907
537
228
10
-122
-255
-521
-833
-1161
-1438
-1706
-1987
-2271
-2399
-2290
-2154
-2145
-2212
-2481
-2846
-3026
-2869
-2531
-2176
-2063
-2213
-2363
-2490
-2400
-2091
-1824
-1532
-1405
-1423
-1511
-1486
-1327
-1180
-975
-688
-373
-288
-226
-157
-64
71
223
348
425
427
392
386
322
185
56
-8
112
245
381
497
492
441
402
398
443
508
495
419
391
426
453
330
165
-96
-315
-451
-481
-473
-451
-470
-581
-704
-825
-817
-746
-663
-701
-845
-1028
-1131
-1097
-1105
-1073
-867
-678
-490
-306
-10
243
474
707
856
1055
1285
1547
1838
2054
2161
2171
2171
2338
2562
2933
3159
3168
3106
2922
2783
2662
2633
2655
2617
2512
2331
2200
2090
1994
1842
1628
1442
1221
1038
925
876
730
465
216
-47
-246
-450
-723
-1043
-1345
-1610
-1790
-1972
-2140
-2309
-2454
-2561
-2618
-2705
-2803
-2894
-2906
-2678
-2470
-2274
-2284
-2373
-2471
-2482
-2250
-1796
-1275
-953
-882
-1018
-1216
-1317
-1142
-888
-597
-349
-294
-298
-375
-319
-120
90
273
338
311
261
252
377
578
659
648
594
419
377
446
488
478
463
478
570
621
594
539
467
447
447
504
579
665
622
538
472
318
45
-168
-414
-616
-713
-721
-836
-845
-901
-927
-864
-849
-941
-1170
-1372
-1426
-1287
-1143
-1075
-1087
-1150
-1139
-996
-617
-240
53
151
246
478
826
1363
1758
2040
2129
2198
2259
2451
2732
2928
2922
2822
2699
2622
2689
2773
2889
2815
2652
2514
2322
2184
2122
2050
1900
1854
1690
1568
1471
1224
998
725
401
185
30
-258
-562
-889
-1205
-1325
-1474
-1622
-1805
-1879
-2037
-2219
-2194
-2218
-2142
-2191
-2198
-2200
-2267
-2156
-2017
-1999
-2097
-2286
-2449
-2390
-2235
-1998
-1795
-1778
-1769
-1664
-1451
-1045
-626
-426
-440
-515
-597
-590
-515
-341
-164
-10
152
152
220
285
464
616
633
505
326
252
312
493
570
685
748
750
690
615
603
639
724
688
637
565
454
407
524
648
653
518
233
-189
-471
-591
-611
-619
-732
-897
-1084
-1119
-1051
-751
-470
-378
-591
-911
-1094
-1092
-862
-703
-630
-684
-790
-798
-743
-479
28
533
790
919
1042
1107
1226
1531
1862
2053
2100
1912
1861
2020
2288
2593
2775
2760
2504
2190
2048
2131
2279
2466
2490
2289
1942
1565
1305
1256
1349
1374
1242
950
696
605
621
579
485
197
-207
-612
-873
-1002
-1144
-1214
-1348
-1525
-1649
-1847
-1911
-1960
-1960
-1967
-2121
-2324
-2482
-2504
-2513
-2359
-2275
-2226
-2055
-1808
-1641
-1456
-1379
-1494
-1645
-1767
-1686
-1425
-1090
-774
-545
-401
-272
-82
15
69
83
27
18
62
141
142
207
225
286
476
624
816
1012
1161
1135
996
851
597
297
131
257
561
852
1042
977
894
699
473
401
343
314
415
512
636
545
236
-184
-682
-934
-1040
-1050
-991
-1023
-989
-947
-1008
-957
-931
-794
-739
-743
-942
-1113
-1160
-1109
-829
-587
-359
-356
-388
-404
-320
-13
475
897
1112
1099
1036
1051
1156
1474
1847
2151
2274
2254
2163
2129
2292
2513
2586
2496
2261
2002
1802
1696
1716
1747
1719
1563
1378
1279
1207
1124
975
681
441
196
48
33
21
-91
-201
-331
-482
-704
-869
-943
-1054
-1142
-1256
-1339
-1383
-1412
-1330
-1565
-1747
-2630
-4978
-6414
-5535
-2729
36
1564
1009
-986
-2599
-2849
-2160
-1316
-702
-546
-509
-297
96
373
566
705
798
971
824
530
211
182
439
599
742
725
684
524
409
316
336
456
371
210
32
25
96
129
40
-51
25
236
508
590
686
962
1215
1542
1885
2176
2511
2970
3416
3897
4223
3757
2195
-312
-2567
-3340
-2602
-1557
-1310
-2269
-3999
-6167
-7775
-8001
-6872
-5279
-4378
-4916
-6474
-7883
-8168
-7222
-5353
-3452
-2280
-2054
-2574
-2631
-1689
245
2294
3614
3957
3945
4311
5124
5959
6590
6733
6529
6384
6481
7097
7881
8299
7849
6581
5291
4742
5156
5934
6335
5728
4422
2878
1670
1203
1282
1565
1390
486
-698
-1702
-2327
-2509
-2628
-2938
-3605
-4284
-4789
-4937
-4586
-4094
-3807
-3657
-3673
-3531
-3120
-2508
-1855
-1429
-1084
-660
-134
552
1201
1700
1846
1699
1400
1286
1447
1677
1854
1924
1848
1710
1523
1388
1281
1209
1049
674
238
-300
-693
-1002
-1337
-1731
-2355
-2979
-3509
-3797
-3840
-3772
-3473
-2887
-2283
-1812
-1858
-2289
-2576
-2444
-1516
-124
993
1357
989
359
49
443
1181
1906
2230
2405
1907
-1170
-6381
-10659
-9574
-2902
3629
3870
-2316
-10071
-14492
-13438
-7698
-344
4560
2620
-5253
-13220
-14727
-8460
833
7074
6885
1850
-3582
-5327
-2223
4312
10870
13702
11612
6935
3614
4686
8947
13230
15023
14500
12517
10338
8899
8736
9638
10771
10958
9902
8154
6474
4926
3458
2214
1785
2227
2433
1098
-1625
-4397
-6141
-6379
-5564
-4518
-4201
-5280
-7714
-10297
-11273
-10112
-8229
-7282
-7805
-9074
-10281
-10685
-10070
-8150
-5616
-3699
-3222
-3878
-4449
-4059
-2627
-637
1260
2661
3125
2494
1660
1877
3440
5624
6898
6570
5165
3797
3338
3914
5033
5955
5622
4011
1925
607
660
1411
1719
1063
-271
-1736
-2740
-3031
-2943
-2772
-3044
-3742
-4490
-4629
-4004
-3267
-2895
-2988
-3102
-2922
-2616
-2251
-1816
-1279
-800
-403
-37
228
465
660
899
1080
1768
2595
3274
802
-4700
-10087
-10025
-3215
4122
4477
-3231
-12175
-16133
-12919
-5683
960
3480
-251
-8543
-15068
-13972
-5461
3368
6823
3551
-1923
-5119
-3819
794
6139
10350
11467
9677
6766
5367
6912
10375
13588
15138
15438
14598
12407
9946
8799
10509
13651
15455
13745
9641
5468
3441
3942
6016
7751
7091
3410
-1696
-5385
-5615
-3203
-1106
-1428
-4029
-7198
-9427
-10041
-9545
-8306
-7142
-7137
-8495
-10196
-11508
-11761
-11138
-9607
-7514
-5727
-5570
-7207
-9001
-8798
-6035
-2071
843
1274
-421
-2598
-3164
-1141
2724
6134
6873
4831
2041
801
2109
4700
6748
7017
5491
3308
1725
1648
2880
4140
4354
3016
988
-724
-1669
-1743
-1163
-522
-454
-1281
-2837
-4263
-4786
-4220
-2902
-1826
-1550
-2125
-3100
-3684
-3296
-1869
-256
532
172
-591
-1022
-421
588
1366
1583
1471
1259
1352
1928
2823
3378
573
-5266
-10370
-9345
-1994
4508
2854
-6131
-14266
-15624
-10125
-2925
1054
442
-4610
-11116
-13938
-10124
-2185
3387
3333
-673
-3770
-3789
-976
2437
5500
8225
9488
8853
6976
5787
6704
9732
13271
15630
16014
13903
10214
7538
8303
12285
15900
15716
11318
5937
3112
3937
6727
8867
8393
5102
522
-2787
-3381
-1554
137
-303
-3011
-6073
-7875
-8349
-8139
-8022
-7820
-7593
-7931
-8947
-10130
-10786
-10553
-9313
-7581
-6435
-6591
-7975
-9117
-8561
-6180
-3568
-2104
-2163
-2962
-3290
-2561
-835
1306
2921
3382
2769
2018
1974
2724
3805
4550
4774
4344
3536
2644
2098
2360
3210
3775
3342
1973
412
-480
-448
41
416
166
-830
-2140
-3037
-3046
-2294
-1705
-1990
-2940
-3832
-3861
-3016
-1872
-1061
-846
-1011
-912
-313
415
836
1024
1105
1424
1908
2040
1729
1336
1437
1910
2475
2940
2783
-108
-5487
-9955
-8652
-1830
4094
2297
-6546
-14504
-15460
-9731
-2951
208
-1563
-6547
-11665
-13007
-9009
-2362
1896
1620
-1423
-3458
-2903
-477
2184
4780
7436
9147
8866
6867
5269
6176
9812
13889
16040
15312
12102
8393
7005
9431
13988
16667
14870
9601
4730
3338
5310
8125
9130
7229
3330
-587
-2627
-2339
-700
115
-958
-3475
-6004
-7477
-7871
-7807
-7374
-6766
-6681
-7619
-9485
-10919
-10867
-9347
-7271
-5917
-5973
-7421
-9156
-9625
-7901
-4600
-1879
-1497
-3171
-4833
-4674
-2299
884
3206
3675
2453
777
280
1570
3863
5362
5293
3967
2632
1975
2194
2846
3563
3929
3453
2102
607
-169
-64
633
1092
920
0
-1310
-2452
-2689
-1946
-949
-625
-1434
-2898
-3852
-3623
-2288
-524
516
485
-524
-1460
-1544
-553
881
1809
1789
966
310
189
745
1411
1837
1828
1589
1363
1456
1790
2265
1495
-1496
-6156
-9063
-7339
-2201
1097
-1821
-8805
-14162
-13545
-8565
-3599
-1867
-3867
-7718
-10653
-10337
-6596
-2049
426
-197
-1737
-2429
-1349
511
2629
5013
7543
9164
8910
7452
6689
8173
11344
14395
15456
14079
11197
8965
9124
11711
14405
14721
11822
7787
5140
5132
6832
8033
7517
5162
1970
-600
-1760
-1484
-878
-999
-2350
-4435
-6220
-7351
-7747
-7469
-6970
-6686
-7144
-8364
-9641
-10083
-9258
-7705
-6289
-5934
-6634
-7748
-8330
-7451
-5437
-3299
-2445
-2845
-3646
-3615
-2415
-436
1312
2177
2143
1581
1196
1559
2611
3808
4363
4031
3118
2407
2083
2254
2706
3079
2953
2044
887
12
40
637
1039
791
-22
-1082
-1787
-1839
-1397
-815
-627
-1173
-2075
-2649
-2640
-2199
-1467
-904
-621
-463
-496
-574
-390
93
631
877
835
555
408
382
628
1030
1310
1170
655
147
119
443
1021
1108
1179
396
-1579
-4986
-8045
-7796
-4615
-1167
-1749
-5973
-11139
-12660
-10102
-5755
-2817
-3058
-6058
-9441
-10561
-8106
-3712
6
934
-164
-1487
-1382
175
2429
4955
7221
8777
8739
7788
7107
8031
10447
13070
14410
13959
12031
10219
9779
11327
13508
14351
12569
9276
6382
5536
6330
7400
7254
5509
2669
1
-1441
-1386
-771
-739
-1983
-4088
-5965
-7209
-7361
-7088
-6558
-6549
-7159
-8264
-9244
-9481
-8765
-7632
-6761
-6683
-7236
-7989
-8062
-6900
-5063
-3578
-3012
-3349
-3812
-3415
-1986
-165
1285
1855
1553
901
655
1089
1994
2891
3236
2991
2548
2237
2235
2600
3060
3175
2756
1877
930
480
479
672
598
287
-269
-910
-1378
-1483
-1239
-1003
-1052
-1423
-1843
-1930
-1657
-1193
-918
-949
-1206
-1167
-830
-251
306
503
446
302
222
427
522
501
403
274
414
615
837
552
299
128
334
755
1077
988
864
297
-1080
-3044
-4948
-5335
-4430
-3003
-3181
-4880
-7564
-9228
-9070
-7196
-4918
-4076
-4873
-6589
-7477
-6399
-3872
-1205
124
135
-439
-483
581
2422
4756
6496
7590
7710
7575
7680
8387
9870
11482
12607
12674
11826
10906
10481
11209
12152
12562
11687
9821
7881
6620
6382
6527
6258
5002
2895
876
-460
-953
-1129
-1687
-2737
-4053
-5308
-6188
-6561
-6652
-6524
-6567
-6871
-7606
-8281
-8727
-8612
-8194
-7378
-6690
-6306
-6433
-6520
-6016
-5072
-3942
-3268
-2971
-2806
-2451
-1716
-910
118
936
1425
1482
1440
1607
1801
2242
2563
2736
2650
2515
2302
2077
1877
1761
1522
1107
724
383
40
-193
-497
-669
-958
-1214
-1427
-1683
-1761
-1817
-1812
-1725
-1613
-1438
-1126
-825
-603
-647
-782
-736
-426
191
742
869
596
328
464
1031
1515
1629
1355
1090
999
985
1220
1174
672
-41
-542
-737
-518
-231
1
36
62
-59
-802
-2076
-3528
-4323
-3930
-3484
-3849
-4916
-5950
-6156
-5862
-5327
-5145
-4987
-5246
-5336
-5522
-5086
-4128
-2887
-1480
-658
-222
-8
716
1928
3530
5189
6151
6461
6457
6842
7984
9327
10481
10854
10733
10404
10398
10697
11149
11330
11025
10183
9105
7985
7175
6584
6094
5506
4783
3742
2408
1158
176
-494
-1013
-1655
-2455
-3479
-4305
-5078
-5579
-5864
-5929
-5919
-6236
-6747
-7375
-7389
-6850
-6094
-5531
-5431
-5563
-5789
-5467
-4644
-3641
-2760
-2425
-2337
-2241
-1800
-1119
-311
163
285
125
-58
14
351
693
992
1068
1042
896
768
577
344
199
140
-59
-546
-1064
-1315
-1313
-1234
-1402
-1854
-2498
-2922
-2943
-2637
-2070
-1629
-1455
-1432
-1386
-1155
-892
-571
-441
-431
-302
55
657
1145
1400
1204
899
923
1315
1816
2217
2192
1857
1524
1454
1454
1387
1260
1104
926
715
514
277
88
131
158
40
-217
-615
-819
-646
-232
-74
-370
-1334
-2058
-2160
-1688
-1289
-1748
-2702
-3610
-3478
-2612
-1661
-1490
-1788
-2113
-2109
-1560
-905
-377
-320
-544
-308
420
1477
2106
2251
2343
2525
3103
3714
4269
4588
4916
5206
5521
5706
5755
5837
5914
5996
6178
6292
6205
5774
5222
4884
4903
4788
4422
3753
2940
2306
1808
1335
882
286
-433
-1283
-2183
-2740
-2914
-2983
-3045
-3282
-3651
-3920
-4161
-4161
-4079
-3823
-3699
-3799
-3963
-4016
-3644
-3202
-2819
-2523
-2469
-2438
-2332
-2035
-1527
-1002
-766
-837
-1049
-1212
-1150
-983
-717
-607
-788
-1032
-1293
-1433
-1236
-975
-847
-824
-980
-1203
-1348
-1298
-1119
-929
-903
-1151
-1434
-1565
-1455
-1235
-1083
-1033
-1092
-1150
-1134
-905
-497
-93
149
11
-214
-351
-171
344
747
900
913
857
856
1004
1156
1122
887
710
696
774
871
714
550
544
610
602
478
325
135
-71
-74
45
85
-4
-212
-259
-1
402
470
386
174
-45
-59
143
368
395
401
331
255
10
-129
24
389
742
902
777
383
110
251
825
1204
1284
1023
667
566
864
1352
1766
1785
1458
1363
1585
2026
2255
2274
2033
1854
1999
2205
2279
2156
1938
1831
1862
1976
1950
1836
1655
1603
1668
1758
1652
1263
801
484
376
464
393
-29
-614
-1035
-987
-647
-412
-562
-1059
-1612
-1827
-1623
-1267
-1214
-1389
-1580
-1738
-1701
-1473
-1266
-1194
-1320
-1424
-1450
-1374
-1302
-1296
-1281
-1305
-1347
-1374
-1493
-1542
-1516
-1410
-1305
-1321
-1334
-1480
-1660
-1707
-1542
-1355
-1146
-941
-1086
-1421
-1433
-1139
-936
-918
-1174
-1377
-1357
-1062
-829
-940
-1107
-1149
-1075
-750
-443
-495
-806
-1082
-1095
-797
-462
-444
-340
-83
152
242
203
152
219
444
632
628
603
592
748
1037
1249
1279
1090
781
674
790
1182
1323
1176
1056
1201
1334
1155
912
788
1025
1279
1271
1057
735
496
610
878
992
857
459
324
539
775
811
553
117
-95
75
639
1008
1006
804
695
745
635
550
480
599
765
876
1009
1020
900
931
1010
1087
993
831
723
800
1008
1013
899
656
329
391
455
358
198
69
-78
-148
-49
-112
-175
-170
-307
-438
-607
-929
-1111
-1002
-661
-339
-278
-380
-573
-659
-518
-351
-313
-428
-797
-1070
-1153
-913
-528
-365
-353
-487
-553
-760
-1022
-1131
-957
-683
-563
-741
-989
-949
-561
-105
124
48
-134
-259
-229
-146
-69
-18
-143
-221
-97
-32
-91
-178
-349
-522
-592
-708
-872
-987
-894
-752
-659
-623
-627
-541
-384
-312
-350
-372
-432
-395
-291
-339
-409
-372
-334
-273
-320
-359
-242
-8
142
-20
-253
-364
-274
-222
-135
87
296
518
677
726
566
266
93
38
174
270
336
509
778
885
805
882
817
590
371
354
424
430
307
158
-22
-167
43
429
813
777
410
213
217
435
754
878
704
453
359
326
417
540
448
238
101
84
309
476
502
403
121
-69
27
328
471
548
424
63
-209
-296
-138
145
326
228
-6
-206
-205
100
405
553
442
104
-146
-78
184
417
571
510
225
-46
-71
87
370
519
493
290
14
-200
-235
-109
-18
41
-7
-276
-492
-570
-507
-448
-280
-223
-391
-579
-662
-566
-537
-581
-643
-599
-444
-303
-311
-441
-647
-820
-818
-736
-734
-656
-565
-454
-330
-243
-239
-245
-309
-332
-94
35
41
-103
-401
-500
-512
-303
-79
52
-105
-402
-497
-363
-86
134
123
89
-35
-1
213
555
741
571
345
103
-59
-150
72
460
510
341
77
-10
178
466
770
618
234
-247
-570
-622
-324
3
340
507
450
360
261
298
350
367
251
67
-106
-88
28
170
176
-3
-199
-346
-340
-178
-101
-76
-112
-143
-83
148
258
223
242
181
127
89
116
150
179
97
-115
-317
-434
-374
-136
216
339
223
20
-165
-165
-31
206
319
310
300
270
391
610
585
199
-322
-576
-352
205
645
624
363
-64
-238
-98
93
192
134
-135
-323
-237
68
357
511
477
289
83
-64
5
45
59
-4
87
160
183
323
347
347
286
51
-175
-289
-419
-461
-469
-288
-93
-4
-32
-204
-329
-289
-39
35
-27
-308
-598
-819
-858
-868
-927
-819
-730
-591
-410
-242
-159
-211
-379
-415
-326
-131
138
413
628
729
689
580
398
117
-71
-42
119
341
546
546
424
164
-109
-140
-27
144
196
80
-19
-32
168
477
682
718
521
332
243
193
209
112
-115
-329
-452
-471
-322
-87
-25
-131
-326
-440
-415
-406
-394
-470
-535
-568
-575
-513
-301
-227
-208
-230
-202
15
183
233
91
-16
-112
-30
101
282
419
369
244
93
44
70
202
362
309
114
-98
-136
-55
148
425
538
387
-61
-353
-542
-571
-397
-176
-98
-133
-153
-13
90
147
14
-235
-342
-375
-248
-48
232
312
422
465
483
509
603
667
569
485
213
23
14
113
397
573
591
367
117
-30
86
277
362
221
-65
-240
-252
-7
293
531
506
330
59
-119
-165
-22
137
171
35
-105
-282
-397
-453
-451
-412
-480
-422
-393
-446
-476
-516
-578
-469
-304
-143
-76
37
77
-12
-84
-201
-322
-414
-445
-404
-313
-267
-271
-396
-589
-608
-479
-238
-35
24
-55
-15
204
428
531
526
537
688
814
847
692
420
265
269
350
375
288
65
-205
-474
-563
-532
-359
-127
95
172
175
56
-44
7
47
-5
-32
115
265
444
524
508
412
328
308
400
522
585
592
485
375
336
363
326
178
-39
-301
-480
-478
-341
-192
-29
86
88
25
-187
-409
-391
-283
-118
-89
-163
-324
-568
-742
-834
-742
-550
-382
-326
-366
-558
-732
-625
-520
-394
-473
-671
-772
-740
-490
-223
14
86
46
27
85
238
424
525
506
434
273
196
90
19
-32
11
-4
-55
-73
-101
65
187
267
183
32
-19
69
233
384
387
453
520
554
553
422
258
62
-97
-94
-68
-106
-130
-187
-257
-187
-59
41
-27
-75
-32
105
256
338
319
234
258
378
582
637
481
282
88
-1
41
18
31
43
66
80
35
105
142
138
161
272
359
549
627
448
199
-230
-573
-903
-1087
-1118
-947
-617
-329
29
266
365
413
458
606
670
740
719
572
586
681
807
830
699
374
59
-129
-233
-127
39
83
7
-111
-212
-375
-402
-313
-366
-411
-378
-245
-42
141
228
272
170
-10
-184
-428
-781
-1270
-1752
-2146
-2405
-2499
-2531
-2474
-2260
-1981
-1574
-1129
-848
-645
-530
-434
-257
-56
116
183
221
432
706
973
1133
1122
1124
1160
1186
1237
1309
1199
1129
993
946
975
992
1053
1045
965
793
663
614
532
537
635
651
651
527
351
364
409
450
469
337
145
-98
-276
-335
-282
-206
-93
-159
-350
-466
-599
-687
-725
-648
-631
-575
-499
-462
-389
-294
-296
-345
-434
-440
-368
-228
-23
125
277
321
354
318
151
-18
-59
-56
22
56
92
65
85
157
170
130
78
117
123
130
143
239
293
260
12
-236
-414
-472
-303
-87
30
-15
-162
-364
-557
-615
-555
-462
-218
-27
21
-13
-104
-126
-63
108
273
314
264
271
273
323
368
381
297
145
168
224
303
340
328
302
259
260
186
-18
-109
-95
-33
107
188
71
-90
-263
-378
-457
-384
-262
-156
-58
-104
-94
-51
-56
68
108
29
28
-12
-12
-43
-72
-49
-180
-368
-569
-642
-629
-524
-390
-188
2
217
288
274
239
298
345
415
373
291
276
271
357
345
399
353
262
247
163
28
-247
-538
-754
-821
-786
-612
-497
-560
-618
-585
-581
-601
-575
-587
-413
-177
-88
18
62
137
190
122
-33
-261
-394
-491
-326
-38
278
423
524
429
283
300
372
587
628
709
682
537
362
238
167
253
297
375
475
509
472
241
66
-5
46
215
511
676
781
710
516
467
446
491
436
266
121
1
23
87
141
208
154
141
127
37
-100
-289
-429
-490
-461
-463
-443
-423
-547
-616
-528
-514
-554
-635
-625
-577
-455
-288
-195
-133
-224
-479
-577
-606
-597
-595
-607
-665
-639
-520
-384
-214
-77
21
81
176
231
235
204
138
119
129
126
122
86
56
41
73
210
301
432
512
581
632
648
747
691
547
336
75
-116
-220
-159
9
210
319
300
175
-22
-140
-186
-70
138
192
190
79
59
128
87
93
51
-79
-112
-146
-105
-6
0
3
-78
-146
-205
-190
-176
-193
-107
4
88
29
-122
-313
-378
-424
-500
-533
-556
-415
-170
159
371
494
423
243
134
65
198
445
537
439
288
115
-26
-178
-141
-26
9
-25
13
-42
-72
-192
-362
-520
-438
-246
-196
-71
-98
-144
-72
-45
-13
17
87
179
294
396
424
437
406
413
457
426
382
313
337
285
226
277
301
284
74
-42
-204
-390
-539
-609
-607
-612
-625
-519
-356
-235
-48
-111
-210
-343
-455
-445
-401
-464
-404
-240
-51
82
81
-35
-246
-219
-128
-24
41
-13
-19
-3
117
317
551
712
696
632
499
387
350
384
595
815
831
721
449
204
210
286
377
289
51
-194
-358
-465
-521
-424
-319
-188
-177
-317
-445
-546
-467
-265
-121
27
24
63
76
47
52
1
-9
-25
-37
-68
-160
-290
-423
-470
-413
-224
-53
-35
-21
-83
-129
-85
-91
-30
29
35
-35
-157
-108
-77
-75
-64
-110
-282
-614
-862
-1014
-1027
-892
-747
-719
-733
-790
-862
-760
-582
-245
159
521
788
998
1031
1011
1035
1088
1342
1499
1576
1594
1609
1533
1411
1273
996
718
667
679
756
793
611
387
30
-167
-216
-187
-204
-366
-540
-635
-610
-540
-496
-582
-599
-588
-592
-477
-394
-147
-66
-42
-72
-129
-63
29
47
65
78
-117
-328
-577
-773
-849
-793
-619
-397
-161
31
131
73
40
133
284
454
552
458
26
-668
-1499
-2092
-2259
-1971
-1476
-1015
-613
-375
-206
-127
-57
9
126
222
316
241
229
195
191
180
25
-45
-43
90
227
289
187
-74
-239
-191
-84
104
227
242
303
381
475
610
665
638
672
774
998
1096
1228
1110
854
576
263
79
1
-136
-333
-465
-538
-319
-15
275
424
463
526
567
727
952
1092
1152
1171
1111
973
733
498
406
403
552
745
816
744
654
523
349
115
-135
-238
-320
-336
-336
-471
-708
-994
-1340
-1588
-1746
-1709
-1634
-1332
-1174
-1061
-1112
-1276
-1247
-1197
-931
-716
-532
-510
-639
-695
-696
-735
-648
-566
-510
-371
-330
-130
-37
-9
100
176
322
318
286
363
452
655
683
509
277
-62
-198
-238
-200
-133
-96
-72
-23
175
285
463
658
745
689
660
567
590
782
988
1218
1415
1425
1217
950
656
428
397
470
503
505
557
624
684
649
584
332
82
-98
-278
-200
-47
25
88
-44
-185
-203
-216
-212
-229
-178
-161
-101
-69
-65
-177
-335
-559
-689
-786
-771
-694
-752
-769
-880
-1049
-1302
-1382
-1355
-1129
-902
-792
-780
-912
-940
-909
-781
-653
-541
-459
-484
-559
-576
-493
-336
-106
48
30
79
142
295
490
694
899
1052
1127
1091
1001
943
848
772
708
610
545
504
548
612
468
333
207
-9
-51
-25
84
215
375
474
376
345
198
24
-144
-278
-278
-141
-59
-134
-148
-107
23
231
391
403
446
579
619
529
359
108
7
-16
44
33
-50
-168
-230
-206
-205
-140
-112
-13
46
137
182
177
111
54
-6
-57
-35
-53
-143
-425
-577
-722
-839
-797
-726
-724
-782
-728
-650
-493
-292
-230
-232
-290
-202
-29
159
323
311
179
118
188
406
566
632
620
492
419
358
330
390
442
525
455
267
209
69
11
51
28
-78
-110
-172
-201
-181
-171
-116
-147
-125
-80
26
201
353
449
534
474
322
328
256
206
20
-132
-76
-23
64
82
82
-15
-78
-97
-74
-41
-3
48
112
140
24
-145
-456
-700
-840
-752
-522
-287
-223
-281
-493
-735
-790
-765
-603
-584
-480
-399
-293
-131
32
122
98
137
235
303
366
304
89
-109
-318
-418
-468
-514
-578
-554
-473
-357
-343
-291
-299
-278
-178
18
297
451
550
481
414
294
239
318
444
574
570
569
476
341
338
457
483
436
452
492
510
563
667
822
878
856
859
722
514
390
331
346
330
262
246
208
166
13
-122
-343
-578
-571
-582
-480
-379
-371
-534
-860
-1121
-1373
-1428
-1395
-1462
-1515
-1542
-1414
-1154
-825
-541
-302
-93
66
319
496
624
652
561
481
460
480
566
587
510
442
375
480
560
724
787
773
794
735
679
660
639
503
465
547
714
818
835
721
590
500
444
432
368
241
43
-184
-359
-341
-151
5
-14
-179
-475
-628
-733
-773
-736
-698
-675
-712
-654
-614
-597
-697
-770
-859
-869
-851
-817
-703
-647
-570
-481
-349
-326
-268
-261
-247
-165
-2
201
404
473
386
334
303
352
324
360
309
295
385
393
545
552
549
527
445
333
107
-140
-499
-632
-638
-637
-574
-476
-331
-160
25
125
278
395
475
497
446
302
38
-315
-686
-1009
-1283
-1373
-1296
-1201
-950
-819
-630
-444
-223
-58
35
112
207
310
454
598
751
1004
1084
1174
1196
1122
1055
1045
1098
1191
1185
1146
1122
1044
921
802
603
307
-33
-286
-460
-538
-568
-567
-538
-415
-252
-109
15
42
105
147
217
269
328
276
173
45
-24
-94
-168
-213
-215
-249
-244
-181
-54
-2
-88
-165
-201
-105
36
251
257
206
109
-6
-52
-175
-283
-326
-193
-6
52
9
-53
-125
-161
-303
-369
-391
-324
-71
200
420
581
615
570
452
448
423
381
255
-91
-390
-808
-1079
-1207
-1277
-1297
-1286
-1274
-1237
-1201
-1146
-1257
-1339
-1370
-1290
-1105
-838
-530
-379
-332
-360
-222
-145
62
309
434
425
299
190
190
181
196
269
380
521
593
600
500
337
172
178
210
291
398
475
599
692
693
664
682
687
755
844
988
1200
1307
1284
1125
932
814
674
565
477
403
283
77
-153
-333
-540
-592
-619
-614
-656
-747
-856
-1043
-1121
-1001
-717
-553
-372
-342
-409
-516
-513
-283
17
355
524
620
596
610
760
1057
1243
1334
1278
1103
921
839
808
708
581
463
545
666
794
868
837
748
627
513
294
92
-9
-93
-220
-369
-505
-676
-755
-722
-711
-702
-806
-1041
-1170
-1279
-1321
-1425
-1598
-1624
-1604
-1527
-1366
-1171
-1151
-1066
-1088
-1093
-1039
-1140
-1230
-1360
-1322
-1207
-973
-597
-228
163
518
835
1115
1323
1521
1568
1437
1243
1018
948
946
915
888
770
558
373
158
-111
-270
-305
-229
-163
-189
-283
-420
-546
-558
-570
-492
-447
-351
-173
21
175
232
289
310
329
428
568
752
862
855
860
867
939
1011
1044
1035
963
716
456
359
385
442
496
413
330
264
280
240
31
-377
-916
-1289
-1402
-1246
-1009
-790
-794
-749
-545
-232
11
-18
-238
-431
-549
-629
-562
-372
-264
-149
-233
-182
-104
-53
54
110
154
181
358
464
665
808
957
1085
1040
1065
1022
966
910
896
755
648
522
362
221
189
145
59
-63
-268
-389
-490
-510
-481
-334
-245
-173
-165
-155
-134
-132
-81
-147
-153
-195
-230
-351
-611
-830
-1127
-1288
-1322
-1240
-1121
-1072
-1025
-968
-848
-628
-466
-293
-207
-301
-486
-685
-845
-832
-741
-777
-919
-1128
-1279
-1111
-537
100
663
1041
1178
993
676
214
-134
-276
-195
38
217
423
503
599
859
1182
1534
1731
1809
1875
1912
1928
1886
1879
1927
1806
1662
1491
1302
1117
1017
774
495
368
216
16
-238
-328
-312
-211
-141
-183
-359
-482
-528
-335
4
155
91
-2
-65
-154
-222
-251
-382
-454
-518
-558
-649
-762
-909
-1105
-1247
-1265
-1285
-1312
-1279
-1436
-1571
-1601
-1497
-1465
-1415
-1363
-1271
-1213
-1320
-1364
-1353
-1054
-560
-121
272
485
462
278
-10
-259
-445
-406
-337
-16
488
1036
1442
1555
1512
1193
859
539
342
272
477
716
979
1165
1291
1402
1411
1369
1317
1178
1137
1101
1033
1009
1014
849
533
155
-153
-205
-212
-110
-3
-62
-62
-131
-240
-254
-332
-359
-280
-205
-58
-10
67
116
144
83
-145
-332
-512
-621
-641
-600
-628
-648
-675
-723
-832
-972
-1015
-902
-807
-833
-880
-905
-843
-693
-560
-333
-160
-101
-95
-29
-48
-202
-352
-600
-750
-855
-877
-796
-636
-439
-251
-24
192
334
422
506
491
423
482
595
673
739
710
658
675
676
623
559
464
422
400
344
373
357
361
312
352
382
327
271
150
126
168
334
447
468
524
506
426
468
483
478
269
71
87
190
340
437
251
45
-110
-174
-108
-29
243
454
623
634
550
334
72
-59
-84
-10
65
232
374
432
418
385
184
13
-73
-135
-176
-204
-336
-505
-605
-653
-688
-822
-840
-903
-983
-1049
-1060
-942
-707
-505
-312
-159
-227
-239
-218
-50
75
119
183
161
69
29
36
73
39
33
-82
-320
-501
-572
-491
-414
-428
-621
-903
-1127
-1168
-986
-832
-772
-792
-792
-666
-480
-170
106
361
514
607
677
670
507
224
-114
-508
-595
-561
-223
194
495
742
838
844
701
513
262
118
195
438
636
815
905
922
890
893
956
979
966
787
602
413
347
421
474
577
578
501
463
494
568
579
570
626
648
554
338
79
-102
-163
-133
-132
-245
-306
-382
-471
-427
-467
-367
-288
-288
-285
-364
-498
-647
-604
-455
-368
-484
-596
-674
-677
-504
-344
-229
-186
-251
-387
-473
-464
-330
-161
-104
-66
-129
-260
-307
-406
-484
-390
-226
-178
-233
-303
-307
-323
-276
-191
-143
-125
-156
-243
-230
-173
-157
-171
-145
9
128
108
115
47
34
66
36
84
84
67
41
-47
-70
25
120
224
244
212
297
403
509
576
668
694
648
571
637
753
807
841
787
709
538
472
389
257
141
-15
-112
-52
119
303
368
330
239
61
-86
-293
-399
-411
-357
-344
-360
-328
-369
-368
-352
-237
-116
-50
-31
-94
-167
-219
-230
-282
-299
-187
-34
96
157
153
21
-49
-88
-150
-217
-305
-444
-649
-881
-937
-902
-830
-736
-606
-496
-399
-426
-456
-430
-353
-120
114
386
365
283
100
34
191
334
462
386
216
11
17
194
504
646
588
456
179
44
92
151
189
161
16
-54
-58
-146
-168
-194
-165
-126
29
124
140
249
291
294
317
365
353
416
365
353
423
522
536
468
346
234
220
212
173
120
220
331
449
513
451
358
278
249
362
557
627
653
518
325
178
66
30
-37
-128
-283
-314
-349
-285
-335
-405
-520
-680
-749
-867
-944
-995
-852
-726
-627
-693
-802
-931
-924
-780
-597
-401
-203
-55
57
99
175
162
56
9
-113
-236
-341
-386
-403
-264
-217
-121
-68
-140
-161
-129
7
192
401
552
581
591
513
408
222
118
117
233
336
483
513
521
422
272
209
204
300
375
483
420
413
448
457
501
519
414
263
72
-9
-19
-45
-35
-53
-228
-419
-603
-881
-1030
-1187
-1261
-1183
-1028
-905
-707
-603
-522
-351
-292
-292
-213
-141
-9
144
270
380
305
218
172
281
419
568
641
697
659
664
678
811
1001
1011
936
815
678
563
413
344
266
167
60
-94
-276
-588
-747
-837
-766
-580
-399
-218
-78
-12
-14
-15
13
32
90
85
150
25
-220
-344
-436
-449
-376
-444
-624
-815
-852
-675
-479
-259
-119
111
361
560
738
767
672
601
522
528
565
527
463
389
357
463
640
701
622
349
24
-249
-314
-423
-452
-416
-533
-680
-829
-963
-1021
-837
-575
-253
5
166
183
38
-91
-58
21
0
-46
-216
-326
-563
-693
-747
-578
-262
-59
109
218
360
499
767
1072
1116
980
589
152
-238
-521
-584
-467
-220
-62
123
149
169
155
229
391
506
621
600
468
255
57
7
-66
-182
-250
-297
-340
-366
-358
-424
-518
-671
-725
-678
-565
-453
-381
-235
-308
-363
-442
-502
-463
-347
-231
-215
-164
-173
-118
-33
165
417
685
875
976
998
909
942
937
924
766
599
371
165
25
-97
-208
-289
-256
-266
-301
-313
-499
-740
-980
-1068
-1036
-946
-672
-313
122
452
695
800
806
727
722
793
817
885
881
762
764
792
797
706
500
304
136
51
-9
-51
-51
-150
-170
-88
79
165
129
-66
-286
-486
-820
-1129
-1198
-1270
-1206
-1101
-939
-744
-647
-480
-370
-239
-215
-108
33
135
227
297
373
408
546
712
1000
1266
1339
1310
1157
977
798
589
403
68
-346
-639
-862
-870
-684
-425
-244
-142
-78
-31
-2
24
59
227
437
581
737
829
776
744
561
269
92
-37
-78
-44
30
107
174
188
199
70
-86
-362
-639
-788
-806
-807
-955
-1124
-1349
-1539
-1703
-1672
-1499
-1198
-829
-589
-441
-429
-509
-609
-608
-421
-205
-78
-6
44
17
-8
1
-9
-138
-295
-441
-560
-708
-893
-915
-899
-802
-730
-549
-367
-89
201
435
563
648
819
960
1199
1352
1488
1474
1442
1484
1494
1328
1124
1115
1151
1260
1371
1310
1104
868
822
835
870
867
912
894
722
545
435
422
494
545
501
249
-4
-201
-447
-560
-743
-889
-1112
-1374
-1643
-2018
-2320
-2512
-2490
-2207
-1882
-1478
-1086
-744
-461
-307
-145
-71
61
102
184
281
338
436
404
315
302
316
324
249
191
212
340
411
486
498
521
582
703
942
1183
1373
1400
1385
1174
957
791
639
614
637
552
494
337
218
18
-205
-294
-396
-478
-451
-382
-370
-220
-156
-156
-155
-143
-177
-212
-230
-370
-523
-584
-448
-248
-145
-136
-205
-267
-299
-356
-414
-487
-612
-840
-950
-931
-839
-693
-487
-339
-257
-133
-69
7
73
43
79
78
59
59
-3
-159
-244
-141
56
292
351
297
178
112
-34
-150
-201
-189
-138
-147
-136
-95
-12
103
210
293
267
221
197
73
22
-10
-64
-61
-68
-54
-79
-96
-135
-190
-183
-224
-176
-145
-140
-45
71
239
372
426
372
342
325
283
309
391
474
585
540
419
318
235
113
-61
-205
-405
-530
-565
-565
-541
-596
-746
-809
-852
-777
-666
-547
-399
-215
-68
-16
-41
-57
-32
-42
88
247
406
579
635
804
983
1083
1146
1193
1233
1077
906
743
506
327
248
245
114
-71
-363
-584
-572
-460
-168
14
131
205
95
-75
-253
-379
-409
-380
-325
-285
-230
-135
28
92
147
93
134
257
371
401
504
634
858
969
900
784
583
588
677
663
524
353
247
266
339
375
372
264
6
-331
-508
-571
-544
-574
-676
-859
-1041
-1086
-1166
-1165
-1190
-1156
-1057
-1087
-1152
-1131
-1060
-927
-814
-835
-806
-803
-740
-678
-579
-533
-516
-416
-254
-107
0
60
121
206
228
390
451
490
438
408
495
611
721
761
741
630
514
428
457
571
610
569
476
389
344
241
164
134
104
143
148
87
37
12
-46
-155
-193
-226
-241
-257
-340
-425
-448
-438
-313
-73
0
28
4
12
99
238
333
330
337
255
130
49
101
199
291
394
455
498
514
479
429
340
319
416
474
498
487
451
344
229
140
136
104
48
34
16
-22
-94
-138
-250
-337
-435
-463
-445
-407
-458
-543
-556
-476
-392
-324
-334
-437
-525
-604
-652
-551
-351
-271
-177
-231
-379
-455
-431
-342
-318
-308
-306
-256
-172
-22
142
263
317
336
385
357
406
351
359
221
71
-47
-105
48
152
192
236
221
269
343
403
398
324
381
461
530
614
725
741
650
574
464
384
279
126
65
12
-16
-10
-32
-59
-97
-124
-117
-131
-190
-209
-252
-240
-249
-212
-175
-110
-106
-189
-182
-234
-432
-583
-735
-881
-951
-870
-815
-844
-799
-670
-683
-615
-491
-339
-182
-54
54
114
174
267
328
301
368
258
165
70
17
41
59
-53
-91
-168
-160
-40
81
255
233
245
410
669
926
1130
1058
845
700
609
565
499
493
454
436
334
191
-20
-121
-107
-172
-178
-331
-449
-554
-474
-266
-66
161
227
217
220
91
53
82
46
121
180
225
339
425
463
419
296
142
32
37
34
109
83
-95
-305
-387
-424
-282
-156
-155
-232
-306
-304
-343
-345
-352
-403
-498
-611
-711
-658
-580
-434
-290
-315
-310
-390
-394
-378
-344
-374
-467
-480
-423
-321
-211
-132
-41
51
169
234
262
255
237
180
45
40
105
187
173
153
43
39
131
256
381
356
234
88
33
78
137
117
102
248
387
526
718
847
798
647
412
231
124
134
374
527
628
550
477
448
353
279
236
155
160
118
-38
-129
-167
-169
-179
-220
-349
-449
-534
-566
-630
-674
-681
-761
-848
-894
-967
-899
-803
-739
-637
-554
-493
-517
-487
-337
-87
48
7
-218
-474
-537
-503
-355
-150
-25
85
189
265
331
362
355
359
363
300
341
446
511
638
699
676
653
658
617
675
679
619
550
367
387
360
403
532
607
691
817
947
990
923
789
588
407
327
244
160
-47
-335
-532
-795
-878
-835
-754
-768
-883
-1013
-1122
-987
-802
-526
-378
-369
-411
-589
-610
-551
-528
-530
-533
-620
-604
-501
-342
-119
1
93
201
252
254
214
88
90
220
435
545
463
349
196
182
270
328
480
424
338
279
203
194
197
315
522
720
812
828
654
469
433
550
684
687
590
354
159
66
9
-35
-30
33
51
104
224
188
140
-29
-221
-387
-434
-503
-491
-336
-327
-470
-662
-703
-700
-525
-443
-454
-527
-604
-611
-618
-645
-666
-775
-827
-814
-781
-698
-620
-461
-246
-126
-50
-48
-143
-190
-232
-177
-97
13
62
86
42
-57
-104
-168
-151
-67
-11
-56
-143
-272
-321
-33
389
720
887
925
775
514
350
311
386
519
591
429
175
49
-8
10
44
55
130
15
-49
-48
14
129
193
273
459
597
635
484
241
10
-115
10
75
167
265
253
304
343
349
280
137
18
-128
-193
-201
-140
-80
-19
56
-77
-33
164
392
596
609
494
286
152
57
36
78
51
-3
-116
-203
-248
-282
-253
-131
13
212
311
276
144
-22
-121
-122
-66
2
177
196
108
-3
-151
-313
-506
-548
-642
-578
-520
-585
-623
-706
-668
-535
-318
-144
-119
-196
-268
-370
-398
-391
-313
-163
-98
13
123
138
152
126
99
232
310
329
316
191
52
19
62
5
-22
58
131
182
263
233
110
131
69
85
65
16
-53
-72
-6
36
67
-111
-234
-374
-327
-168
-29
43
-12
-144
-331
-356
-288
-80
107
171
219
197
197
68
141
273
383
439
379
350
308
327
351
274
60
-66
-220
-291
-286
-386
-418
-304
-250
-141
-8
-78
-139
-163
-183
-150
-118
-119
-159
-195
-141
-52
69
186
228
221
144
216
182
120
72
230
421
501
517
348
250
169
124
85
176
239
237
198
222
151
59
-26
-33
36
78
141
157
177
139
63
-52
-191
-278
-277
-314
-343
-297
-286
-203
-191
-205
-144
-58
77
67
-11
-108
-186
-231
-316
-318
-350
-375
-328
-147
42
219
284
399
484
380
258
11
-201
-305
-244
-22
229
315
336
281
141
-22
-83
-27
45
109
-17
-146
-267
-212
-136
-103
-94
-85
-120
-53
18
-23
-135
-261
-353
-425
-336
-275
-204
-48
83
176
206
129
129
111
113
109
119
178
192
240
250
238
256
275
355
488
543
473
333
212
102
-40
-226
-324
-365
-286
-208
-121
-93
-143
-153
-146
-109
-83
-26
102
217
200
235
214
143
42
-11
-52
-165
-293
-465
-477
-409
-264
-155
-171
-186
-204
-219
-189
-204
-240
-217
-164
-78
31
103
59
-109
-180
-340
-329
-203
-216
-244
-333
-366
-454
-488
-372
-248
-122
-53
-76
-90
-96
-29
33
41
79
171
275
402
604
718
709
620
512
449
366
290
329
379
410
410
354
256
145
156
189
148
50
-102
-241
-185
-50
81
230
349
412
493
555
523
453
242
16
-99
-47
92
224
130
-14
-199
-247
-203
-185
-33
20
-46
-141
-164
-223
-210
-147
-46
-58
-89
-109
-190
-323
-418
-369
-302
-225
-220
-143
-53
-60
-117
-223
-389
-437
-450
-360
-236
-136
-66
10
-75
-148
-166
-156
26
215
333
330
321
345
328
315
268
124
30
-84
-99
-114
-179
-194
-334
-295
-252
-254
-62
127
279
405
327
214
88
50
76
28
-95
-226
-343
-318
-240
-82
73
126
163
223
282
258
179
49
-69
-154
-219
-278
-227
-210
-98
-10
45
142
201
252
312
372
460
422
289
145
112
208
328
406
419
396
224
162
141
101
31
-3
33
127
163
1
-144
-249
-357
-447
-491
-582
-631
-629
-657
-612
-569
-382
-268
-204
-236
-282
-282
-379
-370
-314
-165
-66
-51
-115
-159
-194
-237
-143
-3
98
206
291
366
442
392
402
362
310
333
248
220
179
179
175
222
262
250
317
370
448
491
429
261
120
76
42
-13
-91
-108
-45
49
-20
-74
-106
-117
-42
26
167
310
296
121
-85
-237
-283
-275
-222
-172
-145
-95
-26
46
75
111
56
48
26
-3
-22
-19
-58
-96
-144
-234
-288
-412
-445
-487
-563
-552
-450
-427
-364
-254
-197
-146
-26
94
142
207
189
181
253
297
273
194
174
114
20
26
61
201
360
417
407
365
321
258
241
230
251
265
227
180
64
-82
-153
-216
-179
-97
-53
2
36
86
109
0
-98
-197
-181
-81
12
15
47
106
92
174
126
6
-104
-153
-260
-333
-370
-405
-312
-296
-265
-362
-377
-391
-309
-254
-178
-89
-5
93
-40
-161
-209
-185
-35
102
313
388
266
70
-149
-270
-269
-108
57
241
300
271
259
219
240
156
91
9
-3
28
127
261
333
377
236
117
-25
-101
-74
-40
1
-33
-34
-55
-15
16
6
52
106
167
192
283
270
251
246
230
312
401
394
394
466
422
271
186
78
-80
-125
-32
-11
55
85
16
-99
-275
-415
-584
-677
-713
-670
-625
-598
-504
-406
-260
-262
-209
-252
-361
-425
-431
-362
-281
-158
-86
-79
-102
-215
-295
-279
-295
-150
-25
206
359
289
178
29
-77
-69
81
214
355
519
582
588
511
400
296
220
244
287
329
349
278
174
41
-45
-67
15
129
200
208
98
-176
-415
-471
-325
-38
250
400
451
449
395
392
455
554
545
456
436
412
333
316
283
287
265
221
145
17
-67
-286
-479
-647
-787
-878
-906
-956
-1015
-935
-823
-751
-703
-704
-717
-685
-574
-561
-529
-363
-302
-269
-162
-118
-81
-45
-53
7
105
165
116
59
18
140
304
424
472
509
448
510
639
676
686
626
541
474
465
448
492
604
627
648
511
343
278
325
457
480
355
111
-104
-408
-473
-409
-267
-123
-167
-215
-301
-310
-263
-171
-7
173
276
327
385
361
201
25
-166
-265
-316
-369
-477
-711
-866
-970
-998
-979
-894
-859
-798
-682
-607
-472
-317
-134
47
178
255
283
287
322
407
424
444
422
319
274
216
298
255
199
188
218
300
341
309
217
140
34
146
344
455
536
457
287
173
116
154
122
100
59
41
-23
-58
-18
84
92
103
108
117
148
146
187
115
15
-139
-221
-320
-357
-396
-455
-461
-583
-706
-813
-834
-664
-336
-57
167
343
430
437
360
248
92
-64
-167
-319
-482
-711
-899
-1087
-1183
-1236
-1286
-1273
-1238
-1145
-894
-436
10
263
302
155
81
59
215
453
764
1012
1184
1275
1195
1114
968
921
898
970
927
894
720
566
596
656
689
633
540
394
427
514
649
652
539
457
373
378
410
377
267
179
118
37
-58
-84
-180
-241
-289
-376
-440
-374
-190
-81
-45
-15
14
-72
-161
-312
-338
-320
-347
-347
-384
-433
-564
-675
-693
-654
-593
-493
-478
-525
-634
-727
-776
-787
-882
-1079
-1218
-1313
-1268
-1077
-798
-492
-269
-149
-128
-78
-96
-38
137
270
405
473
552
654
694
802
865
890
880
820
834
877
849
774
731
518
344
275
192
100
-66
-217
-404
-563
-766
-988
-1103
-1096
-882
-684
-612
-520
-482
-385
-232
-69
126
254
362
447
482
571
624
644
714
783
824
728
670
674
718
688
713
642
505
483
448
421
421
400
264
182
84
-25
-231
-399
-533
-581
-450
-394
-398
-499
-674
-722
-671
-505
-284
-203
-183
-209
-205
-230
-204
-172
-104
-14
62
-8
-78
-146
-268
-352
-367
-291
-260
-164
-145
-153
-145
-196
-203
-150
-59
-1
95
112
0
-119
-171
-122
-45
109
186
197
257
286
443
536
574
627
609
573
523
484
358
84
-189
-416
-489
-447
-330
-248
-180
-118
-106
-115
-120
-87
-58
-11
11
48
76
137
195
199
237
235
284
393
457
505
472
325
164
-7
-177
-318
-383
-450
-487
-518
-580
-652
-602
-498
-400
-317
-221
-158
-95
49
154
203
219
230
210
228
213
195
226
251
265
266
231
189
178
199
143
24
-4
133
206
366
479
432
380
252
175
40
-37
-104
-168
-213
-204
-189
-151
-89
-126
-82
-43
-63
-49
2
25
52
127
186
244
281
271
237
220
213
333
422
475
486
472
411
380
313
316
289
277
189
-41
-226
-357
-376
-535
-756
-1001
-1107
-1177
-1203
-1305
-1373
-1524
-1606
-1539
-1333
-1063
-846
-716
-693
-596
-546
-404
-132
143
346
522
642
735
759
759
715
551
384
307
216
215
229
232
299
316
368
397
374
350
352
289
315
367
370
314
227
218
180
138
137
84
38
4
-17
-35
-22
1
79
197
287
438
446
337
290
224
240
334
341
232
142
87
10
35
82
126
182
212
228
228
105
103
242
348
442
487
449
359
273
211
177
246
277
341
459
480
499
343
213
103
-5
-55
-16
61
69
108
-24
-181
-375
-507
-615
-702
-756
-931
-919
-1036
-1170
-1277
-1272
-1205
-1248
-1200
-1123
-1039
-989
-939
-903
-771
-661
-498
-403
-384
-418
-352
-333
-261
-83
21
172
303
351
379
522
653
760
763
656
560
515
574
617
561
534
487
544
640
689
659
557
509
515
563
551
578
496
440
375
229
206
264
342
419
443
334
275
178
137
69
94
164
179
179
68
-31
-154
-218
-268
-350
-417
-503
-606
-711
-778
-845
-833
-792
-744
-627
-530
-451
-466
-450
-427
-481
-530
-463
-314
-190
-21
49
91
75
118
154
234
401
390
361
323
319
351
372
358
298
212
121
155
243
348
321
291
235
199
232
245
185
119
14
18
104
103
79
-43
-178
-274
-244
-289
-235
-178
-124
-38
20
74
113
123
155
88
-26
-59
-196
-231
-259
-244
-238
-187
-116
-115
-61
-64
-139
-200
-150
-113
-67
2
22
50
4
115
172
212
154
60
79
158
238
295
225
10
-108
-220
-155
-85
21
32
-102
-233
-309
-338
-374
-362
-375
-309
-172
-102
-4
86
177
248
340
249
79
-50
-155
-166
-8
138
214
298
283
304
294
250
168
98
137
148
160
106
51
86
144
193
302
414
496
541
439
344
154
47
-11
3
187
403
566
611
551
453
278
183
77
31
4
24
69
69
46
-54
-12
44
99
65
-154
-403
-544
-533
-367
-236
-198
-260
-301
-218
-306
-295
-334
-467
-494
-496
-497
-574
-708
-803
-764
-675
-597
-557
-496
-438
-319
-163
-103
-123
-223
-366
-520
-551
-519
-499
-422
-288
-59
159
244
193
93
-8
-56
41
198
320
486
551
445
323
163
4
14
105
247
472
658
650
611
611
563
555
438
311
282
339
449
489
424
365
354
392
436
387
204
59
23
57
164
173
117
46
-19
-28
8
82
127
127
131
125
-52
-202
-291
-262
-193
-194
-80
-14
34
45
21
-76
-202
-232
-224
-132
-65
-177
-283
-292
-261
-230
-160
-200
-212
-308
-399
-323
-213
14
111
147
113
17
-116
-294
-462
-440
-411
-318
-152
-117
-81
-138
-246
-363
-422
-367
-239
-56
114
200
191
103
8
-166
-244
-238
-265
-212
-151
-15
156
203
193
90
75
80
189
328
420
488
506
447
324
126
-20
-193
-267
-148
-24
205
329
384
340
280
238
157
86
126
157
157
220
225
258
313
263
267
193
90
114
141
263
312
388
346
274
135
-87
-237
-443
-577
-563
-457
-344
-302
-393
-503
-659
-731
-690
-622
-528
-376
-250
-145
-44
-53
-186
-263
-271
-138
58
166
228
321
300
388
506
527
604
529
487
490
520
456
423
396
338
321
204
11
-217
-418
-546
-521
-307
-69
82
159
109
6
-115
-190
-281
-396
-327
-144
87
356
458
391
189
-25
-97
-127
-89
-2
24
18
-50
-55
-61
11
45
83
164
130
121
149
59
17
-53
-130
-128
-77
-16
-14
-38
-39
-75
-79
-5
3
-42
-15
135
166
210
163
83
-6
-66
-79
-79
-78
-99
-65
-23
-71
-18
-84
-125
-245
-342
-342
-337
-317
-271
-239
-202
-213
-286
-286
-408
-418
-457
-367
-317
-209
-44
-24
-58
-152
-235
-229
-23
144
184
185
149
101
58
44
53
32
118
201
254
404
566
587
533
437
390
412
428
546
585
529
479
528
617
609
521
385
218
100
51
118
155
185
317
353
338
245
53
-201
-368
-497
-451
-335
-303
-346
-380
-305
-184
-58
9
-15
-114
-146
-231
-387
-483
-493
-374
-233
-202
-341
-495
-641
-667
-602
-456
-406
-481
-620
-736
-732
-614
-409
-304
-199
-205
-259
-280
-345
-315
-220
-43
170
300
355
380
407
447
441
440
468
525
570
552
632
726
736
743
621
570
461
418
416
337
299
196
212
223
232
214
104
64
-46
-168
-294
-449
-484
-361
-134
100
179
107
-102
-256
-336
-376
-341
-282
-173
-100
-135
-198
-271
-291
-253
-215
-154
-175
-153
-205
-275
-248
-267
-206
-120
-134
-122
-168
-186
-113
-58
-26
-112
-222
-337
-353
-207
-23
16
42
-22
-26
34
31
105
126
188
205
223
348
467
565
603
576
583
620
672
777
801
739
733
797
869
929
910
822
597
418
280
157
116
40
-103
-280
-357
-413
-377
-294
-223
-187
-278
-338
-370
-375
-387
-398
-425
-496
-561
-524
-436
-367
-314
-380
-388
-413
-474
-469
-489
-457
-361
-271
-102
-53
-91
-110
-206
-224
-180
-182
-159
-153
-76
53
74
69
6
-47
17
159
253
281
268
159
106
33
-28
-99
-125
-114
-40
78
195
300
354
334
284
258
217
234
208
200
124
121
202
218
225
157
60
-55
-61
-47
8
164
286
399
334
279
24
-196
-266
-256
-151
-165
-160
-197
-180
-229
-298
-353
-362
-325
-254
-217
-131
-40
9
64
23
-32
-123
-191
-181
-125
-110
-46
-55
-92
-187
-232
-253
-297
-274
-190
-177
-148
-147
-168
-221
-277
-246
-243
-154
-78
-63
-43
10
64
109
196
289
326
470
506
437
386
319
322
365
469
364
279
160
76
72
40
68
57
133
243
276
254
215
161
91
14
-89
-160
-205
-217
-210
-116
10
112
258
247
106
-62
-97
-152
-187
-140
-104
-50
-96
-93
-143
-173
-214
-203
-118
64
130
118
92
28
-2
19
107
132
183
277
398
520
583
546
371
230
124
130
183
156
250
229
231
203
251
195
69
48
10
-41
-93
-157
-301
-379
-396
-394
-414
-428
-348
-259
-208
-243
-357
-396
-361
-355
-354
-469
-513
-467
-378
-230
-111
9
4
4
50
11
-8
31
109
195
377
476
506
423
328
226
131
18
-171
-276
-306
-256
-188
-149
-239
-386
-528
-600
-570
-467
-424
-326
-242
-189
-63
20
136
225
264
286
311
296
257
238
259
273
198
177
151
156
216
244
228
288
271
282
236
135
69
-43
-47
-70
-63
6
-24
-4
116
199
190
116
-3
-152
-316
-396
-393
-298
-214
-107
-23
-93
-164
-199
-168
-206
-189
-171
-150
-43
129
259
269
332
228
114
150
166
175
184
172
202
148
127
64
79
129
181
188
140
42
-123
-169
-104
19
87
-17
-170
-249
-165
-28
101
211
235
166
1
-182
-337
-282
-49
202
379
383
246
-16
-156
-127
-42
62
146
272
340
361
327
320
228
105
110
164
217
133
28
-31
52
193
301
347
374
286
97
-79
-189
-188
-140
-106
-37
-50
-87
-108
-159
-199
-347
-360
-407
-419
-362
-198
-13
55
198
243
139
82
47
-33
-159
-251
-270
-313
-346
-442
-558
-655
-595
-537
-548
-597
-623
-627
-682
-753
-765
-661
-518
-358
-265
-193
-114
-22
31
82
150
229
273
446
549
594
598
479
469
484
413
215
-60
-230
-290
-229
-144
-109
-137
-111
-36
86
178
265
256
222
222
263
354
363
490
599
599
528
399
239
196
200
249
266
232
268
278
338
335
256
129
114
83
116
156
159
229
318
375
400
400
323
243
148
78
3
-50
-43
-139
-214
-274
-277
-207
-145
-97
-137
-207
-335
-441
-493
-477
-382
-344
-283
-303
-329
-278
-240
-214
-217
-238
-257
-215
-74
65
70
102
62
54
14
-28
7
11
30
-89
-120
-148
-218
-272
-329
-327
-271
-184
-179
-203
-341
-530
-626
-675
-606
-476
-399
-443
-556
-617
-573
-405
-232
-79
73
185
190
290
353
368
393
412
446
401
315
288
296
330
405
422
496
589
715
835
841
827
704
531
459
403
468
499
525
529
541
467
299
136
45
63
138
151
119
-8
-148
-207
-187
-81
-59
-46
-65
-205
-288
-368
-384
-253
-122
-8
85
67
-15
-102
-220
-159
-134
-97
-49
-74
-49
23
138
205
236
200
148
119
15
-115
-171
-125
-14
114
77
-81
-211
-353
-507
-547
-466
-434
-482
-399
-364
-284
-284
-377
-460
-479
-408
-318
-238
-223
-197
-226
-364
-444
-519
-528
-381
-296
-173
-132
-84
-79
-108
-123
-182
-312
-385
-344
-227
-8
220
427
470
354
262
181
110
