-1484
-1638
-1888
-2210
-2517
-2516
-2523
-2467
-2306
-2161
-1917
-1639
-1676
-1916
-2146
-2252
-2402
-2424
-2189
-2147
-2150
-1940
-1596
-1308
-1216
-1527
-1635
-1437
-1120
-879
-880
-844
-602
-582
-983
-1353
-1378
-1092
-787
-522
-416
-185
53
103
136
122
162
217
114
50
282
524
476
-167
-715
-677
-405
-191
77
377
522
509
517
971
1231
1485
1365
1302
1675
1981
2121
1694
1308
1092
1015
999
910
962
1075
1210
1207
1184
1263
1231
1086
867
778
734
640
413
78
-152
-186
-48
230
598
861
810
498
8
-453
-671
-592
-406
-457
-427
-584
-1054
-1434
-1511
-1316
-1154
-1033
-948
-870
-740
-532
-293
-253
-261
-152
77
400
640
653
582
580
641
691
816
1099
1337
1445
1371
1373
1658
2002
2173
2116
2027
1838
1511
1174
1116
1279
1345
1261
1282
1481
1731
1735
1384
840
501
418
323
171
213
348
571
320
57
98
191
52
-504
-959
-1300
-1404
-1540
-1789
-1946
-1993
-2170
-2396
-2422
-2359
-2354
-2353
-2409
-2319
-2146
-1905
-1823
-1858
-1662
-1696
-2115
-2523
-2414
-2037
-1690
-1527
-1661
-1587
-1357
-1189
-1136
-990
-756
-545
-401
-496
-551
-501
-479
-552
-524
-216
-12
4
-152
-190
166
570
862
827
741
901
986
871
775
778
828
773
729
760
883
979
1024
1125
1400
1760
1897
1630
1255
1074
934
543
239
177
479
815
912
904
808
888
864
774
479
313
325
399
343
361
513
539
490
248
43
-24
-398
-702
-755
-630
-440
-530
-743
-720
-416
-47
160
180
189
237
84
-299
-433
-488
-669
-914
-1070
-926
-609
-373
-214
12
376
797
1116
1358
1487
1493
1482
1148
1042
1394
1680
1539
1359
1383
1624
1753
1815
1967
2202
2523
2503
2245
2013
1904
1619
1266
1024
925
813
362
-119
-390
-295
-182
-322
-548
-607
-696
-1001
-1217
-1362
-1352
-1298
-1532
-1727
-1853
-1942
-2034
-2316
-2524
-2436
-2492
-2740
-2716
-2448
-2084
-1840
-1726
-1472
-1061
-1012
-1192
-1270
-1259
-1108
-1038
-1087
-1144
-1294
-1430
-1596
-1564
-1094
-603
-557
-611
-703
-649
-527
-611
-567
-422
-370
-256
-194
96
382
532
438
471
907
1217
1382
1285
1237
1208
1269
1197
1110
1018
826
532
320
446
758
958
1030
1020
877
843
634
373
514
648
793
696
578
411
226
112
-233
-181
113
496
584
536
601
616
439
268
210
125
157
193
241
330
299
-77
-670
-1001
-1153
-1108
-1126
-1153
-980
-759
-726
-702
-509
-355
-204
-163
-235
-152
10
-10
-83
-180
-215
-40
236
573
815
1046
1131
993
1057
1238
1510
1782
1873
1798
1578
1443
1637
1927
2196
2245
2274
2229
1990
1895
1812
1658
1371
1071
964
983
1195
1204
1008
791
351
77
-155
-203
-257
-298
-469
-629
-716
-840
-946
-1211
-1451
-1536
-1570
-1524
-1698
-1896
-1748
-1560
-1486
-1671
-1987
-2155
-2184
-2315
-2332
-2348
-2244
-2082
-2015
-2107
-2080
-1947
-1845
-1689
-1525
-1317
-1203
-1077
-814
-304
117
126
-57
-410
-668
-734
-563
-385
-216
93
290
344
261
214
178
135
179
259
244
170
-37
-159
19
187
352
373
367
475
646
615
460
240
243
307
360
624
818
1090
1112
963
969
1074
1189
1278
1173
1005
804
542
500
467
426
469
519
531
325
-59
-146
-32
53
190
88
-10
-24
-126
-167
-190
-225
-358
-523
-670
-672
-672
-636
-590
-544
-249
-65
77
205
374
527
475
188
-53
-111
125
369
532
779
944
998
692
660
835
1136
1387
1363
1484
1864
2199
2221
2186
1996
1568
1167
1030
1191
1424
1520
1414
1133
1086
1099
1159
1146
1200
1430
1341
1110
885
740
488
60
-542
-973
-1145
-1298
-1646
-1968
-1998
-1892
-1827
-2026
-2113
-2164
-1993
-1973
-2223
-2274
-2200
-2205
-2077
-1914
-1714
-1785
-2212
-2557
-2338
-1905
-1547
-1431
-1447
-1342
-1072
-860
-715
-554
-549
-459
-557
-419
-138
132
178
172
355
543
884
625
312
270
419
679
696
775
705
681
490
331
303
361
266
197
244
501
671
581
519
200
-128
-16
-96
-239
-102
340
807
1036
1210
1014
870
859
871
829
733
514
389
409
537
460
251
-196
-585
-743
-873
-790
-583
-565
-819
-1204
-1402
-1259
-925
-571
-600
-970
-1310
-1749
-2045
-1888
-1537
-1272
-1058
-649
-374
25
422
618
553
635
590
424
598
818
1043
957
739
614
744
996
1221
1617
2127
2797
3236
3578
3721
3614
3442
3665
3985
4259
4312
3556
2538
1671
1318
1120
831
281
-278
-474
-161
337
610
460
68
-196
-319
-481
-1015
-2111
-3626
-4735
-5241
-4772
-4148
-4391
-4596
-4470
-4249
-3293
-2229
-1552
-1203
-754
-41
571
629
251
-434
-1211
-1218
-1126
-836
-157
381
650
1172
2046
2602
2676
2523
1826
1348
1199
1151
1071
393
-634
-837
-249
-74
-219
-515
-718
-546
48
574
645
232
-202
-185
-64
-196
-217
-678
-911
-546
-303
579
1540
1992
1959
1718
1530
1868
2141
1903
1574
1195
1019
719
405
-184
-770
-934
-962
-695
-287
269
957
1477
1998
2687
2672
1350
-1129
-3886
-5923
-6656
-7292
-9246
-12089
-14326
-14458
-12362
-9600
-7723
-6373
-4317
-806
3581
7071
8688
8817
8751
9183
9552
9275
8297
6818
5579
5120
5432
6667
8253
9291
9755
10216
10975
11930
12266
11318
8998
6437
4498
2836
994
-1817
-5137
-7613
-8348
-7794
-7206
-7115
-7243
-6916
-5726
-3942
-2483
-1718
-1486
-1371
-1157
-968
-1143
-1886
-3218
-4916
-6286
-6616
-6151
-5752
-5796
-6022
-5624
-4207
-2275
-950
-990
-1668
-1903
-1352
-241
217
-696
-1472
-1390
-765
204
1125
1441
1648
2238
2563
2933
3317
3149
2614
2256
2253
2611
2938
2704
2050
1243
964
1416
1722
1266
79
-1025
-1329
-1095
-1061
-1709
-2367
-2661
-2161
-1810
-2130
-2542
-2880
-2386
-1791
-1015
-233
436
878
1330
1712
1874
1956
1918
1838
2180
2744
3120
3155
2728
2094
1571
1632
1952
2423
2907
3111
1934
-1095
-4525
-7499
-8799
-9500
-12269
-16308
-19255
-19496
-16739
-13201
-10948
-9372
-6691
-1938
4030
9403
12341
13758
15132
16793
18368
18421
17172
15278
13223
11814
11020
10658
10792
10754
10231
9760
9986
10620
10955
10034
7137
3823
1517
-201
-2296
-6090
-11150
-15185
-17086
-16923
-16457
-16594
-16447
-14897
-11388
-6809
-2674
88
1964
3795
5664
7519
8622
8151
6650
4623
2803
2047
1777
1381
272
-1285
-2229
-1644
-563
-296
-1511
-4301
-6312
-7057
-7413
-8335
-10576
-13068
-13927
-12772
-10623
-8661
-7475
-6206
-3579
35
3600
6178
7201
7546
7892
8440
9083
8928
7729
6054
4362
3593
3913
3973
3223
1945
1005
943
1563
1358
-266
-2327
-3798
-4111
-4148
-4823
-6325
-7641
-7769
-6385
-4402
-3117
-2301
-1900
-1271
411
2363
3769
4423
4346
3872
3639
3735
3662
3145
2359
1781
1597
1859
2298
2456
2348
958
-2132
-5654
-8896
-10668
-11678
-14196
-17837
-20537
-20780
-18167
-14628
-11975
-9879
-6764
-1661
4586
10245
13836
15980
17934
19996
21728
21898
20534
18615
16446
14622
13060
11714
10729
9792
8658
7675
7451
7766
7914
7233
4991
2164
-68
-1916
-3992
-7691
-12598
-16776
-18917
-19025
-18639
-18783
-18655
-17031
-13253
-8160
-3236
623
3751
7052
10351
13322
15278
15362
14144
12056
9794
8013
6341
4190
1448
-1338
-3280
-3737
-3241
-3109
-4254
-6136
-7851
-8878
-9403
-10807
-13586
-16190
-17867
-18295
-17185
-16161
-15541
-13636
-10305
-5981
-736
3821
7234
10322
12956
14941
16292
16338
14789
12412
10083
8148
6543
4666
2197
-560
-2521
-3174
-3502
-4070
-5217
-6939
-8103
-7968
-7817
-8283
-9122
-10260
-10429
-8827
-6743
-4953
-3233
-1469
829
3777
6492
8213
8941
9303
9241
8928
8627
7953
6672
5356
4297
3385
2950
2662
1972
1198
657
-17
-1489
-4430
-8194
-11680
-13816
-14935
-16999
-19968
-22087
-21968
-19203
-15103
-11513
-8388
-4587
611
6753
12532
16578
18974
20890
22600
23695
23506
22039
19781
17149
14588
12249
10149
8548
7035
5300
3728
2849
2724
2765
2100
-41
-2871
-4971
-6453
-8194
-11103
-15203
-18707
-20142
-19679
-18560
-17568
-16136
-13410
-8723
-2836
2740
7278
10973
14392
17319
19475
20379
19539
17274
14234
10808
7600
4622
1413
-2023
-5338
-7834
-9235
-9509
-9683
-10414
-11342
-11724
-11505
-11575
-12735
-14861
-16909
-17806
-17701
-17460
-16858
-15457
-12780
-8585
-3582
1297
5989
10591
14789
18089
20068
20453
19555
17643
14700
11129
7361
3725
211
-3157
-6012
-8167
-9239
-9444
-9637
-9881
-9827
-9228
-8391
-7746
-7641
-7949
-7756
-6707
-5624
-4717
-3689
-2103
508
3753
6710
8905
10565
11728
12367
12100
11225
9985
8439
6950
5310
3435
1839
611
-539
-1413
-2059
-2339
-2149
-2163
-3473
-6654
-10272
-13133
-14554
-15227
-17342
-20509
-22356
-21447
-17852
-13359
-9742
-6657
-2581
3266
9781
15367
18908
20888
22514
23938
24676
23851
21596
18666
15415
12285
9552
7032
4775
2594
246
-1654
-2415
-2218
-2111
-2905
-4900
-7147
-8131
-8361
-9259
-11770
-15240
-17458
-17303
-15537
-13711
-12645
-10976
-7477
-2180
3786
8922
12579
15374
18166
20418
21550
21277
19196
15908
12118
8103
4293
480
-3682
-8182
-12286
-15022
-16228
-16350
-16314
-16723
-16776
-15598
-13350
-11454
-11228
-12330
-13546
-13676
-12620
-11561
-11190
-10327
-8076
-4287
725
5502
9329
12934
16467
19222
20875
20896
18988
15868
12195
8069
3825
-494
-4933
-9065
-12207
-13797
-14024
-13247
-12096
-10794
-8868
-5994
-2961
-886
-2
-45
-101
525
1304
1408
1232
1379
2242
4224
6401
7804
8619
9249
9769
10032
9646
8207
6043
3908
1917
337
-913
-1920
-2960
-3853
-4169
-3896
-3554
-3585
-5070
-8451
-11774
-14220
-15202
-15518
-17409
-20301
-21624
-20031
-15950
-11252
-7680
-4791
-689
5275
11790
17288
20424
21887
23088
24218
24729
23539
20745
17321
13715
10424
7570
4797
2079
-512
-2983
-4968
-5650
-5424
-5425
-6113
-7790
-9273
-9176
-8492
-8776
-10869
-13799
-15102
-13841
-11239
-9177
-8054
-6495
-3072
2271
7874
12300
15075
16992
19157
21003
21538
20331
17366
13417
9215
5036
958
-3230
-7671
-12166
-15858
-18002
-18528
-18034
-17534
-17238
-16341
-14207
-11038
-8462
-7709
-8126
-8562
-8106
-6733
-5748
-5840
-5356
-3574
-396
3993
7860
10658
13464
16325
18423
19614
19002
16278
12731
8872
4599
298
-3947
-8164
-11800
-14150
-15039
-14668
-13326
-11567
-9638
-7089
-3749
-445
1965
3296
3686
3975
4806
5212
4557
3617
2975
3056
3980
4959
5208
5176
5462
5856
5972
5451
4164
2473
1049
40
-1052
-2133
-2958
-3508
-3612
-3344
-2958
-2897
-3444
-5764
-9334
-12292
-14248
-14805
-15679
-18290
-20808
-21088
-18477
-14016
-9804
-6653
-3308
1857
8313
14485
18802
20775
22151
23541
24524
24302
22116
18811
15273
11844
8746
5805
2815
-63
-2702
-4918
-6200
-6164
-5744
-5792
-6474
-7798
-8163
-7307
-6697
-7436
-9799
-12079
-12235
-10425
-8292
-7203
-6354
-4180
125
5564
10189
13424
15478
17441
19736
21080
20820
18864
15366
11220
6866
2597
-1729
-6082
-10622
-14901
-17850
-19203
-19106
-18303
-17618
-16730
-15012
-12121
-8896
-6911
-5968
-5884
-5130
-3489
-2444
-2274
-2561
-2106
-223
2958
5896
7954
10146
12451
14872
16663
16430
14595
11913
8844
5605
2077
-1833
-5927
-9532
-12319
-13883
-13932
-13053
-11538
-9795
-7438
-4321
-1024
1908
3649
4330
4715
5416
5864
5491
4471
3323
2817
3159
3564
3566
3234
2995
3204
3508
3476
2833
1923
1001
280
-520
-1487
-2165
-2762
-3114
-3130
-2933
-2832
-2995
-4829
-8444
-11706
-14069
-14930
-15482
-17696
-20355
-21117
-18842
-14610
-10208
-6803
-3718
1050
7317
13434
18153
20584
21918
23245
24209
24229
22385
19246
15700
12164
8884
5799
2898
81
-2390
-4429
-5862
-5959
-5500
-5525
-5940
-6904
-7299
-6461
-5590
-5974
-7928
-10051
-10589
-9179
-7247
-6288
-5696
-3994
-328
4738
9260
12561
14847
16793
19072
20606
20565
18841
15614
11626
7401
3245
-1112
-5611
-10168
-14627
-17785
-19319
-19447
-18665
-17854
-16884
-15151
-12385
-9698
-7623
-6667
-6107
-4481
-2836
-1714
-1220
-1025
97
2685
5602
7626
9238
10740
12348
14086
14644
13556
11570
9012
6197
3117
-318
-4029
-7433
-9959
-11819
-12519
-12160
-10939
-9346
-7617
-5319
-2859
-242
1988
3255
3789
4167
4547
4486
3931
2986
2112
2237
2773
2928
2838
2746
3109
3833
4281
4025
3259
2353
1730
953
-190
-1352
-2470
-3214
-3371
-3158
-3064
-3123
-4089
-7226
-10487
-12868
-14159
-14433
-16120
-19126
-20910
-19796
-16084
-11670
-8018
-5346
-1745
4090
10443
15916
19225
20796
22317
23658
24352
23296
20511
17163
13597
10274
7142
4122
1227
-1545
-3803
-5640
-6392
-5962
-5730
-6013
-6710
-7235
-6593
-5372
-4999
-6272
-8164
-8915
-8094
-6250
-5136
-4997
-4144
-1637
2793
7410
10772
13015
14701
16856
18957
19604
18510
15893
12415
8529
4689
680
-3836
-8332
-12764
-16353
-18274
-18756
-18320
-17684
-16980
-15591
-12990
-9397
-6757
-5719
-5308
-4863
-3282
-1307
-556
-794
-470
1049
3619
6675
8575
9712
11315
12997
14034
14056
12643
9959
7041
4054
494
-3116
-6429
-9529
-11827
-12849
-12875
-11935
-10074
-7967
-5879
-3280
-369
2031
3668
4368
4411
4417
4567
4151
2791
1415
705
881
1623
2117
2040
2166
2966
3829
4358
4293
3557
2652
1943
1128
106
-955
-1850
-2633
-3002
-3183
-3639
-5571
-9080
-12385
-14851
-15468
-15659
-17492
-19896
-20847
-18948
-14770
-10196
-6626
-3730
531
6424
12539
17509
20140
21485
22733
23810
24056
22392
19436
15972
12381
9351
6438
3629
875
-1829
-4058
-5613
-5857
-5464
-5476
-5938
-6939
-7385
-6601
-5544
-5404
-6794
-8356
-8549
-7180
-5129
-4089
-3789
-2625
296
4633
8660
11543
13235
14577
16471
17871
17942
16351
13311
9694
5948
2394
-1279
-5197
-9219
-13128
-15993
-17348
-17467
-17128
-16843
-16415
-15166
-12645
-9587
-7259
-5960
-4888
-3267
-926
1534
2954
3587
4450
6030
7977
9575
10304
10220
10103
9952
9477
8260
6239
3721
1135
-1227
-3410
-5344
-7102
-8540
-9373
-9376
-8438
-7041
-5723
-4612
-3492
-2003
-220
1212
1694
1462
1176
1309
1780
2188
2173
2046
2331
2985
3747
4248
4389
4437
4598
4654
4265
3392
2078
727
-460
-1503
-2380
-3016
-3394
-3364
-3229
-3222
-4705
-8012
-11202
-13706
-14433
-14702
-16700
-19245
-20523
-18839
-14871
-10545
-7081
-4137
228
6092
12343
17391
20123
21634
22854
23801
24100
22535
19583
16183
12357
8724
5419
2428
-295
-2699
-4724
-6205
-6322
-5754
-5502
-5592
-6292
-6500
-5516
-4459
-4245
-5518
-7167
-7638
-6525
-4813
-3805
-3273
-2314
224
4187
7874
10661
12453
13646
15259
16592
16660
15268
12535
8939
5127
1479
-2139
-5780
-9483
-13204
-15964
-17154
-17130
-16310
-15857
-15625
-14401
-12144
-8942
-5992
-4511
-3678
-2070
324
2900
4948
5728
6091
7350
8920
10080
10319
9457
8282
7303
6580
5383
3344
889
-1443
-3283
-4588
-5322
-6094
-6918
-7222
-6915
-5886
-4347
-3103
-2568
-2119
-1450
-597
235
467
-14
-462
-310
348
1167
1804
2173
2687
3679
4731
5318
5365
5144
4801
4367
3679
2537
934
-676
-1860
-2835
-3534
-3876
-3910
-3599
-3170
-3742
-6659
-9930
-12631
-13913
-13800
-15442
-18252
-20135
-19453
-15981
-11714
-8155
-5325
-1242
4398
10637
16267
19397
21240
22877
23894
24349
23194
20232
16770
13185
9412
5905
2900
60
-2471
-4552
-6328
-6866
-6121
-5502
-5271
-5618
-6160
-5730
-4733
-4311
-5185
-6781
-7736
-7085
-5447
-4286
-3516
-2431
-180
3647
7592
10586
12627
13914
15070
15997
16093
14755
12137
8702
4692
845
-2779
-6215
-9583
-12949
-15589
-16904
-16826
-15772
-14868
-14541
-13530
-11592
-8621
-5293
-3421
-2611
-1421
621
3126
5403
6341
6451
7446
8728
9852
10298
9385
7943
6723
5622
4193
2464
41
-2486
-4168
-5466
-6009
-6064
-6278
-6334
-5958
-4992
-3560
-1998
-1281
-1125
-863
-543
-134
43
-424
-939
-859
-20
983
1649
2015
2512
3594
4925
5995
6246
5846
5169
4338
3370
2101
651
-843
-2106
-2898
-3394
-3403
-3219
-3314
-5180
-8735
-12004
-14286
-14302
-14499
-17162
-20137
-21385
-18992
-14078
-9390
-6388
-3695
1101
7328
14033
18872
20765
22046
23290
24285
24257
22111
18416
14496
11046
7743
4804
2162
-614
-2945
-4842
-6045
-5884
-5155
-4800
-5175
-6085
-6536
-6026
-5250
-5632
-7437
-9224
-9391
-7464
-5157
-3873
-3052
-1479
2000
6673
10745
13336
14520
15353
16256
16731
15909
13367
9637
5401
1391
-2132
-5417
-8407
-11518
-14463
-16318
-16709
-15809
-14493
-13547
-12731
-11218
-8686
-5672
-3296
-1964
-1050
531
2802
5111
6501
6832
7120
7821
8697
9148
8682
7434
6000
4710
3352
1943
277
-1672
-3351
-4552
-5100
-5143
-5059
-5223
-5426
-5160
-4317
-3170
-2495
-2553
-2824
-2679
-2024
-1359
-1142
-1190
-987
-65
1425
2892
3969
4778
5566
6380
6913
6795
6142
5197
3999
2695
1304
-143
-1510
-2695
-3554
-4091
-3912
-3373
-2848
-4343
-7857
-11524
-14374
-14309
-14217
-16622
-19859
-21772
-19744
-14721
-9406
-6017
-3138
1760
8022
15208
20609
22597
23466
23995
24426
24115
21890
18013
13656
9824
6155
3269
1203
-930
-2839
-4737
-5898
-5368
-4118
-3288
-3808
-5365
-6579
-6647
-5885
-6142
-7972
-10215
-10972
-9095
-6207
-3919
-2367
-474
3218
7989
12414
15412
16592
16704
16438
16025
14791
12148
8193
3313
-1297
-5122
-8038
-10229
-12572
-14865
-16388
-16128
-14324
-12226
-10817
-10125
-8752
-6375
-3630
-1387
-460
-38
852
2520
4416
5632
6068
5894
6163
6773
7233
7289
6597
5439
4102
2947
1883
774
-740
-2642
-4091
-4702
-4636
-4461
-4775
-5401
-5718
-5218
-4253
-3537
-3498
-3859
-3759
-2964
-1792
-897
-332
265
1300
2760
4304
5604
6384
6693
6679
6562
6236
5493
4248
2503
710
-763
-1719
-2332
-2967
-3548
-3687
-3233
-2032
-1697
-4245
-8314
-12712
-14821
-14291
-15115
-17875
-21059
-21564
-17896
-11852
-6433
-3177
619
5732
12151
18971
23025
24589
24575
23752
22768
20981
18141
14133
10011
5877
2151
185
-802
-1305
-2262
-3904
-4444
-3523
-1995
-1497
-2889
-5333
-7385
-7851
-7756
-8426
-10236
-12180
-11950
-9214
-5240
-1501
1380
4470
8197
12220
15789
17917
18171
16612
14214
11705
9211
6337
2338
-2340
-6737
-9848
-11351
-11867
-12340
-13156
-13428
-12411
-10053
-7452
-6072
-5703
-5393
-4293
-2693
-1200
-285
45
618
1658
3289
5072
6260
6645
6484
6321
6307
6295
5731
4279
2378
678
-177
-485
-984
-2074
-3448
-4153
-4049
-3673
-3668
-4212
-4759
-5070
-4948
-4722
-4673
-4642
-4612
-3985
-2680
-867
1107
2811
4145
5145
6213
7212
7813
7668
6510
4932
3504
2389
1300
-193
-1842
-3116
-3323
-2961
-2276
-1512
-767
-997
-3610
-7448
-12012
-14208
-14255
-15841
-18661
-22049
-22465
-18192
-11614
-5831
-1896
2497
7700
14317
20647
23893
24982
24085
22510
20842
18408
15365
11655
8191
4626
1550
231
159
1028
1033
-250
-1184
-1126
-390
-704
-2930
-6500
-9864
-11416
-11873
-12098
-12842
-13531
-12251
-8754
-3735
1273
5419
9043
12191
14887
16756
17593
17004
14477
10658
6499
3136
574
-2220
-5358
-8406
-10187
-10088
-8737
-7431
-7008
-7056
-6888
-5704
-4269
-3742
-4222
-5293
-5869
-5566
-4486
-3113
-1792
-721
124
1587
3775
6093
7456
7200
6113
5091
4661
4403
3552
1949
67
-1157
-1431
-1127
-1182
-1894
-2797
-3465
-3615
-3645
-3940
-4655
-5673
-6398
-6523
-5670
-4187
-2856
-1866
-893
747
2890
5046
6276
6413
6049
5603
5440
5057
4125
2611
849
-440
-1066
-1238
-1119
-928
-521
176
1275
1751
-509
-4879
-11011
-15327
-16042
-16820
-18515
-21875
-23791
-20835
-14275
-6964
-1037
4152
8527
13618
19040
22522
24787
24182
21278
18044
14492
11889
10104
8454
5972
3258
1810
2345
5071
6697
5811
3584
1149
-105
-1207
-3506
-7194
-11409
-14756
-16556
-16268
-14686
-12574
-9753
-6401
-2048
3024
8025
12282
14807
15353
14187
12777
11482
9447
6374
2286
-1127
-2892
-3396
-3421
-3594
-3638
-3546
-3126
-2700
-2573
-2713
-3744
-5294
-6899
-8085
-8414
-8266
-7780
-7246
-6265
-4549
-1934
989
2919
3851
3996
4189
4481
4301
3542
2427
1530
909
726
1021
1526
1968
1790
1209
567
-48
-759
-2093
-3926
-5828
-7238
-7743
-7512
-6840
-6070
-4936
-3248
-1064
1155
2854
4076
4656
4697
4383
3794
3348
2818
2044
1136
430
457
910
1456
1818
2097
2523
3106
3826
4326
2664
-1901
-8769
-15779
-18899
-19435
-19844
-21581
-24111
-23238
-17665
-9282
-1033
5959
11041
14595
17940
20067
21822
22492
20372
16683
12113
8422
7288
8159
9295
9158
8026
7144
8386
10532
10944
9178
5000
142
-4229
-8264
-11509
-14014
-15889
-17417
-17795
-16247
-12403
-6704
-1209
3076
5773
7434
9207
10914
11673
10500
7649
4428
2026
932
613
860
1262
1518
1551
1501
2080
2740
2599
892
-2137
-4979
-6979
-7989
-8641
-9185
-9448
-9181
-7790
-5715
-3231
-1150
119
792
794
619
491
492
439
69
-398
-442
555
2056
3467
4249
4212
3964
3280
2128
626
-1136
-2908
-4709
-6266
-7132
-6985
-6082
-4937
-3786
-2773
-1557
-114
1066
1774
1759
1144
481
9
-154
-6
377
944
1495
1895
2327
3025
3868
4470
4407
3900
3429
3321
3623
2180
-2308
-9716
-18121
-22483
-22925
-21758
-21475
-22773
-21442
-16306
-8503
-236
7091
12888
16362
17739
17147
17299
18404
18563
17261
13414
9625
8276
9820
13281
15568
15593
13764
12103
10883
9311
6944
2942
-1664
-7032
-12634
-16537
-17597
-15608
-12741
-10641
-9511
-7747
-4145
465
4825
7032
6937
5421
3480
2493
2480
3185
3790
3774
3194
2791
3893
6113
8378
8661
6263
2752
-580
-2603
-3970
-5427
-7068
-8695
-9631
-9692
-8157
-5568
-2871
-1207
-1375
-2237
-2835
-2600
-1933
-1845
-2561
-3588
-3877
-2890
-772
1744
3829
4974
4838
3950
2886
2090
1513
313
-1835
-4585
-6603
-6945
-5833
-4099
-2751
-2053
-1811
-1663
-1300
-835
-397
-430
-1150
-2262
-3095
-2908
-1631
217
1732
2562
2883
3045
3340
3624
3583
3118
2209
1297
666
778
1749
2288
590
-4671
-12641
-19581
-22479
-21483
-19438
-18795
-18788
-17237
-12766
-5964
1847
9161
14564
16970
16381
14763
14114
15199
16964
17265
15283
12278
10664
11968
15311
18238
18734
16792
13274
9182
5175
1701
-925
-3482
-6997
-11411
-15156
-16114
-13615
-9265
-5389
-3325
-2907
-2984
-2340
-797
1030
2301
2315
1246
-3
-107
1839
5394
8834
10399
9642
7734
6193
5349
4448
2761
115
-3062
-6057
-8157
-8653
-7421
-5280
-3605
-3160
-3693
-4304
-4289
-3798
-3561
-4119
-5364
-6438
-6630
-5610
-3575
-1028
1443
3297
4144
4027
3689
3470
3200
2337
633
-1445
-3109
-3817
-3623
-2896
-1997
-1270
-1102
-1545
-2335
-3018
-3335
-3521
-3825
-4390
-4766
-4498
-3417
-1757
-39
1418
2613
3410
3609
3249
2731
2230
1845
1528
1080
813
1077
1892
3321
4570
4189
744
-6200
-14321
-20525
-22876
-22036
-20161
-18217
-16036
-12666
-7716
-1448
5476
11472
15132
15504
13325
10365
8454
8761
10710
12986
14304
14560
14841
15941
17744
19143
19144
17248
13215
7492
1091
-4174
-7169
-8021
-7793
-7727
-7982
-8061
-7210
-5386
-3357
-2030
-2183
-3586
-5577
-7086
-7293
-5764
-2648
1021
4198
6209
7552
8715
9878
10597
10177
8563
5891
2650
-319
-2399
-3103
-2659
-1859
-1378
-1685
-2549
-3539
-4156
-4528
-5062
-6122
-7498
-8731
-9287
-8665
-6886
-4174
-1391
653
1547
1567
1277
1043
944
774
391
-85
-626
-841
-487
398
1537
2344
2476
1697
207
-1587
-3193
-4329
-5084
-5573
-5849
-5731
-5099
-4013
-2607
-1092
149
773
692
110
-565
-980
-921
-485
-10
558
1101
1698
2525
3649
4897
6078
6626
5560
2075
-4167
-11660
-18242
-21829
-21977
-19615
-15695
-11538
-7284
-3421
76
3318
5987
8078
8590
7675
5699
3916
3905
6197
10514
15189
18937
20937
21220
20271
18350
16196
13715
10853
7526
3638
68
-2618
-3496
-2748
-1229
57
166
-958
-3272
-6052
-8862
-10967
-11839
-11470
-9956
-7857
-5215
-2236
1034
4306
6837
8336
8322
7054
4981
2900
1712
1611
2494
3712
4629
4846
4317
3307
2052
628
-1147
-3276
-5561
-7655
-9125
-9639
-9069
-7588
-5700
-3941
-2750
-2370
-2559
-3110
-3577
-3782
-3773
-3498
-2992
-2093
-763
899
2643
4069
4882
4765
3754
2142
254
-1349
-2461
-3036
-3091
-2906
-2614
-2371
-2281
-2345
-2493
-2635
-2827
-3135
-3668
-4141
-4316
-3903
-2868
-1517
-126
1063
1881
2179
2053
1694
1367
1367
1750
2454
3330
3900
3518
1404
-2564
-7594
-12216
-15220
-16019
-14742
-12086
-8760
-5494
-2888
-975
254
1366
2640
4088
5305
5743
5815
5959
6949
9007
11812
14665
16960
18195
17905
16304
13792
11155
9058
7610
6633
5802
4952
4094
3189
2247
1201
56
-1213
-2672
-4517
-6712
-8917
-10468
-10601
-9238
-6688
-3831
-1313
425
1239
1251
712
137
-44
374
1221
2179
3134
3904
4519
4934
4947
4449
3462
2012
159
-1777
-3582
-4752
-5113
-4786
-4049
-3340
-3013
-3106
-3628
-4454
-5312
-5996
-6375
-6323
-5829
-5064
-4090
-3002
-1934
-932
-28
636
921
852
426
-140
-701
-1042
-1004
-637
-81
351
500
249
-415
-1385
-2466
-3398
-3938
-4029
-3653
-2908
-2002
-1165
-552
-295
-299
-405
-218
165
369
448
278
-43
-231
-194
167
1088
2276
3400
4204
4395
4026
3262
1948
221
-1526
-2998
-3856
-4094
-3762
-2947
-1807
-628
292
719
538
-60
-906
-1636
-1978
-1846
-1063
325
2101
4001
5630
6750
7173
6972
6321
5459
4747
4333
4252
4443
4971
5629
6302
6783
6942
6635
5863
4714
3320
1838
504
-565
-1351
-1754
-1860
-1727
-1474
-1256
-1199
-1356
-1791
-2529
-3223
-3717
-3898
-3679
-3105
-2199
-1160
-261
344
690
627
250
-397
-1206
-1963
-2478
-2643
-2456
-2059
-1560
-1047
-732
-647
-878
-1309
-1811
-2363
-2792
-3066
-3134
-2900
-2409
-1846
-1401
-1152
-1071
-1009
-1053
-1132
-1291
-1529
-1734
-1771
-1556
-1236
-926
-653
-452
-295
-237
-249
-264
-475
-683
-832
-889
-748
-491
-172
36
147
158
185
262
337
431
557
619
601
619
733
915
1182
1401
1549
1534
1390
1247
1103
1062
1167
1253
1290
1398
1493
1591
1663
1597
1444
1208
937
711
579
513
422
321
230
178
219
358
502
592
619
543
379
200
36
-81
-252
-465
-639
-754
-804
-703
-537
-349
-225
-107
-49
12
91
166
262
284
289
206
79
18
-22
-59
-117
-196
-144
1
138
309
350
281
230
180
282
389
498
541
479
314
179
139
282
490
630
602
442
359
322
380
463
475
380
223
27
-163
-259
-299
-315
-306
-318
-360
-315
-244
-249
-313
-455
-532
-599
-596
-623
-655
-730
-819
-805
-765
-642
-550
-552
-624
-728
-790
-773
-727
-711
-726
-778
-803
-772
-623
-501
-460
-431
-438
-428
-365
-265
-108
23
171
241
218
198
180
165
154
135
39
-65
-138
-119
14
218
381
498
569
549
451
275
76
-88
-189
-233
-174
-92
-25
27
104
199
378
564
712
771
677
440
166
38
-118
-152
-121
-33
132
308
487
641
699
667
660
539
428
303
98
-73
-160
-172
-48
88
168
149
83
-49
-161
-243
-319
-435
-492
-421
-311
-152
-23
5
-35
-121
-193
-175
-127
-18
17
-65
-160
-210
-137
85
353
586
653
562
414
312
272
331
463
572
671
745
806
819
762
549
339
155
40
-82
-225
-392
-550
-595
-551
-399
-352
-318
-378
-396
-309
-195
-115
0
56
-14
-71
-112
-143
-154
-98
-42
-2
-5
-30
-19
-9
49
55
83
104
9
-111
-210
-318
-373
-481
-484
-453
-432
-307
-221
-125
-95
-152
-270
-402
-548
-579
-572
-516
-369
-224
12
160
259
235
157
-9
-281
-467
-561
-532
-446
-391
-352
-224
8
274
517
590
518
366
89
-151
-401
-418
-321
-222
-84
-17
86
234
394
512
584
625
610
563
533
487
424
407
448
520
528
526
411
200
-85
-358
-526
-540
-457
-342
-219
-196
-99
-16
108
250
305
271
142
-50
-146
-132
3
206
342
464
528
513
394
191
49
60
160
278
173
-16
-133
-181
-157
-188
-232
-314
-398
-462
-459
-333
-136
55
187
161
-19
-188
-267
-177
1
224
407
488
488
407
355
356
335
327
236
161
103
192
302
259
136
-41
-167
-239
-192
-183
-304
-483
-661
-730
-702
-601
-422
-273
-177
-24
118
273
388
460
458
418
318
154
18
-64
-83
-131
-201
-268
-338
-349
-342
-247
-162
-163
-173
-147
-107
-56
6
6
-16
-25
-57
-46
24
38
61
41
98
135
143
132
7
-64
-180
-164
-108
-51
-69
-127
-308
-537
-637
-627
-557
-510
-433
-412
-332
-141
-18
184
307
306
265
143
1
-138
-244
-310
-199
1
220
428
568
514
459
412
378
356
210
44
-221
-343
-287
-112
72
219
278
274
170
64
-8
-6
39
88
75
10
26
38
172
327
466
568
518
344
189
111
9
-51
13
53
127
198
196
114
78
96
81
-72
-302
-440
-490
-350
-228
-108
-89
-122
-95
-71
-1
75
205
222
170
99
2
30
79
212
321
317
242
165
81
-68
-179
-272
-390
-464
-449
-443
-448
-376
-262
-129
20
115
155
120
-35
-84
-57
119
266
351
292
102
-33
-86
-18
88
260
364
399
350
287
248
181
147
137
123
23
-57
-154
-202
-229
-206
-57
143
232
212
131
-26
-104
-120
32
137
182
79
-67
-78
41
203
397
433
297
102
-104
-227
-338
-278
-212
-188
-255
-347
-421
-400
-360
-340
-364
-435
-528
-601
-522
-377
-170
-43
4
-100
-191
-203
-130
16
47
34
-49
-76
-23
96
270
257
189
35
-171
-259
-270
-203
-197
-191
-254
-281
-192
-68
79
237
306
323
333
284
226
171
160
141
131
120
97
128
189
293
414
504
508
480
343
172
39
-61
-63
-147
-225
-278
-338
-355
-335
-318
-295
-203
-140
-86
15
50
-16
-12
-77
-128
-167
-130
-98
-14
35
29
-25
-140
-170
-268
-172
-55
81
137
134
165
163
171
187
265
265
272
274
289
374
476
515
536
540
574
570
536
467
309
105
-72
-227
-332
-361
-236
-53
106
138
176
218
250
202
176
31
-112
-89
20
86
107
88
-24
-54
-116
-114
-127
-215
-261
-345
-366
-329
-252
-124
-128
-74
-72
-155
-253
-344
-351
-304
-223
-176
-167
-260
-296
-242
-109
72
184
243
183
16
-46
-79
-87
-55
-26
-23
25
24
89
86
8
-102
-216
-268
-234
-64
31
133
153
38
-112
-163
-136
-177
-300
-511
-725
-805
-793
-681
-509
-272
-102
47
97
114
62
28
-1
-4
-16
-23
10
12
56
79
86
17
-47
-180
-317
-316
-282
-142
34
179
219
201
101
3
-21
8
140
233
211
164
177
135
130
124
78
126
145
92
86
124
175
249
323
356
389
414
452
470
544
624
592
601
598
573
471
403
385
390
464
631
727
769
794
748
707
640
565
542
511
444
440
386
269
116
70
76
142
147
146
170
150
244
244
184
44
-93
-250
-384
-430
-424
-442
-511
-640
-652
-572
-469
-297
-187
-89
-80
-122
-212
-281
-270
-305
-345
-413
-544
-560
-526
-519
-530
-620
-688
-760
-729
-712
-713
-763
-972
-1080
-1103
-1088
-972
-857
-766
-747
-798
-782
-682
-588
-534
-444
-443
-408
-399
-329
-278
-102
39
10
-11
-40
-35
-27
111
230
259
215
153
65
12
44
91
205
290
360
357
355
408
533
617
642
664
668
672
643
651
648
659
713
776
853
875
816
725
612
554
494
505
498
433
275
21
-146
-186
-202
-114
96
183
284
325
273
195
137
156
218
350
426
445
415
354
299
208
141
33
-165
-302
-410
-457
-403
-259
-99
-99
-239
-411
-497
-515
-532
-527
-579
-604
-654
-590
-492
-354
-222
-150
-87
5
-17
-16
-70
-84
5
183
411
463
329
128
82
213
424
559
561
333
64
-145
-180
-114
3
-62
-163
-297
-389
-409
-419
-359
-294
-159
-43
-31
-49
-76
-148
-143
35
234
399
406
265
29
-154
-223
-181
19
143
229
237
223
193
137
65
2
-101
-224
-303
-353
-355
-296
-213
-80
9
100
241
298
369
353
292
173
112
56
64
129
157
224
291
357
394
289
104
-64
-126
-129
-76
-119
-171
-155
-112
-10
-41
-172
-415
-536
-599
-493
-293
-106
28
39
39
-35
-99
-154
-109
-68
-27
29
87
235
295
295
270
171
113
46
-57
-188
-403
-627
-698
-617
-495
-321
-202
-197
-228
-328
-300
-205
-36
156
274
267
155
101
145
279
430
520
525
414
445
439
430
338
209
135
-6
-54
-124
-119
-105
-125
-231
-325
-329
-232
-142
-129
-162
-226
-184
-19
155
264
318
309
333
383
370
305
234
152
26
45
78
136
152
84
87
51
104
156
63
-16
-66
-81
-27
87
146
205
271
188
90
-14
-72
-133
-157
-118
-125
-93
-118
-184
-166
-29
144
291
357
228
96
-11
-109
-121
-41
-22
-132
-186
-237
-305
-379
-384
-426
-453
-464
-394
-309
-139
-47
3
39
61
160
184
220
64
-99
-223
-216
-11
277
484
497
353
112
-68
-133
-262
-308
-336
-343
-403
-540
-567
-511
-417
-332
-359
-432
-373
-236
-30
211
372
422
361
197
49
-24
36
52
13
-80
-147
-97
20
191
305
312
360
310
231
163
44
10
-34
-53
1
31
-113
-277
-404
-410
-298
-179
-43
159
269
220
160
158
224
335
456
512
451
390
414
493
625
668
615
507
340
189
81
48
63
89
173
315
437
509
514
380
126
-90
-227
-241
-156
-163
-232
-239
-195
-82
-32
70
172
157
139
119
114
34
-15
25
41
-65
-225
-415
-509
-521
-397
-221
-166
-334
-573
-726
-798
-739
-646
-448
-320
-253
-286
-276
-214
-186
-178
-174
-123
-99
25
166
311
296
235
196
43
-72
-217
-275
-169
-93
-99
-50
-102
-239
-373
-256
-81
148
253
266
305
314
309
346
419
371
351
244
222
196
88
70
142
171
222
283
259
145
-26
-225
-380
-397
-347
-238
-234
-274
-262
-302
-274
-304
-282
-300
-285
-282
-367
-304
-161
-37
17
-2
-41
-9
97
199
406
512
560
561
370
117
-134
-229
-157
19
164
255
367
340
276
196
138
153
143
222
227
285
296
307
241
70
30
144
217
243
274
262
263
218
249
285
236
88
-157
-370
-448
-347
-169
-57
-14
-21
-72
-217
-351
-332
-394
-370
-328
-350
-408
-489
-518
-450
-293
-88
106
89
96
-14
-94
-79
5
108
230
246
111
-3
-193
-139
-72
-28
17
-71
-116
-69
78
231
246
251
114
29
48
178
281
339
374
326
305
306
524
610
675
652
509
358
170
20
-194
-358
-418
-342
-227
-41
128
195
198
88
52
55
47
42
-138
-324
-422
-422
-390
-390
-325
-351
-357
-309
-126
-11
120
198
115
31
-117
-137
-131
-105
-194
-253
-265
-305
-210
-101
-21
55
71
101
43
-116
-144
-110
-101
-150
-288
-422
-423
-423
-424
-454
-429
-336
-138
54
162
174
137
151
69
103
140
227
271
201
173
100
14
-88
-156
-207
-156
-52
71
171
170
58
-50
-139
-96
-23
88
222
323
328
273
261
170
173
274
364
451
422
373
312
267
338
415
429
272
94
-66
-215
-310
-326
-317
-161
22
159
215
156
73
16
-32
-32
-73
-126
-163
-161
-21
76
174
268
302
259
271
269
241
277
233
191
139
78
-7
-88
-248
-400
-535
-648
-656
-643
-542
-519
-427
-208
-1
77
-44
-258
-369
-412
-331
-145
11
180
199
133
31
-45
-94
-115
-83
-40
21
9
39
-1
25
44
41
69
18
43
49
113
264
339
334
196
38
-6
67
155
242
265
294
256
75
5
-39
-56
-83
-117
-80
-6
11
-26
-111
-179
-161
-249
-327
-215
-168
-94
-29
-56
-91
-166
-144
-51
51
129
209
229
242
294
340
379
427
466
553
569
545
444
263
150
7
7
143
295
372
321
250
133
90
-53
-217
-337
-466
-510
-532
-554
-382
-148
-26
60
38
-63
-133
-154
-124
-97
-56
-22
-27
-89
-28
-21
-7
-85
-253
-362
-502
-419
-257
-106
-185
-324
-411
-427
-367
-215
-135
-134
-138
-175
-245
-238
-128
-76
-17
-31
70
144
196
228
183
128
-18
-122
-255
-301
-284
-224
-31
54
119
133
91
0
-164
-221
-195
-155
3
130
229
270
180
168
80
62
6
40
126
179
243
222
300
327
363
308
197
148
41
40
82
170
254
198
71
-135
-244
-254
-80
128
230
170
8
-131
-206
-62
174
373
425
343
173
11
-93
-124
-41
29
118
193
244
284
274
230
187
220
188
102
-7
-72
-92
-183
-192
-116
-56
21
45
-107
-239
-250
-243
-115
-44
-49
-130
-202
-252
-299
-270
-145
-26
113
124
5
-148
-250
-255
-176
9
162
154
37
53
42
62
86
24
-28
-13
53
214
295
331
365
291
187
99
90
113
188
247
182
44
-27
27
75
76
134
204
183
314
370
326
288
213
90
-33
-64
-60
-119
-161
-164
-213
-233
-327
-425
-431
-385
-329
-284
-335
-316
-298
-308
-273
-277
-261
-256
-249
-214
-234
-231
-167
-57
30
29
61
88
216
186
180
84
-93
-202
-223
-177
-272
-295
-295
-215
-159
-92
-33
-28
-31
-103
-90
-62
-60
-38
-40
67
249
364
323
279
204
143
79
200
431
643
709
505
253
73
56
90
29
10
-30
-132
-58
92
200
270
395
404
417
450
429
380
109
-86
-160
-235
-269
-265
-197
-120
-129
-131
-83
-184
-297
-422
-437
-311
-224
-195
-208
-229
-196
-107
-113
-290
-464
-530
-520
-438
-310
-125
29
130
74
44
12
13
51
83
74
-27
-77
-79
72
164
227
232
213
200
194
273
269
302
357
345
421
484
523
512
319
84
-97
-177
-137
-63
-11
-14
0
-13
72
154
107
135
67
80
-36
-193
-374
-615
-691
-626
-423
-193
-56
44
61
31
-56
-115
-180
-276
-261
-336
-288
-325
-244
-169
-120
-99
-180
-213
-294
-369
-307
-215
20
333
496
611
542
418
276
146
30
-62
-123
-79
39
183
352
324
233
84
-2
75
118
136
202
356
580
693
565
374
47
-212
-297
-270
-122
52
76
49
-19
-12
60
1
-99
-165
-152
-136
-85
-131
-175
-156
-228
-263
-174
13
248
383
399
349
173
-3
-97
-127
-165
-110
-68
-35
2
-926
-2748
-4021
-2956
490
4513
6311
4450
468
-2696
-3185
-1442
83
106
-982
-1584
-425
1619
2961
3087
2168
1021
474
349
905
1488
1866
1179
-1189
-3774
-5094
-3727
-522
2039
2902
1720
-844
-2963
-3596
-2722
-805
1326
2659
3064
2319
780
-716
-1468
-852
757
2041
2117
1115
-318
-1154
-1303
-1380
-1403
-904
75
1154
1620
1189
122
-993
-1582
-1653
-1586
-1481
-1082
-525
-95
309
922
979
710
485
-154
-193
721
1674
1624
815
117
-222
-696
-1109
-957
-517
-107
-201
-806
-1365
-1463
-1236
-1076
-685
40
476
354
170
314
522
532
199
-352
-683
-398
708
1875
2305
2022
1120
57
-909
-1167
-484
412
1129
1452
1582
1160
23
-1097
-1855
-2016
-1550
-891
-348
-237
-391
-509
-688
-1152
-1788
-2346
-2401
-1799
-700
579
1086
469
-561
-1175
-1078
-531
31
440
543
604
671
641
545
148
-491
-1075
-1405
-1472
-1196
-801
-560
-567
-846
-1087
-1204
-1022
-631
-31
472
747
714
554
493
611
1120
1590
1894
1947
1923
1757
1688
1590
1449
1459
1384
1362
1475
1820
2127
2214
2192
1940
1610
1403
1244
1084
845
743
902
1111
1180
1032
731
646
1009
1544
1889
1730
1087
152
-525
-771
-872
-877
-815
-753
-638
-552
-632
-919
-1232
-1392
-1358
-1159
-718
4
842
1553
1718
1249
382
-560
-1160
-1325
-1302
-1332
-1240
-1050
-1239
-1701
-2146
-2336
-2121
-1620
-1165
-942
-1148
-1618
-2010
-2120
-1887
-1709
-1659
-1402
-809
-347
-309
-409
-303
-101
-70
-314
-773
-1071
-839
-10
1083
1918
2167
1923
1795
2057
2707
3266
3434
3009
2252
1592
919
298
-644
-1891
-2984
-3571
-3628
-3401
-3140
-2876
-2518
-1994
-1507
-1051
-608
24
666
1171
1374
1325
1220
978
626
219
-201
-557
-584
-183
514
1156
1326
1087
814
784
758
639
717
1010
1274
1470
1589
1199
625
162
-131
-294
-388
-538
-721
-719
-716
-674
-615
-534
-617
-1026
-1355
-1300
-850
-210
320
282
-334
-1232
-1969
-2399
-2414
-2228
-1948
-1639
-1418
-1062
-638
-85
762
1643
2198
2531
2459
1980
1568
1365
1320
1245
1219
1182
1052
1108
1324
1279
1041
717
442
170
-17
90
232
291
270
143
-186
-576
-971
-1118
-1007
-700
-401
-235
-114
-73
45
212
309
682
1216
1635
1793
1564
1200
913
1212
1853
2371
2503
2195
1870
1685
1661
1671
1391
893
255
-405
-953
-1380
-1609
-1586
-1428
-1142
-780
-543
-417
-474
-433
-548
-610
-503
-624
-1196
-1847
-2053
-1949
-1436
-914
-801
-1176
-1524
-1472
-992
-429
-143
-120
-445
-605
-669
-654
-622
-702
-822
-888
-573
2
381
473
257
-71
-220
-279
-262
-480
-635
-878
-995
-819
-599
-417
-266
-228
-242
-230
-226
-347
-586
-708
-615
-320
101
748
1256
1276
1184
1034
900
757
859
1188
1362
1455
1444
1359
1206
1194
1240
1033
898
725
460
271
178
285
532
833
1132
1253
880
310
-96
-225
0
442
979
1314
1300
1159
1021
876
644
319
-70
-559
-870
-878
-623
-365
-228
-362
-733
-946
-973
-809
-739
-837
-1080
-1603
-2150
-2550
-2726
-2848
-2703
-2412
-1915
-1213
-688
-451
-509
-682
-730
-596
-329
-81
0
-136
-208
-103
218
425
389
250
300
545
954
1440
1409
1057
538
184
45
17
213
270
335
414
455
605
733
794
1005
1152
1299
1284
1080
670
154
-174
-419
-418
-277
-302
-444
-538
-538
-513
-570
-723
-877
-903
-685
-236
201
409
489
479
405
257
77
-28
-33
300
803
1365
1568
1496
1298
938
549
38
-562
-1001
-937
-618
-222
33
83
-147
-286
-66
219
504
625
628
626
827
1226
1729
2002
1836
1378
787
150
-227
-375
-472
-545
-538
-498
-387
-288
-45
283
446
477
352
52
-366
-609
-638
-619
-429
-189
-240
-476
-901
-1342
-1501
-1142
-505
186
619
683
604
180
-277
-577
-683
-676
-612
-485
-460
-547
-719
-955
-1073
-978
-820
-591
-367
-92
35
-138
-423
-685
-889
-1060
-1334
-1569
-1580
-1331
-799
-249
109
116
-53
-103
-76
-68
2
74
184
392
732
1124
1343
1296
1160
1036
800
770
928
940
795
658
418
130
0
-140
-321
-500
-422
-218
-109
57
160
77
-153
-339
-563
-601
-384
124
754
1093
1119
949
692
528
586
832
942
757
577
406
450
697
961
1039
745
264
-72
-103
15
-10
-126
-386
-523
-410
-162
-13
-76
-369
-723
-946
-756
-337
20
199
90
-263
-854
-1365
-1577
-1356
-1028
-594
-221
-69
-57
-231
-413
-592
-735
-606
-239
293
657
754
505
-65
-653
-1090
-1131
-1061
-871
-742
-669
-452
-116
217
569
808
842
784
767
918
1075
1140
965
770
679
703
813
881
843
799
842
874
771
541
404
319
369
658
1045
1445
1553
1474
1237
734
317
241
373
572
469
148
-276
-630
-876
-1005
-1053
-1211
-1353
-1281
-1016
-640
-297
-384
-628
-903
-962
-796
-447
-17
85
-47
-266
-509
-806
-840
-688
-685
-660
-630
-696
-648
-486
-292
-259
-341
-391
-401
-400
-504
-530
-487
-415
-269
-133
-130
-204
-343
-349
-165
162
507
763
980
950
874
787
672
544
534
505
489
384
91
-378
-831
-1181
-1235
-1018
-737
-473
-394
-356
-471
-559
-636
-690
-528
-60
370
699
747
795
941
992
990
1075
1096
1157
1380
1496
1378
1108
703
341
339
523
788
948
1044
973
769
468
160
36
69
153
205
117
-62
-188
-405
-546
-603
-705
-842
-907
-845
-821
-888
-961
-966
-836
-516
-389
-363
-591
-707
-632
-569
-480
-406
-327
-434
-306
-147
-162
-367
-563
-699
-927
-1288
-1457
-1243
-890
-416
-31
237
419
459
539
615
723
1011
1257
1357
1366
1407
1440
1582
1596
1471
1128
762
628
811
1023
1276
1337
1071
1089
1360
1505
1345
944
290
-302
-486
-545
-424
-403
-616
-735
-917
-1057
-980
-1010
-1123
-1135
-1044
-1009
-748
-531
-681
-891
-1163
-1424
-1606
-1528
-1352
-1232
-1096
-919
-622
-400
-194
-126
-317
-713
-842
-775
-390
218
725
903
505
-60
-539
-725
-480
-173
-17
-7
-178
-270
-62
459
806
988
928
686
410
307
313
418
578
863
1224
1327
1508
1504
1268
1020
690
491
462
520
479
383
253
-83
-326
-561
-757
-697
-718
-870
-962
-815
-656
-490
-459
-696
-1119
-1387
-1325
-906
-377
195
610
837
911
844
973
1107
1362
1571
1453
1233
1067
948
688
503
383
223
155
144
147
-36
-435
-684
-584
-380
-107
117
107
-62
-285
-436
-687
-814
-791
-562
-199
172
324
196
66
43
81
-32
-236
-351
-397
-400
-366
-478
-634
-753
-741
-574
-317
-80
3
-27
-159
-346
-522
-442
-269
-75
97
219
212
51
-75
-170
-128
-46
154
226
118
-15
-145
-239
-163
18
108
278
327
329
368
388
267
-43
-311
-321
-92
153
282
293
143
87
162
257
369
316
83
-60
-32
26
-25
-66
-96
-128
85
298
439
412
264
137
-47
-81
-33
30
0
22
106
198
437
574
507
355
234
237
325
292
239
89
-32
-42
-6
-114
-298
-395
-229
-18
95
162
-26
-197
-222
-185
-122
-25
-146
-360
-603
-660
-711
-696
-589
-550
-427
-293
-272
-320
-365
-423
-436
-524
-570
-650
-628
-635
-583
-439
-125
106
206
302
204
182
231
375
663
959
1110
984
849
904
933
978
1027
913
601
340
269
383
652
809
752
467
252
141
73
26
-65
-84
-186
-237
-149
-53
-34
-104
-172
-215
-292
-284
-378
-433
-518
-424
-269
-202
-244
-306
-425
-474
-483
-525
-566
-706
-882
-836
-631
-322
-62
-31
-90
-230
-218
-64
43
165
223
157
123
112
119
147
219
261
338
369
460
544
653
710
761
794
708
721
717
700
685
719
634
505
313
-69
-249
-367
-346
-312
-360
-468
-439
-300
-183
-35
-14
-175
-375
-738
-937
-831
-566
-270
-61
93
132
91
6
-143
-334
-566
-865
-984
-896
-816
-670
-639
-596
-668
-796
-720
-706
-691
-527
-341
-161
-73
-9
-66
-80
-50
65
171
144
4
-193
-290
-251
48
253
387
362
190
6
-265
-396
-308
-147
81
94
49
74
83
204
296
480
448
448
400
360
335
334
432
473
452
312
172
126
302
415
584
703
649
460
324
143
-4
52
202
453
595
590
488
438
487
595
658
680
415
203
26
89
384
607
871
868
767
582
478
334
230
145
104
194
310
464
486
469
445
314
159
-66
-302
-464
-583
-732
-749
-617
-440
-137
97
157
-36
-284
-567
-725
-733
-752
-685
-623
-576
-367
-178
-107
-149
-355
-510
-542
-398
-243
-82
65
46
-60
-182
-213
-305
-433
-530
-514
-335
-182
13
109
61
-56
-223
-277
-242
-59
184
364
520
706
841
777
589
272
52
-168
-318
-201
-46
32
16
20
-42
-142
-303
-431
-396
-374
-287
-214
-302
-392
-481
-444
-364
-233
-176
-173
-214
-235
-235
-236
-236
-398
-595
-613
-519
-276
-44
108
163
-106
-451
-634
-617
-494
-225
-120
22
101
145
230
119
-60
-244
-377
-493
-457
-341
-190
16
226
249
238
283
329
458
585
599
593
467
475
589
781
899
860
849
770
688
703
768
890
1082
1197
1250
1136
960
868
694
513
266
88
-49
-100
-80
-61
-163
-322
-306
-219
-102
-75
-77
-360
-611
-853
-776
-397
-155
4
-80
-204
-316
-352
-211
-126
-195
-268
-267
-200
11
193
176
17
-121
-191
-169
-107
8
130
138
220
235
219
219
184
59
-158
-357
-470
-498
-389
-198
14
120
62
-38
-146
-181
-155
-128
-184
-251
-282
-156
6
97
38
-167
-393
-525
-507
-400
-232
-134
-125
-209
-225
-176
-208
-323
-554
-809
-917
-782
-536
-308
-189
-183
-230
-225
-180
-131
-208
-428
-604
-632
-475
-172
63
177
268
188
264
321
347
306
241
226
165
123
125
121
238
485
829
1118
1034
887
685
392
343
469
640
819
829
622
330
-10
-228
-242
-38
208
415
451
333
288
298
318
404
335
109
-23
-114
-51
101
198
171
118
179
180
109
-41
-44
37
79
104
13
-139
-273
-209
-224
-245
-292
-416
-540
-598
-489
-257
-87
27
68
62
30
38
3
-148
-275
-335
-350
-288
-97
-94
-219
-368
-542
-610
-592
-420
-237
-169
-137
-169
-179
-224
-284
-323
-293
-207
-147
-35
175
333
509
498
431
282
196
225
231
340
363
399
331
334
283
267
286
308
371
309
219
47
56
108
126
84
-16
-79
-176
-202
-143
-165
-236
-338
-432
-485
-400
-403
-400
-462
-454
-392
-157
113
317
421
366
330
201
138
71
32
-59
-51
-13
7
119
90
-36
-182
-180
29
202
302
305
294
306
329
374
338
482
472
405
342
312
344
266
230
130
84
84
136
223
258
253
212
172
34
-88
-164
-356
-526
-518
-564
-570
-500
-441
-422
-385
-307
-411
-673
-863
-1003
-950
-717
-482
-381
-538
-566
-526
-551
-574
-676
-621
-582
-471
-357
-383
-441
-598
-688
-628
-509
-291
-74
44
213
432
487
475
392
325
328
312
359
403
405
494
669
774
788
786
764
788
932
1077
1107
906
764
607
412
311
72
-24
-123
-45
202
451
731
929
1151
1280
1166
950
731
535
373
242
114
-47
-214
-461
-637
-775
-806
-682
-592
-491
-379
-243
-19
260
353
332
124
-350
-791
-1085
-1105
-864
-543
-327
-211
-75
-41
-83
4
87
224
300
334
320
194
-74
-347
-570
-674
-714
-842
-943
-807
-492
-132
187
156
173
170
234
197
181
250
94
-42
-173
-268
-437
-544
-588
-548
-283
32
320
531
714
814
804
666
518
348
216
66
-144
-390
-626
-654
-515
-263
-8
165
293
376
509
567
502
232
25
-144
-265
-335
-461
-594
-676
-667
-574
-490
-470
-364
-364
-385
-325
-154
97
282
399
395
372
339
231
74
-93
-215
-267
-128
-98
-49
-35
14
75
223
483
548
529
406
199
-67
-142
-137
-188
-111
-71
63
190
369
623
781
779
584
410
268
273
210
171
105
24
53
91
93
152
149
50
-66
-170
-198
-214
-299
-473
-515
-337
-184
-56
78
63
4
39
57
-25
-193
-358
-364
-238
-39
52
115
68
99
81
5
-87
-127
-36
155
448
688
814
650
513
458
467
413
276
41
-241
-460
-469
-288
-227
-61
64
55
-88
-57
-67
7
46
-71
-198
-374
-413
-493
-427
-284
-171
29
117
72
11
-22
-44
-57
-23
54
33
-6
-148
-381
-601
-700
-719
-733
-634
-520
-412
-317
-144
62
296
544
562
401
235
45
-116
-264
-309
-246
-102
12
155
214
125
-19
-91
-101
71
319
516
648
648
619
447
181
1
-78
-50
-58
15
89
174
315
372
389
271
191
97
97
47
15
-89
-343
-569
-778
-960
-997
-856
-723
-534
-400
-253
-3
223
388
476
466
346
173
-3
-187
-271
-292
-195
54
355
571
576
550
428
294
259
425
674
840
831
620
332
-40
-243
-395
-458
-391
-267
-66
33
12
-8
-19
66
204
297
356
210
12
-277
-352
-339
-347
-212
-137
-36
-14
22
-83
-298
-383
-434
-403
-291
-265
-276
-292
-445
-575
-628
-460
-200
98
326
334
187
-2
-12
41
106
148
206
200
140
5
-52
-109
39
180
201
158
4
-136
-211
-127
14
135
215
246
303
314
346
348
226
128
-132
-359
-513
-493
-360
-228
-64
8
79
95
147
283
420
510
544
372
99
-80
-171
-262
-158
-74
23
135
101
115
164
216
378
474
529
505
346
231
163
153
177
268
289
266
190
162
100
35
29
68
147
189
113
-14
-166
-189
-234
-245
-321
-369
-383
-438
-386
-305
-289
-242
-259
-310
-366
-449
-575
-551
-545
-429
-375
-397
-289
-210
-56
18
55
-57
-314
-524
-561
-414
-272
-92
-68
-93
-67
-41
83
36
-50
-135
-247
-136
60
245
423
485
477
372
483
514
479
535
539
489
442
339
282
173
147
130
93
109
43
72
-46
-78
-39
-83
-140
-260
-392
-487
-464
-299
-206
-43
35
42
109
105
240
335
321
257
149
146
155
182
87
11
-113
-177
-110
96
231
287
239
76
12
-83
-8
