-549
-617
-694
-506
-118
175
148
-81
-402
-676
-700
-551
-205
227
372
485
516
397
318
208
269
354
463
578
671
737
567
285
-43
-267
-283
8
404
714
930
1008
954
953
832
513
317
195
142
101
263
343
358
270
-7
-56
-30
87
199
390
376
173
-45
-246
-379
-567
-535
-462
-357
-154
-5
-176
-467
-676
-633
-392
-36
84
-72
-307
-509
-527
-339
-49
64
-8
-240
-407
-407
-288
-44
113
36
133
248
238
292
372
276
55
-85
-199
-320
-412
-427
-254
-1
274
514
478
350
38
-88
8
198
452
339
84
-210
-268
-9
218
387
410
58
-408
-594
-538
-328
-91
37
-55
-191
-297
-359
-388
-374
-394
-271
-181
-52
257
322
203
94
-186
-159
-49
171
362
416
450
198
27
-178
-293
-200
-176
-31
-124
-276
-347
-232
-73
-58
-200
-238
-134
-14
254
379
444
327
116
11
-111
-197
-197
-54
-8
30
205
421
443
423
417
422
399
399
442
513
583
592
674
624
351
150
111
311
664
704
666
637
376
255
159
-172
-308
-486
-669
-756
-690
-509
-186
83
194
27
-295
-443
-506
-401
-349
-394
-494
-604
-735
-773
-660
-444
-410
-342
-575
-647
-677
-500
-151
124
405
479
519
403
186
-61
-277
-497
-470
-342
-285
-90
-95
-227
-310
-318
-212
2
252
261
164
63
-136
-136
4
79
218
300
312
351
342
500
729
863
918
732
484
179
-40
136
342
365
407
301
201
23
-56
-201
-185
-79
24
48
-6
40
56
189
278
302
228
95
-60
-47
-17
-57
-67
3
41
47
-106
-272
-369
-266
-75
92
273
262
22
-185
-254
-194
-246
-263
-280
-415
-422
-464
-442
-146
97
313
323
236
31
-344
-509
-501
-337
-174
-9
-31
-153
-208
-137
-88
-49
-252
-439
-427
-231
60
94
66
-34
-134
-77
-28
158
279
170
-28
-77
-84
-55
80
168
153
140
59
94
199
168
-77
-127
-183
-134
-87
-4
283
522
469
234
-24
-88
-79
-140
-188
-18
39
129
251
217
62
-115
-129
40
315
392
375
143
68
9
-101
-57
47
112
288
506
667
781
779
655
514
349
77
-44
-100
-139
-158
-237
-301
-326
-224
-243
-62
16
-38
-74
-275
-388
-325
-124
-59
94
108
63
-78
-262
-391
-366
-328
-259
-152
-202
-236
-191
-269
-219
-209
-226
-133
-110
-121
-49
93
211
165
114
120
-60
-137
-312
-299
-182
-177
-125
76
328
348
395
345
359
271
155
-90
-411
-666
-618
-246
37
280
300
200
81
96
44
59
174
353
584
617
495
211
-169
-344
-341
-216
171
671
945
808
408
-200
-572
-757
-681
-607
-529
-451
-368
-36
49
0
-93
-103
52
316
516
548
519
300
119
-42
-70
84
50
-16
-148
-258
-296
-166
-15
62
-44
-366
-646
-848
-755
-519
-133
231
312
290
109
-76
-86
-77
-52
103
270
374
240
223
304
258
218
160
21
-108
-205
-234
-151
-39
71
178
201
152
-66
-292
-351
-299
14
260
508
459
287
92
-178
-285
-420
-287
-84
117
351
480
460
391
196
125
190
329
355
267
135
75
-88
-171
-48
-150
-237
-463
-799
-1038
-779
-287
337
771
870
545
101
-289
-483
-312
-101
181
226
186
3
-141
-231
-168
45
154
85
-191
-371
-462
-339
-10
324
573
646
574
390
417
422
347
189
137
22
-180
-323
-263
-215
-211
-127
-164
-234
-455
-574
-606
-765
-872
-861
-860
-573
-334
-23
325
444
440
350
243
268
279
289
434
404
344
225
121
-93
-205
-263
-339
-357
-316
-150
-56
189
217
125
-55
-286
-322
-283
-114
161
442
524
385
81
-250
-364
-375
-343
-353
-424
-214
-100
165
391
346
309
24
-39
64
176
372
346
293
314
446
593
632
634
541
469
414
273
227
213
121
93
-64
-239
-442
-757
-725
-527
-265
-129
-100
-84
-82
9
-27
49
188
413
713
854
987
862
708
466
104
-217
-265
-219
-123
-110
-139
-100
-48
2
-70
-243
-483
-669
-691
-601
-532
-306
-235
-198
-115
-44
-43
-195
-488
-688
-694
-444
-192
-91
-3
-97
-236
-318
-378
-386
-273
-281
-203
-120
-22
-117
-259
-219
-2
381
694
805
695
426
381
321
188
98
-78
-137
-89
-162
-150
-119
-52
40
-110
-243
-276
-188
-10
179
87
-21
44
245
470
634
609
333
90
-125
-196
-122
-44
127
216
215
156
92
85
189
261
178
48
-201
-196
75
311
617
798
747
456
79
-180
-284
-241
-144
-233
-221
-125
-72
119
252
436
271
121
-229
-292
-1240
-3516
-6885
-9185
-7373
-1622
5581
9470
8959
5254
1638
890
2388
5040
6624
6483
4913
2286
-27
-2780
-5399
-7890
-9027
-8575
-6823
-4972
-3994
-3219
-1845
319
3223
5546
7058
7569
7448
7271
6823
6020
4519
2520
791
-491
-1768
-3368
-5471
-7149
-7756
-6517
-4550
-2793
-2093
-2147
-2093
-1250
208
1767
2599
2782
2710
2595
2771
2291
1261
-846
-2977
-4793
-5546
-5526
-5301
-4919
-4222
-2607
-820
521
589
-5
-342
74
1343
2937
3759
4094
3229
2154
968
506
425
983
1288
1607
1257
-970
-5504
-10796
-13271
-11038
-5182
498
3197
2395
-5
-1617
-733
2441
6740
10019
11533
11061
9431
7016
4430
2125
1072
1619
2656
2453
121
-3752
-7445
-9067
-7979
-4889
-1674
640
1539
1542
1515
1941
2879
4372
6178
8153
9305
8932
6564
3070
-251
-2285
-2615
-1823
-1235
-1999
-3883
-6210
-7679
-7894
-6784
-5008
-2850
-946
643
1436
1852
1821
1768
1998
667
-1475
-4198
-4577
-2202
1441
2754
766
-3000
-5581
-4714
-1044
2809
5108
3832
1773
133
438
1800
1812
367
-978
-1098
-595
-165
-1009
-2261
-2532
-1364
619
2568
2634
1770
548
124
1025
2294
2645
2491
1914
1646
1296
731
-479
-1792
-2773
-2863
-2206
-1669
-1638
-2541
-3185
-2691
-1013
725
1539
1026
51
-448
-29
1113
2386
3308
3524
2054
-2642
-10742
-19042
-21241
-14990
-4274
3462
4328
-291
-5968
-8434
-5752
1279
9369
14900
16458
14790
11758
8334
4851
2436
2417
5144
7895
7229
1818
-6010
-12255
-14094
-11104
-5304
-175
2144
1597
262
-77
1027
3270
6288
10195
14098
16271
15140
10597
4579
-165
-1734
-112
2561
3594
1097
-4144
-9582
-12709
-12738
-10425
-7073
-3756
-878
1215
2233
2024
1308
1306
3012
6288
9768
11331
9846
5730
1020
-2535
-4181
-4459
-4662
-5486
-7170
-9101
-10903
-11794
-11790
-10417
-8421
-6443
-4703
-3055
-947
1194
3214
4566
5835
6866
7533
7751
7464
6448
5061
2979
1072
-728
-2212
-3648
-5220
-6527
-7180
-6909
-5870
-4216
-2212
-580
678
1732
2659
4043
5225
6274
6547
6016
5130
4245
3365
2667
1476
204
-1182
-2362
-3478
-4319
-4674
-4433
-3166
-1161
1343
3406
4074
2826
341
-2108
-2887
-1919
145
1936
2924
2916
2311
1340
457
15
125
276
-1504
-7197
-15733
-21573
-19334
-9614
306
4305
1862
-3082
-6113
-5169
-2
7595
13988
16644
15867
13755
11325
8084
4116
1356
1733
4283
5681
3114
-3185
-10061
-14093
-13838
-9797
-4400
-160
1657
1912
2590
4242
6043
7533
9548
12530
15446
16364
14016
8700
2654
-1515
-2263
-406
1503
888
-2897
-8251
-12446
-13618
-12280
-9647
-6346
-2799
598
3275
4555
4250
3111
2879
4536
7502
9908
9842
7017
2543
-1711
-4390
-5559
-6445
-8145
-10568
-12818
-14029
-13749
-12160
-9924
-7039
-4308
-1981
382
2980
5740
8222
9800
10577
10552
9677
7645
4942
2428
578
-1195
-3299
-5520
-7486
-8253
-7817
-6953
-5665
-3977
-2003
53
1749
2960
4357
5749
7340
8489
8841
8333
7149
5838
4470
3298
1898
491
-986
-2617
-3967
-4875
-4673
-3446
-2132
-1184
-1160
-1255
-1159
-656
121
840
1543
1702
1710
1724
2303
2202
-1618
-10672
-21171
-24627
-17121
-4060
4618
4702
-1008
-7141
-9670
-6616
1456
10988
16984
17992
16295
14401
11719
7293
2612
1351
4534
8535
8669
3034
-6149
-14162
-17058
-14232
-7758
-1549
1562
1324
297
728
2438
4184
6132
9720
14836
18970
19381
15140
7791
491
-3286
-2098
1664
3994
2178
-3429
-10017
-14374
-15228
-13617
-10957
-7275
-2653
1910
4813
5386
3701
1588
1805
5546
11075
14777
14070
9245
2693
-2787
-5727
-7058
-8476
-10362
-12228
-13568
-14523
-15300
-15278
-13556
-10007
-5426
-866
2495
4670
5912
6964
8457
10400
11484
10832
8549
5885
3324
510
-2796
-5771
-7661
-7735
-6249
-4719
-3890
-3837
-3706
-2424
587
4424
7998
10034
10266
9549
8623
7650
6458
4850
3042
1309
-306
-1581
-2709
-3576
-4209
-4441
-3846
-2786
-1843
-1478
-1524
-1388
-843
123
934
1394
1328
890
326
-182
-382
-404
-898
-4282
-11758
-20966
-25034
-19550
-7892
1591
4006
555
-4230
-6544
-4237
2631
11313
17560
19346
18211
16244
13456
8872
3746
981
2297
5303
6166
2391
-5088
-12855
-16896
-15560
-9972
-3266
1459
3262
3525
4355
5879
7214
8482
11064
15320
19336
20418
17274
10602
2928
-2506
-3630
-1481
695
-51
-4124
-9708
-14170
-15867
-14990
-12468
-8553
-3247
2360
6656
8387
7430
5106
3869
5826
10204
13950
13864
9046
1304
-6484
-11931
-14476
-14704
-14188
-13687
-13537
-13692
-13610
-12752
-10407
-6572
-1916
2683
6027
8302
9855
10649
10436
9100
6917
4380
2379
961
-306
-2331
-5257
-8102
-9542
-8871
-6310
-3119
-491
1196
2403
3564
4845
6234
7203
7733
7628
6924
5849
3978
1536
-850
-2202
-2437
-1898
-1601
-2203
-3176
-3767
-3321
-2274
-1072
-133
536
619
408
-66
-479
-819
-876
-571
-31
404
192
-1899
-7815
-17116
-24879
-24106
-14075
-1437
5418
4681
-304
-4714
-5518
-1328
6632
14860
19455
20024
18423
15833
11472
5592
791
173
3284
6121
5086
-783
-9041
-15804
-17563
-13900
-7048
-710
3067
4621
5580
6862
7857
8358
9609
13096
17835
21017
20073
14703
6461
-1370
-5499
-4853
-1931
-491
-2445
-6903
-11721
-14960
-15926
-15027
-12444
-7877
-1294
5679
10519
11638
9290
5716
4290
6016
9110
10369
8018
2588
-3808
-9033
-12298
-13713
-14939
-15896
-16063
-14749
-12263
-9203
-5829
-2054
1850
5312
7915
9651
10391
10312
9218
7618
5974
3717
851
-2122
-4393
-5793
-6586
-7225
-7596
-6919
-4966
-2024
1217
3714
5053
5601
5779
5824
5872
5691
4872
3095
638
-1565
-3219
-4262
-4823
-4947
-4333
-3079
-1549
-8
1160
1516
1292
738
377
270
54
-305
-582
-341
319
892
517
-1165
-5608
-13412
-22469
-26425
-20827
-8493
2133
5413
2468
-2152
-4582
-3099
2599
10710
17682
20838
20752
19105
15871
10123
3441
-584
415
3849
5514
2605
-4257
-12223
-17525
-17559
-12808
-5952
-216
3582
5954
7766
8864
9008
9081
11040
15512
20337
22268
19384
12294
3546
-3495
-6179
-4818
-2643
-2656
-5397
-9405
-13086
-15561
-16546
-15663
-12180
-5886
2304
9695
13655
13097
9504
5900
4444
5298
6727
6745
4497
377
-4816
-10016
-14228
-16606
-16875
-14767
-10779
-6531
-3568
-2191
-1310
483
3255
6282
8563
9677
9653
8246
5636
2259
-1009
-3728
-5276
-5417
-4557
-3901
-4537
-5964
-6735
-5665
-2704
1123
4428
6435
6942
6269
4863
3064
1171
-350
-1382
-2000
-2184
-2666
-3962
-5577
-6665
-6136
-3971
-894
1770
3406
3641
2767
1466
-1
-1236
-1889
-1661
-645
639
1938
2632
2407
-853
-8566
-19585
-27009
-24118
-11931
954
6768
5023
-415
-4798
-5463
-1217
6646
14675
19640
21498
21462
19316
13492
5214
-1296
-1639
2899
7185
6851
881
-8146
-16221
-19263
-16418
-9828
-3263
1698
5344
8283
9639
8596
6491
6456
10589
17149
22393
22631
17031
7542
-1739
-6937
-6947
-4470
-2960
-3993
-6659
-9554
-12181
-14724
-16759
-16377
-11897
-3291
6692
13923
15551
11858
6070
2266
2447
5024
7038
6582
3665
-922
-5741
-10228
-13466
-15101
-14486
-11404
-6996
-3300
-1768
-1847
-2039
-951
1363
4041
6384
7710
7507
5779
2900
-213
-2900
-4570
-4762
-3533
-2075
-1619
-2631
-4285
-4779
-3452
-861
1891
3998
5052
5136
4208
2380
143
-1768
-2844
-2949
-2505
-2240
-2849
-4312
-5515
-5546
-3920
-1080
1671
3550
4090
3581
2473
1201
256
-308
-416
-485
-471
-572
-313
379
1415
1881
-444
-7657
-18600
-26546
-24544
-12934
-64
6449
5688
1365
-2289
-3037
-15
6071
12814
17782
20683
22159
20993
15400
6317
-1568
-3397
267
4612
5125
664
-6732
-13498
-16603
-15279
-11003
-5922
-725
4946
10528
13776
13088
9773
7613
9737
15488
21024
22161
17545
8872
-75
-5675
-7298
-6828
-6625
-7399
-8321
-8864
-9591
-11449
-13924
-14926
-12141
-4918
4344
11675
14400
12296
7982
4304
2525
2048
1865
1457
602
-678
-2975
-6261
-10118
-13413
-14371
-12201
-7805
-3320
-611
326
623
942
1181
1485
2273
3655
5020
5158
3726
1126
-1915
-4313
-5002
-3848
-1902
-629
-725
-1361
-1494
-915
-13
863
1718
2657
3492
3579
2558
371
-2169
-4215
-4892
-4366
-3455
-3118
-3347
-3552
-3137
-1800
5
1966
3259
3565
2768
1313
-215
-1279
-1428
-1002
-318
191
536
829
1253
1844
2133
32
-6884
-17861
-26402
-25231
-14141
-1286
5656
5566
1853
-1536
-2528
-91
5096
11061
15893
19611
22386
22285
17272
8218
-164
-3238
-849
2992
4221
1183
-4722
-10493
-13625
-13669
-11800
-8962
-4606
2011
9241
14261
14725
11465
8315
8840
13392
18897
21090
17921
10825
3296
-1860
-4506
-6236
-8142
-9692
-10046
-9282
-8653
-9653
-12259
-14542
-13619
-8016
582
8485
12769
12712
9757
5941
2842
979
53
-88
9
251
-543
-3043
-7128
-11292
-13571
-12902
-9732
-5721
-2159
261
1666
1911
1080
-52
-394
528
2434
4381
5075
3817
673
-2724
-4667
-4548
-3124
-1552
-384
245
585
684
638
479
633
1205
2170
2800
2365
847
-1223
-2969
-4021
-4121
-3494
-2680
-2006
-1634
-1494
-1342
-1055
-184
1149
2543
3019
2467
1136
-271
-1262
-1784
-1836
-1613
-1077
-322
788
1951
2932
2709
-1050
-9985
-21287
-27287
-22521
-10084
996
5690
4725
1713
-816
-1284
1002
5320
10123
14489
18964
22416
21811
15626
6282
-790
-2462
-234
2187
2353
-183
-4146
-7944
-10187
-10980
-10903
-9717
-5690
1794
9874
14664
14217
10556
8045
9166
13069
16726
17490
14647
9577
4691
1074
-2175
-6141
-10047
-12005
-11180
-8768
-7226
-8321
-11328
-13454
-12169
-6806
337
6523
9460
9362
7498
5347
3207
1066
-671
-1236
-215
1140
1457
-509
-4327
-8404
-10945
-11150
-9333
-6561
-3466
-347
1932
2544
1233
-1037
-2630
-2217
-109
2515
4045
3457
1352
-954
-2319
-2692
-2519
-2176
-1402
-213
1048
1852
1747
815
-269
-771
-618
-145
85
-213
-948
-1831
-2500
-2988
-3338
-3713
-3458
-2483
-656
1533
2764
2794
1450
-23
-565
-394
46
373
146
-348
-549
-151
665
1596
2419
2414
-477
-8174
-19047
-26535
-24532
-14069
-2999
3029
3958
2709
1290
608
1532
4030
7500
11382
16161
20775
22156
18301
10450
2974
-714
-708
225
225
-1074
-3052
-4890
-6466
-8050
-9958
-11164
-9456
-3651
4355
10516
12617
11503
10294
10966
12976
14612
14245
11962
8973
6627
4894
2533
-1511
-6529
-10157
-11056
-9936
-8969
-9760
-11561
-12126
-10276
-6227
-1613
2011
3837
4304
4408
4719
4632
3593
1940
613
602
1612
2365
1651
-652
-3830
-6655
-8363
-8956
-8446
-7026
-4489
-1432
732
1007
-205
-1599
-2171
-1531
-83
1647
2916
3229
2586
1606
610
-527
-1712
-2501
-2314
-1145
349
1405
1584
902
-233
-1449
-2388
-2641
-2241
-1553
-848
-628
-733
-1248
-2115
-2939
-2966
-1843
-140
1369
2160
2378
1908
976
152
-302
-367
-279
-10
526
1280
1860
2069
1389
-1900
-9490
-19713
-26584
-24877
-15301
-4467
2259
3802
2407
1019
1230
2697
4239
6132
9412
14662
19725
21529
18975
13119
6795
2131
-10
-392
-174
-504
-1813
-3268
-4546
-5937
-8107
-10530
-11051
-7988
-1940
4428
8760
10265
10331
10720
11805
13012
13148
11749
9617
8129
7499
6732
4569
649
-3637
-7128
-9101
-9849
-10335
-11021
-11659
-11230
-9358
-6502
-3761
-2045
-1225
-607
523
2039
3414
4013
4168
4612
5405
5949
5310
3164
1
-3129
-5409
-6603
-6919
-6750
-6059
-5025
-3986
-3375
-3412
-3696
-3510
-2511
-1060
285
1332
2035
2369
2319
1940
1274
412
-515
-1024
-738
83
781
665
52
-581
-962
-1114
-1322
-1715
-2267
-2434
-2092
-1356
-634
-280
-441
-1115
-1996
-2385
-1967
-1022
-96
581
1085
1358
1232
891
685
1003
1751
2603
3140
2880
458
-5697
-15250
-24234
-26403
-19498
-8568
-794
857
-531
-813
727
1883
1239
519
2217
7617
14656
20061
21396
18629
14184
10164
7364
5153
3338
2099
1651
1848
2002
1607
-261
-3890
-8239
-11207
-11170
-8673
-5276
-2490
-150
2413
5268
7619
8017
6350
3958
3191
5113
8603
11423
11958
10474
8040
5567
2930
-410
-4321
-7914
-9514
-8597
-6352
-4743
-4980
-6540
-8145
-8663
-8172
-7204
-6132
-4773
-2596
413
3582
5548
5640
4132
2161
702
-25
-126
52
577
1269
1691
1335
79
-1665
-3360
-4360
-4614
-4206
-3369
-2542
-1869
-1486
-1454
-1940
-2817
-3841
-4354
-4003
-2902
-1450
-189
447
348
-100
-470
-534
-327
-31
253
523
760
850
792
530
-48
-1008
-2191
-3074
-3367
-3099
-2314
-1487
-1025
-1050
-1245
-1374
-1340
-979
-318
594
1734
2988
4056
4148
2213
-2392
-8761
-14159
-15605
-11927
-5292
570
3020
2322
505
-533
-511
-639
-1563
-2829
-2742
-134
4550
9339
12127
12423
11027
9196
7540
5810
4033
2582
2584
4540
7689
10317
10835
9118
6306
3689
1871
954
612
711
1445
2761
4115
4676
3916
1965
-191
-1638
-2077
-1828
-1473
-1181
-680
216
1091
1373
760
-594
-2001
-2754
-2701
-2086
-1392
-870
-546
-366
-394
-951
-2044
-3311
-4262
-4422
-3632
-2368
-1240
-749
-1120
-2011
-3016
-3672
-3913
-3688
-2953
-1909
-871
-231
-295
-815
-1372
-1726
-1879
-1969
-1830
-1539
-1260
-1097
-1213
-1515
-1745
-1714
-1367
-962
-819
-993
-1239
-1391
-1334
-1032
-551
-135
-23
-261
-588
-775
-792
-656
-532
-392
-274
-137
30
202
299
309
197
151
179
307
607
978
1351
1615
1764
1652
1516
1432
1514
1615
1700
1918
2160
2302
2151
1441
87
-1723
-3623
-4967
-5385
-4758
-3449
-2049
-935
-536
-759
-1262
-1788
-2387
-2948
-3055
-2511
-1331
202
1600
2513
3001
3243
3207
2692
1745
725
200
456
1713
3787
6064
7864
8578
7996
6511
4547
2570
1305
957
1592
2851
4121
4840
4797
4099
2887
1406
-178
-1505
-2314
-2426
-1825
-763
299
893
805
249
-571
-1449
-2305
-2945
-3026
-2375
-1180
38
856
944
453
-518
-1684
-2755
-3416
-3220
-2248
-790
586
1077
733
-195
-1198
-2020
-2554
-2673
-2388
-1907
-1440
-1030
-835
-975
-1261
-1500
-1709
-1921
-2260
-2616
-2704
-2386
-1755
-983
-449
-409
-872
-1635
-2217
-2311
-2011
-1404
-798
-265
71
130
70
-38
-9
59
162
340
562
912
1309
1677
1910
1905
1643
1400
1361
1931
3059
4612
6094
6709
5710
2150
-3737
-10655
-16080
-17856
-15684
-10853
-5707
-2043
-360
-569
-2064
-4668
-7804
-10341
-10872
-8268
-2948
3784
9984
14402
16602
16573
14795
11531
7929
5302
4997
7362
11074
14637
16706
16834
15298
12485
8585
3773
-1212
-5095
-6601
-5555
-3174
-1216
-657
-1571
-3573
-5882
-8216
-10100
-10983
-10415
-8358
-5380
-2094
480
2139
2996
3271
3160
2596
2029
1854
2377
3526
4753
5495
5359
4436
2898
996
-1044
-3027
-4349
-4653
-4202
-3550
-3051
-3017
-3495
-4038
-4457
-4763
-4826
-4800
-4583
-4090
-3247
-2292
-1426
-699
-252
-194
-488
-1003
-1424
-1365
-919
-287
326
782
1029
986
398
-611
-1844
-2921
-3511
-3451
-2854
-2214
-1451
-721
-43
315
144
-398
-983
-1316
-1231
-670
-20
775
1657
2436
3117
3523
3700
3906
4462
4978
4452
1363
-4983
-13071
-19870
-22287
-19427
-13324
-7042
-2854
-804
-170
-166
-926
-2480
-3843
-3848
-1357
3120
8515
13594
17489
20338
21697
21257
18658
14488
10341
7646
7039
7656
8483
8850
8767
8292
6840
4076
-34
-4592
-8455
-10858
-11546
-11032
-9801
-8366
-6874
-5522
-4532
-3960
-3866
-3858
-3738
-3131
-1821
188
2881
5711
8091
9323
9296
8342
6945
5502
3888
2310
979
171
-38
-12
-135
-839
-2084
-3610
-5228
-6754
-8144
-8973
-9048
-8309
-7116
-5907
-4872
-4052
-3317
-2851
-2612
-2583
-2475
-2044
-1207
-98
944
1828
2453
2879
3010
2629
1680
389
-863
-1771
-2276
-2407
-2314
-2136
-2022
-2031
-2293
-2818
-3363
-3634
-3423
-2895
-2232
-1746
-1427
-1132
-768
-357
80
589
1163
1762
2374
2958
3616
4258
4316
2785
-1412
-8272
-15960
-21487
-22415
-18925
-13186
-7682
-3591
-662
1434
2742
2658
1388
-25
-232
1539
4781
8688
12577
16323
19776
22127
22589
20769
17379
13470
10138
7731
5955
4702
3992
4117
4756
5031
4127
1763
-1373
-4608
-7518
-9917
-11760
-12478
-11696
-9421
-6196
-2892
-121
1713
2741
3047
2782
2201
1754
1985
3001
4659
6344
7728
8477
8471
7592
5747
3227
343
-2181
-3941
-4990
-5442
-5549
-5153
-4483
-3775
-3511
-4080
-5246
-6782
-8130
-9012
-9134
-8302
-6607
-4280
-2036
-327
654
933
806
392
-114
-749
-1189
-1144
-515
501
1339
1651
1435
939
245
-684
-1942
-3408
-4654
-5304
-5299
-4650
-3675
-2568
-1378
-396
191
246
-200
-847
-1424
-1741
-1570
-927
212
1764
3518
5115
5547
3709
-1276
-8898
-16992
-22518
-23531
-20524
-15424
-10169
-5434
-992
2977
5713
6385
5260
3578
2640
3036
4363
6412
9205
12910
17026
20433
22203
21951
20101
17225
13779
9848
5616
1840
-656
-1361
-606
729
1649
1698
889
-711
-3060
-6044
-9029
-11254
-12046
-11364
-9640
-7113
-3886
-117
3675
6574
8099
8222
7411
6034
4381
2844
1810
1885
3112
4989
6529
7073
6390
4645
2147
-877
-4051
-6907
-8734
-9267
-8703
-7468
-6082
-4834
-3860
-3287
-3253
-3795
-4680
-5551
-6052
-5956
-5332
-4205
-2535
-425
1703
3243
3807
3500
2678
1577
320
-980
-2119
-2624
-2418
-1749
-1058
-751
-755
-1110
-1719
-2552
-3534
-4442
-4956
-4913
-4445
-3651
-2674
-1570
-402
702
1557
1861
1633
1327
1326
2045
3048
3016
337
-5656
-13547
-20265
-23078
-21881
-18502
-14930
-11705
-7934
-3184
1728
5296
6921
7155
7079
7325
7571
7768
8437
10346
13545
17137
19904
21324
21706
21349
20080
17375
13170
8254
3853
833
-869
-1827
-2486
-2901
-2992
-2875
-2901
-3470
-4549
-5953
-7478
-8950
-10098
-10343
-9111
-6441
-2789
1063
4577
7557
9687
10720
10320
8661
6410
4496
3364
2910
2726
2542
2495
2585
2663
2212
995
-883
-3109
-5260
-7310
-8936
-9950
-10122
-9321
-8010
-6573
-5342
-4304
-3469
-2840
-2488
-2589
-2903
-3142
-3090
-2533
-1543
-343
859
1993
2800
3198
3076
2392
1332
58
-1215
-2382
-3256
-3753
-3941
-3891
-3774
-3571
-3287
-2879
-2463
-2077
-1849
-1675
-1481
-1298
-1058
-786
-463
-103
388
1146
2299
3609
3696
1069
-4930
-12832
-19430
-22433
-21891
-19920
-17932
-15738
-11998
-6183
507
6376
9992
11470
11521
10936
10129
9335
9161
9936
11663
13741
15799
17879
20035
21905
22508
21028
17405
12584
7791
3704
310
-2747
-5455
-7261
-7747
-6970
-5641
-4384
-3546
-3309
-3807
-5034
-6431
-7320
-7173
-6177
-4554
-2658
-356
2660
5959
8819
10382
10561
9770
8478
6975
5270
3429
1675
289
-472
-725
-744
-827
-1161
-1777
-2731
-3939
-5317
-6633
-7750
-8664
-9237
-9424
-9024
-7903
-6148
-4067
-2168
-770
-6
268
369
355
144
-184
-452
-589
-491
-76
534
1243
1606
1545
1023
150
-817
-1910
-3046
-4251
-5291
-5951
-5997
-5361
-4210
-2747
-1402
-310
380
764
948
990
852
542
363
700
1797
2718
1445
-3424
-11036
-18069
-21418
-21173
-19705
-19096
-19007
-17386
-12792
-5745
1760
7639
11024
12484
12842
12895
12725
12434
12178
12204
12798
13758
15337
17586
20043
21740
21776
19879
16743
13440
10163
6469
1989
-2726
-6556
-8682
-9382
-9286
-8856
-8064
-6791
-5420
-4553
-4377
-4562
-4621
-4345
-3809
-3013
-1832
-31
2195
4643
6967
8754
9867
10287
10004
9097
7628
5610
3466
1364
-472
-1976
-3038
-3545
-3624
-3641
-3933
-4583
-5322
-5913
-6453
-7136
-8069
-8894
-9228
-8821
-7746
-6166
-4450
-2710
-1127
298
1492
2421
2799
2364
1495
541
-118
-392
-359
-297
-262
-172
20
102
-212
-992
-2115
-3252
-4094
-4641
-4909
-4937
-4548
-3781
-2820
-1742
-761
23
636
1150
1587
1949
2351
2885
3523
3163
47
-6260
-13900
-19520
-21311
-20760
-20395
-20780
-20438
-17341
-11045
-3320
3516
8133
10428
11670
12836
13896
14368
14043
13370
12898
12845
13334
14675
16929
19589
21212
21118
19609
17508
15364
12708
8833
3854
-1312
-5718
-8688
-10304
-10912
-10701
-9832
-8629
-7224
-5739
-4326
-3007
-2094
-1908
-2220
-2455
-2014
-755
966
2506
3875
5324
6989
8798
10106
10441
9684
8197
6231
4025
1720
-533
-2525
-4089
-5209
-5841
-5991
-5825
-5533
-5360
-5473
-5860
-6321
-6897
-7482
-7864
-7839
-7337
-6384
-5057
-3522
-1706
157
1869
2938
3197
2862
2284
1724
1164
439
-510
-1429
-1950
-1982
-1677
-1432
-1458
-1695
-2084
-2539
-3008
-3384
-3705
-3915
-3985
-3908
-3470
-2745
-1793
-815
-19
543
1195
2114
3271
4532
4579
1841
-3799
-10730
-16167
-18512
-18956
-19623
-20860
-21148
-18592
-12698
-5292
1238
5967
9116
11618
14083
15787
16141
15308
13787
12122
10724
10356
11399
13699
16040
17317
17775
18087
18598
18514
16741
12946
7963
3021
-1091
-4432
-7428
-9999
-11817
-12422
-11721
-10170
-8232
-6205
-4405
-2992
-1870
-944
-178
304
266
-66
-56
600
1828
3232
4542
5855
7317
8691
9360
9009
7765
5905
3823
1596
-733
-2952
-4818
-6097
-6715
-6834
-6607
-6155
-5797
-5747
-5927
-6037
-5868
-5604
-5647
-6087
-6416
-6063
-4917
-3314
-1760
-481
576
1592
2536
3103
3135
2541
1495
305
-775
-1540
-1978
-2378
-2833
-3221
-3323
-3008
-2489
-2160
-2132
-2265
-2306
-2222
-2090
-1954
-1918
-1827
-1639
-1257
-651
141
1190
2464
3608
3190
394
-4380
-9380
-12694
-14193
-15607
-18133
-20413
-20320
-16897
-11360
-5945
-1436
2892
7267
11026
13658
15193
15827
15824
14768
13031
11741
11620
12343
13034
13184
13272
14206
15797
17015
17079
15770
13664
11248
8262
4667
597
-3428
-6791
-9281
-11081
-12099
-12292
-11570
-10202
-8417
-6325
-4159
-2092
-659
55
305
641
1099
1598
1907
2124
2770
3934
5368
6574
7244
7542
7678
7563
6970
5582
3479
1080
-1258
-3236
-4801
-5965
-6855
-7599
-8096
-8282
-8071
-7529
-6879
-6358
-6109
-6027
-5784
-5238
-4521
-3889
-3408
-2919
-2137
-1067
57
954
1504
1814
1880
1741
1376
838
96
-759
-1616
-2265
-2552
-2616
-2589
-2658
-2729
-2636
-2335
-2013
-1837
-1739
-1750
-1756
-1683
-1535
-1311
-975
-455
321
1339
2498
2803
1116
-2381
-6258
-8974
-10342
-11747
-14077
-16147
-16509
-14900
-12087
-9061
-5697
-1642
2557
5919
8518
10856
12865
14079
14176
13535
13058
12875
12617
12181
11905
12320
13328
14253
14658
14667
14663
14669
14239
12861
10364
7374
4332
1418
-1383
-4052
-6380
-8350
-9946
-11076
-11303
-10542
-9258
-7954
-6687
-5250
-3417
-1617
-416
169
515
999
1753
2565
3199
3756
4295
4961
5705
6333
6534
6162
5185
3774
2238
650
-907
-2527
-4222
-5592
-6383
-6646
-6706
-6806
-6831
-6659
-6392
-6173
-5987
-5793
-5560
-5306
-5015
-4761
-4430
-4018
-3533
-2913
-2087
-1196
-421
76
249
385
429
458
344
-16
-529
-1066
-1551
-1877
-2113
-2232
-2319
-2366
-2326
-2240
-2048
-1848
-1785
-1893
-1864
-1514
-955
-435
-179
87
446
1040
1955
2527
2233
872
-1042
-2520
-3308
-3956
-5194
-6763
-7700
-7554
-6649
-5564
-4330
-2703
-668
1299
2986
4608
6197
7610
8518
8836
8970
9207
9374
9324
9164
9085
9295
9756
10312
10778
11146
11479
11638
11329
10339
8907
7355
5712
3822
1764
-214
-1838
-3008
-4053
-4955
-5530
-5718
-5654
-5416
-4922
-4112
-3162
-2301
-1766
-1479
-1179
-875
-687
-843
-1183
-1530
-1568
-1289
-927
-784
-771
-870
-1109
-1333
-1553
-1830
-2164
-2668
-3285
-3701
-3948
-4011
-4251
-4516
-4668
-4683
-4508
-4284
-4043
-3746
-3504
-3352
-3248
-3053
-2748
-2411
-2135
-1890
-1671
-1561
-1402
-1241
-1019
-758
-480
-273
-189
-130
-61
40
132
185
219
409
571
626
564
379
362
473
611
787
924
1126
1387
1509
1510
1515
1519
1566
1584
1571
1650
1833
2134
2414
2662
2788
2727
2462
1940
1351
793
310
-119
-523
-913
-1244
-1398
-1317
-1075
-802
-542
-273
19
277
495
701
905
1116
1365
1411
1435
1489
1568
1634
1479
1363
1187
1148
1308
1395
1471
1522
1528
1449
1463
1537
1590
1530
1350
1165
1062
1073
1130
1089
897
592
310
240
388
593
801
853
737
653
602
524
370
94
-219
-418
-561
-712
-936
-1256
-1521
-1660
-1658
-1571
-1563
-1671
-1806
-1799
-1691
-1567
-1432
-1381
-1404
-1455
-1497
-1561
-1605
-1624
-1567
-1468
-1357
-1230
-1233
-1216
-1275
-1308
-1273
-1248
-1260
-1386
-1521
-1506
-1398
-1288
-1281
-1417
-1500
-1381
-1095
-808
-560
-439
-359
-365
-310
-183
-8
159
270
440
588
748
893
938
949
967
1097
1288
1382
1330
1144
867
675
612
664
801
901
910
834
843
882
1049
1209
1227
1103
903
687
453
347
288
172
15
-94
-181
-132
-58
-63
-206
-403
-534
-599
-625
-676
-797
-810
-589
-414
-160
0
77
134
187
296
415
530
691
909
1133
1335
1459
1484
1475
1489
1646
1686
1612
1450
1144
943
832
829
854
765
610
363
216
202
162
172
145
125
135
124
111
144
187
112
4
-47
-68
-85
-151
-254
-350
-345
-385
-382
-370
-408
-455
-485
-574
-777
-996
-1213
-1381
-1462
-1542
-1654
-1784
-1827
-1724
-1610
-1398
-1247
-1189
-1110
-1010
-896
-815
-808
-876
-988
-967
-807
-541
-225
26
114
129
50
-4
32
108
176
119
30
-92
-171
-200
-238
-75
60
266
435
503
435
337
299
247
249
296
378
348
371
426
459
508
539
587
553
433
352
302
275
310
335
341
353
331
231
92
-26
-83
-40
31
111
86
16
-21
-29
12
61
111
181
232
239
227
123
57
46
138
251
405
468
493
460
328
245
190
199
235
213
183
243
314
359
419
410
383
358
316
289
310
380
550
718
798
741
547
319
135
43
65
125
255
280
205
84
-118
-282
-404
-518
-564
-471
-384
-285
-217
-246
-283
-266
-356
-405
-451
-545
-568
-538
-460
-306
-230
-278
-409
-453
-357
-247
-72
-19
-29
-126
-265
-455
-662
-821
-863
-916
-916
-794
-618
-414
-232
-148
-156
-179
-249
-269
-218
-192
-144
-24
71
224
240
212
175
83
-42
-95
25
234
479
702
760
581
262
-111
-287
-309
-119
97
279
399
411
485
463
313
156
86
123
192
250
278
265
192
84
49
47
67
66
34
-29
-120
-136
-36
108
170
137
34
-61
-70
-32
-48
-75
-41
-40
65
251
295
268
189
118
83
150
267
293
390
407
337
371
308
227
156
58
-88
-228
-350
-499
-602
-693
-715
-665
-586
-391
-168
23
140
146
109
52
-52
-95
-65
-5
37
154
185
135
178
204
291
415
457
451
423
371
260
87
-99
-231
-329
-310
-315
-345
-338
-363
-303
-201
-97
-34
-30
-91
-177
-205
-135
-26
110
188
148
26
-231
-348
-316
-152
75
198
244
239
311
325
267
160
81
-21
-73
-82
-144
-114
-120
-71
-33
16
11
-27
-97
-163
-135
-76
19
74
111
112
80
16
-27
-40
27
162
201
43
-146
-260
-234
-64
33
45
64
-23
52
176
226
226
76
-116
-173
-121
12
56
93
106
104
199
282
346
287
156
47
-41
-92
-10
35
0
-165
-342
-412
-394
-456
-524
-595
-565
-466
-366
-208
-92
-94
-233
-298
-334
-303
-175
-15
161
276
398
469
471
392
341
336
331
300
183
67
-10
-71
-36
-34
-72
-89
-67
1
71
96
20
-29
-28
1
62
160
190
229
264
275
303
238
227
273
317
330
298
325
359
370
276
153
69
8
-26
-119
-214
-360
-419
-385
-230
-151
-123
-134
-209
-230
-235
-142
-83
-69
-51
-106
-133
-102
76
186
169
51
-171
-350
-428
-344
-210
-85
-49
-71
-136
-93
-99
-81
-59
-71
-28
7
139
210
224
233
190
152
172
230
277
336
316
239
253
191
73
-67
-111
-192
-382
-472
-485
-364
-251
-147
-85
-8
84
118
212
263
257
186
65
-114
-226
-294
-208
27
160
179
74
-3
-100
-104
-49
-31
-73
-87
-78
-53
-48
-64
-67
-42
-11
-16
-43
-57
31
86
127
115
55
-27
-90
-120
-76
76
209
296
359
364
248
24
-212
-250
-78
118
187
99
-85
-197
-187
-141
-89
-88
-158
-191
-159
-94
20
57
37
1
66
63
110
161
96
62
56
103
136
201
208
232
113
45
3
-64
-98
-170
-184
-232
-223
-237
-203
-160
-118
-48
66
96
64
36
-10
2
64
163
230
203
66
-72
-185
-141
-8
211
343
323
211
28
-14
-35
12
-23
-78
-133
-215
-241
-205
-91
-36
-21
-65
-151
-139
-30
86
60
83
57
-12
-15
43
128
190
231
152
41
-25
-74
-86
-50
10
75
-53
-259
-323
-255
20
226
330
355
276
151
23
-47
-48
-24
10
36
29
14
-41
27
86
117
100
65
-18
-94
-127
-101
-95
-139
-158
-210
-221
-200
-118
-94
-108
-210
-350
-410
-383
-346
-304
-240
-131
6
164
284
237
117
46
99
192
261
205
132
9
-87
-74
-34
114
210
222
180
158
104
99
104
162
239
353
480
485
382
93
-116
-152
-74
45
211
281
295
262
262
304
253
210
47
-87
-163
-190
-155
-227
-362
-466
-490
-484
-452
-450
-387
-268
-184
-79
8
8
30
-6
-100
-180
-187
-176
-86
48
51
90
-38
-163
-258
-286
-198
-88
0
58
55
-11
-73
-154
-174
-221
-306
-328
-311
-95
195
406
483
372
233
143
186
245
402
481
507
462
323
147
-111
-264
-314
-251
-100
71
239
371
378
339
252
166
77
-21
-116
-197
-152
-21
-35
-42
-33
-37
95
217
290
302
202
97
-37
-27
1
53
5
-162
-307
-312
-189
-46
41
-54
-137
-231
-169
-74
11
-29
-147
-170
-130
60
244
348
315
175
57
-58
-142
-130
-146
-109
-128
-213
-297
-403
-428
-367
-289
-241
-194
-233
-171
-118
-88
-83
-161
-149
-153
-191
-229
-197
-116
16
80
171
155
55
74
143
222
345
356
269
178
144
246
188
109
-20
-43
9
96
271
406
319
70
-104
-166
-49
112
286
330
270
180
100
46
35
158
173
132
122
142
184
238
282
244
95
3
38
98
188
225
197
87
-52
-79
-92
-101
-154
-214
-199
-72
37
-39
-129
-289
-413
-470
-458
-427
-317
-142
5
51
-112
-346
-600
-740
-742
-542
-387
-174
-5
17
-29
-211
-362
-286
-175
-33
127
240
331
336
255
133
178
229
244
332
374
462
569
550
476
304
147
86
50
159
207
146
100
40
-41
-304
-544
-640
-647
-486
-257
-45
62
149
150
52
-32
-91
-122
-87
17
89
84
65
-15
-184
-226
-235
-159
-2
160
284
375
360
259
192
161
157
138
66
-14
-73
-116
-117
-99
-35
87
251
416
475
467
380
278
193
86
-2
-137
-151
-160
-157
-115
-60
-18
41
73
59
16
-62
-178
-155
-35
53
119
-8
-105
-222
-283
-235
-202
-228
-299
-299
-292
-207
22
246
293
179
-47
-434
-550
-489
-383
-203
-193
-206
-324
-453
-732
-783
-813
-822
-481
-60
507
1013
1296
1215
942
664
579
726
957
1210
1361
1283
1109
949
939
972
950
888
664
240
-165
-414
-500
-428
-262
-219
-391
-706
-1060
-1378
-1380
-1091
-719
-439
-404
-535
-872
-1070
-1046
-788
-447
-236
-30
7
-43
-38
-25
50
164
305
444
457
198
-122
-383
-471
-389
-238
-55
-36
-161
-300
-382
-314
-221
-209
-306
-574
-707
-673
-531
-284
-140
-85
-166
-330
-386
-336
-260
-151
-78
-154
-244
-226
-168
-5
120
223
271
374
494
520
533
505
513
517
494
428
511
752
997
1199
1250
1107
844
643
548
590
580
416
185
110
140
308
373
352
170
-141
-337
-343
-160
99
398
474
469
286
238
268
435
758
918
932
687
387
130
169
225
125
15
-127
-154
-84
96
288
493
476
185
-132
-335
-245
85
359
254
-196
-686
-795
-504
-87
200
36
-487
-974
-1143
-853
-515
-416
-700
-1074
-1148
-817
-297
59
135
-234
-510
-484
-322
-157
-141
-236
-370
-252
-18
287
474
499
430
122
-140
-142
253
732
1046
1213
847
-685
-3633
-6967
-8978
-8484
-6345
-4332
-3484
-3456
-3853
-4844
-6059
-6721
-6390
-5684
-5399
-4619
-2242
1134
3581
4055
3390
3062
3374
3863
4893
6558
8387
9843
10815
11702
12431
12279
10965
9258
8094
7743
8196
8750
8863
8436
7516
6145
4346
2238
125
-1649
-2932
-3613
-3650
-3264
-3180
-3910
-5432
-7034
-8228
-9184
-9845
-10054
-9460
-8232
-6670
-5139
-4018
-3718
-4208
-4650
-4480
-3619
-2373
-995
406
1841
2940
3513
3409
2715
1842
1362
1590
2302
3292
4051
4150
3710
2960
2129
1264
336
-367
-643
-699
-614
-712
-905
-1336
-2105
-3038
-3877
-4187
-4019
-3491
-2839
-2238
-1804
-1626
-1514
-1312
-1071
-899
-819
-584
106
1180
2020
2445
2348
2138
2251
2611
3041
3513
3636
2128
-2223
-8412
-12584
-11883
-8030
-5750
-7055
-8691
-7485
-5776
-7205
-10849
-12778
-11534
-9565
-8510
-6124
-1453
2351
2726
1746
2402
4381
4956
3881
4522
8202
12425
14678
15137
15459
15783
15183
13683
12416
12078
12176
12565
12994
13434
13394
12101
9348
5798
2711
860
37
-625
-1338
-1554
-1425
-1732
-3198
-5401
-7376
-9021
-10446
-11270
-10602
-8624
-6822
-6121
-6229
-6353
-6520
-7514
-8980
-9820
-8994
-6724
-4045
-1681
10
936
1020
392
-328
-547
-173
375
1389
3144
4829
5375
4359
2669
1263
432
-6
25
587
1308
1727
1762
1427
688
-698
-2381
-3531
-3477
-2639
-1794
-1425
-1464
-1564
-1845
-2278
-2748
-3066
-2891
-2137
-1142
129
1104
1426
1113
611
508
829
1203
1315
1343
1620
2063
2465
2611
2228
1665
1167
1147
1563
2207
1769
-1201
-7445
-13794
-15497
-11910
-8127
-8796
-11812
-11199
-7026
-6024
-10608
-15456
-14733
-10382
-7659
-7310
-4647
320
3488
3601
3504
4852
6030
5089
4904
8477
13847
16750
16759
16283
16864
17327
15917
13671
12532
12716
13485
13940
13726
13264
12145
9907
6486
2854
86
-991
-1240
-1461
-1639
-1717
-2341
-3799
-5981
-7902
-9221
-10345
-10991
-10325
-8138
-5926
-5165
-5791
-6358
-6378
-6426
-6760
-6754
-5775
-4005
-2215
-754
515
1067
529
-485
-973
-136
1122
1935
2108
2573
3227
3398
2669
1311
195
-488
-751
-584
64
510
94
-972
-1741
-1800
-1731
-2118
-2807
-2953
-2309
-1383
-796
-634
-807
-1284
-1739
-1717
-1185
-438
0
112
393
821
1368
1497
1281
917
818
1079
1470
1727
1681
1320
900
520
374
378
224
-33
-85
223
687
1092
1283
993
-1121
-6311
-13440
-17167
-14836
-9770
-8232
-10624
-11332
-7331
-4674
-8529
-15172
-16530
-11676
-6436
-4829
-3553
499
4239
4857
3925
4137
5203
5258
5115
8066
13483
17562
18166
17092
16392
16073
14624
12556
11703
12464
13490
14071
13523
12553
11299
9035
5531
1639
-1297
-2059
-1232
-552
-612
-1469
-2864
-4668
-6705
-8625
-9805
-10603
-10721
-9524
-6977
-4465
-3397
-4343
-5844
-6658
-6724
-6167
-5051
-3290
-1195
497
1231
1253
796
34
-880
-1449
-1045
608
2560
3509
3208
2108
835
-254
-900
-1177
-1396
-1739
-1775
-1050
-118
-49
-1168
-2755
-3714
-3488
-2735
-1861
-1213
-935
-895
-996
-958
-788
-824
-1113
-1153
-510
650
1636
1828
1308
663
529
941
1446
1643
1438
1121
985
1119
1294
1132
491
-344
-806
-708
-262
52
-80
-294
-345
-23
309
538
627
836
153
-2952
-9499
-15760
-16608
-11996
-7999
-9345
-12545
-10887
-5656
-5057
-11049
-16539
-14527
-8090
-3975
-3459
-1435
2674
5353
5234
4730
5536
6526
5993
6570
10401
15372
18113
17889
16823
16268
15479
13508
11931
11864
12854
13515
13094
11898
10920
9433
6947
3352
-422
-2655
-2670
-1619
-867
-1329
-2747
-4550
-6378
-7966
-9061
-9751
-10399
-10242
-8718
-6080
-3697
-3001
-3973
-5262
-6083
-5816
-4576
-2775
-751
1017
2021
2301
1904
1311
671
-281
-1271
-1409
-180
1981
3638
3554
1879
-526
-2407
-3042
-2629
-2252
-2129
-2137
-1784
-1031
-794
-1708
-3228
-4605
-4838
-3714
-2258
-973
-457
-622
-856
-905
-590
-249
-264
-476
-337
394
1571
2476
2441
1623
607
144
447
1047
1488
1492
1310
1160
1147
1202
869
194
-717
-1213
-1040
-271
340
368
-142
-673
-855
-548
-143
74
257
677
1133
20
-4382
-11617
-16289
-14541
-9092
-7065
-10475
-13200
-9257
-3505
-4261
-11360
-16259
-13303
-6927
-3576
-2704
-77
3796
5730
5236
4930
5884
6713
6376
7422
11100
15426
17798
17870
17050
16252
14638
12508
11083
11077
12066
12689
12088
10758
9679
8475
6777
3541
-442
-3192
-3610
-2521
-1411
-1445
-2439
-3724
-5377
-6994
-8090
-8816
-9248
-9274
-8555
-6578
-4247
-2902
-2863
-3668
-4641
-5176
-5093
-4029
-2007
213
1396
1392
708
314
298
-198
-1320
-2143
-1832
-406
1219
1892
1613
170
-1717
-2966
-3240
-2783
-2310
-2188
-2086
-1645
-1108
-878
-1219
-2013
-2948
-3537
-3316
-2054
-451
560
722
323
-42
-38
86
96
47
42
356
1049
1859
2321
2097
1351
503
20
79
570
913
876
537
254
286
315
27
-582
-1124
-1395
-1190
-743
-179
257
66
-428
-788
-612
-101
342
590
1083
1484
65
-4704
-11464
-14919
-12037
-6824
-6219
-11201
-14338
-9960
-2971
-2041
-8180
-13430
-12155
-7150
-3881
-2527
-69
3180
4775
4464
4644
6183
7301
6866
6816
8944
12246
14745
15886
16382
16575
15612
13365
11301
10472
11075
11958
11941
10967
9647
8565
7683
5989
3104
85
-1855
-2287
-1881
-1563
-1468
-1683
-2643
-4382
-6238
-7709
-8715
-9170
-8523
-6790
-4995
-3824
-3803
-4322
-4673
-4837
-5075
-5183
-4618
-3548
-2540
-2182
-1997
-1597
-1045
-1100
-1658
-2213
-2112
-1340
-50
1421
2209
1770
737
11
-175
-481
-1620
-2849
-2798
-1270
289
406
-1151
-2878
-3618
-3146
-2186
-1187
-488
-161
-44
-87
-203
-236
-125
303
1181
2234
3144
3413
2809
1715
865
897
1749
2800
3444
3119
2060
712
-253
-595
-508
-299
-22
336
522
108
-1042
-2319
-3030
-2655
-1558
-258
536
691
218
-344
-644
-290
553
181
-3814
-12130
-20635
-22330
-14380
-2894
2985
-273
-8438
-14967
-16331
-12297
-4406
4165
9360
9448
7179
6681
8668
10348
9969
9532
11860
16752
20902
21204
17125
10771
5101
2580
3811
7020
9131
7905
3453
-2029
-6162
-7989
-8251
-8115
-7750
-6458
-4174
-2389
-2888
-5704
-8480
-8455
-4524
1933
7952
10959
10309
7457
4852
4494
6275
8660
10129
10281
9618
8224
5717
1785
-2600
-5819
-6790
-5990
-4640
-4392
-6541
-10820
-15478
-17930
-16832
-13371
-9909
-7851
-7276
-6917
-5867
-3903
-1542
289
1515
2870
4720
6861
8143
7605
5827
4167
3693
4494
5372
5181
3446
680
-1833
-2828
-2542
-2137
-2524
-3784
-4983
-5310
-4829
-4151
-3918
-4036
-3837
-3065
-1787
-481
372
750
1119
1958
3412
4919
5749
5554
4679
3763
3424
3836
4148
3744
2345
548
-867
-1523
-1651
-1565
-1853
-2673
-3557
-4064
-3800
-3095
-2341
-1733
-1090
-323
334
-768
-5758
-14393
-21735
-21152
-11212
909
6081
1370
-8582
-16248
-16624
-9515
1764
11634
15137
11561
5187
1826
3775
8604
12881
15692
17490
18194
16761
13033
8404
4878
3775
5341
8374
10596
9589
4516
-2777
-8576
-9952
-6849
-2042
1037
969
-1622
-5025
-7698
-8448
-6542
-2187
3042
7199
8902
7933
4977
1861
555
2350
6485
10361
11454
9070
4718
541
-1972
-2596
-1818
-910
-1116
-2864
-5390
-8058
-10623
-12922
-14001
-12731
-9464
-6110
-5155
-6926
-9833
-11252
-9615
-4990
799
5116
5841
3228
119
-769
1215
4374
6689
7186
6135
4309
2257
592
-442
-1001
-1158
-885
-507
-670
-1833
-4008
-6076
-6690
-5425
-3275
-1601
-1234
-1903
-2788
-3000
-2106
-337
1570
2973
3547
3529
3465
3500
3708
3996
4425
4902
4969
4181
2581
744
-720
-1421
-1325
-714
-179
-377
-1527
-3193
-4549
-4885
-4173
-2714
-1010
285
628
261
-306
-1827
-5942
-13283
-19898
-20021
-11349
-292
4905
227
-9982
-17987
-18359
-10755
1146
11614
15089
10720
2495
-2302
34
7321
14566
18605
19113
17241
13674
9793
6967
6553
8030
10111
11308
10971
8546
3844
-1812
-6214
-6934
-3846
515
2865
1746
-2233
-6835
-9878
-9719
-6223
-746
4012
5937
4672
1838
-627
-988
953
4423
7925
9586
8808
5997
2899
892
264
697
1384
1578
902
-1121
-3968
-7124
-9721
-10896
-10261
-8370
-6524
-6110
-7551
-9716
-11306
-11055
-8636
-4673
-608
1853
1748
-132
-1733
-1541
544
3381
5493
6232
5383
3477
1529
413
401
1012
1502
1371
621
-565
-1954
-3279
-4108
-4083
-3263
-2367
-1954
-2220
-2801
-3211
-3169
-2395
-919
770
2062
2517
2378
2088
2139
2611
3318
4050
4447
4114
3244
2304
1711
1471
1279
734
-4
-875
-1577
-2020
-2161
-2199
-2392
-2585
-2622
-2383
-1879
-1266
-687
84
1006
922
-1786
-8203
-15861
-19745
-15588
-5843
2322
2956
-4477
-13595
-18309
-14936
-5629
5077
11437
10893
5120
-731
-1694
2721
9315
14580
16859
16516
14215
10979
8286
7230
8389
10363
11958
11781
9742
6097
1961
-1145
-1966
-749
990
1461
251
-1926
-4021
-5252
-5712
-5290
-3904
-1764
451
1925
1962
1054
-7
-107
1252
3666
5857
6664
5546
3342
1646
1264
1730
2246
1935
982
-285
-1727
-3301
-5111
-6618
-7446
-7297
-6607
-5987
-6340
-7476
-8793
-9289
-8421
-6438
-4109
-2266
-1386
-1390
-1533
-1273
-286
1008
2119
2717
2811
2607
2301
1784
1526
1399
1310
1111
700
116
-548
-1190
-1609
-1784
-1950
-2167
-2229
-2088
-1786
-1529
-1349
-1230
-1146
-866
-372
386
1244
1968
2365
2599
2832
2951
2781
2465
2040
1704
1726
1819
1721
1254
335
-651
-1280
-1394
-1146
-975
-1154
-1590
-2109
-2348
-2196
-1731
-1028
-441
-88
165
860
963
-795
-6139
-13460
-18279
-16165
-7756
295
2086
-4385
-13397
-18693
-15979
-6948
3394
9495
8664
2975
-2496
-2777
2713
10307
15335
16066
13623
10680
8830
9063
10721
12858
13819
12844
10174
7038
4510
3011
2625
3059
3587
3155
1301
-1700
-4134
-4811
-3625
-1759
-443
-517
-1529
-2487
-2435
-1097
903
2686
3630
3704
3346
2763
2315
2273
2683
3424
3934
3550
2085
64
-1738
-2624
-2695
-2713
-3511
-5046
-6560
-7424
-7489
-7201
-7091
-7225
-7438
-7509
-7265
-6456
-5047
-3466
-2213
-1694
-1804
-1854
-1217
136
1675
2727
2800
2089
1156
710
878
1364
1542
971
56
-751
-1058
-966
-984
-1230
-1667
-1920
-1791
-1407
-887
-686
-788
-926
-774
-103
806
1407
1610
1549
1467
1850
2548
3206
3310
2711
1790
1197
1229
1658
1860
1454
427
-889
-1606
-1610
-1005
-694
-995
-1676
-2405
-2552
-2269
-1757
-1381
-1117
-972
-679
-109
768
1255
-215
-4655
-10869
-15380
-14990
-9373
-2958
-99
-3437
-10452
-16082
-16104
-9694
-395
6892
8297
4812
-168
-2137
898
7126
13222
16431
15782
12750
9319
7577
8268
10567
12922
13684
12195
8926
5318
2601
1663
2247
3467
3980
3056
903
-1333
-2534
-2350
-1279
-212
420
527
387
407
738
1306
1934
2439
2959
3462
3757
3466
2620
1707
1063
801
690
440
-269
-1602
-3157
-4570
-5346
-5675
-5921
-6275
-6525
-6721
-6745
-6895
-7013
-6760
-6180
-5244
-4457
-3734
-3075
-2326
-1700
-1221
-726
-282
29
216
400
592
673
442
-22
-416
-491
-406
-558
-909
-1329
-1510
-1452
-1376
-1335
-1254
-1138
-907
-442
138
731
965
972
850
943
1333
1911
2486
2787
2740
2504
2363
2278
2132
1891
1414
717
155
-237
-325
-271
-542
-1136
-1751
-2018
-1818
-1240
-780
-764
-1237
-1851
-2126
-1702
-765
112
556
341
34
122
697
1621
1801
-540
-5472
-11284
-14683
-13297
-8457
-4018
-2957
-6410
-11700
-14933
-13292
-6872
886
6088
6363
3457
231
91
3773
9177
13809
15735
14668
11939
9197
8031
8868
10798
12348
12277
10252
6861
3566
1422
1244
2337
3642
3861
2400
205
-1537
-1826
-824
715
1802
2087
1816
1536
1647
2132
2727
3258
3628
3921
3883
3365
2413
1226
110
-439
-580
-699
-1322
-2773
-4526
-5769
-6068
-5725
-5442
-5659
-6193
-6726
-6609
-6235
-5546
-4976
-4481
-4123
-3856
-3452
-2795
-1885
-1137
-743
-769
-1008
-1388
-1543
-1474
-1180
-985
-933
-1243
-1724
-1997
-1906
-1671
-1416
-1333
-1416
-1486
-1474
-1137
-619
63
686
1048
1155
1150
1145
1351
1742
2229
2733
3023
2981
2481
1847
1471
1504
1848
2109
1900
1190
238
-608
-1073
-1157
-971
-687
-655
-983
-1484
-1964
-1894
-1321
-431
260
297
-4
-514
-809
-776
-156
578
1260
1392
1028
836
663
-683
-4339
-9384
-13260
-13489
-10307
-6588
-4945
-6346
-10152
-13338
-13527
-9247
-2383
3473
5829
4607
2508
1825
3725
7325
11210
13978
14675
13217
10660
8563
8089
9094
10461
11121
10378
8124
5055
2331
1122
1760
3138
4058
3676
2292
769
110
410
1438
2546
3246
3499
3420
3279
3144
3052
2987
3110
3303
3325
2640
1249
-523
-1739
-2075
-1767
-1586
-2260
-3720
-5425
-6490
-6568
-5814
-5138
-5241
-5945
-6555
-6251
-5026
-3824
-3211
-3445
-3723
-3701
-3208
-2474
-1986
-1807
-1781
-1697
-1613
-1788
-2010
-2184
-2161
-1959
-1772
-1796
-2065
-2325
-2419
-2046
-1375
-732
-532
-703
-902
-696
-137
668
1400
1849
1984
1944
1875
1760
1831
1983
2243
2451
2526
2296
1797
1284
936
853
994
996
681
159
-495
-936
-1022
-745
-344
-170
-317
-684
-1010
-1043
-827
-502
-107
80
368
368
41
-419
-815
-850
-642
-206
318
865
1054
987
309
-1822
-5808
-10328
-13098
-12542
-9517
-7066
-6416
-7786
-9889
-11097
-10137
-6566
-1500
2885
4808
4602
3674
3622
4861
7179
10045
12703
13711
12751
10297
8051
7238
7786
8944
9671
9302
7435
4784
2361
1362
2037
3447
4425
4495
3719
2820
2156
2013
2461
3276
4202
4834
4852
4373
3499
2581
2036
1977
2347
2357
1635
10
-1866
-3083
-3465
-3352
-3223
-3509
-4271
-5121
-5744
-5805
-5403
-4888
-4779
-5104
-5207
-4741
-3720
-2932
-2581
-2877
-3224
-3356
-3196
-2665
-2357
-2401
-2854
-3173
-3256
-3160
-3095
-3200
-3263
-3137
-2832
-2467
-2242
-1996
-1637
-1193
-740
-476
-307
-129
167
597
1266
1857
2072
1864
1612
1634
1992
2351
2417
2134
1695
1423
1280
1296
1245
1197
1010
802
648
514
479
388
111
-360
-700
-812
-778
-641
-431
-239
-76
-126
-495
-761
-769
-376
23
192
-97
-610
-1063
-1209
-852
-374
-79
-54
-75
-202
-47
-114
-1288
-4155
-7861
-10606
-10899
-9004
-7023
-5948
-6108
-7061
-8105
-8268
-6457
-2755
1328
4308
5399
5176
4842
5027
6084
8071
10352
11714
11452
9814
7940
6641
6362
6763
7451
7781
7213
5805
4107
2948
2484
2821
3564
4565
5161
5040
4289
3177
2429
2290
2781
3652
4529
4731
4048
2718
1236
327
-3
125
191
-146
-1042
-2164
-3373
-4239
-4566
-4454
-4140
-4013
-4080
-4410
-4750
-5096
-5226
-4936
-4465
-3862
-3047
-2495
-2481
-2898
-3464
-3603
-3034
-2362
-2136
-2514
-3206
-3753
-3888
-3662
-3210
-2820
-2453
-2306
-2385
-2432
-2285
-1823
-1147
-535
-132
34
-15
-98
77
565
1148
1647
1869
1907
1963
2034
2065
1931
1615
1348
1365
1551
1739
1661
1273
713
214
35
175
386
495
378
51
-239
-532
-704
-677
-594
-608
-627
-779
-926
-1036
-1189
-1271
-1161
-918
-779
-853
-1045
-1454
-1796
-1821
-1605
-1160
-797
-693
-695
-757
-645
-696
-1284
-2716
-4681
-6095
-6531
-5937
-4936
-3943
-3204
-2666
-2433
-2393
-2062
-1025
544
2229
3424
4043
4528
5006
5425
5642
5759
5743
5632
5562
5806
6146
6473
6482
6121
5775
5758
5966
5987
5841
5472
5141
4998
5051
5143
4965
4401
3647
2889
2447
2248
2106
1912
1621
1220
825
724
632
459
-6
-548
-1115
-1455
-1560
-1674
-1962
-2304
-2604
-2884
-3011
-3197
-3313
-3449
-3517
-3564
-3607
-3700
-3955
-4253
-4508
-4533
-4415
-4324
-4314
-4392
-4394
-4277
-4158
-4074
-4031
-3945
-3705
-3255
-2754
-2301
-2082
-2013
-2027
-2049
-1831
-1493
-1125
-823
-627
-468
-272
-163
-38
177
455
816
1065
1353
1425
1477
1523
1476
1529
1558
1610
1513
1335
1163
1152
1209
1233
1239
1255
1203
1174
1114
934
828
823
846
838
640
377
144
0
62
186
305
297
64
-246
-511
-653
-621
-586
-568
-568
-551
-523
-394
-176
13
170
168
52
-71
-320
-726
-1235
-1586
-1563
-1496
-1428
-1610
-2015
-2488
-2796
-2731
-2346
-1865
-1682
-1691
-1690
-1584
-1338
-912
-480
-92
135
446
1062
1799
2487
3046
3476
3904
4423
4990
5514
5747
5884
5894
5889
5985
6031
5927
5588
5084
4725
4507
4310
3995
3512
3010
2439
1984
1671
1436
1181
853
424
-22
-362
-627
-763
-973
-1177
-1368
-1550
-1668
-1768
-1736
-1746
-1782
-1984
-2262
-2560
-2865
-3051
-3222
-3179
-3073
-3124
-3317
-3555
-3485
-3281
-3026
-2921
-3174
-3574
-3779
-3774
-3524
-3158
-2973
-3083
-3228
-3211
-2888
-2403
-2010
-1779
-1782
-1691
-1377
-921
-480
-133
80
162
199
341
594
799
953
1028
1136
1258
1418
1535
1589
1525
1451
1515
1585
1707
1876
1943
1899
1748
1612
1544
1556
1579
1538
1385
1107
800
501
322
298
323
282
251
105
-33
-135
-237
-381
-546
-644
-691
-601
-396
-306
-333
-413
-607
-983
-1503
-2106
-2679
-2957
-3036
-2913
-2768
-2874
-3196
-3418
-3433
-3183
-3004
-3076
-3178
-3189
-2662
-1764
-915
-394
-204
-74
279
1076
2055
2891
3472
3702
3938
4382
5046
5548
5897
5989
6119
6265
6322
6351
6205
5970
5624
5339
5032
4707
4199
3615
3062
2779
2555
2402
2183
1709
1185
617
184
-60
-245
-389
-463
-593
-672
-823
-1167
-1551
-1953
-2205
-2239
-2128
-2044
-2109
-2314
-2641
-2998
-3172
-3163
-3136
-3184
-3394
-3698
-4023
-4071
-3873
-3484
-3149
-3134
-3436
-3812
-3991
-3829
-3396
-2997
-2665
-2479
-2342
-2078
-1792
-1496
-1227
-1073
-857
-514
-67
322
597
602
517
486
544
677
911
1168
1295
1295
1312
1286
1300
1380
1424
1509
1574
1580
1522
1512
1459
1441
1429
1440
1413
1367
1298
1209
1166
999
774
603
497
470
404
244
23
-135
-206
-191
-184
-270
-389
-487
-495
-388
-279
-283
-432
-559
-798
-1249
-2025
-2854
-3316
-3372
-3101
-2811
-2771
-3114
-3537
-3679
-3465
-3142
-2786
-2623
-2483
-2269
-1780
-1096
-481
-109
-7
159
601
1417
2262
3068
3702
4229
4692
5250
5662
5834
5802
5650
5638
5787
6085
6202
6058
5616
5086
4534
4071
3747
3374
2908
2579
2390
2314
2288
2129
1936
1615
1186
686
197
-243
-551
-730
-798
-850
-915
-975
-1147
-1302
-1451
-1650
-1902
-2135
-2469
-2768
-2957
-3171
-3360
-3578
-3781
-3871
-3971
-4070
-4253
-4443
-4551
-4511
-4328
-4123
-4057
-4128
-4093
-3862
-3425
-2855
-2448
-2311
-2317
-2207
-1916
-1418
-959
-701
-617
-460
-311
-98
296
553
832
1091
1289
1515
1727
1740
1727
1750
1696
1744
1790
1833
1875
1968
2143
2197
2148
2018
1928
1919
1976
1877
1577
1224
881
638
624
742
731
663
455
220
131
90
68
-31
-172
-267
-291
-267
-259
-264
-229
-191
-154
-163
-134
-113
-145
-288
-821
-1628
-2517
-3116
-3236
-3036
-2904
-3002
-3362
-3863
-3960
-3592
-3137
-2953
-3088
-3255
-3168
-2588
-1637
-796
-288
-148
-16
397
1105
2053
2883
3418
3881
4292
4788
5177
5330
5334
5229
5334
5462
5589
5636
5602
5497
5266
4994
4621
4162
3832
3595
3352
3161
2789
2423
2132
1930
1893
1692
1368
798
207
-264
-578
-645
-738
-895
-1184
-1503
-1764
-1970
-2184
-2376
-2548
-2670
-2686
-2785
-2927
-3150
-3437
-3656
-3778
-3774
-3848
-4098
-4387
-4573
-4332
-3932
-3571
-3457
-3572
-3779
-3822
-3568
-3157
-2699
-2366
-2104
-1873
-1618
-1381
-1198
-1038
-955
-821
-680
-368
3
292
551
654
721
776
906
1049
1235
1437
1636
1757
1776
1701
1640
1705
1896
2048
2081
2040
1891
1855
1828
1856
1818
1705
1608
1513
1508
1477
1397
1178
820
605
471
459
398
278
109
-153
-296
-313
-179
-114
-80
-125
-230
-288
-374
-322
-243
-230
-653
-1430
-2324
-2896
-2879
-2594
-2402
-2812
-3462
-4067
-4109
-3624
-3014
-2716
-3015
-3334
-3119
-2320
-1319
-702
-679
-969
-958
-314
702
1730
2427
2712
2963
3398
4115
4820
5292
5450
5455
5475
5541
5612
5555
5432
5327
5204
5054
4793
4331
3726
3339
3131
2955
2727
2286
1885
1733
1773
1753
1443
856
137
-484
-851
-917
-965
-1104
-1368
-1690
-1771
-1737
-1713
-1853
-2102
-2339
-2428
-2612
-2764
-2896
-3102
-3224
-3354
-3453
-3618
-3776
-3857
-3643
-3357
-3158
-3159
-3406
-3646
-3728
-3505
-3190
-2840
-2667
-2692
-2733
-2602
-2417
-2148
-1878
-1622
-1239
-838
-388
-141
-21
155
399
859
1263
1604
1799
1853
1917
1890
1845
1779
1674
1686
1711
1802
1890
1775
1639
1546
1506
1498
1510
1559
1628
1628
1510
1292
1057
853
778
729
666
535
360
148
42
63
119
100
13
-49
-79
-169
-294
-416
-517
-495
-457
-353
-272
-278
-290
-520
-1056
-1885
-2624
-2935
-2882
-2659
-2455
-2704
-3111
-3320
-3109
-2632
-2468
-2771
-3295
-3355
-2759
-1756
-840
-584
-748
-951
-588
451
1554
2298
2551
2694
3041
3669
4547
5121
5275
5188
5161
5319
5448
5538
5466
5283
5078
4905
4642
4221
3732
3428
3230
3057
2867
2580
2284
1970
1847
1718
1403
878
282
-173
-396
-385
-478
-676
-971
-1273
-1326
-1342
-1426
-1754
-2167
-2604
-2944
-3049
-3020
-3010
-3117
-3152
-3261
-3442
-3670
-3884
-3954
-3792
-3558
-3523
-3652
-3764
-3798
-3645
-3389
-3098
-3025
-3024
-2984
-2807
-2390
-2032
-1814
-1735
-1590
-1379
-952
-482
-153
115
247
403
566
770
1014
1240
1374
1478
1618
1760
1938
2064
2072
2110
2148
2130
2151
2211
2214
2173
2034
1835
1668
1634
1670
1695
1566
1253
864
612
591
628
637
529
331
111
-35
-92
-70
-28
-73
-203
-361
-581
-734
-884
-928
-834
-683
-475
-378
-314
-404
-699
-1301
-2160
-2936
-3137
-2782
-2231
-2088
-2614
-3373
-3775
-3483
-2705
-2148
-2310
-2911
-3247
-2732
-1508
-356
11
-296
-693
-407
596
1766
2619
2774
2617
2759
3263
4049
4625
4799
4775
4905
5176
5327
5291
4984
4747
4735
4903
4899
4518
4018
3676
3542
3486
3255
2704
2034
1530
1483
1592
1571
1284
709
131
-228
-368
-435
-667
-1024
-1375
-1541
-1553
-1576
-1830
-2323
-2779
-3007
-2958
-2854
-2809
-2929
-3188
-3330
-3338
-3296
-3333
-3394
-3430
-3520
-3471
-3237
-3041
-2992
-2990
-2996
-2923
-2752
-2677
-2448
-2217
-1981
-1797
-1780
-1775
-1743
-1571
-1273
-1001
-725
-638
-505
-142
301
735
904
820
605
565
805
1228
1569
1659
1638
1683
1842
2090
2256
2199
1960
1710
1594
1607
1590
1452
1306
1178
1129
1106
1075
939
803
689
626
659
503
252
-3
-138
-287
-351
-479
-581
-551
-451
-339
-348
-288
-389
-468
-563
-597
-575
-649
-906
-1360
-1814
-1989
-1715
-1490
-1539
-2080
-2769
-3168
-2930
-2126
-1495
-1406
-1962
-2553
-2464
-1700
-745
-187
-176
-371
-287
351
1206
1847
2079
2148
2272
2827
3602
4216
4525
4628
4640
4598
4592
4449
4327
4328
4421
4508
4383
3932
3402
3016
2982
2989
2885
2581
2138
1868
1736
1703
1494
1027
453
-55
-276
-288
-309
-429
-697
-977
-1149
-1215
-1417
-1739
-1967
-2173
-2256
-2356
-2452
-2561
-2734
-2875
-2909
-2997
-3224
-3491
-3659
-3605
-3404
-3208
-3157
-3217
-3099
-2831
-2527
-2443
-2611
-2815
-2840
-2457
-2026
-1686
-1566
-1684
-1724
-1514
-1247
-999
-893
-792
-603
-345
102
512
821
998
1053
1050
1090
1148
1243
1343
1447
1659
1751
1733
1651
1587
1584
1627
1637
1541
1303
1049
976
957
997
891
683
472
327
319
367
491
539
421
200
50
-32
-9
91
45
-155
-403
-535
-514
-383
-296
-335
-394
-445
-351
-178
11
-49
-589
-1395
-2117
-2278
-1881
-1326
-1115
-1400
-2044
-2645
-2816
-2366
-1626
-1119
-964
-1119
-1253
-1144
-669
-55
367
494
492
511
797
1394
2077
2540
2721
2670
2610
2962
3531
4139
4488
4366
4026
3739
3647
3725
3889
3911
3701
3448
3197
3043
3000
2933
2762
2512
2173
1805
1527
1251
1069
929
589
167
-179
-444
-506
-483
-493
-657
-1058
-1479
-1744
-1863
-1896
-1823
-1957
-2273
-2582
-2853
-2920
-2840
-2779
-2793
-2931
-3102
-3125
-2965
-2735
-2527
-2486
-2584
-2755
-2791
-2763
-2754
-2735
-2808
-2772
-2590
-2284
-1959
-1750
-1669
-1570
-1499
-1396
-1138
-901
-607
-425
-360
-311
-313
-168
190
599
923
1128
1161
1052
986
1096
1319
1564
1645
1642
1642
1573
1564
1541
1417
1252
1153
1125
1240
1298
1223
885
610
432
328
440
453
436
391
311
254
232
178
243
237
163
48
-64
-193
-234
-138
-179
-349
-598
-880
-1043
-952
-852
-735
-708
-916
-1219
-1485
-1524
-1305
-972
-746
-751
-938
-1143
-1107
-762
-310
38
121
85
-22
-26
92
318
611
845
1017
1096
1128
1211
1497
1837
2240
2572
2741
2777
2593
2447
2456
2594
2702
2783
2676
2498
2393
2345
2231
2158
2113
2049
2058
1993
1871
1668
1423
1111
963
856
708
626
603
615
611
415
67
-275
-521
-578
-527
-519
-737
-1123
-1423
-1547
-1567
-1554
-1518
-1624
-1906
-2141
-2374
-2448
-2375
-2326
-2248
-2302
-2433
-2606
-2689
-2678
-2614
-2457
-2364
-2307
-2318
-2390
-2445
-2414
-2200
-1904
-1640
-1503
-1540
-1559
-1438
-1291
-1121
-968
-806
-741
-696
-646
-488
-314
-219
-87
97
208
398
534
519
517
492
514
566
621
596
693
732
846
967
908
872
871
955
1016
1006
901
679
573
616
715
721
549
389
233
315
538
683
648
553
426
326
353
479
482
433
369
263
306
461
616
613
371
47
-178
-305
-203
-12
196
314
372
397
324
361
382
396
416
376
369
524
748
983
1100
1148
1204
1069
976
891
838
861
879
933
926
939
911
811
743
607
527
483
479
636
709
688
520
436
379
413
535
568
552
481
370
362
373
341
250
68
-84
-176
-197
-88
96
177
137
-92
-338
-476
-495
-442
-329
-231
-288
-368
-498
-580
-640
-747
-854
-985
-1095
-1145
-1047
-926
-821
-821
-941
-1162
-1424
-1551
-1587
-1510
-1461
-1395
-1343
-1391
-1386
-1352
-1268
-1190
-1175
-1163
-1151
-1099
-985
-921
-790
-752
-782
-825
-782
-736
-664
-523
-474
-446
-440
-398
-342
-272
-180
-143
-75
14
92
187
270
394
439
417
364
375
381
480
537
563
584
528
571
644
615
565
482
437
550
649
779
829
736
652
610
613
649
599
554
552
612
607
589
573
534
477
333
263
332
445
609
648
549
377
193
147
155
240
346
393
454
394
332
376
306
241
81
12
-29
31
139
250
262
323
360
292
266
265
323
321
381
423
529
526
412
222
26
20
82
190
271
330
377
370
311
285
171
160
231
225
227
215
323
471
547
554
515
301
48
-77
-123
16
97
37
-113
-312
-362
-397
-411
-429
-491
-535
-567
-602
-577
-514
-421
-411
-339
-352
-333
-352
-526
-589
-662
-718
-725
-687
-701
-768
-876
-971
-935
-849
-674
-611
-664
-795
-959
-961
-978
-890
-836
-832
-779
-623
-411
-229
-82
-105
-189
-304
-399
-458
-371
-141
71
230
238
126
11
-181
-221
-232
-169
-23
103
245
233
255
161
106
39
-11
20
52
209
288
313
212
113
100
128
260
306
218
163
180
229
236
148
0
-48
13
58
107
184
215
341
475
468
386
287
267
278
295
310
473
539
644
815
902
852
668
489
449
509
540
529
574
611
632
648
624
619
587
505
407
322
342
409
469
543
508
421
325
241
197
244
341
281
189
2
-78
-21
-54
-89
-146
-94
-72
-58
-18
-104
-170
-278
-360
-442
-483
-426
-352
-284
-239
-229
-325
-466
-629
-723
-756
-641
-421
-266
-182
-221
-206
-184
-204
-207
-275
-307
-279
-258
-223
-240
-280
-261
-253
-163
-107
-96
-76
-64
-109
-209
-126
-25
40
121
136
157
128
200
252
258
64
-167
-405
-554
-629
-676
-596
-571
-435
-263
-161
-201
-176
-259
-398
-483
-514
-357
-176
-68
-38
-108
-79
-14
91
116
97
65
-48
5
82
225
268
260
184
94
140
186
252
232
262
382
416
357
317
423
445
355
255
74
-75
-111
-160
-46
167
261
282
192
71
-96
-215
-218
-133
31
144
59
-27
-81
-5
126
221
264
197
121
-1
-86
-145
-82
90
223
297
222
5
-248
-405
-464
-372
-243
-119
-8
-13
49
47
21
-29
-175
-226
-255
-263
-203
-145
-73
48
156
260
303
226
118
-31
-16
77
197
197
158
151
92
74
42
114
235
383
499
576
600
559
500
397
330
322
294
289
174
83
47
19
84
161
228
265
84
-153
-425
-593
-593
-425
-236
-184
-195
-379
-407
-318
-44
198
233
178
-7
-97
-173
-169
-135
3
114
199
179
53
-82
-195
-158
-172
-137
-113
-99
-69
12
0
-73
-134
-188
-206
-201
-267
-252
-160
44
251
381
346
70
-176
-400
-433
-454
-340
-184
-185
-205
-186
-208
-214
-198
-233
-227
-276
-180
-56
-67
-132
-140
-110
1
257
382
381
242
45
-35
67
182
284
340
344
255
161
82
66
99
180
247
252
206
67
-60
-85
-129
-100
-32
188
327
431
421
269
134
-36
-91
-58
81
234
352
425
256
-11
-227
-353
-426
-398
-266
-65
40
137
145
45
-185
-433
-558
-453
-260
-97
-41
-95
-83
-80
10
55
91
1
-63
-109
-151
-181
-185
-208
-260
-321
-353
-396
-381
-339
-334
-272
-203
-127
-55
-19
13
43
91
136
236
346
424
456
488
452
339
241
321
476
535
502
410
411
358
311
260
256
325
292
295
275
222
158
29
-63
-88
-111
-108
-152
-249
-247
-84
15
46
74
-72
-174
-235
-267
-378
-534
-624
-603
-435
-338
-213
-235
-289
-246
-192
-66
86
271
423
535
623
547
397
222
52
-90
-171
-34
114
205
285
288
237
85
-94
-246
-332
-364
-291
-222
-171
-106
-25
40
23
-74
-228
-272
-247
-248
-241
-259
-345
-364
-387
-258
-90
29
53
-12
-123
-261
-362
-310
-174
-122
-93
-203
-310
-381
-329
-349
-385
-409
-449
-367
-207
-19
64
59
-5
-26
-25
61
172
316
493
570
506
427
372
344
419
461
506
542
614
624
590
653
598
449
368
176
148
190
316
484
557
619
592
577
621
528
434
315
244
294
326
402
449
425
300
174
92
83
124
50
-106
-337
-521
-642
-660
-657
-695
-596
-523
-468
-414
-480
-479
-424
-427
-417
-351
-427
-477
-448
-325
-37
153
250
179
12
-95
-188
-200
-146
-134
-107
-16
-8
-10
25
-5
-38
-115
-231
-434
-554
-568
-466
-375
-375
-291
-283
-283
-335
-294
-257
-206
-164
-170
-192
-229
-187
-69
17
63
122
124
152
257
374
419
325
207
76
-18
-136
-287
-278
-42
310
553
623
491
307
163
172
226
243
189
108
141
180
231
289
347
344
203
119
42
-34
-54
-83
-59
-148
-275
-415
-424
-288
-65
115
111
64
-81
-156
-139
-53
-2
-34
-96
-20
80
93
111
60
26
27
-12
-67
-54
-25
73
101
108
182
288
267
145
-13
-220
-232
-154
-76
5
100
184
194
262
157
-10
-126
-140
-51
73
160
186
225
174
154
133
115
118
170
258
323
376
346
267
152
-34
-133
-213
-192
-93
45
39
-109
-256
-375
-416
-348
-257
-239
-294
-349
-324
-230
-113
-7
-6
43
143
224
368
349
307
227
184
243
257
294
219
55
-74
-93
-107
-23
136
258
313
325
427
401
377
233
-9
-156
-143
104
378
558
550
366
57
-153
-164
-85
-16
-11
-58
-25
-63
-5
-90
-202
-350
-469
-474
-463
-493
-642
-739
-836
-862
-779
-636
-461
-350
-364
-397
-430
-476
-425
-355
-268
-211
-243
-243
-189
-92
-96
-150
-194
-190
-119
-5
184
277
207
105
28
112
178
203
187
155
156
143
208
238
253
169
96
169
194
237
264
226
253
170
93
114
156
211
248
226
288
327
299
318
302
201
106
-4
-70
-141
-194
-244
-248
-201
-154
-155
-220
-274
-246
-121
-84
3
-10
-51
-170
-164
-106
-94
31
156
242
348
410
402
552
547
481
418
285
167
109
158
116
187
142
87
93
58
75
141
233
310
405
501
496
374
271
59
-39
7
146
207
138
-44
-223
-297
-287
-255
-168
-188
-263
-370
-467
-482
-390
-242
-139
-54
-101
-111
-154
-80
-40
2
87
155
230
93
-26
95
217
461
665
605
452
178
-53
-67
28
220
329
308
138
-66
-160
-197
-176
-163
-144
-218
-279
-345
-500
-575
-671
-740
-804
-851
-855
-818
-781
-681
-571
-548
-527
-594
-653
-698
-798
-856
-943
-897
-729
-473
-375
-299
-279
-357
-246
-83
172
451
643
730
677
606
500
457
436
414
479
504
660
767
797
743
631
623
631
735
716
717
651
591
568
541
646
602
612
565
413
347
282
208
78
-34
-166
-253
-288
-297
-221
-189
-125
-102
-231
-419
-594
-717
-641
-444
-188
-105
-186
-363
-525
-616
-608
-364
-206
13
168
135
166
170
260
347
427
470
466
484
563
694
732
732
577
500
463
549
603
619
618
417
300
245
208
84
-81
-230
-292
-105
78
222
352
270
64
-219
-412
-492
-434
-381
-353
-356
-322
-252
-288
-317
-446
-528
-534
-645
-639
-656
-645
-619
-593
-481
-345
-318
-409
-480
-515
-443
-368
-401
-478
-530
-584
-654
-733
-671
-531
-330
-110
-77
-107
-154
-177
-87
126
341
310
186
25
-41
71
290
472
507
434
271
79
-138
-245
-241
-77
107
196
210
191
90
-24
-140
-209
-151
-139
-22
-30
-29
-7
100
161
173
195
158
179
324
479
582
569
514
539
504
359
188
174
317
478
696
814
774
604
308
100
-49
35
219
484
747
819
672
437
332
305
318
309
276
280
411
466
468
363
176
-5
41
148
108
0
-302
-496
-573
-466
-240
-152
-211
-396
-607
-711
-519
-255
-74
-40
-179
-389
-567
-684
-698
-634
-628
