350
486
434
127
-114
-129
75
252
298
409
270
-81
-568
-751
-717
-535
-279
-93
-115
-179
-256
-122
9
83
72
96
89
6
-50
-145
-226
-378
-423
-360
-125
4
175
261
352
488
537
605
453
473
629
716
821
864
797
589
257
-217
-502
-676
-722
-492
-323
-197
-173
-187
-201
-270
-203
-211
-229
-397
-378
-354
-471
-335
-377
-307
-372
-507
-521
-514
-424
-369
-478
-614
-551
-394
-189
172
255
124
140
186
237
310
362
162
-83
-251
-434
-484
-424
-151
15
308
615
688
667
484
213
5
-149
-266
-256
-287
-167
-40
151
270
155
33
-221
-210
41
300
741
780
684
468
43
-215
-219
101
405
684
704
478
437
387
394
382
314
201
197
333
580
720
695
564
213
-73
-388
-469
-546
-599
-696
-821
-897
-799
-323
129
482
483
167
-85
-182
-206
-39
75
53
-50
-128
-290
-276
-171
-130
-177
-325
-301
-209
-154
-222
-293
-477
-669
-738
-752
-571
-242
15
153
124
-11
-155
-270
-259
-174
-120
204
543
740
716
540
379
202
235
238
363
378
394
530
604
569
210
-108
-433
-477
-252
50
443
610
607
405
101
-245
-379
-306
-10
150
166
157
-94
-249
-456
-544
-449
-288
-58
114
79
-126
-338
-331
-32
286
591
696
404
119
-135
-430
-445
-397
-322
-190
-15
144
292
347
253
-51
-213
-195
-9
201
281
157
-27
-96
-92
-44
-79
-78
-25
222
430
479
569
371
235
84
-192
-301
-328
-236
-69
-96
-109
-124
-93
-17
-11
-263
-617
-808
-795
-518
-304
-40
173
303
241
134
-114
-292
-400
-431
-383
-432
-346
-339
-372
-321
-362
-327
-277
-106
-55
73
240
281
357
347
284
235
375
346
275
315
407
397
485
494
285
203
103
102
204
298
385
406
237
90
-99
-337
-235
-242
-80
165
341
462
515
497
212
-121
-281
-200
41
153
192
117
-128
-362
-620
-598
-178
273
558
608
536
373
32
-220
-514
-610
-611
-502
-322
-106
-26
-74
-81
-292
-419
-589
-771
-724
-537
-313
-25
224
327
348
196
41
-2
11
75
-44
56
46
44
31
-98
-161
-215
-192
-39
21
118
254
129
31
-87
-8
-50
-106
-149
41
464
961
1168
1053
659
195
-130
-279
-218
-83
100
318
369
311
320
305
216
40
-81
5
146
432
524
445
365
192
234
18
-176
-311
-409
-438
-370
-187
12
79
113
-41
-397
-561
-637
-514
-560
-509
-516
-702
-827
-776
-502
-265
-247
-270
-420
-535
-633
-576
-387
-249
-234
-167
-106
-183
-110
-90
-32
60
266
374
403
396
447
583
456
283
107
-85
-90
90
408
817
1153
1222
970
696
308
75
285
636
944
981
714
343
184
77
114
17
-184
-273
-213
-88
102
219
211
88
-188
-298
-335
-360
-216
-84
-27
-237
-391
-423
-323
-235
-475
-718
-915
-784
-272
206
401
486
330
80
-110
-307
-302
-215
-120
-204
-433
-618
-678
-555
-440
-410
-444
-478
-393
-259
-227
-31
-51
-37
101
251
362
297
188
19
17
148
231
241
31
-118
13
385
904
1138
1146
801
445
52
-152
-138
45
246
72
-231
-388
-360
-60
261
537
583
255
42
-116
-193
-75
77
150
191
65
63
36
-99
-71
-80
-100
-57
8
230
411
366
250
-108
-566
-946
-1037
-700
-302
76
477
735
636
409
168
-108
-311
-458
-508
-403
-141
223
466
510
253
-148
-496
-777
-805
-506
-20
389
554
502
100
-464
-1041
-1102
-650
-95
371
703
612
377
158
116
217
199
33
-236
-474
-728
-652
-498
-383
-171
-59
-21
24
134
197
71
200
287
-41
-940
-2156
-2540
-1772
-146
1311
1687
1170
205
-266
132
917
1763
2126
2016
1649
1329
1264
1017
660
411
487
921
1057
564
-677
-1900
-2598
-2333
-1329
-400
214
62
-486
-872
-994
-565
89
745
1305
1397
1111
580
92
9
350
569
201
-232
-640
-509
-114
93
110
-272
-526
-644
-540
-634
-969
-1033
-852
-102
324
224
40
144
745
1312
1076
-221
-1743
-2406
-1816
-473
895
1601
1284
270
-848
-1425
-1128
-333
462
1024
1188
1278
993
44
-833
-1176
-729
93
764
704
-86
-843
-1547
-1436
-971
-514
-11
-163
-246
-603
-516
-109
386
1039
1425
1541
1172
546
-138
-415
-469
-295
-80
-89
-138
-290
-488
-642
-737
-945
-981
-748
-53
731
1055
625
-259
-601
-243
632
1326
1614
1148
561
175
117
407
406
98
-368
-597
-542
-273
205
496
644
650
215
-198
-347
-17
951
1697
1957
1594
801
197
116
356
658
726
688
709
612
500
269
55
-299
-463
-452
-331
-26
-13
47
-98
-215
-248
-78
506
1367
1833
1441
697
-312
-850
-669
109
611
519
-168
-1181
-1800
-2012
-1730
-1718
-1664
-1450
-1261
-916
-702
-557
-383
-265
-7
144
233
251
344
455
446
421
84
-404
-614
-475
-52
55
-286
-917
-1473
-1589
-1214
-661
-89
-91
33
639
1588
2615
3140
2967
2408
2166
1545
208
-2743
-6370
-9069
-9673
-8095
-6069
-5339
-6362
-7976
-8784
-7595
-4712
-1094
2363
4781
6433
7562
8192
8474
8637
8948
9667
10357
10144
8621
5890
2953
631
-658
-1012
-1203
-1721
-2625
-3603
-4137
-3879
-3236
-2255
-1151
9
1140
2139
2636
2799
2856
3092
3556
4002
3959
3236
1744
-287
-2014
-3345
-4018
-4272
-4524
-4782
-5035
-5080
-4769
-4109
-3070
-1887
-678
548
1355
1934
2188
2311
2361
2724
3533
4281
4536
3844
2368
708
-404
-803
-485
-319
-781
-1531
-2372
-2685
-2341
-1428
-580
-350
-461
-692
-547
-12
665
870
500
294
381
1273
2062
2083
1686
1141
1198
1294
502
-1906
-5762
-9710
-13007
-14759
-15255
-14410
-12466
-10176
-8035
-6776
-6099
-5586
-4464
-1748
2781
8309
12989
15153
14557
12579
10650
9775
9984
10305
9871
8223
5238
1611
-1888
-4704
-6426
-6927
-6320
-5078
-3990
-3582
-3576
-3283
-1925
920
4642
8216
10777
11829
11621
10792
9880
9167
8501
7682
6558
4765
2261
-981
-4461
-7319
-8961
-9311
-8731
-7839
-7370
-7259
-7103
-6223
-4500
-1937
1126
3918
5959
7026
7264
6739
6023
5149
4343
3602
2541
805
-1689
-4597
-7180
-8606
-8877
-8309
-7455
-6641
-6092
-5490
-4484
-3175
-1658
-89
1686
3605
5415
6484
6302
5247
3917
2883
2401
2122
1732
738
-912
-3007
-4694
-5618
-5636
-4813
-4080
-3420
-2871
-2518
-2251
-2134
-1740
-660
553
1720
2094
1498
623
-258
-669
-680
-575
-263
117
555
998
1273
1048
280
-1331
-3654
-6405
-8877
-10556
-11429
-12219
-12576
-12011
-10102
-7187
-4450
-2379
-1009
178
1857
4329
7279
9930
11629
12085
11717
11021
9960
8842
7462
6016
4707
3256
1677
-1
-1766
-3066
-3649
-3414
-2567
-1323
-168
883
2157
3733
5602
7317
8634
9464
9899
9825
9436
8761
7772
6630
5216
3770
2163
346
-1645
-3445
-5066
-6125
-6512
-6506
-6073
-5643
-4970
-4079
-2910
-1558
-219
1013
1894
2670
3157
3562
3154
644
-4152
-8959
-9789
-5125
1683
4930
1974
-4806
-10288
-11285
-7773
-2130
2550
4307
2942
126
-2130
-2809
-1990
-11
2801
5730
7318
6076
2482
-1535
-3523
-2392
1013
4391
5265
3357
-84
-2758
-3528
-2482
-586
1057
2153
2339
1476
-396
-2519
-3892
-3339
-1248
1219
2264
934
-2403
-5597
-7080
-5948
-3130
-413
846
-50
-2098
-4208
-4997
-4161
-2396
-546
934
1694
1918
1891
1822
1495
770
-818
-3665
-7254
-10690
-12641
-12039
-9264
-5765
-4527
-7666
-13912
-17837
-14928
-5798
4141
9711
10464
8539
6619
6455
8572
12175
15309
16616
16288
14983
12355
7973
2885
-719
-1224
395
1922
1460
-1454
-5644
-8618
-8565
-5548
-1127
2801
5502
7065
7928
8484
8796
9034
9589
11013
12977
13888
12417
8393
3161
-1431
-3823
-4020
-3297
-3556
-5542
-8349
-10756
-11685
-11182
-9988
-9189
-9056
-8270
-5541
-958
3080
4253
3067
1944
2689
4765
6388
6239
4329
1442
-1209
-2834
-3737
-4446
-5442
-6344
-6576
-6245
-5835
-5418
-4868
-3636
-1541
721
2625
3555
3495
3140
3140
3673
4359
4381
3644
2644
1354
32
-1506
-3061
-4302
-4847
-4467
-3531
-2604
-2503
-3255
-4457
-4987
-4181
-2372
-224
1211
1784
1885
1426
596
-709
-1428
-1205
-93
961
1224
918
251
186
485
1263
2081
2632
2580
1466
-1561
-7552
-15916
-23328
-24603
-17768
-6773
1297
2244
-2375
-7753
-9480
-5912
2072
11605
19002
21898
20781
17757
14057
10214
7211
6839
9331
12009
11333
5885
-2832
-11523
-16772
-16659
-12130
-6556
-3103
-2607
-3489
-3837
-2718
69
4356
9724
15204
19431
20886
18779
14026
9004
6211
6450
8136
8581
5792
-355
-7826
-13806
-16625
-16511
-14855
-12816
-10966
-9377
-8211
-7268
-6231
-4766
-2789
-155
3580
8430
13003
15023
13057
8202
3391
880
618
973
213
-2519
-6749
-11121
-14172
-15082
-13690
-10922
-7441
-4016
-1471
-151
110
528
2339
5739
9457
11837
11513
8524
4385
489
-1715
-1929
-1318
-893
-1325
-2754
-4519
-6140
-6894
-6193
-4083
-1138
1622
3175
3109
1700
-29
-550
143
1468
2637
2613
1448
-870
-3239
-4149
-3058
-1069
93
-53
-1300
-2305
-2593
-2136
-1105
-27
894
1111
-689
-6168
-15476
-24486
-25679
-16064
-1550
7751
6801
-865
-7895
-9323
-4672
3964
13393
20177
22072
19795
16137
12218
7904
4025
3281
6978
11772
12439
6536
-3775
-13588
-18376
-16618
-10192
-3254
444
440
-930
-1413
-258
2063
5322
9934
15534
20202
21634
18492
12001
5433
2070
3113
6402
8107
5365
-1554
-9638
-15327
-17126
-16064
-13723
-11281
-9003
-6914
-5382
-4736
-4962
-5152
-3857
189
5967
10889
12829
11356
8159
4998
2967
2280
2013
1015
-1379
-4896
-8557
-11235
-12466
-11638
-9156
-6142
-3881
-2965
-2806
-2477
-1431
319
2812
5374
7080
7124
5370
2885
214
-1848
-2763
-2587
-1419
-277
8
-1069
-3030
-4921
-5817
-5357
-3730
-1545
268
1145
677
-941
-3046
-4602
-4782
-3232
-762
1503
2415
1627
-131
-2024
-3168
-3612
-3375
-2738
-1853
-1109
-758
-857
-1025
-702
248
769
-1595
-8861
-19594
-26588
-22854
-9330
4334
9146
4430
-3711
-8468
-6959
-209
8961
17205
21583
21627
19372
16094
11769
6523
2771
3782
8830
13013
11635
3740
-7082
-15495
-17715
-13628
-6613
-1084
944
501
-42
701
2250
4054
6840
11375
16860
20951
20807
15932
8551
2467
648
2971
6150
6238
1632
-5932
-12697
-16167
-16404
-14968
-13125
-10911
-8047
-5088
-3085
-2678
-3061
-2706
-1011
1147
2473
3074
4106
5954
7600
6898
3537
-1109
-5116
-6847
-6536
-5729
-5807
-6882
-7850
-7298
-5664
-4557
-4514
-4744
-3653
-1132
1414
2779
2860
2031
1258
1248
1813
1935
698
-1488
-3039
-2659
-887
861
1164
42
-1520
-2555
-2769
-2392
-1868
-1428
-1280
-1319
-1552
-2043
-2890
-3613
-3528
-2336
-304
1286
1918
1377
252
-1134
-2155
-2503
-2191
-1567
-1356
-1491
-1464
-1025
-9
927
1213
-206
-4556
-12278
-21500
-26314
-21876
-9470
2950
7745
4092
-3012
-7348
-5867
739
9632
17569
22038
22477
20296
16622
11941
7123
4184
5162
9101
12015
10338
3339
-6101
-13658
-16209
-13361
-7683
-2553
248
1118
1502
2231
3377
4871
7496
11851
16889
20429
20078
15557
8995
3537
1729
3180
5080
4399
22
-6431
-12233
-15466
-15955
-14866
-13043
-10840
-8133
-5149
-2734
-1785
-2124
-2002
-196
2653
4086
2385
-1126
-3259
-1698
2142
4481
2757
-2655
-8338
-10768
-9414
-6263
-3816
-3129
-2988
-2500
-2131
-2515
-3759
-4422
-3256
-424
2708
4072
2626
-607
-3282
-3638
-1863
147
789
300
-230
-55
772
1242
1023
420
7
194
412
-29
-1163
-2353
-2421
-1136
146
138
-1636
-3863
-4746
-3733
-1451
505
1613
1690
1250
687
-2
-429
-751
-664
-224
24
128
207
449
702
92
-2801
-9371
-18827
-26239
-25260
-14841
-1463
6422
5524
-705
-6180
-6656
-1577
6726
15005
20678
22898
22504
20064
15411
9181
3957
2909
6373
10705
11372
6407
-2568
-11439
-16289
-15731
-11493
-6621
-3094
-691
1576
3738
4886
4860
5288
8127
13618
19366
21925
19458
13119
6291
2323
2120
3741
3959
1093
-3999
-9104
-12424
-14036
-14794
-14845
-13675
-10573
-6063
-2039
-297
-920
-2081
-1201
2122
5615
5591
1419
-3618
-5215
-1773
3275
5249
1903
-4620
-10066
-11711
-9803
-6856
-4585
-3081
-1636
-404
-438
-2220
-5014
-6141
-4354
-219
3726
4595
2241
-1319
-3483
-3123
-1302
44
267
-138
-91
784
1485
1174
-142
-1429
-1512
-559
342
112
-1594
-3390
-4047
-3168
-1594
-638
-1026
-2301
-3426
-3352
-1852
82
1392
1810
1666
1247
705
7
-556
-715
-381
288
871
1322
1516
1345
104
-3673
-11046
-20560
-26917
-24501
-13615
-1102
5528
4216
-1355
-5774
-5574
-561
7114
14672
20109
22981
23537
21538
16487
9664
4288
3392
6780
10687
11082
6385
-1821
-9944
-14757
-15142
-12422
-8820
-5373
-1719
2200
5203
6029
5033
4660
7341
12990
18962
21806
19667
13948
7862
4139
3348
3668
2845
-50
-4038
-7577
-10133
-12042
-13844
-14926
-14203
-11115
-6668
-3054
-1699
-2391
-3239
-2134
870
3198
2747
-519
-2753
-1632
1876
4549
2980
-1713
-6856
-9525
-8795
-6673
-5184
-4748
-4290
-3116
-1394
-1292
-3126
-5269
-5766
-3144
801
3458
3441
953
-1589
-2309
-1335
-115
-54
-1025
-1469
-406
1371
2523
1880
-37
-1541
-1588
-409
564
81
-1676
-3178
-3277
-1792
-216
19
-933
-2150
-2424
-1508
187
1502
2106
1986
1579
1098
454
-183
-696
-845
-843
-700
-614
-396
56
262
-572
-3812
-10311
-18990
-25853
-25586
-17102
-5125
3388
4968
1559
-2347
-3270
-263
5564
12217
17976
22035
23974
23181
18936
12181
5851
3084
4531
7644
8967
6622
1074
-5406
-10281
-12433
-12175
-10517
-7795
-3753
1256
5613
7544
6840
5556
6335
10143
15452
19272
19403
16057
11304
7307
5024
3541
1609
-1107
-3885
-6052
-7834
-9904
-12348
-14374
-14585
-12449
-8629
-4890
-2671
-2351
-3449
-4569
-5100
-3915
-1187
2379
5508
6447
5052
1932
-1477
-3643
-4297
-3866
-3093
-2775
-3216
-3858
-4725
-5408
-5737
-5847
-4960
-3334
-1418
66
226
-596
-1410
-1622
-813
474
1378
1468
598
-624
-1370
-1485
-875
259
1165
1518
1102
-181
-1723
-2832
-2962
-1905
-314
647
319
-937
-2375
-3015
-2868
-1962
-769
348
1132
1600
1700
1451
782
-123
-751
-657
50
687
877
545
-17
-737
-2277
-5924
-12688
-21062
-26422
-24065
-14694
-4027
2072
2223
-552
-2573
-1729
1942
7068
12247
16832
20846
23671
23621
19399
12425
6289
4080
5724
8306
8792
6044
1051
-4057
-7616
-9444
-10289
-10444
-9084
-5277
218
4872
6637
5661
4310
5249
8946
13682
16827
16964
14732
11985
10000
8443
6333
3058
-451
-2962
-4193
-5160
-7150
-10106
-12741
-13477
-11799
-8946
-6615
-6031
-6983
-8373
-8623
-6816
-3356
652
3858
5747
6131
5135
2957
402
-1378
-1956
-1409
-936
-1200
-2477
-4348
-5973
-7024
-7197
-6721
-5620
-4041
-2412
-1257
-901
-1144
-1549
-1516
-790
436
1398
1520
581
-755
-1720
-1888
-1293
-376
385
798
661
56
-681
-1245
-1313
-1081
-595
-186
-146
-753
-1738
-2680
-2949
-2297
-1088
166
947
1055
548
93
14
357
1046
1795
2568
2989
2897
2001
-186
-3935
-9648
-16861
-23697
-26672
-23231
-14644
-5654
-669
-269
-2006
-2961
-1696
1896
7159
13005
18430
22607
24681
23622
19241
13214
8337
6501
7268
8531
8414
6145
2158
-2386
-6605
-10016
-12421
-13296
-11763
-7701
-2518
1554
3186
2966
2872
4484
7880
11857
14788
16040
15935
15123
13947
11982
8980
5366
2106
-152
-1777
-3658
-6297
-9253
-11598
-12492
-12050
-10882
-9979
-10260
-11531
-12726
-11832
-7915
-2097
3189
6116
6549
5533
4179
3159
2635
2302
1980
1707
1525
844
-1183
-4228
-7254
-8926
-8762
-7336
-5454
-3816
-3099
-3097
-3341
-3393
-2852
-1982
-818
508
1564
1864
1150
-145
-1224
-1533
-1015
38
945
1351
1049
207
-787
-1493
-1639
-1196
-494
-102
-167
-752
-1438
-2142
-2884
-3588
-3870
-3147
-1448
453
1603
1611
963
445
510
1142
1989
2453
2006
-39
-3891
-9705
-16870
-23377
-26173
-23132
-15453
-7118
-1861
-458
-1291
-1997
-1110
1540
5477
10130
15296
20454
24014
24267
20845
15463
10805
8472
8219
8809
8952
7926
5673
2510
-1160
-5044
-8819
-11565
-12150
-10015
-5968
-1841
709
1193
722
856
2484
5158
7897
10117
11991
13517
14365
13906
11815
8663
5469
3213
1860
768
-900
-3302
-5902
-8121
-9635
-10967
-12571
-14264
-14869
-13271
-9702
-5716
-3307
-2686
-2773
-2139
-409
1341
2368
2696
2885
3296
3537
2899
1213
-857
-2413
-2989
-2835
-2597
-2861
-3570
-4222
-4553
-4413
-4255
-4318
-4387
-4038
-3108
-2090
-1500
-1646
-2139
-2278
-1693
-641
310
735
652
530
721
1134
1511
1566
1323
926
796
798
839
647
124
-582
-1266
-2048
-2835
-3043
-2471
-1395
-448
-247
-708
-1207
-1117
-202
1184
2417
2865
2239
284
-3085
-8412
-15335
-22115
-25293
-22377
-14439
-6015
-1466
-1350
-3102
-3752
-2628
-886
954
3776
8740
15431
21430
24057
22367
17848
13247
10665
10287
10987
11588
11608
11167
10287
8599
5561
991
-4138
-7999
-9116
-7566
-4937
-2948
-2428
-2948
-3603
-3942
-4095
-4165
-3850
-2272
989
5274
9099
10960
10552
8658
6620
5405
4911
4583
4087
3487
3065
2550
1246
-1416
-5087
-8492
-10126
-9674
-8427
-7732
-8092
-8489
-8130
-7173
-6501
-6730
-7308
-7061
-5292
-2551
-176
875
791
562
1055
2008
2610
2332
1632
1200
1321
1545
1163
-17
-1542
-2626
-3024
-2952
-3093
-3656
-4395
-4788
-4567
-4067
-3902
-4335
-4950
-4972
-4077
-2800
-1952
-1867
-2091
-2144
-1865
-1301
-456
403
1020
1264
1202
1092
1110
1045
803
347
-53
-285
-271
-214
-326
-461
-280
423
1280
1947
2075
1998
1877
1312
-764
-5019
-10559
-14746
-14992
-10830
-4849
-640
297
-848
-1684
-1003
104
14
-1512
-2645
-1061
3636
9249
12742
12928
10946
9196
8904
9418
9414
8531
8072
9422
12472
15503
16164
13729
9612
6165
4668
4759
4943
4259
3209
2823
3434
4141
3679
1365
-1757
-3988
-4214
-2882
-1374
-769
-1125
-1586
-1594
-1211
-1284
-2187
-3701
-4808
-4706
-3706
-2544
-1994
-2159
-2606
-2940
-3135
-3474
-4059
-4655
-4760
-4180
-3281
-2658
-2741
-3347
-3991
-4317
-4280
-4065
-3831
-3433
-2807
-2074
-1513
-1477
-1776
-2158
-2335
-2256
-2147
-2082
-2065
-1865
-1421
-873
-580
-747
-1151
-1574
-1778
-1722
-1459
-1212
-1016
-687
-257
117
142
-191
-756
-1187
-1340
-1105
-687
-357
-179
-51
106
205
252
215
243
431
817
1214
1491
1638
1716
1801
1861
1865
1801
1759
1903
2184
2633
3046
3240
3514
3892
4589
4947
4045
1310
-3064
-7515
-10018
-9600
-7028
-4193
-2654
-2469
-2590
-2145
-1413
-1348
-2702
-4691
-5520
-3835
-99
3814
6098
6147
5003
3880
3384
2942
1955
687
406
2343
6088
9923
11866
11287
9105
6940
5603
4872
3973
2930
2574
3576
5603
7169
6908
4586
1164
-1672
-3064
-3058
-2539
-2014
-1291
-258
887
1247
93
-2395
-5178
-6862
-6883
-5512
-3581
-1887
-587
124
121
-844
-2565
-4246
-5141
-4624
-2967
-963
571
1121
797
5
-984
-2091
-3083
-3587
-3258
-2067
-470
638
886
376
-569
-1334
-1807
-2066
-2177
-1998
-1372
-503
250
440
-101
-931
-1731
-2257
-2356
-2143
-1696
-1254
-906
-633
-411
-248
-403
-863
-1351
-1535
-1294
-837
-283
315
681
947
1081
1166
1307
1387
1523
1682
1890
2024
2110
2106
2329
2717
3198
3864
4856
6100
6835
5844
1640
-5787
-14157
-19647
-19468
-14228
-7930
-4237
-4010
-5301
-5694
-5177
-5615
-8378
-12070
-13106
-8641
427
9716
15055
15420
13023
10861
9956
9400
8360
7453
8516
12282
17333
20698
20154
16026
10521
6030
3273
1501
-47
-1241
-1331
-160
1220
1202
-1091
-5161
-9524
-12578
-13550
-12601
-10320
-7448
-4632
-2300
-911
-672
-1550
-3106
-4468
-4774
-3262
36
4240
7871
9728
9370
7270
4456
1751
-354
-1650
-1950
-977
841
2502
2900
1371
-1728
-5192
-7777
-8897
-8652
-7455
-5734
-3793
-1979
-838
-742
-1594
-2855
-3802
-3888
-2840
-971
1241
3215
4380
4430
3448
1863
438
-313
-401
-102
274
817
1488
2012
1768
543
-1328
-2962
-3652
-3577
-3083
-2638
-2140
-1349
-327
668
1222
1151
634
165
88
348
692
931
1108
1311
1388
1426
1445
1728
2374
3046
2744
-255
-6923
-16124
-23639
-24651
-18363
-9251
-3231
-2415
-4033
-4198
-2066
-322
-1723
-5407
-7281
-3449
5795
15806
21670
21832
18749
15696
14032
12898
11169
9361
8795
10061
12325
13870
13471
10848
6745
1991
-2630
-6474
-9043
-9789
-9060
-7589
-6021
-4656
-3650
-3443
-4633
-7023
-9254
-9560
-7115
-2675
2089
5817
8166
9458
9856
8913
6447
3238
929
1009
3230
5959
7416
6760
4494
1445
-1784
-5096
-8203
-10423
-11077
-10013
-7739
-5468
-4136
-4120
-5302
-6992
-8540
-9057
-8024
-5665
-2773
-266
1581
2915
3812
4137
3396
1764
41
-722
-2
1519
2742
2932
2168
1006
-181
-1375
-2730
-4231
-5419
-5847
-5419
-4652
-3993
-3618
-3531
-3588
-3755
-3818
-3574
-2743
-1401
134
1470
2399
3006
3287
3224
2698
1847
1021
605
791
1322
1929
2384
2675
2934
2625
528
-4639
-12850
-21336
-25468
-22540
-14580
-6561
-2348
-1562
-1172
427
2215
1823
-1099
-3783
-2714
3358
11995
19077
22092
21554
19680
17904
16139
13748
10835
8461
7307
7251
7583
7771
7567
6709
4791
1429
-3021
-7620
-11076
-12703
-12728
-11564
-9360
-6092
-2413
217
586
-1077
-3294
-4202
-3186
-895
1669
4145
6723
9306
11140
11113
8986
5676
2731
1139
627
290
-385
-1146
-1534
-1694
-2142
-3497
-5644
-7993
-9781
-10537
-10335
-9224
-7458
-5417
-3634
-2541
-2076
-1942
-1888
-1957
-2146
-2134
-1383
576
3035
4805
5080
3921
2340
1281
828
427
-392
-1573
-2381
-2361
-1783
-1303
-1489
-2337
-3444
-4466
-5289
-5814
-5866
-5379
-4441
-3231
-1997
-673
558
1500
1972
1833
1424
1109
1027
1055
1043
922
942
1262
1844
2515
3020
3229
2766
678
-4154
-11816
-20135
-25133
-23879
-17323
-9623
-4346
-1833
-58
2239
4059
3596
799
-1887
-1485
3028
9775
15686
18921
19899
20148
20318
19769
17583
13957
10093
6926
4790
3623
3525
4406
5593
5773
3996
309
-4258
-8437
-11442
-13237
-13803
-12786
-9890
-5555
-1467
859
1232
847
852
1434
1898
1697
1454
2087
3965
6468
8320
8830
8204
7140
5888
4020
1073
-2466
-5332
-6628
-6329
-5350
-4564
-4254
-4499
-5130
-6042
-7104
-7934
-8236
-7911
-7010
-5690
-3977
-1805
550
2402
3094
2604
1639
1049
946
952
845
789
1306
2458
3468
3477
2240
160
-1832
-3212
-3838
-4027
-4147
-4230
-4264
-4220
-4150
-3962
-3651
-3255
-2952
-2888
-2870
-2487
-1493
-79
1237
2088
2457
2538
2458
2233
1594
705
11
-61
660
1840
2973
3422
2110
-2082
-9341
-17938
-24153
-24893
-20559
-14323
-9367
-6106
-2712
1604
5456
6828
5174
2639
2032
4263
8107
11587
13805
15552
17909
20674
22460
21963
19045
14792
10196
5845
2309
239
-2
989
1923
1773
514
-1338
-3348
-5495
-7954
-10446
-12022
-11868
-10088
-7543
-5030
-2446
776
4529
7584
8644
7458
5189
3398
2715
2830
3276
3872
4675
5695
6359
6030
4481
1969
-886
-3603
-6070
-8033
-9228
-9445
-8774
-7549
-6167
-4763
-3468
-2892
-3433
-4935
-6517
-6979
-5862
-3684
-1315
605
1950
3008
3813
4154
3782
2655
1289
169
-631
-1142
-1413
-1440
-1208
-901
-697
-770
-1219
-2184
-3633
-5243
-6462
-6781
-6119
-4816
-3470
-2373
-1414
-303
946
1925
2206
1907
1470
1208
1148
975
674
490
668
1223
1959
2656
3159
3289
2363
-870
-7149
-15513
-22815
-25300
-22415
-16877
-11955
-8685
-5132
27
5303
8360
8206
6203
4998
5658
7325
9001
10475
12287
15232
18781
21465
22349
21138
18311
14397
9688
4873
1108
-854
-1529
-2009
-2911
-3743
-3616
-2723
-2316
-3417
-5912
-8517
-10060
-10286
-9717
-8698
-6727
-3168
1592
6134
8848
9501
8945
8141
7377
6234
4664
3016
1822
1285
1440
2025
2741
3015
2241
351
-2304
-5090
-7451
-9200
-10382
-10878
-10422
-8821
-6452
-4257
-2896
-2325
-2081
-1713
-1411
-1503
-1866
-2106
-1839
-905
521
2154
3642
4542
4653
4052
3061
1875
484
-1087
-2592
-3687
-4047
-3614
-2822
-2184
-2000
-2170
-2490
-2837
-3348
-4012
-4594
-4769
-4255
-3230
-1858
-231
1480
2909
3809
4033
3701
2943
1989
941
-23
-681
-734
-60
1074
2356
3236
2672
-550
-6927
-15220
-22150
-24584
-22739
-19366
-16653
-14294
-9822
-2678
4673
9533
11206
11069
10860
10875
10386
9443
9034
10184
13074
16599
19471
21070
21375
20485
18307
14810
10521
6184
2097
-1935
-5939
-8930
-9730
-8298
-6030
-4498
-4219
-4585
-4704
-4724
-5234
-6258
-7336
-7343
-5766
-3066
16
3108
6078
8942
11226
12267
11731
9833
7241
4436
1726
-410
-1525
-1811
-1640
-1572
-1609
-1584
-1753
-2501
-4206
-6481
-8616
-9836
-10118
-9740
-8846
-7584
-5853
-3748
-1650
87
1350
1967
2004
1432
463
-279
-485
-236
174
681
1465
2518
3347
3412
2535
1087
-359
-1640
-2932
-4234
-5250
-5653
-5357
-4679
-3923
-3305
-2759
-2109
-1607
-1329
-1201
-966
-467
95
486
840
1397
2114
2753
2999
2751
2312
1910
1769
1949
2273
2351
1024
-3109
-9999
-17740
-22918
-23342
-20720
-18135
-16870
-15404
-11218
-4156
2934
7650
10026
11156
11984
12370
11786
11159
11567
13035
14850
16221
17174
18439
19932
20756
19970
17322
13527
9557
5562
1335
-2940
-6596
-8774
-9527
-9710
-9572
-8820
-7370
-5534
-4438
-4596
-5322
-5695
-5222
-4239
-3330
-2402
-785
1673
4588
7188
9028
10178
10629
10223
8834
6646
4257
2222
410
-1239
-2739
-3732
-4049
-3952
-3840
-4027
-4393
-4929
-5627
-6645
-7776
-8544
-8646
-8117
-7167
-5899
-4201
-2072
23
1596
2354
2574
2690
2730
2471
1858
1146
721
710
795
849
895
1035
1135
860
137
-883
-1891
-2772
-3711
-4772
-5727
-6245
-6064
-5290
-4192
-3019
-1816
-621
399
1085
1428
1523
1617
1621
1364
1021
737
676
939
1552
2325
3233
4082
4234
2175
-3172
-10822
-18109
-22024
-22337
-21582
-21212
-20835
-18667
-13214
-5413
2615
8943
12549
13643
13639
13598
13614
13661
13522
13116
12820
13043
14467
17252
20348
22062
21442
19055
16315
13840
10995
6911
1549
-4137
-8743
-11460
-12360
-11926
-10914
-9834
-8623
-7189
-5498
-3776
-2552
-2191
-2542
-3065
-3222
-2643
-1451
247
2159
3897
5592
7287
8886
10068
10220
9137
7083
4554
2071
-182
-2255
-4185
-5669
-6506
-6652
-6210
-5543
-4950
-4818
-5192
-5799
-6406
-6841
-7134
-7122
-6620
-5688
-4421
-3039
-1498
231
1917
3273
4045
4182
3799
3092
2284
1499
872
419
91
-174
-292
-314
-327
-443
-754
-1263
-2120
-3116
-4124
-4977
-5417
-5615
-5430
-4819
-3784
-2423
-941
386
1299
1769
1906
1941
2016
2087
2029
1823
1665
1759
2177
3015
3393
1753
-2598
-8654
-13833
-16118
-16588
-17502
-19052
-19538
-17508
-13071
-7782
-2475
2692
7070
9776
11170
12169
13301
14138
13796
12672
12014
12606
14118
15506
16308
16990
18002
18837
18648
17058
14343
11241
7765
3795
-177
-3720
-6522
-8855
-10839
-12009
-11733
-10327
-8808
-7753
-6894
-5696
-4090
-2742
-2271
-2422
-2647
-2396
-1735
-761
677
2310
3837
5033
6017
6955
7617
7428
6289
4727
3222
1963
590
-1006
-2533
-3718
-4442
-4776
-5020
-5150
-5326
-5638
-6082
-6434
-6363
-5979
-5629
-5544
-5330
-4576
-3329
-1996
-873
114
1137
2126
2746
2904
2754
2547
2170
1487
710
31
-413
-720
-980
-1060
-938
-851
-1109
-1766
-2473
-2892
-2970
-3001
-3204
-3416
-3333
-2960
-2338
-1620
-879
-113
553
932
1132
1246
1359
1515
1752
2077
2533
3126
3541
2860
68
-4430
-9014
-11725
-12549
-13276
-14975
-16608
-16375
-13760
-9909
-6159
-2656
624
3401
5407
7059
8775
10405
11005
10218
9058
8842
10069
11868
13138
13732
14363
15451
16627
17232
16816
15583
13709
11197
8289
5396
2650
-14
-2727
-5207
-6842
-7328
-7133
-6928
-6876
-6750
-6052
-4971
-4127
-3907
-4045
-4040
-3693
-3244
-2863
-2458
-1987
-1355
-532
547
1893
3242
4270
4765
5064
5378
5545
5241
4139
2550
963
-346
-1456
-2558
-3694
-4790
-5668
-6234
-6386
-6086
-5593
-5183
-4947
-4750
-4365
-3733
-3253
-3098
-3139
-2999
-2477
-1757
-1120
-630
-248
36
279
464
592
517
131
-455
-828
-764
-393
16
198
112
-142
-457
-758
-1144
-1672
-2144
-2424
-2455
-2253
-2014
-1903
-1844
-1736
-1508
-1094
-764
-564
-399
-158
229
622
1072
1428
1813
2314
2607
2328
1181
-701
-2562
-3786
-4587
-5567
-6997
-8335
-8818
-8113
-6735
-5224
-3509
-1691
-10
1334
2434
3679
5051
6125
6459
6332
6378
6833
7457
8035
8456
8940
9744
10659
11317
11628
11635
11354
10807
9911
8745
7452
6111
4626
2910
1212
-211
-1257
-2163
-2951
-3573
-3825
-3635
-3232
-2819
-2433
-2034
-1658
-1439
-1497
-1725
-2078
-2450
-2779
-2959
-2887
-2533
-2097
-1674
-1218
-893
-627
-517
-724
-1155
-1664
-2108
-2539
-2980
-3436
-3754
-3800
-3543
-3141
-2755
-2529
-2476
-2649
-2847
-2951
-2856
-2656
-2565
-2584
-2451
-2191
-1920
-1708
-1593
-1482
-1422
-1410
-1411
-1350
-1124
-882
-868
-1010
-1191
-1307
-1290
-1165
-982
-774
-618
-491
-518
-508
-335
-19
357
540
619
671
756
876
1039
1215
1384
1498
1501
1440
1353
1358
1490
1661
1808
1997
2081
2058
1945
1773
1658
1659
1747
1873
1888
1728
1440
1028
586
19
-613
-1359
-2014
-2420
-2574
-2471
-2181
-1769
-1372
-948
-431
125
605
902
1037
1218
1460
1732
1953
2024
2037
2000
2135
2402
2672
2961
3138
3300
3337
3318
3201
2927
2453
2012
1623
1360
1200
963
665
236
-180
-427
-594
-681
-762
-834
-795
-680
-500
-404
-329
-381
-480
-562
-710
-766
-892
-1045
-1090
-1011
-783
-527
-359
-345
-394
-478
-559
-704
-915
-1134
-1236
-1247
-1242
-1187
-1210
-1189
-1349
-1538
-1677
-1655
-1517
-1366
-1300
-1293
-1352
-1416
-1377
-1416
-1449
-1501
-1556
-1545
-1465
-1306
-1136
-965
-804
-590
-395
-226
-202
-216
-191
-175
-38
51
112
181
312
340
270
122
-24
-80
-70
101
289
533
691
686
644
620
709
775
801
754
716
769
897
1107
1232
1316
1275
1215
1245
1274
1335
1336
1227
987
718
508
311
138
-95
-324
-557
-735
-875
-899
-926
-901
-775
-758
-777
-836
-805
-651
-457
-332
-252
-272
-325
-295
-178
40
249
482
607
599
544
475
385
347
339
386
378
395
392
443
487
470
481
547
685
880
1017
1072
1081
1107
1186
1121
1107
1157
1229
1317
1434
1517
1525
1433
1246
1032
882
789
713
645
469
166
-147
-450
-622
-772
-832
-919
-1048
-1147
-1270
-1322
-1373
-1400
-1424
-1484
-1435
-1417
-1364
-1355
-1388
-1339
-1272
-1059
-891
-724
-705
-786
-773
-757
-642
-515
-464
-535
-628
-715
-725
-720
-730
-766
-854
-865
-806
-576
-337
-174
-183
-259
-311
-332
-319
-208
6
235
452
572
654
692
780
956
1160
1346
1387
1314
1168
1019
890
714
532
312
82
-71
-111
-63
2
2
-25
-142
-328
-438
-433
-310
-122
70
134
176
243
184
77
5
54
279
496
611
640
626
625
603
587
564
449
295
90
-133
-269
-367
-479
-548
-590
-603
-595
-549
-436
-321
-191
-137
-102
-109
-134
-136
-90
16
216
443
650
782
874
908
809
676
562
518
542
551
529
481
343
118
-111
-271
-297
-271
-190
-95
-100
-148
-121
-99
-114
-97
-74
22
129
191
245
328
408
408
325
178
76
112
197
254
306
321
231
43
-194
-444
-685
-829
-851
-811
-778
-722
-675
-653
-705
-767
-751
-728
-669
-596
-556
-529
-382
-188
5
152
222
234
290
353
354
401
379
251
68
-128
-192
-210
-126
-89
-38
-9
-69
-101
-148
-177
-178
-265
-329
-340
-310
-231
-161
-75
-42
45
218
380
507
586
557
570
569
552
484
301
132
42
-56
-94
-110
-102
23
77
128
91
-91
-241
-267
-155
-7
83
-9
-136
-250
-270
-195
-133
-19
33
77
171
222
320
419
432
290
94
-156
-227
-88
113
314
433
380
217
59
-104
-314
-515
-538
-476
-305
-152
-112
-185
-201
-178
-167
-249
-440
-538
-495
-283
49
363
487
479
382
304
405
564
604
542
360
241
157
185
216
131
-23
-195
-270
-231
-170
-113
-149
-257
-354
-456
-409
-315
-158
23
236
443
597
648
575
434
310
280
249
186
117
12
-40
-97
-155
-147
-165
-151
-131
-147
-103
-88
-82
-66
21
105
108
16
-201
-321
-310
-213
-57
131
255
334
367
302
208
79
-55
-38
152
269
278
174
-42
-301
-488
-544
-521
-391
-271
-256
-213
-168
-23
180
279
271
169
-23
-202
-314
-323
-173
15
158
186
105
-4
-114
-203
-301
-338
-300
-179
-30
-16
-49
-123
-135
-87
-115
-86
-99
-78
31
200
308
307
310
322
286
250
175
68
41
90
114
125
72
-74
-189
-273
-294
-207
-44
54
82
-39
-166
-290
-437
-475
-444
-259
-84
45
100
69
3
-7
60
151
276
414
521
551
655
705
735
636
404
163
-68
-103
-92
-40
-84
-168
-263
-354
-408
-465
-483
-502
-500
-442
-342
-288
-124
41
106
108
15
-136
-208
-239
-183
-53
46
160
235
286
322
303
285
267
187
132
41
-55
-104
-99
-48
49
56
-18
-106
-233
-214
-55
123
247
217
128
142
237
351
254
93
-67
-157
14
290
546
633
554
371
240
173
146
174
268
322
292
130
-129
-315
-386
-341
-273
-257
-335
-347
-318
-311
-365
-455
-518
-489
-451
-393
-185
-95
3
53
63
88
89
45
-12
35
68
176
285
361
262
105
-78
-153
-138
-204
-235
-227
-168
-129
-117
-115
-106
-35
85
151
180
154
104
168
232
302
357
384
307
173
50
-6
18
114
174
164
132
27
-53
-67
-94
-130
-205
-368
-443
-490
-438
-291
-215
-250
-379
-517
-619
-547
-380
-159
79
210
211
123
29
-5
89
251
444
542
483
329
160
-21
-201
-337
-323
-231
-199
-193
-211
-169
-35
23
38
72
-21
-119
-150
-108
-61
-1
50
94
99
103
139
191
261
371
489
597
567
533
491
431
329
130
-4
-82
28
181
318
296
218
53
-73
-107
-122
-96
-87
-143
-216
-268
-223
-58
164
322
329
229
104
111
240
318
397
550
598
452
212
-152
-457
-533
-417
-286
-222
-240
-319
-373
-423
-454
-491
-480
-456
-504
-534
-500
-351
-172
10
159
174
217
349
423
446
452
403
450
500
439
257
122
9
-46
-30
-50
-145
-267
-332
-424
-446
-446
-341
-297
-288
-307
-331
-307
-276
-264
-302
-317
-347
-375
-392
-325
-206
-58
-55
-78
-156
-169
-79
-10
42
-41
-18
-12
76
308
401
461
429
361
183
95
105
47
15
-204
-262
-278
-139
23
90
98
-48
-96
-89
-8
98
196
325
389
443
457
472
596
668
685
489
228
-7
-145
-134
-72
100
254
342
408
424
276
118
56
55
22
46
94
132
138
107
173
186
219
253
208
247
237
239
197
113
38
-88
-215
-344
-335
-189
32
200
194
50
-167
-440
-587
-579
-487
-355
-235
-286
-391
-404
-272
-29
103
84
-21
-138
-183
-150
-81
-48
-60
-47
-55
-50
-121
-235
-367
-482
-557
-677
-734
-770
-703
-623
-506
-458
-456
-431
-345
-214
-96
-17
54
171
323
467
474
404
349
321
392
515
638
734
730
685
503
352
201
92
-12
-42
-32
-16
59
63
95
72
21
-71
-149
-256
-270
-145
2
120
199
250
247
286
320
277
193
151
210
279
349
278
51
-217
-421
-461
-424
-324
-200
-135
-71
-20
-112
-246
-401
-457
-339
-197
-84
-36
-47
-151
-259
-245
-132
10
58
122
189
166
129
81
-32
-115
-77
6
62
155
261
346
327
337
384
384
312
202
138
76
228
360
495
576
560
504
307
96
-2
-5
106
252
351
499
611
621
453
151
-123
-329
-434
-479
-501
-449
-419
-448
-563
-667
-696
-640
-506
-399
-348
-300
-336
-390
-389
-362
-222
-179
-79
-16
-28
-45
-33
-12
-72
-84
-239
-293
-217
-140
27
156
225
220
165
88
-66
-169
-157
-94
-17
44
168
244
268
197
121
108
156
214
161
101
-19
-1
110
278
457
492
406
169
52
-2
2
34
10
-32
-72
-80
-32
-40
-5
-58
-202
-225
-326
-339
-346
-340
-319
-306
-274
-236
-224
-119
39
77
173
157
78
-88
-180
-151
-45
212
278
170
-28
-178
-225
-132
-53
-50
-19
12
104
301
407
412
346
123
-16
-106
-51
-22
26
58
51
103
229
367
488
585
512
308
74
-87
-31
163
396
516
335
-16
-247
-286
-134
131
269
269
151
62
84
229
375
378
215
58
-64
-141
-132
-119
-100
-68
-73
52
81
-276
-673
-788
-645
-394
-295
-217
-99
95
284
327
179
112
181
301
495
589
615
622
590
555
546
597
659
558
368
112
-62
-81
-121
-60
-130
-307
-586
-878
-1071
-1246
-1340
-1380
-1244
-1072
-1032
-1139
-1351
-1444
-1316
-933
-561
-314
-212
-206
-134
-141
-240
-382
-468
-364
-257
-196
-230
-260
-229
-174
-182
-379
-592
-694
-623
-261
236
712
949
812
589
317
193
339
689
966
987
611
278
363
836
1563
1941
1772
1095
384
95
300
919
1322
1163
674
292
137
318
844
1426
1716
1445
670
-56
-437
-330
236
710
818
484
-242
-903
-1020
-511
275
890
916
212
-714
-1359
-1402
-786
-61
438
359
-175
-731
-977
-792
-291
198
150
-257
-867
-1315
-1318
-771
-142
167
86
-465
-1046
-1323
-1123
-497
152
346
-66
-844
-1266
-1193
-647
28
474
414
105
-225
-336
-107
145
289
95
-216
-329
-71
371
831
1068
990
738
612
757
975
986
740
202
-266
-355
-190
21
218
179
36
-183
-347
-167
145
652
1037
999
642
54
-282
-251
164
782
1051
1094
640
74
-268
-440
-399
-366
-546
-912
-1161
-1159
-823
-352
-13
-79
-314
-696
-895
-786
-441
153
410
327
-18
-468
-601
-345
133
366
215
-185
-704
-892
-539
70
588
573
49
-777
-1485
-1723
-1521
-1115
-962
-1253
-1859
-2291
-2289
-1889
-1397
-1156
-1411
-1942
-2431
-2456
-1805
-840
4
459
570
509
616
1089
1816
2451
2734
2683
2532
2514
2912
3495
4167
4555
4344
3910
3485
3363
3592
3887
3828
3387
2755
2141
1786
1648
1586
1430
1009
488
86
-125
-200
-417
-729
-1061
-1301
-1309
-1270
-1414
-1676
-2025
-2263
-2222
-2044
-1786
-1732
-2090
-2618
-2977
-2850
-2327
-1801
-1516
-1477
-1646
-1839
-1848
-1751
-1436
-949
-687
-684
-941
-1168
-1146
-834
-557
-375
-327
-292
-27
239
623
967
1244
1446
1612
2007
2284
1314
-2150
-7490
-11929
-12573
-9317
-5257
-3015
-2769
-3372
-4651
-6866
-8461
-7763
-5546
-4735
-6198
-6892
-3747
1921
6099
6899
5933
4879
3870
3176
4132
7272
10715
12226
11962
12054
13324
14355
13881
11920
9840
8588
8270
8804
9560
9798
9158
7586
5166
2517
236
-1084
-1575
-1991
-2488
-2711
-2477
-2452
-3483
-5356
-7055
-8244
-9190
-9967
-9828
-8396
-6521
-5418
-5507
-6238
-7038
-7789
-8417
-8136
-6851
-5019
-3245
-1866
-844
-65
240
-33
-667
-1088
-922
-5
1393
2704
3793
4233
4135
3377
2261
1293
912
1140
1491
1839
2242
2623
2697
2182
1099
-30
-938
-1540
-1630
-1225
-402
116
-133
-927
-1666
-1963
-1846
-1735
-1714
-1535
-938
-192
488
814
601
287
146
280
723
1134
1365
1481
1627
1696
1675
1507
1293
1092
1217
1656
2337
3138
3393
1943
-2612
-9265
-14121
-13699
-8921
-4928
-5249
-7519
-7894
-6371
-6353
-8677
-10122
-9034
-8013
-8910
-8654
-3696
2939
5513
3210
988
2185
4277
4386
3894
5732
9452
12300
13291
14139
15380
15472
13356
10599
9287
9821
11197
12213
12529
12118
11259
9956
7558
4242
1249
-56
314
732
314
-103
38
-379
-2311
-5104
-7196
-8261
-9196
-9912
-9217
-6894
-4811
-4670
-5990
-7112
-7478
-7971
-8924
-9347
-8196
-5910
-3340
-1358
-455
-745
-2165
-3888
-4695
-3812
-1864
-23
1268
2347
3430
4136
3558
1663
-285
-1047
-224
1444
2695
2927
2474
1990
1538
905
-80
-1288
-2142
-2021
-741
1140
2314
1828
137
-1434
-1913
-1411
-1042
-1237
-1565
-1118
192
1443
1912
1180
-247
-1374
-1290
-35
1216
1450
685
243
1027
2504
3156
2339
890
134
719
2109
3311
3906
3726
1915
-2860
-9981
-15431
-15159
-9918
-5968
-7339
-10386
-9246
-4963
-4550
-10171
-15659
-14969
-10304
-7432
-6314
-2829
2441
4537
2576
1240
3279
5064
3105
708
3507
10917
16827
17577
15401
13908
13688
13323
12538
11855
11476
11539
12370
13918
15013
14436
11700
7224
2623
229
835
2383
2214
61
-1438
-857
-163
-1896
-5833
-9486
-11323
-11567
-10553
-8255
-5786
-5015
-6454
-8227
-8501
-7791
-7864
-9152
-9857
-8095
-4284
-423
1784
1741
113
-1756
-2811
-2651
-1980
-1625
-1727
-1356
321
2856
4460
3597
900
-1794
-2787
-1945
-183
1207
1656
1392
1108
1039
903
-43
-1788
-3338
-3494
-2099
60
1745
2031
1150
-63
-597
-430
-88
-98
-149
305
1365
2532
3134
2832
1729
350
-433
-22
1074
1787
1549
1025
950
1283
1491
1028
305
-214
-130
526
1357
1983
2106
1971
2302
2691
1119
-4458
-12596
-17482
-14768
-7721
-4626
-8462
-12510
-9775
-3716
-3733
-11394
-17893
-15958
-9107
-4944
-3837
-1553
1928
2948
1642
2233
5370
6231
3060
1149
5689
14051
18912
17839
14703
13372
13897
14365
13812
12639
11750
11808
12974
14178
14078
12356
9452
5759
2085
217
772
2133
1938
-7
-1644
-2016
-2673
-4982
-7952
-9848
-10644
-10955
-10358
-8131
-5295
-4264
-5824
-8259
-9460
-8959
-7955
-7116
-6406
-5283
-3487
-1344
684
1552
744
-1351
-3215
-3466
-1744
784
2167
1746
215
-884
-809
-8
261
-806
-2330
-2750
-1226
1054
2098
1019
-1144
-2549
-2573
-1850
-1141
-941
-1161
-1331
-928
207
1274
1320
132
-1005
-923
325
1918
2754
2589
2000
1670
2002
2582
2821
2237
1343
914
1238
1881
2270
2004
1102
113
-669
-724
-72
547
554
-4
-481
-262
423
1059
1089
679
681
1287
1460
-1214
-7796
-14816
-16446
-11251
-5702
-7077
-13240
-14543
-7498
-782
-3772
-13418
-18111
-13237
-5905
-3063
-2840
-790
2045
2492
2148
4292
7515
7091
3594
3163
8742
15604
18107
16673
15206
15218
15144
14071
12922
12746
13229
13516
13176
12330
11511
11020
10079
7444
3257
-301
-1336
-218
850
804
-11
-1483
-3692
-5685
-6498
-6622
-7554
-9545
-10571
-9146
-6254
-4334
-4568
-6081
-7503
-8311
-8199
-7145
-5448
-3746
-2579
-1949
-1308
-482
136
107
-741
-1965
-2580
-1968
-252
1325
1325
-72
-1671
-2467
-2204
-1772
-1734
-1793
-1705
-1553
-1417
-1222
-931
-870
-1512
-2320
-2555
-1850
-910
-478
-433
-420
-185
304
819
1245
1308
982
690
903
1502
2171
2599
2549
2269
1997
1833
1828
1795
1629
1324
994
1006
1074
853
433
-27
-250
-299
-284
-236
-105
-128
-343
-569
-664
-450
24
492
868
1405
1598
-166
-5266
-12189
-15739
-12300
-5721
-4250
-10404
-16129
-12531
-2601
1698
-5040
-14753
-16723
-10582
-4262
-1888
-617
1546
2448
1479
2084
5891
9132
7948
4705
4874
9339
13966
15834
16196
16722
16658
14765
12059
10741
11666
13627
14649
13707
11387
9523
9304
9645
8420
5035
1145
-1102
-1375
-518
624
1186
388
-2238
-5235
-7068
-7420
-7358
-7799
-8156
-7767
-6712
-5888
-5439
-5119
-5100
-5903
-7407
-8434
-7644
-5236
-2507
-959
-844
-1438
-1972
-2064
-2073
-2168
-2305
-2341
-2133
-1976
-1960
-1758
-1336
-850
-1171
-2345
-3234
-3013
-2004
-1410
-1691
-1971
-1562
-815
-433
-666
-1003
-1196
-1314
-1322
-789
-283
-884
-1936
-2166
-517
2087
3716
3834
3197
2800
2431
2482
3482
4935
6186
6119
4650
2197
70
-519
256
2084
3318
3163
1945
529
-301
-577
-205
208
576
685
578
265
-73
-65
115
594
1182
2033
2986
2720
-1134
-9597
-19506
-24046
-18742
-7307
1235
1485
-4530
-11247
-15185
-15701
-12259
-5074
2719
6878
7089
7124
9382
11352
9779
5990
4782
9048
16381
22042
22837
18548
11378
4786
1668
2769
6089
8385
7676
4245
95
-3147
-5641
-8525
-11682
-12749
-9936
-4597
-418
-210
-3676
-8245
-10831
-9321
-3462
4533
10949
13189
11525
8508
6241
5437
5549
6185
7839
10338
12453
12170
8002
968
-6210
-10373
-10051
-6483
-2822
-2063
-4875
-9608
-13633
-15715
-15967
-15410
-14482
-12689
-9448
-5259
-1897
-1135
-2940
-5170
-4999
-1195
4473
9139
10697
9121
6055
3587
2770
3408
4270
4264
3437
2471
1670
389
-1973
-4845
-6729
-6332
-3786
-711
739
-357
-3212
-5645
-5728
-3207
441
3138
4156
3747
2969
2585
2495
2409
2329
2693
3948
5627
6617
5776
3116
294
-1015
-301
1221
2046
1469
-97
-1843
-3083
-3544
-3261
-2373
-1299
-383
268
776
664
-1139
-6376
-14826
-22733
-23917
-15583
-2821
5130
3061
-6152
-15156
-17994
-13414
-3776
6889
14220
15333
11635
7517
6471
8102
10032
11785
14749
18943
21830
20409
14240
6176
254
-1099
1970
6696
9469
7718
1392
-6638
-12345
-13159
-9944
-5509
-2184
-340
284
-528
-2869
-5595
-6507
-3545
2922
10360
15433
15851
11809
5774
1165
589
3977
8556
11341
10625
6885
1671
-3505
-7592
-9698
-9498
-7531
-5175
-4058
-5124
-8323
-12357
-15204
-14847
-11075
-5906
-2010
-1062
-2618
-5162
-7192
-7568
-5515
-1355
3421
6820
7375
5352
1904
-1174
-2222
-716
2700
5948
6951
4896
656
-3981
-7047
-7234
-4963
-1567
788
900
-1168
-4173
-6308
-6271
-3846
-186
3242
5122
5022
3413
1434
385
1079
3089
5350
6971
7277
6053
3611
860
-978
-1160
115
1855
2826
2374
498
-1903
-3711
-3977
-2648
-877
55
-111
-957
-1608
-1532
-806
420
1554
1658
-688
-6560
-15052
-22330
-22996
-15288
-3966
3064
1230
-7101
-15388
-17876
-13115
-3507
6664
13235
14091
10579
6637
5274
6809
9847
13253
16819
19617
19840
16424
10410
4652
1750
2378
5283
8123
8483
5098
-1106
-7417
-10675
-9610
-5742
-1635
779
1136
-251
-2774
-5141
-5708
-3325
1756
7576
11894
12991
10675
6330
2512
1358
3305
6798
9284
8951
5795
1174
-3175
-6030
-7099
-6526
-5178
-4043
-4181
-5792
-8456
-11065
-12410
-11618
-8674
-4945
-2278
-1871
-3534
-6316
-8624
-8972
-6196
-873
4505
7018
5241
901
-3092
-4470
-2689
973
4499
5965
4362
522
-3374
-5690
-5895
-4312
-1909
300
1195
221
-2138
-4412
-5036
-3432
-381
2846
4690
4522
2818
698
-326
488
2639
4810
5974
5630
4030
1926
115
-762
-462
870
2366
2978
2139
3
-2405
-3815
-3305
-1414
557
1395
645
-916
-2393
-2871
-2242
-832
777
2182
3078
2972
1030
-3419
-10455
-17932
-22018
-19401
-10704
-1571
1700
-3297
-12405
-18771
-17623
-9378
1744
10638
14001
11616
6376
2604
2861
6789
12023
16260
18410
17861
14457
9350
4751
2851
4200
7119
9162
8672
5321
285
-4305
-6554
-5651
-2552
845
2920
3099
1833
-148
-2000
-2661
-1066
2770
7457
10698
10812
7887
3698
660
314
2559
5607
7181
5946
2325
-1800
-4704
-5716
-5272
-4314
-3519
-3362
-4044
-5444
-7093
-8254
-8266
-6916
-4588
-2341
-1253
-1862
-3838
-6283
-7900
-7451
-4553
-349
2912
3196
417
-3473
-5983
-5691
-3061
115
2092
2122
281
-2328
-4319
-4906
-4049
-2284
-431
796
788
-353
-1966
-2942
-2393
-442
1956
3546
3772
2780
1494
746
954
1852
2980
3786
3909
3423
2505
1237
16
-622
-381
705
1748
1996
991
-674
-2254
-2852
-2202
-648
811
1236
548
-759
-1663
-1596
-703
417
1141
1306
1129
1162
1571
1778
341
-3878
-10701
-17562
-20752
-17895
-10431
-3452
-1601
-6172
-13158
-17088
-14458
-6458
2677
8972
10717
8912
6068
4779
6086
9265
12754
15276
16155
15115
12471
9100
6199
5157
5938
7443
7882
6202
2815
-731
-2823
-2729
-1086
851
2033
2180
1727
1231
1122
1336
1867
2884
4715
6815
8231
8047
6251
3889
2207
1948
2752
3496
2994
1191
-1044
-2866
-3689
-3970
-4326
-4931
-5486
-5627
-5262
-4806
-4738
-5201
-5753
-5657
-4702
-3247
-2237
-2407
-3637
-5337
-6428
-6156
-4315
-1681
-5
-348
-2570
-5109
-6278
-5350
-3236
-1232
-358
-840
-2063
-3212
-3583
-2984
-1842
-696
-13
109
-117
-415
-421
178
1166
2128
2755
2754
2440
2119
2173
2733
3385
3572
3148
2317
1688
1470
1568
1803
1768
1398
789
178
-139
-377
-698
-854
-712
40
861
1192
764
19
-301
64
918
1637
1751
1013
-13
-628
-334
484
1337
1796
1630
355
-2942
-8275
-14610
-19225
-19682
-15336
-8823
-4268
-4947
-10200
-15453
-15807
-9768
-528
7102
10183
8981
5981
4306
5781
9774
13969
16136
15601
13284
10367
7915
6520
6352
7020
7635
7034
4664
1173
-1869
-3026
-1761
1030
3405
3907
2429
297
-743
304
2993
5844
7575
7807
6826
5578
4683
4327
4394
4600
4716
4261
2903
585
-2080
-4039
-4432
-3323
-2018
-1869
-3367
-5818
-7738
-7926
-6296
-3901
-2142
-1861
-2756
-3926
-4478
-4141
-3374
-2781
-3022
-3950
-4820
-4670
-3496
-2172
-1971
-3217
-4708
-5259
-4430
-2898
-1769
-1594
-2167
-2888
-3086
-2547
-1737
-1166
-988
-1042
-889
-524
-121
120
401
1015
1774
2258
2319
1984
1766
2065
2720
3439
3739
3307
2296
1326
978
1261
1698
1679
1186
606
159
-104
-413
-683
-844
-670
-334
110
353
322
132
54
375
949
1476
1403
845
126
-149
131
858
1588
2082
2027
1153
-1231
-5702
-11684
-17095
-19232
-17074
-11758
-6788
-5136
-8017
-12936
-15591
-12852
-5203
3339
8696
9508
7312
4856
4507
6833
10762
14255
15625
14398
11596
8350
6017
5236
6000
7383
8002
6773
3609
83
-2103
-1762
718
3620
5398
5273
3783
2404
2182
3456
5432
7057
7754
7552
6762
5730
4519
3523
2975
2998
3145
2576
863
-1626
-3970
-5142
-4705
-3333
-2306
-2651
-4261
-6116
-6866
-6113
-4482
-2874
-2015
-1996
-2538
-3228
-3623
-3596
-3311
-3303
-3910
-4821
-5134
-4297
-2964
-2515
-3501
-5337
-6565
-6340
-5016
-3244
-2176
-2089
-2700
-3266
-3192
-2620
-1762
-947
-383
150
490
545
464
578
1149
2026
2695
2722
2244
1769
1889
2546
3245
3459
2877
1919
1339
1407
1864
2204
1956
1135
187
-414
-420
-24
335
254
-216
-627
-515
-71
407
655
558
533
646
798
816
535
-31
-643
-726
-243
455
749
322
-358
-781
-915
-2323
-5880
-11493
-16681
-18682
-16155
-10568
-5743
-4467
-7630
-12079
-13585
-9797
-2329
4921
8841
9064
7229
5465
5396
7358
10450
13160
14201
13144
10459
7232
4834
4209
5527
7513
8363
6872
3496
38
-1459
-122
3103
6177
7480
6672
4847
3485
3388
4529
6143
7378
7841
7490
6293
4546
2657
1249
1010
1619
2197
1570
-675
-3695
-6110
-6697
-5365
-3450
-2387
-2747
-4194
-5488
-5765
-4877
-3389
-1935
-1071
-992
-1571
-2581
-3517
-4040
-4034
-3566
-3211
-3736
-5059
-6337
-6563
-5550
-4257
-3944
-4614
-5489
-5755
-4935
-3592
-2512
-2060
-2082
-2152
-2025
-1619
-1048
-563
10
846
1624
2085
1881
1229
1116
1665
2742
3672
3752
3136
2305
1887
2044
2467
2747
2632
2216
1720
1250
854
433
55
-150
7
240
335
131
-356
-610
-315
461
1123
1274
926
507
576
1024
1339
942
34
-952
-1508
-1265
-514
277
604
245
-464
-1024
-1834
-4174
-8532
-13660
-16881
-16659
-13825
-10371
-8274
-7992
-9466
-11170
-10771
-7124
-1102
4368
7353
7939
7202
6236
5950
7104
9661
12525
13883
12842
9969
6649
4527
4193
5592
7515
8365
7235
4558
2083
1080
1984
3964
6084
7635
8218
7743
6575
5581
5217
5578
6460
7493
8002
7286
5130
2344
112
-672
-255
329
212
-1035
-3128
-5210
-6331
-6029
-4809
-3555
-2956
-3224
-3844
-4464
-4496
-3845
-2575
-1317
-657
-889
-2022
-3441
-4639
-5448
-5532
-5051
-4303
-3917
-4405
-5561
-6561
-6755
-6365
-5657
-4925
-4297
-3958
-3850
-3995
-3889
-3272
-2160
-797
341
924
831
257
-104
207
1180
2298
2925
2996
2654
2160
1867
1935
2271
2732
2887
2811
2402
1831
1256
890
924
1230
1663
1813
1533
917
402
107
54
130
241
274
376
373
320
255
224
236
370
607
644
349
-482
-1388
-2029
-2143
-1796
-1296
-658
-22
235
162
-175
-1156
-3676
-8091
-12816
-15389
-14570
-11962
-9525
-8111
-7569
-8105
-9167
-9185
-6616
-1775
3070
6097
7185
7011
6017
5231
5659
7964
10936
12690
12151
10091
7638
5754
5013
5495
6824
7872
7688
6341
4841
3929
3903
4505
5882
7647
8906
8926
7796
6272
4937
4332
4557
5398
6227
6118
4574
2219
-10
-1379
-1786
-1552
-1152
-1189
-1895
-3225
-4501
-5175
-5060
-4313
-3305
-2542
-2217
-2527
-3194
-3609
-3774
-3578
-3145
-2740
-2703
-3206
-4393
-5736
-6639
-6719
-6068
-5072
-4187
-3985
-4533
-5611
-6425
-6349
-5361
-3814
-2434
-1771
-1883
-2553
-3042
-2865
-1884
-373
1039
1883
1807
1184
419
72
448
1375
2501
3154
3198
2631
1891
1349
1274
1695
2364
2877
2827
2280
1409
599
352
589
1094
1567
1711
1462
904
194
-431
-743
-696
-334
36
377
433
53
-684
-1424
-1793
-1449
-849
-380
-482
-1078
-1758
-2260
-2253
-1663
-631
424
1045
1062
458
-1137
-3991
-7725
-10954
-12241
-11359
-9578
-7936
-7131
-6851
-7200
-7624
-7427
-5747
-2392
1323
4244
5723
6048
5696
5341
5519
6616
8275
9792
10413
10235
9528
8528
7438
6661
6437
6741
7152
7276
7354
7228
6908
6279
5854
5841
6230
6616
6713
6403
5738
4872
3850
3227
2983
3068
3017
2689
2172
1388
424
-626
-1431
-1874
-2060
-2339
-2618
-2848
-3043
-3269
-3581
-3877
-4025
-4033
-3957
-3814
-3748
-3838
-4259
-4800
-5328
-5720
-5985
-6175
-6165
-5892
-5392
-4800
-4372
-4295
-4613
-5013
-5119
-4839
-4164
-3344
-2624
-2144
-2090
-2418
-2728
-2864
-2693
-2261
-1750
-1327
-1086
-931
-719
-257
254
752
1106
1323
1577
1790
1970
2121
2302
2444
2633
2829
2872
2696
2311
1975
1884
1902
2027
2046
1856
1624
1256
939
660
513
449
420
399
314
235
180
136
56
-54
-114
-125
-139
-117
-143
-196
-234
-251
-230
-149
-127
-69
34
47
24
-32
-118
-398
-1177
-2396
-3580
-4217
-4189
-3670
-3146
-3118
-3498
-4035
-4219
-3940
-3438
-3126
-3068
-2887
-2364
-1348
-310
511
930
1079
1345
1870
2737
3700
4569
5177
5648
6103
6464
6676
6652
6387
6284
6285
6373
6494
6554
6481
6158
5717
5138
4599
4047
3603
3361
3282
3168
2871
2518
2239
1933
1414
767
125
-432
-721
-866
-991
-1050
-1151
-1398
-1709
-2013
-2256
-2355
-2520
-2801
-3188
-3552
-3755
-3797
-3636
-3489
-3546
-3820
-4201
-4521
-4577
-4474
-4256
-4059
-3989
-3913
-3897
-3953
-4085
-4185
-4161
-3832
-3327
-2816
-2400
-2203
-2139
-2099
-1925
-1524
-1090
-737
-415
-172
107
491
765
864
1081
1217
1397
1629
1796
1905
1963
2008
2132
2240
2393
2407
2258
2104
1983
2064
2094
1971
1743
1400
1069
884
802
695
580
486
484
485
443
321
95
-152
-310
-303
-302
-336
-359
-429
-404
-243
-144
-103
-92
-197
-474
-1131
-2141
-3307
-4216
-4455
-4101
-3540
-3375
-3671
-4200
-4458
-4257
-3786
-3432
-3371
-3273
-2882
-2179
-1363
-755
-537
-511
-399
285
1423
2600
3623
4402
4965
5446
5917
6319
6465
6438
6455
6589
6819
7047
7129
7031
6840
6505
6117
5510
4712
4027
3504
3328
3280
3256
3000
2500
1972
1452
1104
968
825
456
28
-360
-609
-715
-852
-1101
-1318
-1504
-1777
-2049
-2460
-2919
-3276
-3473
-3544
-3461
-3400
-3613
-4036
-4422
-4622
-4677
-4640
-4605
-4666
-4634
-4432
-4167
-4061
-4075
-4163
-4184
-3920
-3491
-3061
-2846
-2935
-2998
-2878
-2529
-2050
-1544
-1188
-936
-645
-371
33
419
764
991
1159
1384
1496
1492
1451
1485
1552
1700
1817
1924
2017
1900
1837
1791
1822
1973
2110
2139
2087
1984
1795
1604
1531
1453
1242
968
625
336
167
181
236
243
179
11
-189
-284
-136
59
190
127
69
106
294
503
571
236
-620
-1929
-3239
-3978
-3992
-3463
-2899
-2756
-3197
-3981
-4465
-4372
-3907
-3406
-3172
-2974
-2739
-2324
-1654
-886
-256
259
708
1281
1933
2713
3601
4311
4987
5469
5805
5901
5939
5994
6133
6263
6258
6282
6223
6155
5987
5655
5164
4604
3976
3464
3173
2950
2677
2420
2029
1723
1460
1169
856
369
-113
-576
-885
-948
-880
-845
-895
-1062
-1214
-1362
-1597
-1948
-2416
-2940
-3253
-3349
-3267
-3208
-3382
-3749
-4149
-4357
-4298
-4052
-3915
-3931
-4061
-4278
-4349
-4231
-3961
-3781
-3657
-3655
-3701
-3664
-3489
-3116
-2740
-2373
-1968
-1664
-1445
-1343
-1227
-1072
-885
-429
61
593
1047
1318
1507
1726
1908
1991
2006
1955
1986
2054
2136
2153
2084
1966
1978
2019
2038
2039
1942
1833
1763
1640
1534
1412
1280
1266
1286
1279
1204
1063
871
714
576
414
281
169
-6
-220
-342
-344
-254
-51
201
305
336
212
-39
-434
-1183
-2266
-3459
-4290
-4381
-3916
-3376
-3108
-3309
-3783
-4216
-4332
-4227
-4102
-4034
-3795
-3351
-2723
-1981
-1285
-701
-298
21
497
1093
1884
2792
3829
4860
5590
6038
6072
6069
6073
6068
5991
5847
5692
5624
5744
5855
5903
5646
5091
4408
3822
3446
3293
3196
3107
2899
2687
2508
2195
1739
1165
621
162
-123
-260
-310
-438
-744
-1096
-1410
-1575
-1582
-1629
-1751
-1943
-2261
-2664
-3028
-3278
-3315
-3359
-3505
-3817
-4191
-4501
-4571
-4406
-4269
-4221
-4397
-4545
-4655
-4598
-4426
-4199
-4063
-3898
-3758
-3488
-3153
-2761
-2380
-2046
-1665
-1407
-1297
-1237
-1107
-848
-438
16
397
693
900
1047
1338
1511
1622
1626
1429
1469
1686
2054
2437
2677
2735
2690
2670
2572
2439
2180
1810
1526
1413
1518
1689
1655
1518
1238
962
785
670
631
618
619
628
705
637
472
281
145
245
394
424
302
62
-156
-132
65
180
-246
-1347
-2821
-4041
-4354
-3918
-3339
-3178
-3609
-4342
-4783
-4674
-4164
-3646
-3543
-3493
-3143
-2549
-1831
-1188
-801
-586
-222
476
1390
2294
2998
3517
4003
4486
4936
5133
5182
5264
5424
5669
5793
5750
5550
5399
5350
5424
5340
4987
4431
3913
3673
3694
3741
3479
3152
2813
2597
2408
2026
1400
643
35
-260
-177
-85
-250
-627
-1148
-1568
-1785
-1803
-1833
-2105
-2527
-3137
-3698
-3927
-3870
-3563
-3296
-3219
-3375
-3749
-4228
-4477
-4520
-4332
-4137
-4079
-3966
-3946
-3881
-3787
-3785
-3712
-3572
-3377
-3099
-2830
-2558
-2225
-2039
-1831
-1632
-1389
-1066
-782
-545
-258
10
321
712
980
1234
1414
1463
1361
1289
1437
1793
2120
2336
2438
2478
2476
2507
2513
2459
2443
2327
2176
2020
1925
1815
1684
1561
1542
1489
1396
1207
1044
711
362
148
-54
52
209
322
343
271
172
127
99
93
86
99
202
205
18
-453
-1328
-2587
-3772
-4301
-4094
-3627
-3296
-3516
-4139
-4613
-4649
-4129
-3637
-3546
-3674
-3613
-3116
-2297
-1487
-932
-605
-344
145
957
1691
2298
2721
3198
3824
4493
5117
5335
5427
5402
5494
5635
5700
5693
5663
5719
5734
5644
5421
4942
4335
3845
3602
3502
3351
3036
2647
2326
2192
2066
1797
1268
613
13
-329
-459
-521
-691
-1007
-1194
-1352
-1449
-1737
-2207
-2827
-3285
-3457
-3457
-3277
-3069
-3102
-3177
-3387
-3750
-4110
-4452
-4491
-4400
-4114
-3859
-3839
-3891
-3954
-3820
-3553
-3247
-3048
-3086
-3198
-3229
-3027
-2558
-2083
-1726
-1413
-1198
-977
-723
-492
-313
-159
48
270
639
949
1238
1474
1722
2005
2102
2072
1912
1883
1944
2112
2293
2344
2266
2170
2037
1898
1884
1813
1749
1782
1864
1972
1962
1795
1401
934
551
427
410
495
528
456
337
105
-114
-389
-520
-508
-316
-157
-20
25
26
5
-107
-288
-785
-1641
-2850
-3864
-4170
-3719
-3143
-3055
-3650
-4409
-4633
-4041
-3089
-2682
-2996
-3493
-3378
-2450
-1247
-509
-327
-455
-276
407
1442
2292
2674
2892
3271
3988
4802
5369
5418
5281
5249
5415
5670
5761
5611
5398
5333
5432
5462
5170
4610
4035
3813
3704
3579
3226
2721
2374
2292
2227
2039
1464
633
7
-325
-395
-425
-642
-1007
-1336
-1511
-1584
-1773
-2092
-2559
-2941
-3044
-2994
-2936
-3067
-3465
-3833
-4072
-4024
-3898
-3882
-3938
-3989
-3984
-3939
-3927
-3968
-4015
-3968
-3846
-3647
-3457
-3345
-3204
-2979
-2595
-2134
-1896
-1866
-1829
-1676
-1352
-958
-656
-443
-281
-60
219
491
748
987
1173
1261
1414
1473
1466
1439
1485
1711
1857
1956
2003
2081
2139
2212
2239
2150
2035
1847
1683
1584
1463
1338
1199
1075
1065
1069
1036
905
852
772
779
763
669
437
251
176
245
388
498
559
465
327
152
14
-143
-218
-302
-585
-1227
-2171
-2927
-3256
-2969
-2617
-2828
-3579
-4377
-4523
-3751
-2648
-2144
-2486
-3395
-3568
-2712
-1253
-51
179
-259
-712
-383
589
1671
2487
2882
3086
3481
3991
4498
4839
4977
5051
5117
5104
4920
4662
4509
4636
4830
4969
4775
4327
3911
3653
3498
3225
2709
2104
1703
1597
1755
1817
1468
807
11
-550
-661
-572
-536
-789
-1211
-1595
-1770
-1790
-1752
-1829
-2075
-2440
-2852
-3185
-3466
-3615
-3638
-3667
-3703
-3743
-3700
-3591
-3556
-3631
-3799
-3976
-3978
-3783
-3383
-2943
-2679
-2648
-2790
-2914
-2763
-2464
-2138
-1914
-1892
-1832
-1728
-1505
-1072
-595
-114
174
300
298
365
536
891
1242
1443
1575
1708
1821
1815
1947
2019
2045
2125
2134
2083
1980
1772
1510
1356
1332
1427
1724
1947
1966
1754
1353
912
630
655
747
897
876
782
555
337
169
-17
-136
-277
-411
-440
-421
-188
47
240
341
250
163
33
-105
-426
-1051
-1982
-2806
-3092
-2688
-2031
-1795
-2386
-3427
-4291
-4259
-3249
-2176
-1793
-2184
-2624
-2586
-1749
-647
-2
-51
-471
-521
22
1034
2061
2716
2943
3108
3411
3896
4359
4662
4848
5046
5163
5105
4930
4728
4626
4689
4775
4621
4231
3805
3613
3506
3336
2852
2032
1417
1138
1271
1398
1286
881
243
-270
-477
-559
-754
-941
-1159
-1245
-1299
-1400
-1538
-1856
-2131
-2294
-2405
-2490
-2581
-2712
-2886
-3074
-3313
-3597
-3771
-3782
-3600
-3224
-2933
-2955
-3197
-3457
-3532
-3367
-3036
-2927
-2977
-2997
-3022
-2830
-2589
-2342
-2119
-1932
-1720
-1481
-1177
-886
-664
-615
-631
-548
-352
85
535
961
1275
1267
1175
1067
1047
1305
1649
2011
2237
2274
2191
2116
2008
1937
1976
1941
1956
1996
2027
2063
1987
1780
1582
1354
1155
1013
935
842
741
560
267
35
-100
-133
-40
-85
-165
-255
-368
-229
38
345
414
143
-58
-231
-200
-183
-398
-1046
-1830
-2380
-2492
-2019
-1605
-1607
-2247
-3209
-3886
-3878
-3221
-2353
-1865
-1884
-2222
-2317
-1919
-1212
-489
-166
-132
-137
79
623
1362
2082
2498
2749
2927
3144
3544
4025
4532
4827
4809
4523
4217
3996
4049
4297
4452
4467
4248
3847
3509
3280
3221
3130
2795
2368
1883
1504
1153
852
545
226
-125
-376
-411
-386
-487
-758
-1104
-1349
-1471
-1481
-1466
-1565
-1820
-2171
-2482
-2753
-2825
-2861
-2876
-2956
-3143
-3333
-3456
-3435
-3308
-3169
-3104
-3080
-3085
-3050
-2976
-2967
-2892
-2787
-2629
-2391
-2287
-2236
-2231
-2148
-1970
-1718
-1389
-1076
-854
-703
-600
-524
-463
-336
-86
256
565
788
970
1080
1267
1433
1583
1671
1710
1711
1839
1997
2091
2124
2071
1960
1744
1601
1480
1402
1349
1269
1114
926
797
755
745
620
465
284
151
183
194
234
216
118
-5
-80
-179
-184
-245
-297
-256
-306
-352
-466
-570
-605
-630
-731
-1039
-1571
-1907
-1807
-1174
-592
-406
-835
-1530
-1806
-1550
-958
-657
-979
-1613
-1881
-1462
-627
15
47
-308
-511
-326
184
766
1325
1696
1985
2183
2274
2443
2490
2641
2906
3007
2989
2902
2855
2965
3213
3332
3301
2985
2664
2515
2540
2537
2389
2121
1724
1534
1545
1603
1521
1176
692
311
134
141
179
98
-215
-569
-807
-965
-1008
-1021
-1031
-1172
-1381
-1619
-1606
-1544
-1446
-1446
-1593
-1909
-2251
-2485
-2546
-2413
-2266
-2096
-2095
-2152
-2337
-2514
-2765
-2802
-2681
-2463
-2285
-2130
-2048
-2006
-1955
-1892
-1817
-1730
-1573
-1388
-1094
-776
-547
-498
-514
-515
-446
-319
-160
-62
14
210
559
911
1190
1306
1240
1073
855
739
676
643
628
641
747
845
1016
1106
1143
1106
1079
1025
938
863
840
803
771
702
587
467
282
217
81
85
200
290
350
258
22
-79
-62
94
232
200
-43
-338
-569
-683
-589
-407
-341
-539
-976
-1320
-1392
-1173
-802
-565
-617
-908
-1084
-1028
-731
-456
-375
-462
-579
-420
-150
213
460
503
505
461
615
764
994
1174
1293
1472
1713
1987
2188
2305
2347
2319
2214
2186
2209
2357
2529
2608
2584
2369
2221
2140
2086
1974
1866
1775
1637
1469
1358
1339
1248
1103
1021
925
787
581
413
253
94
-114
-402
-679
-1022
-1180
-1146
-950
-804
-757
-949
-1307
-1647
-1844
-1868
-1930
-2027
-2152
-2342
-2469
-2520
-2459
-2395
-2375
-2292
-2214
-2072
-1955
-1869
-2013
-2236
-2394
-2391
-2183
-1849
-1615
-1529
-1530
-1539
-1509
-1414
-1243
-1154
-1067
-1015
-923
-674
-365
-79
101
114
113
39
47
185
373
438
460
397
271
402
656
980
1196
1201
973
734
514
413
471
605
715
740
735
661
521
466
470
512
484
383
284
192
208
187
261
327
385
405
274
176
141
264
359
393
326
221
197
181
100
-47
-211
-313
-252
-140
-46
68
54
18
-9
-6
95
193
297
374
499
497
476
470
546
678
775
937
1017
969
796
602
511
549
715
1003
1160
1185
1182
1226
1239
1276
1217
1105
1042
934
972
1047
1234
1337
1367
1260
1087
1034
1098
1262
1316
1208
877
546
367
429
541
652
609
499
433
290
210
195
145
-14
-225
-493
-669
-768
-871
-995
-1073
-1200
-1215
-1157
-1155
-1200
-1362
-1509
-1613
-1595
-1538
-1560
-1619
-1707
-1812
-1854
-1908
-1818
-1706
-1712
-1723
-1731
-1691
-1724
-1716
-1700
-1599
-1499
-1440
-1492
-1526
-1525
-1378
-1088
-784
-572
-529
-538
-585
-474
-353
-238
-135
-88
-81
-51
-10
63
167
307
434
540
620
596
594
505
350
238
108
140
401
631
839
826
721
617
534
634
760
833
770
698
568
486
390
235
167
94
47
107
131
258
397
525
558
410
150
-130
-273
-203
22
273
418
430
374
306
275
263
341
338
373
419
518
544
416
275
199
315
489
724
772
585
338
189
272
495
657
631
477
383
469
512
518
550
537
616
835
1093
1178
1137
1088
951
926
987
990
994
947
939
969
1016
1038
986
826
751
718
592
586
504
505
566
519
449
296
115
-61
-63
24
103
27
-159
-378
-442
-385
-375
-451
-689
-935
-1019
-969
-917
-923
-1046
-1183
-1274
-1203
-1145
-1143
-1181
-1264
-1397
-1475
-1538
-1512
-1549
-1720
-1814
-1939
-2011
-1893
-1691
-1418
-1274
-1184
-1038
-990
-850
-808
-837
-997
-1236
-1290
-1133
-814
-549
-400
-421
-559
-596
-541
-457
-473
-506
-463
-314
-96
107
283
224
125
128
183
388
632
822
873
838
761
647
554
469
467
540
645
713
677
643
585
636
740
749
639
504
461
553
738
937
1022
977
877
806
711
698
601
528
429
207
52
11
66
56
29
-36
-68
21
190
342
428
405
368
295
275
325
415
552
611
549
407
185
54
70
56
47
142
322
509
582
642
684
616
610
644
714
730
688
625
646
680
624
500
348
178
94
125
157
200
237
264
145
80
58
46
91
85
112
170
215
200
42
-182
-345
-367
-276
-196
-217
-220
-197
-188
-135
-110
-134
-218
-254
-262
-260
-266
-358
-441
-548
-652
-697
-760
-714
-710
-746
-888
-1080
-1148
-1119
-986
-880
-833
-920
-1018
-1089
-971
-817
-804
-866
-932
-900
-707
-397
-140
12
16
-114
-290
-401
-376
-291
-95
39
33
-53
-102
-117
-128
-77
-59
-162
-300
-437
-439
-323
-166
-7
106
308
480
570
552
436
336
229
156
110
114
180
242
180
48
-51
-109
-2
130
256
392
327
117
-3
-120
-232
-171
-60
189
399
490
467
415
309
156
147
215
357
524
630
617
552
463
384
370
403
478
481
376
92
-159
-240
-161
34
263
483
592
633
546
457
400
436
560
583
421
204
129
120
176
185
43
-78
-180
-117
223
517
713
757
569
434
317
250
266
351
409
460
527
421
207
-3
-202
-268
-233
-248
-210
-164
-77
55
129
97
23
-25
-144
-237
-345
-360
-272
-137
-14
-81
-304
-233
-37
79
-40
-548
-1044
-1236
-1081
-805
-598
-564
-633
-743
-653
-462
-219
-64
-162
-343
-488
-532
-503
-380
-183
41
186
103
-57
-313
-554
-633
-576
-429
-352
-180
-3
57
141
198
221
214
92
-42
-39
137
303
359
178
-147
-407
-419
-217
92
185
63
-222
-470
-398
-120
214
352
290
130
-22
-132
-226
-217
-116
37
273
417
411
369
322
279
103
-121
-298
-372
-297
-187
-92
-88
-179
-144
-119
-52
11
66
178
243
321
353
235
29
-222
-273
-85
160
496
610
607
442
275
164
66
20
-11
83
42
69
125
161
201
177
94
29
91
183
251
395
511
529
580
612
504
330
169
89
86
99
231
294
249
175
172
194
214
168
-48
-270
-547
-739
-519
-156
185
259
148
-45
-185
-86
67
204
325
345
186
90
61
165
266
308
211
2
-54
-15
72
138
103
-71
-402
-574
-536
-363
-196
-124
-104
-139
-151
-169
-172
-108
-116
-113
-177
-244
-234
-236
-197
-125
-165
-230
-259
-192
-67
-59
-135
-270
-366
-278
-90
135
207
142
-88
-321
-478
-393
-157
125
429
529
471
348
132
-89
-153
-121
-4
92
68
-7
-109
-233
-355
-466
-524
-404
-163
-9
-32
-164
-264
-321
-197
-28
36
47
25
-60
-123
-49
53
105
122
87
2
-48
-43
-46
-12
49
-43
-152
-272
-338
-299
-199
-202
-292
-379
-280
-98
183
487
513
454
273
133
45
-7
36
113
235
259
210
180
203
277
295
281
198
79
25
-20
-102
-100
25
145
274
316
270
189
93
150
236
342
265
129
-75
-181
-33
203
436
563
474
288
7
-169
-190
-141
-60
28
184
233
234
115
76
146
213
249
228
174
34
-130
-279
-426
-484
-399
-328
-163
-141
-103
-52
-35
41
-15
-22
-127
-255
-266
-284
-236
-97
23
141
190
178
218
225
302
311
176
79
-59
-159
-159
-70
28
37
31
18
-44
-103
-139
-157
-158
-173
-108
15
83
113
-4
-75
-91
-54
67
157
195
166
120
-23
-138
-176
-113
-40
-67
-148
-232
-319
-408
-406
-456
-505
-457
-443
-423
-494
-500
-452
-288
-88
51
42
-99
-184
-304
-311
-248
-192
-185
-227
-279
-178
-46
87
244
268
183
71
105
177
352
513
631
690
567
378
254
216
282
349
402
431
440
461
522
598
541
456
400
296
173
149
199
346
466
454
364
140
-81
-248
-284
-175
-81
101
178
118
-52
-266
-431
-467
-376
-263
-179
-253
-470
-597
-582
-450
-191
-15
108
44
-59
-218
-310
-363
-210
26
105
133
68
-13
-160
-295
-271
-243
-195
-142
-145
-98
-41
49
90
70
53
44
-23
-33
-63
-37
33
60
156
229
266
199
1
-191
-274
-309
-173
46
188
301
405
511
515
509
369
220
71
8
-1
-10
30
110
150
145
103
-49
-175
-255
-202
-51
79
107
8
-188
-333
-438
-415
-205
38
174
165
96
-19
-151
-276
-316
-259
-158
-48
75
73
86
95
149
141
40
-120
-287
-352
-349
-172
51
334
557
647
559
386
97
-24
-39
132
262
290
251
178
273
344
379
226
35
-94
-220
-308
-326
-279
-149
49
206
263
198
105
-57
-216
-349
-502
-534
-555
-521
-453
-480
-494
-502
-592
-563
-441
-223
-62
23
-76
-297
-568
-759
-701
-460
-107
162
308
133
-72
-349
-445
-266
-27
189
246
172
72
118
249
484
662
631
546
319
95
14
139
326
367
388
338
239
173
132
140
175
180
346
433
526
529
333
92
-49
-63
-10
183
411
553
517
291
119
-26
-72
55
172
256
168
9
-98
-108
24
229
324
343
146
-192
-392
-407
-251
-3
128
79
-29
-136
-88
36
169
265
218
154
65
-26
-124
-113
-135
-179
-202
-218
-214
-235
-172
-151
-60
-37
-26
-60
-68
-96
-163
-252
-365
-423
-361
-333
-338
-327
-290
-154
14
146
108
22
-68
-68
17
90
120
3
-166
-309
-426
-365
-215
53
139
223
278
138
-8
-211
-445
-634
-682
-586
-491
-271
-174
-112
-94
-156
-223
-307
-334
-340
-220
-132
-16
162
267
385
438
277
151
144
218
265
396
387
254
229
146
139
68
37
-34
-65
85
250
396
386
217
120
158
245
320
269
210
240
340
490
493
402
245
24
-79
-134
-25
138
222
298
243
166
92
-21
-87
-126
-190
-180
-294
-223
-198
-103
-73
-114
-191
-267
-198
-186
-66
-42
-7
38
42
110
133
136
112
91
54
53
148
294
424
353
273
133
-90
-190
-168
-118
-130
-249
-286
-141
-72
64
63
24
-42
-134
-142
-200
-151
-49
-3
2
-35
-114
-119
-136
-13
92
116
161
233
271
219
148
63
13
58
107
118
132
10
-77
-20
76
91
90
-56
-223
-296
-309
-251
-186
-75
-84
-113
-339
-590
-728
-823
-842
-876
-836
-656
-483
-349
-341
-352
-373
-363
-173
70
161
109
-6
-53
-43
-37
-11
-77
-125
-149
-117
-67
43
185
236
220
149
161
232
289
280
266
274
317
334
283
244
176
148
173
226
314
350
317
266
246
227
213
179
210
186
228
272
342
316
391
513
626
741
637
473
189
45
114
366
555
578
483
325
315
283
302
329
356
327
257
308
297
216
103
-77
-207
-281
-268
-211
-165
-148
-177
-267
-468
-681
-865
-1029
-998
-698
-239
122
308
231
60
-171
-338
-375
-393
-304
-261
-216
-192
-243
-332
-324
-316
-288
-308
-313
-380
-412
-320
-252
-236
-226
-185
-165
-62
34
75
-10
-126
-236
-319
-411
-419
-279
-93
72
161
164
54
-25
-96
-101
-5
89
20
-55
-190
-214
-57
153
401
543
624
510
338
127
-55
-202
-245
-318
-347
-324
-288
-235
-158
-147
-102
-116
-216
-247
-157
-32
95
125
46
-183
-240
-124
47
248
386
377
347
359
364
310
191
120
94
283
411
502
532
445
327
181
215
404
714
1049
1083
1029
858
588
483
424
469
539
493
279
63
-119
-180
-190
-245
-287
-211
-62
69
89
-19
-185
-352
-369
-336
-232
-207
-248
-292
-278
-205
-107
-91
-178
-198
-282
-388
-367
-301
-217
-96
-29
4
174
276
275
52
-269
-456
-532
-471
-345
-109
59
192
206
150
67
-146
-278
-325
-196
-53
14
86
185
229
282
194
135
-54
-244
-356
-468
-605
-620
-469
-229
-17
65
-21
-255
-413
