76
130
320
397
464
369
202
48
-4
-91
-136
-144
-212
-121
-31
69
242
352
262
133
-123
-241
-435
-541
-434
-309
-202
-115
-25
3
10
64
87
65
39
-112
-283
-358
-255
-65
213
478
597
554
400
149
-45
-194
-239
-153
-201
-72
-51
-157
-421
-682
-688
-465
-140
-9
38
-171
-337
-339
-240
57
336
590
616
401
-34
-600
-994
-1019
-762
-397
28
271
463
303
111
-116
-334
-182
-76
62
129
224
189
157
277
516
686
441
218
45
13
302
544
708
620
470
397
511
740
934
901
663
235
-235
-551
-507
-321
56
512
733
790
582
405
20
-241
-320
-389
-345
-390
-377
-332
-413
-356
-376
-193
30
172
348
332
339
-5
-384
-667
-774
-617
-601
-732
-992
-1089
-1042
-942
-864
-603
-475
-344
-221
-390
-333
-319
-340
-109
84
276
511
446
372
239
210
328
341
375
367
323
232
183
167
287
439
524
456
288
174
41
56
12
119
56
142
326
584
739
788
514
131
-231
-318
-211
-163
-13
-18
-41
-74
13
103
131
-143
-473
-631
-621
-381
-227
-167
-188
-232
-384
-667
-691
-900
-930
-944
-767
-384
-75
215
392
524
505
462
345
280
290
345
448
616
649
455
286
68
-131
-26
173
438
534
428
319
91
-59
-5
79
132
140
266
334
437
562
558
486
263
88
-138
-227
-286
-244
-74
262
531
460
183
-5
-250
-294
-237
-96
91
55
-144
-462
-420
-159
119
280
234
50
-130
-223
-361
-415
-468
-469
-533
-629
-546
-523
-580
-610
-590
-557
-566
-458
-134
23
39
246
396
576
533
272
11
-174
-200
-223
-119
-78
-109
60
181
153
214
136
76
218
263
459
495
600
467
254
199
198
91
-155
-215
-402
-489
-512
-587
-533
-276
-22
403
540
299
-101
-463
-577
-410
-66
68
52
-50
-289
-446
-466
-385
-224
3
112
11
24
-6
-87
71
249
439
713
770
505
203
-16
-29
29
114
126
-146
-328
-356
-99
283
649
752
635
378
179
81
101
263
557
734
800
650
337
83
-93
-92
109
310
500
589
521
366
256
15
-97
-245
-466
-361
-390
-522
-604
-525
-322
-255
-155
-141
-339
-309
-445
-422
-498
-602
-488
-396
-174
-115
-210
-290
-358
-431
-372
-335
-390
-434
-400
-298
-25
334
520
532
315
2
-268
-484
-597
-560
-435
-222
-39
89
254
438
624
664
570
491
293
126
47
139
445
786
1030
1127
943
638
292
-36
-245
-291
-85
283
504
634
689
453
160
-78
-238
-447
-489
-467
-397
-322
-209
-333
-413
-269
-41
237
275
75
-210
-582
-803
-870
-769
-627
-612
-483
-436
-428
-248
-141
-33
10
-15
-214
-381
-419
-533
-361
-198
41
346
572
459
336
247
140
132
96
206
387
626
599
552
358
168
27
-61
-91
-147
-2
38
60
-49
-7
97
190
488
392
212
12
-329
-427
-265
-101
136
236
155
-109
-354
-295
-301
-189
-28
152
237
326
423
360
358
212
72
-120
-171
-241
-250
-33
14
129
85
-129
-249
-84
128
305
265
68
-156
-343
-426
-349
-70
0
54
-60
-29
206
510
603
343
-100
-384
-567
-564
-293
13
271
433
615
490
254
-48
-360
-480
-417
-296
-195
-152
-60
-9
98
241
325
201
98
-72
-158
10
176
348
329
343
307
257
191
222
224
108
-126
-243
-340
-512
-533
-456
-449
-489
-421
-157
-54
-64
-142
-354
-445
-420
-349
-222
-176
-18
32
216
515
526
421
209
-5
-107
-38
149
488
524
448
279
90
96
130
116
150
172
180
223
337
443
501
587
553
421
78
-247
-402
-520
-442
-210
-69
120
171
36
10
17
206
175
242
171
-61
-158
-266
-157
-42
15
-78
-166
-205
-188
-126
-36
-100
-345
-483
-591
-592
-411
-175
-50
-223
-321
-359
-359
-326
-379
-427
-502
-663
-571
-405
-285
-53
110
229
296
238
41
-187
-419
-526
-380
-80
184
504
630
515
449
401
276
190
179
186
243
220
335
426
537
536
365
208
169
226
259
302
288
264
373
479
453
538
416
226
212
64
-85
-80
-173
-309
-326
-340
-236
-31
151
239
175
-38
-211
-454
-509
-538
-502
-355
-260
-106
-69
-193
-309
-376
-459
-411
-286
-248
-264
-271
-158
-99
-218
-210
-299
-375
-345
-119
75
321
427
348
262
198
131
131
210
149
99
-5
-74
-74
43
-12
-31
7
143
305
411
354
-82
-1798
-4677
-5641
-2125
4181
6804
3713
-907
-1969
839
3467
3044
1170
912
2299
3344
2274
544
-125
359
524
-698
-2366
-2846
-1616
-105
237
-937
-2398
-2928
-2753
-2634
-3434
-5032
-5447
-2674
2884
7599
7671
3834
174
-982
-531
-550
-569
593
2440
3300
2257
-441
-2698
-2894
-2226
-1023
-449
-368
-814
-1389
-847
-237
-1127
-3518
-4977
-3417
1512
6291
7998
6928
4798
2951
1290
-877
-2974
-2084
570
4157
7309
7708
5930
3631
1950
1321
855
761
1832
2377
1544
89
-1743
-4030
-6150
-7336
-6016
-2611
515
2449
3602
4587
4528
2152
-1705
-4443
-5502
-5995
-6321
-5581
-3675
-2578
-3171
-3803
-3473
-2450
-1766
-1429
-1266
-1196
-1614
-2927
-4814
-6487
-7828
-9484
-11594
-13598
-14683
-14745
-13864
-12162
-9829
-7029
-3938
-1015
1833
4593
7079
9536
11704
13045
13691
13708
13278
12973
12537
11869
11140
10478
10289
10435
10641
10342
9327
7548
5314
3418
2120
1596
1637
2238
2956
3329
3394
3321
3520
4074
4817
5155
4167
1989
-459
-1963
-1746
-310
1039
1860
1942
2005
2304
2388
1652
254
-1376
-2691
-3028
-2516
-1506
-893
-1232
-2854
-5159
-7376
-8017
-6400
-3986
-1932
-562
-337
-1004
-1405
-532
967
2251
3392
4237
4827
4961
3069
-2101
-10912
-20537
-26293
-24702
-16862
-8799
-5089
-5754
-7560
-7795
-7134
-7386
-8301
-7092
-1852
6531
15198
21293
23568
21858
17563
13195
10770
10371
10704
10957
11885
14264
16595
15961
10387
978
-8828
-15341
-16988
-14782
-11087
-7868
-5436
-3109
-1049
-468
-2344
-5719
-7490
-5145
1668
10443
17746
21654
21946
19923
17089
14094
10710
7133
4500
4258
6512
9169
9239
5032
-2861
-11686
-18472
-21460
-20764
-18218
-15317
-12853
-10539
-8200
-6492
-6388
-7650
-8448
-6839
-2252
3849
9244
12526
13687
13234
11571
8738
4744
863
-1360
-1121
882
2676
2475
46
-3492
-6863
-9233
-10706
-11665
-11945
-11373
-9755
-7559
-6242
-6671
-8723
-10944
-11664
-10138
-6931
-3337
-490
1454
2877
4136
5263
5261
4027
2158
1033
1378
2348
2891
2295
810
-752
-1979
-2647
-2599
-1806
-817
-269
-1019
-3492
-8329
-15350
-22496
-26478
-23702
-15154
-5702
-359
-308
-2121
-2190
-210
1402
1410
1796
5206
12015
19434
24401
25753
23821
20172
16351
13552
12251
12060
12376
12969
13659
13821
12327
8131
1343
-6683
-13784
-17907
-18067
-15132
-11422
-8601
-6806
-5078
-3454
-3649
-6275
-9516
-9995
-5604
2285
10463
16320
18934
18778
16716
13473
9519
5346
1962
622
1907
4821
6935
6286
2531
-3018
-8708
-13496
-17108
-19589
-20531
-19568
-16721
-12842
-9531
-8351
-9308
-11086
-11511
-9448
-5571
-1247
2778
6742
10551
13605
14360
12426
8760
4988
2562
2179
3052
4270
5064
4915
3912
1816
-1414
-5368
-8785
-10564
-9905
-7514
-4805
-3347
-3706
-4629
-5227
-5498
-6005
-6983
-7880
-7602
-4704
-522
2854
4468
3985
2478
838
-395
-790
-846
-950
-739
-96
750
775
-487
-2555
-4528
-5180
-4084
-2137
-403
618
887
692
140
-1377
-5082
-11698
-19030
-22876
-20384
-12668
-4518
-379
-885
-3027
-3447
-1900
-678
-1353
-2752
-2107
2026
8630
15184
19359
20244
18303
15128
12350
10470
9333
8872
9405
11295
13856
15566
15294
12759
8776
4460
817
-1328
-1766
-999
-14
1036
2576
4299
5087
3698
155
-3822
-6122
-5776
-3509
-614
1963
4030
5905
7596
8258
7040
3886
288
-1467
-539
1954
3968
4336
3233
1773
643
-434
-1814
-3723
-5607
-6665
-6665
-6031
-5639
-6315
-7886
-9310
-9870
-9644
-8887
-8342
-7966
-7550
-7211
-6814
-6464
-6373
-6655
-6937
-7008
-6577
-5997
-5505
-5327
-5341
-5247
-5244
-5337
-5557
-5528
-5127
-4443
-3785
-3309
-3275
-3679
-3945
-3722
-2944
-2045
-1581
-1667
-1868
-1667
-1253
-530
-24
101
274
603
1003
1525
1909
2035
2216
2457
2955
3380
3492
3178
2865
2813
2929
3121
3202
3259
3337
3619
3963
4285
4470
4572
4840
5765
7493
9231
9253
5753
-1961
-11709
-18513
-18229
-11613
-3968
-583
-1947
-4300
-4492
-3460
-4518
-8608
-13264
-14962
-11967
-5152
3192
10201
13408
12529
9683
7500
6851
6613
5996
6158
8648
13288
17937
19951
18209
13200
7068
2199
62
217
819
765
715
2067
4327
5147
2485
-3358
-9787
-14107
-15027
-12753
-8707
-4874
-2470
-1306
-489
-248
-1759
-5467
-9394
-10345
-7134
-1108
4678
8130
8933
7555
5155
2423
-511
-3686
-6057
-6096
-3079
1249
3441
1287
-4392
-10368
-13959
-14629
-12957
-9865
-6162
-2381
844
2999
3526
1920
-1024
-3404
-3236
-349
3788
7313
9198
9521
8641
6810
4060
841
-1528
-1797
34
3105
5806
6555
5174
2625
-105
-1832
-2505
-2638
-2249
-967
584
1711
1709
357
-1683
-3478
-4083
-3101
-1403
-377
-48
333
1275
2392
2363
854
-699
-1533
-1419
-479
657
1569
1993
1747
1270
1092
1493
2126
2118
560
-3388
-10271
-18698
-24975
-24622
-16964
-6940
-1068
-1851
-6018
-8598
-8096
-6462
-5388
-3691
513
7240
14634
20667
23837
22795
17793
11893
9263
11499
15907
18877
19410
18560
17167
14474
9406
2334
-5120
-10752
-12757
-10587
-5864
-2302
-2882
-7414
-12964
-16768
-18420
-18616
-17268
-13395
-6519
2052
9824
14140
13620
9279
4522
2981
5666
10415
14398
16380
16781
15954
13505
8986
2805
-3609
-8323
-10072
-8810
-6360
-5083
-6505
-10238
-14729
-18576
-20973
-21160
-18799
-13968
-7861
-2120
2016
3963
3961
2978
2468
3477
6367
10167
13924
16381
16708
14377
9891
4600
-1
-2652
-3311
-2496
-1227
-720
-1700
-4045
-7033
-9850
-11814
-12386
-11120
-8236
-4758
-2028
-970
-1395
-2458
-3279
-2915
-1136
1779
4835
7257
8670
8958
8291
6921
5246
3847
3001
2704
2657
2491
2047
1169
1
-1127
-1794
-1962
-1502
-536
641
1155
122
-3120
-8718
-16126
-23226
-26418
-22260
-11936
-1472
2778
-448
-6413
-9452
-8073
-4647
-809
4136
10783
17681
22508
24230
22854
18443
12298
7933
8784
14389
20094
21709
18844
13686
8161
2525
-3173
-8052
-11034
-11464
-9338
-5436
-2125
-2392
-7420
-14789
-19774
-19323
-13998
-6633
444
6135
10177
12451
12938
11547
8741
6119
5979
9579
15094
19095
19040
15113
9175
3398
-997
-3964
-5811
-7171
-8092
-8313
-7976
-8334
-10605
-14796
-19137
-21557
-21332
-18898
-15301
-11162
-7103
-3685
-1219
367
1342
2258
3573
5874
8998
12146
14146
14090
11959
8361
4422
1414
-2
-141
1
-299
-1357
-3077
-5191
-7266
-8625
-8636
-7485
-5845
-4213
-2809
-1882
-1796
-2353
-2833
-2465
-1072
1077
3322
5242
6421
6543
5734
4740
4101
4226
4862
5248
5063
4132
2449
428
-1585
-3115
-3914
-3616
-2499
-1101
93
814
1230
1178
391
-1556
-4939
-10298
-17429
-24078
-25635
-18687
-6378
3136
3455
-4088
-11975
-13799
-9567
-3199
2971
9046
14746
18784
20442
20269
18334
14179
9433
8118
12721
20326
24856
23126
16771
9469
3575
-501
-2950
-4075
-4263
-4014
-3341
-2327
-2613
-6204
-12814
-18981
-20429
-15990
-8295
-1107
3245
4440
3879
3273
3607
4604
5577
6806
9264
13356
17162
17980
14771
8856
3127
-315
-956
66
689
-611
-3617
-6842
-9373
-11541
-14304
-17593
-20071
-20582
-19252
-17000
-14750
-13057
-11678
-10151
-7780
-4279
-257
3224
5620
7179
8440
9703
10723
11036
10392
8928
7315
6261
5552
4453
2413
-288
-2676
-4142
-4695
-4664
-4487
-4503
-4928
-5632
-6062
-5847
-5229
-4562
-3647
-2255
-372
1350
2281
2359
2183
2371
3339
5101
7166
8586
8716
7483
5724
4226
3280
2593
1961
1506
1176
743
-27
-1033
-2097
-2851
-2821
-1731
-15
1166
560
-2649
-8363
-16054
-23262
-26145
-21254
-10235
155
3126
-2137
-10015
-13944
-11882
-6330
116
6702
12853
17239
19115
18950
17205
13751
9719
8450
12462
19627
24576
23696
17831
10455
4376
551
-979
-911
-419
-550
-1251
-2104
-3499
-6837
-12124
-16994
-18077
-14146
-7274
-1006
2200
2017
-21
-1490
-624
2480
6264
9365
11876
14254
15963
15664
12769
8360
4613
3167
4045
5754
6042
3485
-1572
-7022
-10871
-12872
-13983
-15183
-16180
-16125
-15039
-13889
-13902
-15447
-17381
-17612
-14447
-8082
-889
4289
6188
5563
4223
3797
4893
7008
8970
10083
10310
9920
8756
6249
2409
-1482
-3945
-4183
-2802
-1367
-1024
-2393
-5139
-8003
-9520
-9127
-7404
-5296
-3265
-1421
10
464
-152
-1071
-1210
135
2617
5412
7555
8352
7693
6031
4386
3416
3214
3488
3898
4074
3508
2182
405
-1035
-1683
-1637
-1279
-729
-74
612
786
-184
-2832
-7510
-14271
-21610
-25781
-22565
-11810
-95
4397
-1113
-11208
-17512
-15559
-7717
1502
9386
14556
16260
15181
13330
12331
11672
10591
10659
14253
20418
24641
23071
16219
7975
2009
-148
1012
3672
5319
3988
-104
-4854
-8344
-10501
-12299
-13541
-12917
-9681
-5211
-1929
-1522
-3666
-6226
-6450
-2807
3627
9785
12989
12860
11062
9620
9219
9288
9161
8781
8688
8983
8842
6967
2731
-2985
-7867
-10014
-9675
-8782
-9160
-11011
-13345
-15249
-16482
-17046
-16822
-15783
-13983
-11250
-7483
-3256
132
1728
1747
1594
2773
5400
8513
10770
11373
10280
8238
6102
4321
2926
1733
630
-291
-969
-1646
-2602
-4220
-6218
-7830
-8262
-7338
-5736
-4346
-3704
-3665
-3750
-3601
-3018
-1877
-299
1416
2968
4214
4977
5055
4479
3648
3263
3807
4793
5384
5069
3928
2409
1010
119
-253
-283
-377
-508
-397
124
997
1561
749
-2308
-7764
-15174
-22381
-25637
-21331
-10229
932
3916
-3637
-15507
-22016
-18195
-7267
4497
12903
16273
14602
10194
7072
7794
11078
14192
16536
19590
22851
23402
19237
11997
5760
3403
4880
8214
10781
9987
4845
-2871
-9444
-11895
-10418
-7554
-5658
-5417
-6315
-7570
-8721
-9456
-9306
-7591
-3898
1211
5979
8390
7921
5653
3864
4505
7575
11411
13645
13035
10219
7030
4708
3233
1877
205
-1492
-2950
-4479
-6519
-9438
-12767
-15486
-16310
-14965
-12570
-11051
-11386
-12712
-13068
-10993
-7022
-2608
757
2387
2551
2321
2807
4367
6223
7387
7391
6830
6238
5481
4046
2131
356
-558
-575
-210
-253
-1385
-3682
-6108
-7312
-6806
-5143
-3642
-3112
-3466
-4216
-4598
-4243
-3059
-1370
407
2030
3299
3893
3712
3101
2756
3356
4630
5865
6142
5415
4029
2410
1056
320
356
789
1024
715
130
-271
-81
252
-285
-2436
-6688
-13132
-20558
-25149
-22411
-11768
29
3938
-3236
-15135
-21591
-17464
-6163
5908
14196
16412
12745
6565
3385
6200
12436
17323
19147
19499
19432
17647
13328
8038
4778
4807
7102
9426
9772
6753
591
-6205
-10039
-8907
-4332
-89
891
-1622
-5337
-7654
-7297
-4609
-861
2813
5628
6936
6621
5093
3274
2193
2752
5022
7897
9310
7578
3062
-1735
-4190
-3780
-2055
-1183
-2209
-4773
-7629
-9721
-10444
-10108
-9426
-8688
-7614
-6152
-5183
-5765
-7851
-9497
-8413
-4057
1655
5506
5671
2612
-1322
-3218
-1626
2380
6064
6968
4588
704
-2479
-3903
-3665
-2621
-1473
-741
-734
-1472
-2615
-3686
-4101
-3233
-1167
1405
3088
2880
1250
-457
-902
253
2201
3799
4086
3078
1487
268
-146
35
573
1088
1469
1384
600
-811
-2357
-3214
-2867
-1390
198
923
439
-879
-2089
-2316
-1256
833
2738
3100
468
-5525
-14547
-22704
-24171
-15515
-1375
7590
4039
-9023
-20637
-21688
-11591
2715
14252
18541
14423
4935
-2395
-1719
6349
15002
18975
18107
14887
10714
6155
2533
1585
3699
7007
9042
8383
4723
-1081
-6673
-9015
-6217
257
6187
7745
4363
-1235
-4869
-4121
366
5982
10136
11353
9718
6434
3248
1629
2097
3941
6175
7411
6525
3030
-2202
-6614
-7857
-5753
-2422
-863
-2398
-6230
-10007
-11634
-10261
-6948
-3804
-2487
-3230
-4843
-5988
-6135
-5643
-4416
-2547
-302
1360
1494
145
-1875
-3519
-3673
-2139
234
1963
1452
-1303
-4450
-5960
-5081
-2731
-579
164
-585
-2292
-3631
-3488
-1966
125
1628
2174
2118
1916
1741
1760
2119
2934
3962
4639
4526
3525
2105
926
682
1354
2219
2366
1405
-109
-1204
-1352
-816
-286
-244
-696
-1163
-1280
-944
-437
-106
-137
-254
-239
290
1178
1891
1525
-1561
-8418
-18089
-24284
-20832
-7822
4766
6419
-4461
-18515
-24087
-17170
-2881
10691
17606
15213
5386
-4582
-6182
2097
13572
19872
18980
13855
8321
4026
1963
2795
6043
9462
10421
8049
3466
-1751
-5589
-6416
-3300
2358
7262
7898
3792
-2079
-5339
-3412
2201
7954
10925
10246
7065
3581
1674
2213
4424
6591
7322
6425
4101
786
-2842
-5320
-5352
-3115
-652
-319
-2951
-7026
-10035
-10033
-7180
-3438
-1410
-2439
-5611
-8356
-8530
-6111
-2981
-921
-538
-1208
-1919
-2124
-1767
-1242
-1001
-1200
-1317
-1076
-865
-1377
-2847
-4293
-4582
-3549
-2013
-1186
-1466
-2447
-3329
-3352
-2122
-168
1355
1667
1054
465
725
1598
2518
3168
3482
3468
3125
2588
2080
1857
1847
2005
2078
1868
1257
378
-294
-440
-94
382
615
450
-84
-825
-1402
-1536
-1129
-440
63
332
270
216
321
674
628
-1582
-8245
-17966
-23628
-18422
-4108
7029
5027
-8580
-21594
-23188
-12858
1941
13498
17170
11266
-677
-9054
-6098
6215
17788
20964
16368
9266
3841
1359
2059
5374
9593
11645
9905
5270
87
-3529
-4479
-2412
2112
6798
8633
5737
-119
-4656
-4065
1236
7356
10440
9337
5601
1891
459
1867
4854
7089
6907
4635
1916
-182
-1619
-2591
-2797
-1987
-775
-661
-2614
-5938
-8623
-8870
-6555
-3201
-1155
-2058
-5274
-8461
-8938
-6059
-1912
545
51
-2284
-4244
-4273
-2486
-205
984
238
-1865
-3598
-3823
-2826
-1968
-2143
-2796
-3133
-2954
-2713
-2677
-2584
-2271
-1726
-1015
-140
715
1109
944
772
1203
2212
3023
3112
2641
2248
2253
2476
2695
2615
2319
2054
1807
1622
1339
785
123
-263
-205
163
488
437
-26
-640
-896
-731
-407
-196
-157
-192
-219
65
652
1263
-42
-4994
-13888
-21415
-20564
-9624
3235
6363
-3173
-17565
-24131
-17806
-3533
9793
15772
12282
1739
-8192
-8749
1215
14053
20155
17394
9927
3587
843
1830
5449
9748
12137
10614
5976
635
-2849
-3360
-1116
2885
6737
8094
5577
406
-3533
-2952
2090
7909
10482
8586
4307
790
314
2903
6476
8343
7032
3491
287
-965
-550
-82
-306
-976
-1525
-2120
-3214
-4855
-6225
-6405
-5204
-3423
-2417
-3179
-5478
-7491
-7555
-4973
-1610
110
-869
-3283
-4838
-4265
-1934
413
1167
-72
-2649
-4731
-4901
-3272
-1466
-1000
-2099
-3427
-3920
-3583
-2804
-2057
-1325
-674
-381
-393
-486
-457
-301
181
1092
2160
2833
2575
1780
1255
1541
2324
2840
2588
1765
884
578
889
1521
1920
1768
1151
444
33
-189
-395
-627
-520
-89
269
119
-593
-1229
-1157
22
1564
2548
1305
-3758
-12792
-20815
-20577
-9749
3660
7045
-2969
-18020
-24261
-16904
-2348
9959
14398
10038
-394
-9355
-8650
2467
15374
20111
15199
6544
971
354
3295
7614
11249
12270
9388
4065
-852
-2826
-1466
1796
5359
7514
7033
3561
-1196
-3529
-923
5259
10188
10202
5673
551
-1563
521
4990
8771
9174
5724
723
-2313
-1748
791
2307
1590
-518
-2293
-3216
-3830
-4423
-4741
-4443
-3765
-3288
-3635
-4828
-6488
-7307
-6103
-2938
168
677
-1774
-4963
-6039
-4053
-689
1506
1151
-1487
-4832
-6664
-5738
-2839
-412
-323
-2175
-4112
-4648
-3784
-2310
-791
381
667
-101
-1260
-1794
-1208
151
1579
2577
2723
1789
294
-622
-38
1632
3112
3280
2172
804
41
234
988
1794
2116
1791
1014
294
-91
-52
174
326
479
498
158
-182
-369
315
1442
2481
1962
-1734
-8998
-17507
-20002
-13135
-555
6140
86
-14032
-23823
-20231
-6761
7043
13509
10615
1068
-8895
-10744
-1716
11787
19389
16769
8287
1328
-89
2630
7186
10966
12360
10255
5436
585
-1809
-869
2095
5339
7440
7151
4168
-222
-2848
-1065
4478
9562
10251
6062
581
-2007
-155
4573
8632
9174
5737
645
-2571
-1978
1010
3236
2705
110
-2511
-3805
-4059
-3913
-3842
-3639
-3414
-3369
-3939
-4928
-5578
-5205
-3394
-1276
-167
-871
-2954
-4696
-4644
-2782
-738
-133
-1466
-3809
-5512
-5630
-4300
-2579
-1583
-1983
-3050
-3681
-3307
-2142
-1074
-424
-168
-256
-664
-1112
-1096
-492
361
972
1050
660
186
-151
34
739
1647
2001
1556
816
480
879
1524
1939
1774
1459
1156
1016
891
694
670
650
612
457
271
167
170
524
1197
2020
976
-3910
-12946
-20312
-18594
-7136
4783
5145
-6630
-20479
-23549
-13710
948
11157
12526
5549
-5256
-11440
-6576
6443
17423
18435
11113
2768
-519
1364
5729
10004
12234
11303
7152
2084
-1114
-994
1654
5030
7611
8133
5852
1394
-2413
-2128
2773
8847
11163
7875
1674
-2462
-1685
3095
8151
9849
6913
1253
-3059
-3056
406
3741
3798
758
-2775
-4543
-4313
-3369
-2910
-2961
-3338
-3669
-3902
-4217
-4434
-4429
-3651
-2094
-671
-497
-1994
-4075
-4930
-3796
-1760
-789
-1708
-3810
-5667
-6149
-5127
-3306
-1917
-1933
-3012
-3966
-3586
-2079
-613
45
-69
-378
-606
-659
-444
130
817
1188
1083
680
351
284
581
1072
1556
1692
1374
926
738
977
1414
1736
1709
1301
773
354
211
333
680
938
1069
656
-74
-726
-586
548
2042
2911
2355
-718
-6932
-15300
-19939
-15692
-4196
4899
1953
-10793
-22375
-21688
-9773
4212
11784
10321
1901
-7832
-11090
-3815
9181
17897
16552
8495
1215
-286
2852
7523
11144
12299
10346
5736
952
-1377
-166
3186
6566
8250
7491
4316
228
-1872
437
6117
10865
10647
5538
-450
-2652
99
5465
9460
9321
5150
-337
-3320
-2050
1439
3620
2358
-1121
-4138
-5265
-4835
-3905
-2974
-2044
-1626
-1985
-2875
-3706
-3659
-2724
-1194
139
388
-1045
-3556
-5394
-4981
-2905
-1161
-1356
-3314
-5551
-6747
-6382
-4689
-2734
-1590
-2028
-3358
-4180
-3641
-2152
-878
-278
-163
-428
-1006
-1567
-1464
-500
667
1271
1102
477
-132
-390
-28
972
2099
2609
1966
846
145
407
1339
2154
2321
1716
660
-301
-596
-137
668
1305
1328
959
344
52
347
1478
2187
-66
-7247
-16886
-20834
-14279
-1255
5402
-1072
-14930
-23377
-18707
-5714
6493
11485
8095
-1055
-9461
-9350
775
13192
18207
13736
5488
657
1276
4810
8800
11433
11863
9279
4666
611
-740
1053
4526
7665
8888
7238
3112
-1093
-1817
2260
8483
11788
9415
3193
-1864
-1961
2497
7854
10116
7689
2088
-2865
-3930
-1194
2281
3093
757
-2623
-4754
-4934
-4092
-2900
-2057
-1539
-1545
-1895
-2177
-2195
-2136
-1822
-1147
-390
-348
-1668
-3693
-4915
-4409
-2909
-2094
-2648
-4145
-5532
-6155
-5794
-4586
-3076
-2174
-2582
-3626
-4217
-3681
-2618
-1732
-1236
-1002
-1108
-1650
-2068
-1632
-284
997
1399
1003
443
206
370
954
1831
2509
2524
1806
965
585
765
1288
1651
1736
1380
750
137
-91
209
544
636
421
291
583
1243
1918
1056
-3216
-11308
-18650
-18106
-8315
2982
4241
-6335
-19508
-22841
-13522
474
9936
10662
3961
-5383
-10316
-5571
6257
15937
16608
9689
2375
246
2955
7125
10505
11912
10928
7381
2904
-54
50
2764
6210
8433
8223
5313
1045
-1637
-67
5325
10497
11007
6280
128
-2513
171
5644
9558
9000
4307
-1386
-4229
-2475
1476
3696
2101
-1818
-4831
-5143
-3456
-1653
-829
-1236
-2039
-2618
-2429
-1873
-1425
-1386
-1344
-960
-733
-1413
-3037
-4454
-4472
-3131
-1902
-2037
-3427
-5120
-6049
-5822
-4657
-3275
-2600
-3076
-4137
-4728
-4217
-3148
-2451
-2211
-2090
-1885
-1872
-2143
-2170
-1506
-477
264
440
350
289
320
541
1084
1774
2141
1766
1144
980
1630
2345
2414
1639
754
331
549
1125
1570
1614
983
217
-123
617
1917
2504
162
-6261
-15113
-19612
-14745
-3123
4728
218
-12686
-22498
-19473
-6849
5736
10984
7815
-312
-7590
-7786
704
11768
17006
13540
6124
1479
2110
5393
8653
10606
11017
9421
5772
2001
14
881
3767
6967
8616
7511
3756
-286
-1237
2346
8090
11230
8871
2977
-1637
-1389
2845
7505
8954
6142
962
-3018
-3187
-203
2757
2565
-567
-3817
-4803
-3488
-1859
-1351
-1786
-2268
-2159
-1597
-1180
-1290
-1754
-2003
-1543
-720
-592
-1899
-3915
-5083
-4487
-3007
-2267
-2935
-4292
-5138
-5031
-4314
-3662
-3415
-3639
-4047
-4117
-3613
-2871
-2576
-2880
-3077
-2626
-1813
-1404
-1670
-1943
-1536
-516
467
962
964
731
554
742
1303
1858
1969
1467
929
945
1578
2170
2088
1509
845
612
689
718
457
178
207
598
1337
1951
1907
-729
-7099
-15595
-19399
-13824
-2071
4869
-756
-13931
-22780
-18483
-5487
6397
10535
6531
-1830
-8727
-7918
1565
12834
17365
12840
4941
680
2014
5810
9353
11419
11749
9781
5774
1915
418
1911
5031
7803
8648
6839
2843
-943
-1344
2846
8588
11096
8101
2014
-2088
-1067
3642
8167
8940
5430
21
-3426
-2863
665
3406
2799
-450
-3421
-3880
-2494
-1163
-1018
-1557
-1857
-1531
-1006
-953
-1537
-2201
-2257
-1458
-581
-734
-2319
-4272
-4937
-3849
-2357
-1955
-3011
-4526
-5273
-4961
-4081
-3353
-3139
-3352
-3755
-3924
-3623
-3375
-3512
-3760
-3500
-2453
-1542
-1544
-2247
-2582
-1881
-540
588
833
481
-8
-64
602
1552
2140
1872
1157
729
953
1484
1555
1244
807
741
944
988
705
249
-26
11
641
1468
2066
41
-6001
-14617
-19343
-14807
-3681
3981
-205
-12683
-22115
-19273
-6893
5346
10280
7025
-898
-7649
-7501
762
11438
16550
13254
6245
1927
2646
5866
8898
10906
11618
10313
6792
2734
584
1615
4765
7944
9147
7436
3318
-595
-1261
2478
8023
10746
8254
2599
-1488
-800
3472
7611
8369
5364
731
-2509
-2459
166
2588
2542
217
-2332
-3079
-2222
-1165
-885
-1043
-1018
-800
-808
-1348
-1992
-2167
-1662
-931
-663
-1426
-3072
-4510
-4884
-3828
-2634
-2577
-3793
-5208
-5560
-4897
-4034
-3640
-3675
-3935
-4271
-4407
-4230
-3801
-3397
-3223
-3106
-2700
-2233
-2064
-2125
-1878
-1064
-66
313
92
-156
35
697
1346
1763
1686
1322
1006
1004
1487
1915
1826
1313
773
695
924
1169
1237
1128
770
597
988
1795
1453
-2472
-10190
-17747
-18039
-9725
683
2587
-6514
-18570
-22440
-14246
-1118
8130
9169
3456
-4393
-8288
-4309
5541
14086
15558
10497
4609
2351
3897
6707
9388
11391
11910
9813
5492
1395
88
2283
6280
9368
9451
6201
1447
-1325
391
5554
10057
10044
5447
-4
-2054
464
5055
8055
7318
3445
-843
-2597
-1310
1211
2404
1353
-656
-1920
-2114
-1799
-1667
-1516
-959
-236
32
-623
-1778
-2581
-2390
-1266
-142
-153
-1679
-3840
-5078
-4569
-3023
-2002
-2539
-4111
-5396
-5658
-5166
-4586
-4318
-4236
-4231
-4256
-4223
-4165
-4007
-3861
-3465
-2852
-2349
-2212
-2528
-2665
-2056
-843
271
557
81
-592
-688
29
1107
1827
1914
1488
1220
1321
1559
1695
1510
1334
1164
1058
894
791
695
647
891
1572
2146
998
-3928
-12206
-18533
-16878
-7152
2378
1912
-8549
-19942
-21404
-11550
1544
9427
8764
2043
-5602
-8097
-2559
7580
14967
14956
9312
3888
2553
4598
7715
10452
12111
11932
9066
4663
1213
824
3492
7168
9402
8582
4837
343
-1603
937
6314
10208
9371
4299
-896
-2314
650
5293
8039
7055
3170
-852
-2469
-1122
1234
2374
1547
-246
-1374
-1675
-1663
-1724
-1632
-1063
-250
21
-640
-1981
-3020
-2887
-1606
-138
123
-1407
-3785
-5396
-5173
-3659
-2336
-2281
-3342
-4675
-5530
-5570
-5027
-4245
-3720
-3747
-4218
-4699
-4910
-4715
-4106
-3253
-2519
-2289
-2639
-3096
-2898
-1844
-523
420
604
288
-46
-72
399
1130
1675
1732
1492
1362
1478
1720
1735
1605
1324
1065
778
461
273
319
594
1107
1741
2169
811
-4095
-11990
-18185
-16517
-7470
1800
1591
-8181
-19262
-21371
-12397
352
8742
8884
2596
-5155
-8111
-3145
6826
14666
15511
10518
5013
2816
4130
7057
10249
12511
12747
9952
5247
1449
706
3211
7170
9850
9492
5783
856
-1688
385
5763
9989
9545
4797
-493
-2381
41
4526
7518
6915
3252
-757
-2523
-1407
791
1801
1103
-347
-1297
-1719
-1976
-2219
-2054
-1245
-97
523
-54
-1597
-3105
-3398
-2170
-420
303
-1022
-3468
-5322
-5281
-3747
-2248
-1947
-2991
-4575
-5735
-5932
-5362
-4386
-3620
-3476
-3871
-4466
-4822
-4735
-4145
-3194
-2275
-1834
-2121
-2646
-2581
-1707
-408
615
876
518
82
-51
420
1286
2006
2246
1914
1471
1200
1123
1105
1096
1149
1198
1103
830
472
402
702
1122
1604
1506
-77
-4653
-11796
-17501
-16402
-8047
705
1201
-7865
-18762
-21586
-13477
-858
8119
9157
3563
-4017
-7681
-4030
4894
12801
14906
11439
6520
3751
3797
5817
8956
12006
13213
11079
6300
1802
269
2477
6743
10225
10569
7090
1743
-1738
-614
4287
8982
9718
6143
1204
-1461
-360
3185
6450
7012
4577
965
-1387
-1404
-105
941
990
604
79
-759
-1887
-2894
-2847
-1581
145
1055
394
-1604
-3647
-4377
-3285
-1247
-45
-694
-2803
-4765
-5335
-4583
-3274
-2561
-2828
-3689
-4798
-5697
-5969
-5474
-4421
-3451
-3100
-3612
-4603
-5293
-5089
-3871
-2278
-1323
-1661
-2837
-3534
-2912
-1208
608
1538
1437
633
-71
-114
686
1785
2567
2694
2350
1864
1414
1126
1122
1486
1817
1667
815
-54
-393
189
1071
1936
2517
2299
-291
-6508
-14399
-18655
-14740
-5017
2236
-313
-10790
-20393
-20354
-10521
1763
8883
8073
1752
-4799
-6609
-1819
6612
13311
14654
11150
6432
3483
3397
5684
9397
12900
14079
11417
5943
786
-904
1830
6940
10906
11006
6825
1164
-1912
-191
4816
8934
9084
5454
1004
-1168
-82
2959
5455
5748
3827
1218
-460
-890
-831
-858
-633
274
1186
821
-1257
-3804
-4802
-3425
-619
1425
1296
-934
-3556
-4776
-3771
-1555
-24
-325
-2133
-4028
-4991
-4829
-4190
-3507
-2931
-2876
-3601
-4950
-6146
-6477
-5567
-3879
-2487
-2210
-3254
-4739
-5448
-4704
-2991
-1510
-1141
-1771
-2541
-2578
-1666
-194
1073
1541
1187
457
-14
117
746
1510
2285
2584
2277
1538
663
357
719
1485
2103
2056
1419
422
-167
24
922
2247
3066
2166
-2001
-9397
-16948
-18926
-12633
-2340
2848
-2149
-13184
-20685
-18174
-8080
2480
8095
7752
2767
-3297
-6086
-2483
5529
12521
14664
12359
8537
5098
2866
3259
7276
12871
15815
13229
6709
606
-1480
1012
6182
10840
12029
8678
3018
-819
-282
3562
7300
8392
6752
3904
1509
566
1191
2722
3955
4133
3269
1696
-144
-1949
-2779
-1799
646
2682
2399
-411
-3797
-5461
-4460
-1766
714
1521
230
-2171
-4280
-4854
-3954
-2536
-1673
-1775
-2564
-3856
-5217
-6087
-5812
-4405
-2908
-2525
-3600
-5339
-6506
-6290
-4942
-3370
-2449
-2644
-3651
-4743
-5204
-4696
-3590
-2427
-1566
-981
-611
-544
-727
-872
-633
108
968
1551
1649
1486
1395
1549
1892
2041
1876
1373
861
753
1005
1246
1287
945
553
298
456
771
1107
1572
1659
710
-2879
-8921
-14889
-16210
-11078
-3130
765
-2772
-10583
-15865
-14689
-8635
-1391
4227
7143
6287
2548
-1411
-2096
1189
6327
10435
12614
12626
10348
6516
3460
3735
7206
10975
12142
10570
7827
5539
4085
3638
4212
5470
6667
7209
7125
6592
5233
2952
677
69
1796
4584
6314
5811
3413
362
-1786
-2013
-415
1671
2545
1571
-327
-1757
-2207
-2207
-2196
-2028
-1450
-703
-342
-604
-1432
-2398
-3136
-3413
-3122
-2604
-2284
-2453
-2970
-3505
-4006
-4494
-4866
-4898
-4475
-3988
-3956
-4456
-5065
-5285
-5046
-4611
-4138
-3871
-3805
-3863
-3808
-3449
-3054
-2820
-2839
-2846
-2621
-2146
-1654
-1182
-776
-562
-557
-824
-1045
-972
-666
-383
-236
-249
-237
-117
214
721
1220
1516
1349
924
637
687
1008
1461
1927
2356
2685
2872
2913
2920
2934
2738
2074
626
-1402
-3062
-3428
-2287
-512
565
-112
-2211
-4235
-4634
-3145
-1142
-324
-1404
-3293
-4149
-2956
-585
1368
1724
744
-19
591
2526
4616
5665
5321
4354
4032
4918
6454
7622
7587
6620
5715
5580
6161
6716
6532
5544
4461
3826
3838
3978
3738
2971
2044
1542
1523
1661
1534
907
-15
-722
-967
-840
-621
-485
-594
-888
-1265
-1594
-1749
-1622
-1265
-904
-789
-1093
-1703
-2272
-2516
-2305
-1955
-1971
-2472
-3255
-3995
-4226
-3948
-3531
-3365
-3590
-3977
-4160
-4070
-3878
-3792
-3979
-4195
-4201
-3899
-3441
-2941
-2614
-2479
-2406
-2295
-2044
-1719
-1399
-1110
-761
-350
-37
2
-130
-144
82
401
688
889
1037
1234
1430
1604
1778
1825
1715
1573
1428
1429
1517
1562
1641
1795
2006
2165
2168
1978
1417
355
-1283
-3146
-4485
-4533
-3413
-2110
-1756
-2923
-4831
-6223
-5937
-4242
-2533
-2293
-3651
-5170
-5243
-3263
-533
1181
1053
-37
-465
775
3319
5585
6398
5751
4785
4804
6132
7791
8584
8077
7071
6566
6967
7737
7995
7332
6071
4919
4458
4695
4899
4502
3465
2330
1699
1665
1848
1765
1246
703
386
299
211
15
-322
-716
-892
-813
-766
-961
-1493
-1982
-2065
-1763
-1583
-1733
-2152
-2577
-2643
-2580
-2652
-3022
-3560
-3855
-3727
-3289
-2944
-3032
-3543
-4175
-4442
-4279
-3940
-3774
-3760
-3787
-3731
-3533
-3339
-3203
-3177
-3127
-2975
-2683
-2287
-1902
-1620
-1400
-1118
-722
-294
11
240
342
448
575
643
815
1000
1220
1372
1486
1512
1548
1569
1565
1617
1610
1546
1377
1144
1098
1340
1705
1988
2019
1840
1445
583
-859
-2816
-4502
-5075
-4364
-2917
-1909
-2333
-4138
-5976
-6428
-5199
-3404
-2592
-3436
-4910
-5320
-3741
-1010
1043
1398
368
-410
413
2738
5213
6466
6036
5050
4889
6053
7896
8997
8780
7665
6701
6568
7134
7654
7389
6370
5221
4623
4662
4917
4764
3894
2673
1586
1077
1095
1318
1419
1197
668
30
-426
-586
-405
-92
15
-187
-754
-1442
-1794
-1680
-1245
-956
-1128
-1679
-2306
-2658
-2614
-2490
-2548
-2872
-3348
-3720
-3819
-3679
-3539
-3463
-3584
-3721
-3983
-4160
-4276
-4456
-4389
-4196
-3873
-3631
-3525
-3460
-3324
-3078
-2817
-2549
-2277
-2026
-1702
-1404
-1219
-1015
-744
-306
253
741
957
885
629
481
687
1253
1851
2191
2152
1842
1599
1538
1684
1879
1953
1836
1593
1282
1179
1204
1321
1538
1721
1867
1893
1658
762
-876
-2986
-4863
-5636
-4906
-3280
-2014
-2182
-3839
-5694
-6265
-5067
-3095
-1924
-2513
-4059
-5011
-4052
-1678
520
1241
523
-259
176
2145
4443
5780
5657
4885
4604
5514
7161
8449
8555
7658
6670
6285
6632
7153
7297
6802
6002
5245
4824
4653
4472
3989
3236
2472
1730
1213
985
939
990
915
585
-15
-601
-930
-901
-721
-804
-1201
-1694
-1881
-1635
-1191
-933
-1159
-1726
-2358
-2730
-2717
-2656
-2762
-3046
-3446
-3688
-3739
-3527
-3441
-3428
-3468
-3529
-3740
-4005
-4195
-4254
-4077
-3809
-3567
-3471
-3387
-3302
-3079
-2873
-2658
-2504
-2392
-2159
-1801
-1343
-984
-766
-694
-539
-180
300
695
829
740
714
772
1007
1372
1617
1790
1777
1765
1826
1901
1956
1948
1916
1825
1742
1515
1279
1058
978
1134
1263
1264
1104
919
731
205
-855
-2555
-4248
-5103
-4599
-3184
-1939
-1975
-3414
-5253
-6087
-5204
-3498
-2257
-2490
-3591
-4172
-3299
-1350
344
811
69
-331
506
2570
4792
5861
5651
5028
5063
6120
7440
8147
7808
6816
6197
6279
6962
7370
7070
6220
5389
4949
4756
4491
3885
3038
2368
2107
2025
1810
1347
855
595
502
248
-363
-1094
-1558
-1521
-981
-523
-533
-1108
-1775
-2035
-1719
-1175
-934
-1294
-2028
-2661
-2880
-2706
-2541
-2656
-3131
-3595
-3722
-3445
-3161
-3137
-3400
-3806
-4117
-4324
-4309
-4205
-4012
-3696
-3405
-3278
-3314
-3359
-3345
-3246
-3034
-2830
-2615
-2335
-1890
-1271
-693
-305
-219
-323
-439
-322
39
407
739
1087
1405
1634
1701
1687
1655
1618
1643
1687
1781
1895
1901
1888
1934
1962
1913
1756
1519
1350
1346
1569
1850
1979
1970
1747
1397
809
-334
-2062
-3835
-4760
-4441
-3180
-2039
-2040
-3306
-4951
-5709
-5039
-3642
-2810
-3135
-4112
-4507
-3542
-1596
225
926
471
-79
271
1688
3461
4730
5117
5006
5065
5673
6384
6899
6953
6670
6496
6447
6478
6250
5910
5572
5312
5164
4792
4178
3475
2867
2573
2392
2200
1753
1239
928
873
917
716
205
-455
-868
-898
-765
-789
-1054
-1464
-1594
-1400
-1132
-1169
-1602
-2257
-2702
-2659
-2347
-2084
-2145
-2521
-2978
-3299
-3472
-3457
-3428
-3408
-3388
-3410
-3477
-3636
-3690
-3556
-3340
-3245
-3409
-3773
-4079
-3974
-3469
-2832
-2402
-2397
-2463
-2385
-1934
-1205
-532
-120
-106
-166
-183
48
438
722
893
940
1023
1124
1270
1386
1459
1487
1426
1318
1269
1378
1591
1851
2009
1994
1894
1725
1626
1605
1541
1306
1027
768
699
889
1002
1045
819
240
-671
-1926
-3354
-4546
-4917
-4347
-3343
-2692
-2966
-3999
-4962
-5136
-4352
-3347
-2894
-3157
-3614
-3454
-2226
-589
618
913
648
797
1646
3142
4598
5389
5470
5354
5483
5921
6476
6887
7041
7050
6972
6819
6561
6179
5715
5377
5164
4990
4706
4255
3766
3365
2973
2574
2114
1566
1122
917
881
652
96
-618
-1133
-1272
-1059
-863
-921
-1271
-1672
-1696
-1367
-1123
-1223
-1753
-2451
-2951
-3119
-3055
-2962
-3002
-3073
-3183
-3371
-3584
-3910
-4149
-4283
-4257
-4215
-4273
-4392
-4404
-4099
-3580
-3132
-3015
-3182
-3420
-3331
-2919
-2433
-2119
-1968
-1843
-1536
-1091
-645
-355
-279
-286
-187
120
485
804
980
1109
1278
1525
1793
1832
1700
1498
1289
1230
1323
1475
1744
1984
2177
2290
2224
2038
1781
1476
1285
1156
1001
930
920
997
1195
1331
1221
1004
790
537
110
-861
-2391
-4031
-5076
-5071
-4144
-3074
-2753
-3454
-4629
-5369
-5157
-4161
-3165
-2937
-3307
-3590
-3115
-1804
-421
414
487
274
607
1656
2952
3996
4544
4827
5153
5684
6326
6655
6716
6479
6324
6424
6578
6604
6396
6059
5716
5472
5212
4792
4184
3567
3048
2642
2270
1848
1557
1470
1530
1580
1321
680
-150
-845
-1110
-886
-569
-617
-1007
-1487
-1693
-1461
-1234
-1291
-1776
-2553
-3247
-3631
-3641
-3450
-3313
-3274
-3381
-3536
-3619
-3698
-3895
-4185
-4424
-4556
-4587
-4383
-4025
-3673
-3368
-3252
-3293
-3397
-3353
-3165
-2820
-2513
-2318
-2218
-2004
-1511
-916
-378
-128
-184
-317
-327
-85
334
702
1020
1198
1328
1489
1695
1972
2204
2281
2069
1710
1524
1595
1855
2179
2394
2260
1922
1534
1305
1296
1377
1472
1457
1342
1200
1090
974
830
634
392
207
187
166
28
-435
-1352
-2622
-3860
-4598
-4543
-3784
-3033
-2804
-3354
-4261
-4854
-4707
-3955
-3171
-2865
-3049
-3210
-2817
-1806
-649
224
454
444
708
1502
2609
3687
4434
4781
5005
5290
5642
5999
6272
6298
6157
6097
6008
5995
6016
5961
5835
5555
5099
4512
3996
3580
3324
2980
2598
2154
1833
1707
1509
1263
817
176
-440
-711
-725
-754
-988
-1392
-1738
-1831
-1678
-1501
-1517
-1811
-2317
-2835
-3156
-3285
-3251
-3154
-3083
-3055
-3088
-3155
-3308
-3470
-3597
-3674
-3672
-3741
-3790
-3820
-3715
-3415
-3128
-2953
-2849
-2795
-2710
-2482
-2193
-1955
-1851
-1776
-1641
-1334
-1075
-915
-857
-783
-637
-362
-8
379
667
791
888
988
1162
1327
1505
1652
1748
1699
1643
1544
1506
1631
1872
1988
1959
1816
1609
1461
1343
1273
1141
926
722
550
510
498
386
230
-11
-219
-303
-216
-71
47
117
-144
-795
-1776
-2998
-3920
-4153
-3653
-2801
-2193
-2275
-2965
-3738
-4035
-3706
-3140
-2703
-2619
-2524
-2178
-1464
-563
133
435
524
765
1353
2392
3373
4121
4576
4708
4844
5183
5630
6025
6289
6234
6040
5797
5668
5724
5781
5690
5288
4700
4075
3623
3403
3272
3075
2744
2423
2138
1870
1645
1259
766
167
-259
-635
-865
-1044
-1271
-1483
-1537
-1473
-1404
-1327
-1536
-1923
-2434
-2834
-3119
-3171
-3033
-2837
-2752
-2814
-3046
-3267
-3437
-3480
-3413
-3362
-3344
-3508
-3731
-3893
-3826
-3617
-3327
-3075
-2950
-2965
-2987
-2898
-2690
-2399
-2217
-2077
-2006
-1943
-1800
-1516
-1151
-711
-417
-299
-181
-95
155
529
900
1202
1433
1596
1721
1775
1713
1599
1479
1443
1507
1643
1819
1942
1939
1818
1668
1577
1524
1470
1333
1163
1006
835
636
497
425
321
250
170
156
262
375
419
382
323
236
-124
-886
-1945
-2907
-3405
-3299
-2876
-2555
-2541
-2896
-3350
-3556
-3517
-3285
-3140
-3123
-2936
-2492
-1824
-1082
-446
56
372
711
1171
1646
2264
3006
3734
4384
4953
5377
5638
5761
5846
5936
5873
5773
5548
5322
5161
5081
5007
4819
4534
4082
3625
3134
2753
2472
2224
1987
1787
1521
1220
924
669
495
314
92
-277
-698
-1081
-1276
-1298
-1234
-1297
-1523
-1728
-1901
-2006
-2156
-2397
-2673
-2796
-2880
-2924
-2959
-3075
-3267
-3467
-3564
-3540
-3461
-3503
-3690
-3937
-4085
-4043
-3975
-3859
-3639
-3381
-3110
-2908
-2837
-2781
-2759
-2594
-2416
-2184
-1844
-1497
-1120
-767
-363
12
286
475
558
556
648
812
1013
1143
1269
1399
1541
1628
1654
1586
1515
1501
1556
1684
1833
1829
1680
1471
1188
998
930
909
917
797
562
307
148
200
414
628
583
567
567
499
398
323
257
264
252
-13
-637
-1583
-2603
-3197
-3203
-2801
-2440
-2378
-2701
-3007
-3009
-2743
-2486
-2436
-2530
-2520
-2140
-1482
-758
-337
-23
186
475
979
1560
2148
2749
3302
3870
4340
4609
4736
4860
5123
5496
5782
5868
5730
5463
5216
5068
4985
4807
4585
4278
3994
3683
3279
2794
2219
1750
1544
1520
1488
1341
1027
614
120
-296
-677
-1023
-1192
-1292
-1360
-1436
-1530
-1732
-1844
-1961
-2096
-2350
-2723
-3120
-3376
-3413
-3227
-3117
-3109
-3209
-3423
-3473
-3517
-3446
-3343
-3339
-3333
-3298
-3306
-3238
-3076
-2992
-2898
-2792
-2612
-2507
-2431
-2363
-2229
-1902
-1506
-1205
-979
-800
-715
-641
-522
-398
-261
-79
138
417
685
941
1089
1169
1219
1202
1163
1190
1258
1310
1344
1356
1495
1672
1698
1575
1378
1041
793
701
747
811
773
552
254
2
-45
67
208
192
74
40
118
301
281
119
-111
-161
-15
163
139
-326
-1077
-1858
-2235
-2149
-1868
-1820
-2267
-2959
-3417
-3274
-2713
-2114
-1830
-1914
-2117
-1938
-1334
-678
-213
-35
102
385
945
1578
2102
2557
2996
3524
4001
4378
4627
4753
4952
5103
5239
5311
5282
5290
5179
5193
5087
4839
4541
4257
3972
3820
3551
3049
2530
2118
1876
1822
1846
1601
1273
839
309
-231
-677
-927
-1077
-1164
-1308
-1569
-1783
-1931
-1903
-1918
-2061
-2413
-2860
-3085
-3164
-3063
-2930
-2864
-2982
-3167
-3294
-3350
-3343
-3277
-3266
-3385
-3471
-3462
-3467
-3360
-3201
-3007
-2948
-2994
-3070
-3143
-2970
-2676
-2307
-2024
-1740
-1514
-1353
-1203
-1068
-998
-975
-800
-431
14
355
567
683
713
836
944
1096
1273
1338
1407
1340
1256
1257
1279
1295
1332
1322
1204
1115
1015
1006
1039
1064
1129
1048
924
858
746
614
522
417
388
369
368
277
-19
-392
-711
-779
-773
-714
-652
-555
-371
-223
-151
-250
-576
-787
-800
-686
-463
-417
-647
-1053
-1400
-1447
-1250
-995
-743
-694
-686
-710
-629
-446
-185
60
243
447
689
1006
1369
1712
1943
1989
1961
2047
2331
2760
3140
3470
3652
3679
3680
3656
3664
3606
3579
3531
3472
3424
3372
3368
3336
3258
3019
2725
2427
2203
2014
1657
1219
712
313
71
-15
33
1
-107
-358
-582
-827
-1118
-1343
-1557
-1759
-1842
-1869
-1873
-2016
-2112
-2292
-2477
-2600
-2714
-2734
-2750
-2706
-2720
-2865
-3128
-3376
-3485
-3384
-3106
-2787
-2622
-2603
-2671
-2779
-2853
-2838
-2684
-2461
-2201
-2002
-1860
-1738
-1710
-1722
-1613
-1443
-1276
-1054
-790
-454
-157
48
65
7
-24
24
165
323
459
696
847
979
1046
1038
1048
1076
1133
1178
1115
1053
1042
1065
1133
1092
1092
1065
1067
1117
1131
986
823
634
616
684
633
532
379
233
187
234
211
170
110
136
258
239
114
-51
-180
-223
-105
-39
-89
-173
-368
-516
-638
-811
-960
-1046
-1034
-757
-532
-460
-428
-472
-526
-474
-364
-259
-203
-158
3
235
580
819
1028
1216
1448
1693
1880
2021
2217
2506
2798
3066
3118
3125
3074
3082
3171
3202
3174
3118
3025
2977
2882
2701
2506
2230
2044
1954
1890
1846
1733
1522
1271
1040
861
666
499
287
49
-208
-462
-614
-702
-741
-833
-1056
-1309
-1470
-1641
-1738
-1871
-2023
-2127
-2290
-2459
-2563
-2592
-2611
-2688
-2894
-3153
-3336
-3396
-3436
-3375
-3309
-3237
-3209
-3197
-3105
-3095
-3089
-3106
-3076
-2961
-2720
-2423
-2196
-2040
-2009
-1994
-1973
-1874
-1675
-1399
-1082
-858
-684
-489
-310
-54
167
346
478
606
700
677
632
683
791
986
1163
1249
1270
1325
1349
1332
1266
1208
1250
1285
1290
1176
1035
1004
1059
1130
1212
1265
1231
1125
1058
1077
1114
1145
1147
1137
1172
1173
1140
1166
1226
1331
1403
1289
995
607
266
172
309
454
607
701
691
656
506
338
289
259
196
249
265
326
298
147
-145
-393
-541
-548
-401
-231
-116
-63
-26
-25
43
148
227
352
499
700
873
1024
1027
954
910
834
682
599
677
904
1360
1743
1913
1862
1778
1547
1384
1284
1199
1207
1173
1118
996
806
600
500
401
299
235
92
0
-77
-93
-10
0
-45
-251
-573
-838
-1018
-1159
-1215
-1202
-1288
-1330
-1371
-1448
-1502
-1553
-1508
-1415
-1334
-1330
-1532
-1844
-2120
-2410
-2565
-2602
-2579
-2458
-2404
-2384
-2409
-2374
-2375
-2284
-2172
-2069
-1929
-1773
-1652
-1565
-1470
-1544
-1626
-1689
-1707
-1625
-1462
-1214
-838
-425
-131
39
81
79
104
211
432
600
763
856
935
1019
987
983
956
936
953
1049
1209
1235
1208
1226
1215
1142
1155
1201
1176
1124
1006
851
742
700
749
725
617
520
427
425
562
799
1031
1138
1167
942
857
879
1010
1187
1357
1471
1448
1460
1466
1363
1121
852
601
552
707
939
1164
1210
1190
1115
927
727
495
404
445
668
933
998
855
496
136
-142
-258
-343
-351
-325
-283
-196
-244
-297
-373
-445
-545
-680
-791
-808
-789
-587
-312
-187
-168
-311
-545
-603
-545
-476
-310
-190
-38
7
-8
-56
-240
-488
-639
-627
-590
-557
-544
-564
-623
-563
-514
-383
-249
-88
-25
-45
-87
-155
-218
-363
-454
-525
-612
-720
-744
-706
-714
-758
-765
-715
-622
-514
-457
-395
-317
-172
-67
-92
-292
-655
-961
-1134
-1064
-847
-558
-271
-178
-194
-259
-364
-455
-438
-338
-217
-67
-42
-125
-288
-379
-419
-417
-350
-297
-190
-15
179
357
507
668
683
592
380
162
15
31
169
314
443
458
408
318
295
333
363
521
735
807
855
842
763
547
417
266
165
101
22
52
146
221
198
78
-94
-248
-367
-368
-256
-191
-92
0
38
43
-73
-238
-406
-496
-470
-295
3
279
433
477
403
324
255
312
478
656
870
972
970
846
598
486
489
608
811
936
951
768
642
574
607
681
654
564
465
321
204
95
37
81
163
351
463
394
147
-160
-322
-220
-29
187
278
234
170
84
-102
-256
-329
-335
-350
-398
-486
-469
-345
-76
181
308
324
163
-6
-184
-251
-366
-435
-522
-539
-458
-336
-201
-81
27
-14
-113
-233
-335
-409
-498
-621
-738
-822
-824
-817
-860
-952
-1135
-1231
-1243
-1223
-1208
-1267
-1253
-1218
-1133
-926
-730
-553
-561
-683
-834
-1012
-1074
-1039
-915
-682
-527
-410
-227
-143
-64
-51
-62
-64
-69
2
176
339
437
457
522
595
750
933
990
965
880
706
600
615
714
804
839
866
889
989
1099
1186
1120
936
710
529
545
625
742
892
957
953
866
889
948
866
706
498
260
45
-126
-172
-165
-23
87
123
-51
-239
-333
-329
-271
-255
-275
-422
-542
-630
-666
-587
-495
-442
-465
-506
-452
-298
-89
107
251
302
302
270
157
48
25
56
109
73
71
8
64
113
182
261
288
375
359
361
377
326
238
156
102
139
208
282
340
325
288
215
70
-71
-270
-447
-659
-906
-1145
-1286
-1241
-1101
-883
-641
-517
-569
-778
-955
-943
-840
-672
-670
-665
-667
-597
-453
-254
-137
-186
-417
-810
-1111
-1254
-1195
-1021
-760
-573
-433
-427
-520
-676
-818
-860
-706
-480
-119
382
709
892
972
969
954
899
946
1158
1553
2016
2432
2805
3046
3144
3090
2983
2841
2646
2413
2065
1768
1430
1193
1035
829
712
353
31
-235
-449
-474
-478
-481
-565
-642
-789
-882
-962
-964
-884
-708
-468
-249
-188
-319
-532
-771
-927
-1045
-1076
-1048
-1062
-1062
-1054
-1029
-1001
-957
-899
-844
-790
-678
-545
-537
-543
-626
-800
-1043
-1288
-1483
-1610
-1584
-1438
-1202
-985
-817
-746
-680
-598
-513
-479
-496
-524
-626
-667
-508
-273
-45
113
141
198
210
243
343
446
515
520
577
635
699
771
761
725
683
692
779
837
902
937
943
929
845
799
881
1135
1385
1563
1607
1530
1469
1424
1358
1249
1191
1207
1181
1091
994
933
812
647
430
95
-236
-419
-511
-644
-827
-1061
-1211
-1223
-1156
-1015
-902
-812
-832
-867
-775
-674
-418
-173
56
90
-15
-182
-313
-298
-213
-62
-9
16
63
55
146
209
236
198
118
35
21
32
104
145
138
32
-198
-396
-562
-555
-532
-406
-332
-407
-637
-985
-1331
-1552
-1511
-1242
-954
-769
-806
-937
-1043
-1032
-796
-504
-23
693
1350
1963
2388
2627
2773
2782
2766
2772
2757
2685
2593
2498
2308
2002
1706
1348
894
341
-236
-881
-1373
-1646
-1748
-1857
-2032
-2274
-2487
-2621
-2613
-2565
-2555
-2462
-2378
-2294
-2295
-2414
-2574
-2758
-2822
-2773
-2666
-2412
-2228
-2000
-1683
-1382
-1030
-622
-243
14
184
234
230
232
283
393
526
598
610
638
714
964
1215
1348
1362
1338
1482
1886
2430
2903
3189
3322
3273
3138
3050
2997
3085
3188
3203
3144
3045
2913
2665
2464
2245
1963
1684
1331
938
661
479
370
327
141
-98
-352
-521
-595
-634
-678
-752
-826
-897
-908
-932
-978
-1089
-1205
-1284
-1392
-1382
-1354
-1361
-1369
-1463
-1607
-1746
-1886
-1948
-1878
-1691
-1472
-1345
-1322
-1537
-1899
-2266
-2553
-2566
-2380
-2109
-1914
-1739
-1557
-1326
-1053
-753
-407
-70
274
489
548
530
552
721
956
1131
1278
1445
1468
1463
1330
1176
1068
964
912
851
736
626
543
444
403
306
267
210
161
151
43
-26
-64
-63
-86
-129
-195
-209
-161
-86
-38
-148
-277
-430
-596
-695
-636
-490
-369
-232
-49
134
320
478
600
531
402
287
177
175
114
-12
-218
-387
-556
-631
-556
-371
-123
56
101
105
124
167
343
654
1089
1565
2067
2442
2659
2822
2858
2807
2705
2487
2231
1864
1520
1218
895
534
124
-231
-489
-705
-854
-1007
-1152
-1253
-1365
-1396
-1476
-1520
-1603
-1660
-1757
-1920
-2107
-2339
-2484
-2596
-2567
-2500
-2257
-1944
-1676
-1517
-1411
-1303
-1183
-1013
-655
-161
298
730
1123
1451
1732
1951
2019
1921
1694
1499
1278
1080
869
716
603
369
167
-23
-125
-27
-30
-186
-453
-757
-1023
-1157
-1190
-1212
-1287
-1266
-1218
-1125
-973
-775
-533
-305
-171
-74
-34
-45
-15
-63
-96
-41
110
332
598
839
994
1162
1242
1252
1291
1378
1499
1560
1650
1777
1895
1899
1895
1854
1728
1719
1633
1534
1412
1199
1003
806
594
314
94
-113
-298
-447
-549
-642
-722
-821
-859
-861
-902
-829
-803
-842
-938
-1136
-1320
-1472
-1566
-1615
-1635
-1635
-1625
-1639
-1513
-1343
-1041
-623
-209
206
487
669
683
665
651
629
719
770
816
830
697
539
302
-3
-276
-485
-679
-714
-664
-669
-654
-717
-667
-651
-604
-619
-647
-632
-659
-618
-605
-603
-649
-668
-612
-539
-431
-470
-522
-561
-595
-588
-566
-586
-618
-524
-322
16
302
491
493
420
309
341
502
676
814
891
990
1074
1269
1472
1597
1613
1505
1338
1147
924
768
651
528
476
352
246
120
-15
11
32
105
166
161
150
96
60
-39
-95
-217
-301
-311
-236
-102
-49
30
-6
-77
-78
-33
46
135
360
726
1080
1289
1410
1612
1765
2004
2243
2378
2345
2097
1778
1476
1282
1041
821
660
456
204
-132
-595
-1181
-1751
-2311
-2748
-3034
-3142
-3049
-3007
-2917
-2819
-2733
-2614
-2469
-2295
-2109
-1986
-1831
-1687
-1549
-1329
-1176
-939
-739
-540
-353
-204
5
232
481
719
829
892
1020
1138
1210
1346
1426
1442
1446
1406
1321
1111
925
757
668
589
534
545
508
506
569
626
597
606
661
667
536
276
-28
-268
-405
-397
-412
-651
-899
-1106
-1279
-1259
-1136
-1017
-939
-1062
-1150
-1188
-1257
-1210
-1118
-1070
-979
-827
-660
-396
-139
35
127
289
435
561
740
960
1116
1229
1452
1606
1757
1739
1603
1357
1167
1101
1013
1033
913
759
634
545
417
255
122
40
-43
-3
184
395
545
647
673
570
500
488
414
302
225
156
249
340
375
225
28
-93
-230
-279
-246
-270
-469
-644
-829
-891
-834
-622
-387
-377
-467
-695
-826
-847
-873
-873
-939
-1082
-1178
-1186
-1121
-967
-732
-495
-369
-351
-369
-384
-465
-536
-599
-533
-438
-245
-2
130
167
183
188
288
302
343
403
365
370
309
348
381
392
466
475
463
400
281
41
-115
-169
-199
-172
-169
-120
-25
146
239
372
430
385
259
132
157
226
417
630
712
697
533
415
311
200
278
366
566
726
782
700
595
491
459
458
405
371
166
91
189
293
410
465
373
224
107
-7
-69
-77
-79
-148
-169
-264
-350
-442
-509
-585
-680
-771
-948
-1040
-1128
-1085
-944
-747
-671
-663
-660
-763
-702
-705
-655
-707
-880
-944
-928
-755
-490
-278
-130
8
-20
-4
35
66
56
-65
-197
-356
-344
-271
-36
310
524
653
625
548
496
455
490
574
710
863
916
791
558
271
-6
-38
56
96
102
154
218
255
354
326
250
189
50
-51
-151
-207
-130
-74
24
105
-2
-100
-144
-190
-149
-160
-158
-187
-185
-195
-212
-99
-84
-57
88
253
245
196
44
-113
-172
-197
-84
32
113
243
324
327
356
320
322
383
439
450
424
403
438
482
474
398
237
231
310
398
439
329
216
131
94
47
-35
-106
-234
-285
-380
-433
-466
-464
-447
-348
-178
-47
105
237
319
310
262
158
140
142
148
61
-8
-7
-44
-75
-116
-135
-113
-54
-48
-47
-92
-102
-159
-261
-386
-400
-374
-267
-118
-32
18
-46
-129
-270
-450
-484
-452
-382
-393
-387
-369
-353
-232
-57
-15
-21
-139
-324
-497
-672
-726
-625
-497
-511
-563
-622
-643
-571
-471
-396
-409
-471
-542
-602
-611
-535
-387
-299
-210
-174
-194
-151
-14
181
351
437
492
534
577
604
610
633
647
764
868
988
1014
1055
1044
1017
1010
983
982
976
991
945
839
615
492
465
536
693
793
847
727
556
451
353
328
263
175
70
-94
-202
-285
-356
-313
-262
-245
-261
-332
-454
-539
-544
-552
-643
-728
-818
-856
-882
-920
-894
-826
-781
-702
-559
-370
-232
-105
75
100
56
139
195
182
110
59
33
59
125
168
154
67
-19
-43
2
104
51
-138
-384
-566
-676
-685
-555
-334
-98
19
46
-56
-176
-225
-228
-140
-25
75
166
136
164
135
197
288
294
253
209
193
147
-4
-107
-245
-347
-257
-158
-78
11
104
212
207
123
-12
-167
-241
-286
-245
-237
-263
-248
-228
-143
-42
47
126
170
135
89
29
-4
-66
-76
-52
-15
204
490
727
812
769
716
672
747
841
902
914
866
828
770
652
507
453
408
346
327
144
-39
-262
-377
-434
-278
-195
-278
-395
-643
-800
-915
-910
-908
-933
-883
-784
-718
-665
-648
-645
-657
-633
-529
-368
-260
-214
-191
-230
-267
-210
-122
35
163
230
229
77
-11
-131
-94
68
317
445
535
659
758
877
976
1010
1034
1042
1027
1004
879
773
612
471
345
298
247
188
94
-8
-135
-191
-197
-200
-171
-235
-344
-439
-442
-302
-51
118
121
4
-196
-346
-497
-580
-657
-769
-774
-790
-792
-736
-684
-512
-304
-113
-14
-39
-62
-98
53
300
426
489
315
72
-78
-105
-29
67
222
218
31
-280
-578
-705
-620
-443
-322
-267
-250
-363
-484
-562
-596
-585
-579
-514
-453
-351
-235
-44
191
368
522
613
659
610
478
422
434
488
588
682
790
891
985
1040
1038
1060
949
794
658
538
459
499
496
511
594
510
399
238
40
-157
-337
-558
-779
-945
-1084
-1085
-1097
-1063
-980
-896
-774
-690
-705
-706
-685
-725
-825
-878
-761
-653
-497
-377
-305
-325
-296
-174
-110
-43
-16
-23
-23
-59
-75
-25
-42
-33
-44
-1
82
138
315
447
587
717
742
707
688
681
758
927
1042
1003
947
837
661
652
691
699
812
928
896
741
613
420
272
254
241
266
347
378
312
153
-61
-268
-415
-537
-655
-738
-692
-639
-491
-353
-281
-161
-140
-75
-104
-57
-50
-9
21
-46
-5
16
146
262
340
216
1
-181
-308
-300
-241
-112
-101
-245
-407
-510
-568
-464
-284
-216
-156
-262
-221
-180
-205
-202
-197
-105
-47
-32
-38
-85
-230
-398
-629
-806
-847
-724
-564
-466
-455
-462
-503
-491
-412
-371
-364
-367
-350
-214
-46
83
264
417
558
662
670
657
570
527
573
515
432
271
136
3
-68
-138
-206
-238
-301
-396
-555
-594
-586
-438
-312
-207
-257
-279
-218
-153
-136
-165
-173
-37
124
235
383
423
380
239
163
129
156
225
375
453
593
720
743
682
474
325
250
281
470
603
674
533
284
99
24
102
158
252
223
239
202
228
255
188
105
-73
-198
-287
-278
-129
174
421
589
645
623
551
499
441
406
486
607
771
814
751
595
454
427
405
326
226
74
-125
-202
-195
-175
-181
-279
-486
-749
-937
-986
-873
-756
-611
-608
-733
-843
-908
-938
-850
-768
-711
-655
-651
-714
-800
-908
-1015
-1038
-1042
-989
-884
-735
-649
-532
-443
-350
-225
-191
-235
-298
-377
-404
-327
-239
-144
-168
-275
-477
-650
-603
-468
-197
115
369
509
525
546
591
656
722
790
796
790
737
806
897
860
759
623
471
342
292
259
303
426
580
717
838
925
873
770
609
453
275
206
146
113
241
375
500
494
374
232
94
28
-76
-194
-290
-372
-357
-197
-47
61
85
96
139
163
166
125
134
130
187
177
196
152
104
151
127
16
-177
-393
-662
-762
-715
-474
-211
9
186
264
256
115
-122
-375
-506
-473
-447
-350
-244
-114
35
156
152
30
-170
-349
-497
-544
-475
-357
-218
-5
178
214
306
244
261
205
95
102
119
160
129
141
182
181
176
178
172
165
90
89
72
-48
-126
-264
-356
-353
-257
-5
195
172
7
-182
-332
-386
-381
-353
-300
-255
-124
-90
-68
-82
-181
-270
-225
-4
185
252
262
164
106
18
-63
-135
-178
-194
-246
-320
-408
-528
-656
-646
-524
-484
-492
-483
-602
-672
-685
-612
-470
-278
-99
-16
24
41
113
258
289
298
275
172
131
100
188
296
417
527
463
359
251
177
178
177
194
217
326
436
583
641
559
411
263
159
147
234
304
411
482
526
521
472
426
428
368
303
264
251
273
264
313
265
205
113
-30
-160
-283
-346
-338
-187
-78
68
113
0
-133
-234
-234
-267
-269
-333
-389
-392
-369
-298
-214
-77
49
164
166
126
139
166
180
234
311
358
341
203
52
31
46
73
111
147
88
-101
-331
-459
-605
-615
-525
-458
-344
-265
-227
-193
-115
-97
-39
-34
-149
-255
-322
-376
-371
-298
-262
-283
-261
-248
-244
-221
-219
-215
-198
-103
-48
-60
-119
-97
65
183
281
292
202
163
182
289
371
353
157
-83
-351
-479
-492
-330
-193
-94
-13
-69
-95
-126
-170
-170
-117
2
155
185
97
3
8
95
200
207
261
201
196
263
218
130
69
52
11
47
218
504
714
892
919
876
716
469
265
187
205
348
511
513
347
161
6
-189
-296
-341
-308
-380
-450
-422
-417
-325
-253
-240
-203
-242
-299
-332
-323
-334
-304
-178
-41
62
188
299
374
418
466
433
358
223
98
39
102
290
459
591
586
552
426
242
99
28
-25
-52
-62
-117
-227
-391
-520
-508
-448
-283
-183
-262
-366
-567
-761
-791
-657
-440
-174
51
123
142
129
139
216
202
222
164
68
-23
-137
-71
33
104
-15
-244
-461
-578
-602
-497
-339
-313
-372
-469
-581
-633
-613
-573
-576
-660
-722
-690
-670
-629
-521
-381
-164
55
266
345
326
275
191
217
295
395
453
506
535
507
490
453
478
530
565
505
461
481
447
418
322
319
445
629
771
791
709
655
636
591
519
357
222
268
312
381
353
180
8
-239
-417
-557
-528
-489
-357
-268
-275
-206
-268
-354
-476
-511
-463
-375
-218
-89
-114
-240
-366
-425
-364
-287
-201
-141
-172
-223
-183
-185
-224
-292
-379
-368
-284
-82
171
431
484
472
434
303
241
214
288
446
528
451
349
147
-81
-150
-107
127
366
490
422
331
124
56
144
256
458
550
551
490
360
231
205
178
163
118
39
-7
-41
-56
-54
-145
-266
-440
-573
-646
-732
-756
-794
-853
-825
-709
-563
-535
-548
-531
-541
-523
-538
-525
-521
-390
-267
-110
-52
-127
-119
-175
-180
-169
-149
-17
87
86
34
-70
-76
43
148
319
392
287
166
8
-62
-63
-29
93
245
302
370
333
255
278
341
424
440
416
390
368
322
331
323
288
244
278
283
292
297
223
281
391
450
465
512
487
442
367
214
70
10
-17
-86
-7
74
148
165
94
10
-62
-27
54
120
58
-138
-281
-309
-203
-38
124
175
51
-100
-203
-255
-252
-285
-269
-266
-215
-140
-51
-26
-180
-358
-459
-443
-401
-432
-595
-814
-924
-867
-644
-415
-323
-336
-361
-384
-486
-403
-226
-12
105
71
14
-39
8
-21
-66
-141
-198
-219
-169
-32
117
215
234
207
92
-86
-309
-350
-246
-61
119
135
75
-65
-118
-116
-99
-36
146
375
584
640
533
405
412
545
694
771
733
740
761
842
912
813
770
691
597
577
622
728
766
702
614
520
395
381
320
295
311
373
456
600
602
471
321
-13
-319
-526
-562
-562
-491
-369
-274
-313
-487
-667
-812
-883
-948
-1034
-1102
-1117
-1044
-918
-770
-652
-588
-661
-883
-1054
-1214
-1240
-1091
-877
-599
-448
-494
-559
-679
-711
-684
-632
-440
-296
-238
-284
-362
-397
-380
-346
-290
-213
-52
203
460
635
668
562
361
207
202
278
450
725
969
1123
1193
1234
1175
1108
998
917
970
1018
1011
983
914
861
906
962
979
949
840
743
613
592
603
605
585
522
331
75
-17
-54
35
17
-74
-269
-393
-460
-475
-351
-287
-375
-563
-801
-938
-927
-788
-617
-518
-423
-404
-390
-355
-421
-460
-494
-480
-462
-553
-639
-821
-873
-732
-464
-239
-130
-84
-61
-127
-136
-89
-85
-117
-164
-170
-106
-37
-36
-80
-74
-38
63
137
83
39
-19
-95
-177
-254
-322
-304
-200
-124
-69
2
53
176
205
134
102
70
-49
-139
-258
-281
-200
-68
66
97
88
41
37
174
399
560
610
498
356
226
149
145
155
239
276
297
472
536
590
598
508
466
453
441
470
580
671
738
683
580
512
501
451
333
105
-141
-280
-328
-320
-361
-374
-400
-422
-399
-401
-412
-453
-561
-673
-697
-651
-576
-393
-196
-11
163
233
271
217
93
-44
-148
-177
-237
-301
-370
-458
-518
-460
-334
-94
114
93
55
-65
-58
86
227
359
469
556
614
529
451
368
217
89
-29
-133
-154
-130
-93
-57
-42
-1
-89
-110
-90
-22
108
260
328
294
144
-4
-16
4
81
177
178
84
-82
-260
-327
-371
-425
-490
-487
-397
-370
-345
-280
-256
-157
-46
-149
-376
-659
-838
-833
-640
-397
-192
69
80
56
21
-60
-127
-265
-385
-367
-83
116
317
363
233
173
153
157
183
184
148
173
126
173
97
74
47
34
137
264
330
382
416
322
281
277
163
103
77
179
273
268
398
495
572
682
710
659
549
363
241
152
103
87
184
332
436
461
366
155
-22
-138
-92
55
206
325
257
219
73
-42
-135
-214
-208
-207
-102
-76
-90
-161
-347
-522
-635
-592
-440
-343
-294
-321
-376
-354
-336
-301
-287
-310
-373
-440
-525
-624
-674
-714
-638
-495
-339
-225
-207
-190
-171
-144
-57
126
252
271
187
47
-27
47
208
259
187
2
-143
-180
-134
53
208
357
420
316
238
245
305
346
331
196
29
-81
-223
-274
-157
8
135
218
198
194
191
100
71
138
191
286
337
247
85
-8
-62
2
98
205
335
242
57
-168
-410
-625
-641
-412
-21
300
347
196
-58
-281
-430
-304
-94
150
351
380
381
388
357
315
235
130
66
31
92
199
307
385
397
290
162
89
122
227
348
291
205
84
20
6
88
187
235
213
8
-220
-543
-773
-829
-723
-577
-485
-546
-668
-807
-913
-911
-725
-472
-199
55
147
159
59
-6
19
41
39
92
62
38
-22
-70
-46
16
42
34
-51
-174
-180
-83
87
214
352
401
453
475
400
344
185
-5
-124
-174
-70
34
183
300
350
317
232
204
141
50
-60
-69
-108
-108
-105
-58
-6
32
178
260
300
306
216
186
68
-59
-100
-48
67
197
252
277
245
123
34
-103
-162
-258
-282
-283
-241
-206
-200
-220
-257
-177
-137
-66
16
36
57
12
-28
-97
-201
-378
-534
-530
-419
-160
-111
-56
-113
-189
-251
-332
-263
-213
-82
-31
22
46
34
55
135
131
139
182
273
360
345
359
316
208
113
49
115
264
408
494
497
439
249
51
-103
-194
-93
63
165
193
143
75
31
73
160
249
369
488
420
266
77
36
83
130
23
-92
-159
-192
-194
-229
-257
-333
-395
-372
-266
-222
-235
-336
-405
-365
-195
5
21
-16
-69
-103
-82
-53
-49
-71
-129
-245
-401
-525
-506
-387
-285
-268
-376
-402
-392
-353
-250
-141
16
99
143
150
85
27
15
43
162
269
333
385
375
453
371
307
207
84
52
69
70
41
47
63
46
61
11
-60
-111
-126
-25
17
144
267
328
343
427
412
255
115
81
150
146
176
141
153
182
239
267
178
150
121
112
150
168
192
190
93
38
32
69
149
251
271
271
298
203
113
21
-140
-253
-264
-299
-296
-237
-124
2
64
39
-118
-167
-137
-143
-129
-174
-149
-42
34
30
-106
-289
-424
-507
-494
-366
-321
-237
-207
-194
-123
-143
-125
-144
-253
-271
-307
-331
-291
-294
-243
-200
-140
-130
-211
-306
-367
-219
-34
158
318
282
165
-14
-151
-267
-357
-228
-64
-12
-75
-211
-334
-405
-258
-79
38
19
-29
-7
18
61
120
50
-12
-20
91
204
295
368
399
434
397
397
388
272
173
147
157
209
205
156
111
62
-4
58
172
280
453
572
575
518
413
327
213
197
315
339
348
373
354
344
325
316
271
179
24
-58
-77
-102
-63
-82
-241
-501
-577
-473
-285
-108
13
81
38
8
-41
-54
38
134
66
-57
-129
-225
-202
-188
-171
-85
-49
-83
-171
-243
-295
-261
-227
-193
-157
17
104
133
106
24
-64
-130
-164
-172
-244
-245
-130
-3
154
265
294
224
109
60
-52
-80
-1
52
83
9
-81
-163
-180
-155
-124
-173
-176
-209
-321
-338
-397
-445
-476
-452
-374
-279
-157
-131
-168
-270
-438
-503
-537
-451
-286
-40
201
271
252
110
-30
-248
-282
-247
-194
-117
-113
-81
-106
-97
-48
64
230
389
495
490
453
383
306
260
200
199
135
223
410
593
736
687
581
424
228
104
28
10
32
152
445
623
672
573
383
170
43
17
4
40
35
9
-45
-36
32
86
80
-19
-117
-203
-270
-190
-101
31
100
37
-69
-163
-155
-168
-38
16
79
204
184
42
-63
-123
-155
-40
106
222
308
255
91
-103
-362
-512
-538
-473
-327
-216
-254
-335
-380
-487
-444
-325
-249
-93
-28
28
82
63
-49
-140
-253
-296
-296
-164
-47
19
-47
-126
-88
-82
2
56
13
31
46
33
73
94
155
182
201
216
237
323
464
478
426
356
257
192
164
66
82
138
191
248
325
390
306
196
-43
-279
-442
-470
-378
-327
-247
-129
-12
31
14
-96
-196
-233
-181
-102
-67
-62
-153
-203
-285
-360
-362
-291
-228
-120
-32
-17
-113
-222
-212
-183
-131
-75
-96
-91
57
241
364
353
206
31
-34
-32
-12
39
226
357
449
420
199
-34
-230
-269
-237
-117
-16
-100
-193
-233
-151
104
389
609
584
402
237
225
239
334
399
441
413
266
94
-130
-205
-191
-121
-162
-261
-348
-366
-210
-118
-94
-9
101
114
80
50
93
106
186
210
206
343
360
393
437
369
227
75
-72
-130
-214
-197
-157
-115
-140
-165
-187
-206
-239
-216
-205
-293
-374
-404
-412
-445
-475
-406
-194
-117
83
170
130
98
-127
-391
-554
-483
-265
-59
63
34
-94
-265
-410
-488
-513
-312
-129
-20
32
23
-111
-215
-265
-109
99
317
527
566
480
302
105
-72
-88
-92
-111
-130
-157
-186
-131
-74
9
73
72
49
-15
-63
36
166
343
515
626
598
564
527
498
414
207
-6
-203
-260
-145
33
249
348
259
137
-90
-346
-488
-467
-416
-339
-209
-111
8
134
213
361
509
668
758
738
662
504
344
165
76
91
176
356
429
406
352
234
176
132
174
178
196
195
70
-86
-244
-285
-191
32
308
454
404
152
-24
-183
-245
-207
-122
-58
-78
-100
-117
-167
-148
-100
-180
-244
-267
-300
-292
-297
-361
-364
-444
-502
-541
-609
-566
-423
-260
-166
-171
-293
-467
-644
-610
-525
-410
-217
-175
-266
-360
-411
-404
-369
-350
-350
-294
-292
-234
-162
-128
-88
-54
-20
-28
-85
-236
-270
-287
-209
-61
46
169
260
214
171
128
153
275
279
314
372
427
480
435
295
149
103
104
269
557
724
723
623
462
331
291
344
405
370
353
350
456
472
505
515
431
354
303
190
119
95
135
227
229
217
107
-12
-175
-129
-74
-22
58
98
169
129
57
-170
-393
-538
-603
-554
-462
-355
-249
-207
-153
-50
55
91
-20
-119
-295
-485
-553
-552
-535
-444
-322
-295
-344
-413
-391
-286
-158
-3
10
-68
-168
-256
-273
-242
-191
-153
24
212
415
436
269
56
-153
-177
-6
217
394
549
515
533
595
556
534
374
264
195
112
150
196
