1246
1341
1357
1370
1415
1447
1403
1196
1076
1138
1381
1536
1639
1547
1320
984
840
783
722
680
708
694
749
738
734
839
751
604
499
486
461
526
703
974
1026
832
563
419
371
388
297
125
-207
-549
-679
-632
-565
-633
-833
-1142
-1446
-1679
-1648
-1490
-1296
-1257
-1572
-1852
-1974
-1889
-1539
-1116
-928
-925
-950
-1012
-1174
-1174
-1279
-1196
-886
-769
-611
-651
-627
-537
-177
161
549
592
289
30
-60
110
357
762
1106
1191
939
571
-85
-402
-386
-137
159
478
654
653
630
513
325
260
179
-22
-60
-52
178
546
672
655
561
346
405
498
520
583
685
783
785
518
194
90
243
298
183
41
-208
8
224
539
371
-39
-225
-304
-99
89
232
188
87
-227
-404
-490
-504
-366
-408
-325
-262
-407
-509
-522
-472
-216
-56
-193
-420
-592
-599
-310
-35
145
59
4
36
143
198
193
91
31
189
189
278
304
331
427
383
350
113
-200
-300
-477
-524
-294
74
380
459
336
132
73
72
108
119
99
15
54
118
278
391
170
-206
-331
-224
35
314
611
562
438
213
20
-144
-440
-206
116
465
554
319
48
-118
-95
104
206
180
-183
-451
-552
-300
13
355
662
621
655
478
429
355
372
397
443
347
99
-139
-283
-279
-346
-534
-709
-821
-954
-873
-692
-513
-386
-386
-446
-647
-858
-1013
-1095
-974
-692
-539
-470
-648
-726
-706
-597
-349
-131
26
60
-136
-465
-698
-809
-653
-400
-32
232
429
552
567
584
500
228
-32
-84
2
316
708
856
810
816
830
740
526
303
255
343
447
486
177
-181
-289
-77
190
421
521
559
379
232
261
225
17
-281
-306
-297
-84
204
288
79
-333
-690
-634
-183
293
549
425
39
-319
-220
241
668
809
514
203
116
296
475
574
626
480
536
624
599
581
285
37
-197
-379
-376
-199
128
266
283
204
24
-165
-215
-88
-66
37
148
273
394
522
735
533
119
-422
-682
-499
-171
164
248
232
137
-3
-180
-273
-80
114
205
-36
-353
-758
-839
-732
-409
-132
-223
-396
-500
-560
-625
-552
-484
-621
-667
-585
-647
-594
-520
-464
-675
-1009
-1148
-1065
-958
-802
-813
-993
-1049
-1025
-767
-347
33
359
362
232
226
206
93
115
283
408
552
571
505
283
75
-32
46
153
235
244
172
310
236
276
338
375
531
514
536
338
-40
-220
-239
-126
-45
18
-92
-131
-101
44
260
389
376
303
418
524
531
689
757
751
716
651
400
227
69
109
158
255
419
518
809
1069
1333
1215
928
804
801
861
917
836
596
424
96
78
318
479
474
268
290
281
299
226
1
-345
-545
-482
-336
-21
324
463
404
281
44
-238
-558
-635
-552
-695
-814
-863
-1043
-1081
-1130
-1002
-686
-547
-585
-767
-1196
-1381
-1395
-1011
-581
-462
-526
-781
-956
-1070
-1110
-950
-779
-637
-525
-519
-385
-134
90
276
294
47
-285
-623
-745
-758
-793
-775
-688
-557
-335
-81
173
352
304
80
-26
-143
-123
-122
68
326
442
545
422
193
115
26
-18
29
108
113
77
195
208
349
580
646
821
832
829
734
535
507
629
919
1115
911
621
371
242
394
630
849
860
821
733
694
685
697
783
825
665
499
198
-4
-106
-168
-53
19
214
245
404
696
716
518
276
155
243
321
330
252
54
71
245
342
288
102
-25
22
195
282
200
88
100
324
451
313
64
-303
-691
-1000
-1180
-1328
-1188
-975
-591
-393
-649
-1039
-1472
-1756
-1842
-1589
-1374
-1117
-946
-891
-687
-539
-534
-564
-732
-936
-1077
-1246
-1273
-1132
-871
-628
-427
-271
-320
-465
-545
-484
-396
-377
-389
-184
61
305
790
1058
1209
1302
1317
1263
1327
1676
1781
1558
1146
519
66
-73
-51
220
458
569
669
758
795
589
335
151
315
605
763
765
509
377
223
177
151
236
365
288
133
-323
-718
-840
-724
-524
-214
103
136
108
132
220
289
151
-35
-124
-192
-220
-256
-299
-401
-308
-148
-68
14
-156
-459
-787
-957
-801
-542
-275
-70
42
101
142
166
286
158
171
130
11
-66
-196
-183
-24
488
930
1356
1515
1286
1023
596
419
326
399
536
629
599
305
33
-120
33
15
16
32
32
-28
9
-72
-55
49
69
164
116
-50
-143
-170
-76
-131
-384
-659
-877
-703
-539
-311
-205
-296
-435
-499
-472
-624
-860
-880
-951
-938
-1050
-1077
-857
-587
-252
-195
-104
-246
-483
-507
-462
-216
5
1
-94
-303
-243
-144
-65
-99
-209
-285
-421
-450
-447
-201
34
159
46
-49
-203
-241
-153
-17
40
-336
-808
-1092
-823
-77
633
1035
1057
909
702
551
580
525
350
382
430
435
435
540
668
839
1092
1082
1050
820
525
496
623
601
485
576
531
552
669
546
453
349
358
452
516
553
491
359
411
528
484
284
-163
-316
-345
-327
0
85
-45
-166
-301
-1214
-3211
-3559
-467
4113
6267
4297
114
-3523
-3819
-3826
-5398
-6401
-3177
3323
7428
6184
1308
-1896
-1187
1790
3270
1847
-383
-1200
-588
-286
-768
-1347
-1145
-198
11
-572
-1275
-1469
-987
-754
-1046
-1581
-1494
-1404
-1422
-1637
-1887
-2174
-2887
-4274
-9077
-9559
-3375
5466
11186
7074
-3430
-8421
-4070
4317
10579
9393
4777
2881
3267
2445
-2142
-6121
-7268
-5746
-1698
1552
4175
5503
4430
2706
2221
2366
816
665
1760
2602
3110
3332
2790
-664
-2143
-1489
1347
7040
8856
7034
3840
3048
4981
4595
3589
2646
2138
2069
961
527
-1
-2001
-4193
-5635
-4784
-2460
-1871
-2883
-3310
-2667
-897
1276
1464
1110
1345
1970
2490
1888
1663
299
-1301
-2316
-3522
-3341
-3640
-5080
-6581
-7537
-8016
-8914
-10407
-12452
-13840
-13644
-12279
-10451
-9236
-8470
-7036
-4404
-881
2279
4491
5354
5158
5179
5437
5901
5849
4532
2498
586
-734
-1953
-3620
-5236
-6096
-5372
-2896
65
2520
4471
5939
7449
9034
10055
10270
9650
8990
8910
9439
9998
9771
8803
7438
6110
5472
5047
4891
4894
4985
5454
6119
6815
6909
6260
4957
3383
2133
1164
526
-26
-112
279
422
391
-244
-962
-1248
-1040
-484
344
1352
2213
2486
2109
1658
1344
1985
2833
3377
3541
3155
3176
3547
4237
3447
-1225
-10015
-20534
-27075
-26304
-19404
-11175
-6124
-4550
-3681
-433
4278
6973
5542
2088
1265
5659
13843
21450
25036
23977
20186
16223
12829
9125
4168
-1385
-5694
-7347
-6063
-3476
-2022
-3826
-8797
-14397
-17989
-18515
-17068
-14237
-9556
-2077
7650
16594
21571
21026
16701
12175
9991
9684
9142
7494
5588
4801
4786
3913
54
-6898
-14694
-20190
-21156
-18534
-14447
-10697
-7586
-4435
-1157
1660
3060
2739
1575
1326
3379
7193
10763
11994
10242
6204
1188
-3669
-8260
-11827
-13648
-12891
-9416
-4814
-1077
125
-663
-2141
-3406
-4070
-4646
-5226
-5172
-3748
-1007
1438
1320
-1667
-5988
-9071
-9346
-6848
-3370
-586
981
1947
3288
4329
4608
3452
1723
530
383
1219
1870
1740
874
147
309
1445
2886
2512
-1612
-10092
-20575
-27226
-26275
-18609
-9966
-5298
-4425
-3680
816
7882
12859
12010
6453
1788
3139
10551
19052
23853
23895
21631
19803
18611
16385
11544
4598
-2082
-6467
-7563
-6300
-4088
-2219
-1643
-2381
-4209
-6412
-8476
-9865
-9849
-7743
-2963
3943
11432
17499
20839
21611
20774
19230
16723
13129
9241
6369
5547
6060
5776
3119
-1898
-7424
-11469
-13515
-14653
-16115
-17520
-17209
-13834
-8060
-2298
1272
2181
1948
2524
4345
6543
7616
7062
5518
4237
3282
1874
-314
-3162
-6085
-8121
-8569
-7890
-7000
-5893
-4153
-2834
-2452
-3332
-5682
-8124
-9625
-9778
-8628
-8018
-9003
-11690
-12594
-10111
-6862
-5270
-6693
-9396
-10132
-8450
-4627
-977
-233
-2611
-6577
-8956
-9024
-6357
-3073
-2782
-5275
-8315
-9290
-7277
-3988
-1907
-2263
-3951
-4691
-3179
-64
2640
2564
-1618
-9025
-16344
-19694
-17166
-10849
-4944
-2541
-3377
-4116
-1729
3713
8933
10208
6908
1907
-588
1788
7531
13262
16171
15953
14126
12602
12298
12548
12518
11748
10591
9674
9389
9672
10418
11365
12117
12093
11490
10812
10525
10774
11009
10701
9541
7910
6393
5564
5505
5772
5900
5593
4793
3900
3306
2809
2319
1491
255
-1212
-2453
-2758
-2359
-1616
-1177
-1589
-2743
-4302
-5398
-5897
-6266
-7001
-8198
-9215
-9505
-8899
-7908
-7457
-8000
-9188
-10229
-10415
-9709
-8626
-7951
-7996
-8513
-8792
-8618
-7817
-6781
-5933
-5300
-5091
-4871
-4531
-4035
-3334
-2907
-2708
-2874
-3031
-3009
-2530
-1574
-608
98
313
-127
-732
-1208
-1471
-1407
-1086
-793
-605
-507
-680
-733
-685
-411
-171
-255
-436
-662
-478
-33
583
1310
1779
2000
1974
1894
1706
1448
1128
967
1242
1961
2765
3192
3245
3207
3341
3758
4212
4368
4660
5237
5692
4876
2401
-758
-2742
-2598
-1109
357
803
475
430
1394
2667
2789
447
-3658
-7284
-8608
-7663
-6157
-5258
-4938
-3677
-612
3568
6628
6339
2600
-2094
-4167
-2127
2661
6807
8134
7173
6214
7091
9207
10348
8773
5007
1432
115
1758
3528
2312
-467
-1975
1334
8807
14069
12175
4324
-4958
-9562
-6941
-1136
3268
3763
1466
141
1233
3366
3871
1288
-3173
-6917
-8584
-9033
-9877
-11398
-11769
-9662
-5273
-913
1132
228
-1857
-2914
-2128
-348
615
479
-194
340
2484
4432
3508
980
-3146
-6152
-4049
-48
3620
5248
4411
4069
5271
6096
5943
2623
-1955
-3116
-714
1804
2186
496
-1636
-2927
-2972
-2047
-2016
-3811
-5269
-4627
-1993
1595
3747
3504
1762
746
1960
4474
6181
6411
5503
4479
4194
4392
4627
4654
4489
4770
5460
5869
3552
-3365
-14353
-24819
-28369
-23671
-14956
-8408
-5657
-4461
-1969
2551
6793
8136
5688
2060
1843
7426
16672
24351
26839
24199
19148
14547
10662
6215
-205
-7542
-12894
-14034
-11247
-7654
-6171
-8119
-12601
-17663
-21644
-23658
-23513
-20582
-14432
-5257
5336
14438
19749
20428
17718
13978
10815
8915
8049
8125
9307
11250
12607
11612
7159
-450
-9429
-17342
-22406
-24337
-23499
-20448
-15252
-8580
-1961
2826
4577
4422
4274
6079
10090
14795
18549
20169
19690
17310
13007
6950
-301
-6910
-10752
-10421
-6483
-820
4369
7849
9640
10186
10023
9097
7793
7018
7815
10095
12487
13018
10431
5053
-1455
-7193
-10575
-11224
-9407
-5604
-663
4397
8360
10072
8985
5465
1043
-2199
-3567
-3443
-2821
-2254
-1740
-1122
-708
-552
-542
-10
1155
1707
-483
-7330
-17773
-27072
-29116
-22782
-12532
-4262
-340
1007
2719
5957
9219
10301
8508
5398
4166
7366
14615
22168
25634
23154
16299
8316
1622
-3802
-8981
-13952
-17269
-16975
-12940
-7075
-2158
144
-404
-2923
-5846
-7096
-4941
903
9029
17208
23234
25983
25278
21786
16332
9931
3556
-1870
-5483
-6806
-5797
-3480
-1893
-2918
-7047
-13174
-18899
-22284
-22346
-19544
-14686
-8152
-681
7043
13288
16317
15719
12039
7611
4513
4156
6312
9052
10228
8596
4116
-2383
-9171
-14891
-18160
-18218
-14987
-9073
-1985
4536
8775
9688
7268
2727
-2161
-5587
-6181
-4080
-336
3313
5212
4948
2698
-337
-2995
-4360
-3998
-1784
1847
5970
9435
10964
9685
5996
1065
-3885
-7425
-8957
-8056
-5633
-3048
-1196
-229
360
841
1538
2436
3599
4334
2822
-3059
-13312
-24394
-29449
-25168
-14581
-4328
1336
2983
3369
4916
7383
9233
9160
7292
5568
6660
11896
19526
25284
25717
20253
11294
2431
-4087
-8183
-10744
-12283
-12225
-10232
-6563
-2461
664
1715
68
-3552
-6853
-6897
-1783
7327
17147
24089
26319
24343
19674
13998
8514
3510
-854
-4188
-5817
-5032
-2533
-193
-570
-4740
-11727
-18711
-22675
-22475
-18721
-13004
-6638
-274
5360
9441
11094
10020
7086
3864
2090
2664
5215
8335
10087
8895
4424
-2446
-9876
-15660
-18101
-16851
-12771
-7349
-2069
2144
4551
4771
2878
-652
-4576
-7109
-7030
-4339
-375
2801
3887
2716
-42
-3069
-5318
-6089
-5196
-2868
604
4290
7021
7687
5840
2298
-1675
-4702
-6502
-7011
-6270
-4610
-2148
279
2179
2913
2672
1926
1674
2436
3772
3898
155
-8560
-20454
-28758
-27734
-17918
-5895
2072
4501
3417
2373
3509
6432
8926
8854
6879
6248
9871
17344
24270
26284
21738
12614
2809
-4402
-8107
-9090
-8757
-7955
-7077
-6030
-4368
-2433
-1202
-1851
-4576
-7674
-8345
-4028
5114
15793
23883
26568
23807
17676
11031
6121
3127
1214
-331
-1459
-1467
-430
714
183
-3428
-9947
-17257
-22149
-22150
-17188
-9958
-3432
388
2361
3806
5253
6407
6127
4826
3168
2872
4891
8118
10369
9341
4549
-2708
-9913
-14408
-15212
-12684
-8387
-4055
-443
1801
2641
2501
1358
-746
-3313
-5159
-5173
-3169
38
2855
3617
1900
-1457
-4691
-6299
-5718
-3441
-510
2109
3968
5197
5869
5381
3475
673
-2327
-4471
-5213
-4459
-2918
-1274
107
1165
1716
1768
1582
1553
2135
3121
3053
-646
-9381
-21181
-29031
-27190
-16640
-4257
3929
6316
4602
2406
2699
5821
9089
9656
7996
7407
10759
17511
23675
25476
21043
11846
1298
-6894
-10685
-10281
-7772
-5535
-4895
-5292
-5237
-4073
-2406
-1722
-2976
-5280
-5930
-2042
6509
16562
23916
25802
22074
14880
7544
2679
691
445
460
-41
-802
-1288
-1259
-1863
-4623
-9887
-16353
-21050
-21383
-16305
-7345
1654
8021
10266
9434
6997
4559
3095
2286
1768
1466
1899
3214
4563
4753
2563
-2227
-8295
-13146
-13962
-10408
-4046
2431
6480
7185
5142
2025
-1072
-3905
-6421
-8258
-8661
-7136
-3850
79
2807
3121
1075
-1883
-4054
-4151
-1953
1524
4730
6543
6663
5260
3027
304
-2328
-4707
-6589
-7195
-6116
-3541
-518
1865
3217
3270
2582
1729
1450
1955
2722
2374
-1715
-10599
-22133
-29163
-26447
-15711
-3885
3682
5927
4464
2330
2375
5164
8345
9306
8248
7841
10214
15228
20109
21817
18005
9305
-787
-7759
-9480
-7162
-4146
-2980
-4056
-5673
-5846
-4399
-2460
-1493
-2198
-3934
-4466
-1128
6543
15535
21746
22540
18201
11293
5129
1922
1401
1793
1609
460
-607
-829
-282
-500
-3054
-8461
-14873
-19174
-18185
-11571
-2481
5067
8262
7544
4933
2847
2376
2653
2316
820
-837
-924
941
3701
4884
2877
-2050
-7666
-10904
-10029
-5825
-685
2842
3827
2923
1312
-167
-1724
-3830
-6464
-8728
-9259
-7204
-3184
967
3242
2929
820
-1509
-2597
-1954
-166
1691
2710
2893
2650
2353
1869
700
-1147
-3278
-4729
-4737
-3284
-1062
958
2202
2499
2033
1466
1102
1577
2464
3108
1300
-4876
-15262
-25625
-29005
-23483
-12671
-2780
3299
5160
4168
2829
3660
6317
8504
8262
7107
7237
9906
14450
18240
18579
13797
5635
-1885
-5703
-5611
-3269
-962
-144
-1589
-3792
-4690
-3566
-1834
-1441
-3034
-5175
-5395
-1813
5007
12218
16797
16971
13238
7903
3767
2426
2951
3514
3040
1829
968
789
857
-34
-2781
-7261
-11930
-14213
-12489
-7279
-1287
2844
4193
3460
2295
1620
1633
1592
728
-690
-1660
-1185
701
2699
3345
1704
-1676
-5027
-6728
-5943
-3413
-558
1362
1902
1456
719
-38
-991
-2762
-5221
-7464
-8265
-6957
-4153
-1117
768
945
-146
-1492
-2175
-1784
-892
-69
320
471
789
1277
1661
1473
474
-1011
-2267
-2739
-2330
-1425
-385
276
403
274
516
1551
3156
4463
4512
1428
-5967
-16648
-25716
-27681
-22351
-13513
-5539
160
2842
2876
2314
3344
5393
6242
5067
4225
5697
9511
14496
18348
19084
15427
8870
2625
-765
-974
761
2319
2585
1513
559
605
1021
824
-848
-4002
-7619
-9537
-7736
-2485
3573
8068
9715
8825
6571
4394
3601
3721
3662
3124
2743
3253
4539
5764
5942
3684
-921
-5947
-8952
-8649
-6252
-3287
-1138
-356
-489
-567
-158
238
-417
-1986
-3734
-4520
-3618
-1294
1244
2374
1687
-88
-1871
-2812
-2590
-1688
-810
-675
-799
-591
67
592
446
-680
-2694
-4869
-6131
-5986
-4907
-3700
-3109
-3061
-3413
-3685
-3476
-2844
-2199
-1871
-1792
-1615
-1146
-468
256
708
489
-304
-1176
-1733
-1818
-1591
-1257
-1152
-1320
-1472
-1295
-774
-298
54
346
858
1877
3703
5351
5120
841
-6861
-14900
-19566
-19040
-14862
-9123
-4097
-937
131
355
1095
2538
3176
2387
1255
1489
3892
7940
12723
16644
17924
16091
12589
9425
7553
6674
6483
6706
7161
7578
8176
8876
9097
7907
5105
1500
-1947
-4169
-4746
-3562
-1617
10
607
475
73
-264
-535
-975
-1684
-2774
-3561
-3411
-2001
33
1958
2898
2783
1964
1096
477
40
-380
-837
-1150
-1215
-899
-424
-165
-584
-1570
-2810
-3858
-4474
-4570
-4165
-3665
-3099
-2630
-2224
-1977
-2011
-2422
-3168
-4049
-4794
-5173
-4838
-3850
-2575
-1485
-970
-1077
-1810
-2716
-3424
-3747
-3724
-3348
-2776
-2066
-1318
-562
15
226
66
-377
-807
-1121
-1228
-1115
-894
-699
-538
-367
-49
253
438
330
40
-208
-321
5
671
1333
1775
1934
1997
2157
2304
2479
2500
2407
2201
2069
2265
2614
2962
3161
3053
2720
2267
1754
1112
354
-303
-732
-752
-569
-94
414
726
693
354
114
31
9
30
189
439
578
807
1301
1863
2116
1980
1800
1745
1776
1783
1827
1843
1647
1437
1401
1590
1815
1763
1476
1117
813
621
611
715
754
544
223
-96
-328
-447
-479
-546
-817
-1128
-1399
-1502
-1479
-1413
-1384
-1358
-1356
-1191
-919
-623
-396
-393
-606
-953
-1152
-1146
-1051
-1013
-1022
-1087
-1015
-880
-740
-722
-979
-1489
-2069
-2553
-2729
-2474
-1923
-1305
-833
-554
-450
-407
-373
-209
-8
172
132
0
-23
120
203
75
-85
-204
-270
-390
-637
-861
-990
-999
-775
-335
122
382
355
108
-179
-362
-323
-155
183
529
899
1218
1309
1185
881
620
559
723
953
1094
1159
1116
970
753
454
191
-70
-327
-364
-170
156
323
296
260
148
-15
-173
-145
6
137
61
-101
-140
-78
152
392
534
427
130
-144
-207
118
541
885
990
779
564
466
525
700
744
485
25
-362
-518
-404
-266
-306
-468
-759
-988
-1034
-943
-811
-727
-657
-550
-303
169
783
1352
1607
1489
1089
712
615
756
938
953
792
541
438
577
791
729
218
-641
-1378
-1708
-1525
-966
-516
-246
-239
-135
52
365
837
1105
1148
922
607
438
361
369
417
247
-17
-400
-718
-840
-942
-995
-1107
-1219
-1179
-941
-604
-271
-103
-161
-411
-662
-652
-401
58
421
502
265
-84
-229
-22
292
475
309
-132
-566
-740
-564
-307
-151
-342
-794
-1185
-1336
-1080
-718
-394
-247
-294
-317
-272
-85
84
255
222
-48
-332
-438
-282
112
542
693
454
-74
-557
-692
-352
144
481
583
462
323
389
582
913
1167
1094
735
286
57
166
484
799
816
621
313
57
-37
-77
-20
36
49
140
323
629
816
893
746
390
-24
-256
-250
-98
72
74
-51
-208
-200
-89
-18
-136
-633
-1257
-1634
-1614
-1171
-579
-185
-1
-17
135
490
796
913
723
390
55
-53
180
495
720
708
417
47
-186
-209
-172
-210
-420
-672
-668
-469
-85
268
323
126
-183
-268
-108
279
715
958
933
653
314
149
227
380
438
237
-128
-470
-561
-442
-244
-128
-295
-693
-1052
-1015
-637
-232
-124
-232
-409
-409
-175
246
536
561
258
-236
-585
-763
-607
-254
153
393
334
50
-261
-314
-32
321
534
495
221
-22
-99
17
140
231
123
-89
-212
-231
-169
-92
-117
-238
-305
-286
-217
-243
-217
-285
-271
-167
62
414
667
842
785
625
424
256
266
431
522
527
460
352
302
234
86
-124
-426
-806
-1186
-1425
-1444
-1238
-914
-648
-387
-171
46
334
561
711
644
470
380
461
671
795
814
651
484
288
126
67
54
-26
-160
-286
-275
-138
30
125
143
34
-175
-340
-400
-324
-178
43
164
215
152
103
189
318
480
369
60
-219
-269
-68
157
231
43
-278
-483
-372
-146
-41
-154
-372
-414
-210
163
376
381
164
-232
-636
-895
-854
-612
-269
-36
-82
-358
-685
-808
-584
-118
406
813
897
791
561
267
209
200
271
274
205
49
8
106
214
240
102
-67
-233
-313
-219
-22
103
120
20
-16
28
141
345
597
663
610
446
337
234
181
169
186
227
185
57
-31
-105
-260
-494
-845
-1094
-1189
-1080
-884
-618
-459
-304
-118
57
217
196
29
-217
-373
-309
-91
253
515
670
660
450
311
239
239
248
171
163
199
211
264
391
361
250
14
-274
-470
-500
-386
-197
76
125
24
-135
-354
-411
-338
-199
-120
-147
-230
-197
-54
192
248
84
-136
-288
-218
42
311
462
495
475
461
495
517
400
194
-57
-156
-146
-69
34
52
10
-185
-369
-592
-537
-325
-84
58
-33
-260
-430
-421
-270
-74
60
205
293
447
482
438
260
35
-151
-228
-228
-234
-163
-117
-39
-8
81
92
105
122
69
-41
-263
-446
-427
-208
149
550
718
638
394
132
-57
-91
72
318
485
430
227
-100
-366
-469
-385
-208
-52
53
99
115
186
260
307
373
424
415
391
360
306
247
125
44
61
38
-69
-257
-476
-560
-510
-342
-143
-19
-81
-222
-306
-403
-376
-326
-202
-93
48
185
157
156
80
-28
-176
-369
-418
-283
-80
86
177
62
-191
-469
-532
-354
-152
70
6
-233
-377
-496
-391
-168
75
232
240
195
139
151
173
166
71
-156
-418
-469
-342
-127
55
202
150
64
27
-47
-15
53
169
248
361
369
347
360
331
285
157
10
-123
-143
-105
-46
-44
-14
71
186
299
364
321
149
-59
-122
19
263
456
573
566
472
277
83
-134
-230
-156
-45
172
236
171
-76
-342
-521
-589
-498
-353
-179
-67
11
42
-67
-79
-32
-94
-158
-118
89
451
731
936
886
595
292
2
-127
-150
-146
-108
3
30
35
-42
-208
-326
-407
-425
-327
-183
22
155
209
219
135
45
-64
-137
-205
-275
-189
-90
7
117
19
-187
-360
-428
-386
-220
-43
-75
-244
-515
-624
-548
-352
-70
5
-44
-140
-128
-64
39
138
40
-173
-413
-499
-414
-177
99
260
256
107
-74
-253
-251
-117
103
348
570
764
868
855
675
425
137
-83
-216
-197
-59
35
87
78
84
75
94
197
263
212
74
140
279
520
633
590
616
568
569
532
411
155
-143
-372
-407
-353
-311
-417
-607
-878
-1055
-1023
-793
-462
-198
-19
-65
-200
-320
-288
-101
135
241
292
281
386
549
613
699
546
253
35
-108
-199
-250
-275
-258
-219
-129
-47
-75
-150
-215
-140
-86
26
124
117
154
133
104
53
3
17
-11
5
-13
-54
-73
-110
-230
-291
-296
-270
-70
53
18
-180
-405
-540
-507
-331
-112
10
45
101
126
152
155
149
129
23
-120
-199
-120
42
310
579
624
479
112
-318
-494
-495
-319
-53
147
280
381
399
365
169
42
27
153
384
535
598
568
420
121
-103
-198
-205
-123
-90
-106
-18
142
300
409
441
256
30
-181
-226
-107
-13
115
157
231
248
162
-130
-495
-849
-1086
-830
-457
-82
160
245
203
70
-105
-268
-310
-320
-208
-96
15
140
248
234
198
153
95
-8
-143
-319
-367
-415
-377
-220
-163
-37
-14
4
-9
-1
1
43
116
140
173
239
346
406
415
350
256
142
63
-6
-4
-14
43
117
186
277
372
412
313
203
85
12
32
54
146
220
297
327
150
-93
-320
-547
-741
-822
-885
-817
-688
-589
-411
-190
-76
-132
-266
-523
-683
-639
-451
-259
-47
83
111
144
160
73
-114
-250
-287
-141
-19
-6
-68
-159
-211
-203
-84
101
176
252
328
449
604
744
799
783
714
591
506
511
591
571
505
438
383
348
249
123
23
-65
-239
-322
-172
41
239
364
401
416
340
297
253
244
280
283
240
212
276
257
195
181
227
179
53
-188
-433
-661
-680
-580
-392
-168
-84
-53
-179
-403
-557
-611
-738
-716
-651
-626
-488
-427
-276
-175
-167
-161
-234
-381
-460
-336
-101
143
280
245
51
-203
-448
-579
-647
-549
-383
-306
-264
-203
-158
-85
26
36
-27
-137
-239
-200
-36
139
337
432
444
363
203
-7
-135
-234
-266
-169
42
349
565
795
915
959
884
688
443
282
129
57
121
128
222
295
399
503
531
482
344
300
283
317
350
278
175
49
-22
-11
-12
64
96
103
-13
-109
-154
-226
-250
-310
-317
-314
-294
-201
-122
-119
-251
-443
-519
-499
-367
-264
-239
-206
-190
-152
-41
68
208
246
102
-36
-169
-177
-207
-186
-177
-127
17
151
201
205
212
170
163
-30
-136
-275
-330
-351
-371
-183
-59
-30
-25
-130
-208
-107
-63
37
51
56
172
303
461
530
541
461
245
0
-251
-386
-476
-520
-402
-224
-45
82
174
153
45
55
51
25
25
22
11
46
135
199
206
132
35
-67
-151
-135
-4
183
304
226
93
3
-145
-292
-370
-365
-298
-269
-220
-205
-255
-328
-464
-427
-309
-109
122
199
307
389
356
173
127
29
-71
-29
-16
-19
-101
-128
-139
-149
-177
-193
-292
-395
-383
-322
-165
-19
51
78
132
259
426
602
706
627
554
411
276
373
588
736
811
644
333
149
135
262
368
369
262
85
-93
-115
-89
-131
-92
-49
-28
49
50
52
41
24
71
133
156
187
216
185
127
14
-158
-258
-184
1
155
179
64
-59
-161
-197
-250
-330
-309
-211
-166
-105
-27
-44
-36
-52
-151
-234
-343
-467
-573
-680
-712
-645
-547
-435
-406
-411
-457
-455
-393
-296
-312
-334
-332
-314
-273
-203
-77
-132
-242
-403
-535
-541
-453
-336
-199
-80
31
160
279
402
421
411
435
392
294
143
-21
-86
-76
38
252
523
692
790
832
717
575
428
336
218
215
271
276
277
203
55
-97
-142
-106
8
120
272
323
284
256
158
176
238
270
211
156
130
103
168
211
193
69
-51
-119
-20
41
212
434
493
403
218
77
-38
-99
-193
-219
-225
-234
-191
-155
-187
-275
-353
-371
-333
-299
-234
-258
-325
-342
-298
-200
-153
-195
-305
-437
-434
-338
-304
-280
-294
-225
-97
105
141
91
-29
-109
0
157
299
326
260
109
14
-19
-10
37
77
82
138
183
153
90
-9
-50
-48
55
137
151
62
-192
-333
-432
-416
-401
-388
-377
-363
-292
-226
-118
16
126
134
221
246
136
-52
-163
-173
-126
-14
98
132
184
254
292
361
353
305
134
18
-15
59
39
-64
-194
-307
-197
47
385
607
727
618
389
303
217
93
19
-100
-182
-101
128
321
441
370
182
13
-93
-141
-114
-78
-13
126
112
39
-98
-182
-179
-217
-146
-20
37
2
53
57
50
70
102
41
-74
-72
-33
21
62
151
256
146
-51
-187
-281
-313
-230
-147
-75
4
-12
22
-115
-234
-265
-337
-421
-372
-152
80
134
62
-123
-388
-483
-437
-286
-51
227
356
345
264
115
-15
-111
-139
-114
-89
-33
-25
-143
-274
-437
-574
-603
-427
-255
-79
111
209
385
483
513
430
252
118
-41
-171
-142
15
189
381
464
340
153
-128
-320
-378
-289
-63
57
13
-66
-137
-168
-119
15
139
129
32
-41
81
259
415
371
194
36
-88
-91
-37
29
108
102
87
-10
-206
-218
-254
-280
-381
-373
-216
-29
141
276
289
225
100
50
122
176
211
198
153
175
308
413
391
246
73
-21
75
260
418
572
577
468
331
197
198
230
295
243
87
51
47
28
106
39
-141
-377
-565
-605
-423
-130
-53
-121
-283
-453
-486
-316
-64
206
291
301
193
45
-48
-141
-145
-171
-169
-91
-46
-16
4
-91
-233
-362
-448
-488
-498
-482
-572
-583
-526
-514
-468
-382
-332
-400
-476
-443
-441
-478
-456
-317
-149
-43
16
68
79
97
107
92
75
42
75
108
111
144
196
198
232
362
508
629
794
917
1059
934
666
386
121
37
213
448
582
579
474
313
216
195
105
-35
-83
-89
-55
80
182
236
122
94
59
-2
-113
-179
-216
-167
-56
80
217
269
273
224
246
215
241
207
150
3
-129
-195
-290
-333
-338
-339
-423
-404
-461
-421
-347
-274
-243
-315
-441
-562
-566
-428
-184
6
67
-1
-164
-284
-355
-316
-292
-300
-355
-503
-555
-536
-393
-335
-290
-367
-515
-500
-380
-149
22
46
-112
-307
-364
-303
-194
3
93
192
259
335
456
494
516
498
436
368
465
507
700
843
871
763
628
575
591
657
679
623
452
363
285
247
173
160
190
209
348
394
352
320
154
18
-52
-49
15
19
58
153
333
294
85
-190
-370
-387
-319
-281
-295
-299
-211
-23
79
-28
-346
-572
-709
-585
-430
-289
-314
-451
-513
-441
-252
-41
125
43
-37
-194
-260
-252
-262
-236
-149
-139
-198
-131
-183
-222
-281
-317
-303
-213
-24
-51
-71
-150
-184
-62
131
401
586
604
481
355
202
20
-163
-137
-48
151
230
252
217
28
-26
-36
-32
-120
-279
-418
-527
-486
-409
-336
-300
-357
-409
-491
-476
-359
-140
-41
-29
-50
-70
-36
-100
-126
-137
-126
-2
128
342
496
492
310
225
242
307
416
462
420
282
116
87
166
228
370
447
447
496
517
489
353
135
96
53
32
-43
-129
-125
-20
171
366
580
597
565
507
462
370
242
126
91
111
42
-36
-55
83
254
385
383
245
37
-27
-84
33
126
76
57
-13
94
283
410
347
180
-45
-209
-419
-555
-648
-718
-660
-575
-514
-572
-620
-651
-706
-678
-545
-384
-280
-198
-225
-263
-378
-483
-499
-438
-401
-415
-434
-511
-496
-530
-381
-226
-143
-122
-239
-305
-294
-214
-97
53
70
39
-3
48
58
24
-48
-111
-136
-221
-236
-146
84
288
423
450
418
372
349
394
554
653
733
814
747
692
418
143
45
-12
-7
-5
19
26
98
105
100
9
-38
-74
-92
-83
-151
-246
-149
-30
150
308
309
209
68
4
90
210
324
491
517
451
376
353
278
319
418
551
563
524
520
428
351
234
100
49
-9
-5
69
181
248
215
4
-208
-326
-394
-378
-338
-160
-91
-60
-100
-167
-252
-285
-206
-190
-233
-293
-362
-479
-495
-494
-518
-434
-413
-395
-426
-547
-661
-637
-395
-214
-26
-24
-95
-220
-313
-307
-179
-87
-134
-212
-325
-300
-227
-95
-28
-47
-112
-282
-316
-291
-169
-89
24
98
153
160
203
234
111
66
33
126
220
297
240
92
-16
61
315
528
606
526
360
196
113
17
-5
-58
-156
-122
12
146
275
390
425
554
416
185
-28
-194
-149
-6
51
63
-39
-141
-142
-110
-73
-45
-84
-133
-160
-153
-24
22
142
282
449
542
521
451
327
295
308
158
-18
-132
-143
-138
-89
-18
32
-50
-125
-261
-368
-376
-386
-245
-133
-25
40
147
133
109
65
115
166
171
205
185
152
67
76
143
217
227
187
161
53
-11
-137
-180
-144
-146
-94
-14
53
194
291
329
331
320
330
325
284
228
233
169
176
8
-226
-420
-597
-637
-513
-282
-73
0
-58
-191
-331
-382
-340
-271
-239
-368
-400
-408
-317
-215
-243
-194
-171
-74
-6
26
-11
-118
-326
-465
-519
-541
-475
-453
-348
-241
-130
-44
-153
-229
-262
-329
-371
-390
-393
-213
-23
139
184
177
138
159
294
378
494
501
489
468
405
279
39
-85
-48
169
355
441
547
703
784
782
561
227
-149
-456
-519
-470
-235
-82
-17
75
58
36
53
70
105
126
79
156
218
232
292
324
251
68
-32
-231
-211
63
316
504
647
597
421
300
171
170
193
173
166
77
5
-28
-156
-239
-289
-308
-92
178
288
349
397
291
131
-41
-277
-399
-420
-347
-231
-250
-237
-266
-378
-441
-521
-582
-533
-475
-369
-250
-186
-91
-159
-136
-179
-199
-132
-191
-164
-159
-71
51
57
20
-104
-184
-207
-225
-164
6
174
269
325
371
275
293
329
294
245
114
10
-68
30
197
236
314
333
345
211
111
-21
-187
-323
-396
-368
-73
208
323
346
176
56
-47
-85
-205
-248
-214
-206
-163
-234
-266
-280
-227
-110
-110
-211
-335
-355
-283
-165
-70
58
97
47
-9
43
147
280
404
515
510
378
289
139
45
-20
-6
4
63
138
213
271
300
296
218
82
78
132
252
402
511
512
394
325
217
153
109
96
142
166
96
14
-97
-167
-272
-340
-453
-503
-564
-614
-508
-433
-335
-259
-274
-362
-389
-328
-287
-349
-310
-238
-67
16
14
-43
-130
-197
-294
-320
-247
-158
-67
98
147
109
-8
-29
50
111
201
117
-104
-404
-455
-348
-179
-11
41
-20
-38
18
30
149
145
67
6
-60
0
113
182
181
156
116
176
296
504
678
686
524
299
144
26
58
93
176
271
312
348
222
52
-78
-74
13
97
203
333
329
340
286
168
77
19
69
118
120
-94
-267
-355
-374
-290
-201
-139
-270
-341
-340
-305
-155
-65
18
92
165
107
82
175
339
453
386
237
155
58
-18
16
27
-84
-248
-288
-267
-174
17
114
94
-57
-191
-351
-454
-417
-264
-63
136
271
277
105
-79
-265
-401
-474
-534
-528
-456
-390
-317
-272
-291
-310
-274
-90
147
392
573
458
191
-62
-190
-154
-9
101
56
-8
22
211
347
351
288
133
11
-124
-158
-167
-189
-133
101
343
520
559
360
101
-95
-109
-104
-41
54
80
94
-13
-132
-179
-98
34
77
40
-156
-300
-298
-173
59
264
317
211
134
72
99
112
87
45
19
74
73
74
57
26
-3
14
81
54
-72
-141
-234
-262
-300
-338
-246
-187
-79
-2
1
-41
-127
-47
96
235
357
278
130
-52
-244
-435
-572
-539
-350
-112
1
44
-46
-236
-284
-193
-87
120
228
248
353
415
440
398
287
217
238
228
169
95
-21
-157
-279
-249
-186
-122
-4
173
228
339
285
72
-254
-561
-1123
-2588
-3191
-3033
-2013
-283
2384
4719
5812
5892
4809
2670
90
-1978
-3261
-3630
-3232
-2027
-413
1219
2621
3461
3320
2318
676
-1093
-2608
-3591
-3657
-3168
-1922
-267
1220
2246
2188
1019
-862
-2603
-3554
-3364
-2047
81
2508
4658
6085
6565
5624
3517
691
-2464
-5060
-6494
-6223
-4273
-988
2567
5254
6601
6186
4250
1187
-2240
-5117
-7055
-7385
-6155
-3670
-681
2070
3813
4366
3573
1784
-512
-2830
-4392
-5053
-4725
-3501
-1775
243
2097
3193
3386
2614
1240
-410
-1832
-2656
-2939
-2476
-1601
-497
678
1535
1889
1670
1088
350
-373
-1063
-1216
-852
-97
771
1691
2253
2377
2091
1427
678
-50
-664
-1095
-999
-436
294
1187
2003
2490
2464
2187
1580
614
-256
-976
-1249
-1065
-563
56
820
1679
2360
2787
2767
2195
1327
449
-225
-499
-501
-409
-148
244
666
979
1189
1097
643
-166
-1056
-1618
-1751
-1397
-794
-172
209
321
218
-26
-352
-623
-972
-1397
-1547
-1553
-1233
-797
-398
-180
-215
-330
-471
-713
-964
-1290
-1372
-1244
-907
-597
-520
-590
-760
-927
-1084
-1094
-1127
-1067
-888
-631
-498
-399
-189
0
139
112
-247
-1060
-1520
-1603
-1358
-768
6
543
911
1273
1573
1987
2021
1894
1686
1423
886
437
243
238
424
725
844
887
926
853
738
666
579
375
190
2
-308
-594
-804
-914
-1028
-996
-762
-483
-143
275
560
606
430
248
228
279
450
572
746
796
944
830
699
545
431
331
284
445
559
631
582
549
308
-160
-757
-1132
-1167
-900
-313
350
581
403
83
-216
-369
-465
-705
-1040
-1253
-1259
-924
-329
204
279
206
280
354
440
515
360
121
100
296
555
644
332
-377
-1294
-2157
-2605
-2527
-1977
-1072
0
1089
1770
1980
1863
1274
461
-214
-693
-953
-712
-197
560
1360
1822
1789
1341
634
-124
-461
-803
-1247
-1488
-1566
-1474
-869
-47
556
759
444
-45
-450
-297
239
722
973
603
-206
-1118
-1692
-1755
-853
679
2155
3172
3303
2352
499
-1539
-2886
-3338
-2714
-1492
-196
1220
2269
2728
2416
1606
283
-763
-1308
-1357
-896
-199
448
535
287
-399
-1118
-1384
-1051
-231
484
827
665
237
-398
-565
-362
-380
-622
-462
-312
-379
107
675
808
524
-93
-790
-1310
-1310
-1121
-740
10
735
1274
1414
993
231
-532
-1121
-1364
-1389
-1199
-856
-278
363
819
978
737
187
-180
-107
519
1445
2497
3010
2954
2291
1386
572
-337
-789
-817
-515
-86
285
587
627
321
-372
-1084
-1615
-1788
-1745
-1630
-1572
-1358
-1219
-1073
-1030
-969
-708
-394
-160
-147
-7
305
892
1195
1361
1249
1164
1619
2206
2679
2483
2209
1521
430
-474
-1114
-1332
-1651
-1382
-1130
-956
-526
-408
75
368
527
169
-84
171
586
1191
1447
1227
745
439
299
92
-307
-789
-1257
-1311
-824
162
1328
1950
2371
2186
1729
910
-145
-1480
-2699
-3316
-3267
-2581
-1571
-319
771
1019
338
-896
-2383
-3838
-4521
-3894
-2402
-448
1184
2237
2445
1857
645
-676
-1871
-2302
-1710
-660
805
2002
2677
2738
2321
1420
-158
-1597
-2263
-1945
-890
113
918
1352
1642
1657
1344
615
-157
-711
-807
-138
612
1301
2123
2396
2089
1162
-512
-2258
-3634
-3632
-2532
-936
335
957
804
51
-751
-1399
-1672
-1533
-455
849
1993
2846
2986
2383
1301
245
-367
-349
512
1590
2229
2552
2520
2379
2438
2121
1049
-406
-1786
-2756
-3058
-2566
-1961
-988
3
816
1295
1621
1701
1632
877
-1130
-2917
-3673
-2848
-662
2291
4686
5854
5570
3653
892
-1758
-3920
-4854
-4335
-2866
-953
874
1951
1619
103
-2178
-4459
-6029
-6134
-4756
-2707
-544
856
1237
789
-350
-1617
-2523
-2894
-2230
-439
1920
4250
5523
5437
3869
1700
471
180
492
921
718
246
-320
-481
-414
-657
-935
-1144
-710
137
1154
1724
1620
1099
191
-281
-411
-656
-747
-423
261
1097
2029
2743
2570
2058
1313
163
-1052
-2200
-2362
-2056
-1231
70
972
855
-174
-1341
-2393
-2547
-1574
-751
-490
138
1139
2167
2932
2921
2102
891
72
-132
147
571
373
144
167
481
520
-212
-819
-1863
-2971
-3450
-3075
-1819
-119
1503
2412
2064
774
-295
-1152
-2015
-2493
-2482
-2262
-2085
-1521
-909
-707
-748
-722
-473
-445
-540
-723
-835
-570
143
731
624
-75
-723
-1173
-1021
-195
856
1249
1334
1727
1693
1548
1208
539
-450
-734
40
1242
2943
3772
3095
1554
-107
-853
-237
909
1829
2451
2683
3061
3116
2463
1366
-283
-1506
-2050
-1537
-14
1536
2288
2204
883
-1215
-3275
-4378
-3937
-2176
396
2316
3011
2356
903
-474
-1643
-2242
-2331
-2481
-2442
-2140
-1440
-217
1356
2498
2650
1979
753
-415
-1046
-960
116
1440
2346
2565
2143
1408
238
-1159
-2251
-2490
-1893
-221
1517
2321
2181
1292
-97
-1170
-1376
-1903
-2445
-2497
-2029
-1218
-724
-792
-1473
-2203
-2300
-2285
-1680
-1391
-1435
-1404
-1057
-458
42
591
563
341
46
-62
-390
-642
-434
-49
533
542
58
-867
-1447
-1556
-668
862
2264
2684
1840
658
-699
-1077
-822
209
1170
1626
1934
1571
786
-302
-1555
-2679
-2774
-1499
564
2566
3974
4315
3457
2114
828
-240
-884
-742
358
1849
3121
3461
2382
491
-1067
-2007
-2304
-2215
-2305
-2303
-1552
-1022
-906
-596
184
770
955
1337
824
-399
-1367
-1648
-1512
-1131
-412
698
1854
2417
2483
2098
605
-962
-1349
-860
516
2668
3349
2377
879
-478
-897
-514
238
762
1203
1453
1392
1160
472
-648
-1301
-1487
-1264
-1048
-1073
-1555
-2181
-2063
-2096
-2086
-1159
81
696
632
255
-353
-1457
-2122
-2113
-2046
-1382
-645
507
1706
2560
2778
2050
992
-303
-1258
-1692
-1897
-1745
-1083
-315
428
908
978
320
-573
-903
-963
-514
311
1195
1550
1426
1129
176
-572
-749
-267
615
1223
1336
1141
951
776
1137
1544
1441
944
1035
1424
1763
1703
1066
230
-649
-1087
-1280
-1095
-943
-1052
-919
-617
-223
6
116
42
-242
-675
-1379
-2026
-1875
-1186
-301
318
318
-140
-789
-1323
-1603
-1765
-1869
-1726
-1307
-626
18
367
19
-672
-1255
-1571
-1328
-357
948
2109
2867
2751
1692
302
-645
-1078
-955
-397
300
1120
2081
2362
1993
1232
-68
-1307
-2068
-2184
-1884
-1348
-973
-803
-622
-648
-749
-835
-1027
-1363
-1559
-1528
-1113
31
1442
2598
3220
3083
2595
2068
1787
1489
1384
1585
1936
2463
2799
2746
2190
1550
1159
1409
1892
2007
1581
747
109
-41
539
1061
789
-56
-770
-921
-224
974
1879
2192
2103
1634
548
-600
-1571
-2077
-1967
-1571
-1260
-1289
-1424
-1736
-2074
-2259
-2425
-2600
-2651
-2596
-2346
-2020
-1761
-1568
-1647
-1810
-1897
-1741
-1569
-1487
-1465
-1304
-879
-202
477
699
599
-57
-1065
-1866
-2040
-1802
-1080
-183
417
906
981
669
-39
-906
-1319
-1098
-429
462
1211
1604
1539
1100
784
554
499
549
526
441
400
406
476
584
741
605
124
-303
-662
-726
-246
403
798
997
793
256
-215
-412
-474
-336
17
612
1169
1790
2364
2579
2567
2191
1621
773
16
-308
-287
-10
237
407
366
273
302
454
617
610
636
695
601
262
-128
-341
-409
-358
-205
-147
-124
-11
414
665
754
666
347
170
196
607
858
828
480
119
-414
-806
-848
-760
-682
-572
-319
-6
313
598
689
480
104
-281
-475
-329
122
475
449
250
-51
-489
-833
-1178
-1429
-1601
-1766
-1497
-1067
-739
-739
-1326
-1961
-2256
-2138
-1755
-1213
-791
-371
111
531
934
1069
1042
831
510
-58
-514
-706
-613
-128
501
808
796
604
266
-61
-289
-564
-877
-1001
-969
-688
-153
320
655
761
609
406
398
676
908
1151
1334
1188
1072
1057
1146
1123
816
490
137
-27
-99
-2
-27
-183
-151
-34
72
55
57
-103
-301
-462
-647
-664
-619
-458
-271
-194
-304
-486
-608
-716
-616
-298
198
474
408
38
-609
-1103
-1324
-1368
-1216
-1036
-691
-263
231
611
751
520
43
-239
-365
-218
-42
-15
40
-42
-116
-59
69
119
113
267
420
629
1015
1335
1500
1670
1711
1581
1419
1276
1035
642
256
15
7
182
502
812
943
928
672
185
-352
-1073
-1623
-1717
-1467
-995
-678
-516
-523
-435
-123
302
752
701
420
14
-239
-358
-351
-175
-130
-51
-192
-424
-593
-519
-478
-503
-348
-249
-142
0
115
79
44
33
14
50
56
5
14
145
315
402
389
248
-30
-496
-872
-1131
-1123
-952
-709
-400
-231
-166
-126
-14
186
343
318
203
74
53
170
330
374
365
334
353
442
437
323
65
-240
-476
-469
-250
84
407
512
641
606
445
43
-361
-607
-742
-527
-344
-184
-110
-7
78
91
5
-93
-275
-492
-648
-714
-741
-599
-258
97
357
507
494
349
260
192
150
129
182
154
70
78
330
678
817
790
583
130
-265
-482
-491
-250
171
588
851
982
910
708
279
-175
-509
-630
-447
-100
314
798
1182
1392
1398
1138
633
117
-408
-706
-718
-507
-125
67
233
239
264
384
449
340
151
-74
-374
-537
-573
-561
-537
-466
-509
-701
-800
-821
-683
-579
-564
-730
-904
-1034
-993
-642
-426
-266
-168
-285
-430
-565
-703
-839
-885
-717
-403
-31
260
440
470
368
280
217
118
8
-47
-71
93
429
765
1091
1254
1162
844
445
157
36
89
229
285
159
-51
-177
-244
-236
-314
-447
-575
-644
-501
-240
15
278
473
481
491
467
442
435
434
306
94
-119
-162
6
253
433
498
454
308
233
175
-16
-15
71
194
418
618
878
1087
1069
736
219
-239
-516
-500
-260
-66
20
25
72
184
297
296
155
-13
3
54
-126
-355
-538
-623
-523
-324
-89
91
90
4
-126
-358
-612
-795
-919
-962
-878
-745
-705
-791
-758
-624
-499
-208
16
117
-16
-143
-214
-159
-4
14
-73
-189
-205
-180
-68
25
64
59
-54
-262
-457
-436
-452
-342
-240
-189
-150
-230
-236
-340
-355
-329
-188
54
391
679
833
905
808
812
791
745
736
528
287
105
-21
81
321
573
731
825
844
844
735
738
751
787
746
696
741
726
668
425
160
-91
-235
-434
-589
-737
-744
-576
-313
-47
70
-27
-203
-318
-335
-189
-42
-59
-93
-144
-214
-305
-398
-423
-485
-534
-526
-575
-513
-426
-405
-287
-160
-94
-124
-228
-358
-367
-495
-592
-628
-594
-385
-29
209
252
120
7
-27
-45
19
153
351
465
471
357
157
20
89
217
295
308
136
-54
-14
28
190
380
392
347
244
114
-39
-187
-257
-319
-426
-572
-468
-321
-23
203
320
208
-51
-115
-93
111
225
222
37
-163
-280
-219
-166
-220
-193
-65
14
54
46
-22
-58
62
232
365
415
321
166
43
-25
-64
24
125
256
400
533
454
299
61
45
144
271
330
194
89
-101
-279
-363
-367
-198
51
124
169
155
144
101
52
9
-68
-136
-121
42
253
274
290
315
377
451
460
351
174
-21
-101
-103
-95
-77
-113
-79
-29
42
158
313
301
290
143
-41
-188
-263
-223
-308
-387
-490
-463
-421
-272
-196
-229
-262
-365
-518
-563
-523
-412
-270
-98
71
233
214
117
-38
-214
-228
-186
-195
-235
-274
-232
-258
-343
-502
-650
-740
-678
-509
-309
-142
-51
5
-104
-217
-390
-457
-414
-237
-115
-92
-9
-133
-297
-348
-276
-124
14
235
303
394
489
517
487
473
385
253
151
-20
-50
-22
61
278
569
813
897
830
664
543
618
644
652
684
663
605
581
533
548
656
687
669
536
393
359
389
467
482
401
377
333
405
502
509
373
54
-249
-413
-418
-402
-355
-241
-210
-120
-32
-29
-205
-420
-557
-576
-614
-553
-499
-481
-534
-510
-519
-545
-544
-678
-642
-497
-374
-240
-389
-612
-633
-493
-244
-42
4
19
-95
-226
-398
-573
-633
-650
-490
-286
-37
234
422
434
362
126
-85
-202
-235
-333
-435
-477
-496
-401
-285
-103
122
284
278
171
216
214
189
81
-58
-80
-16
200
376
511
400
204
169
298
379
476
472
350
261
281
275
312
369
347
325
249
147
-26
-172
-216
-118
65
179
278
312
309
238
212
143
186
272
183
38
-5
-67
-127
-104
-86
-79
-117
-159
-153
-152
-144
-92
1
123
139
214
295
365
260
180
71
72
168
217
107
-36
-212
-369
-403
-368
-294
-277
-260
-385
-480
-607
-613
-485
-295
-202
-287
-412
-496
-384
-296
-258
-365
-441
-481
-398
-147
15
158
296
472
615
637
497
328
291
344
435
442
477
389
359
279
262
337
413
512
526
578
636
599
565
498
258
-10
-315
-486
-369
-254
-170
-112
-172
-181
-191
-151
-196
-195
-136
-87
-25
-64
-131
-314
-500
-542
-389
-175
-125
-123
-91
-40
24
136
203
168
108
82
-6
9
98
11
89
146
189
151
99
82
-58
-89
-208
-135
-19
25
40
27
-109
-127
-16
89
223
153
2
-292
-444
-554
-517
-480
-579
-638
-698
-561
-371
-203
-230
-272
-430
-625
-634
-534
-501
-474
-395
-332
-200
-78
-34
-56
-116
-220
-175
-57
133
267
253
184
81
67
184
195
220
147
157
283
419
605
701
794
748
817
919
1032
967
888
716
640
598
501
453
457
512
534
594
627
576
516
455
432
502
492
357
159
-23
-171
-146
-102
-77
-5
77
13
-81
-59
-99
-67
-116
-231
-352
-434
-520
-579
-587
-619
-683
-820
-900
-1026
-1032
-907
-719
-498
-390
-453
-666
-837
-901
-761
-638
-457
-267
-185
-99
69
147
192
118
10
-84
-106
-29
-73
11
121
246
263
122
-41
-103
12
199
288
205
-12
-129
-119
95
474
894
1158
1160
1023
810
779
786
793
815
682
500
262
97
-5
31
176
218
211
71
-23
-215
-263
-224
-230
-99
-38
53
-30
-278
-444
-589
-562
-424
-382
-471
-517
-478
-306
-133
18
-31
-197
-311
-356
-247
-255
-250
-204
-294
-365
-320
-255
-256
-152
-136
-137
10
96
188
286
371
399
437
482
474
416
362
303
273
242
206
141
167
123
2
0
61
-48
-125
-200
-227
-212
-251
-256
-275
-234
-211
-115
-163
-311
-384
-363
-267
-195
-162
-52
44
-15
33
147
219
262
183
-7
-132
-170
-185
-176
-93
-79
-50
36
-30
-110
-106
-88
-87
-68
-2
44
118
308
386
443
513
424
330
259
131
-50
-227
-283
-252
-141
69
250
156
67
-42
-107
4
126
265
238
148
95
53
29
35
163
332
356
379
457
418
238
19
-76
-201
-254
-226
-62
173
307
312
207
118
36
-73
-166
-291
-293
-123
-56
-21
-152
-236
-261
-202
-129
-109
-103
-181
-271
-219
-161
-126
-34
90
174
149
184
150
123
100
51
118
175
191
285
388
430
482
356
196
-9
-84
-120
-109
-20
71
154
224
229
132
3
-234
-427
-523
-534
-585
-467
-383
-434
-406
-298
-153
-120
-135
-238
-330
-330
-284
-164
-131
-323
-525
-696
-671
-550
-354
-200
-348
-408
-437
-401
-315
-243
-88
146
322
352
261
114
70
76
111
98
159
140
44
-43
-108
-15
96
201
290
364
424
438
486
451
362
296
287
285
263
375
506
674
822
927
867
691
588
621
765
744
636
394
69
-46
-133
-261
-214
-123
-74
-75
-177
-259
-121
53
233
366
384
264
223
266
224
27
-257
-524
-589
-366
-81
51
140
148
25
-62
-99
-98
-163
-215
-363
-513
-712
-808
-764
-655
-429
-252
-192
-114
-124
-276
-499
-687
-691
-589
-394
-115
67
129
133
62
68
-66
-376
-697
-831
-765
-628
-530
-323
-131
-113
-38
51
120
144
164
91
-12
-39
-89
-61
13
52
189
196
46
-42
-74
-61
-70
-65
-29
66
176
233
225
147
162
277
295
186
68
-95
-58
218
561
890
934
804
647
515
488
562
614
621
643
550
463
415
482
637
739
750
550
356
241
267
346
333
338
299
300
431
485
405
164
-72
-188
-185
-231
-258
-251
-325
-366
-478
-469
-515
-598
-646
-707
-765
-756
-601
-429
-357
-375
-461
-652
-761
-769
-813
-821
-791
-750
-689
-606
-522
-529
-634
-701
-653
-565
-422
-290
-190
-23
142
223
249
202
10
-143
-196
-263
-129
58
92
101
38
13
-3
14
204
281
398
326
177
77
78
187
250
367
331
303
305
243
34
26
4
-9
122
315
595
694
765
826
829
698
542
424
438
490
589
587
500
650
707
835
877
658
357
-3
-164
-93
58
178
218
139
-39
-123
-81
-43
-56
-81
-117
-198
-177
-96
28
233
357
249
28
-143
-234
-228
-138
-131
-110
2
65
-55
-167
-246
-272
-210
-180
-224
-398
-537
-617
-604
-441
-240
-122
-130
-271
-353
-411
-486
-594
-672
-698
-763
-770
-785
-761
-575
-384
-241
-344
-557
-686
-692
-533
-443
-401
-372
-355
-232
-80
33
97
201
280
307
261
167
95
5
-2
-5
131
233
342
444
367
300
137
23
10
150
360
556
689
648
532
501
420
286
211
242
399
477
488
388
264
227
245
394
423
525
566
471
437
455
567
580
424
215
108
139
217
287
281
172
79
47
-50
-89
-186
-163
28
255
328
339
201
-102
-427
-643
-627
-515
-248
-9
47
-90
-263
-372
-367
-349
-376
-475
-533
-488
-362
-330
-353
-434
-470
-445
-443
-391
-359
-353
-386
-377
-345
-307
-250
-337
-533
-512
-366
-267
-224
-225
-311
-296
-237
-240
-206
-220
-141
-50
182
366
401
406
291
165
178
260
429
548
648
811
855
831
786
818
687
561
402
269
319
369
430
528
619
672
659
657
568
464
360
320
247
109
13
-107
-162
-184
-167
-176
-227
-321
-478
-555
-606
-465
-357
-326
-330
-270
-206
-145
-74
-117
-187
-252
-329
-449
-473
-474
-477
-459
-451
-399
-298
-137
-49
-34
-78
-314
-505
-500
-466
-436
-431
-250
-84
84
206
54
-41
-142
-240
-280
-194
-115
-91
-68
-16
-15
22
93
118
28
-122
-249
-309
-249
-124
124
357
510
619
652
710
672
627
525
330
233
170
131
194
360
540
731
777
593
309
83
10
-4
79
157
114
82
36
-20
-140
-250
-350
-427
-405
-417
-419
-302
-267
-148
-41
-3
-18
-12
16
27
6
-54
-190
-438
-479
-481
-430
-352
-246
-84
1
30
59
97
90
30
-54
-34
81
133
214
348
371
384
413
277
233
163
179
303
357
294
272
293
314
503
606
561
479
235
-9
-153
-188
-146
-85
-93
-84
-135
-192
-200
-172
-121
4
127
82
-190
-495
-682
-728
-580
-420
-174
-5
62
-49
-96
-230
-359
-340
-400
-408
-309
-323
-248
-157
-92
-46
-48
-78
-125
-236
-378
-465
-330
68
483
671
579
380
164
89
25
-18
-150
-178
-120
49
259
383
554
677
753
755
698
623
605
592
535
614
772
750
739
471
170
-54
-249
-271
-292
-198
-124
-120
-141
-242
-304
-262
-193
-252
-324
-367
-314
-234
-175
-224
-364
-488
-542
-513
-387
-414
-525
-624
-677
-702
-846
-883
-977
-1097
-1078
-892
-564
-341
-226
-318
-449
-535
-543
-342
-23
321
480
527
353
232
188
291
372
376
403
359
405
483
642
699
618
499
332
260
208
263
512
733
799
689
536
240
51
-42
-186
-131
36
226
447
498
526
417
258
126
112
275
390
404
252
71
-100
-172
-211
-239
-305
-361
-412
-365
-211
-21
113
176
112
-16
-106
-165
-85
70
230
343
385
336
332
440
539
674
638
499
409
278
218
20
-130
-197
-263
-256
-296
-369
-283
-266
-268
-244
-250
-224
-234
-245
-340
-482
-406
-283
-269
-235
-237
-281
-334
-400
-527
-627
-684
-636
-520
-334
-265
-320
-465
-577
-521
-476
-300
-48
141
179
202
198
161
116
120
182
311
442
462
401
310
177
99
33
-15
-86
-198
-222
-205
-154
-29
101
242
277
261
197
139
181
97
90
51
-39
-178
-277
-409
-416
-344
-178
-18
124
148
73
63
43
177
356
439
363
176
81
134
255
372
392
336
290
318
378
274
106
-21
-8
22
-5
-19
-90
-217
-201
-49
74
276
334
422
413
299
243
182
16
-8
-167
-248
-174
-36
131
60
-166
-368
-494
-521
-364
-288
-265
-314
-316
-312
-273
-153
-28
3
23
111
118
150
124
111
218
295
362
290
118
-104
-200
-164
-53
91
159
234
65
-130
-278
-309
-298
-207
-93
-153
-207
-184
-168
-71
71
97
-49
-212
-302
-315
-269
-158
-124
-143
-75
60
228
375
499
541
487
333
186
152
195
191
184
225
298
322
410
507
508
398
192
16
-116
-29
104
191
239
278
148
-3
-164
-255
-360
-428
-424
-434
-268
-162
50
165
256
171
62
-77
-263
-258
-337
-478
-580
-653
-560
-383
-253
-108
41
186
211
318
372
325
206
-5
-259
-411
-301
-92
89
95
23
-99
-175
-233
-307
-352
-436
-574
-657
-560
-360
-229
-230
-273
-322
-296
-229
-276
-352
-393
-300
-253
-133
28
156
291
347
251
27
-213
-404
-465
-324
-248
-268
-353
-450
-337
-116
107
274
369
357
448
645
872
1015
1002
864
718
648
625
761
852
1001
1046
940
820
724
879
1022
1098
1008
864
763
702
654
582
478
453
308
87
-125
-164
-133
-286
-353
-418
-412
-208
39
94
-12
-279
-458
-387
-235
-76
-119
-429
-787
-1008
-987
-618
-326
-225
-341
-604
-656
-578
-321
-87
-176
-355
-616
-732
-715
-580
-496
-558
-613
-733
-738
-745
-567
-427
-370
-333
-386
-500
-684
-773
-848
-790
-554
-389
-358
-304
-289
-228
-98
112
320
465
514
393
372
291
209
173
140
238
306
411
479
452
489
458
432
425
430
526
740
947
989
895
729
514
453
426
381
246
68
-15
119
422
604
556
347
89
77
158
219
150
37
6
-45
44
127
92
67
50
93
80
-68
-195
-257
-161
-92
-62
7
68
104
73
-85
-314
-583
-681
-659
-498
-292
-197
-70
68
43
31
-8
-79
-201
-258
-242
-164
23
191
339
310
226
39
-108
-187
-240
-129
-37
2
1
-93
-178
-244
-331
-393
-421
-406
-395
-436
-436
-476
-477
-402
-273
-151
-62
-35
-117
-193
-160
-16
113
162
188
176
139
152
287
449
507
444
243
42
-73
-17
133
206
328
374
310
290
320
308
288
134
-70
-182
-131
16
193
371
385
480
588
459
250
-114
-373
-513
-515
-379
-183
-54
24
113
259
414
402
400
273
128
-9
-57
-39
-32
-64
-13
82
177
180
84
46
-108
-295
-468
-501
-553
-536
-428
-315
-125
-70
-82
-225
-360
-448
-539
-570
-554
-578
-523
-455
-385
-143
179
352
355
273
189
99
71
45
18
-10
-54
-79
-44
-33
12
109
133
178
182
94
94
239
299
361
364
219
222
357
471
527
490
428
236
201
213
273
336
284
267
222
247
247
259
286
349
297
249
196
45
-130
-298
-372
-292
-125
31
143
108
32
-118
-191
-348
-517
-583
-605
-518
-391
-223
-104
-116
-247
-366
-423
-369
-242
21
150
119
18
-294
-551
-626
-592
-484
-409
-496
-444
-283
-93
84
172
185
253
311
333
417
365
231
134
98
160
288
298
261
18
-138
-90
30
130
120
103
128
155
86
21
-36
-61
-93
-170
-207
-216
-111
40
117
117
98
123
66
79
68
90
70
8
-57
-100
-38
105
184
100
48
-35
-11
72
166
217
246
200
199
142
118
170
73
57
-35
-73
-50
-57
-110
-115
-173
-193
-39
102
201
213
231
244
181
96
33
-16
-31
-32
27
86
151
140
192
212
77
41
-42
-94
-50
1
105
99
142
208
281
308
233
84
22
135
280
286
245
205
96
18
-33
-76
-171
-396
-628
-809
-879
-866
-749
-561
-472
-480
-566
-661
-718
-622
-552
-526
-550
-496
-376
-142
-57
-147
-341
-474
-452
-380
-259
-246
-158
-61
137
306
401
450
466
546
632
670
503
291
170
178
228
332
516
571
610
757
876
872
798
755
753
707
632
541
508
499
543
494
327
174
55
-30
-31
34
51
-22
-131
-167
-139
-144
-134
-138
-244
-348
-520
-679
-787
-751
-655
-555
-373
-298
-265
-237
-199
-214
-267
-334
-437
-470
-560
-652
-605
-568
-482
-363
-334
-314
-314
-162
52
226
294
415
454
412
262
178
79
47
133
169
177
157
88
148
336
383
523
530
427
324
262
266
263
118
-16
-129
-112
-58
-65
146
245
270
250
87
-33
-13
97
204
96
-4
-96
-168
-195
-310
-406
-427
-470
-548
-538
-577
-577
-447
-387
-292
-193
-132
-22
36
-34
-154
-188
-142
-92
-54
-83
-134
-164
-199
-128
-3
117
267
327
331
253
115
11
-96
-48
69
195
373
552
669
534
326
132
55
119
216
305
379
499
444
464
488
535
544
444
229
-9
-76
-29
123
276
460
524
429
206
68
-51
-94
-19
50
26
-57
-193
-253
-255
-262
-274
-226
-134
-157
-167
-210
-216
-244
-119
-55
-69
-88
-156
-168
-159
-219
-270
-302
-279
-310
-294
-309
-319
-229
-101
41
28
-24
-66
-39
-75
-71
-158
-90
24
108
259
353
381
352
250
110
4
-42
-23
-3
-73
-99
-146
-137
-56
-3
117
157
80
-82
-248
-212
-64
30
101
48
-187
-357
-594
-725
-657
-586
-414
-359
-315
-373
-382
-375
-417
-259
-206
-165
-105
-74
-37
50
26
-140
-385
-672
-656
-489
-223
37
109
31
-112
-171
-134
-29
118
179
200
185
203
249
261
338
431
569
666
644
540
455
540
711
852
883
819
675
526
409
315
307
281
242
298
306
288
221
152
61
123
95
57
34
29
55
130
192
154
217
182
223
294
288
203
144
170
239
213
258
278
253
285
199
111
6
-158
-162
-119
-109
-39
0
124
86
-62
-137
-165
-93
-51
-244
-480
-748
-927
-923
-785
-612
-530
-522
-613
-730
-667
-555
-489
-380
-415
-566
-621
-600
-540
-396
-215
-42
44
19
-106
-224
-251
-99
-44
73
141
121
235
283
298
132
-39
-215
-196
-79
64
223
181
127
103
126
172
165
159
265
307
384
567
585
405
272
120
-49
-78
28
217
330
171
58
14
-14
-1
-97
-220
-208
-146
-95
-9
-32
-181
-252
-336
-337
-250
-311
-331
-378
-337
-211
-15
223
335
319
95
-8
-39
-37
75
154
370
414
416
412
373
337
251
124
-33
-18
91
188
241
173
10
-40
-34
88
264
428
467
327
174
46
-35
-29
45
115
34
-119
-281
-331
-236
-119
-92
-158
-269
-244
-67
116
259
240
210
177
91
78
136
143
171
186
94
26
-64
-200
-195
-93
-37
9
-100
-88
-118
-193
-188
-259
-257
-268
-222
-177
-213
-287
-323
-274
-103
101
321
466
450
387
233
159
194
210
227
159
172
200
196
187
108
-64
-153
-91
91
229
192
118
11
-74
-1
143
245
304
179
-65
-195
-312
-418
-501
-509
-453
-239
-5
-6
-104
-289
-396
-497
-551
-531
-503
-357
-373
-412
-444
-506
-443
-403
-391
-348
-271
-195
-128
-58
-104
-132
-258
-411
-433
-414
-418
-394
-350
-294
-183
-61
149
284
418
510
463
413
243
71
63
107
239
386
579
666
736
747
755
782
831
820
675
575
339
80
-94
-168
-72
197
411
429
346
151
49
30
99
258
480
644
722
636
416
220
94
123
280
272
227
66
-126
-251
-354
-310
-235
-60
-20
-14
-65
-38
0
61
160
126
102
124
101
34
-8
-156
-218
-267
-274
-272
-292
-278
-193
-93
-81
-131
-285
-559
-833
-800
-750
-654
-510
-454
-409
-366
-238
-180
-119
78
292
327
352
237
55
-34
-113
-86
-184
-350
-464
-522
-403
-222
-70
-15
-171
-290
-375
-388
-276
-229
-196
-112
-24
96
121
79
-41
-82
-142
-252
-368
-392
-404
-253
-86
10
30
-51
-81
22
287
497
553
523
404
257
129
95
123
218
308
400
437
466
572
552
533
515
460
340
251
217
71
-90
-199
-192
-18
161
222
165
72
39
54
72
19
-39
6
63
157
199
196
102
-7
-114
-134
-23
-7
-23
-29
-24
84
205
244
159
-12
-51
17
178
279
244
142
-46
-226
-243
-209
-166
-103
-104
-190
-291
-209
-151
-127
-115
-145
-251
-313
-291
-129
47
100
209
96
-46
-184
-152
-95
32
94
123
104
-31
-11
-12
9
45
81
27
19
-30
-154
-272
-261
-102
59
205
284
189
111
1
-51
-92
11
130
101
-27
-237
-300
-324
-211
-118
-171
-170
-56
122
198
124
4
-100
-114
-55
85
251
269
220
178
90
52
-75
-165
-151
-116
-77
-46
-123
-163
-198
-170
-189
-260
-275
-366
-272
-226
-187
-208
-213
-162
-18
176
323
501
377
249
134
47
101
144
222
249
248
263
286
380
419
292
21
-187
-229
-156
37
250
365
355
353
293
299
340
283
150
20
-106
-182
-41
69
159
55
-64
-47
-143
-174
-224
-271
-336
-287
-253
-273
-303
-357
-240
-188
-202
-311
-470
-470
-395
-220
-151
-150
-206
-234
-191
-105
-116
-126
-243
-412
-456
-471
-367
-211
-84
-11
-54
-87
-20
36
47
14
-55
-127
-109
60
285
401
393
191
39
99
213
297
254
129
51
8
60
111
258
315
316
445
495
448
374
294
204
126
149
263
293
311
292
292
373
376
305
219
150
146
182
256
333
332
289
93
-129
-270
-350
-312
-90
113
335
519
641
755
848
773
640
450
205
29
-102
-47
106
315
362
369
143
-80
-183
-142
-83
-49
-110
-258
-375
-312
-241
-297
-284
-347
-346
-305
-301
-363
-402
-521
-584
-714
-846
-939
-862
-793
-777
-745
-823
-734
-730
-725
-819
-973
-1029
-937
-701
-471
-380
-456
-549
-519
-482
-391
-392
-413
-397
-292
-182
-80
13
23
68
-21
-67
-101
-90
17
171
378
528
600
670
573
452
254
232
375
539
701
789
727
659
531
460
544
629
703
670
722
755
715
734
668
537
470
357
356
423
525
740
843
892
847
629
386
308
257
260
341
340
369
306
205
148
197
240
260
160
-17
-188
-356
-322
-195
-6
91
147
132
39
-46
-208
-358
-426
-358
-377
-471
-491
-508
-515
-555
-558
-627
-582
-599
-573
-574
-503
-493
-530
-534
-572
-556
-540
-392
-176
-94
-119
-280
-412
-371
-351
-276
-273
-317
-249
-212
-162
-114
-64
-77
-101
-166
-193
-258
-296
-141
35
90
83
-18
-89
-199
-227
-288
-390
-364
-188
119
332
463
446
350
117
-167
-411
-412
-223
100
398
583
628
428
229
98
35
83
192
362
494
574
531
493
538
472
382
373
419
490
548
621
649
626
599
577
416
290
229
170
132
41
66
25
-10
10
48
34
-6
-78
-92
-78
-114
-183
-276
-394
-324
-178
-121
-5
55
139
176
194
157
-143
-451
-801
-1003
-1024
-829
-455
-250
-152
-237
-405
-605
-770
-824
-715
-573
-382
-237
-104
-55
-38
73
156
171
94
-37
-58
100
271
335
286
174
73
28
4
80
152
142
49
-74
-167
-148
-4
54
11
-31
96
333
553
664
641
489
373
416
372
390
257
123
214
406
563
546
329
-29
-215
-195
29
226
411
363
178
65
-46
-60
14
180
308
336
279
201
161
148
64
-43
-128
-230
-299
-442
-419
-409
-523
-626
-695
-641
-597
-462
-320
-196
-227
-252
-321
-343
-316
-264
-101
-27
-96
-260
-456
-487
-341
-95
19
-22
18
12
-100
-255
-256
-195
-21
190
383
438
290
239
173
117
150
202
160
65
15
-61
-53
33
220
335
359
428
407
334
120
-43
-130
-185
-286
-353
-278
-258
-181
-130
-91
-22
35
74
127
270
363
340
335
367
331
140
-31
-306
-486
-372
-177
84
113
133
78
35
92
231
302
390
386
353
314
196
166
112
56
45
20
-51
-4
135
266
315
272
159
-10
-134
-186
-209
-161
-217
-318
-239
-192
-198
-196
-144
72
224
324
303
224
173
153
339
609
665
522
306
56
-151
-167
-167
-160
-246
-325
-278
-254
-175
-75
29
39
78
-6
-180
-442
-550
-574
-524
-347
-205
-63
-52
-36
-182
-258
-213
-170
-17
180
334
391
359
157
-144
-372
-611
-823
-876
-800
-698
-572
-376
-201
-3
113
232
225
174
133
98
111
124
-46
-258
-370
-423
-304
-166
-4
52
7
-26
19
185
242
197
21
-85
-65
-46
-3
-15
-22
50
123
242
307
213
184
265
438
666
757
663
472
216
-17
-4
20
62
2
-32
14
79
102
174
244
127
15
-89
-63
44
105
141
228
246
411
417
294
80
-134
-175
-69
79
186
237
296
400
456
411
190
-39
-156
-108
87
368
588
593
388
140
-122
-290
-310
-239
-256
-208
-116
-53
54
46
-103
-206
-247
-220
-97
4
-61
-244
-393
-524
-604
-686
-717
-634
-524
-410
-337
-223
-143
-45
18
76
151
160
129
190
226
331
332
327
188
15
-74
-197
-225
-195
-106
28
72
16
-98
-214
-336
-462
-369
-306
-250
-240
-294
-270
-293
-317
-246
-213
-66
208
444
624
660
614
376
87
-190
-431
-510
-392
-218
-86
-68
-103
-143
-254
-323
-313
-192
2
217
428
595
730
763
619
465
390
472
428
244
-10
-226
-299
-250
-64
203
375
379
255
64
-7
30
130
106
-83
-275
-431
-430
-241
-34
141
216
273
206
111
90
115
138
103
69
55
-46
-160
-205
-258
-321
-387
-456
-603
-670
-525
-384
-263
-222
-233
-328
-306
-141
-114
-146
-194
-268
-268
-253
-328
-303
-271
-155
-68
1
4
62
217
243
217
216
363
522
593
432
179
-73
-121
-58
117
165
216
288
373
620
804
959
995
961
785
631
613
597
569
572
515
447
371
217
199
255
338
382
307
254
259
381
406
422
195
-64
-174
-260
-212
-101
-2
91
144
129
195
115
-10
-130
-279
-331
-376
-411
-521
-660
-813
-920
-952
-1030
-1052
-981
-844
-772
-694
-672
-729
-720
-753
-649
-522
-527
-515
-551
-487
-457
-437
-351
-303
-251
-235
-135
-83
-13
122
170
218
170
139
-1
-175
-304
-233
-31
104
247
318
414
358
125
-37
-25
182
355
470
474
277
64
-84
-194
-317
-385
-393
-355
-221
-149
-101
-17
168
218
254
283
277
265
193
217
228
240
327
260
192
179
324
534
690
905
1022
1064
964
887
750
584
475
415
530
720
860
988
967
891
742
600
469
388
423
488
537
501
384
208
-101
-453
-681
-751
-686
-547
-500
-498
-545
-519
-476
-510
-535
-641
-710
-679
-577
-457
-434
-516
-584
-620
-514
-456
-447
-463
-454
-343
-250
-135
-70
-155
-270
-413
-458
-374
-217
-212
-331
-407
-463
-378
-371
-285
-154
-60
20
98
187
172
133
114
-10
-147
-248
-198
-75
52
146
179
228
152
57
-130
-272
-305
-245
-114
67
216
270
314
290
259
148
150
126
125
188
337
366
322
283
244
250
212
128
33
3
-91
-177
-155
-39
-78
-69
-160
-170
-104
-13
114
166
243
216
255
264
354
444
509
590
567
541
402
319
278
196
106
-6
-56
-46
2
-28
-88
-161
-239
-357
-385
-282
-185
-80
-38
54
136
113
-43
-227
-307
-144
26
50
-28
-208
-222
-265
-216
-163
-139
-4
106
163
207
113
29
-2
-4
-13
19
63
108
204
287
348
349
298
179
92
-55
-62
-3
113
215
97
1
-95
-91
-63
2
-105
-263
-423
-555
-557
-388
-71
248
518
591
490
252
23
-231
-365
-380
-130
119
207
208
176
115
91
170
103
138
235
347
414
433
414
332
139
-30
-162
-343
-403
-316
-169
-102
-137
-279
-336
-391
-334
-215
-172
-157
-254
-324
-362
-372
-456
-487
-631
-721
-826
-823
-692
-427
-126
-94
-130
-246
-397
-386
-329
-187
-58
-61
-122
-167
-171
-275
-421
-473
-372
-169
152
285
361
390
378
312
216
135
17
82
303
594
813
897
840
584
315
181
50
18
60
187
369
475
620
722
756
779
600
331
69
-72
109
311
453
413
285
234
228
287
403
504
440
338
236
7
-113
-114
27
211
332
534
468
300
82
-101
-173
-214
-221
-290
-386
-480
-540
-443
-330
-270
-308
-428
-504
-535
-499
-462
-487
-511
-414
-189
99
238
256
151
-71
-230
-376
-408
-385
-357
-349
-388
-276
-143
-1
47
11
-84
-220
-316
-311
-234
-225
-131
-86
-22
107
224
261
234
164
153
169
212
165
49
-18
-126
-125
-131
-133
-57
-11
-1
-68
-84
-50
18
238
387
449
501
431
287
242
226
247
292
281
225
207
121
-53
-241
-296
-306
-230
-132
-125
-208
-239
-190
-202
-115
-100
-102
-43
-53
-68
-147
-220
-164
-66
-55
-150
-316
-422
-382
-156
56
227
257
145
170
205
227
225
131
36
-8
-66
-30
-5
5
-28
-92
-61
31
167
233
293
378
331
312
219
18
-142
-339
-427
-445
-468
-398
-274
-176
-77
11
35
113
228
314
407
345
331
330
259
167
58
-30
-116
-101
-130
-159
-73
35
73
-29
-182
-120
72
255
416
517
514
402
405
434
468
434
272
154
51
14
36
79
129
49
40
68
208
307
297
254
202
228
113
-115
-277
-411
-423
-273
-63
90
93
-48
-325
-461
-560
-530
-392
-344
-319
-329
-284
-218
-277
-251
-247
-190
-69
33
31
-100
-248
-388
-405
-416
-328
-375
-426
-479
-424
-263
-22
180
202
104
-51
-151
-179
-167
-159
-169
-89
44
168
367
469
498
383
299
290
388
518
565
613
590
523
409
346
292
128
71
83
104
184
199
121
12
4
28
65
195
314
210
143
-3
-128
-237
-414
-557
-723
-741
-688
-472
-321
-170
-194
-341
-459
-615
-680
-727
-766
-683
-548
-430
-374
-379
-371
-329
-278
-296
-285
-231
-74
86
156
180
136
184
327
425
453
383
227
90
151
217
377
494
573
502
449
383
377
376
362
396
367
358
288
314
392
350
308
355
325
304
398
496
609
792
841
827
700
606
539
394
192
23
-65
-52
94
271
364
377
301
221
296
277
360
266
185
100
-28
-125
-206
-158
-198
-142
-268
-368
-363
-449
-319
-262
-252
-245
-324
-422
-546
-605
-641
-752
-864
-1011
-1055
-887
-709
-485
-465
-515
-636
-724
-641
-621
-559
-549
-516
-488
-540
-556
-664
-801
-717
-589
-456
-356
-278
-324
-295
-269
-280
-203
-235
-154
-39
120
136
112
81
144
284
355
388
315
232
116
163
345
430
468
408
317
303
359
451
620
717
781
759
538
379
308
379
448
471
537
536
511
448
381
382
362
340
272
248
221
234
383
525
669
719
628
489
342
237
243
346
392
431
345
197
8
-99
-48
10
120
216
223
291
340
364
418
436
228
-24
-175
-286
-277
-279
-286
-346
-404
-432
-342
-339
-320
-299
-340
-399
-556
-657
-734
-825
-886
-826
-770
-687
-668
-597
-531
-425
-378
-428
-491
-574
-564
-532
-428
-306
-230
-86
-27
-110
-166
-149
-121
-77
-30
-29
-90
-210
-248
-201
10
135
224
95
-61
-146
-143
-56
-27
79
220
264
170
66
-27
-12
101
235
382
390
329
265
262
383
474
603
615
671
702
715
701
633
610
578
594
584
532
431
318
292
265
222
142
-44
-203
-369
-335
-122
-72
43
22
-75
-87
-226
-272
-330
-380
-380
-342
-403
-403
-369
-392
-401
-416
-326
-248
-70
-64
-136
-252
-374
-390
-397
-291
-225
-189
-142
-117
-37
17
-118
-221
-279
-282
-186
-23
87
150
145
127
139
84
49
78
138
103
71
-22
-17
167
352
495
578
484
294
268
233
269
294
131
-44
-205
-287
-296
-133
-92
-84
-10
87
262
360
311
129
-68
-226
-144
24
182
247
230
254
304
371
335
283
310
299
249
208
218
244
272
295
246
132
-19
-99
-6
107
232
232
119
-26
-98
-87
75
267
387
429
358
269
118
25
-138
-170
-307
-404
-261
-156
-98
-139
-229
-323
-342
-476
-567
-632
-646
-537
-419
-301
-309
-415
-612
-712
-741
-672
-571
-352
-212
-190
-212
-352
-379
-299
-180
-175
-324
-524
-698
-686
-542
-406
-406
-471
-462
-444
-198
-33
-4
-23
-63
-41
5
76
175
301
418
497
501
493
424
376
315
279
217
112
44
27
38
146
279
485
608
632
667
651
702
607
563
476
471
593
738
837
723
569
367
382
461
527
584
591
559
469
492
475
530
480
451
357
217
121
72
92
23
24
-31
-133
-339
-426
-465
-322
-216
-250
-390
-562
-639
-677
-545
-455
-338
-254
-223
-257
-385
-534
-506
-464
-321
-203
-219
-370
-567
-637
-701
-703
-638
-626
-463
-328
-143
-52
-98
-194
-323
-360
-351
-283
-157
-94
-103
-111
-225
-288
-352
-284
-85
175
428
580
612
544
494
525
609
761
893
932
960
849
637
494
388
357
227
120
104
172
253
252
179
116
18
-36
-27
-116
-169
-251
-352
-341
-367
-361
-370
-346
-210
-54
-5
-108
-225
-263
-258
-307
-375
-529
-628
-691
-696
-665
-599
-458
-352
-263
-270
-343
-282
-174
-53
190
353
422
307
203
158
97
21
-202
-392
-487
-325
-66
204
348
314
141
146
277
400
443
387
302
191
178
163
228
310
385
474
545
514
381
288
146
66
141
148
189
120
18
-120
-198
-191
-184
-43
27
40
-10
-20
-18
-6
61
30
78
195
411
598
619
521
389
230
115
91
57
-23
-104
-100
-56
-52
-95
-185
-286
-355
-335
-191
-37
14
4
-35
-31
40
18
-27
-67
-23
114
140
215
266
226
163
19
-154
-241
-255
-225
-198
-206
-212
-170
1
147
251
267
181
125
70
-24
-176
-278
-168
99
279
237
45
-224
-373
-385
-309
-273
-423
-495
-566
-518
-283
-238
-342
-546
-712
-784
-722
-532
-383
-276
-150
-85
-94
-166
-237
-259
-202
-121
-153
-101
-69
-16
78
156
206
267
287
231
140
107
140
61
24
-92
-129
-59
82
134
108
35
-53
6
34
162
172
292
328
349
340
247
175
172
223
353
457
466
424
239
114
10
6
108
242
270
293
315
345
365
335
288
207
112
96
112
50
82
-39
-21
73
168
252
265
288
194
221
253
208
243
138
65
-41
-27
48
105
188
192
224
178
171
135
148
156
140
89
-42
-139
-173
-142
-97
-77
-70
-133
-144
-146
-159
-48
94
127
-6
-51
-27
63
119
93
63
-41
-103
-145
-211
-276
-286
-169
-46
-9
-66
-256
-515
-727
-824
-709
-554
-484
-457
-439
-474
-517
-561
-621
-633
-579
-518
-458
-425
-388
-443
-465
-452
-485
-465
-420
-429
-490
-542
-654
-713
-704
-552
-331
-201
56
260
381
398
318
231
189
243
363
448
505
570
537
583
560
513
503
446
443
455
656
782
920
1035
898
788
704
641
605
524
510
605
586
538
448
312
156
169
242
371
423
417
447
469
454
344
192
55
-114
-172
-150
-142
-123
-220
-239
-210
-194
-184
-231
-127
-66
-114
-118
-105
-70
-91
-128
-296
-456
-471
-425
-303
-203
-179
-309
-470
-529
-548
-425
-295
-234
-220
-284
-428
-580
-644
-585
-416
-181
-111
-82
-190
-400
-484
-461
-304
-142
-66
-32
-85
-193
-273
-274
-171
-34
19
-7
-16
-36
19
4
25
12
86
114
57
37
84
140
53
10
-107
-104
73
196
319
344
342
333
410
490
551
512
407
354
347
433
507
523
360
257
227
154
164
236
274
291
322
248
251
146
17
-33
-24
-53
-54
-7
33
61
64
106
149
254
305
206
99
20
-5
8
39
15
-103
-251
-391
-465
-354
-219
-125
-168
-339
-542
-715
-729
-613
-460
-311
-255
-193
-110
-120
-123
-241
-291
-361
-440
-507
-601
-619
-648
-692
-618
-375
-151
-10
54
14
-73
-73
0
276
350
233
-3
-236
-253
-64
220
426
573
550
420
314
321
381
553
696
709
655
455
346
358
491
549
406
303
154
109
109
159
197
251
261
257
306
270
147
33
13
152
258
302
232
74
-44
-123
-140
-140
-119
-111
-119
-156
-197
-166
-125
-68
53
152
219
221
31
-125
-230
-319
-178
-58
-27
0
-53
-120
-164
-214
-211
-281
-284
-342
-347
-287
-215
-171
-235
-312
-316
-180
-22
41
-23
-125
-304
-386
-337
-263
-224
-257
-205
-157
-125
-95
-94
-176
-249
-260
-302
-228
-202
-136
-133
-45
100
64
92
219
314
406
395
274
145
42
-26
-92
-155
-147
-23
-34
-37
-43
-81
-62
-55
-47
-77
-25
97
153
169
196
252
307
351
274
144
148
141
150
97
47
48
68
182
307
367
273
156
67
35
60
164
192
119
76
68
189
294
383
402
351
311
322
266
184
81
-59
-148
-230
-344
-342
-299
-193
-125
-154
-229
-367
-442
-402
-303
-203
-109
-99
-85
-9
97
136
133
39
-202
-334
-418
-400
-342
-259
-186
-116
-93
-193
-247
-270
-137
36
210
262
258
126
-16
136
360
549
680
626
448
322
260
337
397
404
214
21
8
-32
35
-2
-69
8
77
215
250
248
263
222
249
248
275
298
397
395
245
-1
-230
-370
-379
-240
-115
-58
-92
-177
-262
-356
-459
-701
-846
-886
-827
-628
-547
-439
-408
-310
-280
-269
-242
-258
-232
-361
-391
-318
-313
-331
-346
-361
-292
-219
-72
52
157
189
141
93
45
49
90
124
191
206
156
77
-35
-176
-166
-117
-19
110
179
208
159
96
130
258
332
450
424
291
124
35
-34
-103
-123
-86
63
197
332
382
343
261
262
306
348
274
253
296
288
353
372
351
302
145
105
174
177
207
166
188
208
176
93
92
202
223
322
319
243
111
82
149
296
427
362
279
61
-86
-61
72
208
255
236
205
133
58
5
-134
-297
-435
-448
-337
-317
-379
-581
-787
-843
-876
-698
-521
-363
-225
-214
-241
-208
-205
-182
-149
-197
-222
-332
-389
-388
-412
-407
-408
-220
-125
-46
24
-19
-123
-289
-349
-441
-417
-272
-73
67
155
198
130
119
45
54
100
317
492
536
468
287
199
196
380
596
698
623
365
84
-116
-154
-81
55
156
177
216
164
-15
-256
-412
-445
-282
-95
12
-9
-32
-130
-169
-103
107
307
291
204
58
-116
-185
-294
-316
-324
-160
17
44
35
-69
-145
-186
-243
-243
-218
-271
-336
-294
-128
54
215
365
469
455
390
240
-26
-239
-257
-25
161
283
192
-48
-170
-230
-174
-140
-97
34
105
166
260
290
352
299
375
385
296
303
339
623
851
837
660
484
372
376
501
520
443
254
150
199
338
472
463
275
76
99
14
-54
-201
-410
-620
-721
-521
-316
-125
-98
-210
-385
-551
-713
-634
-449
-316
-176
-105
-31
19
2
-67
-223
-306
-292
-187
-55
-56
-119
-335
-526
-581
-611
-512
-446
-308
-172
-41
-94
-209
-353
-412
-292
-240
-209
-275
-301
-185
-62
0
-74
-270
-435
-493
-426
-346
-259
-315
-296
-229
-150
-45
-15
-24
-74
-106
-147
-94
-106
-119
-190
-114
32
200
369
479
529
390
283
264
306
385
504
495
567
577
522
588
587
728
694
515
471
398
552
709
831
850
731
490
184
-65
-113
-7
124
334
491
699
772
748
638
510
396
383
444
536
692
741
620
367
16
-202
-395
-479
-486
-447
-440
-429
-426
-433
-363
-453
-551
-693
-780
-789
-706
-574
-652
-802
-959
-1078
-1009
-830
-630
-446
-312
-344
-422
-547
-738
-834
-902
-832
-589
-237
-13
46
-105
-358
-520
-535
-388
-150
26
113
263
345
421
442
348
67
-184
-210
-63
247
506
757
887
864
714
358
99
-163
-226
-89
209
592
838
818
586
461
350
249
166
148
285
469
727
873
847
757
591
408
197
99
174
293
332
410
405
313
198
5
-281
-453
-419
-136
106
188
88
-173
-508
-796
-967
-999
-922
-810
-479
-132
182
300
298
157
-48
-223
-381
-413
-471
-475
-334
-219
-172
-105
-151
-243
-376
-478
-546
-396
-161
-29
78
10
-175
-345
-378
-343
-222
-131
-68
-59
-168
-230
-211
-75
-4
-1
-18
-63
-91
31
81
44
-78
-199
-223
-173
-81
100
288
552
865
1015
1040
834
507
292
250
359
523
584
506
468
375
301
203
130
170
172
223
153
101
121
157
230
149
-56
-172
-203
-188
-103
52
27
-43
-136
-154
-34
138
239
371
404
449
371
187
34
-179
-273
-395
-346
-282
-59
124
203
195
119
0
-198
-297
-386
-340
-176
16
187
258
132
-165
-463
-666
-632
-574
-425
-217
-161
-113
-229
-327
-419
-571
-603
-488
-343
-30
248
364
312
24
-273
-532
-651
-639
-510
-305
-51
50
76
-21
-177
-263
-249
-39
128
329
348
239
113
-36
-141
-238
-213
-144
-41
-11
65
185
317
443
442
334
184
15
-104
-66
140
325
439
435
349
263
214
253
300
336
346
419
430
374
368
421
440
519
553
591
528
362
150
7
-121
-260
-350
-335
-222
-79
-63
-181
-218
-316
-353
-399
-461
-567
-627
-564
-542
-560
-605
-623
-657
-658
-559
-341
18
293
475
577
533
352
171
-19
-95
-122
-98
-112
-168
-128
14
137
180
211
155
160
185
240
310
282
308
354
362
380
342
217
74
49
110
267
437
551
505
394
236
57
-106
-170
-63
18
27
-20
-46
-142
-151
-77
49
191
261
323
360
304
79
-80
-199
-250
-241
-150
-94
20
254
343
314
154
13
-100
-227
-275
-340
-374
-400
-358
-332
-381
-460
-591
-675
-609
-505
-495
-459
-639
-717
-689
-560
-374
-243
-283
-329
-280
-244
-146
-61
121
199
252
217
83
-62
-133
-191
-173
-126
-153
-163
-181
-213
-264
-324
-340
-397
-256
-59
108
175
151
159
137
235
334
474
547
575
555
551
419
361
319
313
385
402
468
497
520
360
273
206
264
374
467
523
487
492
494
508
580
563
407
311
272
326
308
230
70
-109
-173
-117
113
326
464
502
461
294
35
-266
-554
-649
-647
-475
-269
-90
-83
-166
-309
-439
-473
-471
-441
-488
-412
-352
-248
-74
-45
-94
-14
16
59
88
81
71
94
138
53
-28
-239
-320
-384
-363
-201
-3
201
253
277
170
40
-125
-112
-104
-108
-130
-161
-116
14
266
407
365
207
2
-238
-317
-350
-254
-148
-170
-245
-405
-462
-417
-356
-348
-326
-254
-140
97
178
217
57
-131
-213
-181
-88
-80
-36
-82
-130
-212
-304
-426
-561
-642
-601
-490
-337
-236
-170
-94
-57
-65
-217
-340
-438
-342
-189
9
255
333
315
149
-72
-259
-283
-152
117
380
510
640
722
854
897
917
737
421
214
188
364
489
587
539
379
177
39
-23
1
13
-17
-65
94
296
459
593
374
169
20
-81
23
176
311
387
444
365
424
480
482
411
228
170
231
441
639
734
638
291
-79
-335
-419
-247
-95
-3
70
149
260
290
227
-16
-171
-293
-361
-360
-320
-230
-231
-226
-252
-328
-482
-550
-603
-587
-439
-280
-73
-37
-208
-408
-662
-895
-981
-882
-656
-522
-516
-621
-699
-792
-695
-573
-468
-362
-354
-345
-356
-267
-257
-316
-424
-521
-521
-448
-273
-130
13
190
310
359
248
80
-137
-238
-156
-39
173
230
211
180
199
270
318
322
371
433
611
814
893
952
818
610
343
151
42
69
275
517
665
666
561
306
175
186
312
543
683
784
741
624
556
522
489
499
471
266
37
-34
29
202
379
408
299
23
-97
-31
79
199
107
54
-94
-225
-169
-169
-172
-348
-527
-610
-570
-542
-448
-394
-347
-376
-335
-308
-348
-373
-535
-631
-697
-641
-420
-262
-230
-184
-264
-252
-257
-245
-226
-167
-115
-112
-115
-160
-278
-431
-489
-522
-433
-295
-176
-172
-368
-557
-598
-532
-366
-214
-80
-87
-74
-99
-117
-31
157
295
320
330
302
319
331
306
320
369
391
501
485
323
117
-34
-34
85
262
324
340
306
380
470
528
604
602
504
335
236
336
434
571
704
699
637
565
542
491
526
423
357
268
280
286
221
124
-134
-471
-662
-633
-414
-119
24
91
-1
-166
-318
-439
-451
-387
-372
-288
-186
-113
-113
-255
-468
-698
-861
-936
-863
-736
-595
-481
-497
-505
-549
-619
-646
-655
-615
-513
-349
-264
-208
-151
-147
-181
-232
-228
-46
118
306
470
463
373
194
28
-101
-129
-112
-101
-105
-43
117
368
467
430
379
288
251
250
293
365
475
615
808
929
893
732
365
224
291
446
760
918
928
826
726
608
504
324
131
-14
-43
52
145
177
112
-34
-141
-224
-240
-161
-117
51
109
233
213
107
-56
-184
-258
-300
-295
-464
-621
-654
-610
-617
-616
-602
-533
-407
-352
-401
-372
-379
-342
-269
-202
-135
-195
-217
-247
-150
-124
-107
-69
11
22
-58
-137
-247
-357
-386
-335
-222
-65
44
87
39
71
70
122
-1
-112
-86
-9
184
367
444
366
248
65
-107
-231
-308
-288
-164
-52
99
185
181
133
60
-39
-85
-184
-337
-351
-308
-292
-305
-312
-319
-232
-158
-93
-105
-21
92
167
280
317
304
275
230
260
332
435
426
495
599
694
845
831
798
616
427
329
180
114
206
289
371
429
388
375
300
229
235
196
190
114
40
-114
-223
-286
-351
-381
-396
-348
-385
-395
-454
-388
-284
-149
-58
-82
-237
-407
-474
-439
-290
-129
-86
-150
-272
-408
-463
-456
-468
-444
-371
-293
-133
-18
31
31
12
-30
-92
-158
-214
-183
-191
-200
-93
25
105
208
240
273
273
292
363
447
646
664
572
404
150
-9
-38
57
187
298
302
196
128
99
131
145
197
189
168
202
285
398
448
340
162
-55
-218
-229
-186
-174
-212
-252
-310
-287
-258
-210
-188
-220
-255
-292
-252
-236
-239
-280
-300
-353
-312
-160
-36
-66
-151
-194
-259
-174
7
151
206
120
-20
-104
-207
-169
-150
-120
-151
-256
-326
-369
-350
-319
-319
-270
-296
-299
-274
-209
-83
-55
-86
-178
-160
-122
-36
21
97
182
223
304
313
434
479
446
379
223
107
35
128
396
664
742
629
419
306
220
195
233
203
157
181
222
343
484
439
304
65
-135
-209
-85
49
263
447
464
262
-22
-207
-317
-178
27
200
193
87
0
-123
-113
-42
10
85
218
214
124
2
-124
-100
-101
-86
-123
-69
-76
-74
-48
14
152
111
94
31
-100
-229
-235
-144
9
136
46
-125
-250
-271
-227
-264
-324
-429
-475
-437
-309
-84
29
21
-107
-155
-133
-20
11
-53
-188
-295
-291
-222
-115
-117
-189
-243
-325
-324
-298
-268
-233
-240
-171
-165
-173
-237
-260
-321
-393
-451
-434
-347
-261
-96
-23
-5
-47
-151
-251
-251
-116
60
246
338
368
325
329
254
92
-21
-32
-45
3
137
243
274
339
411
385
350
300
228
171
103
108
195
247
295
308
351
253
166
182
273
513
702
732
747
637
473
403
355
275
194
158
52
23
56
175
210
98
-32
-231
-259
-274
-138
62
237
291
227
188
48
-56
-71
10
62
64
58
93
70
95
27
-73
-189
-274
-258
-147
19
57
41
-113
-259
-369
-393
-380
-345
-374
-375
-360
-253
-105
-109
-118
-193
-238
