1129
1071
937
947
989
1136
1167
1255
1365
1441
1482
1498
1628
1681
1583
1423
1272
1000
815
687
604
360
-55
-509
-877
-1170
-1330
-1182
-1161
-1103
-1174
-1336
-1436
-1451
-1293
-1098
-1071
-1085
-1229
-1333
-1357
-1328
-1144
-1051
-731
-425
-260
-135
-95
216
546
1035
1436
1619
1790
1888
2050
2205
2254
2353
2384
2507
2871
3166
3480
3612
3540
3319
3007
2986
3110
3346
3333
3076
2704
2293
2051
1912
1959
1890
1747
1669
1500
1250
1015
535
119
-240
-519
-847
-1166
-1437
-1830
-1963
-2114
-2171
-2194
-2285
-2421
-2442
-2684
-3057
-3340
-3538
-3583
-3568
-3466
-3346
-3212
-3157
-2993
-2884
-2674
-2478
-2258
-2193
-2282
-2465
-2709
-2595
-2364
-2163
-1998
-1885
-1726
-1592
-1420
-1316
-1224
-1243
-1109
-1064
-880
-563
-436
-96
52
227
373
350
477
611
693
829
987
1150
1248
1277
1155
1030
1027
1073
1136
1213
1281
1110
1234
1296
1467
1561
1334
1178
914
881
998
1045
1101
1102
1005
841
609
488
479
688
975
1100
956
519
154
-125
-236
-310
-375
-547
-658
-638
-504
-223
-89
31
-73
-295
-448
-680
-886
-969
-909
-776
-692
-695
-720
-594
-260
226
636
931
1054
1042
1033
931
1119
1384
1625
1879
1730
1493
1438
1604
2066
2649
3093
3302
3241
3045
2941
2868
2621
2280
2093
1897
1853
1910
1758
1471
1183
923
769
789
894
861
880
780
582
192
-220
-601
-727
-810
-1070
-1445
-1794
-2047
-2177
-2253
-2339
-2541
-2766
-2680
-2585
-2309
-2326
-2402
-2576
-2976
-3292
-3411
-3247
-2939
-2541
-2159
-2021
-2071
-2171
-2380
-2361
-2140
-1916
-1635
-1510
-1425
-1419
-1483
-1393
-1358
-1299
-1205
-1065
-890
-849
-641
-351
-187
-76
94
238
277
416
575
766
981
1055
954
724
520
534
561
668
813
942
1084
1159
1184
1119
1041
1055
903
880
1030
1151
1223
1225
1018
655
352
31
83
462
936
1306
1445
1366
1085
942
860
718
488
263
267
398
527
426
166
-147
-494
-536
-501
-535
-604
-709
-657
-481
-198
155
303
147
-225
-648
-944
-1000
-1052
-996
-910
-659
-113
349
802
1085
1182
1252
1413
1621
1737
1835
1799
1776
1690
1796
2083
2184
2252
2237
2237
2275
2121
1961
1952
2095
2226
2127
1947
1711
1338
1151
982
931
808
653
447
279
150
35
-68
-233
-545
-834
-1102
-1211
-1241
-1426
-1448
-1619
-1738
-1766
-1782
-1644
-1570
-1774
-1915
-2130
-2233
-2233
-2195
-2134
-2141
-2191
-2232
-2164
-1932
-1685
-1635
-1703
-1785
-1797
-1830
-1930
-2075
-2156
-2185
-2113
-1945
-1557
-1226
-988
-790
-680
-554
-535
-519
-509
-548
-430
-434
-426
-538
-554
-472
-465
-226
-151
-22
65
176
308
332
472
464
606
887
879
727
520
521
621
819
1109
1422
1621
1832
1917
1833
1562
1299
1159
1038
1150
1214
1405
1463
1321
1095
925
717
684
651
674
923
1043
1088
1045
773
519
222
-71
-194
-85
30
28
-155
-503
-675
-744
-703
-546
-344
-191
-101
-263
-536
-739
-802
-645
-435
-221
-176
-287
-251
-60
269
721
1073
1367
1435
1433
1400
1202
1047
1041
1139
1207
1233
1283
1264
1329
1613
1831
2019
1894
1574
1210
1100
1255
1332
1558
1656
1623
1404
1047
676
270
-32
-69
-26
-100
-182
-330
-556
-718
-921
-965
-956
-1151
-1212
-1545
-1694
-1680
-1680
-1596
-1607
-1659
-1816
-1959
-2006
-2156
-2265
-2241
-2226
-2175
-2140
-2139
-2087
-1886
-1725
-1515
-1403
-1396
-1354
-1437
-1570
-1512
-1495
-1369
-1205
-957
-628
-404
-287
-349
-529
-545
-342
-159
-76
-175
-219
-322
-389
-247
-116
112
230
220
219
194
185
169
198
275
420
629
807
967
1018
973
1003
1094
1228
1465
1586
1507
1442
1274
1196
1209
1278
1356
1335
1309
1188
1141
1116
957
917
882
871
848
685
508
254
-9
-549
-975
-1117
-1048
-735
-418
-331
-282
-353
-442
-507
-588
-594
-791
-897
-1095
-1159
-1138
-1115
-1053
-939
-867
-928
-800
-624
-426
-49
298
569
931
1218
1282
1321
1480
1650
1836
1882
1770
1641
1561
1715
1913
2103
2311
2510
2597
2533
2353
2301
2341
2305
2192
1933
1585
1158
1039
1144
1403
1655
1529
1234
805
357
-46
-153
-254
-494
-769
-1034
-1017
-1035
-1171
-1414
-1650
-1737
-1648
-1613
-1737
-1747
-1920
-2003
-2046
-2014
-2033
-2160
-2247
-2411
-2746
-2990
-3020
-2743
-2295
-1915
-1673
-1746
-1905
-2150
-2201
-2210
-2116
-2021
-1831
-1758
-1659
-1332
-1082
-711
-422
-358
-414
-448
-433
-232
-82
-45
-214
-344
-355
-237
-85
184
352
445
575
732
888
965
898
761
631
635
964
1282
1710
1812
1645
1359
1194
928
668
598
589
530
215
-397
-797
-1584
-2842
-3650
-3560
-2217
-225
1360
2135
2008
1404
787
621
1145
1701
1923
1942
1848
2163
3068
4139
4793
4791
4491
3869
3114
2248
1105
-272
-1760
-3078
-3897
-4038
-3622
-2661
-1362
-44
1380
2834
4152
5049
5289
4761
3614
2142
189
-1769
-3196
-3546
-3198
-2284
-771
695
2341
4092
5684
6375
5897
4436
2864
1946
2238
3944
5087
4100
1645
198
715
2202
4625
4411
-799
-5773
-6464
-391
5718
5305
2677
-604
-4939
-7718
-7651
-7294
-8183
-9437
-7710
-3983
-3312
-4978
-5940
-4133
-419
1940
390
-4558
-9259
-11043
-11201
-9308
-9369
-12779
-14290
-12215
-6688
-1051
3566
6607
6707
4860
2694
2446
5230
9195
10768
10333
6636
406
-3400
-4426
-4940
-6549
-7840
-7844
-6576
-4276
349
6551
12236
16784
18862
18600
16431
13767
11973
10991
9910
7725
4780
2067
381
-156
561
2043
3324
4125
4599
4039
1631
-3000
-9398
-15303
-18745
-19973
-21558
-24273
-25511
-22757
-15828
-7856
-2154
1058
3505
6393
9452
11351
11377
10076
8939
9249
11384
14734
18151
20129
20248
19747
20127
21383
21474
17979
10861
2739
-3583
-7629
-11511
-16491
-20926
-21623
-17700
-11716
-7158
-5032
-3430
-283
4097
7486
7943
6107
4207
4093
6210
9539
12829
15280
16740
17777
18860
19451
18231
14037
7304
162
-5458
-9447
-13180
-17403
-21013
-21941
-19685
-15980
-13024
-11587
-10437
-8236
-5259
-2753
-1677
-1660
-1309
452
3575
7164
10343
12418
13711
14601
14960
13756
10298
4867
-1681
-6651
-9293
-11209
-13410
-15522
-16316
-14671
-11437
-9109
-9004
-10288
-11513
-11662
-11351
-11517
-12323
-12659
-11227
-7853
-3425
672
3786
5910
7622
9376
10746
10752
9182
6355
3882
2953
3026
2948
1842
334
-570
-574
-227
-214
-437
-563
-273
-89
-1908
-7014
-14895
-22178
-25400
-24481
-22550
-22153
-21469
-16855
-7291
4161
12875
17540
20230
22888
25574
26340
24153
20187
16388
14132
13373
13363
13490
13534
13190
12453
11621
10507
8123
3106
-4850
-13418
-19537
-22204
-23062
-24157
-24660
-21722
-14026
-3830
4888
10036
12722
15398
18501
20412
19437
15659
11386
8617
7828
8230
8477
8145
7177
5929
4863
3632
1323
-2949
-9032
-15404
-19937
-21965
-22865
-23941
-24823
-23406
-18307
-10875
-4027
457
3354
6497
10383
13695
14602
13014
10827
9986
10660
11627
11382
9589
7339
5273
3297
672
-3505
-9248
-14992
-18820
-19527
-17738
-15443
-13611
-11240
-6688
-34
6180
9193
8799
7139
6464
6639
5853
2978
-497
-1913
-47
3684
6592
7337
6257
4587
3167
1542
-1249
-5356
-9777
-12422
-12252
-10023
-7490
-5857
-4931
-3797
-2254
-1045
-922
-1703
-2449
-2222
-1121
410
1526
258
-4685
-13023
-21215
-25209
-24411
-22351
-22594
-23292
-19752
-9988
2748
12309
16748
18823
21511
25088
26554
23982
18791
13993
11652
11379
11561
11283
10776
10300
9859
9373
8246
5581
189
-8157
-16727
-22142
-23246
-22310
-22135
-21590
-17018
-6670
6101
15805
19897
20524
21361
23056
23321
19932
13621
7750
4675
4351
4991
4884
3994
2632
1152
-264
-2140
-5237
-10117
-16252
-21748
-24384
-23671
-21240
-18671
-16023
-11798
-5414
1397
6486
8803
9726
10857
12234
12567
10787
7845
5632
5167
5587
5476
3964
1381
-1370
-4063
-6722
-9654
-13182
-16653
-18664
-17917
-13940
-8496
-3651
91
3584
7788
11643
12819
10364
6053
2619
1209
788
-302
-1901
-2332
-548
2603
4949
5238
3606
1054
-1348
-3279
-4960
-6828
-8738
-9560
-8017
-4126
294
3142
3639
3370
3645
4106
3406
788
-2451
-4373
-4156
-2640
-927
256
1394
2352
1347
-3394
-12087
-21188
-26369
-26517
-24680
-24085
-23006
-17414
-6138
7258
17080
21888
24091
25804
27055
25771
21332
15552
10726
8026
7100
7213
7805
8528
8581
7544
5851
3498
-72
-6153
-14535
-21974
-25219
-23634
-19779
-16030
-11302
-3337
7813
18404
24510
25443
23555
21444
19206
15639
10268
4443
403
-1103
-587
697
1521
1327
-319
-3063
-6220
-9621
-13607
-18446
-23111
-25324
-23383
-18086
-11796
-5863
-159
6219
12396
16146
16175
13008
9008
5605
2747
-335
-3530
-5384
-4910
-2584
92
1327
312
-2640
-6419
-9942
-12674
-14815
-16515
-16452
-13045
-5867
2912
9964
13426
14160
14041
13275
10595
4947
-2191
-7682
-9419
-7922
-5158
-2420
353
3558
6634
8287
7366
3885
-1194
-6181
-9450
-10313
-9568
-8196
-6384
-3331
1391
6123
8733
7835
4959
2258
795
-39
-1258
-2545
-3178
-2404
-847
680
1732
2443
3015
3533
2662
-1280
-9096
-19003
-26342
-28031
-25290
-22167
-20085
-15907
-6759
6119
17564
23419
24729
24507
24508
23784
20472
14886
9393
6306
6078
7581
9185
9845
9108
6864
3828
402
-3872
-9819
-17506
-24161
-26157
-22481
-15557
-8881
-2971
4160
13307
22029
26589
25654
21205
16432
12780
9539
5698
1503
-1415
-1949
-500
1512
2299
974
-2596
-7556
-12422
-16585
-20181
-23459
-25389
-23904
-17940
-8869
178
7179
12188
16111
18775
18364
14059
6890
-228
-4929
-7197
-8031
-8360
-7663
-5508
-2561
-173
32
-2500
-6720
-10793
-12915
-12552
-10664
-8086
-4450
1177
8559
15142
17928
15924
10869
5407
781
-3693
-8470
-12186
-12752
-9319
-3410
2371
6264
8041
8374
7658
5647
2022
-2796
-7567
-10571
-10456
-7426
-3253
231
2552
4386
6141
6802
4996
837
-3411
-5527
-5109
-3284
-1532
-54
1395
2699
3463
3378
2846
2232
1953
1496
-920
-6553
-15394
-23981
-28107
-26769
-22618
-19053
-15151
-8063
2750
14110
21473
24030
23862
23153
22206
19663
15406
10684
7550
6783
7718
9353
10183
9360
6427
1945
-2695
-7312
-12399
-18515
-24115
-25582
-21251
-12838
-4260
2673
9116
16258
23079
26570
25320
20492
14827
10300
6890
4003
1408
-373
-837
-305
611
683
-1288
-5590
-11480
-16998
-20756
-22578
-23041
-21855
-17485
-9453
597
9594
15317
17637
17685
15936
12116
6427
-29
-5298
-8089
-8431
-7242
-5684
-4334
-3581
-3389
-3619
-4664
-6850
-9668
-11750
-11098
-7150
-1884
2949
6578
9491
12172
13275
11257
6122
-389
-5929
-9127
-10199
-9819
-8053
-4791
-288
4356
7624
8617
7103
3817
145
-2873
-4958
-6367
-7346
-7053
-4890
-1287
1997
3449
2997
1811
1073
471
-716
-2377
-3185
-2309
-15
2483
3945
4218
3547
2517
1557
858
537
432
411
-944
-5162
-12861
-21881
-27634
-27580
-23421
-19180
-15847
-10366
-773
10992
20021
23626
23600
22669
22028
20490
16961
12350
8655
7181
7562
8704
9259
8174
5014
223
-4630
-8789
-12912
-17797
-22649
-24013
-19478
-10526
-1177
5807
11330
17157
22933
26060
24634
19639
13741
9229
6381
4354
2556
1020
80
-342
-603
-1538
-4244
-9013
-14758
-19260
-20972
-20148
-18030
-14906
-9746
-2170
6426
13166
16001
15291
12597
9237
5441
1041
-3286
-6317
-7117
-5772
-3648
-2037
-1878
-3146
-4840
-6230
-7160
-8147
-9312
-9228
-6404
-1065
4655
8237
9163
8766
8045
6472
3222
-1704
-6453
-8991
-8790
-6499
-3510
-676
1765
3834
5392
5853
4691
1902
-1544
-4101
-4852
-4258
-3557
-3144
-2598
-1420
11
515
-693
-2690
-3976
-3762
-2372
-980
1
916
2165
3593
4509
4306
2993
1220
-176
-614
-99
964
1938
1423
-2010
-9101
-18366
-25843
-28371
-26198
-22366
-18434
-12739
-3461
8086
17792
22775
23613
22616
21178
19075
15804
11891
8690
7303
7665
9060
10132
9470
6474
1640
-3565
-8241
-12682
-17397
-21435
-22135
-17659
-9252
-204
7023
12454
17073
20775
22212
20462
16191
11209
7356
5261
4551
4455
4189
3365
2142
610
-1606
-5407
-10893
-16637
-20527
-21221
-19143
-15389
-10388
-4145
2783
8662
11776
11744
9298
6089
2960
248
-1747
-2881
-2692
-1343
583
2020
1750
-531
-4078
-7510
-9498
-10134
-9965
-8792
-6193
-1866
3221
6808
7733
6453
4090
1720
-559
-2994
-5091
-5991
-5074
-2490
660
3265
4539
4407
3502
2349
974
-736
-2692
-4042
-3833
-2318
-667
-70
-651
-1664
-2320
-2675
-3402
-4475
-5341
-5104
-3467
-1106
1098
2565
3420
4057
4200
3746
2425
751
-487
-858
-227
981
1907
1090
-3125
-11305
-21067
-27734
-27840
-22954
-17379
-12737
-6986
2081
12620
19974
21902
19880
17057
15130
13554
11532
9351
8034
8241
9758
11549
12006
9711
4453
-2126
-7832
-11765
-14782
-17713
-19135
-16506
-9183
125
7638
11784
13639
14793
15438
14767
12333
8958
6221
5290
6303
8111
9040
7955
5048
1441
-2154
-6200
-11205
-16375
-19380
-18726
-14971
-10112
-5681
-1760
1713
4410
5504
4701
2725
573
-735
-556
822
2550
3621
3751
3387
2708
1178
-1809
-5760
-8890
-9804
-8479
-6254
-4256
-2523
-723
1035
2008
1554
-189
-2270
-3495
-3200
-1690
15
1190
1885
2532
3230
3462
2537
635
-1178
-1887
-1464
-681
-183
33
316
577
468
-502
-2259
-4257
-5751
-6173
-5493
-4195
-2804
-1540
-305
1040
2030
2322
1833
1180
822
733
765
784
1170
2068
3413
4070
2267
-3309
-12429
-21997
-27938
-28105
-24186
-19023
-13151
-5606
3830
12652
17932
18948
17047
14528
12664
11656
11145
10896
11104
11970
13425
14342
13155
9012
2646
-3865
-8888
-12283
-14795
-16321
-15454
-11259
-4601
1966
6371
8264
8612
8612
8631
8586
8278
8027
8548
10194
12333
13413
12155
8615
3923
-614
-4563
-8324
-11874
-14245
-14362
-12323
-9385
-7025
-5689
-4812
-3963
-3107
-2532
-2193
-1472
263
3022
6081
8219
8699
7630
5662
3524
1107
-1805
-4832
-7104
-7638
-6501
-4772
-3550
-3305
-3693
-4008
-3996
-3948
-4061
-4126
-3434
-1546
1041
3289
4285
4064
3262
2332
1350
187
-1030
-1692
-1409
-300
930
1466
1055
-32
-1113
-2013
-2844
-3669
-4426
-4651
-4203
-3262
-2299
-1732
-1508
-1621
-1751
-1765
-1524
-1007
-392
297
1058
1873
2868
3892
4791
4602
1859
-4329
-13501
-22443
-27736
-27740
-23795
-18360
-12003
-4538
3591
10488
14226
14629
12972
11195
10481
11145
12643
14254
15650
16732
17413
16756
13750
8294
1579
-4345
-8254
-10284
-11068
-10709
-8823
-5404
-1451
1558
2771
2375
1537
1420
2547
4691
7065
9359
11597
13724
15041
14518
11771
7429
2876
-964
-3893
-6034
-7611
-8369
-8386
-7872
-7421
-7579
-8202
-8921
-8910
-7864
-5906
-3376
-422
2832
6006
8326
9026
8043
5983
3675
1656
-38
-1509
-2660
-3359
-3487
-3325
-3431
-4204
-5588
-6947
-7584
-7215
-6129
-4755
-3153
-1302
574
1982
2458
1936
864
-177
-804
-918
-707
-326
137
655
1183
1487
1266
452
-550
-1351
-1870
-2343
-2927
-3355
-3338
-3117
-3106
-3604
-4167
-4271
-3713
-2872
-1960
-993
122
1343
2144
2653
2852
3086
3474
3125
704
-4944
-13416
-21815
-26886
-26937
-23400
-18712
-13687
-7893
-788
6304
11321
13178
12690
11957
12605
14762
17123
18619
19063
18981
18602
17189
13871
8661
2887
-1692
-4196
-5153
-5454
-5528
-5179
-4086
-2551
-1393
-1266
-2018
-2500
-1530
1151
4686
7906
10314
12046
13227
13509
12343
9550
5877
2392
-153
-1689
-2707
-3580
-4308
-4751
-5106
-5703
-6866
-8331
-9237
-8920
-7344
-5021
-2643
-481
1566
3322
4415
4507
3586
2197
1129
710
697
517
-176
-1183
-2120
-2816
-3534
-4611
-5836
-6623
-6515
-5551
-4356
-3469
-2985
-2711
-2395
-2042
-1831
-1894
-1938
-1632
-874
56
745
902
615
244
-87
-417
-895
-1408
-1774
-1885
-1739
-1690
-1717
-1794
-1921
-2180
-2557
-2932
-3131
-3114
-3040
-2767
-2442
-1910
-1264
-338
1047
2591
4248
5512
5516
2962
-2659
-10611
-18360
-23877
-26030
-24678
-20605
-14457
-7636
-1343
3567
6550
7872
7886
7765
8899
11419
14700
17940
20369
21674
21511
19374
15456
10680
6113
2695
794
258
622
1177
1519
1362
750
-368
-1875
-3183
-3354
-1900
636
3530
5997
7915
9072
9182
8208
6288
4155
2360
1414
1365
1899
2340
2305
1572
273
-1466
-3503
-5254
-6303
-6211
-5191
-3717
-2064
-688
79
123
-479
-1352
-2131
-2565
-2424
-1725
-807
-154
-82
-608
-1472
-2416
-3329
-4034
-4382
-4241
-3757
-3084
-2510
-2271
-2468
-3047
-3777
-4402
-4705
-4696
-4301
-3600
-2760
-1985
-1506
-1387
-1471
-1643
-1850
-2027
-2043
-1858
-1536
-1139
-883
-650
-541
-518
-703
-1033
-1332
-1547
-1588
-1585
-1583
-1665
-1766
-1737
-1651
-1415
-1076
-332
876
1568
422
-3523
-9391
-15527
-20384
-23160
-23522
-21257
-16878
-11453
-6086
-1184
2660
5043
6286
7246
9230
12086
15170
18097
20585
22350
22756
21249
18128
14251
10516
7609
5963
5415
5661
5999
5841
5242
4010
2304
207
-1540
-2328
-1816
-246
1617
3406
4572
5160
5249
4956
4606
4319
4130
4248
4679
5145
5340
4906
3941
2686
1232
-212
-1449
-2381
-2832
-2949
-2964
-3026
-3350
-4020
-4830
-5503
-5880
-5825
-5397
-4649
-3707
-2790
-2163
-1955
-2122
-2517
-2835
-3009
-2962
-2778
-2630
-2452
-2271
-2149
-2241
-2629
-3214
-3847
-4248
-4395
-4419
-4322
-4282
-4239
-4063
-3841
-3702
-3667
-3769
-3742
-3383
-2837
-2243
-1784
-1488
-1312
-1262
-1242
-1326
-1517
-1469
-1073
-478
15
-192
-862
-1600
-2219
-2410
-2368
-1646
104
1696
2109
268
-3351
-7358
-11197
-14272
-16654
-17442
-16320
-13566
-9725
-5989
-2731
-536
948
2367
4257
6754
9259
11749
14129
16236
17667
18039
17293
15584
13600
11802
10681
10180
9960
9646
8994
7921
6497
4747
2844
1175
-24
-540
-341
474
1446
2196
2611
2815
2849
2710
2575
2774
3556
4789
6134
7132
7497
7082
5994
4569
3208
2040
1142
566
318
147
-311
-1163
-2355
-3679
-4926
-5925
-6545
-6669
-6441
-6031
-5571
-5170
-4904
-4782
-4762
-4815
-4684
-4307
-3754
-3151
-2623
-2293
-2115
-2001
-1907
-1958
-2268
-2684
-2989
-3019
-2875
-2906
-3194
-3779
-4445
-4992
-5308
-5295
-5093
-4793
-4381
-3772
-3190
-2871
-2861
-2990
-3002
-2758
-2393
-2046
-1828
-1729
-1376
-895
-601
-805
-1395
-1732
-1360
-236
1265
2486
2591
1396
-764
-2873
-4471
-5669
-7203
-9262
-11052
-11781
-11255
-10062
-8626
-7186
-5607
-3717
-1631
623
2732
4582
6507
8330
9806
10736
11168
11517
11960
12353
12571
12566
12272
11580
10584
9258
7769
6383
5381
5026
5202
5541
5612
5433
5243
5187
5192
5075
5053
5335
5963
6689
7187
7245
6782
6065
5486
5229
5139
4977
4636
4257
3724
2724
1297
-361
-1762
-2650
-2982
-3049
-3235
-3651
-4155
-4600
-5044
-5548
-6196
-6785
-7079
-6995
-6753
-6561
-6432
-6393
-6369
-6313
-6225
-6029
-5620
-4940
-3984
-3116
-2824
-3121
-3559
-3591
-3010
-2221
-1745
-1767
-2200
-2636
-3087
-3463
-3639
-3650
-3226
-2556
-1985
-1875
-2399
-3196
-3817
-4054
-4087
-4246
-4413
-4309
-3758
-3147
-2917
-3043
-3133
-2969
-2546
-2084
-1640
-1352
-1202
-1119
-1221
-1790
-2952
-4480
-5511
-5456
-4846
-4428
-4605
-5044
-4801
-3644
-1924
-427
325
550
966
2146
3907
5341
6201
6778
7522
8345
8820
8568
8205
8563
9598
10743
11217
10795
10187
10035
10547
11074
10971
10199
9294
8727
8566
8307
7577
6583
5691
5172
4928
4536
3833
3108
2477
2108
1978
1888
1731
1756
2167
2684
2822
2371
1507
790
537
525
224
-637
-1593
-2187
-2289
-2319
-2773
-3532
-4425
-4894
-4976
-4926
-5103
-5545
-5811
-5915
-5756
-5973
-6684
-7475
-8009
-8067
-7934
-7888
-8123
-8128
-7570
-6647
-6325
-6865
-7777
-8068
-7325
-6175
-5062
-4106
-3387
-2812
-2584
-2385
-2595
-2648
-2212
-1191
317
1539
2086
2342
2667
2957
3336
3327
3276
2674
2180
2047
1888
1457
539
-830
-2033
-3225
-4221
-5301
-6124
-5885
-5178
-3871
-3003
-2205
-1300
-420
-48
-112
61
1040
1998
1992
1566
668
-862
-2487
-2802
-2094
-1049
-447
-437
-492
-357
306
1348
2537
3795
5032
6430
7607
8336
8213
7287
6502
6205
6088
6206
6723
7541
8296
8778
8794
8074
6933
6129
5987
6206
6466
6295
5941
5365
4640
3799
3059
2262
1818
1638
1510
1334
549
-165
-1058
-1377
-1452
-926
-150
418
429
-103
-229
-293
282
998
1419
1556
1130
126
-1525
-2525
-2883
-2846
-2368
-2594
-2763
-3355
-4285
-5594
-7090
-8573
-8943
-8065
-6429
-4681
-4161
-3908
-4403
-4370
-4319
-4055
-3908
-4319
-4084
-4275
-4739
-5212
-5860
-5202
-3984
-2441
-1305
-1052
-1109
-466
510
1417
1473
929
349
-710
-1352
-1920
-1948
-2351
-2884
-2991
-3571
-3443
-3652
-2881
-1985
-1470
-1445
-2024
-2261
-2774
-2539
-2185
-943
-123
1193
1958
2913
3219
3143
3437
3403
3667
3358
2969
2404
2361
2278
2768
2358
1744
1368
1441
2422
3225
3559
3497
3835
3915
3998
3435
3105
2580
2323
1892
1422
1059
758
724
1197
1116
1095
1008
1035
1540
1686
1933
1606
1415
1369
1927
2315
3086
3004
2921
2504
1871
1978
2054
2269
1862
1645
1291
1426
1033
566
451
-369
-495
-1386
-1498
-1558
-1374
-1186
-1130
-1238
-1119
-1356
-1274
-1239
-1109
-834
-822
-962
-911
-1322
-1379
-1465
-1632
-1672
-1992
-1701
-1735
-1403
-1589
-1220
-1311
-741
-933
-653
-565
-135
9
-44
67
82
433
397
350
-147
-634
-1248
-1586
-1680
-1856
-1363
-1330
-1239
-1631
-2372
-2737
-3125
-3157
-3021
-2678
-2420
-1812
-1453
-574
-207
39
135
-80
58
-127
474
734
1552
1668
1781
1456
1099
917
727
530
-33
-279
-324
47
163
33
-258
-370
-574
-111
-31
218
475
294
252
307
417
1127
1025
1418
1303
1467
1278
834
555
102
537
411
1291
876
876
6
-391
-695
-797
-673
-652
-185
-234
161
181
441
698
429
584
442
876
807
892
1067
1114
1389
1183
1035
623
441
159
374
-189
-310
-450
-174
67
85
95
-55
-207
113
323
538
-16
-609
-819
-657
-328
135
246
216
148
132
403
459
221
-59
-160
82
425
809
699
613
144
-31
-133
-20
129
437
481
192
9
-277
-215
-132
-286
-374
-393
-342
159
51
311
-25
-198
-106
-255
91
-207
-152
-542
-362
-455
-721
-786
-1149
-1004
-967
-639
-561
-518
-804
-790
-747
-697
-588
-765
24
-316
396
-320
395
-78
-216
-401
-388
-192
-508
-515
-598
137
73
766
297
452
-170
-226
-105
-97
64
-216
-198
-182
-133
87
180
222
219
-91
-524
-706
-997
-674
-301
-169
-90
-284
-229
20
-39
275
82
507
1413
1268
1578
569
228
-333
-618
-159
283
899
762
753
196
-22
-860
-187
-403
574
684
666
606
30
-153
-345
-320
-201
318
524
524
242
40
-402
-90
109
715
1004
933
809
395
183
62
247
433
378
78
-178
-377
-35
100
521
672
458
343
65
-80
-50
-148
21
-498
-729
-632
-682
-114
-323
-215
-451
-337
-613
-535
-506
-366
-249
-60
46
282
97
-55
257
57
108
-340
-593
-691
-532
-621
-378
-492
-392
-179
-11
-201
-320
-865
-850
-764
-194
165
408
395
320
552
407
612
387
462
259
559
666
880
877
711
497
482
718
304
858
610
920
837
403
329
187
214
201
363
71
378
213
387
245
485
214
409
318
119
260
-72
-12
-205
-498
-241
-171
-252
364
-117
141
-306
-608
-741
-1158
-1083
-1684
-1172
-1856
-1165
-1391
-678
-684
-708
-1001
-1124
-1050
-1214
-931
-1315
-699
-711
-109
53
281
569
391
653
467
276
25
-445
-466
-173
90
372
286
279
186
188
539
394
504
207
61
27
149
393
862
850
1314
1161
1003
778
385
386
182
703
695
1014
396
257
-159
20
341
340
618
-44
77
-497
-208
-429
-231
-118
-115
164
-143
176
-152
232
24
432
48
237
-198
-240
-115
-62
747
438
742
51
381
-7
491
-10
135
-185
-543
-272
-407
-219
-369
-497
-615
-550
-332
-520
-520
-822
-576
-731
-267
-523
-130
-437
21
-173
-157
-45
-781
-406
-1383
-542
-946
305
187
785
566
290
249
-131
314
67
862
332
785
198
460
239
409
560
220
657
95
310
50
-507
-286
-609
-360
52
123
232
226
-278
-387
-884
-1126
-814
-851
-311
-167
-145
-223
-488
-653
-268
38
408
826
545
672
373
562
883
517
834
520
443
461
228
-18
193
-116
606
855
1106
920
581
-170
-4
-629
-252
-505
-422
-183
-40
-70
-258
31
-460
-167
-563
-465
-722
-621
-781
-323
209
233
599
-85
-453
-746
-1028
-1138
-618
-575
-85
111
194
282
473
34
50
-113
-28
188
537
539
750
997
383
1031
665
972
775
730
-43
395
-77
523
652
628
712
47
161
-542
-265
-780
-511
-567
-231
-105
3
54
16
167
-158
301
-433
9
-243
-225
-486
-768
-462
-271
199
345
636
266
205
-196
-29
-153
-294
-144
-407
38
56
165
-70
-738
-378
-588
99
17
244
-314
-213
-355
-266
293
235
365
36
23
-580
57
-358
347
-143
105
-192
-208
-123
-423
-221
-220
309
-15
730
-70
576
-340
-28
-262
-181
239
204
664
405
622
15
74
-807
-732
-895
-495
-163
213
72
-217
-527
-841
-414
-265
228
98
-231
-410
-779
-432
-249
308
642
544
430
345
29
42
93
-140
-31
-347
-344
-345
-434
-349
-212
142
-303
-220
-296
-386
20
154
-184
362
-527
324
200
555
896
768
908
522
446
-10
529
320
1142
1163
1212
969
659
72
116
520
575
1693
977
1053
483
279
255
982
811
1100
922
272
508
-65
51
159
121
-12
84
48
65
-292
-812
-978
-1275
-939
-634
-464
-483
-921
-988
-1048
-1114
-849
-1012
-589
-980
-1096
-863
-799
-227
-420
-472
-659
-777
-514
-475
-395
-210
-305
-634
-463
-742
-132
-406
218
-124
86
93
86
100
-75
-456
-405
-289
-229
305
209
357
-105
-263
-776
-752
-579
-342
119
695
262
378
-509
-752
-304
-193
920
609
869
589
866
835
879
556
365
637
590
1405
905
1015
308
344
416
509
987
858
1064
487
152
-95
-215
346
342
893
804
785
370
301
-234
-109
399
616
903
248
222
-678
-237
-461
296
156
21
-181
-172
-130
-277
-315
-665
-358
-469
-41
-380
-198
-488
-289
-451
-402
-478
-490
-27
60
284
-260
-265
-556
-130
-178
-244
-217
-349
130
-252
209
-446
-258
-683
-419
-318
-258
-264
-628
-355
-720
-412
-550
-348
-30
-253
-101
-597
-773
-687
-552
-22
309
515
619
-121
-90
-1150
-442
-909
-93
-262
65
17
-190
-253
-347
-360
-706
-502
-527
314
495
1325
658
868
-286
-36
-338
585
1043
2008
1353
1489
406
390
656
835
1276
1083
854
386
807
319
1272
774
895
-4
299
-342
286
164
325
91
-141
-481
-179
135
78
164
-764
-967
-2147
-1657
-1605
61
712
1317
1056
-363
-766
-1830
-921
-1388
-13
-681
207
-716
-322
-436
-894
-319
-1472
-484
-1017
74
-15
810
265
495
-70
7
278
27
431
-177
80
-191
134
-121
700
-80
568
-300
-70
-170
-367
428
229
1522
768
1208
119
746
437
1085
1388
1128
955
476
475
185
881
392
952
497
358
201
-173
166
109
543
645
689
139
24
-461
-191
183
-22
458
-523
-640
-1119
-1410
-1089
-1235
-794
-687
-557
-161
-478
-441
-1060
-1096
-805
-428
-118
160
-148
-147
-507
-442
77
-37
322
-495
-654
-1449
-1596
-1218
-896
-412
-430
-670
-662
-744
-844
-1038
-947
-927
-423
-97
-129
166
-477
-470
-330
81
378
591
524
752
1250
1087
1578
1153
1510
1201
1767
1317
1621
1021
778
685
503
626
345
664
608
1152
797
646
-172
-637
-903
-604
-708
-473
-308
-198
419
331
179
-686
-1075
-1411
-1268
-582
-121
409
739
386
228
320
131
532
568
430
765
399
399
268
144
615
409
802
202
223
-279
-251
428
516
1049
501
220
-453
-539
-959
-598
-419
327
412
463
-45
-319
-400
-530
-204
-287
-139
-306
121
-150
561
-145
194
-66
-402
-461
-1120
-1117
-460
-214
492
315
-378
-517
-1360
-901
-754
-166
-225
-106
-548
-588
-916
-681
-641
-304
107
-271
-219
-622
-518
45
-107
306
74
562
584
904
699
589
78
-322
-165
-772
-75
-922
83
-329
217
-206
-232
-249
-94
64
215
548
533
944
-97
223
-784
-416
-315
-136
483
1026
923
1176
566
447
510
412
840
676
762
547
479
270
-104
262
48
213
175
318
354
276
46
-271
-116
187
556
991
776
212
-18
-146
129
735
549
1032
-139
195
-841
18
-152
40
-315
-768
-1301
-1385
-924
-1332
-405
-1257
-223
-933
-162
-456
-345
-708
-1119
-861
-1111
-583
-553
441
485
968
366
551
315
347
409
204
437
267
446
330
221
-139
309
-223
382
325
582
1050
830
969
567
203
209
-318
-325
-543
-445
10
298
793
716
745
544
505
165
-115
-533
-635
-191
-309
-26
-188
-10
-323
-449
-926
-1176
-1123
-1424
-1124
-1241
-876
-997
-639
-219
-417
61
-711
-956
-1156
-31
-306
619
6
-437
-399
-947
-625
-523
-412
-178
-26
-346
-317
-814
-569
16
492
1320
934
798
341
439
611
542
1190
1035
1473
965
1054
975
1342
2312
2463
3157
2282
1726
997
862
745
989
1023
193
300
-289
273
-238
452
-467
129
-502
-112
-421
-417
-776
-1190
-1017
-1515
-1113
-1784
-1263
-1559
-1014
-647
-782
-695
-1109
-1234
-898
-616
-495
-443
-335
-291
-5
-498
-94
-139
-217
321
101
579
455
15
-38
392
354
645
1054
639
821
633
335
122
214
-366
178
303
58
660
-688
-362
-787
-92
234
681
535
255
-258
-671
-416
-554
68
-237
301
-141
-143
-1125
-1133
-1462
-915
-163
-49
387
-619
-436
-1194
-548
-333
8
-218
-236
-417
-196
194
301
968
217
590
330
674
749
165
422
-82
423
582
971
1338
823
525
135
140
412
851
865
1296
802
646
28
-743
-744
-1215
-1114
-498
15
285
426
474
423
342
217
60
425
-211
-229
-717
-842
-477
-458
-95
-248
-232
-294
-344
-92
112
-128
-252
-572
-921
-713
-294
-535
150
-14
-79
225
413
536
353
-251
-727
-466
-140
817
418
881
161
528
6
85
-283
-96
94
405
677
567
485
-191
401
-60
694
989
995
1203
848
831
408
983
393
918
-56
-329
-653
-925
-297
-565
139
-358
98
-152
-382
-64
-632
323
166
593
-138
-474
-1298
-1400
-974
-702
-153
-277
-247
-249
-224
-546
-680
-1069
-1077
-555
-169
188
512
-13
-222
-760
-1155
-1055
-1048
-930
-496
-40
111
805
361
262
557
-19
652
-302
-33
-594
80
76
900
668
457
522
-377
97
-540
-179
-390
202
130
707
699
402
443
-469
-511
-540
-136
780
1009
1191
609
-124
-182
-344
44
527
510
668
1158
652
986
694
640
833
156
324
-173
141
-31
148
125
-98
-165
32
-17
248
74
-146
-566
-719
-632
-488
-459
-199
-782
-567
-759
-369
-195
293
-280
-168
-971
-1284
-683
-753
36
-495
-385
-674
-59
-25
276
584
-66
369
-41
283
634
940
815
811
650
237
735
348
882
1428
768
1424
329
668
148
347
152
-33
-150
-526
-19
-419
531
119
73
184
-573
-28
-600
-107
11
81
-151
-569
-728
-732
162
-285
-164
-788
-1243
-1344
-1316
-736
246
465
473
-72
-653
-1066
-777
-194
337
627
176
-106
-715
-445
-235
-193
418
-96
173
30
-44
-301
-28
-175
643
657
618
442
-188
338
-112
767
-188
160
-359
185
55
543
394
-38
-41
-842
142
-268
-98
-441
-116
-382
87
-43
-470
-117
-586
-67
19
393
350
324
24
-285
-53
-695
-454
-634
-160
325
288
675
228
11
-321
-440
-246
385
225
621
762
709
627
413
91
411
167
716
919
857
867
195
331
114
570
210
398
59
124
75
62
-10
-13
-167
-545
-312
-825
-642
-678
-663
-400
-450
-523
-238
-171
-570
-17
-942
-153
-706
-236
-405
-283
178
397
983
964
986
-343
-616
-1080
-199
398
1074
968
477
342
-602
-132
45
582
797
933
46
44
-594
243
541
1030
892
239
-140
-61
206
685
1119
520
571
-173
-633
-589
-335
-298
466
379
303
-448
-358
-811
-257
-637
-206
-700
-333
-1049
-530
-412
-459
-476
-773
-640
-1039
-895
-1684
-1268
-1549
-910
-852
-487
-283
-20
-24
-7
314
-163
885
97
383
-58
-347
-129
569
927
1140
516
397
252
788
1081
1246
670
-56
-540
-551
-295
119
294
612
669
1031
832
579
25
-218
-98
-30
626
364
572
15
86
-98
211
244
143
-296
-92
-22
428
99
27
-273
-490
-563
-421
-456
-501
-663
-624
-447
-107
-187
418
12
-41
-46
-808
-472
-903
-577
-420
-81
24
-29
29
-226
392
714
870
984
495
368
-7
523
376
1325
506
470
-28
-240
-408
-96
-174
186
5
-63
347
272
420
329
-1
-15
108
81
605
149
201
-458
-792
-654
-813
150
486
282
547
-26
22
441
86
446
93
214
-295
-245
-829
-204
-386
411
532
641
307
-863
-831
-1582
-521
-726
-3
-197
-28
-495
-291
-423
142
124
332
-68
-529
-441
-421
-106
424
-135
432
-732
-247
-622
-375
-488
-212
354
814
1079
920
350
-118
-13
-371
700
602
537
681
-136
-117
-1
-342
741
348
546
18
-220
-340
-539
-512
-779
-341
-615
19
85
439
529
332
194
36
-226
-166
-80
-201
192
-195
-263
-604
-940
-656
-335
-223
541
164
521
158
-372
-575
-336
-358
579
767
487
602
-379
50
-740
-194
-363
293
319
638
195
366
-425
-420
-703
-510
-271
-206
442
423
621
359
143
-112
273
-7
239
-8
163
518
542
868
570
712
240
721
677
811
303
-127
-238
91
69
20
-60
-375
72
-299
-319
-399
-394
-630
-80
-59
269
-225
-328
-570
-38
-182
-403
58
-433
448
-18
27
-408
-624
-780
-11
264
394
872
238
461
172
-420
-174
-177
153
396
390
539
76
-92
-555
-252
-243
295
80
468
235
141
85
-422
-275
-460
-144
-369
-264
-579
-768
-487
-639
569
432
1335
671
626
238
-217
385
-295
441
-47
20
223
192
189
61
118
-428
-1
-624
232
-126
596
189
-89
-106
-1261
-750
-1197
-781
-176
-7
7
-220
-481
-7
-13
499
-140
-214
-977
-566
-671
-137
-17
397
481
434
426
125
359
-313
313
-226
530
573
783
759
748
-176
-194
-396
-207
181
26
250
348
-425
-537
-1297
-414
-281
516
698
633
396
-328
-681
-870
-156
69
607
180
-194
-462
-1010
-42
-375
604
-53
243
-38
-25
-231
-534
152
-239
842
-161
993
-297
782
207
839
368
153
-345
-563
11
213
593
263
-66
-492
-191
-282
4
263
181
44
113
-274
384
217
639
307
332
75
-33
63
456
255
241
-558
-305
-1080
-244
-12
617
614
404
-321
-246
-586
-171
261
217
959
377
947
267
491
639
311
532
56
-287
-513
-270
-577
-29
169
324
612
136
-153
-809
-288
-713
322
-68
183
0
-201
-364
-145
-652
-282
-224
-586
-519
-933
-593
-60
-169
-194
-273
-825
-777
-894
-1062
-518
-575
-195
-149
329
-25
41
56
-615
-338
-802
-150
177
845
397
887
510
974
1156
924
1050
656
435
444
254
343
-24
199
160
207
464
-73
139
-67
228
130
533
-34
467
80
254
-473
-194
-782
-143
-165
-197
-8
-935
-365
-1130
-568
-757
-359
-92
449
416
-109
-172
-1177
-876
-330
-211
972
645
418
169
-297
35
190
173
93
421
-603
251
-587
25
391
-12
361
-159
202
-192
568
153
100
132
265
747
979
1072
736
741
13
-132
-286
-277
-64
-155
224
116
-48
346
55
357
504
355
361
66
-215
157
-407
-178
-473
-483
72
-132
325
452
90
156
233
56
543
570
-350
-61
-1077
-241
-290
203
163
-253
78
-598
119
-320
7
-579
-874
-662
-311
138
170
-86
-315
-599
-467
-65
-88
122
-349
80
-461
-100
-480
-957
-920
-773
-632
148
467
693
781
-46
-568
-864
-1068
-725
-309
395
418
614
71
49
-319
-126
-381
221
24
251
305
-105
126
-353
130
12
931
-21
708
-628
-103
-705
-304
-34
292
805
235
533
-751
-338
-696
79
131
751
401
505
249
-591
-448
-982
-269
197
788
1041
660
864
-37
922
-101
953
414
515
640
382
811
93
1198
480
1679
827
652
81
-745
-873
-744
-207
-12
1008
1064
1226
524
-429
-658
-995
-901
-638
-134
-11
474
392
107
755
-212
454
-479
-514
-1000
-875
-688
-403
91
-143
242
-676
46
-505
260
158
416
-90
-465
-368
-919
-71
-610
-501
-111
-419
63
-119
-100
-536
-399
-790
-513
-119
-655
-269
-1009
-391
-646
215
46
476
171
-587
-381
-650
-171
-199
295
472
552
291
-348
37
-63
648
764
1090
633
669
327
761
1294
1440
1351
902
514
239
57
229
141
790
240
462
-223
-343
-710
-469
-351
542
719
-40
12
-821
-113
-798
278
-652
282
-707
-54
-727
-955
-1432
-1929
-1003
-908
493
317
875
-410
-510
-1503
-638
-267
113
45
-742
-611
-1170
-619
-503
109
-147
-65
-35
164
99
432
570
1536
1472
1674
977
662
396
140
301
-100
106
188
436
760
814
412
610
-85
176
229
377
46
-134
172
182
762
317
564
403
262
322
-345
-93
-379
604
737
1288
458
-126
-1490
-1629
-1361
-841
-304
234
134
480
150
-630
-432
-1029
-388
-259
154
-553
-447
-1612
-1491
-881
-536
688
312
940
132
-9
-165
-204
371
405
159
162
-82
-554
-514
-466
-191
388
161
-224
-375
-973
-215
-456
616
474
862
615
371
495
-648
232
-591
996
756
1072
832
224
66
-285
153
148
1013
203
1002
-450
197
-533
-752
-239
-622
219
-152
-300
-86
57
701
611
436
351
-81
-441
-253
107
277
524
-130
4
-376
-459
-416
-493
-263
-262
-35
-347
-618
-255
-595
68
72
292
-134
-403
-1175
-209
-485
600
196
569
-64
-214
-460
-716
40
116
427
102
-298
-580
-539
152
678
1033
990
238
-265
-514
-825
91
-44
643
613
459
235
1
-51
-291
465
766
1067
549
154
-370
-228
63
344
916
802
292
-311
-465
-697
41
-259
166
18
75
-668
-242
-453
84
516
294
421
162
-328
-706
-88
-721
260
-279
-195
-58
-566
-223
-304
116
93
279
-232
55
-666
-417
-204
-525
200
-118
278
607
-271
-211
-1278
-615
-860
-17
73
715
344
389
-394
-785
-679
-750
-12
40
630
-88
761
-96
933
552
712
630
400
623
225
224
41
683
341
1086
514
703
251
-217
99
-174
556
368
625
576
121
203
-50
-47
160
-327
-99
-334
255
-10
237
30
-721
-919
-1039
-669
-76
450
54
-42
-836
-975
-1567
-1151
-1129
-766
79
-7
322
191
-145
-651
-564
-1054
-837
-652
-642
76
-111
218
-66
-185
-679
-325
-466
2
211
664
667
1041
349
338
644
-30
707
-145
404
481
1045
691
1108
586
620
526
619
427
278
14
48
194
630
749
290
1214
43
1031
139
231
379
191
201
89
365
-68
259
-367
28
-618
135
-115
879
652
37
-183
-858
-388
122
82
344
-75
-516
-486
-357
-62
102
171
-166
-541
-720
-1743
-1216
-1339
-1155
-972
-1041
-1040
-653
-492
-239
12
-187
-128
-247
-206
187
-9
387
-307
-610
-1058
-1355
-731
-582
646
414
770
337
-145
371
23
374
555
566
708
965
157
530
-204
11
544
484
731
452
343
154
700
290
608
589
52
465
-50
47
112
413
131
321
-101
-173
-70
-539
73
-573
302
-110
537
222
354
-343
-559
-277
-477
-76
54
68
17
-260
-263
-92
35
233
-482
-94
-731
-198
-184
118
-182
-300
-428
-292
374
404
440
60
273
-350
643
-595
97
-515
-573
-332
-682
-260
-130
290
-36
-108
-672
-585
-388
361
576
1178
693
715
279
353
5
356
-207
-92
-215
197
337
712
408
686
41
665
417
599
578
-315
384
-681
147
-789
-158
-738
-339
-760
-413
-709
-348
-257
-215
354
-190
383
-192
409
297
890
711
416
239
-492
298
-63
745
14
553
-265
149
102
-443
521
-831
234
-1027
-147
-650
65
147
642
528
101
183
-529
198
-470
271
-227
-69
-485
-309
-481
-67
265
578
467
366
-176
-204
-202
-217
566
-284
-80
-565
-1008
-752
-469
-342
434
-10
253
-529
-147
-866
-376
-402
-167
221
-149
201
-272
186
-582
-243
-787
-324
-537
-128
-53
-69
619
34
380
-321
-275
-176
66
-192
355
102
388
417
691
440
819
415
-138
-36
-510
-116
-213
185
91
1067
587
1327
712
902
539
346
201
-304
335
-603
282
-224
73
27
-25
315
366
327
358
403
102
262
-100
54
55
-202
19
-460
-96
-169
-198
-226
-417
-240
-210
25
-44
427
354
208
-296
-492
-881
-725
-469
-14
-31
152
-450
-612
-520
-590
353
177
449
-175
-223
-274
-119
-62
87
-468
-697
-430
-253
92
374
199
367
-383
-22
-8
30
26
-104
-159
63
13
-247
121
-467
423
99
657
347
488
886
847
1307
244
-134
-558
-883
28
109
967
706
582
-154
-169
-352
-67
337
179
775
228
801
99
541
-269
-4
-439
-467
167
-162
557
-52
-172
-597
-648
39
168
826
808
894
657
-190
-264
-1122
-655
-901
-430
-551
-112
-274
-382
-291
-1257
-611
-1372
-710
-327
562
1162
880
1009
-114
201
-1090
-211
-897
-463
-287
-947
143
-344
337
236
28
-543
-583
-447
237
594
69
347
-374
-185
30
-231
588
-97
652
-7
-143
-120
-952
415
-208
985
526
814
-189
185
-309
248
555
530
1157
187
322
-778
-405
-772
-460
148
-264
622
257
648
809
251
364
3
-130
-118
-79
-396
324
-429
309
-343
-506
-282
-399
229
164
-67
-409
-516
-374
-122
-47
505
537
839
602
12
178
-549
-394
-618
-573
-201
-144
-68
502
558
905
691
492
220
-220
-248
-498
-505
-273
-224
141
311
-321
-77
-635
-753
-634
-241
287
874
549
524
77
250
375
511
700
266
-103
-426
-512
-498
-165
-270
-39
-267
241
166
510
647
204
450
-48
-128
-124
-617
-374
-1081
-41
-312
851
146
728
-201
692
226
712
357
127
-393
-729
-446
-733
258
-911
144
-1176
-308
-657
20
-233
-128
-303
-200
419
558
1228
959
639
422
225
163
572
314
546
158
208
-26
62
-38
91
76
-460
-13
-800
292
-23
503
606
-279
191
-831
-668
-362
-505
468
946
454
1321
-250
93
-638
-866
-454
-805
-301
-553
-138
-346
195
-696
229
-983
-223
-506
-677
-272
-782
26
-686
68
-425
-341
-161
-640
-143
-13
134
402
371
-10
185
-522
-51
-305
-58
-320
118
3
577
686
217
604
-802
-78
-648
-91
-82
-27
564
675
1408
1108
1190
361
127
-154
-88
572
-37
1103
340
782
140
-67
-191
-28
344
253
221
-405
-640
-454
-395
528
795
840
855
34
161
-408
-44
-109
330
269
-95
-47
-525
184
-599
202
-594
144
-20
-103
-5
-548
-79
-594
-35
-222
374
272
776
1034
747
558
-749
-158
-1098
-345
-495
-463
-26
-506
74
-648
276
-739
417
-493
41
-525
-655
-481
-321
235
57
86
-592
13
-840
45
-586
304
12
390
-293
124
-110
-165
62
-425
-431
48
-448
336
366
131
516
-349
-210
-238
111
451
928
500
305
-72
-644
454
208
1039
827
505
264
-350
239
-203
837
159
634
484
551
326
353
-156
97
-18
-157
-72
-369
-283
48
-385
103
-249
-54
-240
-107
-134
550
104
334
-179
-110
-61
-559
-380
-694
-409
-665
60
-201
571
-506
-406
-1676
-1324
-1551
-929
-285
-556
178
-574
53
-481
-86
-413
409
-329
430
499
584
993
154
185
-450
-309
-930
-274
-671
-138
-187
-7
417
765
464
641
-68
-172
-117
-77
793
1020
1306
1137
198
542
-596
534
414
1374
1609
1457
1321
612
1092
-243
653
-1100
-149
-868
51
84
541
278
272
211
219
573
5
787
-158
255
-705
49
-112
527
239
254
-200
-906
-782
-850
-302
-305
-264
-694
-205
-1116
-613
-1100
29
-106
474
61
-606
-662
-1316
-628
-891
146
-215
281
-44
-61
512
-47
558
-196
-44
-230
-274
45
-229
-71
-340
-179
133
44
346
320
-142
448
-111
615
211
210
59
92
102
278
347
132
-27
-100
-59
-402
-110
-507
17
-40
-79
-117
-63
-175
-119
-261
-687
-406
-176
211
502
103
-520
-225
-77
386
902
516
477
-354
32
-244
68
584
698
1374
915
588
288
-221
-112
-500
-248
-104
77
384
199
170
-147
-798
-419
-901
-518
-449
-341
-184
206
449
498
466
710
127
186
-622
-684
-295
-709
139
-303
136
-551
-205
237
277
827
-171
-126
-210
-415
-73
-196
-112
172
118
306
536
460
43
-83
-492
-659
-260
-369
291
46
420
505
165
199
-657
-665
-126
-303
606
509
617
747
208
58
-235
68
-205
271
-52
228
123
108
-274
-388
-750
-679
-50
385
1285
580
382
-752
-93
-468
544
224
-381
-456
-1000
-356
135
450
528
190
-291
-255
-335
-275
111
483
334
246
-173
-361
-441
-672
-366
135
386
191
458
81
227
123
-94
226
-254
429
-66
196
-282
-252
-204
-160
259
346
646
176
203
-94
116
35
45
394
88
66
-117
-554
179
601
708
807
117
-38
-21
-42
457
317
516
500
367
650
472
521
149
-439
-565
-376
-336
-493
-195
-375
28
-110
-223
69
-100
-28
118
-312
-142
-509
-888
-809
-1107
-993
-636
-580
-688
-416
-677
-85
-258
-572
-480
-441
-63
445
318
108
-430
-973
-885
-694
-147
124
364
65
2
-183
-154
64
398
211
-58
-122
-404
288
323
402
257
-188
-203
79
-14
534
347
141
640
-157
545
243
368
410
693
367
257
131
266
412
-255
-18
-460
508
231
959
956
1029
683
-80
-142
-767
-71
-104
813
661
586
337
-429
-593
-805
-468
-282
-29
-175
-130
-336
-651
-690
-685
-179
-232
-139
-317
-255
-158
-33
526
616
842
269
319
393
771
709
1055
702
603
764
89
826
338
356
728
580
1041
1067
515
557
-555
-541
-886
-743
-833
-376
-19
151
68
-644
-328
-1035
-323
-299
345
735
831
493
-319
-749
-1136
-697
-518
-71
124
258
-562
-628
-1067
-1249
-921
-974
-666
-124
-629
1
-121
192
470
39
-486
-875
-802
-229
518
551
876
119
-27
-410
-559
31
87
726
783
476
85
-148
-340
-164
-394
-429
-335
-231
242
-25
699
340
629
226
-140
-384
-516
-432
-51
-29
-356
-781
-1492
-1171
-1357
-709
-368
19
119
125
-203
-189
107
-36
190
-124
-160
-115
150
784
783
1480
822
980
178
-115
116
-51
555
457
877
787
934
756
1083
742
482
524
291
1128
714
853
367
95
284
610
955
839
1101
187
425
370
723
285
350
-434
-184
-273
-645
-542
-452
-163
-96
174
-255
550
-127
-129
-213
-698
87
467
481
609
-583
-793
-679
-661
-105
253
86
87
-188
-430
143
-56
798
171
263
-816
-1021
-1079
-982
-744
-711
-573
-857
-715
-1198
-843
-947
-322
-178
-261
-870
-936
-1338
-1369
-1326
-1719
-1033
-1088
-106
-305
97
-279
-36
-4
269
556
526
519
-92
-433
-605
-95
-142
335
-70
-20
-286
-69
7
44
135
48
927
920
1438
1162
1010
443
345
840
1080
1048
1063
567
475
134
-657
-223
-297
599
620
663
-308
-129
-225
491
1103
736
374
-149
-547
-793
-192
9
1004
1140
808
624
-155
-77
91
263
-50
58
-27
160
634
342
185
-687
-812
-534
-81
519
665
485
176
-397
-427
-662
-676
-427
-301
221
138
54
52
-274
102
406
381
117
-666
-945
-967
-537
391
736
706
205
290
161
21
245
157
441
-492
-889
-884
-56
586
1362
954
546
-418
-872
-710
-160
598
955
623
-351
-1027
-1534
-972
-890
-175
199
259
161
-287
-599
-589
-628
-560
-420
-586
-672
-228
-267
44
-148
-260
-51
-11
482
630
553
-307
-445
-647
77
767
807
1380
815
504
274
84
490
530
973
825
757
533
-226
-288
-829
-357
-219
343
788
741
619
-57
-508
-483
-239
145
499
391
193
-324
-250
-346
-97
-435
-484
-366
-282
2
-232
1
-67
-128
-328
-456
-951
-853
-912
-705
-487
4
378
508
237
-262
-608
-960
-517
-392
222
77
58
-167
-62
298
527
950
527
199
-498
-968
-543
-173
323
438
20
-379
-780
-809
-327
356
994
1185
623
115
-549
-449
-131
-32
149
-324
-337
-690
-255
166
455
617
580
655
543
731
503
729
39
-265
-491
-471
3
-4
282
79
44
-292
-386
-129
-132
199
518
728
834
541
173
-138
-393
87
434
824
1014
609
122
-480
-534
-547
-86
351
553
140
107
85
553
942
722
801
256
9
-122
3
218
351
273
313
91
46
121
85
-5
-394
-613
-1001
-1055
-679
-469
28
-178
-500
-1160
-1678
-1624
-1533
-1009
-595
-55
-43
-114
-418
-670
-665
-530
-67
635
1026
1206
844
206
0
-398
42
600
700
644
371
361
409
702
857
932
597
186
94
178
533
620
522
80
-278
-661
-795
-618
-601
-294
-271
-198
-262
-532
-700
-746
-489
-100
-2
142
96
-260
-481
-835
-986
-871
-292
23
396
604
387
-62
-252
-283
29
482
593
636
190
-163
-350
-136
269
757
645
316
-254
-495
-370
-125
164
-149
-214
-394
-267
-98
-59
104
438
529
574
507
795
1016
950
1004
432
-129
-630
-854
-502
-34
321
649
573
261
209
-106
155
134
53
257
287
467
423
434
94
-355
-571
-327
20
153
0
-144
-256
-183
-140
-394
-632
-828
-670
-269
207
652
759
405
-85
-423
-438
-196
242
748
1136
1204
820
299
-142
-454
-584
-959
-1310
-1284
-1081
-520
-192
-42
-252
-796
-1203
-1215
-858
-298
166
89
-194
-811
-1015
-829
62
522
616
210
-446
-801
-942
-534
-66
408
564
586
457
315
-142
-240
-323
-223
-5
193
284
333
405
218
377
187
259
252
162
227
194
347
478
580
656
543
229
-36
-66
-5
269
600
592
580
210
-355
-573
-253
331
1177
1796
1765
1708
1290
736
474
338
391
504
291
493
346
180
56
-161
-152
-31
99
216
343
-74
-400
-684
-449
-187
235
204
-94
-305
-745
-717
-392
74
384
201
-177
-320
-616
-409
-332
-265
-217
-542
-733
-815
-776
-574
-417
-288
-268
-391
-578
-1000
-1135
-885
-389
333
510
68
-653
-1292
-1449
-1224
-750
-189
-51
-159
-246
-410
-290
-316
-304
-222
-312
-166
-228
-97
31
96
195
215
283
308
389
449
697
865
1096
1006
791
485
111
-138
-286
-335
-284
21
419
930
1152
1205
1008
730
292
-15
-181
117
342
382
242
-8
29
44
50
-29
-105
-103
309
849
1130
1070
571
25
-328
-529
-471
-227
-397
-486
-757
-945
-822
-659
-423
-284
-50
-57
-89
-222
-419
-572
-588
-692
-493
43
308
256
-109
-423
-535
-29
583
1215
1531
1236
809
525
352
403
498
328
240
41
91
227
531
529
260
-133
-714
-926
-843
-500
64
426
586
404
11
-404
-647
-448
-332
-117
137
225
442
511
352
237
-38
-111
-91
-49
-253
-507
-813
-915
-670
-360
-58
109
121
-28
-271
-487
-684
-893
-894
-824
-539
-180
-173
-298
-756
-1195
-1465
-1373
-774
7
558
563
255
-323
-835
-991
-752
-340
224
649
835
879
773
526
396
188
57
138
362
708
928
835
418
2
-127
-6
413
804
1098
1021
734
491
461
700
988
1200
1234
1078
834
772
703
572
432
360
360
476
712
821
895
879
761
658
520
463
592
540
256
36
-452
-632
-540
-103
463
772
603
-63
-861
-1472
-1374
-1043
-711
-622
-774
-889
-993
-992
-1094
-1184
-1382
-1515
-1359
-1052
-710
-657
-880
-1077
-1234
-1229
-1188
-1079
-989
-911
-881
-759
-546
-394
-236
-262
-350
-582
-813
-796
-490
-21
255
353
199
-4
9
128
301
380
303
186
107
118
350
486
546
499
330
177
142
189
252
231
102
-36
-152
-46
192
598
838
1017
1130
1129
1060
908
879
946
901
750
753
729
761
802
849
924
1131
1215
1212
1258
1272
1152
794
531
298
228
286
343
369
356
229
145
217
227
233
221
284
296
29
-369
-824
-1162
-1115
-826
-365
100
232
133
-51
-389
-674
-835
-975
-886
-798
-641
-490
-412
-332
-283
-324
-609
-983
-1254
-1392
-1160
-936
-872
-758
-714
-565
-419
-363
-249
-378
-457
-416
-444
-465
-494
-520
-352
-239
-113
-164
-122
-67
-75
8
-10
-5
-6
-107
-276
-475
-634
-687
-607
-308
-54
203
319
346
534
726
913
789
483
122
-146
-158
182
745
1058
1172
992
736
533
401
405
489
484
309
176
44
89
265
512
617
540
212
6
-6
136
378
438
530
708
795
760
643
452
187
-20
-10
174
449
588
430
-4
-393
-763
-832
-622
-493
-333
-241
-268
-154
90
347
468
358
111
-211
-375
-345
-380
-403
-565
-657
-724
-708
-648
-476
-354
-389
-435
-468
-423
-302
-140
-150
-207
-310
-367
-369
-410
-304
-142
10
325
559
552
548
475
394
238
166
239
238
325
331
388
344
263
201
216
229
86
42
32
22
-55
-287
-514
-699
-843
-696
-497
-197
115
166
65
-87
-240
-303
-220
-165
25
172
128
-107
-303
-260
-119
132
436
618
709
660
455
81
-264
-458
-409
-53
306
671
775
707
415
170
33
18
200
384
332
181
-7
-97
55
164
221
-60
-400
-630
-474
-108
203
407
312
138
-24
-167
-300
-298
-218
-260
-270
-156
25
255
364
336
69
-224
-280
-171
15
49
4
-174
-420
-655
-780
-642
-545
-417
-383
-402
-310
-206
-30
76
149
-98
-372
-491
-519
-294
-99
-61
-109
-310
-444
-352
-198
107
310
454
534
568
595
487
283
-15
-190
-362
-396
-204
33
342
487
541
605
603
620
598
579
641
817
1123
1438
1436
1317
1092
562
140
-106
-20
357
641
744
606
363
250
170
148
148
-64
-243
-346
-477
-564
-622
-511
-358
-218
-158
-314
-581
-865
-1107
-1098
-951
-576
-193
-109
-41
-212
-388
-490
-647
-734
-864
-799
-573
-431
-366
-434
-515
-575
-582
-485
-393
-290
-206
-126
-38
67
138
254
306
182
0
-173
-332
-392
-361
-341
-213
-80
-62
-214
-378
-316
-102
198
540
789
813
685
369
328
327
300
178
83
86
218
473
540
468
197
-55
-196
-121
-7
182
280
405
352
97
-122
-191
-97
93
327
493
488
415
464
504
398
273
86
-238
-453
-557
-445
-114
233
459
405
209
-50
-273
-390
-383
-316
-269
-99
-29
5
-4
-5
105
271
351
331
411
504
609
693
503
226
8
-25
192
446
619
629
463
251
89
6
-36
44
169
314
408
414
344
167
1
-56
-78
-188
-306
-404
-386
-253
-69
-14
98
83
-79
-148
-326
-563
-793
-878
-740
-586
-347
-148
-81
-65
-146
-172
-233
-357
-495
-635
-744
-639
-398
-126
52
188
79
-61
-142
-113
-55
-13
19
139
247
283
281
162
-65
-264
-309
-327
-280
-289
-287
-170
-103
-71
62
196
370
375
328
263
190
140
40
-105
-93
60
139
182
219
142
39
-32
-115
-241
-302
-382
-402
-375
-268
-62
144
281
403
363
286
294
249
170
39
-24
-143
-156
1
112
214
171
-49
-388
-644
-735
-632
-369
-208
-127
-220
-309
-236
-103
-46
-83
-93
-145
-227
-229
-77
64
136
149
112
40
-12
-50
-83
-75
-140
-114
36
342
689
872
1005
921
739
501
331
332
457
698
877
861
716
459
143
137
148
246
465
570
516
236
-62
-301
-386
-340
-293
-143
-96
-144
-224
-196
-96
164
400
527
408
102
-216
-451
-510
-561
-448
-277
-133
-67
-141
-122
-53
-72
-61
-115
-269
-359
-424
-311
-148
-95
-69
-183
-264
-222
-195
-137
-8
54
-37
-269
-514
-588
-528
-342
-187
-90
-10
103
86
-45
-165
-293
-307
-343
-313
-239
-165
47
250
431
532
540
424
410
423
407
430
418
368
443
514
480
300
-103
-474
-674
-586
-488
-283
-96
101
201
197
279
316
229
56
-180
-389
-445
-350
-180
-97
-43
-7
-26
24
-79
-156
-135
-148
-247
-275
-194
-56
185
314
356
253
85
-14
-224
-360
-328
-226
-59
13
53
13
99
308
550
647
606
395
255
197
84
138
272
164
-48
96
202
305
354
347
240
54
-208
-330
-474
-491
-265
-42
165
84
-188
-442
-672
-810
-886
-887
-639
-414
-148
-48
-88
-245
-488
-523
-488
-315
-98
-23
-127
-188
-278
-259
-90
163
420
572
610
573
684
697
699
668
570
370
98
-153
-353
-338
-145
225
592
688
612
359
71
-46
2
24
135
290
368
290
178
229
270
236
138
-45
-166
-192
-205
-103
-73
-55
-95
-293
-436
-478
-357
-176
92
313
357
151
-196
-437
-481
-367
-162
191
423
421
231
-10
-118
-26
200
373
279
151
-3
-186
-326
-293
-208
-13
226
254
153
-8
-118
-120
41
146
297
294
119
-88
-152
65
311
494
420
318
160
105
55
44
21
-138
-176
-247
-250
-158
-28
14
47
8
-107
-191
-296
-429
-591
-562
-437
-253
-74
-133
-515
-818
-1022
-868
-616
-332
-133
-97
-107
-162
-92
-62
52
172
152
223
189
225
287
234
172
29
-136
-310
-416
-363
-283
-169
-49
118
342
340
338
177
24
23
106
251
440
569
625
531
444
379
404
326
238
258
164
77
-140
-220
-260
-168
87
242
340
253
215
241
183
42
-98
-330
-518
-602
-352
-112
75
252
290
336
257
103
-46
-125
-227
-277
-269
-195
-162
-199
-138
-158
-186
-57
-10
-4
-157
-378
-458
-301
-102
123
248
336
340
222
148
107
145
165
168
151
85
123
152
99
225
232
262
194
67
45
20
-62
-97
-22
73
68
131
137
116
151
42
-27
-148
-111
-67
36
114
61
-90
-260
-379
-427
-408
-403
-403
-395
-366
-300
-156
-76
-88
-68
-74
-105
-118
-170
-182
-68
21
136
206
241
201
114
-75
-193
-67
50
164
160
153
85
68
85
138
206
150
115
81
89
145
128
45
62
135
176
59
-52
-177
-154
-95
14
177
186
82
-157
-326
-424
-445
-250
-77
106
355
493
616
452
281
51
10
89
200
319
244
113
-141
-285
-254
-157
-30
47
-42
-155
-250
-226
-106
58
136
138
93
46
-12
-5
-6
-24
64
76
6
-92
-290
-225
-198
-225
-243
-252
-73
25
75
30
-138
-221
-174
-150
-110
-10
60
116
134
61
46
118
165
148
196
247
220
87
-52
-252
-368
-293
-220
-86
64
186
208
112
46
-40
-83
24
139
248
271
259
301
347
407
261
7
-376
-632
-663
-437
-93
172
189
-39
-175
-188
-118
-79
126
351
454
475
367
221
-55
-188
-133
66
212
284
247
203
104
-51
-188
-218
-181
-195
-302
-462
-521
-382
-85
249
360
272
-18
-234
-256
-211
-67
127
334
438
343
98
-112
-246
-354
-359
-347
-370
-370
-320
-255
-88
14
97
115
63
24
-16
-62
-82
-40
-80
-137
-183
-204
-207
-106
-13
34
34
171
342
364
406
278
25
-67
-21
145
231
315
368
397
434
376
393
395
281
204
-8
-239
-293
-306
-216
-92
-40
-40
-73
-127
-115
-97
-90
-138
-126
-103
6
-7
-20
-112
-395
-540
-594
-606
-571
-595
-747
-823
-858
-718
-580
-445
-301
-237
-142
-26
184
331
519
478
363
317
309
360
442
593
623
578
418
247
161
108
108
51
-23
-182
-267
-259
-5
291
538
782
922
963
816
644
459
312
240
301
547
747
866
898
735
663
484
301
98
37
88
77
159
36
35
44
73
180
262
170
-32
-229
-392
-369
-408
-466
-559
-682
-719
-642
-384
-129
70
60
-125
-410
-598
-642
-676
-627
-661
-649
-626
-529
-328
-217
-247
-388
-599
-603
-410
-199
-20
42
12
-134
-305
-357
-264
-176
-188
-156
-228
-216
-136
-57
49
245
432
389
191
-102
-286
-360
-139
44
146
164
66
-59
-217
-191
-3
239
378
399
261
153
87
50
120
243
286
295
222
107
102
