-2204
-2423
-2491
-2612
-2549
-2479
-2582
-2672
-2659
-2543
-2349
-2340
-2365
-2513
-2563
-2418
-2337
-2295
-2337
-2471
-2574
-2509
-2260
-1976
-1747
-1482
-1270
-1074
-1115
-1104
-978
-931
-919
-829
-744
-587
-340
-176
-56
87
213
298
315
340
379
439
631
715
870
937
975
1110
1171
1118
1125
1314
1489
1640
1589
1555
1447
1335
1422
1411
1381
1365
1433
1396
1359
1272
966
968
1102
1096
1036
994
876
709
674
670
802
852
825
644
321
65
-190
-327
-440
-421
-594
-679
-623
-687
-683
-718
-769
-807
-632
-550
-749
-948
-897
-824
-539
-117
57
27
19
-21
-25
16
233
519
679
946
1185
1381
1485
1640
1769
1897
2045
1978
1921
1851
1865
1831
1861
1786
1677
1717
1745
1968
2219
2298
2139
2014
1759
1638
1442
1161
1041
543
143
-70
-8
114
222
133
-240
-585
-772
-922
-1043
-1029
-1296
-1583
-1939
-2206
-2324
-2408
-2351
-2455
-2605
-2655
-2675
-2642
-2643
-2683
-2774
-2932
-3026
-2978
-2570
-2169
-2040
-1952
-2008
-1978
-1936
-2082
-2084
-1984
-1841
-1539
-1148
-856
-600
-579
-707
-931
-1002
-781
-579
-266
-73
95
163
249
324
448
458
322
175
113
215
396
655
854
979
919
915
1066
1401
1727
1851
1777
1496
1263
1165
1160
1196
1254
1267
1300
1360
1474
1392
1383
1258
1154
1007
828
682
608
559
592
626
564
495
400
431
542
615
593
561
474
249
-45
-340
-741
-1027
-1188
-1094
-868
-609
-503
-590
-937
-1202
-1225
-915
-509
-341
-303
-526
-501
-188
211
601
624
490
352
347
549
722
893
884
775
759
1095
1640
2074
2238
1879
1488
1404
1735
2278
2526
2487
2158
1764
1512
1376
1348
1241
1162
1138
1081
1001
776
609
469
390
393
278
103
8
-265
-611
-751
-947
-1039
-1102
-1033
-1050
-1109
-1185
-1385
-1573
-1694
-1897
-2131
-2339
-2479
-2424
-2388
-2199
-2029
-1965
-1966
-1996
-1991
-2052
-2089
-1983
-2038
-2189
-2229
-2249
-2052
-1644
-1294
-1053
-973
-1086
-1121
-1164
-1138
-1019
-929
-680
-307
-43
334
427
370
244
56
-22
51
272
389
350
221
257
528
870
990
1023
970
741
600
569
674
892
1144
1248
1393
1413
1519
1378
1200
950
605
431
270
271
352
500
722
896
1005
960
890
793
693
548
398
545
578
511
335
30
-17
157
590
890
861
563
66
-411
-686
-682
-656
-371
-238
-154
-160
-256
-301
-491
-631
-781
-761
-554
-183
156
416
360
164
-37
-92
-88
26
183
80
194
346
578
758
938
917
742
751
882
1178
1680
2156
2291
2108
1854
1669
1625
1752
1827
1877
1630
1271
1038
834
751
638
656
567
302
116
-106
-50
98
209
269
160
-34
-367
-605
-797
-925
-1011
-1153
-1154
-1155
-1211
-1349
-1570
-1874
-2185
-2472
-2618
-2711
-2604
-2439
-2286
-2022
-1923
-1919
-1955
-1896
-1845
-1721
-1606
-1385
-1151
-1028
-987
-1003
-1033
-1001
-1066
-1060
-1108
-1096
-977
-816
-528
-232
17
122
51
6
-58
-43
223
370
345
367
451
502
567
488
360
408
530
668
741
737
746
630
654
655
739
778
929
858
712
547
400
540
681
882
1031
1149
1106
936
618
502
400
430
551
664
799
642
339
86
-98
42
315
728
969
820
617
415
257
6
-19
-73
-138
-188
-323
-241
34
142
158
26
-258
-471
-405
-210
0
163
-38
-281
-461
-458
-344
-79
168
451
553
306
-58
-383
-342
4
485
839
986
1094
1210
1273
1202
1191
1090
1123
1214
1346
1455
1462
1245
1105
1255
1342
1405
1331
1219
1223
1028
800
754
598
428
299
102
74
177
265
168
-188
-690
-1019
-1225
-1365
-1339
-1449
-1532
-1669
-1747
-1782
-1818
-1832
-1788
-1564
-1346
-1380
-1694
-1940
-2238
-2288
-2091
-1825
-1529
-1466
-1363
-1188
-1095
-1058
-1040
-973
-1097
-1159
-1099
-936
-769
-579
-430
-412
-405
-391
-464
-391
-137
84
291
313
18
-358
-305
-293
-3
408
686
752
667
543
219
32
9
105
245
560
738
643
308
131
200
455
853
1097
1013
779
425
237
618
1040
1410
1412
954
411
156
348
726
888
784
588
436
365
485
728
871
961
631
317
160
215
484
547
399
-76
-367
-497
-254
-41
-75
-277
-660
-694
-628
-425
-36
107
116
-185
-420
-421
-413
-269
-143
-123
-89
143
434
680
766
805
688
639
640
595
562
564
618
816
1184
1601
1871
1971
1710
1456
1459
1591
1859
1977
2173
1976
1570
1055
621
304
324
432
642
941
1062
1149
901
329
-294
-528
-431
-127
78
23
-275
-734
-1070
-1201
-1238
-1180
-1238
-1376
-1513
-1666
-1999
-2361
-2838
-3167
-3490
-3752
-3814
-3992
-3979
-4007
-4070
-4086
-4079
-3974
-3971
-3760
-3625
-3571
-3494
-3182
-2692
-2399
-1995
-1651
-1284
-653
21
729
1472
2148
2630
2911
3006
3263
3535
4017
4340
4090
3855
3693
3565
3552
3584
3501
3372
3093
2675
2041
1380
973
691
446
351
495
733
1091
1405
1512
1723
1995
2168
2210
2181
2048
1866
1791
1510
685
-456
-1760
-3204
-4503
-5897
-7416
-8980
-10348
-10948
-10694
-9925
-8839
-7564
-5708
-3328
-484
2363
4788
6840
8362
9631
10552
10733
10290
9501
8564
7643
6879
6058
5165
4228
3575
3375
3584
4060
4496
4799
4805
4512
4142
3649
2848
1613
130
-1466
-3026
-4451
-5624
-6611
-7549
-8108
-8367
-8362
-8073
-7587
-7144
-6453
-5595
-4932
-4323
-3830
-3410
-3081
-2673
-2340
-2037
-1611
-1214
-982
-797
-518
-211
443
1439
2231
2558
2669
2536
2304
2141
2061
1864
1587
1358
996
422
47
28
122
421
670
888
1196
1599
1992
2102
2176
2309
2112
1754
1172
129
-701
-1371
-1784
-1914
-1832
-1369
-794
-144
135
-18
-449
-816
-819
-831
-807
-988
-1438
-1894
-2357
-2512
-2222
-1699
-1228
-785
-373
-132
309
862
1190
1370
1460
1322
1185
1113
1114
1357
1639
2098
1858
78
-2592
-5407
-7399
-8389
-9896
-12566
-15551
-17509
-17055
-14689
-12031
-10167
-8433
-5203
-180
5452
10043
12922
14954
17076
19582
21582
21724
20171
18033
16251
15053
13672
11389
8504
5846
4180
3310
2699
1907
762
-255
-930
-1487
-2258
-3621
-5491
-7747
-10224
-12309
-13973
-15395
-16722
-18116
-18811
-18246
-16307
-13446
-10650
-7854
-4643
-577
4236
8679
11617
12942
13610
14327
14678
13796
11198
7449
3926
1233
-1068
-3663
-6806
-9781
-11410
-11428
-10810
-10556
-10664
-10436
-9560
-8211
-6898
-6190
-6092
-5921
-5194
-4047
-2788
-1709
-1022
-184
1375
3605
6108
8306
9668
10048
10236
10547
10688
10087
8296
5885
3685
2128
1020
-683
-3006
-5293
-6738
-6895
-6672
-6967
-7765
-8330
-7861
-6677
-5496
-4873
-4700
-4101
-2615
-521
1399
2644
3413
4347
5863
7453
8338
8444
7655
6821
6153
5295
4358
3055
1549
355
-415
-611
-533
-542
-1742
-4671
-7998
-10778
-12203
-12729
-14396
-17163
-19428
-19698
-17163
-13473
-10433
-8472
-6111
-1585
4574
10360
14269
16327
18148
20535
23160
24595
23508
20899
18242
16232
14694
12329
8783
5062
2029
281
-886
-2199
-3894
-5804
-7061
-7504
-7680
-8223
-9519
-11148
-12912
-14485
-15156
-15528
-15717
-15917
-16110
-14999
-12001
-7784
-3530
-150
2967
6606
11032
15550
18561
19359
18684
17906
17261
15514
11942
6820
1209
-3285
-6763
-10174
-13892
-17512
-19826
-20248
-19182
-17778
-16761
-15541
-13362
-10187
-6645
-3664
-1418
271
2031
4162
5963
7398
8208
8436
8888
9613
10455
10862
10366
9184
7598
6544
6145
5359
3575
666
-2215
-4313
-5869
-7438
-9548
-11880
-13229
-13049
-11989
-11299
-11342
-11240
-10074
-7597
-4831
-2920
-1689
-308
2069
5108
7813
9303
9706
10161
10991
11797
11768
10530
8447
6340
4730
3232
1429
-544
-2346
-3556
-4291
-4472
-4299
-3915
-3521
-4952
-7716
-10498
-12352
-12627
-12959
-15052
-17635
-19036
-17594
-13732
-9794
-7081
-5090
-1625
4180
10548
15390
17937
19296
21176
23446
25193
24623
21569
18082
15234
13189
10947
7249
2829
-1062
-3579
-4917
-6392
-8218
-10172
-11392
-11006
-10090
-9334
-9375
-10161
-10615
-11324
-11827
-11694
-11551
-11033
-10721
-10111
-7909
-4335
-182
3242
5813
8664
12088
15924
18786
19346
18030
16049
14510
12857
9644
4792
-659
-5172
-8178
-10722
-13898
-17848
-21075
-22477
-21881
-20057
-18903
-17996
-16071
-12721
-8076
-3462
244
3137
6111
9753
13384
15979
16964
16387
15200
14112
12989
11189
8137
4587
1221
-1349
-2716
-3824
-5527
-7517
-8860
-8726
-7569
-6548
-6882
-8447
-9563
-9412
-8361
-7704
-8317
-9551
-9740
-8128
-5575
-3696
-2719
-1740
345
3818
7477
9998
11054
11738
12875
14109
14513
13255
10441
7284
4667
2337
-207
-3155
-5892
-7874
-8773
-8784
-8300
-7590
-6471
-5176
-5933
-8218
-10557
-12185
-12129
-12142
-14144
-16794
-18258
-16886
-13125
-9312
-6701
-4846
-1325
4637
11134
15982
18453
19897
21862
24024
25558
24663
21196
17419
14339
11892
9139
4898
-49
-4119
-6565
-7804
-9345
-11017
-12507
-12933
-11482
-9550
-7901
-7127
-7027
-6675
-6895
-7353
-7341
-7512
-7610
-7762
-7628
-6033
-2967
777
3889
6245
9134
12546
16167
18782
18988
17436
15401
13807
11878
8228
3023
-2568
-7025
-9912
-12436
-15434
-19157
-22109
-22809
-21806
-19719
-17792
-16461
-14173
-10371
-5603
-985
2735
5750
8397
11591
14979
17139
17665
16705
14963
13453
12059
10008
6626
2525
-966
-3353
-4569
-5385
-6869
-8923
-10100
-9517
-7979
-6765
-6454
-7020
-7117
-5776
-4162
-3651
-4753
-6264
-6636
-5160
-2899
-1546
-1294
-649
1536
4980
8240
10184
10737
10970
12132
13364
13484
11710
8663
5502
2886
711
-1958
-5365
-8573
-10592
-11231
-10800
-10076
-9175
-7976
-5923
-4152
-4970
-7271
-9722
-11181
-10954
-11427
-13806
-16554
-17855
-16124
-12331
-8616
-6068
-3848
374
6653
12864
17269
19445
20904
22795
24612
25437
23621
19716
15809
12580
9934
6792
2334
-2347
-6053
-8038
-9076
-10242
-11141
-11708
-11052
-9052
-6969
-5291
-4474
-4280
-4157
-4738
-5466
-5824
-6188
-6428
-6923
-6900
-5117
-1858
1939
4870
7317
10295
13620
16959
18794
18213
16089
13619
11674
9263
5091
-331
-5787
-10025
-12836
-15525
-18676
-21439
-22719
-21888
-19481
-16807
-14702
-12302
-8722
-4238
278
3801
6256
8561
11108
13370
14632
14650
13639
12083
10585
8897
6649
3966
1458
-629
-2335
-3590
-4305
-4799
-5261
-5625
-5963
-5928
-5508
-5220
-5527
-6128
-6493
-6169
-5420
-4971
-5224
-5568
-4909
-3192
-1262
1
706
1725
3742
6552
8723
9583
9598
9601
10010
10104
9169
6943
4003
1444
-622
-2755
-5117
-7664
-9403
-9991
-9799
-9018
-8044
-6741
-4856
-2427
-1868
-4056
-6930
-9448
-10327
-10331
-12245
-15657
-18276
-18331
-15167
-10866
-7604
-5577
-2821
2596
9461
15280
18652
20125
21681
23736
25290
25047
21889
17433
13687
10778
8174
4588
-100
-4328
-6958
-7876
-8295
-8892
-9211
-9079
-7758
-5591
-3733
-2647
-2742
-3418
-4339
-5750
-6752
-7427
-8123
-8587
-8884
-7762
-4643
-426
3506
6352
9064
12472
16126
19040
19742
17993
15192
12622
10407
7103
1934
-3981
-9129
-12404
-14386
-16592
-19535
-22024
-22459
-20822
-17840
-15049
-13333
-11438
-8124
-3698
615
3859
5928
7652
9936
12370
13741
13594
12300
10576
9342
8556
7138
4534
1451
-1079
-2606
-3413
-4000
-4907
-6050
-6688
-6194
-4855
-3831
-3542
-3949
-4375
-3982
-3105
-2789
-3486
-4558
-5151
-4669
-3377
-2341
-1945
-1422
295
3175
6266
8416
9269
9505
10043
10843
10856
9305
6457
3315
776
-1133
-3347
-6211
-8838
-10236
-10194
-9133
-7990
-6624
-5075
-2787
-985
-2239
-5095
-8140
-9946
-10047
-11139
-14355
-17840
-19432
-17593
-13535
-9770
-7467
-5346
-702
6229
13033
17653
19640
20933
22942
24941
25603
23426
19086
14871
11753
9249
6067
1572
-2975
-6053
-7129
-7208
-7587
-7966
-7920
-6945
-5009
-3264
-2349
-2397
-3113
-3941
-5236
-6658
-7737
-8578
-9080
-9506
-9085
-6729
-2741
1732
5248
8126
11408
15199
18702
20335
19421
16790
14029
11793
9053
4418
-1850
-7902
-12306
-15073
-17226
-19793
-22160
-22647
-20872
-17656
-14313
-11645
-9050
-5619
-1193
2888
5495
6956
7957
9106
10116
10341
9512
8006
6563
5491
4563
3492
2170
833
-65
-493
-677
-770
-938
-1223
-1859
-2499
-2853
-3136
-3664
-4716
-5960
-6837
-6896
-6556
-6522
-6894
-7048
-6177
-4160
-1823
-217
820
2057
4224
6919
8873
9418
8910
8460
8402
8263
7069
4608
1663
-795
-2307
-3600
-5195
-6733
-7785
-7636
-6543
-5280
-4004
-2583
-1112
-1775
-4506
-7588
-10299
-11214
-11635
-13902
-17298
-19692
-19121
-15635
-11152
-7825
-5675
-2122
4047
11084
16663
19537
20632
22113
24234
25691
24731
20971
16287
12541
10007
7489
3705
-915
-4687
-6351
-6311
-6184
-6530
-7032
-6839
-5432
-3647
-2640
-2667
-3517
-4552
-5447
-6466
-7637
-8759
-9446
-9727
-9278
-7429
-3950
368
4340
7572
10758
14384
18024
20363
20355
18141
15084
12476
9954
6237
709
-5511
-10594
-13805
-16189
-18766
-21299
-22780
-22131
-19545
-16524
-13972
-11412
-8039
-3670
934
4391
6225
7666
9320
10813
11502
10988
9501
7823
6561
5255
3641
1956
373
-784
-1424
-1759
-1905
-1877
-1545
-1330
-1431
-1470
-1458
-1591
-2181
-3367
-4810
-5869
-6308
-6592
-7239
-7832
-7763
-6593
-4548
-2389
-670
924
3260
6260
8936
10440
10735
10406
10256
9983
8692
6013
2687
-206
-2269
-3787
-5392
-7184
-8385
-8386
-7155
-5457
-3691
-2604
-4034
-6573
-8938
-10628
-10879
-11756
-14679
-18170
-19973
-18717
-15060
-10925
-8241
-6335
-2374
4152
11163
16554
19177
20368
22083
24425
25937
24847
21066
16491
12806
10261
7723
3807
-856
-4536
-6125
-6252
-6262
-6672
-7285
-7170
-5713
-3822
-2680
-2641
-3522
-4658
-5491
-6036
-6755
-7665
-8313
-8638
-8221
-6275
-2864
1074
4482
7450
10619
14278
17850
20065
19945
17937
15285
12822
9998
5748
-228
-6804
-12019
-15225
-17316
-19694
-22040
-22918
-21613
-18208
-14069
-10712
-7944
-4674
-493
3705
6787
8158
8220
8183
8520
8434
7342
5519
3553
2079
1410
1158
627
-44
-365
-157
471
1170
1376
952
173
-539
-1136
-1843
-2901
-4666
-6713
-8231
-8754
-8641
-8402
-8252
-7895
-6698
-4391
-1613
787
2488
3862
5555
7629
9302
9852
9302
8435
7775
7014
5571
3269
600
-1591
-2946
-3655
-4430
-5322
-5776
-5297
-3869
-2094
-1118
-2789
-5912
-8838
-10903
-11380
-12284
-15195
-18717
-20520
-19299
-15559
-11228
-8170
-5966
-2000
4472
11526
17121
20051
21258
22609
24555
25847
24703
20991
16425
12523
9774
7354
3878
-527
-4210
-5881
-5988
-5719
-5675
-6079
-6277
-5420
-4018
-3162
-3228
-4086
-5302
-6337
-6872
-7279
-7870
-8297
-8330
-7613
-5543
-2059
1885
5195
7958
10878
14086
17263
19148
18875
16673
13729
11085
8312
4482
-871
-6973
-12049
-15303
-17229
-18967
-20827
-21493
-20208
-17121
-13223
-9760
-6933
-3900
-51
3913
6763
8210
8410
8151
8184
8001
7003
5302
3512
2106
1282
1036
791
301
-74
-55
350
876
1234
1068
445
-346
-1069
-1815
-2744
-4201
-6097
-7769
-8512
-8305
-7918
-7666
-7423
-6554
-4644
-1959
604
2402
3701
5211
7110
8918
9719
9204
7964
6836
6035
4973
3188
835
-1497
-3024
-3760
-4202
-4577
-4846
-4548
-3328
-2118
-3345
-6316
-9669
-12295
-12785
-13122
-15463
-18804
-20726
-19687
-15832
-11040
-7647
-5536
-1909
4268
11338
17195
20374
21599
22775
24601
25959
24983
21468
17004
12993
10073
7552
4190
-55
-3663
-5399
-5776
-5740
-5763
-6052
-6203
-5525
-4470
-3856
-3913
-4492
-5448
-6547
-7364
-7870
-8097
-7910
-7428
-6548
-4724
-1512
2573
6201
8985
11352
13803
16409
18189
18096
15919
12792
9841
7012
3535
-1320
-7032
-12096
-15347
-16949
-18098
-19363
-19905
-18823
-15879
-11895
-8237
-5300
-2570
611
4070
6827
8210
8200
7588
7190
6809
5907
4369
2549
1017
264
199
248
233
200
259
659
1376
1886
1741
936
-259
-1481
-2500
-3321
-4529
-6268
-8005
-8987
-8929
-8181
-7383
-6745
-5725
-3785
-1000
1831
3960
5328
6420
7594
8940
9749
9301
7795
6044
4576
3204
1632
-475
-2587
-4008
-4414
-4285
-3945
-3639
-2979
-2293
-3708
-6227
-9362
-11999
-12622
-13392
-15924
-19155
-20935
-19768
-15915
-11225
-8087
-5971
-1914
4580
11739
17484
20339
21358
22639
24712
26092
24805
20980
16442
12674
10089
7641
4018
-432
-3881
-5197
-5246
-5210
-5534
-6141
-6163
-5141
-3974
-3706
-4321
-5242
-6187
-6950
-7476
-8070
-8539
-8373
-7561
-6239
-4153
-980
2870
6482
9491
11920
14192
16436
17872
17654
15472
12243
9000
5838
2230
-2499
-7893
-12465
-15279
-16465
-17192
-18046
-18253
-16930
-13681
-9636
-6198
-3699
-1557
1144
4073
6301
7087
6408
5482
5086
5043
4689
3551
2226
1254
1088
1491
1768
1776
1636
1672
1913
2144
1998
1186
-107
-1544
-2927
-4084
-5089
-6138
-7345
-8399
-8740
-8234
-7193
-6027
-5042
-3936
-2206
184
2631
4460
5557
6316
7193
8078
8427
7775
6290
4613
3297
2324
1015
-578
-2186
-3418
-3817
-3726
-3606
-3426
-2817
-1793
-2504
-5015
-8289
-11693
-13007
-13218
-14972
-18154
-20780
-20790
-17506
-12361
-7961
-5479
-2388
3250
10446
17231
21312
22504
22951
24183
25750
25397
22110
17281
12625
9360
7208
4570
718
-3161
-5210
-5333
-4733
-4220
-4445
-4952
-4688
-3840
-3352
-3720
-4757
-6097
-7463
-8378
-8902
-9173
-8828
-7962
-6607
-4613
-1627
2280
6200
9501
11978
13857
15698
17078
17121
15199
11663
7827
4373
1161
-2657
-7381
-11926
-15011
-16000
-15793
-15589
-15396
-14501
-12053
-8238
-4399
-1737
-95
1370
3066
4705
5571
5096
3870
2980
2679
2608
2301
1721
1160
1091
1742
2541
3069
3346
3261
2956
2575
2080
1198
-218
-1969
-3855
-5475
-6540
-7169
-7735
-8427
-8829
-8369
-6997
-5073
-3331
-2091
-921
749
2942
4883
6078
6353
6300
6454
6761
6632
5661
4107
2472
1376
623
-306
-1510
-2632
-3188
-2996
-2342
-1832
-1471
-2448
-5066
-8183
-11476
-13380
-14122
-15674
-18433
-20944
-21318
-18691
-13714
-8724
-5445
-2235
2919
9741
16742
21700
23505
23609
24146
25428
25606
23158
18502
13263
9289
7021
5092
2033
-1751
-4410
-5091
-4395
-3384
-3231
-4021
-4499
-4161
-3730
-3991
-5075
-6738
-8502
-9612
-10084
-10107
-9588
-8551
-6907
-4558
-1316
2729
6817
10376
12998
14722
16006
16820
16601
14717
11107
6839
2871
-487
-3754
-7552
-11450
-14389
-15457
-14792
-13562
-12531
-11500
-9684
-6715
-3390
-773
602
1067
1519
2296
2955
2846
1984
1042
541
786
1391
1881
2094
2354
3075
4007
4890
5352
5068
4129
2975
1800
592
-804
-2495
-4477
-6371
-7579
-8063
-8120
-8167
-8260
-7868
-6644
-4707
-2667
-1114
3
1052
2481
4066
5260
5693
5473
5216
5243
5219
4745
3670
2213
1061
445
58
-444
-1078
-1683
-1835
-1425
-665
-425
-2514
-6001
-10020
-13266
-14276
-14986
-17200
-20369
-22394
-21439
-17189
-11241
-6612
-3608
409
6399
13774
20537
24136
24720
24352
24854
25673
24687
21206
15960
10804
7405
5571
3758
843
-2198
-3939
-4175
-3101
-1948
-2057
-2957
-3718
-4137
-4563
-5356
-6675
-8605
-10424
-11485
-11702
-10875
-9290
-7409
-5228
-2447
1431
5970
10257
13423
15002
15695
16086
16085
14996
12063
7644
2852
-1131
-4065
-6873
-9881
-12762
-14598
-14428
-12811
-10866
-9309
-7952
-6131
-3730
-1109
647
1055
734
357
388
563
442
-2
-554
-659
-20
1129
2373
3299
3951
4454
5060
5724
5873
5241
3771
1891
164
-1170
-2368
-3838
-5643
-7278
-8165
-8082
-7467
-6954
-6649
-6110
-4907
-3035
-1093
345
1093
1754
2679
3833
4902
5246
4965
4549
4321
4241
4052
3335
2142
1039
370
124
73
-65
-422
-481
-397
-2121
-5225
-9362
-13420
-15001
-15550
-17345
-20425
-22939
-22652
-18739
-12554
-7455
-4254
-347
5429
12940
20257
24411
25207
24582
24738
25496
24803
21691
16604
11485
8057
6162
4546
2070
-543
-2039
-2414
-1719
-954
-1275
-2310
-3407
-4475
-5736
-7116
-8500
-10138
-11700
-12829
-13304
-12315
-9945
-6981
-4013
-1156
2430
6878
11433
14962
16469
16436
15724
14849
13475
10617
6258
1321
-2761
-5429
-7445
-9426
-11408
-12610
-12026
-10061
-7798
-6057
-4875
-3739
-2414
-958
-150
-379
-1218
-2069
-2568
-2727
-2650
-2452
-2082
-1340
-184
1338
3109
4762
5952
6398
6311
6139
5833
5123
3699
1501
-941
-2944
-4274
-5260
-6376
-7548
-8294
-8152
-7152
-5884
-4897
-4238
-3389
-2058
-595
645
1381
1749
2160
2781
3490
3942
3980
3698
3410
3322
3218
3074
2757
2187
1521
1034
743
642
683
838
235
-2477
-6318
-10953
-14539
-15564
-16234
-18298
-21362
-23359
-22060
-16922
-10045
-5004
-1853
2106
7726
15073
21876
25157
25024
23625
23143
23290
22286
19199
14170
9319
6437
5180
4355
2862
1118
-193
-724
-144
474
82
-1206
-3159
-5421
-7575
-9242
-10517
-11911
-13128
-14100
-14085
-11985
-8296
-4149
-655
2259
5534
9480
13570
16364
16809
15387
13072
10911
8852
5999
2175
-2085
-5568
-7533
-8233
-8448
-8780
-8762
-8023
-6590
-4698
-3016
-1964
-1729
-2039
-2421
-2755
-2964
-3292
-4034
-4764
-4893
-4075
-2422
-489
1082
2073
3110
4572
6162
7247
7124
5908
4468
3374
2501
1265
-598
-2745
-4491
-5303
-5402
-5305
-5504
-5911
-6057
-5690
-4850
-3851
-3080
-2495
-2031
-1435
-584
401
1381
2052
2370
2589
3011
3666
4198
4181
3634
2815
2270
2117
1929
1585
862
300
250
932
799
-1892
-6281
-11770
-15472
-16009
-16159
-17922
-21041
-23186
-21685
-15927
-8402
-2916
650
4348
9237
16078
22399
25316
24864
22776
21198
20300
19091
16597
12475
8353
5429
3961
3594
3460
3345
2646
1558
998
610
234
-632
-2784
-6140
-9772
-12245
-13184
-13172
-13033
-13499
-13445
-11221
-6740
-1216
3348
6398
8621
10959
13638
15423
15328
13159
9761
6565
4019
1914
-350
-3034
-5418
-6875
-7012
-6189
-5001
-3914
-3411
-3233
-3091
-2659
-2149
-2252
-3324
-5036
-6422
-6702
-6065
-5132
-4546
-4210
-3386
-1589
1002
3323
4578
4869
4862
5058
5387
5197
4125
2498
865
-317
-1050
-1539
-2078
-2769
-3478
-3952
-4067
-3877
-3690
-3790
-4181
-4533
-4418
-3723
-2665
-1823
-1470
-1271
-617
719
2261
3294
3524
3307
3140
3231
3264
2932
2137
1196
600
504
806
1266
1521
1977
1135
-1755
-6173
-11543
-14763
-15535
-16231
-18357
-21734
-23370
-20870
-14257
-6618
-1357
2445
6185
11257
18098
23515
25509
24245
21516
19368
17833
16307
13650
10074
7046
4752
3633
3596
4191
5063
4967
3992
2540
997
52
-1164
-3578
-7398
-11790
-14847
-15751
-14540
-12889
-12114
-10986
-8265
-3409
2399
7159
10075
11306
11947
12480
12426
11511
9186
5822
2237
-770
-2474
-3217
-3232
-3086
-3278
-3373
-2990
-1747
-243
339
-558
-2649
-4474
-5269
-5411
-5801
-6965
-8214
-8570
-7354
-4989
-2534
-593
570
1502
2642
3789
4634
4633
3871
2683
1426
587
268
284
99
-509
-1338
-1790
-1463
-840
-668
-1372
-2580
-3638
-4110
-4107
-4132
-4400
-4748
-4579
-3584
-1994
-311
1006
1839
2512
3017
3435
3725
3664
3291
2322
1127
95
-456
-360
-180
-4
33
374
1280
2727
2805
53
-5387
-12271
-16526
-17420
-17311
-18347
-21282
-23123
-20793
-13793
-4893
2364
7565
11107
14657
19374
23367
25294
24354
21025
17038
13354
10722
9006
8035
7401
5982
4447
3881
5139
7569
8762
7524
3928
-379
-3411
-5248
-6851
-9577
-13560
-16963
-17998
-15654
-11379
-7085
-3373
-347
2807
6248
9452
11844
12577
11437
8581
5153
2716
1416
843
15
-1416
-2642
-2702
-1037
1316
2889
2740
978
-949
-2252
-3049
-4103
-5996
-8166
-9963
-10590
-9717
-7647
-4933
-2526
-877
249
1391
2910
4242
4663
3742
1683
-311
-1356
-1219
-589
-278
-439
-639
-228
797
1802
2182
1639
330
-1432
-3084
-4206
-4789
-5048
-5367
-5729
-5619
-4563
-2599
-196
1707
2597
2638
2508
2623
2853
2805
2087
959
-152
-849
-994
-665
-41
579
920
1114
1351
1984
2866
3779
3628
633
-5025
-12769
-19221
-21551
-21337
-20500
-21425
-22956
-21339
-15141
-5311
4548
11962
16207
18095
19866
21553
22771
22743
20288
16530
12169
8463
7023
8014
10847
12909
12776
10952
9135
9132
9637
8726
5110
-1206
-7898
-13079
-15582
-15854
-15500
-14993
-14250
-12308
-8563
-3524
2156
6918
9639
9755
7855
5914
4922
4741
4145
2231
-72
-1580
-1129
1193
3958
6003
6444
5537
3965
2323
677
-1280
-3628
-6522
-9585
-11890
-12674
-11330
-8458
-5591
-3640
-2476
-1337
168
1815
2720
2301
792
-1265
-2805
-3236
-2601
-1298
43
1121
1827
2402
3123
3985
4473
3724
1540
-1466
-4233
-5837
-6408
-6389
-6199
-5943
-5242
-4065
-2372
-593
792
1574
1500
752
-234
-1035
-1307
-1181
-896
-697
-441
327
1596
3164
4215
4516
4170
3314
2267
1037
-80
-1008
-1534
-1550
-1052
-668
-2130
-6396
-13000
-19219
-21448
-20154
-17664
-16441
-16909
-15966
-11923
-4756
3741
11082
16055
18193
18677
18272
17770
17983
18187
18038
16459
13111
9930
8987
11227
14676
16381
15137
11552
7740
4669
2325
122
-2832
-6499
-10627
-13984
-15482
-14881
-11986
-7897
-4066
-1688
-966
-486
877
3064
4722
4611
3107
1074
-257
-250
952
3108
5303
6747
6971
6122
4968
4047
3550
2715
639
-2767
-6618
-9196
-9833
-8805
-7198
-5867
-4908
-4313
-3876
-3317
-2510
-1591
-1172
-1722
-3136
-4513
-4844
-3879
-1854
352
1852
2569
2836
3004
3160
3092
2612
1649
122
-1898
-3834
-4998
-4867
-3736
-2464
-1615
-1363
-1340
-1168
-925
-949
-1476
-2480
-3687
-4585
-4738
-4087
-2650
-594
1463
2998
3719
3783
3911
3986
3824
3100
1692
79
-1377
-2182
-2131
-1322
34
1414
2583
3404
2911
688
-4098
-10850
-17412
-22250
-23864
-22819
-20355
-16711
-12526
-7205
-1148
5132
10995
15216
17530
17405
15312
12355
9685
8790
9546
11332
13218
14442
15535
16605
17596
17940
16928
14458
10380
5171
-406
-5535
-8985
-10502
-10051
-8404
-6665
-5096
-3970
-2834
-1638
-851
-747
-1608
-3101
-4856
-6254
-6502
-5172
-2268
1438
4913
7390
8553
8756
8311
7554
6304
4389
2121
-323
-2350
-3623
-3933
-3206
-1897
-579
2
-490
-1841
-3567
-5136
-6355
-7214
-7720
-7867
-7458
-6462
-4878
-2827
-714
1236
2506
2854
2205
834
-607
-1772
-2269
-2153
-1515
-611
320
1138
1597
1807
1729
1282
466
-768
-2300
-3841
-5045
-5742
-5782
-5224
-4288
-3130
-1946
-889
-98
379
481
352
64
-300
-572
-783
-760
-421
185
971
1706
2222
2366
2217
1884
1571
1417
1559
1801
1458
-260
-4103
-9595
-15134
-19168
-20261
-18628
-14963
-10276
-5816
-2089
472
2196
3552
4859
6394
7817
8651
8698
8251
8275
9355
11660
14713
17638
19815
20503
19458
16743
12998
9228
6134
4122
3134
2655
2265
1654
943
232
-420
-1024
-1753
-2709
-4156
-6100
-8238
-9910
-10493
-9749
-7826
-5263
-2653
-473
1025
1808
1959
1748
1449
1346
1582
2064
2690
3272
3781
4235
4573
4663
4349
3560
2214
401
-1646
-3614
-5115
-5880
-5827
-5167
-4287
-3546
-3219
-3360
-3819
-4438
-5100
-5655
-5908
-5738
-5248
-4461
-3503
-2424
-1259
-64
1002
1675
1903
1648
1006
232
-489
-1051
-1224
-956
-334
384
880
859
288
-807
-2152
-3434
-4437
-4838
-4676
-4024
-3148
-2353
-1785
-1417
-1189
-1035
-947
-841
-751
-712
-708
-634
-400
18
614
1381
2259
3041
3725
4092
4191
3913
3022
1393
-1131
-4035
-6772
-8734
-9256
-8503
-6477
-3765
-1013
1297
2387
2337
1113
-558
-1944
-2542
-1932
-316
2075
4860
7566
9892
11405
12046
11971
11336
10544
9565
8608
7834
7345
7298
7621
8134
8568
8618
8192
7233
5711
3613
1160
-1334
-3549
-5021
-5718
-5732
-5255
-4583
-3967
-3655
-3759
-4389
-5386
-6300
-6916
-6872
-6053
-4652
-2825
-884
834
2139
2987
3417
3380
2964
2206
1215
143
-781
-1339
-1501
-1257
-857
-476
-323
-547
-1189
-2237
-3493
-4733
-5579
-5864
-5639
-5007
-4216
-3392
-2711
-2227
-2013
-2048
-2263
-2518
-2762
-2816
-2601
-2217
-1672
-1017
-294
252
629
787
729
523
234
-71
-365
-574
-604
-534
-417
-154
43
190
262
213
13
-209
-335
-335
-79
289
662
974
1256
1487
1677
1797
1819
1806
1773
1817
1845
1872
1911
1980
2010
2023
1993
1955
1869
1713
1577
1478
1426
1304
1169
982
694
380
-26
-402
-770
-1071
-1226
-1169
-879
-458
-35
250
364
305
206
42
-16
-27
2
88
207
393
622
774
877
907
854
753
588
450
300
177
92
31
-25
-103
-135
-80
110
291
459
547
575
569
595
593
506
438
358
333
406
539
659
729
760
777
810
773
615
339
-25
-326
-482
-559
-594
-685
-886
-1123
-1270
-1319
-1292
-1223
-1197
-1224
-1183
-1107
-1042
-932
-897
-804
-678
-572
-487
-468
-507
-503
-477
-444
-359
-302
-259
-258
-274
-213
-157
-181
-247
-364
-515
-691
-821
-886
-923
-952
-1003
-1067
-1098
-1071
-979
-854
-720
-514
-345
-220
-124
-79
17
173
331
481
658
767
843
903
908
914
843
851
904
956
941
820
665
494
358
229
125
-9
-99
-154
-190
-172
-186
-176
-122
-13
103
172
202
113
148
344
591
816
863
827
753
741
773
830
823
682
496
238
-67
-334
-532
-708
-839
-892
-864
-764
-633
-532
-472
-509
-512
-470
-412
-405
-334
-203
-72
138
348
530
642
713
721
777
858
957
1058
1163
1227
1198
1104
983
877
812
754
635
492
297
131
54
-18
-151
-223
-279
-316
-325
-232
-140
-8
169
236
226
142
116
88
83
52
-16
-107
-176
-177
-47
68
85
37
-132
-268
-418
-531
-708
-934
-1171
-1366
-1448
-1413
-1317
-1217
-1170
-1199
-1285
-1291
-1158
-936
-736
-658
-560
-400
-228
-71
99
236
338
406
418
422
411
455
436
402
350
196
85
-5
-62
-39
8
58
65
-6
-156
-317
-475
-584
-559
-590
-549
-494
-407
-253
-92
134
330
460
609
730
843
917
994
1049
1001
898
727
588
465
355
285
175
161
136
41
-42
-124
-169
-168
-231
-385
-555
-656
-650
-550
-376
-113
129
230
284
314
302
250
263
297
330
390
507
621
698
668
595
523
453
355
261
148
-18
-198
-316
-330
-264
-142
-83
-36
-46
-57
-59
-35
-6
-74
-201
-335
-343
-306
-169
20
182
300
419
497
502
406
312
278
244
240
274
321
336
243
89
-100
-240
-323
-377
-380
-473
-638
-823
-990
-1027
-879
-694
-487
-336
-232
-147
-43
140
293
354
317
229
147
76
24
-4
46
123
257
395
487
564
559
506
351
121
-61
-290
-443
-587
-664
-691
-604
-465
-372
-255
-193
-200
-259
-248
-214
-113
-4
72
163
220
282
350
355
392
397
358
309
292
233
165
127
113
113
70
33
-3
-82
-169
-287
-411
-486
-555
-643
-726
-786
-777
-713
-605
-407
-221
-97
67
199
326
446
564
673
654
548
430
335
323
228
129
9
-43
-18
8
83
75
-57
-205
-290
-346
-269
-196
-148
-121
-141
-95
-79
-55
-20
25
89
134
239
335
423
511
521
492
478
522
639
776
866
857
744
523
267
42
-58
-78
-98
-168
-295
-473
-626
-715
-726
-655
-574
-520
-468
-427
-396
-263
-132
-3
111
78
-46
-167
-147
-51
139
322
430
467
393
345
225
149
97
-33
-108
-175
-287
-394
-503
-544
-446
-415
-343
-279
-266
-240
-248
-167
-36
130
226
289
332
418
495
555
577
564
540
475
356
216
59
26
23
19
139
167
175
91
61
25
-28
-59
-155
-288
-373
-376
-392
-303
-167
-79
-86
-142
-211
-227
-95
43
143
168
130
60
-15
-12
22
52
13
-100
-255
-369
-405
-335
-282
-286
-287
-342
-326
-244
-136
-92
-96
-201
-325
-382
-385
-314
-142
22
99
134
126
124
187
273
362
416
445
482
553
576
482
422
289
178
158
132
127
57
-55
-188
-195
-143
-82
-74
-107
-136
-106
-62
-10
43
155
246
192
115
38
-35
59
112
109
148
176
195
291
383
387
429
386
334
260
201
21
-152
-281
-375
-379
-310
-290
-337
-311
-285
-311
-307
-264
-293
-287
-259
-285
-283
-245
-173
-138
-93
21
60
127
210
276
236
131
106
82
145
213
282
293
267
213
158
58
-68
-174
-239
-271
-233
-243
-261
-271
-335
-349
-376
-340
-272
-222
-104
26
176
295
340
389
343
318
205
136
119
134
197
209
207
101
-3
22
119
197
203
141
20
-86
-101
-125
-263
-367
-447
-446
-359
-222
-40
59
103
156
160
191
243
187
92
-3
-8
9
72
146
107
44
-67
-123
-116
-80
-25
-37
-72
-137
-224
-286
-219
-142
-134
-152
-195
-216
-211
-170
-14
104
209
274
263
228
155
134
190
301
386
397
363
281
193
167
66
-46
-106
-160
-129
-89
-37
-67
-120
-161
-176
-110
-93
-100
-60
-42
-16
-21
-89
-142
-150
-163
-119
-52
17
125
217
297
344
267
216
68
-46
-49
-52
-12
32
5
-74
-171
-234
-217
-216
-157
-121
-104
-120
-61
0
86
213
222
197
95
81
69
81
91
84
33
53
7
-48
-32
-7
38
90
117
96
81
2
-21
-36
-144
-196
-261
-363
-373
-353
-357
-319
-272
-158
-67
37
132
164
239
181
132
40
-6
36
131
183
206
181
122
153
169
92
56
-4
-52
-72
-44
13
14
21
-28
-67
-109
-122
-204
-205
-202
-144
-121
-188
-305
-392
-328
-197
1
86
116
187
266
327
419
530
522
374
212
110
146
249
309
260
133
8
-61
-95
-107
-84
-97
-106
-134
-144
-206
-240
-276
-272
-228
-146
-33
-52
-74
-47
-34
12
99
165
233
369
399
403
428
361
276
143
-20
-149
-209
-138
-103
-78
-53
-50
-80
-180
-204
-199
-116
-34
-34
-76
-137
-108
-122
-68
-78
-110
-55
-52
5
88
126
66
-11
-72
-101
-66
-6
43
46
85
133
233
238
153
25
-122
-212
-282
-288
-206
-140
-56
-4
-23
-25
-41
-122
-177
-154
-96
-39
-5
-43
-61
-60
27
146
182
239
242
168
152
103
99
124
68
49
-42
-47
-123
-147
-155
-197
-213
-240
-254
-255
-242
-232
-173
-16
146
273
311
173
57
21
95
281
398
449
362
247
141
78
-49
-164
-234
-252
-220
-171
-55
-40
-26
-62
-124
-173
-200
-224
-180
-153
-139
-157
-179
-158
-144
-68
70
152
182
251
305
379
455
527
558
570
509
506
468
435
379
180
33
-120
-172
-194
-163
-175
-161
-88
-63
-45
-152
-169
-181
-275
-288
-296
-304
-266
-191
-146
-148
-126
-131
-123
-45
67
117
91
41
-19
29
88
107
16
-92
-100
-86
-111
-93
-100
-52
-68
-225
-385
-471
-389
-177
40
177
143
58
-12
-29
-15
-3
-62
-123
-74
-21
95
142
127
102
77
83
143
201
274
195
164
264
287
241
182
119
24
5
1
-21
-29
-37
-38
12
95
181
165
73
50
54
68
79
89
125
104
73
42
17
-26
-50
-50
-86
-121
-87
-10
-35
-125
-208
-331
-437
-447
-395
-343
-311
-272
-184
-123
-103
-88
-82
-50
-32
-20
4
120
189
167
108
37
-4
16
109
171
232
240
203
82
0
50
71
141
105
48
-21
-126
-74
-19
26
-21
-67
-36
-13
5
49
143
194
166
188
221
181
118
116
113
157
251
304
371
372
414
451
391
293
163
46
-55
-134
-201
-259
-292
-365
-377
-346
-307
-261
-334
-360
-374
-362
-340
-326
-307
-298
-219
-81
30
124
178
196
204
226
177
133
41
-129
-227
-267
-167
-32
78
91
-40
-193
-346
-396
-373
-370
-330
-285
-210
-181
-133
-36
49
186
273
360
354
264
114
67
125
188
289
236
225
211
154
180
142
133
69
47
-9
-82
-118
-127
-59
-65
-44
-101
-95
-90
-85
-32
30
142
158
84
32
-55
-3
118
247
381
420
334
239
171
153
147
240
256
207
81
-90
-212
-334
-306
-348
-339
-277
-290
-259
-212
-100
-45
2
0
-10
53
118
152
167
134
105
105
145
171
162
148
162
187
194
149
1
-192
-350
-451
-415
-262
-60
71
108
110
17
-65
-110
-184
-150
-46
38
90
134
163
146
74
45
92
176
301
288
215
165
115
53
-80
-200
-265
-261
-152
22
178
256
208
133
-6
-88
-167
-207
-275
-390
-471
-498
-465
-399
-274
-161
-70
-82
-49
-26
-15
13
24
80
116
156
137
-26
-130
-143
-70
132
310
422
426
254
54
-151
-309
-395
-422
-376
-311
-223
-108
82
246
322
272
156
65
73
80
109
86
32
34
87
165
277
280
166
72
11
-11
10
11
-5
-35
-72
-129
-162
-189
-275
-300
-317
-333
-261
-229
-182
-88
-7
43
94
79
52
78
69
86
145
193
231
256
365
414
411
497
422
334
205
77
86
81
146
94
60
89
63
43
10
-12
-43
-112
-210
-337
-374
-286
-163
-95
-50
-7
12
15
70
116
154
141
164
197
174
128
131
145
129
123
202
217
194
173
104
48
-88
-172
-237
-310
-391
-276
-191
-90
-37
-16
-14
7
36
-21
-40
-91
-121
-190
-219
-275
-252
-177
-143
-115
-92
-151
-200
-133
-215
-325
-335
-306
-269
-315
-326
-396
-384
-291
-173
32
114
79
13
-80
-78
45
124
166
109
39
-18
-101
-24
96
213
267
254
227
114
71
26
13
36
-42
-80
-148
-153
-193
-174
-186
-142
-23
57
92
93
60
22
76
174
378
573
592
449
306
308
408
560
696
684
640
572
358
162
15
-115
-131
7
88
99
47
-85
-133
-151
-191
-238
-222
-196
-224
-286
-287
-347
-353
-265
-96
-10
24
-1
25
106
215
308
296
276
164
96
32
-6
53
151
230
126
-31
-230
-347
-401
-311
-51
54
180
220
254
187
107
58
-42
-98
-66
-18
-64
-92
-169
-281
-248
-169
-85
-37
-118
-94
-138
-293
-416
-575
-657
-717
-668
-532
-321
-65
171
262
191
59
-214
-335
-339
-217
-24
196
321
354
350
257
298
324
245
124
26
-70
-84
-73
20
97
187
218
132
75
83
85
128
117
22
-160
-272
-250
-180
-53
41
72
75
63
6
72
137
190
310
328
297
259
219
159
168
193
311
375
374
302
87
-64
-208
-294
-365
-375
-379
-377
-332
-237
-153
-170
-131
-83
-14
-12
-48
-156
-270
-315
-333
-251
-166
-71
11
176
223
186
164
168
212
230
255
189
159
137
5
-52
-36
-62
-114
-122
-42
17
113
91
28
-23
-98
-115
-159
-154
-83
60
317
413
319
261
93
68
64
33
19
117
236
356
479
449
366
273
262
229
103
-27
-164
-302
-292
-190
-111
-189
-317
-370
-363
-198
-32
-44
-178
-395
-560
-577
-511
-286
-94
165
319
326
228
-4
-258
-439
-524
-492
-419
-308
-230
-163
-59
-77
-111
-67
44
72
111
74
12
-8
-45
28
147
224
270
278
259
167
175
227
376
452
488
557
519
514
347
154
-13
-30
-35
17
91
147
188
174
179
66
0
-11
-16
-71
-81
-75
-45
-49
-98
-42
-22
-87
-86
-23
49
164
205
184
87
-39
-79
-114
-106
-162
-213
-296
-385
-378
-373
-375
-331
-299
-389
-364
-310
-287
-225
-212
-221
-234
-225
-145
-47
5
-46
-142
-179
-119
-10
80
186
96
24
94
138
261
375
527
533
491
379
249
211
207
274
292
225
183
196
190
203
198
127
82
69
77
72
66
123
205
406
523
511
428
214
63
-13
-77
-184
-321
-386
-384
-261
-193
-279
-396
-485
-465
-471
-422
-446
-555
-578
-662
-625
-531
-403
-367
-331
-282
-276
-103
107
274
311
284
188
96
-31
-47
-6
145
228
234
207
68
-15
-15
-22
29
64
20
12
38
128
227
335
360
248
177
90
36
109
118
102
24
27
95
177
258
275
267
256
233
158
36
-75
-133
-129
-15
44
79
90
64
10
-7
30
-5
-74
-120
-103
-16
125
249
283
220
90
-101
-272
-399
-442
-466
-382
-228
-45
116
231
236
160
161
241
268
199
35
-183
-276
-271
-136
40
104
166
169
130
128
136
121
104
-2
-58
-100
-231
-244
-199
-118
16
155
235
283
231
151
104
13
-155
-302
-405
-330
-170
10
85
-69
-271
-355
-304
-195
-50
30
-15
-143
-183
-205
-224
-157
-150
-54
65
128
138
36
-83
-80
-7
116
297
254
58
-168
-316
-333
-265
-142
-93
10
177
360
419
333
242
157
185
250
341
418
476
407
329
116
-159
-315
-423
-362
-193
22
158
157
46
-212
-395
-374
-189
56
236
367
331
298
158
31
-67
-86
-11
-2
60
145
173
128
105
50
36
60
98
163
51
-25
-27
-63
-77
-137
-229
-183
-66
16
78
-32
-166
-404
-554
-465
-274
30
160
242
298
166
49
-63
-161
-186
-207
-193
-195
-191
-200
-173
-152
-82
-31
15
34
48
94
-30
-250
-390
-459
-319
-106
166
335
323
300
270
138
18
-39
-55
-41
-94
-83
-3
144
192
161
149
49
-10
-29
-19
61
132
88
-30
-183
-239
-74
186
457
501
291
59
-71
-42
-5
107
143
135
72
103
151
79
58
9
-20
-18
3
3
33
36
65
19
-9
-35
-107
-108
-107
-129
-186
-214
-235
-119
58
158
215
134
-5
-90
-165
-136
-53
-93
-68
-33
-1
-87
-214
-259
-257
-285
-306
-138
26
202
384
334
182
23
-28
-1
54
94
20
-46
3
123
299
435
344
91
-146
-260
-187
-66
-29
-5
43
57
41
28
11
-8
57
77
57
20
-55
-66
-116
-79
-48
-34
48
182
301
339
244
69
-51
-96
-79
-7
104
123
127
55
29
107
90
-25
-101
-226
-276
-284
-259
-185
-189
-194
-328
-354
-317
-201
-28
67
152
93
-24
-146
-230
-192
-83
128
231
204
139
57
12
81
216
333
311
262
154
-83
-239
-264
-198
-55
34
14
-53
-87
-112
-125
-178
-131
-37
43
64
47
26
-32
8
19
56
67
-13
-89
-179
-158
-93
-69
-33
-2
-1
53
161
296
394
311
183
-29
-133
-86
27
158
228
141
20
-42
-31
145
242
210
149
48
-6
-44
-110
-127
-132
-51
86
146
179
121
-4
-64
-104
-133
-50
52
179
168
37
-177
-332
-491
-424
-315
-207
-103
-194
-420
-2113
-4493
-6040
-3821
1510
7289
9555
6644
1085
-3034
-3010
101
3183
2724
-734
-4300
-4846
-1514
3091
5575
4418
-27
-5015
-6221
-2790
2903
7649
8004
3784
-1289
-4117
-3338
-1250
-849
-2764
-4622
-3584
-229
3108
3693
858
-2943
-4580
-3391
-423
1928
2947
2189
-106
-2350
-3057
-2031
-47
1374
919
-562
-1471
-1089
-1158
-1808
-2627
-1870
-551
939
2292
3003
3240
2302
847
-122
-276
612
2206
3527
3969
3750
3112
1922
693
-262
-519
290
1222
1945
2402
2317
1765
769
-676
-1906
-2305
-2573
-2492
-1743
-528
306
354
-504
-955
-612
-584
-683
-477
-66
127
583
1002
720
-44
-258
-404
-258
204
880
769
-365
-1786
-3046
-3419
-2741
-1703
-758
-213
-710
-1827
-2996
-3671
-3400
-2509
-1436
-347
591
1270
1312
1184
854
238
-224
-433
-434
51
814
1399
1318
851
-85
-1519
-2389
-2823
-2862
-2463
-1877
-1697
-1897
-2126
-2260
-2229
-2177
-2099
-2094
-1915
-1204
-789
-813
-1017
-2079
-3456
-4791
-5833
-5754
-5392
-4736
-3663
-2647
-1427
-61
1716
3647
5658
7412
8720
9311
9889
10132
9957
9518
8614
7602
7035
6812
6845
6744
6170
5481
4425
3354
2177
1087
-35
-837
-1107
-1176
-1186
-1201
-1300
-1643
-1851
-1953
-1577
-85
1943
3786
4908
5237
4826
4297
4122
4342
4754
5069
4545
3079
1478
343
-408
-1403
-2734
-4600
-6938
-9292
-11147
-11889
-11638
-10949
-10133
-9277
-8681
-8150
-7459
-6563
-5106
-3173
-888
991
2129
2645
2860
2477
1628
754
-431
-1521
-2061
-2042
-1781
-1740
-1610
-1425
-1161
-177
1330
3470
5991
7569
7334
6169
5852
6892
8381
9092
8717
7744
6648
5686
4781
3777
2932
2363
1994
1897
1735
967
-205
-480
219
1061
1375
818
-806
-3296
-5699
-7264
-7326
-6399
-5813
-6239
-7167
-8072
-8546
-8449
-8028
-7520
-6734
-6004
-5738
-5434
-4667
-2805
-462
1427
1419
-1047
-4153
-6756
-8222
-8480
-7543
-4970
-1604
999
963
-1414
-3592
-4360
-3412
-946
1411
2133
527
-1733
-2144
-370
2202
3568
3545
3011
2598
2858
2769
2319
910
-1067
-1115
551
2404
2695
1286
-208
189
2787
5643
6508
5008
2889
1599
1747
2819
4180
5769
6382
5227
3517
2452
2730
3747
4350
4007
3130
2532
2611
3481
4812
5808
5919
5638
5301
5110
5539
6365
7105
7300
7143
6924
6503
5661
4881
4500
3965
3030
1388
-309
-1536
-2348
-2958
-3252
-3547
-3993
-4698
-5213
-4814
-3541
-2141
-1544
-1935
-3187
-4247
-4427
-4102
-4050
-4256
-4720
-4138
-1944
-292
-1431
-4713
-6529
-4882
-1593
-50
-1434
-4224
-6060
-6132
-4900
-3811
-3710
-4155
-3861
-2329
-774
217
612
171
-612
-716
343
1706
2547
2928
2642
1749
545
-354
-1271
-1777
-1233
-53
657
-194
-2253
-4736
-6268
-5962
-4473
-3254
-2785
-2690
-2044
-576
1403
3077
3647
3197
2242
1741
1926
3286
5238
6313
5628
3473
1033
-618
-1115
-699
86
799
1086
1181
1528
1855
1916
1288
356
-542
-1036
-735
91
595
451
-20
-307
-120
66
-180
-652
-353
1421
3643
4180
2568
91
-1754
-2246
-1182
1049
3193
3693
2567
507
-1382
-2229
-2087
-1809
-1908
-2080
-1818
-1376
-1468
-1912
-2138
-1475
-598
-382
-1398
-2873
-3184
-2057
-422
541
1008
1297
1465
1473
1298
798
-33
-724
-938
-551
-97
105
-183
-531
-672
-219
947
2061
2616
2543
1869
690
-228
-491
122
1624
3388
3881
2783
942
-468
-420
980
2900
4216
4628
4014
2952
1867
1258
754
14
-1179
-2357
-3070
-3541
-4075
-4881
-5547
-5638
-5224
-4571
-3812
-3320
-3361
-3548
-3069
-1799
34
1769
2947
3168
2395
1231
255
162
881
1747
1786
1206
934
1580
2805
3700
3712
2945
2142
1592
1375
1246
1196
1335
1635
1848
1820
1291
312
-503
-759
-222
620
1452
1871
1652
948
228
-82
-299
-667
-1088
-1618
-2036
-2162
-1985
-1506
-1600
-2593
-3630
-4015
-3666
-3305
-3282
-3324
-3154
-2680
-2062
-1906
-2405
-2866
-2720
-2166
-1457
-624
421
1679
2989
4301
5159
4744
3354
2138
1628
1616
1284
487
12
105
280
195
-237
-906
-1402
-1302
-1018
-690
-318
97
346
358
592
1133
1645
1737
1487
1347
1304
876
91
-344
-213
118
264
-16
-568
-864
-705
-311
73
542
518
-307
-1248
-1215
469
2462
3245
2432
922
31
413
1350
1936
1754
826
-588
-1436
-1071
7
964
835
-343
-1840
-2891
-3303
-3235
-2841
-2452
-2538
-2939
-3295
-3343
-3104
-2664
-2438
-2412
-2000
-778
1191
3215
4246
3308
938
-1603
-2892
-2730
-1944
-1188
-750
-360
161
766
1175
1438
1832
2215
2673
3206
3596
3456
2550
1489
736
569
1274
2534
3607
3859
2959
1499
792
1297
2136
2546
2025
1013
238
-537
-1257
-2054
-2828
-3178
-2560
-1193
515
1903
2265
1790
1017
912
1742
2642
2382
1144
-672
-1891
-2077
-1665
-1274
-1723
-2760
-3591
-3337
-2045
-585
-36
-736
-2392
-4285
-5649
-5523
-3681
-1053
1174
2405
2405
1162
-814
-2613
-3221
-2627
-1505
-413
245
495
281
-282
-813
-607
570
1663
1959
1369
815
1169
2133
2691
2216
1297
818
936
1463
1904
2020
1828
1306
727
377
340
483
675
815
1052
1180
1148
843
472
406
719
1538
2418
2780
2443
1486
166
-858
-1374
-1385
-881
-165
564
999
1038
741
21
-977
-1503
-1428
-1097
-1098
-1786
-2879
-3628
-3656
-3335
-3183
-3393
-3587
-3433
-2560
-1256
-127
570
618
69
-785
-1260
-1134
-791
-390
-167
-94
-93
-153
-323
-573
-733
-559
-269
-14
-36
-82
76
294
481
567
602
618
926
1416
1547
1082
361
-56
261
1610
3354
4722
5070
4088
2134
351
-505
-486
-112
-350
-1141
-1552
-1015
47
741
723
146
-605
-894
-421
588
1402
1499
856
232
-256
-563
-600
-511
-366
-427
-440
-467
-420
-223
-74
86
163
312
592
908
1077
1063
1226
2029
3445
4547
4777
4287
3392
2109
310
-1366
-2023
-1257
337
1333
834
-534
-1627
-1980
-1678
-1325
-1323
-2042
-3175
-4278
-4867
-4611
-4024
-3561
-3458
-3690
-3912
-3918
-3716
-3001
-1922
-650
427
1042
1252
1085
641
-40
-501
-605
-282
294
656
657
381
7
75
843
1913
2398
1849
826
203
475
1349
2258
2463
1913
1101
552
597
1306
2213
2624
2382
1729
1225
1022
939
862
603
461
452
615
970
1241
1016
409
-317
-756
-734
-644
-669
-971
-1481
-1834
-1998
-1809
-1441
-1145
-953
-868
-682
-263
479
1354
1796
1556
898
148
-489
-813
-878
-894
-917
-898
-789
-693
-630
-234
778
2004
2419
1486
-114
-1314
-1282
-221
1215
2175
2224
1701
1163
689
158
-421
-1133
-1578
-1068
247
1649
2352
2185
1607
1138
945
780
479
-212
-791
-1155
-1418
-1717
-2096
-2460
-2488
-2174
-1978
-1882
-1805
-1610
-1212
-719
-532
-843
-1206
-1497
-1676
-2082
-2216
-1720
-622
442
424
-322
-1288
-1693
-1132
-220
280
249
127
375
876
1204
1251
1079
951
836
676
552
287
110
229
833
1577
2223
2469
2244
1780
1131
656
279
231
469
1044
1516
1714
1601
1062
534
116
-140
-142
26
303
494
558
359
48
37
394
845
916
504
135
177
803
2060
3022
2903
1878
960
693
828
982
476
-723
-1995
-2716
-2474
-1775
-1525
-1777
-1965
-1894
-1528
-1369
-1564
-1874
-1747
-974
-47
602
610
-79
-1026
-1478
-1616
-1825
-2122
-2560
-2981
-3126
-2819
-2043
-783
631
1373
1224
624
149
378
1314
2174
2116
1203
210
-365
-279
-8
-5
-130
-224
-256
-359
-371
-382
-421
-450
-502
-491
-350
-70
-43
-415
-926
-953
-387
347
977
1148
825
208
-293
-499
-309
187
442
473
473
654
1094
1450
1455
955
161
-521
-920
-889
-598
-321
-199
-201
-209
-18
537
1304
1942
2301
2299
2074
1799
1630
1630
1917
2508
3080
3034
2102
790
-220
-408
19
886
1727
2076
2053
1747
1313
834
523
156
-386
-927
-1376
-1505
-1144
-754
-644
-712
-850
-861
-648
-440
-389
-427
-648
-736
-517
-186
11
-125
-542
-1089
-1496
-1786
-1751
-1293
-383
524
1144
1169
368
-608
-1321
-1680
-2265
-3207
-4011
-4369
-4031
-3282
-2682
-2445
-2438
-2311
-1887
-1166
-324
243
589
977
1060
759
479
235
163
174
268
252
64
235
525
889
1305
1516
1845
2093
1950
1324
789
540
472
553
398
41
-450
-795
-803
-510
-182
69
74
88
200
492
976
1384
1687
1738
1600
1470
1263
1028
892
674
535
461
367
291
254
193
252
611
963
1347
1541
1389
1072
645
386
508
828
1055
1066
662
-3
-601
-755
-841
-1492
-2241
-2493
-2001
-983
-354
-889
-2446
-3633
-3505
-2217
-822
-545
-1400
-2431
-2505
-1270
660
2269
2761
2037
728
-489
-1161
-1348
-1294
-956
-547
-118
345
880
1451
1920
1990
1655
1274
965
888
852
916
984
1002
946
904
834
686
505
253
129
127
368
808
1314
1774
2041
2175
1893
1362
794
456
466
448
125
-599
-1327
-1807
-1864
-1744
-1573
-1550
-1651
-1779
-1968
-1925
-1920
-1858
-1618
-1472
-1231
-930
-615
-242
103
163
-80
-449
-852
-1089
-1259
-1338
-1225
-914
-413
51
201
56
-281
-531
-419
109
776
1472
1825
1675
1261
839
492
341
489
768
1267
1672
1980
2043
1769
1329
923
670
605
468
211
-235
-886
-1569
-2078
-2292
-2365
-2143
-1831
-1578
-1365
-1061
-674
-249
124
299
252
-7
-153
30
564
1115
1395
1355
1082
692
529
629
843
1122
1280
1286
1008
669
351
230
198
129
148
169
224
322
295
109
-87
-317
-353
-121
102
162
29
-224
-453
-530
-340
68
530
763
781
797
921
1140
1204
1244
1093
755
444
11
-386
-831
-1192
-1285
-1187
-1132
-1063
-1032
-1056
-1137
-1076
-994
-819
-631
-478
-362
-302
-214
-178
-307
-611
-913
-1131
-1211
-1017
-569
-40
463
832
802
545
269
68
94
199
386
490
445
266
111
-255
-718
-1043
-1181
-1163
-919
-506
-82
243
540
661
564
395
91
-56
-70
-43
-126
-198
-216
-404
-495
-561
-639
-658
-662
-567
-373
-95
242
598
744
814
802
731
760
1098
1464
1770
1898
1841
1732
1640
1620
1479
1313
1143
914
670
323
9
-224
-266
-252
-323
-357
-590
-795
-880
-808
-551
-236
-19
64
59
-12
-42
-37
60
249
305
73
-202
-471
-553
-551
-407
-123
92
203
87
-92
-362
-667
-883
-1068
-1122
-1143
-1112
-1058
-1110
-1213
-1332
-1344
-1185
-911
-565
-247
-46
-53
-146
-205
-145
-59
-43
91
248
602
902
992
1021
875
617
591
769
1049
1281
1472
1453
1240
1156
1072
1031
895
611
191
-359
-691
-894
-829
-626
-400
-196
-130
-81
-204
-353
-436
-381
-164
58
271
339
182
-164
-512
-808
-965
-1044
-1056
-1015
-873
-770
-776
-718
-791
-848
-768
-579
-417
-228
-118
-182
-247
-299
-269
-167
103
380
516
574
526
367
290
263
171
149
191
337
575
897
1161
1304
1281
1035
841
746
648
707
710
521
342
59
-153
-194
-56
267
383
347
217
65
52
206
394
521
571
500
462
285
-58
-312
-424
-436
-385
-409
-537
-622
-639
-561
-483
-403
-356
-429
-513
-376
-259
8
317
418
322
3
-401
-706
-681
-524
-154
191
272
326
453
543
600
659
629
557
514
500
589
651
671
579
425
87
-335
-672
-1013
-1094
-1010
-782
-545
-312
-224
-209
-350
-502
-604
-663
-672
-613
-402
-365
-252
-142
-123
-228
-284
-183
38
177
120
1
-160
-200
-228
-184
-88
-14
73
89
38
-141
-292
-568
-657
-612
-609
-542
-458
-257
-99
62
284
542
678
698
776
781
696
637
354
28
-208
-315
-313
-74
225
477
504
438
303
189
115
79
122
154
156
97
198
339
429
416
323
143
20
-73
-127
-54
5
131
303
392
467
471
543
504
403
194
-72
-346
-443
-477
-389
-262
-143
-133
-324
-383
-467
-467
-457
-317
-174
-85
-10
-27
-111
-218
-317
-360
-312
-77
177
354
472
298
63
-41
47
256
487
688
697
606
478
491
436
277
78
-191
-344
-407
-424
-372
-322
-243
-164
-65
-19
20
-12
-9
-68
-157
-138
-271
-323
-372
-394
-366
-65
247
491
608
414
151
-73
-96
62
201
287
254
76
-92
-157
35
252
510
663
551
274
-7
-218
-333
-174
-56
-33
-89
-255
-391
-429
-350
-114
-6
43
133
160
251
193
98
-53
-89
-159
-264
-202
-185
-118
-57
16
-4
-111
-197
-300
-371
-382
-227
-56
104
134
-126
-416
-528
-472
-178
96
187
164
-13
-183
-324
-341
-353
-430
-504
-453
-234
29
255
316
284
192
152
194
301
223
104
37
-19
22
154
244
259
269
211
247
284
370
462
477
381
128
-111
-256
-328
-313
-250
-135
-3
12
-41
-197
-214
-114
46
258
330
237
77
116
280
501
617
519
315
107
17
82
106
117
192
193
163
108
32
-10
-135
-197
-212
-55
34
73
155
61
-4
-157
-272
-285
-251
-258
-279
-367
-374
-386
-368
-292
-331
-307
-282
-303
-352
-374
-435
-496
-542
-491
-412
-263
-24
104
275
281
231
10
-216
-315
-352
-194
-2
192
282
247
234
270
298
353
297
278
212
218
378
440
512
478
297
167
167
204
232
138
32
-42
-107
-66
35
239
392
536
522
375
126
-129
-369
-462
-444
-384
-437
-521
-485
-363
-36
187
231
85
-125
-269
-234
-219
-206
-281
-219
-135
-40
-31
63
229
424
606
680
694
576
497
445
391
342
270
164
167
144
198
225
221
82
-142
-213
-215
-216
-330
-411
-424
-325
-265
-259
-402
-506
-482
-318
-125
-17
-67
-153
-346
-468
-491
-443
-337
-260
-166
-88
164
228
346
292
113
4
-21
-37
-124
-25
-2
53
197
184
231
255
235
302
309
207
19
-78
0
155
339
404
373
254
216
213
164
89
-79
-78
-104
41
42
-11
-33
-96
-132
-131
54
177
397
470
414
283
99
-67
-189
-216
-128
-109
-113
-57
-43
-16
37
78
200
318
311
165
-27
-144
-218
-231
-270
-275
-285
-232
-50
104
178
77
-64
-398
-730
-1020
-1157
-953
-777
-585
-547
-523
-514
-509
-425
-301
-28
248
405
441
390
247
27
6
11
1
-5
-54
59
226
328
413
310
106
-89
-218
-142
-129
-215
-370
-470
-398
-255
-147
-131
-199
-272
-157
145
481
784
941
860
596
315
127
205
359
447
462
364
115
-16
36
88
195
193
146
121
72
39
44
86
95
286
326
405
461
307
102
-61
-56
-101
-255
-381
-487
-532
-517
-403
-209
-18
249
417
377
469
506
561
529
328
142
-101
-199
-198
-150
-51
45
211
241
207
113
69
91
61
31
-121
-145
-103
14
33
-62
-142
-135
-145
-192
-162
-158
-210
-99
-19
-162
-199
-141
0
213
386
232
20
-216
-332
-258
-209
-142
-172
-269
-296
-310
-374
-325
-185
-78
-11
3
-64
-113
-133
-99
-12
-3
170
273
245
197
80
-59
-181
-286
-399
-530
-516
-432
-232
84
224
194
117
95
114
198
216
95
-45
-206
-279
-254
-100
42
54
71
-64
-98
64
276
413
329
81
-257
-504
-495
-350
6
304
455
537
529
438
232
58
-35
32
71
-29
-210
-379
-395
-166
154
345
493
500
368
273
106
-7
-3
125
192
133
164
96
137
335
261
185
35
-129
-93
16
249
292
246
153
18
-15
19
38
-44
-279
-498
-609
-465
-266
-85
-30
-70
-54
84
159
-27
-297
-507
-499
-395
-247
-126
-216
-188
-203
-329
-428
-446
-345
-63
176
236
222
111
7
-80
-41
8
-39
-153
-339
-502
-500
-324
-87
61
164
229
292
301
318
430
473
427
363
358
200
88
-16
72
134
170
290
321
465
479
409
366
316
284
235
110
-63
-212
-315
-313
-142
151
222
252
174
-78
-317
-465
-346
-205
16
216
217
82
-144
-333
-358
-154
-59
72
29
-47
-140
-151
-126
-140
-92
-142
-230
-274
-223
-256
-239
-189
-27
83
163
157
55
-48
-219
-275
-255
-202
-196
-173
-174
-123
-6
168
282
236
198
129
185
323
416
507
529
582
536
338
211
36
-72
-84
-149
-246
-302
-348
-305
-208
-184
-242
-185
-147
-141
-123
18
241
348
419
234
-113
-365
-535
-562
-430
-448
-383
-355
-480
-486
-428
-252
21
373
625
663
529
320
37
-170
-122
-45
96
306
429
459
348
204
84
18
-22
-76
-151
-94
41
164
146
51
8
56
218
445
548
460
190
-30
-65
-30
33
130
140
158
241
179
158
-3
-96
-137
-189
-111
-47
65
294
512
678
670
643
524
164
22
-31
3
17
-130
-311
-401
-401
-477
-494
-505
-542
-660
-813
-902
-939
-796
-506
-245
-126
-77
-174
-199
-192
-70
80
22
-78
-193
-121
19
186
340
211
-46
-190
-242
-107
111
287
334
320
317
255
239
170
231
268
262
256
285
349
288
222
143
4
-82
-66
-74
-85
-200
-446
-505
-407
-191
112
295
278
138
50
84
147
145
161
209
247
70
-143
-334
-442
-418
-293
-146
-147
-152
-104
-60
-62
-80
-74
49
165
399
500
364
151
61
28
-30
27
67
-7
9
45
13
18
-23
-100
-158
-217
-395
-576
-489
-317
-93
162
224
322
437
680
766
635
401
72
-79
-100
-3
123
60
-159
-205
-90
108
217
166
-4
-209
-261
-331
-332
-271
-256
-260
-257
-188
-12
153
136
106
68
63
62
53
-25
-133
-66
42
159
209
184
-7
-211
-309
-290
-292
-228
-259
-283
-205
-109
50
181
279
310
327
236
85
-90
-175
-91
-11
25
26
-10
-15
-59
48
148
215
332
320
159
69
111
159
220
320
356
333
213
150
-62
-306
-411
-317
-180
-178
-79
10
-38
-113
-104
-152
-86
-85
-148
-406
-600
-669
-680
-450
-150
158
409
561
579
495
404
382
344
124
-8
-199
-429
-458
-453
-288
-68
-32
-53
-159
-275
-213
-29
205
360
386
343
268
242
159
125
139
116
91
119
161
176
208
116
-101
-221
-254
-224
-88
-31
-64
-61
-10
43
41
27
56
92
245
454
656
584
395
185
70
1
-72
-53
-96
-167
-256
-299
-316
-322
-339
-285
-197
16
59
98
81
-195
-412
-495
-480
-348
-179
-293
-419
-483
-460
-347
-182
30
153
131
