998
1020
881
685
365
137
57
12
40
133
154
187
256
495
712
708
491
390
239
147
338
503
667
649
543
376
226
217
247
506
611
607
499
192
-134
-459
-551
-583
-285
-111
-80
-91
-186
-233
-251
-351
-656
-1011
-1140
-952
-620
-339
-317
-398
-368
-477
-552
-622
-654
-624
-474
-463
-561
-609
-558
-354
-278
-299
-290
-292
-225
-50
18
-75
-57
33
208
307
185
-37
-203
-282
-156
12
-45
-134
-167
-65
193
391
340
223
76
151
528
765
979
962
612
267
80
-143
-183
-25
88
274
290
198
20
-34
-50
-126
-223
-358
-428
-480
-541
-641
-510
-288
-61
6
92
70
-138
-167
-3
205
523
663
640
626
614
662
849
907
910
793
612
445
363
240
189
355
309
281
124
-163
-189
31
164
281
258
163
36
-23
53
175
154
118
-64
-182
-150
-34
77
36
-92
-451
-595
-704
-794
-793
-684
-500
-362
-169
-232
-497
-709
-748
-653
-392
-140
28
116
-80
-410
-523
-570
-562
-501
-567
-707
-890
-952
-1095
-1114
-931
-582
-175
240
492
539
583
537
577
603
531
504
339
214
146
116
181
306
303
243
281
192
101
-101
-249
-246
-65
-26
-21
241
398
519
585
613
464
334
310
212
238
428
543
729
715
634
464
106
-134
-252
-182
15
239
160
-128
-437
-580
-671
-526
-158
215
546
663
693
530
370
233
40
-126
-293
-352
-306
-160
44
136
79
-129
-345
-456
-363
-87
128
181
-35
-158
-247
-144
173
364
353
262
145
377
739
933
927
370
-191
-595
-443
-169
-3
-170
-576
-925
-1250
-1119
-505
-9
301
29
-549
-781
-680
-200
100
65
-336
-605
-630
-317
72
477
592
465
262
-98
-399
-539
-596
-469
-414
-464
-479
-278
-21
370
525
228
-172
-552
-431
-94
128
55
-92
-49
263
846
1278
1107
627
183
24
187
387
345
157
-121
30
467
977
1254
1052
467
179
330
722
1041
707
8
-593
-502
-54
380
381
-117
-729
-944
-513
235
503
47
-535
-785
-394
360
774
370
-558
-1113
-876
-196
258
7
-464
-628
-264
324
831
601
14
-375
-467
-159
126
271
156
-96
-292
-52
245
340
189
-143
-94
150
469
411
-84
-606
-827
-675
-79
488
458
-186
-1094
-1572
-1177
-374
102
-106
-658
-967
-810
-367
-186
-534
-1026
-1140
-704
146
874
1221
1133
669
250
135
460
917
959
550
-6
-377
-196
339
735
596
5
-485
-694
-236
143
85
-246
-556
-518
-70
334
99
-472
-1157
-1158
-586
50
368
98
-230
-450
-159
185
248
-5
-387
-308
258
705
608
104
-465
-358
179
873
1171
938
529
532
758
784
554
410
328
330
341
281
451
668
806
837
502
196
121
223
362
378
234
-31
344
852
1257
1062
255
-462
-684
-194
347
265
-78
-286
136
843
1112
520
-351
-817
-485
306
726
435
-512
-1050
-781
93
861
699
-68
-991
-1152
-767
10
772
452
-338
-988
-1075
-699
-109
-332
-1142
-1782
-1636
-1014
-500
-407
-1131
-2024
-2212
-1525
-836
-655
-1043
-1398
-1148
-462
-267
-710
-1048
-978
-579
-25
267
204
-153
-531
-832
-825
-653
-206
129
516
659
370
79
-131
19
336
679
720
474
202
464
1105
1426
1349
1037
608
679
980
1369
1405
1001
663
640
1212
1382
1001
340
-281
-255
590
1534
1821
1408
449
-84
108
944
1398
1181
670
109
3
68
386
229
-105
-330
-226
126
303
538
463
120
-85
324
515
753
1128
888
646
-232
-734
-639
6
712
701
119
-810
-1102
-885
214
778
83
-939
-1839
-1142
416
1196
580
-1089
-2406
-2238
-996
74
428
-427
-1480
-1524
-663
618
877
114
-814
-1310
-454
959
1335
343
-1649
-2859
-2233
7
1653
1124
-1355
-3150
-1871
436
1784
757
-1512
-2918
-2019
393
2116
1891
-221
-2548
-3236
-1512
723
1335
-548
-2634
-2956
-1306
1530
2877
1669
-963
-2471
-1484
783
2253
1739
-479
-2391
-2417
-631
1443
2240
1427
-88
-751
-150
1196
1786
916
-739
-1474
-429
1747
2950
2327
297
-1502
-1533
161
1891
2086
413
-1639
-2251
-829
1309
2269
1670
11
-911
-275
1555
2829
2579
1020
-649
-949
158
1932
2703
1969
420
-669
-289
1038
2225
1928
468
-972
-1079
287
1970
2497
1532
-54
-792
-60
1090
1782
1282
313
83
752
1662
1509
630
-627
-1207
-481
1196
2570
2448
976
-745
-1776
-1482
10
1019
558
-1031
-2207
-1553
-191
815
-189
-2374
-3237
-2584
-342
1263
1104
-861
-2741
-3242
-2317
-188
174
-1710
-3785
-3673
-1700
598
1382
-1054
-4265
-5645
-4191
-985
1216
1070
-640
-2192
-2287
-645
680
397
-1007
-2135
-891
1544
2803
1579
-750
-2396
-2349
-750
815
1228
675
105
235
832
1026
597
-25
-284
59
465
683
180
-70
27
788
1962
2206
1824
1273
1352
1688
2119
1768
1022
398
425
1026
1341
951
-579
-2510
-4301
-5531
-6277
-6789
-7197
-7551
-7166
-5607
-3196
-707
877
1370
1212
1462
2507
3721
4449
4306
4108
4655
6167
8288
9586
9702
8462
6967
6054
5515
5022
3810
2313
1367
1546
2507
3383
3701
3248
2279
1296
-14
-1196
-2556
-3777
-4571
-5016
-5019
-5087
-4449
-3200
-1621
-621
-861
-1734
-2626
-2617
-1872
-1044
-743
-1004
-1114
-323
862
1757
1114
-642
-1824
-1545
-645
-728
-1758
-2946
-2774
-789
849
592
-962
-2643
-3362
-2967
-2095
-2143
-3206
-4103
-3530
-1721
-153
-96
-1565
-3128
-3997
-3316
-2453
-2371
-2237
-2169
-2172
-2291
-2270
-1638
-718
-374
-962
-2243
-2834
-1727
552
2650
2318
-294
-2865
-3342
-1221
1456
3039
1963
-800
-3019
-2830
-91
3206
4931
3322
89
-2038
-1595
753
2887
3123
1631
16
-388
1179
3631
5190
5159
3676
2190
1753
2161
1896
-383
-4617
-9138
-11764
-11694
-10124
-8449
-7305
-6047
-3890
-995
1502
2376
1724
469
-97
671
2155
3955
5702
7735
10239
12618
14250
14309
12971
10946
8995
7429
5873
4289
3061
2425
2665
3257
3619
3276
2245
726
-1111
-2915
-4797
-6419
-7547
-7910
-7455
-6498
-5029
-3393
-1900
-976
-1046
-1920
-3274
-4250
-4816
-5194
-5300
-4950
-3596
-1277
1201
3118
3686
3094
1905
637
-499
-1787
-2687
-2962
-2173
-825
494
1045
358
-813
-2019
-2811
-3486
-4589
-5619
-5784
-4629
-2689
-780
-23
-789
-1908
-2449
-1754
-963
-1463
-2866
-4399
-4624
-2920
-380
1312
924
-792
-2460
-2707
-1891
-1308
-1841
-3288
-4000
-3121
-557
2054
2838
1607
272
-366
-75
1060
1249
257
-1249
-1496
145
1960
2507
1559
-63
-688
37
1146
1913
1960
1492
950
614
357
597
1367
2657
3877
4652
4858
4763
4722
4202
2192
-2038
-7751
-13015
-15494
-14681
-12166
-9996
-8965
-7718
-4919
-849
2729
3784
2167
-358
-1744
-1061
1118
3689
5875
8244
11197
14333
16812
17435
16174
13661
10898
8388
5901
3784
2309
1932
2540
3266
3694
3311
2532
1400
-369
-2906
-6352
-9466
-11478
-11640
-10454
-8571
-6163
-3751
-1081
1218
2475
2074
185
-1890
-3562
-4294
-4252
-3779
-2339
-242
2498
4858
5633
4874
2865
739
-1195
-2784
-4054
-4885
-4627
-3531
-2043
-901
-479
-438
-896
-1965
-3631
-5527
-6770
-6668
-5409
-4149
-2928
-1683
-134
1941
3492
3447
1501
-1509
-3552
-4308
-3503
-2346
-1653
-1464
-1612
-1354
-1610
-2275
-2942
-3786
-4217
-4414
-4129
-3444
-2448
-1161
-242
590
654
401
233
-14
-1095
-2389
-3057
-2517
-858
988
1769
1003
215
606
1921
2846
2437
825
-794
-1285
-374
809
1758
2096
2207
2542
3337
4533
5561
5375
2882
-2498
-9458
-15496
-18056
-16901
-14146
-11796
-10317
-7958
-3626
1849
5799
6142
3567
271
-1182
-204
2073
4690
7004
9794
13257
16732
19222
19571
18301
15893
13014
9904
6168
2858
706
357
1239
2079
2271
1738
1270
647
-833
-3724
-7859
-11826
-14145
-14227
-12640
-10342
-7497
-4207
-350
3227
5446
5858
4614
2798
917
-679
-1837
-2350
-1492
526
2810
4274
4446
3915
2761
930
-1906
-5481
-8299
-9525
-8656
-6590
-4658
-3275
-2620
-2079
-1915
-2483
-4040
-6108
-7311
-7367
-6077
-4370
-2609
-491
1474
3379
4171
3541
1926
244
-886
-1931
-2527
-3079
-3009
-2271
-1018
121
-61
-1416
-3336
-4668
-4779
-4184
-3949
-4556
-5496
-5191
-2784
803
3522
3442
940
-1985
-3032
-1889
-73
719
56
-668
-171
1860
4328
5251
3994
1513
-508
-836
19
905
1021
579
382
1082
2656
4419
5650
5206
2418
-3191
-10588
-17040
-20254
-19420
-16778
-14387
-12470
-9388
-3700
2994
7923
8607
5706
2185
209
965
2992
5377
7733
10318
13972
17613
20447
21309
20150
17688
14096
10035
5417
1264
-1300
-2115
-1549
-1224
-1187
-1102
-494
273
-600
-3663
-8536
-13044
-15465
-15728
-14132
-11686
-8142
-3407
1972
7121
10360
11643
11171
9661
7638
4702
1812
-147
-168
1491
3243
4006
3191
1996
809
-717
-3212
-7137
-10797
-13281
-13557
-12173
-10250
-8061
-6112
-3962
-2202
-1244
-1378
-2349
-3192
-3757
-3872
-3605
-3045
-1352
1293
4272
6146
6402
5617
4150
2424
206
-2105
-4107
-4769
-4167
-3118
-2205
-1880
-1616
-1432
-1616
-2799
-5083
-7269
-8407
-7712
-5764
-3421
-1403
-116
897
1824
2691
3064
2649
1700
771
447
561
1017
1973
3229
4096
4384
4003
2912
1651
691
54
-470
-880
-943
-353
873
2489
4079
4494
2562
-2610
-10268
-17491
-21640
-21370
-18656
-16056
-13880
-10733
-4526
3197
9464
11551
9381
6211
3989
4200
5661
7150
9047
11265
14588
18018
20622
21803
21124
19303
15924
11251
5673
-35
-4026
-6099
-6619
-6877
-7149
-6424
-4487
-1812
-820
-2609
-6399
-10568
-13042
-13943
-13546
-11935
-8630
-3124
3359
9415
13688
16030
16847
16028
13619
9437
4576
736
-1057
-930
-376
-331
-1129
-1924
-2481
-3431
-5507
-8951
-12518
-15139
-16178
-15845
-14522
-12245
-9154
-5580
-2411
-39
1499
2365
2877
2705
1903
869
371
1276
3232
5334
6612
7000
6977
6593
5464
3017
-505
-4153
-6844
-8078
-8144
-7488
-6288
-4726
-3457
-2944
-3271
-4256
-4975
-5053
-4670
-3922
-2911
-1555
470
2883
5256
6908
7480
7240
6233
4937
3411
2003
1073
747
847
1004
1115
1119
1090
829
78
-1020
-1977
-2291
-1878
-1117
-249
672
1930
2922
2124
-1587
-8638
-16358
-21702
-22808
-20471
-17628
-14932
-11469
-5435
2662
9669
13207
12542
10213
8533
8212
8968
9481
10233
11786
14317
17290
19643
21123
21463
20690
18245
13579
7258
376
-5151
-8665
-10871
-12407
-13395
-12469
-9203
-4730
-1420
-981
-2608
-4940
-6503
-7405
-8028
-7850
-6068
-1948
3539
8933
13144
15960
17954
18547
17087
13311
7973
2797
-1048
-3357
-5114
-6779
-8057
-8268
-7539
-7038
-7817
-10209
-13152
-15463
-16698
-16920
-16228
-14291
-10899
-6404
-1845
1972
5042
7406
8944
9432
8525
6657
4722
3511
3216
3187
3154
3326
3820
4479
4497
3202
604
-2526
-5366
-7572
-8986
-9581
-9070
-7346
-5143
-3140
-1812
-1088
-594
-361
-655
-1305
-1910
-1834
-537
1502
3576
5208
6254
6947
7195
6767
5578
4036
2703
1548
584
-195
-855
-1181
-1018
-789
-703
-904
-1312
-1517
-1377
-1028
-466
315
1406
1689
-59
-4804
-12336
-19426
-23453
-23453
-20883
-18172
-15142
-10336
-2649
6171
12831
15329
14339
12855
12469
13177
13595
13044
12371
12656
14273
16476
18711
20330
21040
20317
17059
11142
3625
-3941
-9908
-14047
-17087
-19003
-18866
-15606
-9977
-4162
-533
733
1192
1988
3219
3513
2502
1269
1496
3829
7274
10884
13996
16722
18780
19062
17078
12568
6747
997
-4098
-8563
-12514
-15443
-16657
-15890
-14160
-12720
-12205
-12443
-12208
-11223
-10098
-9182
-8455
-7059
-4578
-1190
2403
5780
8911
11315
12778
12482
10252
6986
3332
114
-2542
-4376
-5151
-4821
-3602
-2319
-1346
-1085
-1538
-2274
-3305
-4744
-6176
-7094
-7161
-6324
-5007
-3812
-2350
-694
1082
2660
3320
3123
2596
2220
2022
2051
2172
2668
3488
4262
4602
4303
3548
2544
1324
10
-1384
-2471
-2911
-2806
-2196
-1601
-1023
-494
63
660
1308
2001
2826
2922
753
-4486
-12675
-20634
-24872
-24277
-20538
-16987
-14258
-10555
-3839
4999
13053
17854
19205
19281
18959
18120
16191
13356
11022
10207
10944
12302
13803
15149
15978
15453
12439
6850
20
-6276
-11049
-14700
-18320
-21492
-22402
-19383
-12850
-5054
1533
6295
10077
13066
14850
14617
12510
9969
8265
7537
7184
7111
7642
9130
10779
11020
9305
5906
1814
-2384
-6781
-11536
-16226
-19819
-21456
-20702
-18129
-14639
-10592
-6430
-2716
3
1488
2110
2753
3514
3843
3651
3189
3463
4949
6898
7917
7368
5478
2990
336
-2881
-6225
-8935
-10419
-10711
-9935
-8431
-6055
-2806
323
2440
2938
2094
775
-530
-1777
-2942
-3792
-3856
-2824
-1133
610
1974
3200
4516
5417
5311
4037
2273
960
532
614
586
312
298
832
1360
1638
1216
516
-70
-545
-783
-769
-489
26
539
849
1258
1940
2898
4066
4267
1564
-4651
-13782
-21962
-25422
-24196
-20943
-19090
-18229
-15038
-7093
4001
14216
20691
22852
22721
21559
19622
17417
15022
12780
10451
7579
4999
4266
6167
9406
11319
9768
4660
-1461
-6345
-9513
-12261
-16251
-20711
-23211
-21387
-15389
-7198
966
7885
13571
17566
19772
20479
19875
18274
15171
10396
4865
755
-544
335
1551
1227
-429
-2174
-3283
-4049
-5684
-8891
-13289
-17627
-20452
-21007
-19104
-15457
-10760
-5657
-786
3688
7653
10723
12340
11922
9464
6270
3472
1655
485
-761
-1975
-2486
-2152
-1516
-1333
-2112
-3453
-4718
-5781
-6627
-6997
-6479
-4861
-2470
-29
2082
3877
5201
5649
4821
2908
402
-1775
-3361
-4521
-5198
-5223
-3953
-1294
1790
4130
5332
5303
4733
3978
2918
1502
-44
-1356
-2290
-2674
-2601
-2020
-1001
35
819
1299
1557
1762
1884
1767
1453
1371
1451
1912
2535
3209
2387
-1595
-8727
-17913
-24136
-25258
-23202
-21209
-21643
-21283
-15924
-4755
7942
17259
21571
22346
23045
24096
24217
22338
17982
12614
7642
4081
2715
3278
4728
5156
3947
1449
-1000
-1944
-2766
-5276
-10476
-16913
-20892
-20058
-15116
-9385
-4751
-648
4589
11812
18712
23044
23801
21605
18203
14492
10801
6853
2867
-1040
-4658
-7125
-8114
-7374
-5830
-5209
-6158
-8270
-10002
-10798
-11113
-12106
-14307
-15926
-15240
-11389
-5300
763
5508
8920
11799
14043
14826
13212
8984
3527
-1464
-4946
-6519
-6871
-7027
-7203
-6912
-5614
-3076
-146
1251
601
-1497
-3367
-3423
-1982
-449
-33
-402
-418
1082
3698
5591
5403
2992
-256
-2700
-3704
-3821
-3879
-4061
-4010
-2735
94
3690
6607
7518
6278
3963
1933
781
16
-1230
-3145
-4832
-5006
-3399
-846
1253
2198
2275
2327
2747
3316
3464
3031
2346
1872
1988
2746
2442
-1180
-8201
-17398
-23763
-24819
-23079
-21753
-22840
-22937
-17619
-6492
5913
14658
18850
20360
22356
24784
25624
23769
18974
13055
7802
4225
2627
2245
2118
1163
-443
-1777
-2042
-1144
-1126
-3744
-9113
-14837
-17523
-16319
-12940
-10415
-8734
-5445
1071
10257
18382
22880
23804
22803
21370
19545
16645
11868
5772
-581
-6031
-9256
-10407
-10331
-10197
-10716
-11099
-10302
-8124
-5954
-5486
-7365
-10316
-11599
-10110
-6753
-3574
-1693
73
3298
8306
13175
15567
14589
10556
5714
1175
-2488
-5153
-8204
-11271
-13530
-13294
-9876
-4500
191
2221
2458
2214
3284
4923
4926
2754
-914
-3521
-3455
-1267
840
1344
538
-452
-262
569
1020
121
-2094
-4228
-4891
-3375
-522
2114
3443
3659
3950
5025
6186
5949
3438
-498
-4034
-5641
-5501
-4777
-4221
-3915
-2886
-693
2052
4307
5359
5127
4260
3626
3292
3310
3277
3027
1677
-2535
-9285
-17180
-22426
-23264
-22322
-22155
-23462
-22643
-16396
-5764
4829
11822
15715
18561
22140
25262
25756
23332
18615
13427
9037
5738
3558
1968
599
-1032
-2441
-2840
-2082
-798
-952
-3628
-7951
-11498
-12425
-11557
-10930
-11474
-11177
-7385
-213
8119
14491
18146
20287
21950
23117
22618
19753
14472
7912
1439
-3947
-7545
-9968
-11986
-13908
-15079
-14346
-11459
-7734
-5225
-4969
-6064
-6553
-5307
-3321
-2354
-2907
-3667
-2476
978
5152
7897
8397
7612
6508
5633
4613
2678
-380
-4160
-7500
-9200
-8675
-6804
-4916
-3764
-3130
-1697
716
3208
4147
2889
497
-1264
-1475
-819
-619
-1430
-2276
-1977
-376
1566
2618
2269
1109
-3
-415
-68
401
363
-140
-487
142
1729
3214
3544
2492
893
-231
-664
-1125
-2091
-3383
-4095
-3589
-2069
-342
967
1852
2559
3247
3729
3887
3735
3405
3189
3155
3040
888
-4267
-11741
-18878
-21945
-21858
-21471
-22698
-23921
-20924
-12690
-2019
6671
12252
16117
19932
23910
25969
25377
22206
17311
12206
7651
4297
1953
103
-1842
-3727
-4322
-3236
-950
519
-523
-3480
-6426
-7427
-7148
-7622
-9662
-11685
-10721
-6184
231
6158
10476
13958
17146
20158
22085
21958
19271
14166
7976
2015
-2697
-6412
-10018
-13635
-16387
-16855
-14556
-10665
-7259
-5385
-4419
-3149
-903
1202
1672
318
-1711
-2654
-2005
-496
857
1355
1431
1709
2627
3849
4332
3307
886
-1691
-3209
-3385
-3154
-3519
-4197
-4458
-3326
-1060
982
1831
1369
496
23
7
-372
-1591
-3264
-4536
-4583
-3432
-1761
-384
393
929
1730
3043
4280
4483
3326
1564
226
-161
-75
-351
-1206
-2128
-2411
-1927
-1234
-880
-1119
-1628
-1780
-1329
-357
413
663
781
988
1706
2578
3086
3005
2480
2193
2526
3350
3622
1367
-3959
-10980
-16812
-19084
-19310
-20147
-22391
-23591
-20360
-12623
-3367
4153
9639
14318
19087
23428
25738
25545
22875
18436
13485
9031
5709
2975
218
-2689
-4747
-4706
-2732
-94
1165
463
-1025
-1908
-1844
-2314
-4443
-7692
-10064
-9919
-7581
-4111
-604
2893
6677
10737
14933
18261
19647
18397
14840
10436
6207
2284
-2041
-7120
-11944
-15056
-15486
-13697
-11076
-8711
-6723
-4408
-1621
1078
2488
2006
320
-1603
-2901
-3486
-3723
-3988
-4100
-3709
-2297
63
2406
3791
3926
3347
2915
2617
1827
152
-1998
-3665
-4234
-3778
-2953
-2278
-1792
-1279
-501
224
476
-51
-1139
-2248
-2929
-3008
-2834
-2565
-2185
-1365
132
2050
3715
4597
4593
4216
3826
3222
2197
652
-1004
-2376
-3030
-3125
-2828
-2470
-2117
-1652
-994
-15
1034
1711
1834
1684
1602
1753
1902
1740
1218
770
503
751
1239
1896
2391
2005
-141
-4570
-9740
-14141
-16590
-18124
-20215
-22128
-22341
-18869
-12614
-5629
846
6654
12552
17914
22214
24552
24654
22879
19330
15180
11078
7445
4122
778
-1992
-3428
-2878
-1109
694
1799
2078
2296
2398
1924
322
-2393
-5317
-7688
-8947
-9157
-8310
-6476
-3894
-466
3620
8133
12121
14497
15003
14035
12357
9950
6508
2011
-2808
-6776
-9313
-10391
-10493
-9841
-8514
-6528
-4038
-1443
763
1938
1934
1011
-252
-1483
-2630
-3823
-5015
-5539
-5136
-3854
-2206
-695
656
1972
3130
3826
3794
2972
1819
467
-867
-2003
-2941
-3548
-3862
-3673
-3050
-2147
-1259
-840
-751
-840
-1000
-1255
-1770
-2458
-3052
-3244
-2828
-1969
-864
321
1490
2516
3326
3713
3659
3102
2085
837
-485
-1651
-2688
-3468
-3840
-3681
-3001
-2053
-1084
-233
499
1182
1743
2122
2011
1476
722
51
-340
-571
-629
-438
312
1193
1455
711
-1453
-4670
-8316
-12002
-14904
-17135
-18716
-19221
-18159
-14737
-9597
-3639
2205
7869
13294
17921
21322
22773
22485
20482
17150
13162
8996
5159
1771
-680
-1854
-1525
144
2297
4576
6556
8105
9022
8918
7584
5040
1759
-1828
-5137
-7779
-9639
-10386
-9949
-8202
-5272
-1729
1904
5108
7530
8989
9522
9010
7448
4949
1829
-1356
-4093
-6106
-7165
-7270
-6641
-5322
-3452
-1231
794
2196
2692
2414
1569
209
-1463
-3282
-4926
-6204
-6965
-7072
-6435
-5171
-3555
-1842
-313
1031
2033
2447
2325
1723
694
-580
-1859
-2962
-3703
-3968
-3850
-3429
-2727
-1912
-1034
-276
269
470
284
-158
-871
-1624
-2282
-2766
-2968
-2931
-2664
-2144
-1445
-667
36
604
868
823
517
86
-319
-776
-1219
-1631
-1845
-1667
-1211
-603
46
655
1169
1473
1599
1560
1377
1048
531
24
-393
-564
-347
269
1111
1773
2144
2278
2258
2000
1247
2
-1437
-2724
-3649
-4188
-4411
-4068
-3275
-2190
-906
629
2340
3919
5084
5738
6067
6134
5840
5161
4312
3425
2905
2697
2832
3319
4016
4891
5746
6529
7221
7669
7529
6853
5798
4527
3210
1819
480
-660
-1590
-2338
-2808
-2941
-2786
-2428
-1947
-1460
-1058
-779
-696
-739
-871
-1052
-1314
-1596
-1920
-2100
-2196
-2155
-1993
-1871
-1662
-1546
-1589
-1709
-1826
-1987
-2181
-2429
-2783
-3036
-3250
-3373
-3438
-3498
-3441
-3315
-3032
-2749
-2588
-2446
-2415
-2336
-2242
-2210
-2121
-2155
-2154
-2110
-2014
-1701
-1178
-570
52
569
939
1217
1330
1388
1258
993
698
391
47
-221
-502
-647
-627
-464
-220
116
477
797
1108
1316
1478
1525
1563
1485
1383
1311
1266
1256
1241
1212
1069
927
830
820
754
599
435
292
297
355
457
599
763
880
905
924
962
996
994
966
953
1002
1113
1125
1110
924
703
535
366
153
-254
-662
-1133
-1407
-1524
-1595
-1539
-1530
-1457
-1380
-1186
-958
-776
-549
-330
-110
44
159
131
108
43
31
216
436
622
695
712
765
926
948
913
868
805
728
681
679
571
453
319
322
486
842
1149
1287
1322
1260
1294
1405
1403
1444
1363
1099
917
773
775
758
712
585
341
133
53
-24
-146
-363
-634
-833
-962
-1021
-1108
-1253
-1447
-1544
-1559
-1622
-1613
-1512
-1267
-909
-556
-210
-16
43
142
124
58
-151
-439
-659
-914
-1144
-1381
-1553
-1728
-1826
-1807
-1644
-1350
-1049
-857
-784
-712
-659
-567
-373
-286
-332
-366
-383
-207
22
147
227
280
275
343
353
317
163
-66
-154
-272
-218
-259
-321
-356
-241
-29
154
265
239
262
329
503
782
1030
1110
1088
997
929
885
818
699
468
288
147
82
-9
-135
-154
-104
76
263
369
417
447
403
360
320
326
354
340
422
435
363
249
131
-17
-120
-156
-68
-17
-1
-12
-101
-180
-208
-224
-190
-122
-165
-270
-342
-377
-298
-169
12
215
396
618
816
983
1175
1254
1236
1104
985
899
862
793
793
927
1017
997
828
633
366
167
22
-63
-258
-390
-431
-467
-565
-763
-1049
-1161
-1101
-860
-539
-376
-312
-372
-378
-322
-121
-16
-56
-157
-260
-340
-417
-576
-827
-1135
-1374
-1416
-1269
-1007
-627
-408
-323
-331
-349
-254
-244
-323
-353
-315
-328
-253
-154
-24
106
215
265
255
243
137
70
-74
-180
-150
-43
37
43
-38
-103
-139
-147
-104
-92
-46
-45
31
95
86
158
226
302
405
450
464
533
578
570
565
506
422
321
209
168
183
215
277
317
372
294
225
131
21
0
3
-48
-128
-143
-239
-233
-254
-254
-196
-196
-228
-353
-441
-448
-320
-230
-188
-225
-265
-302
-383
-349
-320
-306
-301
-234
-112
95
234
310
283
276
301
311
348
358
340
327
314
305
254
213
350
432
516
498
491
545
529
570
565
557
495
497
432
367
362
368
317
240
149
169
304
436
468
414
411
404
405
322
128
-96
-185
-242
-261
-302
-393
-587
-635
-529
-422
-252
-105
-27
-1
-27
-170
-281
-382
-458
-528
-712
-900
-1026
-1019
-885
-819
-757
-625
-441
-283
-136
-35
51
21
-72
-106
-107
-67
-82
-84
-154
-297
-356
-287
-221
-96
2
39
-10
-135
-225
-261
-267
-184
-39
111
216
117
8
3
136
257
297
315
224
211
241
214
247
234
187
189
154
40
-63
-136
-157
-165
-134
-125
-35
173
297
400
401
309
346
345
330
253
223
229
277
181
37
-8
-52
34
111
140
60
-76
-231
-328
-360
-404
-445
-449
-445
-400
-332
-244
-61
56
65
-24
-105
-99
-36
80
230
368
449
521
586
629
636
566
390
116
-20
8
12
-23
-117
-209
-308
-227
-24
128
251
206
59
-24
-78
-66
-53
-36
-14
41
283
480
628
681
572
471
384
292
262
215
101
-55
-129
-89
-15
30
-64
-227
-235
-245
-192
-67
-8
133
314
488
582
550
424
368
410
396
223
-85
-376
-556
-614
-531
-429
-527
-633
-706
-692
-580
-381
-351
-456
-583
-795
-851
-777
-592
-367
-166
56
213
296
378
489
551
560
473
297
8
-281
-541
-824
-1028
-1092
-1021
-836
-655
-539
-461
-335
-211
-219
-216
-229
-156
-62
-27
46
163
358
549
592
521
418
340
284
243
154
54
-58
-94
-46
-32
-137
-213
-350
-393
-247
-146
14
201
339
384
466
475
509
609
764
969
1097
1067
949
886
840
698
461
102
-224
-371
-338
-187
-76
-77
-210
-293
-293
-209
1
221
315
302
240
163
154
229
292
317
363
446
546
687
714
706
673
547
348
137
-137
-324
-505
-732
-780
-794
-771
-726
-724
-720
-725
-767
-806
-663
-435
-224
-85
-12
22
25
-27
-26
14
23
-8
-150
-165
-101
-47
-56
-105
-172
-237
-217
-212
-154
-115
-64
-12
1
-6
-73
-146
-131
32
256
530
701
842
756
572
343
173
108
106
173
209
191
54
-101
-269
-424
-538
-551
-490
-453
-547
-575
-600
-570
-418
-280
-86
134
268
331
409
447
460
341
260
189
130
172
205
212
128
1
-148
-371
-516
-549
-606
-645
-618
-565
-424
-285
-165
-81
-72
-73
11
190
435
659
815
853
670
530
336
222
219
169
158
-4
-167
-248
-304
-292
-319
-446
-536
-514
-400
-210
-67
63
172
285
395
540
647
793
858
869
821
694
559
379
183
-21
-152
-160
-39
198
272
182
58
-127
-174
-182
-215
-292
-385
-476
-410
-138
127
301
298
131
-50
-178
-279
-310
-258
-268
-229
-93
1
106
106
-1
-115
-249
-223
-171
-82
-57
-43
-15
90
186
194
216
221
159
71
59
5
-102
-154
-39
164
385
385
203
-34
-245
-308
-229
-262
-281
-291
-270
-141
-72
-92
-196
-322
-440
-462
-413
-388
-449
-539
-566
-377
-148
12
108
41
-59
-202
-273
-283
-327
-285
-270
-166
-161
-121
-108
-112
-136
-203
-88
-54
92
232
354
509
624
738
782
775
701
635
476
333
228
107
83
162
442
597
603
492
283
97
-67
-112
-206
-154
-119
-46
-9
0
92
120
322
427
499
539
487
346
184
193
147
97
20
-50
-72
-87
-167
-269
-525
-749
-766
-699
-554
-442
-436
-413
-355
-273
-173
-189
-198
-287
-338
-283
-169
-75
-72
-20
46
95
97
137
111
32
41
39
56
134
230
257
291
193
113
8
-36
-92
-216
-234
-308
-239
-71
102
220
300
314
273
236
163
133
95
95
187
294
347
316
270
223
184
159
165
236
224
179
181
142
107
124
126
13
-262
-500
-591
-491
-364
-175
-9
14
79
62
56
42
-93
-243
-362
-381
-456
-620
-835
-797
-612
-364
-203
-222
-359
-473
-479
-365
-182
-30
63
98
140
150
180
218
348
408
414
347
159
91
24
65
174
268
348
338
266
164
218
194
116
38
25
1
35
59
-14
53
102
203
265
240
111
46
-2
9
26
77
91
171
314
345
382
381
264
135
58
-19
23
54
8
-62
-97
21
57
20
-75
-129
-41
128
240
127
27
-128
-183
-88
81
133
2
-38
-66
-78
12
-15
-70
-112
-138
-99
-91
-111
-242
-339
-333
-209
-44
133
188
96
-46
-380
-599
-662
-608
-363
-203
-28
-28
-70
-99
-126
-124
-141
-178
-154
-158
-112
-41
-13
83
199
198
125
30
-55
-93
-130
-143
-266
-267
-238
-120
59
161
194
94
15
-97
-130
-121
-11
70
125
153
46
-2
-15
98
196
69
-126
-354
-437
-338
-212
-52
126
223
295
418
544
588
597
436
245
123
125
301
480
622
643
496
326
220
171
136
102
159
170
169
220
231
193
123
81
-22
-87
-21
28
-33
-100
-164
-227
-263
-283
-382
-568
-605
-574
-522
-402
-274
-164
-121
-89
-47
47
109
212
335
318
256
153
52
-7
-3
44
98
108
95
139
98
37
44
-38
-151
-223
-312
-339
-302
-270
-125
134
224
223
154
39
-10
-72
-112
-109
-12
103
197
150
86
123
80
59
34
-100
-209
-291
-357
-324
-257
-226
-341
-306
-206
-134
-22
39
-2
-196
-351
-436
-495
-487
-422
-280
-93
52
89
98
58
21
29
93
124
78
41
-6
40
151
200
306
331
209
101
55
126
255
417
436
379
343
283
217
219
262
244
183
144
98
36
1
-23
71
202
306
372
333
248
108
-5
-81
-74
-67
-105
-102
-164
-186
-272
-177
-72
2
24
-156
-320
-477
-570
-611
-508
-389
-308
-215
-195
-129
-229
-253
-280
-200
-22
204
351
390
338
323
222
46
-30
-147
-119
-9
120
121
88
61
71
113
178
248
285
307
238
298
271
264
152
7
-70
-90
36
304
515
597
625
541
481
442
340
208
163
157
124
157
164
130
9
-75
-110
-57
85
33
-41
-165
-290
-325
-254
-172
-200
-313
-448
-540
-519
-414
-367
-393
-481
-630
-682
-603
-488
-329
-275
-338
-288
-145
-33
30
-61
-147
-310
-374
-413
-382
-362
-436
-426
-407
-256
-203
-148
-310
-568
-632
-686
-562
-382
-207
11
77
184
305
306
304
277
275
321
445
534
515
369
317
364
404
414
288
265
235
328
458
472
504
365
176
52
41
187
338
456
545
649
746
864
810
598
242
-42
-170
-144
30
195
346
319
314
283
328
413
472
512
463
412
308
180
24
-75
-126
-36
13
130
180
145
100
99
122
52
-72
-337
-571
-746
-843
-748
-578
-467
-411
-414
-453
-496
-539
-595
-533
-465
-349
-307
-324
-308
-357
-383
-469
-586
-861
-1286
-1814
-1830
-1957
-2714
-2375
-428
2285
3955
4493
3536
330
-3136
-4484
-2588
881
4192
6695
7399
6358
4080
1551
-952
-4374
-8736
-11427
-10192
-5395
738
5989
8390
7134
3385
-648
-2915
-2903
-1198
1203
3275
3836
2647
693
-1094
-2142
-2111
-996
491
1463
1324
243
-1050
-2268
-2877
-2445
-1212
38
708
703
142
-668
-1201
-1202
-618
246
868
1091
896
286
-415
-754
-374
428
995
1320
1516
1479
466
-1426
-3001
-3082
-1720
451
2571
3786
3626
2147
577
-525
-901
-420
568
1506
1660
899
-432
-1579
-2118
-2015
-1364
-734
-741
-1263
-1753
-1969
-1787
-1400
-1450
-2219
-3165
-2934
-1288
1147
3575
5118
5306
3958
1978
222
-1140
-1416
-527
1384
3346
4427
4436
3165
1290
-469
-1143
-861
188
1111
1313
570
-939
-2319
-3232
-3085
-2237
-1232
-539
-281
-597
-1109
-1481
-1465
-1123
-697
-278
-24
83
5
-22
-12
156
269
440
634
704
647
366
116
-123
-61
131
358
348
-104
-468
-722
-831
-858
-754
-765
-681
-485
-312
-88
-46
-33
-164
-443
-729
-746
-475
-214
24
-14
-159
-280
-290
-27
401
850
1047
1102
818
588
515
600
987
1231
1369
1173
836
589
512
710
1065
1195
738
235
-84
-199
-321
-454
-484
-530
-809
-856
-658
-542
-523
-266
185
422
312
-255
-560
-512
-309
-31
237
514
104
-609
-964
-910
-530
87
862
1432
1310
640
102
-263
-357
-112
605
1107
1102
594
66
-375
-793
-876
-639
-207
-13
27
-245
-773
-1195
-1193
-1080
-1168
-1163
-793
-293
-25
76
174
149
26
-79
300
675
514
245
179
284
435
532
517
397
-212
-823
-672
94
793
1050
966
526
31
-246
-288
-495
-782
-733
-255
426
1063
1253
1161
965
555
69
-20
150
308
344
69
-329
-793
-780
-536
-206
118
55
-191
-793
-1648
-2146
-2035
-1472
-830
-228
189
445
372
-205
-912
-1111
-430
613
1343
1730
1734
1068
322
-266
-332
93
617
812
587
271
-112
-312
-472
-804
-1037
-893
-282
298
663
449
-478
-1445
-1764
-1454
-810
-89
253
334
407
555
699
811
973
1063
1026
954
938
980
946
854
912
1174
1183
985
724
659
779
831
757
577
333
-23
-211
-459
-876
-900
-410
251
473
136
-390
-648
-768
-946
-720
-51
637
941
934
658
336
178
228
392
560
582
516
268
5
85
223
290
-47
-708
-1300
-1315
-1021
-839
-830
-1278
-1802
-2031
-1678
-1269
-1052
-1103
-1151
-1008
-681
-67
363
373
-111
-664
-903
-928
-640
19
1065
1918
1862
880
-338
-1338
-1739
-1258
-301
529
645
-63
-1122
-2136
-2771
-2633
-1914
-1057
-815
-816
-734
-392
265
805
959
698
316
135
314
569
754
1016
1305
1091
642
249
281
568
789
743
426
43
-91
150
460
555
440
288
317
392
526
691
762
724
768
971
1266
1697
1881
1756
1383
1049
757
592
548
479
572
584
784
1089
1221
1083
635
200
82
310
796
1091
1085
755
308
-26
-154
-92
102
457
672
772
686
439
143
50
314
799
1359
1627
1308
876
386
22
-235
-372
-239
-178
-241
-501
-796
-1099
-1457
-1644
-1667
-1572
-1574
-1555
-1638
-1991
-2231
-2159
-1828
-1418
-1008
-843
-621
-373
-240
-211
-117
99
286
364
245
-50
-381
-422
23
394
590
305
-129
-585
-978
-1224
-1225
-871
-631
-401
-297
-128
244
766
1217
1507
1933
1781
-101
-4781
-11790
-17914
-19376
-14956
-7245
-1172
-93
-4289
-11105
-16727
-17423
-11888
-2513
6201
10291
9309
5805
3256
3812
7223
11911
15884
18006
18297
17578
16960
16753
16323
14703
12009
9499
8394
8960
9745
9499
7232
2914
-2495
-7244
-9261
-7984
-5023
-3408
-4966
-9156
-13497
-15806
-15076
-11722
-7226
-3219
-1199
-1215
-1786
-1226
672
3080
5155
6758
8211
9591
10245
9786
8361
6294
3966
1924
1091
1589
2604
2665
1014
-2077
-5456
-8021
-9227
-9180
-8324
-7180
-6723
-7353
-8640
-9726
-9808
-9179
-7981
-6312
-4292
-2049
-25
1319
1728
1305
481
-30
698
2714
5089
6497
6100
4431
2536
1323
917
1032
1284
1319
903
204
-136
197
1257
2338
1377
-3945
-13635
-23146
-25484
-18205
-6663
1428
2336
-2915
-11294
-18960
-21313
-15001
-2161
10034
15434
13702
9111
6024
6366
9575
13768
17153
18880
19450
19821
20662
21799
21860
18828
12088
4502
620
2454
7225
10352
9426
4328
-3933
-12979
-18836
-18422
-12604
-6157
-3460
-5189
-8981
-11647
-11658
-9063
-4847
-433
3147
5226
6301
7582
9833
11991
12295
10571
8876
8951
10305
11151
10541
8779
5821
1464
-3295
-6198
-6109
-4281
-3102
-3927
-6292
-9229
-11968
-13883
-14316
-12755
-9723
-6734
-5080
-4983
-5387
-5293
-4680
-3731
-2281
63
2965
5215
6115
6009
5382
4208
2657
1206
907
1841
2971
3144
2077
-174
-3495
-7090
-9659
-10045
-8261
-5353
-3045
-2270
-2877
-3931
-4453
-4144
-3145
-1751
-393
553
1320
2138
3449
4684
3357
-2829
-13322
-22899
-24592
-16734
-4955
3354
4769
-231
-9178
-18066
-21736
-16365
-3974
8585
15300
15083
10854
6416
4308
5277
8726
13210
17205
19771
20577
20370
19985
19038
16061
10455
4441
1433
2835
6419
9144
9231
5892
-822
-9327
-15969
-17129
-12622
-5940
-1233
-203
-1999
-4953
-7302
-7570
-5147
-668
4241
7732
9113
9007
8567
8241
7603
6730
6292
6867
7756
7650
6368
4672
2814
261
-3087
-6005
-7064
-6345
-5123
-4561
-5060
-6444
-8600
-11036
-12579
-12049
-9307
-5702
-2890
-1678
-2020
-2943
-3571
-3579
-2672
-652
1794
3671
4426
4010
3252
2288
881
-766
-1857
-1701
-656
519
917
426
-1134
-3889
-7157
-9508
-9374
-6649
-2844
108
1152
525
-766
-1834
-2224
-1641
-226
1500
2934
3755
4122
4515
4644
3072
-2193
-11276
-20812
-25070
-20900
-11011
-1578
2556
101
-7299
-16167
-21614
-19534
-9649
3373
13374
16957
14807
10161
6396
5433
7568
11758
16324
19839
21392
21161
19872
18000
15199
10900
5825
2017
1218
3232
5874
6837
4768
-408
-7384
-13702
-16557
-14662
-9282
-3443
119
281
-1979
-4678
-5886
-4586
-1025
3643
7801
10202
10547
9493
8185
7166
6556
6331
6397
6415
6043
4775
2629
155
-2336
-4833
-7043
-8355
-8240
-7184
-6099
-5840
-6804
-8649
-10526
-11503
-10856
-8476
-5150
-2036
-231
-197
-1383
-2693
-3161
-2409
-687
1640
3819
5057
4982
3675
1798
-192
-1813
-2669
-2630
-1800
-666
-138
-704
-2276
-4389
-6283
-7461
-7659
-6663
-4589
-1912
324
1343
891
-323
-1212
-1127
5
1579
2971
3761
3806
3501
3309
3922
4694
4120
142
-7872
-17503
-23902
-22988
-15266
-5578
350
-36
-5926
-13929
-19589
-19086
-11520
185
10813
16214
15762
11918
8118
6812
8493
12078
16127
19329
20889
20674
19074
16783
14073
10865
7186
4024
2467
2753
3881
4142
2625
-786
-5516
-10365
-13528
-13308
-9827
-5181
-1930
-1316
-2713
-4456
-5167
-4142
-1295
2665
6366
8659
9146
8310
7066
6189
5916
5947
6046
6067
5608
4380
2147
-620
-3166
-5003
-6237
-6867
-6793
-6173
-5535
-5642
-6779
-8594
-10010
-10534
-9729
-7684
-4916
-2174
-485
-377
-1386
-2592
-3006
-2145
-228
2134
4111
5244
5071
3581
1276
-900
-2160
-2279
-1536
-561
35
-151
-1240
-2933
-4764
-6233
-7019
-6990
-6008
-4266
-2286
-690
-5
-233
-904
-1343
-879
456
2156
3390
3916
3974
3902
3916
4186
4626
4120
1365
-4689
-12979
-20417
-23136
-19662
-12117
-4997
-2117
-4478
-10219
-15796
-17767
-14243
-6058
3771
11514
14937
14129
11166
8748
8316
9998
12999
16286
18893
20123
19574
17395
14336
11129
8241
6015
4661
4280
4563
4675
3611
848
-3021
-6683
-8691
-8621
-7123
-5281
-3959
-3460
-3706
-4080
-4006
-3043
-1131
1086
3271
5042
6172
6479
6002
5162
4529
4649
5425
6292
6407
5120
2485
-753
-3461
-4786
-4696
-3838
-3160
-3370
-4597
-6381
-8047
-8988
-8946
-8132
-6962
-5767
-4691
-3793
-3016
-2317
-2009
-2117
-2117
-1678
-606
915
2363
3147
2933
1868
352
-935
-1436
-1104
-384
76
-105
-951
-2183
-3411
-4198
-4399
-4273
-4128
-4247
-4519
-4417
-3759
-2715
-1665
-950
-810
-913
-857
-443
478
1504
2428
2909
2888
2747
2820
3341
4195
4166
1868
-3400
-10439
-16872
-20168
-19383
-15497
-10432
-6628
-5720
-8189
-12234
-15071
-14110
-8834
-958
6614
11509
12908
11658
9730
8608
9272
11654
15064
18246
19954
19667
17733
15098
12510
10341
8745
7928
7742
7808
7373
5823
3229
137
-2258
-3445
-3484
-3051
-2765
-2725
-2913
-3271
-3634
-3876
-3595
-2572
-1184
316
1461
2186
2479
2534
2499
2528
2734
3059
3381
3409
2901
1714
245
-1091
-1886
-2333
-2550
-2740
-3104
-3654
-4489
-5524
-6493
-6985
-6873
-6196
-5301
-4506
-3828
-3449
-3384
-3454
-3546
-3391
-2780
-1783
-730
-39
163
80
-148
-507
-988
-1311
-1456
-1291
-910
-722
-938
-1545
-2231
-2719
-2848
-2725
-2605
-2579
-2842
-3348
-3923
-4085
-3358
-2014
-634
-67
-552
-1423
-1749
-765
1038
2666
3185
2544
1494
839
1135
2243
3876
5522
6645
6197
3254
-2332
-8542
-12697
-12696
-9366
-5582
-3997
-5429
-8366
-10847
-11502
-10520
-8348
-5624
-2416
715
3191
4290
4317
4392
5312
7173
9343
11271
12658
13861
14510
14398
13312
11632
10308
10119
11042
12048
12049
10540
8174
5847
4262
3425
3091
2991
2689
1856
392
-1326
-2837
-3731
-3830
-3367
-2830
-2360
-2164
-2046
-2097
-2261
-2466
-2640
-2242
-1142
413
1811
2536
2239
1213
-54
-814
-971
-589
-27
430
385
-482
-1916
-3481
-4531
-4777
-4188
-3467
-3040
-3264
-3897
-4648
-5190
-5365
-5207
-4701
-4125
-3529
-3233
-3237
-3446
-3698
-3620
-3258
-2671
-1963
-1457
-1184
-1251
-1582
-2042
-2297
-2175
-1617
-894
-368
-404
-775
-1440
-2089
-2416
-2533
-2430
-2039
-1422
-595
151
313
-51
-553
-855
-805
-470
46
753
1425
1945
2126
1862
1320
914
1075
2054
3355
4371
4620
4107
3000
1632
302
-840
-1222
-808
361
1486
1623
358
-1850
-3841
-4694
-4051
-2432
-602
755
1222
759
-293
-1395
-1925
-1366
256
2457
4335
5204
4905
3919
3238
3421
4459
5955
7275
7888
7704
6732
5450
4377
3844
4030
4582
5046
4928
3980
2491
887
-270
-742
-712
-458
-357
-612
-1282
-1941
-2239
-2232
-1970
-1545
-1156
-784
-475
-367
-382
-480
-547
-682
-815
-864
-921
-1006
-1160
-1472
-1858
-2286
-2547
-2690
-2832
-2815
-2890
-2986
-3033
-2933
-2867
-2866
-2814
-2751
-2634
-2518
-2393
-2357
-2322
-2444
-2328
-1922
-1420
-917
-791
-1112
-1650
-2193
-2298
-1937
-1158
-276
309
328
-280
-1209
-1888
-2012
-1506
-606
-2
202
1
-418
-680
-628
-357
3
206
373
514
724
930
1094
1219
1335
1372
1501
1626
1776
1933
1959
1750
1439
1102
858
808
991
1284
1450
1395
1028
524
86
63
406
1009
1457
1554
1210
597
88
-159
-82
336
750
1006
936
507
-11
-371
-452
-284
242
760
1041
1004
648
51
-442
-591
-474
-144
195
559
721
784
727
620
493
482
543
662
761
837
952
996
931
803
667
466
394
353
397
460
427
339
199
175
204
248
336
355
366
358
399
467
524
549
450
350
190
229
195
-15
-192
-361
-382
-292
-194
-213
-281
-441
-630
-865
-1045
-1134
-1096
-1064
-1077
-1200
-1383
-1540
-1508
-1407
-1325
-1132
-994
-941
-992
-1197
-1313
-1338
-1308
-1153
-991
-832
-717
-647
-736
-848
-1008
-1139
-1216
-1256
-1143
-874
-593
-405
-355
-367
-443
-625
-808
-828
-610
-289
47
82
31
-40
-182
-129
182
601
979
1234
1251
929
598
389
389
567
827
937
851
682
488
478
630
834
982
939
898
932
922
962
939
882
789
714
730
944
1128
1247
1251
1009
771
715
714
774
888
1047
1148
979
696
309
-74
-302
-328
-304
-254
-220
-225
-396
-577
-717
-923
-872
-738
-616
-507
-423
-288
-259
-304
-319
-358
-404
-352
-209
-102
-83
-190
-353
-435
-505
-486
-284
-11
80
42
-159
-401
-598
-662
-574
-384
-189
-147
-71
-95
-202
-374
-515
-599
-558
-394
-146
167
374
429
380
321
378
481
601
646
561
370
219
81
-25
-28
-44
87
238
339
300
171
-29
-181
-166
-57
80
128
59
-150
-343
-471
-404
-200
-85
-102
-128
-80
61
325
638
835
965
904
651
435
370
379
450
485
398
192
12
-100
-178
-211
-194
-213
-373
-604
-782
-915
-887
-786
-710
-503
-304
-45
13
-93
-355
-605
-625
-495
-137
268
524
503
233
-75
-300
-408
-447
-467
-505
-498
-408
-329
-362
-523
-774
-972
-887
-597
-174
150
278
236
116
137
166
195
284
429
641
800
787
675
574
594
532
556
508
495
496
565
645
590
438
168
-142
-368
-379
-241
-1
72
121
63
114
211
263
222
67
-11
133
335
598
709
772
797
489
286
220
271
461
706
760
594
294
-111
-532
-884
-1018
-865
-613
-391
-331
-465
-680
-851
-858
-804
-670
-627
-647
-630
-632
-549
-354
-182
-134
-380
-627
-715
-593
-336
72
295
294
165
1
30
268
532
534
370
131
57
50
114
118
-28
-175
-224
-39
315
579
614
499
291
31
-73
-65
126
315
380
299
165
108
44
90
269
463
666
628
425
111
-127
-203
-89
140
297
320
264
142
-76
-316
-581
-589
-380
-29
234
378
427
325
169
161
190
136
39
-134
-272
-269
-225
-178
-192
-277
-344
-284
-131
36
21
-171
-352
-521
-568
-588
-557
-542
-519
-395
-290
-196
-143
-196
-203
-215
-237
-293
-247
-173
-58
69
171
208
122
-21
-109
-88
34
284
437
498
501
459
392
303
264
160
139
207
272
377
423
450
451
310
113
-45
-76
-37
74
262
413
370
221
131
76
109
233
322
356
232
34
-154
-194
-115
-75
-37
-61
-171
-227
-252
-320
-293
-335
-393
-332
-284
-181
-157
-172
-260
-333
-283
-149
-17
45
57
-99
-288
-482
-540
-360
-128
80
171
177
95
22
-19
-116
-210
-186
-174
-82
48
171
275
239
101
-84
-117
104
290
412
461
308
81
-152
-206
-186
-83
103
212
186
170
187
235
339
373
395
310
177
22
-39
-78
-42
10
116
264
278
274
173
5
-104
-133
-173
-115
2
120
145
172
87
5
0
-1
41
36
35
-21
-145
-338
-531
-698
-713
-683
-586
-413
-218
-69
19
39
27
67
156
233
273
315
259
298
182
49
-138
-268
-196
-52
111
243
301
239
159
-27
-264
-496
-546
-485
-390
-274
-234
-291
-317
-201
-137
29
147
182
160
139
142
55
42
30
48
148
231
201
164
133
139
166
115
207
189
157
173
112
126
108
75
70
121
214
268
431
560
594
588
458
311
147
40
-5
-15
44
129
198
208
162
-27
-149
-252
-258
-286
-287
-212
-103
53
91
-28
-352
-696
-847
-721
-569
-478
-434
-489
-396
-336
-354
-375
-472
-571
-613
-549
-448
-308
-136
-94
-30
-56
-74
7
47
131
128
141
84
-43
-79
58
221
318
419
416
405
321
210
67
-190
-270
-276
-67
281
581
698
630
430
246
188
303
416
468
482
420
332
371
356
442
262
-159
-353
-269
278
919
1225
843
122
-504
-538
-122
359
496
307
-30
-159
-5
221
407
252
-44
-221
-220
0
243
193
-74
-518
-792
-730
-421
-15
86
-46
-300
-481
-549
-455
-336
-180
-99
-95
-140
-186
-136
-59
27
-52
-123
-176
-210
-288
-366
-522
-746
-848
-860
-724
-480
-196
99
253
236
192
38
-262
-514
-647
-565
-289
-71
72
139
-10
-184
-388
-449
-252
-3
268
427
474
392
402
368
255
169
77
-70
7
187
341
396
185
47
1
88
215
191
114
51
119
234
331
324
327
279
227
220
295
508
724
911
961
851
683
461
256
197
273
318
314
384
365
440
429
316
167
31
85
104
138
-8
-175
-341
-415
-303
-226
-163
-74
-91
-153
-260
-352
-232
-225
-163
-168
-261
-326
-387
-292
-197
-7
22
-79
-302
-514
-655
-712
-586
-415
-19
190
124
-15
-230
-409
-432
-391
-432
-358
-275
-207
-138
-124
-140
-248
-402
-472
-483
-415
-341
-221
-162
-302
-355
-353
-310
-192
-134
43
148
141
122
28
49
71
132
302
312
340
397
469
628
814
821
663
436
224
126
99
217
186
205
313
387
484
379
186
17
-64
-40
-26
-71
-175
-240
-219
-123
-50
75
93
151
227
231
118
-41
-143
-224
-208
-181
-140
-111
-99
-167
-304
-465
-538
-563
-407
-124
142
339
263
114
42
-12
18
104
68
68
90
47
-91
-304
-494
-419
-320
-220
-121
-257
-240
-185
-19
217
386
378
173
71
28
170
412
550
467
231
28
-25
45
197
337
468
486
527
543
431
366
291
286
407
443
426
373
313
313
239
209
141
83
-6
-168
-222
-167
-135
-236
-293
-344
-430
-436
-507
-506
-395
-308
-222
-66
-34
-175
-278
-429
-477
-394
-262
-54
86
61
-11
-109
-145
-195
-224
-239
-297
-403
-507
-602
-654
-603
-541
-279
-77
-3
32
38
13
-9
-53
-137
-82
-31
-1
95
206
282
330
362
354
278
74
-65
9
205
370
454
418
260
-26
-374
-530
-502
-269
-101
-47
-44
-12
99
316
499
560
581
512
481
493
455
371
329
318
284
207
173
103
-19
-128
-228
-337
-324
-306
-194
-96
-77
-125
-230
-289
-188
-184
-255
-344
-338
-194
5
173
229
67
-124
-149
-86
87
292
466
637
725
722
661
619
518
452
465
430
367
271
318
309
229
31
-140
-286
-304
-282
-207
-57
30
101
88
51
19
3
-12
25
-125
-314
-350
-383
-397
-381
-262
-165
20
111
52
-170
-400
-560
-613
-491
-381
-174
-66
-6
-118
-376
-497
-504
-329
-96
85
59
-103
-283
-417
-380
-342
-402
-469
-409
-368
-299
-252
-316
-351
-318
-302
-263
-235
-208
-131
-89
-30
-52
-143
-151
-128
6
114
253
485
656
759
841
722
489
331
164
89
91
216
416
569
644
569
334
127
-48
-50
-51
-71
-177
-270
-290
-178
-25
134
293
360
409
319
245
75
-87
-62
-108
-150
-209
-197
-136
-73
-30
-10
-106
-203
-188
-123
-55
-95
-77
7
62
61
32
10
54
120
127
112
95
143
163
164
268
406
517
514
541
536
405
192
-50
-82
46
84
114
116
95
57
65
119
221
290
356
324
186
-12
-172
-309
-314
-230
-72
-8
62
69
-10
-60
-143
-66
-86
-135
-146
-189
-194
-75
-4
58
-46
-229
-358
-417
-287
-207
-166
-207
-301
-346
-333
-224
-240
-303
-340
-368
-370
-344
-225
-130
-48
-14
4
18
24
-58
-280
-429
-464
-450
-410
-235
-171
-138
-207
-249
-211
-83
95
142
56
20
-97
-216
-132
7
197
315
363
311
242
135
78
-76
-191
-223
-104
176
449
694
691
510
323
162
132
185
182
153
77
30
23
63
151
164
211
184
214
256
267
312
287
172
13
-88
-77
53
168
286
255
217
176
254
378
483
597
651
651
548
475
290
138
-111
-133
-85
-64
17
-1
-32
-76
-73
-65
-53
-116
-195
-288
-433
-578
-528
-423
-388
-339
-369
-342
-245
-260
-215
-292
-422
-524
-572
-471
-438
-329
-296
-350
-407
-535
-563
-526
-425
-314
-213
-140
-116
-101
-68
-61
-39
16
104
179
265
353
281
280
232
132
103
155
227
275
380
521
550
600
591
518
562
584
560
571
614
508
346
206
65
10
46
171
267
272
322
354
369
406
299
104
-148
-325
-421
-469
-570
-646
-649
-551
-418
-326
-390
-541
-655
-729
-603
-492
-461
-523
-593
-635
-596
-460
-270
-64
76
96
58
10
62
71
93
111
-16
-43
-122
-30
116
159
241
141
6
-97
-152
-146
-79
-44
-15
0
-88
-277
-426
-448
-332
-125
30
45
139
189
213
251
168
235
329
451
523
580
688
740
828
843
737
515
331
225
213
195
114
113
127
247
387
412
319
73
-74
-90
-15
84
79
-41
-169
-263
-373
-355
-344
-315
-224
-113
-87
-85
-185
-256
-205
-210
-108
37
230
479
578
535
332
27
-131
-102
72
255
308
201
47
-123
-135
19
153
184
198
154
133
150
33
30
-37
-149
-208
-259
-315
-396
-404
-352
-240
-83
3
92
33
-70
-108
-217
-199
-273
-359
-454
-421
-335
-258
-182
-219
-322
-442
-578
-657
-646
-631
-571
-498
-421
-403
-427
-446
-490
-494
-334
-169
62
199
227
186
33
29
96
161
199
118
24
7
130
275
448
535
460
500
525
532
610
645
696
738
655
525
538
493
548
705
750
829
723
570
433
365
364
358
311
195
67
-50
-105
82
348
602
765
682
440
-10
-432
-750
-928
-950
-928
-789
-649
-531
-400
-391
-494
-629
-676
-623
-481
-439
-405
-406
-495
-372
-231
-139
-203
-394
-449
-553
-480
-440
-441
-520
-739
-787
-714
-540
-303
-126
75
226
354
443
492
495
338
185
129
177
361
494
552
508
582
596
514
531
311
256
284
410
552
595
646
632
507
351
236
227
229
265
298
357
461
402
336
223
78
-86
-92
-45
52
233
364
380
337
173
15
-100
-183
-196
-150
-226
-298
-334
-282
-316
-461
-477
-516
-455
-301
-239
-208
-251
-430
-495
-583
-667
-674
-613
-592
-498
-340
-217
-250
-279
-221
-165
-131
-129
-207
-288
-334
-259
-113
-39
-1
-66
-91
-176
-236
-293
-332
-343
-233
-168
-157
-152
-187
-261
-386
-334
-178
-27
108
129
71
19
-51
-44
-7
106
209
223
179
222
301
376
524
600
643
613
559
476
444
476
559
648
654
638
618
552
391
408
366
274
343
439
518
535
513
383
291
338
493
590
634
597
462
378
329
233
181
182
364
418
398
384
128
-30
-137
-159
-233
-312
-365
-309
-290
-312
-385
-498
-591
-562
-398
-187
17
-8
-126
-375
-506
-545
-604
-553
-536
-552
-634
-785
-907
-966
-908
-865
-686
-614
-533
-485
-516
-451
-365
-265
-169
-244
-397
-491
-577
-556
-548
-562
-524
-500
-426
-306
-187
-68
4
88
56
46
9
37
103
227
240
173
123
109
116
179
218
209
352
541
610
692
641
487
425
528
660
731
830
911
1027
1057
936
773
784
802
883
1011
1012
983
824
673
539
450
387
305
372
335
304
291
378
414
301
97
-216
-384
-519
-424
-279
-227
-231
-267
-276
-166
-153
-180
-228
-274
-315
-347
-335
-372
-491
-600
-670
-773
-773
-852
-956
-998
-876
-746
-629
-653
-644
-656
-744
-709
-678
-647
-693
-741
-739
-632
-495
-362
-271
-316
-333
-302
-321
-294
-192
-121
-177
-189
-126
-46
92
120
44
68
107
277
446
616
692
702
722
736
793
846
884
906
936
901
777
613
339
107
-5
3
156
295
421
435
264
107
32
-16
37
188
328
350
371
336
178
213
361
507
505
437
342
210
281
364
397
503
483
487
481
444
448
349
182
-14
-218
-287
-273
-157
-70
-97
-207
-335
-550
-817
-900
-896
-882
-1067
-1120
-1400
-2596
-4372
-4517
-1605
3006
5939
4469
-290
-4110
-3688
97
3287
2922
-57
-2260
-1808
314
1434
292
-1455
-1860
-446
1324
1301
-113
-1309
-1206
208
1053
488
-1114
-3280
-4184
-2705
353
3726
4726
2848
146
-1239
-400
1442
1770
20
-2319
-3724
-3071
-1584
205
1832
2744
2677
2110
1012
182
177
378
938
1443
1445
701
-645
-1162
-691
110
1403
2631
2836
1996
1378
922
507
364
346
-210
-1212
-1654
-963
112
453
-880
-3177
-3756
-3509
-3312
-2039
100
1840
3397
3940
3403
3048
3702
4724
4629
3963
2989
2302
1858
1052
19
-892
-821
-387
-101
6
-538
-1902
-3426
-4761
-5159
-5141
-4875
-3994
-3154
-2857
-2985
-3154
-3385
-3358
-2459
-1205
53
1040
1766
2027
1564
1383
1602
1838
2012
2056
2014
1432
282
-851
-1581
-2032
-1967
-1486
-895
-619
-906
-1499
-2322
-2766
-2769
-2292
-1601
-908
-348
-197
-112
-60
256
491
566
707
925
1470
1897
1702
1389
1077
965
1002
1260
1511
1651
1677
1733
1764
1458
944
293
-47
22
610
1421
1788
1447
667
64
14
441
970
1304
1451
1325
1184
996
409
-440
-1281
-1502
-1106
-499
-239
-732
-1568
-2438
-2868
-2704
-2259
-1834
-1573
-1342
-1191
-1238
-1300
-1748
-2583
-3046
-2896
-1966
-797
130
551
193
-398
-514
23
890
1904
2854
3279
3135
2984
3120
3532
3665
3527
3404
3322
3635
3667
2860
1898
1540
1862
2338
2089
297
-1995
-2816
-1277
1590
3221
2655
1218
-119
-820
-365
569
655
-328
-1485
-1733
-838
736
1936
1894
739
-368
-683
-339
190
381
162
-416
-671
-468
-583
-1320
-2610
-3373
-2394
252
2729
3760
3476
3157
3319
3219
2521
1471
519
-417
-1394
-2325
-2932
-3140
-2804
-1940
-835
-170
-393
-1050
-1588
-1802
-1921
-1841
-2013
-2551
-3194
-3636
-3829
-3698
-3095
-2582
-2733
-3201
-3703
-4162
-4569
-4862
-4897
-4658
-3817
-2496
-1719
-2181
-3147
-3600
-3096
-1871
-500
771
1696
2284
2742
3159
3537
3513
3189
3027
3218
3550
3631
3438
2983
2555
1845
937
157
-313
-278
240
790
565
18
-370
-815
-1191
-1500
-1747
-1844
-1569
-732
529
1677
1993
969
-1250
-3375
-4199
-3384
-1537
423
1493
1742
1661
1398
1272
1871
2840
2988
2455
1616
895
680
391
-101
-646
-790
-170
714
1257
1078
481
-76
-68
458
1537
2494
3070
3197
2765
2009
1220
720
452
595
1188
1996
2266
1997
1167
164
-522
-679
-563
-578
-793
-975
-1147
-1453
-1689
-1870
-1617
-1156
-707
-327
-320
-796
-1259
-1472
-1178
42
1537
2522
2600
1854
1068
348
488
1249
1743
2048
2285
2370
2241
1974
1321
687
304
244
293
268
184
37
-80
-15
99
138
145
25
-172
-350
-580
-1014
-1324
-1433
-1605
-1613
-1676
-1725
-1762
-1472
-1080
-649
-322
-576
-1175
-1786
-1876
-1394
-501
302
839
593
-20
-300
-297
-32
336
696
1108
1374
1399
957
114
-663
-1156
-1223
-609
372
1050
1271
1036
392
-430
-1159
-1621
-1621
-944
-8
450
222
-464
-1212
-1802
-2060
-1877
-1286
-641
-21
380
323
-189
-974
-1942
-2666
-2843
-2252
-1422
-745
-379
-509
-1172
-2188
-3148
-3728
-3694
-3144
-2367
-1606
-942
-642
-389
-83
427
935
1200
1545
1981
2389
2746
3032
2826
2136
1444
978
667
567
447
73
-440
-668
-456
-220
32
185
307
255
159
180
266
482
804
1151
1283
1270
1419
1443
1454
1412
1414
1337
1064
795
558
569
518
573
724
745
816
1022
1087
999
935
848
787
882
1057
1119
1000
786
778
883
1023
1197
1253
1209
1265
1403
1625
1493
902
91
-581
-961
-834
-388
-83
3
-110
-320
-846
-1375
-1551
-1250
-740
-265
-300
-649
-899
-932
-832
-762
-715
-785
-932
-636
153
833
1253
1066
503
11
-80
-91
-146
-185
-263
-322
-509
-821
-1218
-1701
-2275
-2566
-2636
-2556
-2436
-2372
-2320
-2224
-2075
-1987
-1866
-1767
-1745
-1805
-1946
-2135
-2044
-1631
-1033
-683
-765
-980
-1170
-904
-227
395
875
1028
1081
1214
1422
1646
1744
1715
1722
2129
2952
3809
4271
3996
3171
2390
1981
1844
1938
2012
1846
1446
983
600
295
136
96
169
339
411
513
554
446
152
-230
-587
-739
-486
-50
461
633
399
-142
-596
-861
-863
-487
-18
189
-12
-517
-1110
-1299
-1302
-1217
-1156
-1111
-1114
-983
-910
-973
-845
-603
-136
379
649
768
904
863
715
585
363
-88
-480
-690
-962
-1271
-1529
-1788
-2145
-2335
-2311
-2016
-1523
-1197
-963
-769
-727
-724
-711
-588
-262
163
377
594
769
771
570
350
270
227
251
396
705
951
1178
1293
1163
837
459
111
101
687
1475
2131
2476
2326
1897
1336
778
443
388
435
555
764
1125
1396
1300
929
404
89
55
210
638
916
1085
1218
1119
831
309
-231
-675
-689
-576
-595
-565
-589
-769
-1026
-1366
-1630
-1823
-1858
-1768
-1401
-898
-611
-515
-689
-879
-1052
-1133
-1136
-1090
-935
-782
-595
-436
-431
-463
-494
-496
-469
-622
-777
-845
-737
-574
-262
39
81
123
228
193
36
-329
-602
-696
-544
-189
209
366
485
549
506
392
97
77
153
497
834
1067
1149
1000
895
695
500
370
433
587
757
772
582
222
-55
-117
-147
-253
-236
-109
148
328
474
467
377
308
151
162
324
619
712
716
635
573
468
297
170
175
144
35
-41
-169
-175
-67
151
457
551
554
525
330
230
173
179
138
82
34
61
238
387
364
226
116
-69
-160
-188
-219
-240
-195
-192
-233
-250
-394
-532
-644
-565
-388
-173
23
33
-174
-483
-849
-1118
-1257
-1372
-1325
-1220
-936
-586
-204
161
293
161
-180
-528
-675
-425
36
390
622
707
574
327
143
-7
-118
-142
-194
-266
-341
-421
-496
-510
-525
-606
-794
-857
-838
-655
-485
-303
-212
-278
-343
-331
-164
148
578
945
1220
1278
1218
885
536
212
155
377
672
1068
1318
1580
1652
1481
1143
741
413
242
207
361
526
636
688
474
155
-257
-579
-650
-612
-643
-611
-441
-276
-123
-141
-311
-456
-697
-967
-1036
-1025
-876
-634
-425
-358
-372
-587
-856
-1036
-1061
-958
-755
-509
-188
-53
-38
-272
-604
-815
-838
-631
-313
72
347
633
807
1001
1202
1383
1228
920
614
447
413
411
497
624
743
860
816
567
317
112
285
554
746
751
527
180
-146
-313
-274
-366
-533
-663
-773
-745
-664
-403
-64
273
456
304
64
-228
-461
-443
-182
123
344
397
300
187
102
157
296
471
646
732
604
494
555
572
534
432
368
315
265
193
-32
-229
-465
-575
-674
-681
-484
-304
-149
-107
-147
-308
-616
-907
-1134
-1252
-1222
-1174
-1084
-1095
-1140
-1146
-1057
-903
-709
-654
-675
-659
-608
-536
-265
-15
188
320
254
189
84
37
155
292
494
561
597
609
550
535
552
603
477
347
218
188
77
-53
15
65
245
364
384
485
597
541
561
752
988
1175
1161
1081
982
911
825
781
714
678
802
878
817
698
452
80
-202
-313
-292
-296
-387
-532
-598
-594
-479
-355
-465
-784
-1022
-1023
-790
-569
-435
-422
-509
-514
-476
-394
-269
-228
-230
-274
-203
-116
-130
-99
-92
-142
-205
-342
-381
-170
36
174
237
127
-26
-106
-217
-235
-137
-22
106
271
365
287
210
61
-65
-109
65
234
276
331
221
39
-265
-545
-716
-691
-542
-290
-54
123
258
194
174
158
260
222
101
-22
14
223
369
422
161
-133
-306
-221
-154
-133
-129
-240
-211
-123
82
222
342
371
254
71
-96
-179
-168
-24
75
29
-53
-233
-430
-531
-631
-699
-617
-421
-210
94
482
710
817
726
420
186
86
254
443
604
631
463
388
438
732
949
1002
873
735
710
661
573
356
136
-150
-315
-319
-133
166
282
264
210
-11
-273
-475
-533
-538
-501
-532
-585
-608
-608
-555
-476
-390
-368
-383
-477
-563
-547
-443
-277
-167
-52
-9
75
26
-186
-434
-655
-817
-859
-671
-511
-322
-217
-39
42
24
-8
-13
42
-28
15
27
35
22
135
345
418
368
296
184
130
25
-57
-141
-116
7
208
428
435
323
218
108
71
165
246
345
447
434
355
327
203
166
104
109
292
493
467
366
246
93
45
-21
-221
-426
-639
-757
-650
-459
-292
-219
-313
-494
-585
-337
43
365
495
493
326
83
-113
-291
-333
-349
-270
-169
-158
-237
-346
-289
-205
-42
201
301
265
176
119
191
307
575
640
551
365
109
28
65
251
404
517
474
343
227
225
386
502
459
307
-31
-415
-655
-625
-274
175
516
703
686
635
626
573
400
218
-151
-425
-542
-620
-544
-527
-491
-553
-599
-555
-514
-443
-560
-793
-915
-999
-1001
-765
-481
-276
-173
-185
-324
-418
-430
-375
-255
-130
-83
-103
-13
113
189
226
247
278
340
440
619
811
915
1014
1060
1050
1147
1194
1124
875
606
427
263
206
108
-49
-320
-328
-177
175
619
716
622
442
280
77
-103
-236
-287
-270
-339
-426
-360
-238
-190
-177
-237
-201
-91
-193
-385
-525
-547
-435
-219
47
210
158
-56
-289
-392
-479
-551
-556
-705
-734
-739
-828
-759
-732
-503
-255
-90
-47
-260
-496
-648
-659
-496
-260
-140
-40
37
126
276
366
280
24
-202
-329
-263
-37
204
436
492
390
332
174
-26
-148
-188
-218
-93
59
231
383
437
473
415
409
364
281
151
192
289
391
378
285
255
186
164
56
-3
-20
8
99
169
134
43
49
42
150
302
313
287
129
-36
-127
-98
121
312
503
595
545
440
417
465
537
529
483
397
426
490
639
791
719
493
135
-64
-198
-247
-232
-180
-63
30
9
137
101
87
45
-157
-387
-595
-718
-773
-680
-661
-644
-659
-595
-522
-551
-554
-536
-558
-557
-543
-557
-574
-571
-529
-491
-516
-612
-741
-752
-681
-546
-432
-366
-313
-342
-323
-307
-228
-175
-184
-127
-29
-10
-67
-138
-165
-188
-137
52
162
254
260
255
210
194
296
393
482
609
695
695
665
635
513
468
529
557
580
668
771
838
870
936
1071
1045
823
459
92
-161
-318
-322
-298
-311
-316
-244
-199
-180
-169
-156
-11
263
650
929
974
806
461
183
32
-29
-20
-113
-197
-276
-259
-49
140
271
286
144
-14
-200
-391
-526
-459
-221
-68
143
243
369
453
429
315
2
-286
-584
-803
-951
-1014
-1158
-1194
-1242
-1211
-998
-810
-731
-552
-352
-223
-30
4
140
338
492
396
203
146
187
481
675
771
659
339
157
75
-9
-148
-321
-394
-262
-128
135
319
436
434
329
173
-88
-218
-264
-123
125
314
447
513
302
66
-289
-662
-894
-1179
-1280
-1367
-1292
-1096
-850
-459
-70
320
473
480
313
25
-119
-54
216
440
476
368
16
-236
-522
-744
-868
-1003
-918
-637
-208
140
511
628
669
751
774
715
592
425
258
230
211
307
561
1023
1476
1821
1938
1730
1336
811
306
-18
-53
-102
-258
-416
-369
-58
597
1206
1527
1720
1654
1516
1269
996
741
522
283
-140
-730
-1441
-2097
-2524
-2673
-2600
-2549
-2500
-2549
-2632
-2532
-2159
-1467
-966
-659
-743
-913
-1001
-905
-525
37
620
977
1229
1364
1452
1605
1729
1911
2062
1964
1705
1401
1162
1004
967
881
845
825
743
641
620
528
494
384
284
122
-109
-338
-510
-480
-410
-372
-316
-229
-326
-429
-531
-529
-465
-412
-258
-180
-184
-177
-293
-367
-546
-817
-972
-1076
-1223
-1186
-996
-820
-508
-311
-189
-198
-240
-328
-403
-464
-518
-608
-817
-924
-909
-693
-511
-313
-91
120
268
278
192
123
31
13
111
295
427
525
700
909
1099
1094
962
767
726
847
898
848
657
519
309
197
75
14
-108
-265
-489
-759
-900
-1001
-1095
-1180
-1276
-1193
-919
-540
-152
218
500
546
656
850
1074
1293
1261
1154
1022
905
672
356
-41
-234
-306
-285
-34
401
944
1303
1513
1547
1595
1644
1494
1287
1137
1015
966
948
892
733
566
303
47
-180
-491
-634
-816
-863
-801
-946
-1122
-1371
-1394
-1325
-1209
-1187
-1302
-1524
-1735
-1792
-1759
-1574
-1375
-1233
-1068
-812
-705
-605
-459
-296
-177
-45
13
-37
-62
-45
-43
-107
-217
-289
-325
-403
-523
-630
-681
-730
-718
-727
-878
-991
-978
-678
-198
443
950
1246
1253
1130
1028
979
1077
1115
1126
1047
1029
972
1069
1124
1029
984
893
835
811
823
950
1000
956
718
455
198
8
-142
-302
-406
-622
-805
-910
-940
-931
-844
-748
-487
-249
39
385
774
1101
1313
1464
1580
1611
1479
1299
1063
802
562
282
89
21
-2
91
270
439
357
128
-141
-340
-426
-428
-432
-480
-467
-587
-701
-829
-933
-889
-769
-563
-284
52
-9
-384
-1099
-1999
-2979
-3845
-4058
-3774
-3009
-2066
-1290
-795
-450
-215
-41
231
476
822
1059
1227
1321
1513
1881
2216
2265
1863
1012
251
-28
131
641
1043
1151
983
703
437
504
624
676
702
743
761
736
709
622
466
203
-231
-804
-1300
-1671
-1753
-1539
-1238
-848
-655
-569
-488
-362
-290
-268
-199
-285
-391
-507
-800
-1012
-1026
-851
-510
-113
246
367
480
486
522
537
445
349
173
79
34
172
374
627
727
588
400
167
11
62
186
330
537
664
742
714
726
751
831
1005
1259
1389
1263
866
259
-340
-730
-884
-977
-960
-778
-416
25
500
795
814
606
255
-83
-370
-584
-623
-638
-617
-459
-315
-184
-121
-55
1
-84
-222
-243
-153
-67
34
-10
-112
-185
-198
-158
-74
-3
33
47
4
-154
-208
-261
-295
-104
32
-28
-202
-489
-692
-708
-596
-377
-272
-188
-175
-180
-155
-97
-48
51
118
88
23
-94
-250
-404
-473
-484
-384
-210
-19
65
39
-27
12
170
273
342
229
87
-106
-224
-320
-323
-314
-327
-394
-365
-221
-92
141
275
528
715
883
1045
1194
1332
1333
1217
928
753
560
579
724
971
1051
884
660
313
59
-117
-226
-220
-219
-159
-208
-308
-326
-213
-92
47
117
117
118
53
33
104
69
-96
-403
-594
-671
-717
-589
-494
-401
-399
-531
-815
-1054
-1171
-1015
-786
-557
-269
26
274
405
599
688
711
735
726
658
500
322
195
121
118
117
-34
-252
-474
-640
-737
-778
-847
-973
-1104
-1216
-1178
-1017
-813
-686
-631
-588
-587
-504
-260
-9
209
403
459
656
839
1055
1210
1258
1103
831
677
522
487
383
361
243
-80
-302
-490
-680
-788
-818
-721
-546
-381
-344
-453
-478
-415
-312
-149
-27
-44
-209
-475
-675
-809
-790
-590
-295
170
507
795
975
1179
1396
1517
1553
1558
1557
1455
1312
1070
822
559
287
52
-98
-332
-627
-795
-822
-706
-417
-147
56
259
444
640
652
527
326
202
185
212
359
379
370
339
383
500
545
524
350
159
32
164
371
469
403
221
81
37
134
276
239
-188
-626
-951
-1137
-1224
-1290
-1357
-1374
-1379
-1337
-1235
-1090
-960
-908
-979
-880
-629
-357
-145
81
167
138
126
88
123
125
152
73
44
171
353
371
340
245
214
165
169
190
84
-283
-892
-1443
-1914
-2162
-2277
-2250
-2175
-1908
-1514
-915
-244
206
424
423
458
725
1270
1877
2256
2381
2293
2131
1916
1688
1539
1533
1470
1489
1444
1369
1392
1371
1322
1118
703
170
-443
-1014
-1310
-1383
-1354
-1317
-1290
-1176
-834
-368
-22
67
93
128
159
228
298
292
135
-9
-85
8
59
-25
-89
-57
93
183
284
432
494
547
686
849
1023
1221
1245
1233
1094
852
503
54
-315
-559
-817
-987
-1141
-1219
-1246
-1203
-1167
-1208
-1218
-1334
-1337
-1208
-795
-278
118
194
-83
-537
-1041
-1193
-1207
-1155
-1095
-1121
-1257
-1320
-1237
-1074
-947
-843
-669
-507
-503
-494
-496
-499
-508
-432
-224
58
376
621
859
1007
1078
1068
1035
1096
1170
1230
1302
1212
1184
1215
1296
1419
1523
1559
1514
1523
1507
1577
1507
1346
1231
1129
1130
1197
1171
1013
780
505
208
105
91
92
9
-245
-511
-756
-886
-865
-865
-902
-1019
-1244
-1381
-1451
-1395
-1236
-1137
-1017
-913
-796
-654
-547
-456
-383
-330
-352
-324
-214
-78
159
282
406
375
404
292
89
-112
-364
-427
-396
-397
-394
-532
-641
-625
-546
-289
-194
-119
-108
-124
-96
50
288
580
800
980
949
712
568
310
36
-217
-388
-496
-595
-591
-456
-181
41
94
96
171
297
484
614
499
127
-431
-846
-1060
-1045
-933
-814
-722
-621
-562
-527
-507
-364
-224
-134
96
21
23
194
373
562
555
446
373
412
575
711
884
877
573
304
195
272
580
915
1079
1030
934
827
781
841
812
725
600
399
216
80
14
1
6
1
-50
33
117
124
58
-57
-154
-291
-361
-320
-211
-40
23
45
144
222
368
439
382
271
-56
-316
-492
-469
-370
-241
-190
-287
-389
-534
-798
-1231
-1739
-2316
-2697
-2611
-2162
-1577
-1055
-701
-386
-114
143
299
381
332
257
284
392
583
698
664
532
347
186
298
584
874
877
561
33
-472
-756
-804
-551
-144
283
562
708
786
854
888
841
847
860
835
883
856
777
661
496
423
352
283
276
441
594
800
1052
1191
1188
985
548
14
-582
-1058
-1196
-1124
-882
-627
-364
-137
-45
-24
-37
-106
-154
-180
-174
-214
-151
-86
21
-21
-126
-257
-456
-616
-711
-777
-987
-1202
-1379
-1388
-1221
-1064
-990
-932
-952
-903
-834
-759
-577
-371
-222
-154
-123
11
67
187
254
334
477
545
565
509
370
246
280
368
289
339
295
185
238
342
432
398
334
143
111
128
119
245
458
537
504
308
164
166
307
427
499
521
495
473
446
463
317
205
101
73
168
394
503
638
761
801
823
681
477
296
124
42
57
-56
-317
-532
-656
-515
-298
-218
-245
-449
-592
-599
-457
-326
-261
-345
-507
-564
-594
-552
-551
-514
-415
-223
-80
76
192
121
68
-24
-120
-116
16
173
303
352
318
250
129
38
6
-98
-327
-503
-666
-658
-504
-367
-339
-240
-156
-106
-35
-17
6
79
221
295
329
242
165
105
119
146
155
173
140
220
267
324
341
276
91
-229
-593
-758
-715
-627
-519
-519
-480
-392
-214
-67
-26
-78
-112
-98
0
142
237
247
40
-94
-285
-413
-469
-515
-510
-570
-525
-472
-341
-142
79
333
477
608
826
1003
1296
1424
1441
1428
1336
1336
1303
1290
1386
1475
1479
1409
1252
1084
976
841
659
468
357
268
98
-63
-221
-263
-196
-158
-38
-109
-199
-399
-707
-941
-1136
-1256
-1360
-1380
-1297
-1253
-1203
-1231
-1310
-1362
-1363
-1326
-1302
-1270
-1282
-1182
-1068
-848
-631
-433
-306
-200
-78
-50
-39
-111
-265
-375
-456
-437
-262
-60
111
228
308
435
559
664
809
893
875
784
718
626
487
276
140
22
-59
-17
72
210
330
461
516
523
450
339
204
37
-103
-311
-405
-408
-458
-350
-289
-299
-296
-204
-82
-29
-42
-9
53
116
167
264
459
637
691
556
436
382
444
448
458
596
805
857
864
861
820
882
925
934
1000
1038
993
960
954
901
782
689
544
508
336
189
3
-156
-157
-194
-198
-217
-277
-389
-538
-651
-753
-1052
-1551
-2121
-2692
-2961
-2836
-2524
-2151
-1800
-1432
-1116
-787
-461
-169
-36
20
-71
-139
-125
-125
-118
-138
-77
86
316
469
498
488
459
335
246
218
167
172
145
-8
-107
-72
119
278
451
557
598
586
395
232
66
125
199
220
347
393
400
462
645
674
678
613
485
457
489
654
844
1032
1160
1072
949
584
175
-229
-596
-706
-699
-624
-646
-682
-709
-656
-615
-416
-144
104
343
408
361
321
332
298
192
-44
-200
-236
-92
19
90
85
-57
-145
-304
-419
-440
-492
-529
-572
-579
-508
-420
-424
-500
-606
-796
-924
-1030
-973
-709
-445
-289
-329
-427
-449
-391
-205
33
246
373
413
420
393
393
375
235
64
16
50
114
286
410
401
305
171
131
179
359
541
607
715
637
487
377
311
402
560
689
817
834
782
720
716
727
688
620
547
433
288
135
-29
-82
-136
-87
127
269
349
365
366
324
218
195
1
-195
-335
-437
-431
-378
-446
-554
-666
-699
-581
-451
-421
-369
-279
-171
-128
-148
-128
-81
-16
5
-40
-29
-67
-42
-115
-189
-136
-177
-196
-202
-222
-210
-250
-306
-407
-581
-662
-823
-963
-1027
-1111
-1114
-1099
-1043
-947
-925
-848
-738
-702
-631
-620
-639
-725
-763
-785
-792
-616
-512
-326
-129
20
274
414
484
430
370
348
438
645
866
1035
1045
947
835
877
1064
1276
1412
1438
1387
1303
1154
1012
1017
1067
1026
1091
1101
1107
1055
968
876
846
793
722
597
428
348
252
152
43
58
190
254
209
161
-49
-271
-369
-441
-476
-433
-399
-447
-390
-338
-207
-138
-297
-467
-693
-897
-1034
-1013
-870
-818
-812
-811
-900
-932
-944
-1030
-1129
-1130
-1033
-928
-948
-895
-821
-747
-518
-202
-11
87
205
217
240
263
233
127
36
52
98
136
109
-100
-269
-340
-300
-325
-318
-201
-171
-56
57
134
191
209
290
418
446
418
261
160
27
-99
-131
-97
136
353
572
716
668
531
442
367
255
235
140
115
194
186
102
86
97
76
128
241
324
357
403
465
437
400
426
472
522
555
515
476
472
347
287
271
242
268
237
238
212
184
233
194
164
78
-14
-74
18
146
210
190
102
6
-9
-33
13
88
59
104
72
76
42
-35
-155
-297
-421
-594
-727
-841
-751
-542
-265
-107
-88
-227
-558
-847
-1032
-1107
-1062
-960
-849
-742
-681
-544
-455
-404
-469
-484
-457
-411
-331
-270
-329
-467
-647
-768
-594
-345
-120
14
61
74
-13
18
70
174
250
271
288
373
522
617
684
635
642
636
607
461
313
260
152
162
199
261
238
296
387
435
512
378
261
134
74
224
361
475
596
610
539
455
373
282
362
500
636
689
584
407
141
-185
-298
-371
-280
-199
-67
27
5
-19
4
70
112
61
-61
-145
-54
134
241
401
421
399
234
69
35
74
94
46
-47
-112
-29
102
45
-119
-308
-368
-409
-446
-473
-602
-668
-760
-795
-712
-608
-451
-377
-413
-455
-450
-429
-449
-528
-662
-777
-919
-926
-787
-634
-519
-332
-149
74
171
66
-15
-54
-8
44
174
235
315
329
284
193
116
114
147
259
314
339
369
519
551
483
369
104
-49
-129
-152
-48
140
276
237
116
62
-135
-309
-422
-390
-251
-128
-18
-79
-97
62
197
233
196
83
31
15
177
337
419
423
390
427
393
444
590
723
727
730
619
407
216
80
67
112
281
399
470
440
343
268
215
173
73
-33
-77
-49
21
76
122
61
-92
-182
-211
-329
-316
-303
-301
-200
-94
-138
-260
-310
-339
-305
-232
-188
-254
-294
-281
-277
-293
-180
-73
-10
-27
-102
-211
-304
-332
-281
-107
68
212
247
93
-93
-190
-239
-190
-125
-64
-85
-91
-45
-48
-61
-129
-210
-250
-186
-26
99
152
134
146
232
262
262
210
121
26
23
87
98
112
8
-154
-294
-310
-251
-245
-193
-285
-411
-496
-583
-636
-654
-728
-811
-755
-636
-456
-289
-166
-176
-213
-224
-261
-200
-76
100
338
622
844
917
830
683
447
286
129
84
165
201
361
583
739
733
717
622
565
570
518
409
283
100
-34
-104
-130
-253
-346
-433
-489
-507
-556
-605
-551
-362
-172
-59
-86
-191
-221
-168
-75
64
126
197
272
384
359
236
268
42
10
225
489
729
847
844
722
522
277
108
26
22
92
215
459
688
756
678
572
470
370
296
188
93
-16
-51
40
80
106
92
62
93
49
-59
-174
-211
-118
-67
-75
-151
-302
-482
-528
-461
-524
-630
-770
-749
-715
-747
-673
-745
-738
-740
-768
-798
-838
-801
-830
-926
-912
-761
-640
-543
-492
-377
-235
-129
62
129
8
-167
-354
-361
-183
89
293
311
247
137
119
42
70
197
258
330
387
401
425
481
522
519
473
401
284
134
61
3
0
61
148
264
402
511
525
475
324
229
113
88
125
130
158
151
185
235
253
181
19
-98
-146
-84
9
9
-71
-153
-143
-86
-60
-120
-277
-412
-367
-238
-51
126
257
233
265
333
433
586
674
733
683
556
386
315
252
234
271
397
522
512
404
309
180
164
145
-27
-249
-420
-468
-434
-296
-130
31
62
-22
-198
-405
-371
-271
-93
22
-18
-82
-99
-62
-24
8
-113
-251
-397
-531
-559
-547
-368
-374
-306
-255
-268
-221
-127
-57
-120
-266
-424
-518
-606
-551
-510
-463
-373
-295
-248
-224
-278
-344
-360
-323
-211
-82
-57
-112
-138
-102
-1
86
44
-100
-207
-209
-4
297
564
613
441
315
266
278
304
370
493
596
652
695
668
594
532
418
290
158
17
-48
-3
127
313
399
363
266
133
63
85
38
-54
-197
-290
-299
-220
-99
9
182
471
673
726
656
475
196
-44
-151
-177
-127
-86
-121
-191
-306
-354
-306
-246
-90
13
-1
9
23
66
165
232
134
-63
-326
-488
-516
-439
-389
-346
-174
-4
76
18
-163
-294
-397
-486
-585
-648
-701
-673
-563
-447
-270
-229
-151
-134
-125
-137
-164
-207
-271
-372
-322
-157
14
144
125
41
-60
-106
-136
-38
85
293
536
622
606
523
459
553
596
537
458
435
469
607
694
736
696
583
424
242
186
156
282
378
485
451
222
5
-141
-208
-207
-86
-76
45
231
431
509
442
208
-84
-144
-159
-27
-17
-165
-284
-348
-418
-366
-311
-360
-353
-382
-485
-566
-659
-705
-643
-531
-407
-272
-207
-305
-409
-498
-544
-494
-351
-198
-178
-118
-45
-19
41
84
234
405
484
537
478
318
185
91
-41
-98
-42
119
390
536
483
321
54
-267
-466
-458
-281
62
240
147
-57
-284
-358
-426
-476
-490
-432
-328
-195
-23
74
130
74
-40
-116
-85
-121
-240
-479
-711
-779
-752
-675
-606
-406
-312
-245
-176
-20
167
280
345
367
435
535
638
780
955
947
924
807
779
843
955
1024
1003
1014
1003
987
933
849
701
557
416
290
274
264
261
254
211
241
293
384
347
259
153
39
-48
-162
-345
-570
-685
-780
-750
-614
-529
-524
-567
-623
-625
-714
-689
-714
-782
-821
-871
-888
-1021
-1019
-862
-652
-477
-308
-407
-510
-616
-633
-488
-296
-84
53
35
-13
-29
-83
-120
-156
-101
19
138
301
390
355
262
231
293
378
444
353
171
67
49
32
10
-59
-99
-40
69
128
106
50
46
119
231
324
436
563
562
542
477
476
335
243
199
234
393
438
396
334
313
244
213
117
57
49
60
61
-1
-127
-191
-184
-214
-184
-181
-233
-242
-184
20
188
245
227
166
124
221
215
219
176
9
-123
-199
-300
-348
-218
-31
286
506
528
388
231
132
108
170
152
104
59
-8
-28
-3
33
-171
-351
-448
-480
-394
-274
-314
-359
-435
-480
-404
-346
-268
-216
-243
-325
-368
-331
-206
-45
95
209
157
84
-93
-262
-298
-264
-203
-283
-487
-726
-856
-841
-712
-505
-237
-65
47
112
90
132
116
43
28
30
42
59
79
97
135
73
110
163
135
99
120
197
352
593
666
585
443
296
222
307
326
313
263
172
136
204
335
470
612
625
510
294
136
41
9
-56
-95
-82
-52
-14
71
94
122
68
7
-44
-55
-20
37
46
-4
53
125
165
88
96
127
194
315
322
337
224
194
148
153
235
207
143
-69
-220
-302
-369
-383
-375
-380
-386
-342
-296
-242
-164
-181
-139
-164
-216
-186
-221
-261
-222
-189
-148
-21
-10
-7
7
23
-6
72
190
265
327
297
205
35
-62
-174
-361
-550
-682
-671
-486
-214
-79
-139
-235
-364
-411
-338
-215
-160
-271
-346
-424
-345
-222
-289
-381
-491
-572
-524
-344
-128
68
178
151
98
199
271
306
291
252
242
231
157
30
-81
-219
-201
-123
-26
33
23
-78
-160
-88
41
224
376
513
505
375
114
-112
-117
-20
216
347
382
249
25
-116
-57
136
323
333
188
136
169
161
184
197
245
322
343
371
471
560
627
775
821
743
624
570
556
556
588
492
371
327
329
350
351
285
269
241
116
28
19
116
262
379
410
296
92
-89
-268
-333
-291
-218
-131
-64
-91
-208
-293
-257
-352
-529
-675
-792
-749
-688
-635
-755
-801
-868
-906
-756
-585
-457
-505
-674
-815
-856
-728
-550
-444
-392
-374
-355
-404
-415
-443
-484
-425
-321
-160
33
149
127
3
-157
-342
-302
-83
199
401
290
-7
-199
-273
-287
-162
-166
-110
-38
39
89
134
68
6
109
225
441
541
572
492
424
460
516
535
415
308
276
364
566
660
782
842
768
660
568
550
609
623
572
464
312
231
270
323
309
216
127
55
-6
4
68
120
196
217
153
76
-15
-57
-32
25
195
285
335
297
186
69
22
-31
-71
-10
-102
-139
-248
-386
-417
-480
-434
-344
-365
-393
-433
-531
-611
-648
-637
-536
-417
-233
-133
-173
-264
-428
-520
-573
-540
-473
-414
-443
-434
-374
-336
-254
-153
-98
-172
-270
-276
-239
-179
-110
-177
-297
-379
-418
-347
-192
-19
51
81
122
161
143
75
43
-13
0
75
107
220
285
326
310
229
94
-6
-151
-206
-180
-125
59
103
196
193
136
32
-42
58
124
209
304
424
437
492
487
537
637
670
767
787
750
730
753
836
891
924
840
665
442
260
289
398
553
580
521
445
266
33
-77
-133
-123
23
82
182
234
171
-5
-214
-189
-164
-76
-161
-325
-434
-387
-256
-215
-145
-266
-397
-464
-517
-454
-438
-530
-673
-746
-769
-782
-750
-739
-606
-507
-511
-422
-340
-210
-205
-355
-570
-820
-889
-849
-762
-756
-768
-882
-886
-741
-621
-522
-546
-617
-594
-504
-320
-111
107
298
343
277
241
197
113
118
122
208
374
512
611
620
588
556
582
595
496
409
413
484
642
681
687
717
706
735
732
684
704
806
866
797
563
399
333
388
591
701
653
630
554
525
603
610
589
531
407
270
186
217
286
317
278
182
112
-24
-96
-237
-365
-353
-246
-133
-49
-16
-41
-72
-53
-63
-263
-485
-788
-968
-1001
-883
-698
-547
-453
-420
-486
-595
-592
-671
-698
-673
-594
-513
-548
-651
-715
-727
-644
-628
-649
-698
-811
-830
-708
-499
-381
-302
-324
-397
-553
-559
-464
-313
-205
-200
-136
-145
-80
-73
-4
36
181
302
399
548
520
578
471
376
262
203
300
367
471
546
616
587
630
651
667
709
657
598
431
257
137
169
328
480
527
455
354
364
442
467
513
470
406
411
466
525
424
249
157
-41
-17
130
253
336
190
81
46
29
49
-32
-98
-143
-186
-153
-188
-192
-244
-375
-518
-571
-593
-581
-512
-485
-344
-213
-111
-51
-4
79
74
5
-135
-265
-377
-370
-230
-203
-257
-349
-454
-419
-366
-359
-319
-277
-214
-157
-115
-135
-110
-29
62
83
7
-26
21
105
131
-1
-176
-328
-374
-287
-98
97
188
163
-31
-212
-322
-275
-209
-106
50
289
619
894
978
951
740
519
238
-28
-183
-277
-79
180
449
597
566
388
296
190
146
106
17
47
5
93
100
74
65
45
-9
-91
-182
-293
-312
-285
-196
-132
-77
-119
-140
-138
-224
-258
-321
-483
-553
-505
-361
-280
-283
-201
-80
32
324
487
611
636
534
371
30
-166
-231
-170
10
133
269
237
191
111
-68
-303
-547
-684
-580
-359
-18
259
269
203
32
-51
-31
27
104
61
67
-28
-41
-11
19
174
257
308
192
99
-66
-223
-278
-215
7
240
330
202
114
4
95
196
343
323
253
186
98
81
-12
-119
-222
-271
-225
-204
-164
-157
-203
-273
-364
-312
-307
-276
-214
-29
24
-31
-216
-284
-284
-176
6
107
52
-47
-56
-107
-76
-58
-27
-31
-95
-63
-6
48
102
43
-34
-76
-102
-144
-206
-282
-276
-106
201
398
567
656
536
387
209
108
83
105
216
225
287
274
194
223
245
255
302
280
277
329
404
436
435
283
-70
-206
-334
-286
-167
-90
28
98
94
-19
-122
-214
-361
-386
-306
-221
-81
-48
-78
-46
-97
-301
-484
-529
-518
-387
-138
25
95
32
-67
-161
-203
-225
-207
-127
25
99
100
114
75
109
117
197
225
177
5
-66
-19
66
222
181
55
-123
-173
-187
-150
-52
61
169
179
189
68
-2
47
87
130
88
-25
-168
-232
-317
-299
-284
-300
-261
-219
-206
-78
-18
15
34
-75
-133
-236
-316
-263
-196
-79
74
167
100
63
73
70
36
-24
2
92
188
265
350
305
296
335
288
236
198
197
300
397
436
374
289
304
269
251
185
212
195
249
261
234
145
75
-30
-186
-186
-212
-81
95
224
290
243
224
73
-10
-198
-315
-346
-375
-308
-160
44
177
129
0
-95
-308
-377
-383
-297
-210
-218
-269
-382
-410
-474
-562
-581
-549
-381
-301
-242
-202
-210
-183
-177
-221
-358
-444
-439
-401
-254
-242
-373
-454
-462
-321
-178
-7
81
169
250
317
333
318
313
342
425
489
522
501
524
548
569
524
560
460
361
326
220
101
-38
-153
-149
5
184
317
369
358
257
183
96
21
-22
102
170
238
340
331
326
236
167
133
187
255
389
489
556
595
613
527
401
285
115
-31
-87
-16
111
163
55
-168
-322
-408
-353
-257
-274
-282
-375
-376
-312
-304
-240
-265
-314
-402
-391
-343
-279
-310
-569
-792
-836
-649
-456
-266
-205
-182
-233
-243
-301
-447
-692
-922
-1029
-996
-840
-630
-419
-334
-271
-158
-103
-47
-132
-360
-524
-515
-330
-158
-19
-40
-151
-236
-253
-194
-79
5
114
238
377
425
449
494
438
365
341
342
390
466
562
705
831
842
792
675
565
532
528
720
883
998
956
908
748
614
599
615
663
665
669
745
773
866
834
660
483
347
325
347
327
367
460
533
536
359
190
-78
-288
-360
-362
-320
-329
-329
-359
-395
-367
-418
-367
-315
-396
-563
-754
-889
-958
-963
-1025
-1116
-1171
-1173
-1011
-773
-627
-600
-736
-862
-964
-853
-683
-703
-667
-655
-635
-546
-495
-462
-404
-464
-602
-687
-656
-567
-442
-339
-359
-388
-453
-370
-301
-192
-73
4
128
193
266
429
614
840
928
954
904
676
499
341
298
284
444
578
638
754
779
739
629
563
534
524
562
599
627
599
612
635
700
717
727
789
703
641
666
717
719
663
580
522
461
359
276
205
69
-71
-131
-185
-167
-156
-119
-73
-52
-99
-69
-84
-149
-306
-414
-510
-639
-598
-478
-313
-287
-368
-469
-559
-635
-678
-598
-570
-512
-536
-582
-565
-445
-263
-219
-155
-222
-376
-354
-438
-544
-599
-653
-631
-560
-597
-790
-971
-995
-819
-498
-98
88
45
21
-15
-94
-112
-164
-95
-28
71
221
292
363
379
412
383
380
391
377
285
313
390
416
446
396
454
530
626
748
817
878
858
874
791
690
572
375
283
226
217
227
192
126
113
199
328
372
395
468
517
514
430
274
164
72
48
11
17
-25
-91
-115
-95
-20
122
96
23
-149
-417
-615
-764
-725
-602
-518
-518
-570
-681
-687
-596
-473
-315
-226
-266
-407
-629
-754
-738
-662
-586
-626
-760
-816
-789
-696
-597
-431
-171
34
112
104
-65
-256
-332
-267
-18
229
223
70
-75
-206
-247
-220
-39
167
348
429
382
245
97
122
144
229
374
583
693
743
697
616
520
440
529
637
665
557
418
320
405
552
660
663
517
403
89
-109
-164
-138
-8
155
339
447
410
431
437
339
257
135
31
-18
103
266
411
356
201
-27
-46
121
355
496
409
190
-104
-267
-387
-397
-421
-450
-403
-288
-168
-261
-311
-377
-444
-462
-508
-473
-429
-531
-599
-597
-517
-458
-427
-453
-573
-809
-971
-946
-874
-621
-314
-36
-57
-222
-494
-640
-711
-634
-477
-393
-307
-336
-268
-272
-272
-345
-382
-260
-115
4
51
2
-32
-18
68
125
148
128
131
315
529
740
869
857
743
660
639
623
627
705
717
748
801
858
858
844
733
665
526
375
279
199
266
338
452
499
500
453
448
438
382
348
292
300
341
384
324
173
-21
-206
-337
-420
-346
-214
-106
-43
106
151
68
-78
-289
-425
-406
-285
-187
-114
-67
-98
-136
-186
-359
-489
-502
-534
-609
-687
-725
-671
-520
-418
-427
-509
-699
-814
-855
-747
-551
-471
-338
-295
-375
-473
-521
-519
-433
-273
-121
-113
-212
-308
-328
-283
-125
102
347
495
613
712
667
487
267
125
91
53
50
77
62
97
160
175
153
153
207
295
212
142
31
81
295
408
416
339
210
186
249
361
351
311
228
152
149
125
75
69
194
365
494
407
308
172
-8
-25
33
95
225
267
339
295
188
67
84
124
146
148
141
99
-23
-47
-111
-102
-171
-191
-262
-351
-223
-99
-59
-81
-153
-125
-131
-70
-46
-171
-271
-238
-175
-164
-212
-181
-75
-80
-139
-293
-429
-401
-287
-118
-49
-108
-318
-367
-249
-94
-39
-99
-266
-475
-560
-431
-289
-171
-34
-7
104
163
213
224
171
112
121
126
199
252
323
270
240
213
193
171
208
246
190
106
-79
-213
-346
-436
-500
-522
-402
-204
-43
112
136
150
67
32
134
267
325
390
462
459
461
470
401
294
221
106
33
33
16
51
58
106
69
-57
-55
-103
-179
-250
-250
-221
-117
-56
-109
-152
-165
-33
33
116
164
180
175
98
-24
-125
-165
-92
73
271
453
466
344
130
-117
-359
-475
-456
-353
-186
-48
-10
0
-45
-59
-86
-121
-126
-199
-318
-411
-381
-233
56
201
275
196
71
-54
-113
-199
-267
-362
-452
-403
-277
-63
32
139
108
58
82
123
106
72
78
-32
-93
-69
128
364
440
466
312
77
11
29
103
159
142
77
89
207
319
373
376
273
204
198
220
187
57
44
83
163
254
352
368
317
313
277
263
277
271
252
172
158
181
224
222
217
191
141
87
-23
-173
-317
-339
-345
-342
-333
-298
-280
-321
-443
-583
-625
-671
-696
-628
-508
-398
-350
-325
-406
-401
-436
-364
-374
-387
-453
-574
-711
-770
-653
-509
-183
100
229
153
-2
-156
-153
-81
-30
-57
-92
-63
62
278
374
359
277
222
230
186
124
-20
-30
132
306
406
326
181
105
90
135
210
227
130
-23
-80
-87
-35
85
42
-38
-72
-77
-76
-7
243
386
466
436
350
351
374
397
359
356
331
270
265
273
344
540
613
596
534
500
530
581
622
502
268
77
-11
-62
-87
-62
-66
-37
58
114
65
91
95
109
154
196
120
-38
-98
-198
-235
-205
-165
-208
-237
-172
-70
8
-52
-173
-369
-448
-376
-291
-298
-424
-480
-529
-500
-516
-544
-599
-653
-678
-661
-710
-817
-931
-937
-914
-790
-627
-573
-534
-549
-615
-718
-753
-663
-517
-249
-49
16
135
105
73
39
53
175
301
396
512
574
514
387
287
268
265
395
459
480
483
461
393
280
270
337
407
381
354
296
278
405
482
575
651
684
682
698
626
592
641
589
638
637
590
604
524
494
570
643
724
736
697
561
533
507
343
299
228
136
81
39
50
48
3
-131
-249
-331
-374
-413
-432
-419
-406
-429
-448
-394
-535
-680
-812
-846
-814
-858
-796
-830
-846
-947
-967
-894
-773
-559
-513
-536
-622
-772
-799
-761
-722
-714
-821
-833
-761
-500
-216
-31
76
56
46
32
-17
-101
-192
-277
-316
-254
-74
119
262
310
205
91
119
173
263
319
267
243
220
385
542
659
653
582
468
314
255
214
268
491
680
768
818
728
589
444
400
391
534
726
877
893
778
663
601
671
729
731
701
592
473
318
119
-42
-126
-159
-108
-43
-35
-50
-103
-165
-271
-308
-311
-445
-553
-573
-504
-418
-343
-400
-496
-599
-576
-437
-322
-285
-387
-556
-729
-938
-1017
-921
-780
-644
-552
-473
-367
-192
-31
31
37
-3
-38
-71
-61
-5
66
185
184
177
102
11
10
-64
-76
-182
-277
-207
-90
41
148
117
0
-121
-122
-53
-2
101
180
293
310
294
179
150
220
345
438
457
492
438
426
346
319
280
142
-17
-124
-79
41
152
145
-10
-148
-209
-87
131
292
381
417
386
375
416
426
434
368
405
375
365
408
332
207
110
82
167
246
340
378
258
178
45
-20
-9
50
90
-39
-298
-436
-521
-491
-337
-186
-38
-59
-118
-246
-348
-444
-474
-449
-429
-348
-356
-400
-438
-541
-636
-708
-677
-729
-824
-862
-797
-671
-489
-365
-262
-230
-267
-245
-334
-437
-543
-458
-282
22
293
300
196
0
-218
-193
-10
248
435
432
369
279
227
289
411
443
441
393
271
233
291
352
381
458
518
593
706
797
786
677
526
456
440
571
706
666
581
432
321
325
394
447
389
197
26
-126
-205
-281
-379
-412
-408
-362
-253
-194
-187
-162
-267
-407
-457
-495
-519
-434
-347
-306
-283
-308
-165
-70
-55
-106
-222
-281
-356
-341
-241
-102
-41
45
124
113
101
15
-58
-60
10
141
225
318
354
279
145
-46
-149
-274
-364
-334
-207
-80
-8
-54
-75
25
99
37
-15
-157
-204
-191
-68
43
44
137
142
193
173
55
-55
-219
-395
-436
-443
-349
-177
-7
95
66
17
37
95
201
243
244
191
76
1
34
185
387
474
376
348
271
330
344
327
258
252
266
228
316
310
302
229
81
-25
-92
-147
-119
-41
11
21
-67
-95
-83
-45
-33
-89
-125
-145
-220
-283
-311
-266
-143
-158
-146
-120
-67
-13
95
50
-67
-184
-331
-390
-369
-350
-389
-408
-470
-535
-524
-564
-522
-472
-525
-447
-303
-172
-93
-64
-132
-120
-33
-14
55
32
42
94
182
293
363
328
293
204
162
137
77
119
121
171
264
281
309
312
329
396
432
447
369
325
202
130
173
182
308
400
462
495
454
325
228
178
78
-25
-37
82
226
428
543
500
374
205
72
-49
-86
17
124
290
392
331
156
60
86
92
35
-26
-177
-296
-378
-501
-524
-564
-554
-449
-348
-301
-356
-394
-459
-569
-555
-532
-497
-506
-421
-216
-133
-182
-357
-543
-673
-692
-653
-504
-323
-284
-297
-299
-345
-389
-387
-357
-334
-335
-387
-242
-157
-141
-70
-92
-2
98
246
359
451
531
551
541
605
697
688
645
476
312
174
111
272
461
650
656
707
717
727
791
669
607
559
545
556
540
523
532
484
471
485
441
353
185
112
73
42
29
-86
-210
-308
-360
-377
-350
-307
-285
-344
-400
-406
-483
-502
-443
-470
-470
-438
-393
-236
-129
-38
17
-45
-76
-153
-316
-438
-526
-472
-418
-390
-416
-468
-504
-531
-417
-270
-143
-91
-118
-183
-267
-244
-124
-104
-86
-130
-159
-187
-201
-112
-71
-108
-190
-187
-166
-41
82
191
190
184
136
29
-9
-31
-71
-122
-41
24
103
233
390
493
570
560
542
463
495
581
700
762
808
786
739
702
651
631
555
467
379
268
167
160
162
273
274
302
203
130
103
72
120
136
190
235
298
236
122
-139
-369
-471
-413
-262
-186
-330
-451
-552
-569
-454
-377
-378
-452
-539
-654
-689
-673
-684
-702
-760
-860
-947
-922
-856
-778
-629
-541
-518
-437
-395
-362
-359
-469
-577
-544
-395
-306
-184
-108
-18
-9
-79
-193
-252
-229
-128
47
160
193
169
278
394
528
595
574
586
514
451
423
461
514
561
584
594
583
724
807
844
910
748
562
340
323
378
419
454
414
445
481
466
456
492
449
375
258
229
235
280
250
198
207
165
171
223
209
88
1
-52
-68
-32
48
132
148
75
-31
-12
6
-46
-121
-327
-465
-585
-613
-599
-513
-436
-408
-463
-506
-488
-384
-319
-296
-271
-321
-255
-245
-243
-271
-190
-126
-109
-183
-322
-455
-718
-741
-727
-607
-504
-584
-598
-594
-429
-281
-233
-248
-340
-470
-473
-424
-327
-247
-252
-208
-102
17
51
34
-67
-33
89
230
320
367
350
233
225
302
341
433
415
388
300
87
-41
-19
103
256
383
482
557
698
841
896
858
671
469
338
302
412
529
576
622
613
713
767
726
675
640
579
544
520
471
416
326
257
231
251
215
174
90
17
-46
-75
-138
-289
-406
-518
-483
-448
-384
-379
-486
-675
-833
-881
-764
-528
-346
-297
-398
-471
-561
-580
-592
-591
-600
-613
-660
-613
-518
-465
-384
-465
-562
-525
-564
-529
-537
-537
-501
-470
-479
-469
-459
-332
-174
-88
-72
-112
-162
-150
-160
-150
-79
-45
-22
0
-12
40
147
233
283
352
390
500
572
583
558
475
496
501
655
786
871
972
955
821
642
543
402
333
415
576
646
668
647
549
523
507
568
682
701
660
561
461
433
427
397
296
91
-143
-278
-385
-305
-196
-124
-29
9
-36
-163
-171
-187
-182
-227
-271
-271
-257
-203
-149
-182
-357
-513
-655
-729
-737
-727
-733
-697
-683
-662
-713
-763
-747
-768
-799
-824
-808
-792
-778
-764
-674
-599
-505
-377
-256
-216
-143
-59
-37
15
0
-110
-203
-292
-175
1
168
340
385
428
474
518
489
455
366
312
318
370
502
585
617
563
458
339
277
324
455
526
533
602
615
640
634
618
557
494
351
265
241
287
279
221
167
62
-16
-35
43
189
349
377
410
509
520
451
285
61
-149
-207
-198
-195
-253
-310
-385
-427
-427
-485
-492
-513
-550
-452
-339
-339
-278
-274
-307
-354
-432
-467
-502
-567
-609
-532
-443
-307
-154
23
39
-22
-68
-84
-30
76
93
-103
-334
-447
-407
-184
26
103
130
97
133
210
263
220
40
-109
-231
-221
-144
43
238
428
457
377
211
-18
-86
-78
54
79
40
-39
6
65
98
135
12
-162
-304
-348
-261
-147
53
183
319
384
408
361
212
118
20
52
177
287
296
272
165
98
22
-14
-24
-71
-61
18
84
174
222
326
347
393
440
351
325
224
82
6
-82
-167
-256
-240
-145
-2
134
30
-131
-305
-364
-323
-194
-27
15
26
-33
-66
-76
-67
-125
-114
-192
-196
-127
33
167
204
120
76
59
17
103
162
221
191
190
108
76
109
14
15
-28
-154
-178
-146
-91
-41
28
31
-36
11
-55
-195
-259
-304
-285
-175
-53
-2
-25
-183
-364
-434
-468
-419
-302
-123
-1
49
-19
-94
-167
-244
-261
-230
-159
-7
210
329
423
299
150
23
-155
-206
-124
8
90
136
98
-32
-103
-87
-98
-16
1
-56
-95
-109
-16
80
171
192
126
82
60
29
-97
-181
-44
189
412
538
440
280
112
-75
-262
-381
-369
-360
-304
-146
-24
161
276
384
388
306
143
-80
-206
-194
-53
48
93
105
132
222
348
450
435
283
159
60
92
103
88
82
35
87
133
92
-25
-108
-218
-272
-276
-349
-405
-361
-261
-96
61
179
178
64
49
68
105
82
33
-62
-142
-179
-275
-147
-58
-3
-61
-280
-448
-500
-378
-217
-71
-19
-67
-55
-5
64
166
115
-52
-172
-280
-296
-254
-83
50
56
91
31
76
104
180
190
54
-119
-180
-39
114
242
208
89
106
191
280
359
370
357
426
491
532
571
477
395
383
408
395
431
450
439
475
460
423
327
207
47
-129
-174
-127
-76
36
144
228
211
211
125
-11
-128
-264
-302
-376
-276
-228
-279
-303
-314
-220
-117
-73
-140
-239
-284
-365
-464
-522
-652
-728
-647
-566
-521
-509
-508
-633
-764
-772
-749
-689
-633
-634
-708
-773
-740
-558
-360
-203
-90
-152
-263
-436
-555
-510
-312
-74
113
215
299
284
311
430
528
662
691
647
616
542
482
355
275
277
275
339
393
433
496
497
455
420
426
440
428
405
292
227
241
290
341
371
313
329
305
227
183
167
217
326
442
589
561
445
305
212
272
362
485
508
441
362
411
484
542
474
318
151
21
-46
-115
-100
27
150
118
33
-117
-330
-478
-589
-568
-485
-397
-310
-300
-399
-497
-526
-548
-484
-362
-339
-407
-464
-526
-580
-501
-413
-453
-458
-546
-553
-469
-381
-319
-364
-500
-587
-547
-532
-604
-668
-749
-723
-664
-636
-494
-437
-416
-387
-470
-453
-426
-328
-214
-224
-236
-279
-283
-157
-126
-3
133
237
313
391
496
585
575
503
479
400
485
543
595
604
603
622
678
712
763
785
765
796
793
787
715
654
637
629
585
530
404
281
409
584
722
756
580
361
183
80
57
99
103
59
14
27
120
257
389
433
332
80
-98
-229
-218
-133
-112
-120
-140
-147
-161
-152
-287
-389
-401
-478
-552
-578
-623
-655
-587
-485
-397
-426
-465
-585
-627
-685
-702
-559
-529
-493
-585
-675
-695
-741
-692
-536
-345
-359
-433
-435
-434
-432
-468
-530
-512
-530
-505
-363
-229
-49
104
227
304
360
348
359
309
282
314
371
451
515
599
712
803
820
719
511
457
420
410
450
459
512
570
630
674
697
704
643
569
431
414
442
508
549
562
507
358
271
269
302
331
374
188
-67
-321
-420
-433
-406
-384
-448
-487
-412
-336
-253
-218
-269
-310
-424
-439
-393
-362
-434
-522
-600
-633
-590
-597
-539
-465
-467
-488
-497
-439
-454
-485
-435
-408
-358
-346
-374
-321
-237
-77
86
251
259
232
147
11
-44
-16
69
73
104
27
14
71
151
233
260
240
132
118
190
313
379
331
254
81
-37
-21
54
149
168
215
184
77
94
125
242
320
386
407
350
386
462
448
443
489
539
618
733
748
607
538
500
483
436
304
213
222
238
230
339
356
388
397
344
352
287
189
117
20
-19
-164
-285
-353
-398
-514
-559
-530
-551
-574
-631
-654
-607
-544
-579
-649
-733
-786
-743
-624
-514
-459
-479
-618
-643
-553
-418
-360
-386
-516
-661
-784
-780
-668
-517
-453
-423
-440
-446
-369
-294
-290
-296
-365
-457
-520
-557
-595
-523
-409
-223
-56
-18
-54
-120
-124
-177
-61
55
271
386
478
563
642
665
620
658
610
514
419
338
294
352
401
551
696
652
561
537
622
731
789
718
703
783
807
887
890
919
863
728
663
629
559
615
711
726
610
428
331
229
174
58
-30
-60
-20
49
190
288
274
87
-119
-65
21
42
50
-18
-159
-239
-244
-157
-78
-43
-31
-120
-172
-383
-553
-524
-533
-579
-653
-617
-569
-581
-629
-601
-478
-354
-294
-311
-414
-562
-676
-654
-514
-346
-268
-237
-255
-261
-295
-335
-420
-510
-599
-536
-345
-231
-208
-181
-170
-141
-138
-129
-95
-102
-206
-362
-433
-400
-407
-448
-451
-413
-286
-215
-106
-61
-25
33
131
199
208
129
95
207
361
478
513
544
574
651
753
820
763
735
727
772
867
827
658
486
299
230
340
436
440
311
156
-10
42
40
69
88
14
9
-60
-96
-143
-80
44
215
274
237
127
-13
-133
-205
-209
-186
-149
-67
-1
23
-2
-115
-207
-361
-366
-340
-272
-294
-476
-583
-611
-586
-414
-275
-227
-277
-374
-431
-305
-123
-80
-17
-5
-10
-11
-61
-65
-62
-85
-43
-5
-31
-37
-23
-10
84
202
299
349
350
248
74
-106
-173
-83
105
387
558
504
310
158
56
119
325
506
617
576
417
162
-36
-89
-43
46
169
283
335
229
125
55
70
134
165
141
129
165
201
286
284
231
123
116
154
207
279
213
94
-88
-248
-296
-303
-217
-185
-232
-320
-392
-443
-418
-356
-367
-333
-368
-402
-435
-435
-425
-381
-237
-193
-212
-288
-310
-337
-338
-449
-548
-543
-559
-463
-395
-331
-387
-420
-539
-515
-419
-333
-261
-186
-134
-122
-175
-252
-229
-285
-353
-333
-273
-163
-34
41
117
103
140
130
104
41
-26
-41
-22
119
173
339
460
444
393
367
364
311
342
364
453
515
628
651
607
554
482
493
472
432
438
533
658
805
826
836
774
657
501
467
501
451
474
446
418
393
398
416
524
688
699
681
637
546
555
441
282
147
-22
-16
-31
-47
-95
-188
-310
-298
-194
-128
-128
-258
-452
-514
-464
-418
-397
-429
-585
-754
-777
-794
-741
-700
-561
-485
-528
-603
-722
-812
-861
-1009
-1014
-870
-812
-676
-666
-738
-829
-900
-732
-620
-579
-517
-383
-248
-250
-325
-350
-378
-380
-355
-173
63
193
173
47
-26
-173
-291
-342
-187
-91
-25
-1
68
172
198
412
658
936
968
809
611
461
453
469
577
764
820
761
728
721
783
688
575
575
613
538
491
490
456
439
314
243
167
147
193
271
389
432
467
417
430
402
374
319
287
262
212
303
330
358
157
-123
-313
-417
-372
-291
-150
-53
-55
-173
-298
-377
-359
-436
-444
-441
-351
-131
5
36
-50
-272
-471
-628
-708
-743
-770
-545
-371
-276
-304
-370
-384
-451
-463
-461
-411
-396
-352
-382
-346
-371
-413
-367
-378
-356
-301
-259
-194
-116
-31
3
12
-68
-146
-231
-257
-83
41
145
229
245
167
126
124
192
303
328
266
177
109
155
314
446
501
541
501
478
396
345
320
339
423
410
383
380
277
226
221
269
323
275
254
279
393
432
362
336
378
313
267
176
55
20
-16
34
132
35
-137
-300
-367
-364
-360
-252
-162
-10
62
18
-95
-306
-482
-599
-587
-573
-575
-653
-652
-683
-782
-768
-691
-601
-637
-719
-794
-750
-672
-502
-297
-76
62
102
84
44
49
-34
-84
-103
-16
84
146
260
378
395
380
497
550
512
455
336
295
249
203
288
336
405
420
342
312
295
320
318
405
428
339
256
212
258
306
264
183
125
137
239
451
627
623
509
442
308
205
98
93
163
223
254
355
425
259
79
-32
88
208
275
213
66
-125
-304
-292
-176
-110
-84
-213
-362
-352
-395
-438
-371
-391
-410
-334
-248
-107
-204
-380
-548
-571
-526
-439
-402
-454
-473
-530
-526
-418
-300
-293
-288
-214
-141
-160
-217
-283
-399
-452
-458
-330
-148
-129
-207
-314
-322
-232
-198
-236
-253
-265
-257
-116
87
174
30
-134
-183
-215
-149
-11
117
294
411
435
394
340
251
165
187
272
314
316
437
533
572
599
527
473
436
374
366
333
282
299
293
394
522
479
442
377
405
383
316
290
190
126
148
183
258
296
314
391
472
475
314
69
-97
-224
-279
-128
93
305
365
302
217
67
-116
-333
-492
-565
-590
-453
-361
-360
-433
-613
-725
-671
-627
-617
-754
-901
-992
-931
-834
-693
-504
-439
-398
-393
-362
-282
-244
-238
-208
-286
-413
-381
-240
-60
57
-30
-53
-29
99
309
425
452
423
316
189
176
173
212
352
413
379
287
164
182
288
441
624
742
760
740
697
582
528
439
327
151
37
-81
-191
-163
-74
26
182
438
627
606
499
349
180
132
10
-67
-69
-67
22
125
213
337
325
184
119
42
-48
-177
-222
-249
-246
-160
-135
-85
-119
-163
-152
-195
-389
-616
-757
-728
-536
-426
-432
-480
-502
-629
-733
-825
-767
-683
-524
-368
-251
-163
-275
-341
-452
-398
-313
-267
-239
-174
-133
-48
73
120
21
-124
-140
-32
151
212
239
124
15
-77
-105
9
113
230
349
434
530
510
434
340
250
210
188
216
199
196
195
325
484
633
737
764
861
851
854
822
779
744
616
529
532
596
527
460
476
511
514
433
407
364
371
412
362
267
60
-170
-391
-440
-358
-277
-252
-249
-215
-308
-291
-259
-254
-275
-389
-386
-277
-340
-533
-817
-964
-904
-811
-663
-557
-454
-440
-533
-566
-609
-714
-908
-998
-1083
-1106
-1008
-861
-686
-532
-508
-540
-520
-643
-625
-523
-468
-376
-279
-101
61
143
146
108
128
147
241
321
270
229
178
232
285
329
348
386
538
688
821
868
915
878
658
501
454
610
799
924
924
856
916
849
765
772
768
693
590
575
680
803
784
750
706
624
557
469
436
467
399
398
455
558
617
479
224
-79
-385
-523
-537
-456
-383
-331
-312
-396
-613
-803
-935
-1047
-1082
-1115
-1201
-1289
-1316
-1282
-1135
-974
-905
-937
-1006
-999
-1029
-985
-806
-704
-632
-621
-625
-585
-640
-622
-592
-475
-239
-141
-117
-130
-232
-237
-201
-194
-85
23
39
29
87
109
152
290
409
551
555
562
677
734
792
860
952
1060
1029
917
849
783
677
722
894
943
959
886
785
723
602
557
425
361
273
272
414
515
505
372
224
122
94
142
184
273
318
311
240
123
33
-108
-174
-173
-102
-35
13
14
-47
-137
-148
-180
-159
-194
-302
-382
-411
-362
-294
-244
-154
-218
-310
-381
-481
-577
-645
-563
-545
-505
-556
-635
-677
-711
-730
-708
-615
-553
-447
-458
-476
-493
-447
-395
-299
-340
-527
-673
-862
-835
-743
-649
-612
-574
-561
-493
-296
-109
58
117
104
18
-34
-97
-111
-111
-64
-51
-48
-4
67
232
339
434
561
658
628
513
281
148
119
187
337
418
464
503
616
670
793
821
793
704
628
612
564
565
582
635
751
801
830
825
743
743
846
1068
1160
1109
910
769
617
545
652
676
704
620
480
321
135
24
-94
-95
-46
17
-11
-42
-138
-217
-221
-239
-231
-270
-319
-494
-645
-816
-996
-1172
-1341
-1379
-1301
-1127
-898
-706
-570
-481
-414
-461
-548
-613
-743
-820
-789
-646
-534
-520
-552
-591
-524
-501
-490
-559
-702
-762
-698
-514
-344
-278
-371
-423
-423
-308
-198
-171
-132
-58
35
151
347
445
434
311
137
102
228
358
493
559
554
529
531
622
726
680
612
548
476
388
315
333
375
506
589
563
584
508
380
318
411
427
405
413
370
357
394
391
437
439
341
273
148
56
-49
-72
6
-10
-42
-43
-101
-134
-125
-126
-165
-132
-179
-278
-345
-280
-294
-394
-487
-572
-621
-688
-693
-700
-646
-667
-607
-466
-367
-251
-137
-61
69
162
221
226
209
146
-12
-48
-21
15
83
187
314
409
405
371
364
344
331
317
293
261
166
-3
-115
-205
-311
-397
-397
-343
-297
-268
-196
-63
41
118
57
95
136
75
79
137
235
271
254
227
183
160
160
281
462
465
385
181
42
-74
-193
-170
-125
-103
-100
-127
-83
-61
-94
-109
-96
-44
-138
-233
-220
-263
-230
-101
60
69
36
-23
-148
-270
-426
-548
-559
-453
-248
-49
116
183
202
225
236
308
331
285
181
135
119
132
93
35
-60
-269
-372
-414
-447
-449
-468
-292
-199
-184
-258
-370
-391
-393
-261
-47
107
126
31
-53
-50
51
110
123
101
72
87
174
225
235
339
310
306
302
289
282
201
147
125
209
310
374
331
213
150
144
233
292
305
261
138
50
52
87
65
18
-4
26
111
248
336
419
355
212
121
100
146
80
90
113
67
79
53
7
-62
-188
-304
-394
-387
-291
-164
-48
-48
-177
-299
-292
-188
-101
-78
-142
-233
-413
-530
-592
-471
-360
-320
-305
-299
-200
-210
-221
-245
-173
-121
-93
-27
44
40
-21
-152
-240
-288
-272
-117
82
296
362
420
386
270
331
451
547
549
513
602
617
641
498
285
82
-1
-9
60
164
94
-22
-125
-103
-58
54
192
282
201
35
-53
-91
-1
34
-108
-292
-422
-494
-455
-374
-340
-365
-398
-374
-261
-206
-213
-298
-395
-427
-377
-317
-268
-279
-348
-423
-532
-580
-582
-435
-278
-199
-143
-122
-126
-172
-241
-223
-211
-120
-13
9
45
56
151
281
456
585
577
451
436
431
514
604
574
521
438
346
434
533
491
393
212
219
327
424
454
475
364
197
135
235
485
680
692
679
620
517
417
456
381
245
125
173
319
390
310
183
24
-93
-92
-94
-88
-161
-271
-429
-427
-384
-407
-427
-473
-476
-452
-373
-234
-189
-341
-499
-566
-584
-592
-653
-690
-686
-644
-576
-440
-402
-499
-519
-636
-669
-678
-651
-584
-470
-309
-320
-350
-343
-315
-225
-192
-260
-253
-291
-304
-186
-44
38
-12
41
65
-47
-235
-330
-228
-139
-33
48
101
139
136
164
267
372
395
452
403
405
379
348
385
429
528
539
637
687
704
774
831
890
899
876
892
901
921
851
685
608
591
658
696
740
667
602
531
510
484
284
129
70
73
68
73
149
201
172
108
46
19
20
-29
-31
-81
-116
-152
-164
-212
-340
-417
-510
-485
-415
-362
-277
-250
-276
-385
-567
-774
-919
-921
-807
-744
-761
-818
-893
-907
-935
-965
-973
-920
-847
-796
-793
-865
-902
-841
-826
-836
-783
-779
-822
-808
-691
-612
-489
-423
-398
-460
-366
-334
-317
-275
-280
-236
-88
135
275
348
374
420
377
417
470
529
554
529
585
663
740
839
848
841
877
886
964
992
1075
1146
1054
978
893
808
783
819
930
1094
1137
1145
1056
876
627
486
454
506
557
651
702
659
552
477
426
458
415
386
387
427
521
458
379
236
86
12
9
51
20
-64
-147
-300
-452
-509
-566
-634
-647
-618
-639
-696
-773
-862
-878
-861
-860
-790
-851
-920
-988
-958
-833
-859
-903
-1118
-1270
-1236
-1034
-877
-788
-915
-1070
-1050
-997
-837
-708
-726
-851
-855
-747
-547
-442
-408
-365
-303
-148
13
13
-86
-296
-431
-429
-214
119
382
534
505
333
162
102
130
266
392
504
503
488
531
600
705
782
685
559
518
544
682
769
894
862
876
881
916
967
1001
1015
1002
998
891
803
708
692
742
865
949
1003
1111
1071
962
790
592
384
239
221
213
135
102
142
280
359
241
22
-275
-455
-512
-576
-617
-658
-744
-763
-641
-514
-480
-593
-788
-880
-957
-975
-903
-855
-911
-868
-852
-854
-795
-838
-928
-1013
-1015
-964
-827
-648
-463
-358
-300
-294
-240
-176
-170
-194
-161
-89
-66
48
133
228
224
108
67
57
102
138
108
128
138
225
246
250
167
51
31
130
420
561
611
551
451
319
247
257
271
370
432
469
395
312
275
294
248
234
246
205
214
164
70
-16
44
120
209
283
189
58
-138
-187
-95
30
182
209
192
199
278
268
219
209
100
-15
-170
-210
-183
-223
-264
-284
-229
-104
14
117
175
78
-28
-76
-111
-135
-44
-23
-41
-25
21
118
204
127
-57
-295
-405
-438
-450
-314
-188
-113
-164
-248
-374
-452
-470
-467
-422
-333
-144
-20
-3
18
-40
-202
-269
-273
-200
-8
218
312
350
212
86
-1
-71
-102
-105
-42
24
166
231
218
168
98
81
142
115
82
21
-18
-14
-12
6
8
18
77
275
390
410
237
138
17
-19
94
299
458
464
337
162
155
217
402
586
776
725
576
435
343
335
364
371
314
268
177
142
19
-67
-137
-240
-235
-248
-245
-196
-80
14
-7
-72
-285
-502
-669
-751
-720
-613
-497
-404
-400
-466
-542
-640
-635
-650
-693
-810
-857
-777
-554
-269
-71
-40
-174
-278
-374
-398
-406
-405
-414
-370
-195
-56
-14
-7
-58
-68
-19
-37
-138
-179
-188
-110
56
159
148
106
74
59
77
214
306
335
301
194
176
229
363
475
575
620
550
424
378
389
379
461
471
320
138
174
339
509
677
690
610
442
346
317
286
322
328
371
388
491
449
418
380
357
428
324
250
180
298
448
462
376
271
333
338
356
407
390
