-241
-252
-349
-248
-228
-179
-150
-77
-15
-5
-17
-168
-168
-107
43
166
65
-133
-276
-367
-462
-609
-707
-736
-526
-349
-127
-22
40
126
226
367
406
427
241
129
-24
41
100
26
-120
-268
-355
-311
-245
-186
-221
-424
-448
-566
-509
-233
292
661
931
1037
840
726
692
944
1118
1036
746
344
115
62
110
71
-113
-506
-944
-1151
-1095
-722
-166
187
170
17
-109
-129
31
226
360
462
398
120
-213
-393
-364
-254
-163
-64
-131
-274
-363
-443
-414
-469
-562
-636
-555
-318
-129
-17
128
229
103
-190
-425
-517
-398
-148
12
71
-13
-20
154
397
569
598
709
686
665
666
538
494
271
104
-73
-341
-524
-502
-353
-192
-69
-103
-154
-238
-284
-280
-212
-298
-259
-177
-91
243
312
387
504
541
615
586
422
56
-330
-538
-561
-469
-293
-170
-228
-335
-398
-196
193
461
508
366
-80
-294
-268
8
423
728
866
675
374
273
339
572
776
728
627
395
196
16
-13
170
409
730
928
988
752
172
-401
-787
-764
-607
-285
-28
-132
-224
-413
-512
-421
-223
-51
-11
-198
-403
-508
-403
-278
-136
-100
-152
-191
-233
-309
-478
-672
-883
-849
-737
-580
-494
-443
-580
-721
-796
-745
-600
-470
-400
-424
-403
-366
-180
76
304
384
246
-19
-260
-242
-152
-34
-64
-91
14
77
256
409
410
368
313
218
255
359
289
300
86
78
264
506
729
654
507
262
91
147
313
518
679
723
795
716
778
754
741
821
850
1038
1076
927
798
584
436
261
172
7
-141
-333
-556
-632
-663
-468
-335
-201
-138
-36
8
-83
-117
-134
-184
-200
-295
-264
-95
19
107
1
-127
-219
-282
-258
-408
-731
-993
-1234
-1121
-838
-453
-112
-117
-427
-902
-1258
-1359
-1238
-928
-676
-562
-599
-784
-787
-547
-240
96
458
648
695
771
825
750
602
372
143
42
90
331
549
722
574
269
96
-5
160
346
457
420
308
175
93
6
51
212
217
171
166
302
560
923
1107
1037
882
487
231
114
1
3
26
-35
-80
-365
-604
-666
-793
-612
-335
60
317
476
535
513
468
439
366
253
264
236
158
-28
-90
12
82
14
-150
-318
-216
-296
-360
-462
-740
-867
-948
-901
-899
-868
-641
-503
-368
-329
-358
-494
-479
-360
-132
242
324
407
380
277
147
194
87
61
140
189
296
394
487
500
464
364
212
86
93
233
361
373
132
-81
-223
-237
-42
41
52
-114
-370
-610
-672
-537
-401
-293
-256
-125
-12
151
234
230
151
26
-85
-236
-167
79
521
781
915
906
673
360
129
-10
-37
-27
17
81
75
67
-20
-113
-282
-454
-507
-496
-529
-467
-268
-109
158
349
427
567
684
711
631
430
20
-337
-567
-700
-557
-409
-158
154
240
210
114
93
-83
-177
-164
-106
-69
-85
-86
-145
-48
84
260
259
151
-82
-426
-706
-717
-561
-410
-267
-145
53
205
225
28
-245
-460
-681
-882
-812
-615
-472
-223
-76
119
342
499
545
448
372
338
296
332
418
560
625
533
409
346
180
127
185
131
257
228
306
320
232
125
36
-72
-123
-32
2
85
170
325
459
497
479
435
282
212
140
193
156
-14
-167
-377
-545
-715
-726
-528
-214
-43
15
23
-205
-362
-598
-754
-842
-862
-683
-290
163
514
644
542
317
24
-251
-486
-320
34
42
-353
-340
-399
-243
148
284
-44
-253
-284
-295
-63
-7
-99
-81
97
214
345
306
242
268
359
441
451
343
212
211
186
198
241
331
328
316
312
278
150
-76
-126
-204
6
174
296
505
449
343
175
-16
-83
-68
-187
-248
-356
-361
-143
105
251
270
26
-222
-295
-425
-538
-581
-599
-470
-290
-72
19
118
234
292
406
279
28
-225
-413
-447
-331
-127
78
259
436
303
188
57
-13
36
-37
-117
-268
-353
-429
-425
-357
-393
-449
-346
-201
-31
183
298
273
208
59
-119
-116
-12
230
373
393
225
-134
-438
-709
-741
-422
47
475
717
758
567
206
12
-209
-384
-457
-403
-235
-21
242
373
207
17
-87
-192
-102
-115
-150
-62
-32
28
101
96
-53
-388
-619
-521
-135
389
605
495
240
23
28
285
528
702
711
544
230
-31
-4
73
156
78
-184
-420
-473
-300
-63
311
583
686
679
477
272
122
0
152
391
414
503
323
167
-73
-368
-540
-686
-512
-264
-61
37
-125
-193
-242
-286
-231
-234
-349
-384
-326
-186
-52
-124
-320
-548
-623
-572
-324
-75
139
207
192
56
-14
-142
-269
-278
-253
-85
3
159
254
295
281
171
-130
-383
-498
-459
-267
72
358
487
489
362
104
-11
-103
-39
256
435
535
547
305
16
-124
-99
-1
143
188
67
-188
-499
-828
-1122
-1202
-1737
-2077
-2056
-645
1812
4530
6267
6063
4111
719
-2879
-5443
-6547
-5832
-3345
900
5465
9669
11408
10460
5452
-2509
-11213
-17903
-19430
-16266
-7914
2237
11921
17927
18891
14735
7265
-1756
-9179
-13179
-12891
-8781
-2471
4099
9093
11412
10667
7074
1491
-4416
-9013
-11211
-10634
-7240
-2223
3054
7006
8636
7688
4501
10
-4417
-7492
-8351
-6942
-3964
-362
3082
5566
6622
5857
3485
382
-2758
-4805
-5335
-4190
-1814
882
2960
4136
4335
3719
2473
724
-1346
-3054
-3816
-3534
-2152
-343
1401
2581
2940
2440
1314
-31
-933
-1479
-1771
-1594
-1134
-411
403
1226
1718
1665
1132
244
-428
-844
-874
-523
40
645
1021
1123
874
637
343
71
-122
-273
-235
-51
323
846
1275
1231
880
363
-75
-372
-457
-381
-166
214
662
1040
1326
1129
446
-454
-1485
-2098
-2496
-2477
-2095
-1428
-769
-259
-142
-182
-237
-127
87
292
303
138
-180
-487
-594
-426
-309
-228
-310
-458
-375
1
592
1138
1443
1111
757
215
-179
-347
-412
-255
14
592
1032
1379
1437
1192
718
117
-112
-343
-699
-1346
-1984
-3114
-4403
-5665
-6163
-5144
-2668
1167
5545
9060
10726
9002
4378
-1914
-7862
-10716
-9725
-4927
1862
8828
13758
15573
13895
9308
2567
-4316
-9502
-11648
-10366
-6313
-890
4050
7088
7447
5086
862
-3985
-8110
-10345
-10032
-7073
-2223
3221
7643
9866
9269
6534
2875
-541
-3324
-5604
-7978
-10836
-13875
-15780
-15298
-11646
-5354
1980
9000
14276
17160
17148
14478
9562
3564
-2311
-6377
-7788
-6369
-3013
750
3703
5255
5129
3558
1008
-2261
-5483
-8216
-9131
-7638
-3785
1101
5294
7260
6369
3380
-387
-3492
-5089
-5086
-3771
-1435
1422
4473
6906
8008
7086
4409
933
-2265
-4129
-4309
-3277
-1797
-552
-23
11
-683
-1594
-2911
-4052
-4920
-5180
-4473
-2781
-658
1138
2077
2020
1173
-227
-1276
-1712
-1548
-1189
-513
676
2299
3830
4751
4450
3257
1531
-140
-1202
-1400
-995
-175
713
1758
2803
3583
3828
2967
1260
-976
-2546
-2965
-2067
-276
1751
3369
4313
4549
4007
2771
1057
-897
-2473
-2977
-1977
256
3047
5465
6676
6209
4400
1922
-679
-2866
-4382
-4996
-4472
-2825
-462
2063
3726
3975
2747
562
-1987
-3926
-4655
-3982
-2292
-385
1314
2300
2618
2024
732
-697
-2088
-2980
-3271
-2885
-1893
-527
646
1118
790
-264
-1352
-2216
-2425
-1961
-874
228
1219
1652
1095
-34
-1471
-2147
-2028
-963
-42
294
-425
-1324
-2103
-2662
-2906
-2977
-2825
-2395
-1505
-488
529
1127
1505
1646
1719
1468
854
-515
-3118
-7423
-12951
-17676
-19536
-17486
-12797
-7773
-4023
-2143
-1528
-1223
-466
937
2616
4016
5081
6687
9592
13752
17788
19951
19592
17196
14103
11231
9115
7596
6383
5122
3693
2517
1799
1322
95
-2780
-6921
-10938
-13256
-13286
-11565
-9116
-6780
-4812
-3057
-1273
713
2745
3891
3803
2420
866
-269
-243
897
2513
4566
6106
7173
7506
7255
6411
5073
3281
1379
-277
-1347
-1773
-1998
-2072
-2315
-3140
-4059
-5093
-5968
-6397
-6751
-6665
-5980
-4498
-2348
233
2497
3986
4490
3863
2545
1145
-111
-947
-1445
-1709
-1797
-1847
-2005
-2395
-3199
-4324
-5565
-6925
-7930
-8459
-8051
-6634
-4551
-2142
19
1630
2398
2346
1769
893
69
-731
-1303
-1385
-692
875
2756
3793
2050
-3743
-13145
-22589
-27085
-24429
-17003
-9564
-4726
-1954
477
3434
6374
8498
9005
7581
5431
5091
8939
16209
23017
25605
23392
18954
14943
11967
8614
3824
-1985
-7228
-10144
-9881
-6701
-2705
-896
-3253
-8650
-13257
-14086
-11375
-7880
-5513
-3243
1029
7877
15411
21041
23127
21375
16858
11570
7858
6470
6088
4942
2365
-276
-1547
-1707
-2529
-5576
-10584
-16036
-20112
-21647
-20294
-16849
-12798
-9210
-6104
-3022
109
1970
1597
-329
-2064
-1578
879
4078
7248
10197
12886
14387
13693
10537
5362
-1064
-7464
-12064
-13338
-11407
-8265
-5511
-3235
-733
1936
3026
1254
-2456
-5893
-7120
-5549
-2130
1971
5619
7779
8354
8242
7999
6861
3568
-1585
-6202
-7546
-5441
-2077
475
1207
879
292
-199
-561
-1300
-2769
-4675
-5774
-4897
-2438
184
1574
1650
1251
1055
1262
1712
2345
2689
1303
-3484
-12218
-22161
-27814
-25886
-18216
-10087
-4734
-1231
2646
7567
12014
14617
14982
13153
9908
7559
9142
15073
21683
24176
21491
16848
13497
11297
7282
-469
-10225
-18296
-21832
-20351
-15291
-9004
-3784
-1142
-653
235
3076
6708
8383
7073
5448
7214
12857
19152
22714
22520
19835
15948
11234
5904
155
-5904
-12076
-17262
-19597
-18023
-14049
-10562
-9265
-9355
-8892
-7184
-5347
-4383
-4141
-3321
-780
3316
8294
12801
14969
13495
8478
1307
-5597
-11435
-16268
-19286
-19279
-14964
-7671
-248
4963
7521
8277
7897
6209
3142
-620
-4330
-6738
-6937
-4475
-58
3507
3833
1099
-2330
-3888
-3677
-3376
-3710
-3386
-1053
3715
9082
12803
13446
10372
4766
-1346
-6086
-9031
-11166
-13135
-14060
-12052
-6642
124
5575
7749
7252
5699
4261
3290
2523
1744
1015
801
1340
2290
3055
3224
2963
2755
2692
1473
-2613
-10679
-20935
-28065
-27844
-20759
-11887
-5212
-436
4620
10938
16779
20035
19974
16890
11976
7377
5928
8517
12663
14449
12608
9639
8151
7692
4874
-2652
-13160
-22230
-26105
-24115
-18281
-11073
-3916
2511
8301
13965
19007
21852
20773
15862
10087
6955
7340
9035
9326
7820
6064
5188
4271
1550
-3816
-11083
-18178
-23083
-24282
-21655
-16550
-10604
-4701
1380
7896
13519
16220
14901
10630
5848
2564
1059
414
-209
-868
-1303
-1576
-2695
-5701
-10888
-17284
-22162
-23323
-19500
-12136
-3823
3766
10151
15748
19884
20904
17419
9893
577
-7516
-12321
-13769
-12888
-11133
-8916
-5581
-857
4557
8372
8723
5929
2416
860
1982
4314
5619
5065
3169
1431
249
-1468
-4845
-9968
-14761
-16686
-14161
-8017
-644
5711
10099
12918
14426
14481
12288
7880
2333
-2192
-4174
-3756
-2167
-764
10
478
1158
2203
3360
4160
3365
-476
-8280
-18878
-27308
-28737
-22506
-13164
-5528
17
5744
13001
19869
23312
22287
17737
11610
5833
2314
1962
3835
5560
5419
4503
4515
5481
4739
-639
-10049
-19483
-24327
-22801
-16860
-9377
-1689
6187
14084
21209
25902
26691
23205
16212
8029
1327
-2459
-3838
-4479
-5220
-5169
-3349
-451
976
-1276
-7062
-13716
-18307
-19319
-17066
-12625
-6479
971
9281
17167
22709
24104
20561
13055
3966
-3962
-9493
-12918
-14908
-15452
-13609
-9378
-4598
-2147
-3922
-9042
-14640
-17359
-15490
-9748
-2189
5114
11568
17249
21629
22955
19334
10580
-883
-11238
-17543
-19264
-17910
-14884
-10570
-4646
2775
10045
14715
15127
11415
5728
853
-1677
-2201
-2180
-2602
-2977
-2264
-362
1470
1264
-1631
-5679
-8265
-7632
-4156
526
4821
8224
10947
12964
13297
10949
5758
-994
-6773
-9900
-9866
-7773
-5079
-2345
206
2599
4505
5526
5661
5208
4704
3734
864
-5361
-15207
-25027
-29336
-25423
-16241
-7392
-1102
4195
10679
17737
22508
23125
19808
14089
7833
3037
1119
1802
2971
2561
1139
802
2369
3557
789
-6554
-15197
-20433
-19910
-15009
-8422
-1588
5582
13092
20261
25472
27131
24429
17674
8981
1095
-4139
-6983
-8984
-10837
-11369
-8988
-4285
-80
749
-2173
-6651
-10128
-11178
-10009
-7394
-3588
1595
8259
15517
21311
23133
19609
11596
1947
-6268
-12045
-16165
-19317
-20732
-18878
-13364
-6474
-1140
205
-1991
-5267
-7301
-5935
-2145
2456
6136
8553
11035
13521
14543
11598
3925
-6009
-14257
-18190
-17703
-14631
-10509
-5502
481
7302
13511
16856
16004
11092
4402
-1339
-4709
-6179
-7274
-8258
-8209
-6103
-2374
1070
2448
1486
-445
-1337
-355
1968
4392
5997
6807
7281
7507
6885
4577
432
-4526
-8487
-10081
-9083
-6393
-3261
-364
2021
3915
5076
5375
5043
4506
4297
4259
2858
-1697
-10516
-21359
-28610
-27922
-20299
-11311
-4524
933
7639
15815
22516
25081
23086
17795
11086
5045
1300
67
-277
-1675
-3550
-3521
-591
2829
2675
-2356
-9592
-14668
-15280
-12412
-8079
-3100
2919
10150
17805
24186
27270
25656
19472
10829
2625
-3377
-7693
-11673
-15110
-16080
-12994
-6971
-1231
1600
1324
-444
-2006
-2672
-2781
-2721
-2347
-783
3066
9034
14929
17543
15182
8972
1852
-4023
-8852
-13778
-18661
-21529
-20240
-14598
-7001
-519
2537
2321
883
495
1985
3937
4596
3524
2402
3067
5235
6525
4563
-625
-6610
-10567
-11544
-10299
-8268
-6047
-3177
1054
6571
11812
14522
13215
8667
3165
-1144
-4029
-6560
-9190
-10967
-10415
-7255
-2835
908
2991
3679
3963
4616
5548
5884
4993
3122
1544
1316
1995
2145
612
-2080
-4450
-5535
-5491
-5115
-4729
-3824
-1839
945
3536
4951
4930
4055
3252
3163
3846
4746
4185
257
-8168
-19338
-27794
-28655
-22270
-13860
-7233
-1492
6014
15251
22845
25901
24140
19102
12540
6255
1700
-893
-2614
-4757
-6492
-5694
-1932
2068
2703
-875
-6047
-9386
-9761
-8261
-6102
-3107
1651
8227
15627
21887
24937
23529
18012
10565
3546
-2221
-7604
-13189
-17570
-18228
-14251
-7719
-1927
1221
2088
2078
2119
2228
1840
680
-678
-758
1759
6391
10595
11637
8957
4326
29
-3475
-7213
-11870
-16435
-18640
-17089
-12010
-5436
184
3118
3589
3184
3385
4254
4349
2862
555
-676
-4
1641
2298
852
-2130
-5114
-6748
-6844
-5910
-4744
-3410
-1285
2143
6384
9812
10781
8903
5403
1698
-1532
-4447
-7273
-9363
-9756
-7958
-4487
-619
2521
4371
5071
5287
5508
5514
4717
2913
873
-332
-416
-231
-587
-1698
-2967
-3666
-3793
-3672
-3378
-2619
-1119
1072
3330
4956
5438
4848
3838
3015
2727
2920
3333
2751
-577
-7998
-18438
-27105
-28985
-23516
-15074
-7676
-1186
6612
15614
23046
26183
24629
19813
13195
6638
1540
-1678
-3824
-6053
-7557
-6543
-2924
860
1820
-639
-4233
-6511
-6754
-5796
-4343
-1910
2073
7680
13928
19181
21632
20123
15178
8639
2475
-2854
-8121
-13374
-17005
-16950
-12928
-7070
-1924
1268
2764
3489
3987
4174
3662
2243
551
96
1899
5281
7872
7841
5235
1706
-1349
-4094
-7315
-11104
-14249
-15229
-13203
-8756
-3440
830
3077
3846
4149
4832
5159
4251
2212
50
-992
-785
-369
-687
-2024
-3956
-5336
-5733
-5004
-3673
-2486
-1109
895
3514
6220
7772
7470
5808
3342
603
-2072
-4798
-7060
-8207
-7930
-6120
-3334
-494
1884
3508
4531
5303
5669
5269
4038
2347
946
183
-173
-518
-1146
-1923
-2545
-2980
-3278
-3489
-3539
-2917
-1512
452
2497
3930
4475
4241
3670
3143
2876
3001
3480
3914
2791
-1667
-10310
-20947
-28334
-28379
-22029
-13857
-6659
495
9179
18266
24797
26623
24029
18423
11487
5142
451
-2578
-5010
-7246
-7869
-5586
-1434
1692
1614
-1095
-4068
-5607
-5657
-5006
-3753
-1364
2688
8161
13877
18141
19258
16773
11829
6303
1290
-3580
-8883
-13779
-16276
-14891
-10387
-5041
-736
1841
3169
3909
4323
4197
3084
1082
-627
-563
1670
4617
6190
5462
3218
820
-1306
-3703
-6921
-10463
-12882
-12908
-10055
-5421
-971
1911
3098
3792
4886
5892
5709
3801
1003
-1055
-1847
-1726
-1769
-2684
-3967
-4945
-4839
-3666
-2265
-1259
-554
526
2563
5042
6742
6972
5775
3896
1864
-358
-2846
-5400
-7482
-8279
-7390
-5182
-2436
-3
1870
3467
4985
6105
6223
5077
3201
1432
202
-527
-1211
-1941
-2509
-2679
-2458
-2042
-1801
-1785
-1768
-1467
-587
621
1729
2303
2389
2303
2391
2698
3209
3885
4757
4803
2094
-5003
-15850
-25741
-29329
-25317
-17578
-10338
-3543
4749
14388
22638
26511
25544
20904
14111
7215
1740
-1826
-4315
-6715
-8086
-6669
-2623
1478
2738
810
-2227
-4309
-4991
-5035
-4666
-3306
-216
4656
10365
15388
17933
17012
13269
8365
3706
-803
-5885
-11141
-14699
-14702
-11234
-6301
-1956
904
2588
3652
4317
4375
3364
1304
-856
-1556
27
2896
5054
5216
3751
1946
276
-1719
-4689
-8224
-10866
-11208
-8977
-5216
-1453
1088
2358
2971
3416
3440
2347
226
-1916
-2834
-2192
-846
107
296
-113
-611
-949
-1326
-1839
-2457
-2671
-1847
75
2360
4066
4668
4392
3718
2621
854
-1594
-4179
-5963
-6375
-5435
-3684
-1785
-97
1436
2897
4138
4677
4160
2831
1449
685
513
473
129
-469
-899
-919
-693
-706
-1306
-2263
-2877
-2569
-1253
478
1858
2559
2760
2840
2956
3108
3274
3617
4014
3168
-892
-9355
-20182
-27992
-28492
-22330
-14132
-6977
177
8788
17873
24465
26314
23825
18317
11490
5247
565
-2494
-4948
-7180
-7675
-5299
-1105
2028
1955
-640
-3435
-4826
-5032
-4853
-4217
-2361
1363
6592
12051
16079
17244
15274
11212
6623
2277
-2262
-7383
-12096
-14427
-13133
-9135
-4575
-1072
1102
2526
3574
4173
3894
2486
420
-1135
-922
1153
3686
5004
4493
2932
1267
-408
-2663
-5687
-8570
-10056
-9511
-7282
-4465
-1939
-153
1256
2759
4222
5021
4337
2479
498
-708
-1093
-1354
-2011
-2752
-3159
-2959
-2335
-1805
-1464
-1212
-648
554
2180
3580
4259
4127
3624
3042
2016
249
-2201
-4660
-6232
-6489
-5611
-4088
-2372
-563
1421
3359
4842
5424
4932
3723
2467
1537
852
109
-814
-1624
-1995
-1853
-1609
-1667
-2159
-2633
-2539
-1565
79
1708
2828
3266
3197
2977
2733
2506
2486
2784
2897
1027
-4679
-14244
-24080
-28936
-26496
-19346
-11690
-4611
3360
12695
21269
26152
26274
22564
16417
9703
3929
-299
-3317
-5976
-7740
-7101
-3804
134
1989
770
-1908
-3927
-4592
-4569
-4407
-3543
-1060
3388
8908
13948
16911
16882
14145
9946
5515
1085
-3813
-8997
-12970
-13934
-11524
-7322
-3337
-535
1283
2664
3621
3854
3041
1335
-440
-1138
-106
2149
4177
4783
4000
2687
1369
-297
-2953
-6532
-9868
-11563
-10944
-8474
-5375
-2303
498
3172
5675
7186
7109
5361
2597
30
-1727
-2780
-3417
-4018
-4266
-3830
-2886
-1727
-981
-775
-533
149
1366
2812
3827
4213
4229
3966
3373
2076
-127
-2841
-5339
-6838
-7009
-6146
-4610
-2635
-343
2178
4437
5843
6089
5297
4034
2707
1476
278
-931
-1913
-2449
-2394
-1929
-1517
-1489
-1685
-1675
-1164
-162
850
1437
1601
1647
1910
2392
2987
3568
4226
4538
3054
-2023
-11287
-21816
-28418
-27787
-21558
-14007
-7007
738
10154
19399
25349
26350
23223
17449
10811
4870
344
-2769
-5281
-7054
-6753
-3817
192
2546
1752
-1053
-3642
-4881
-5230
-5390
-4920
-2791
1441
7052
12487
16144
16973
15004
11175
6768
2309
-2500
-7607
-11868
-13446
-11662
-7728
-3725
-859
961
2268
3206
3372
2522
820
-933
-1664
-711
1596
3945
5069
4691
3522
2229
663
-1856
-5418
-9049
-11221
-11044
-8836
-5579
-2287
640
3153
5215
6493
6485
4965
2441
-89
-1827
-2611
-2961
-3189
-3298
-3035
-2361
-1650
-1271
-1286
-1296
-833
285
1794
3172
4001
4269
4153
3653
2530
559
-2063
-4603
-6268
-6659
-5914
-4510
-2727
-627
1668
3817
5234
5548
4842
3564
2237
1134
265
-539
-1265
-1710
-1767
-1514
-1308
-1395
-1611
-1590
-1011
-16
942
1482
1554
1480
1576
2034
2882
3954
4876
4430
960
-6679
-17103
-25972
-28904
-25111
-17977
-10696
-3258
5612
15336
23117
26387
25024
20416
14167
7919
2653
-1166
-3824
-5778
-6337
-4625
-1174
1849
2269
-35
-3142
-5231
-5954
-6084
-5811
-4276
-687
4712
10513
15059
17135
16386
13348
9072
4490
-246
-5238
-9861
-12631
-12277
-9149
-5098
-1859
85
1241
2109
2521
2078
720
-922
-1835
-1268
779
3389
5264
5620
4680
3193
1519
-758
-4055
-7964
-11054
-11867
-10209
-6877
-3144
233
3116
5415
6881
7104
5855
3456
731
-1515
-2728
-3174
-3300
-3297
-3154
-2628
-1880
-1376
-1323
-1453
-1250
-291
1244
2794
3907
4398
4367
3897
2871
1182
-1141
-3672
-5707
-6650
-6342
-5076
-3316
-1324
806
2851
4435
5097
4746
3708
2517
1480
630
-77
-754
-1311
-1644
-1685
-1543
-1400
-1409
-1400
-1066
-319
666
1409
1666
1664
1748
2211
3063
4074
4632
3148
-2104
-11438
-21897
-28340
-27642
-21463
-13911
-6820
930
10243
19269
24915
25690
22406
16744
10438
4834
617
-2163
-4123
-5356
-4920
-2357
997
2708
1344
-2034
-5134
-6566
-6692
-6300
-5146
-2342
2393
8156
13320
16474
16895
14673
10714
6146
1699
-2682
-7099
-10702
-11956
-10135
-6311
-2577
-280
705
1177
1502
1404
616
-643
-1639
-1561
-11
2579
5046
6177
5577
3874
1873
-291
-3074
-6588
-9904
-11567
-10735
-7741
-3742
168
3317
5396
6410
6376
5311
3311
720
-1674
-3107
-3424
-3055
-2624
-2406
-2229
-1975
-1691
-1531
-1512
-1298
-537
769
2348
3720
4483
4475
3763
2520
831
-1183
-3327
-5152
-6096
-5902
-4708
-2959
-1095
668
2227
3395
4004
3923
3239
2233
1239
519
91
-159
-469
-895
-1306
-1548
-1581
-1436
-1155
-757
-227
392
993
1530
1938
2242
2615
3230
4164
4401
2076
-4481
-14699
-24496
-28926
-26082
-18789
-11032
-3835
4088
12983
20754
24735
24042
19818
13808
7869
3210
148
-1672
-3085
-3825
-2924
-407
2086
2278
-432
-4353
-7157
-7891
-7209
-5894
-3744
-77
5052
10538
14791
16634
15631
12318
7890
3498
-411
-4080
-7488
-9719
-9574
-6980
-3485
-920
-19
-172
-411
-420
-486
-939
-1495
-1521
-401
1900
4563
6342
6334
4675
2321
56
-2113
-4624
-7427
-9441
-9578
-7567
-4266
-986
1599
3196
4003
4197
3728
2644
1056
-607
-1688
-1862
-1414
-904
-988
-1538
-2089
-2415
-2439
-2307
-2024
-1284
13
1619
3140
4072
4198
3584
2400
915
-695
-2314
-3790
-4788
-4912
-4129
-2764
-1329
-86
906
1728
2292
2417
2160
1727
1351
1155
1097
1052
880
463
-177
-809
-1306
-1620
-1730
-1592
-1033
-120
871
1634
2104
2433
2857
3457
3935
3233
-250
-7582
-17581
-26109
-28821
-24625
-16585
-8290
-582
7373
15413
21533
23698
21694
16881
11054
5916
2416
646
-94
-701
-1065
-466
993
1912
575
-3031
-7072
-9418
-9363
-7612
-4957
-1432
3118
8231
12776
15551
15913
13812
9920
5413
1422
-1686
-4202
-6231
-7191
-6380
-4102
-1742
-648
-1044
-2084
-2861
-3040
-2770
-2264
-1440
-103
1845
4178
6193
6948
5833
3153
-15
-2753
-4754
-6192
-7039
-6806
-5154
-2489
195
1968
2506
2051
1141
217
-516
-989
-1276
-1313
-1015
-454
77
117
-467
-1416
-2224
-2536
-2341
-1762
-912
235
1541
2657
3209
2940
1967
633
-679
-1698
-2418
-2892
-3103
-2972
-2381
-1445
-474
218
529
669
823
1015
1129
1094
968
896
956
1069
1093
877
429
-139
-672
-1088
-1339
-1395
-1164
-587
223
1071
1714
2123
2336
2555
2973
3246
2310
-1605
-9363
-19266
-26907
-28203
-22850
-14247
-5802
1775
9235
16413
21466
22741
20133
14978
9237
4697
2318
1758
1783
1370
751
798
1476
1339
-962
-5077
-9029
-10698
-9640
-6726
-2932
1291
5797
10155
13603
15222
14453
11391
7018
2893
52
-1609
-2888
-4128
-4823
-4298
-2849
-1603
-1531
-2670
-4118
-4940
-4614
-3293
-1508
247
1824
3430
5061
6100
5632
3396
173
-2658
-4230
-4663
-4557
-4257
-3591
-2345
-760
615
1248
862
-193
-1203
-1558
-1146
-471
-114
-135
-286
-337
-463
-1027
-1969
-2863
-3219
-2747
-1615
-190
1148
2134
2682
2825
2545
1778
561
-810
-1875
-2361
-2356
-2184
-2080
-2003
-1774
-1368
-895
-488
-170
168
635
1244
1821
2174
2132
1758
1304
913
642
286
-236
-770
-1085
-1048
-760
-429
-154
24
239
512
871
1432
2263
3253
3769
2678
-1510
-9103
-18563
-26129
-28121
-23866
-15574
-6413
2008
9576
15976
20228
21285
18953
14437
9390
5486
3718
3583
3968
3809
3016
2155
1337
-62
-2830
-6538
-9798
-11021
-9582
-6123
-1655
2926
7101
10464
12628
13254
12110
9332
5803
2672
777
-20
-544
-1224
-2001
-2452
-2582
-2839
-3630
-4873
-5904
-5962
-4679
-2399
118
2161
3429
4154
4508
4311
3178
1051
-1419
-3223
-3808
-3351
-2498
-1852
-1446
-1107
-746
-453
-479
-934
-1561
-1929
-1641
-812
54
474
266
-301
-923
-1516
-2131
-2651
-2891
-2643
-1788
-604
610
1501
1880
1825
1480
1018
477
-138
-744
-1187
-1387
-1434
-1491
-1686
-1919
-1998
-1809
-1347
-781
-235
247
672
1096
1466
1629
1556
1282
970
728
581
448
275
82
-139
-307
-354
-286
-105
90
201
277
494
925
1697
2707
3182
1998
-2438
-10135
-19210
-26088
-27365
-22886
-14672
-5515
2812
10051
15616
18865
19383
17043
13078
8967
6193
5600
6365
7155
6857
5456
3504
1289
-1379
-4798
-8338
-10838
-11168
-8891
-4731
244
4878
8347
10536
11356
10914
9342
6883
4401
2630
2010
2116
2098
1482
206
-1287
-2737
-4127
-5484
-6631
-7068
-6318
-4317
-1594
901
2496
3069
2977
2602
2017
1106
-12
-974
-1410
-1235
-818
-566
-703
-1232
-1817
-2136
-2104
-1827
-1538
-1293
-1010
-737
-535
-622
-1033
-1593
-2136
-2424
-2342
-1920
-1396
-890
-521
-310
-214
-169
-130
-43
162
396
585
662
614
468
140
-403
-1074
-1752
-2242
-2449
-2322
-1902
-1287
-621
-51
385
688
834
902
932
1009
1116
1213
1242
1178
1043
809
560
218
-97
-354
-508
-535
-459
-346
-198
4
431
1104
2092
2849
2424
-354
-6250
-14110
-21636
-25682
-24411
-18490
-9794
-977
6434
11986
15218
16344
15336
12708
9806
7654
7186
8196
9585
10230
9368
7105
3772
-17
-3881
-7316
-9559
-10170
-8718
-5509
-1467
2595
5765
7702
8379
7953
6864
5519
4503
4149
4401
4885
4953
4273
2686
510
-1798
-3873
-5348
-6180
-6154
-5237
-3633
-1749
-243
525
510
1
-465
-579
-262
314
956
1473
1688
1491
761
-372
-1715
-2903
-3578
-3538
-2810
-1751
-770
-227
-221
-645
-1345
-2074
-2585
-2772
-2599
-2098
-1416
-729
-249
-145
-448
-958
-1387
-1572
-1414
-920
-289
312
692
790
628
267
-270
-859
-1385
-1722
-1782
-1636
-1371
-1098
-904
-772
-660
-569
-495
-394
-201
154
671
1221
1752
2065
2079
1766
1333
960
713
554
385
129
-113
-375
-632
-735
-588
43
1066
2399
3095
2036
-1956
-8843
-16478
-22330
-23985
-21047
-14646
-6261
1827
8212
12172
13476
13077
11485
9547
8345
8226
9394
11137
12378
12404
10693
7262
2697
-1872
-5617
-7932
-8616
-7910
-5734
-2653
620
3347
4842
5130
4491
3582
3133
3432
4488
5841
6924
7272
6534
4750
2178
-599
-3007
-4650
-5243
-4836
-3722
-2398
-1438
-1142
-1544
-2280
-2893
-2965
-2323
-1107
342
1655
2554
2754
2165
951
-568
-1889
-2683
-2830
-2405
-1675
-996
-631
-737
-1243
-1908
-2473
-2740
-2668
-2312
-1819
-1310
-904
-675
-735
-1048
-1492
-1945
-2189
-2070
-1580
-842
-88
450
680
642
393
61
-244
-506
-655
-724
-753
-776
-764
-816
-968
-1220
-1464
-1551
-1434
-1107
-630
-38
599
1173
1564
1657
1527
1326
1212
1186
1128
981
745
510
293
70
-173
-333
-264
154
896
1822
2222
1150
-2221
-7715
-13809
-18726
-20888
-19753
-15499
-8733
-1240
5151
9340
11026
10910
9804
8543
8119
8869
10399
12047
13093
13097
11765
8871
4736
363
-3361
-5782
-6576
-5941
-4223
-2050
-114
1240
1890
1956
1678
1464
1774
2768
4293
5841
6995
7442
6868
5327
3010
515
-1456
-2569
-2693
-2136
-1373
-899
-1029
-1697
-2697
-3689
-4290
-4208
-3277
-1771
-116
1226
1922
1879
1181
127
-957
-1750
-2041
-1813
-1211
-449
140
273
-130
-969
-1946
-2790
-3283
-3307
-2909
-2239
-1569
-1104
-984
-1230
-1706
-2147
-2357
-2290
-1947
-1449
-828
-186
294
478
304
-99
-503
-728
-699
-438
-91
168
249
103
-210
-688
-1193
-1681
-2054
-2165
-1980
-1476
-761
45
753
1231
1440
1379
1165
931
817
931
1129
1300
1179
743
156
-314
-384
-103
378
922
1478
1683
768
-2120
-7140
-12933
-17511
-19454
-18339
-14655
-9128
-2867
2693
6594
8573
8961
8447
7822
7995
9358
11413
13338
14366
14095
12471
9610
5843
1935
-1316
-3398
-4078
-3645
-2523
-1211
-202
235
233
-109
-513
-573
21
1474
3517
5514
6888
7340
6738
5284
3237
1164
-308
-966
-848
-288
192
201
-425
-1538
-2798
-3903
-4555
-4510
-3720
-2326
-849
288
747
494
-251
-1112
-1694
-1876
-1589
-953
-124
581
922
743
46
-1000
-2005
-2681
-2915
-2735
-2318
-1834
-1490
-1391
-1609
-2037
-2553
-2919
-2969
-2697
-2201
-1633
-1123
-780
-594
-573
-632
-685
-675
-553
-280
127
530
762
780
572
142
-415
-1023
-1588
-2037
-2230
-2076
-1576
-800
9
599
897
971
865
724
578
515
619
848
1085
1125
919
661
572
683
834
851
739
641
693
592
-99
-2037
-5471
-9850
-13964
-16420
-16429
-14029
-9831
-4820
-94
3501
5688
6570
6767
6752
7099
8248
10184
12421
14136
14709
13800
11591
8456
4999
1939
-233
-1256
-1323
-835
-239
102
-11
-582
-1400
-2146
-2466
-2173
-1218
248
1934
3514
4611
5028
4703
3831
2703
1732
1182
1172
1488
1743
1685
1202
247
-1019
-2384
-3541
-4172
-4103
-3425
-2519
-1766
-1377
-1434
-1799
-2223
-2551
-2566
-2266
-1690
-946
-181
357
560
389
-41
-660
-1198
-1507
-1549
-1464
-1371
-1260
-1145
-1121
-1301
-1704
-2229
-2582
-2761
-2607
-2208
-1666
-1227
-1095
-1212
-1491
-1716
-1784
-1549
-1091
-489
63
455
614
517
331
125
-67
-277
-474
-648
-753
-767
-672
-516
-313
-61
170
378
440
358
167
52
116
368
604
571
234
-181
-348
-118
401
991
1452
1726
1898
1894
1564
388
-1819
-4813
-7793
-9818
-10420
-9709
-8012
-5713
-3232
-1036
380
939
910
800
1151
2320
4326
6793
9188
10982
11839
11604
10378
8547
6624
5133
4321
4170
4434
4742
4763
4291
3291
1896
325
-1136
-2247
-2819
-2850
-2396
-1638
-825
-204
27
-104
-525
-1061
-1386
-1308
-678
392
1549
2456
2807
2562
1811
808
-194
-895
-1177
-1072
-820
-606
-564
-814
-1327
-1978
-2481
-2678
-2574
-2279
-1964
-1816
-1829
-1913
-1954
-1889
-1791
-1747
-1798
-1899
-1906
-1719
-1449
-1224
-1183
-1334
-1425
-1452
-1440
-1587
-1779
-1844
-1696
-1315
-981
-869
-1153
-1520
-1744
-1657
-1387
-1165
-999
-857
-655
-554
-668
-1001
-1215
-1106
-573
141
645
765
553
243
152
440
929
1363
1510
1373
1145
870
631
502
454
526
648
759
875
987
1002
937
896
948
1047
1149
1137
973
797
742
897
1220
1516
1597
1448
1114
726
434
332
459
746
1066
1325
1459
1438
1291
979
655
475
373
276
152
-67
-342
-531
-612
-588
-523
-478
-545
-701
-902
-1012
-992
-845
-608
-397
-220
-128
-117
-164
-271
-355
-375
-337
-223
-70
82
195
246
276
283
311
350
301
153
-53
-195
-155
0
161
303
334
336
332
375
455
481
514
492
473
409
281
121
-22
-118
-95
11
98
124
63
5
-106
-187
-265
-268
-192
-55
87
139
70
-83
-250
-376
-434
-487
-489
-496
-482
-486
-474
-502
-567
-684
-809
-860
-817
-708
-604
-552
-530
-519
-507
-435
-341
-180
41
191
233
143
-28
-170
-243
-272
-387
-580
-674
-507
-88
337
535
392
103
-126
-234
-204
-138
-40
75
208
406
547
470
159
-172
-276
-60
221
369
346
297
332
420
501
537
580
636
665
543
333
158
91
164
322
441
477
346
55
-345
-691
-778
-581
-189
190
420
453
344
162
-86
-290
-464
-528
-500
-461
-512
-710
-914
-883
-579
-208
33
-38
-331
-725
-1001
-1089
-956
-608
-165
240
479
546
443
355
378
587
902
1140
1245
1171
1022
958
963
991
967
880
770
686
631
595
553
561
670
774
816
746
548
302
141
120
212
341
367
189
-208
-573
-699
-522
-331
-314
-435
-627
-673
-534
-286
-118
-30
-69
-184
-296
-422
-421
-224
59
257
269
207
139
-47
-420
-856
-1065
-842
-490
-395
-644
-985
-1026
-725
-334
-28
145
166
153
91
39
90
101
106
4
-148
-288
-420
-558
-793
-1097
-1271
-1004
-445
182
585
792
909
851
506
-74
-594
-728
-388
149
652
817
580
136
-233
-423
-513
-520
-485
-420
-279
-82
28
11
-127
-308
-465
-602
-667
-790
-1023
-1560
-2328
-3025
-3461
-3464
-3324
-3548
-4224
-4910
-4891
-3814
-2085
-478
530
956
1244
1728
2476
3300
4048
4707
5398
6120
6570
6473
5750
4675
3711
3102
2847
2756
2650
2381
1912
1367
809
310
-87
-436
-771
-1000
-1092
-1004
-763
-491
-230
59
373
648
815
855
880
1049
1352
1663
1849
1800
1515
1138
798
509
246
-25
-225
-228
-19
291
412
268
-133
-632
-1086
-1373
-1489
-1475
-1401
-1375
-1388
-1436
-1540
-1712
-1917
-2115
-2240
-2214
-2103
-1911
-1747
-1684
-1706
-1759
-1784
-1690
-1528
-1360
-1110
-916
-752
-782
-978
-1328
-1675
-1839
-1721
-1321
-824
-348
-70
15
-172
-483
-814
-1036
-1128
-1053
-803
-480
-179
78
285
439
517
510
440
342
228
81
-67
-247
-370
-367
-261
-144
-91
-132
-136
-34
148
283
294
138
40
124
393
738
816
540
-209
-1255
-2244
-2962
-3282
-3460
-3697
-3853
-3504
-2297
-555
1104
2051
2282
2275
2479
3094
3885
4511
4885
5200
5503
5752
5720
5221
4451
3722
3390
3251
3133
2887
2479
2093
1756
1546
1300
982
661
405
240
153
138
159
178
41
-240
-443
-469
-168
192
394
390
135
-76
-251
-391
-514
-634
-656
-588
-478
-525
-708
-919
-1120
-1226
-1290
-1433
-1654
-1841
-1801
-1641
-1408
-1217
-1145
-1127
-1113
-1098
-1146
-1298
-1432
-1547
-1616
-1524
-1407
-1279
-1141
-1013
-927
-982
-1071
-1122
-1147
-1203
-1356
-1645
-1916
-2027
-1977
-1757
-1531
-1358
-1306
-1386
-1486
-1585
-1501
-1192
-724
-138
358
635
634
502
348
346
365
419
520
673
1024
1374
1461
1275
922
556
443
536
648
448
66
-289
-265
193
774
1088
910
349
-231
-417
-104
473
840
753
281
-275
-559
-478
-75
392
716
829
782
643
451
294
179
53
-92
-355
-710
-1058
-1289
-1348
-1249
-1073
-832
-584
-397
-367
-408
-409
-191
361
1110
1791
2175
2177
1902
1651
1596
1820
2125
2290
2273
2010
1740
1566
1480
1643
1839
1977
1988
1794
1536
1376
1430
1589
1746
1796
1685
1471
1266
1136
1078
1064
1022
953
846
708
493
265
38
-173
-314
-370
-374
-431
-570
-836
-1122
-1283
-1330
-1325
-1242
-1176
-1144
-1210
-1349
-1536
-1701
-1813
-1917
-2125
-2460
-2704
-2756
-2571
-2323
-2219
-2351
-2535
-2602
-2562
-2378
-2229
-2211
-2261
-2304
-2154
-1891
-1612
-1449
-1492
-1535
-1491
-1284
-983
-714
-495
-380
-249
-121
17
280
448
482
303
99
81
361
837
1208
1381
1342
1198
1050
908
844
838
818
871
968
1060
1143
1081
887
677
577
677
937
1233
1421
1403
1261
1161
1140
1145
1160
1023
703
465
374
474
646
786
776
648
415
187
-42
-94
18
86
161
207
231
292
456
698
778
587
184
-356
-795
-935
-835
-510
-155
159
366
392
302
94
-30
-43
137
390
666
899
991
1020
979
931
901
865
871
903
847
722
614
566
597
659
652
528
290
-18
-243
-326
-243
3
318
629
826
778
617
385
168
72
59
71
58
-104
-328
-529
-626
-595
-509
-463
-539
-682
-845
-886
-810
-611
-480
-505
-659
-897
-1039
-988
-827
-733
-801
-1017
-1242
-1312
-1275
-1300
-1298
-1329
-1381
-1375
-1377
-1331
-1298
-1305
-1392
-1445
-1440
-1252
-909
-671
-616
-840
-1146
-1338
-1269
-1000
-656
-427
-400
-562
-758
-883
-784
-539
-224
-59
-104
-219
-385
-437
-338
-59
320
692
910
891
687
542
617
833
984
1063
992
968
970
1041
1127
1190
1320
1451
1536
1471
1304
1056
849
692
609
598
602
632
643
586
551
627
708
738
643
465
186
-43
-177
-156
-57
72
143
151
90
-117
-338
-574
-655
-663
-581
-410
-263
-144
-83
-74
-1
85
96
180
226
343
601
886
1218
1519
1710
1733
1661
1541
1417
1286
1165
1163
1114
1138
1166
1193
1145
1103
1051
1014
987
929
836
643
510
472
467
484
468
451
433
397
292
169
61
13
-46
-169
-293
-363
-428
-553
-672
-796
-900
-1010
-1156
-1363
-1558
-1693
-1733
-1809
-1926
-2024
-2052
-2074
-2068
-1941
-1794
-1688
-1643
-1668
-1653
-1719
-1742
-1747
-1699
-1503
-1375
-1312
-1340
-1292
-1186
-1076
-941
-884
-971
-1168
-1257
-1165
-838
-421
-169
-125
-210
-366
-454
-469
-511
-504
-377
-92
323
763
1020
1003
872
695
587
559
590
620
607
584
552
540
551
653
740
826
988
1186
1370
1429
1338
1145
915
757
668
738
868
1024
1108
1044
842
591
308
-58
-408
-661
-659
-319
265
817
1173
1165
882
406
-11
-256
-250
109
601
1151
1523
1679
1541
1249
933
648
461
401
544
804
1093
1304
1361
1187
871
559
367
367
441
517
624
685
778
836
728
551
258
-51
-295
-353
-242
-53
112
200
160
-1
-254
-543
-785
-949
-988
-953
-793
-715
-723
-848
-1022
-1097
-1218
-1247
-1299
-1289
-1204
-1121
-1049
-1061
-1060
-1019
-953
-897
-938
-1044
-1122
-1191
-1276
-1315
-1306
-1243
-1142
-1115
-1150
-1237
-1255
-1108
-821
-517
-341
-353
-447
-464
-386
-59
379
678
763
717
541
324
280
318
470
727
942
1000
791
357
-140
-414
-408
-166
120
224
51
-251
-592
-742
-660
-410
-151
15
21
-58
-95
-122
-37
176
401
610
779
820
769
646
547
630
881
1103
1182
1037
707
476
560
759
947
1095
1120
1062
818
496
233
119
235
525
834
1048
1090
937
651
464
443
502
588
578
434
212
7
-84
13
135
326
447
465
390
167
-18
-175
-185
-78
30
149
212
159
40
-116
-279
-276
-81
137
316
357
270
104
-115
-280
-286
-217
-89
-36
-52
-149
-287
-367
-282
-118
-80
-137
-259
-429
-546
-529
-377
-177
-100
-92
-134
-216
-333
-418
-535
-638
-636
-532
-426
-442
-550
-741
-948
-1076
-1030
-925
-825
-794
-802
-818
-817
-757
-692
-693
-745
-753
-760
-637
-494
-440
-485
-561
-530
-434
-249
-49
32
-26
-191
-370
-507
-482
-242
38
170
46
-359
-779
-908
-613
-140
274
418
270
-1
-122
42
255
511
636
612
552
410
221
38
-90
-99
65
281
496
539
447
256
74
64
250
615
922
941
719
382
85
71
467
979
1315
1329
994
542
198
189
426
753
1026
1092
964
636
276
28
-20
62
215
346
381
375
222
33
-77
-95
59
313
479
433
200
-136
-384
-365
-112
254
542
524
216
-195
-537
-617
-476
-197
39
146
129
42
-47
-97
-162
-172
-42
179
347
382
243
-55
-392
-588
-565
-307
42
319
407
266
48
-166
-249
-260
-195
-76
87
268
420
474
377
295
130
58
30
75
174
271
369
385
302
58
-136
-233
-272
-219
-158
-5
144
166
153
-27
-204
-360
-528
-640
-819
-944
-944
-839
-702
-587
-494
-452
-425
-386
-435
-527
-712
-943
-1054
-1029
-806
-524
-339
-321
-459
-687
-821
-779
-549
-309
-187
-170
-218
-176
-18
286
511
578
443
156
-163
-359
-277
-45
239
383
239
72
-173
-235
-132
45
294
507
666
737
813
796
833
917
1039
1205
1381
1469
1426
1154
748
335
69
171
431
748
745
410
-109
-448
-447
-283
-152
-225
-373
-517
-484
-292
-56
91
65
-123
-424
-815
-1069
-1096
-969
-649
-359
-41
192
336
461
463
379
265
112
-127
-272
-228
3
371
594
561
319
42
-107
-119
-112
-146
-111
-25
149
340
359
226
-125
-550
-822
-889
-728
-505
-314
-149
-18
67
210
307
377
385
173
-126
-418
-565
-581
-562
-544
-638
-724
-696
-620
-480
-304
-117
41
136
231
195
126
144
195
323
345
290
94
-104
-185
-122
15
129
113
-49
-285
-425
-512
-457
-383
-347
-318
-297
-186
8
105
147
222
312
542
740
885
959
914
1013
1257
1504
1562
1404
1101
860
870
1058
1303
1349
1210
965
684
551
492
363
183
5
-43
85
256
301
202
-19
-227
-244
-109
43
36
-161
-358
-412
-410
-378
-374
-343
-275
-226
-162
-230
-459
-680
-807
-773
-701
-715
-893
-1032
-1019
-791
-435
-139
-127
-420
-840
-1197
-1382
-1363
-1100
-761
-472
-340
-312
-390
-488
-631
-669
-615
-549
-474
-508
-632
-657
-632
-470
-194
-30
-37
-252
-573
-863
-988
-829
-462
-21
191
173
0
-168
-250
-324
-298
-328
-247
-76
103
312
374
315
210
107
73
108
79
-44
-136
-21
297
635
838
774
497
240
54
-10
75
262
561
914
1280
1417
1330
1037
792
784
948
1316
1723
2056
2093
1956
1685
1442
1284
1264
1321
1377
1420
1505
1531
1456
1270
939
576
251
33
-134
-203
-91
131
351
493
405
140
-287
-651
-834
-910
-784
-587
-432
-432
-593
-835
-1169
-1473
-1566
-1480
-1228
-833
-514
-373
-433
-622
-783
-861
-887
-774
-693
-607
-574
-528
-499
-440
-392
-421
-393
-448
-442
-437
-485
-533
-546
-637
-797
-954
-1075
-998
-823
-642
-500
-452
-488
-524
-512
-510
-440
-250
23
321
511
522
472
333
276
349
459
546
465
283
83
-6
29
81
154
167
150
23
-96
-141
-107
75
339
417
277
22
-240
-274
-180
127
362
441
360
205
28
-54
-116
-219
-298
-332
-350
-319
-325
-319
-215
-160
-83
-68
-88
-97
-139
-36
124
267
408
527
566
526
438
252
97
69
104
245
392
585
566
392
123
-31
27
255
585
876
921
722
486
359
360
554
789
963
1074
996
881
705
660
680
733
762
711
600
577
666
742
708
526
280
52
-94
-161
-102
-52
75
124
56
28
-218
-487
-653
-743
-649
-503
-320
-320
-367
-499
-626
-679
-801
-908
-931
-897
-814
-654
-502
-331
-343
-567
-959
-1236
-1281
-1141
-804
-487
-315
-287
-396
-569
-619
-538
-431
-363
-321
-328
-343
-295
-250
-79
127
358
564
662
630
414
124
-157
-253
-231
-110
49
283
464
486
324
88
-41
-138
-229
-297
-409
-532
-579
-499
-416
-368
-295
-284
-330
-412
-383
-244
-30
203
282
242
85
-90
-142
-78
145
413
599
578
522
434
338
405
550
692
835
901
851
748
574
502
519
534
594
566
476
390
291
319
355
376
401
338
296
270
387
528
627
613
501
374
269
119
-64
-64
-57
50
113
64
26
56
226
463
599
561
405
169
7
-79
-76
-94
-137
-148
-194
-279
-335
-371
-386
-268
-148
-5
38
-134
-394
-609
-704
-644
-487
-447
-449
-465
-551
-664
-694
-747
-780
-733
-632
-514
-512
-658
-863
-1037
-1208
-1320
-1347
-1241
-1053
-909
-866
-921
-1031
-1144
-1126
-1088
-1002
-845
-687
-507
-373
-183
-7
91
140
254
366
609
948
1175
1344
1437
1447
1509
1514
1573
1633
1717
1720
1710
1716
1769
1926
1986
1967
1744
1469
1164
916
738
652
607
535
529
449
387
262
16
-231
-342
-322
-300
-297
-377
-481
-683
-966
-1200
-1375
-1429
-1469
-1452
-1418
-1371
-1329
-1376
-1341
-1308
-1258
-1191
-1219
-1305
-1257
-1101
-916
-813
-740
-650
-550
-404
-180
64
288
456
421
401
374
465
718
839
946
977
974
981
1094
1133
1102
1014
806
620
558
573
569
588
655
738
794
828
864
952
1028
1116
1014
863
847
795
715
532
324
217
124
50
-72
-329
-582
-849
-949
-940
-890
-895
-969
-1052
-1202
-1389
-1452
-1394
-1254
-1094
-1038
-985
-957
-906
-837
-739
-606
-510
-489
-474
-449
-376
-275
-164
-119
-147
-193
-276
-317
-421
-459
-347
-282
-277
-299
-373
-434
-375
-228
-62
153
259
393
498
602
847
1047
1247
1385
1355
1174
992
920
947
992
1110
1172
1253
1291
1266
1254
1291
1343
1254
1141
834
524
270
156
134
111
134
115
70
5
-53
-168
-257
-332
-400
-399
-345
-264
-138
-4
101
151
200
213
-22
-439
-880
-1186
-1249
-1156
-965
-885
-1012
-1139
-1326
-1455
-1532
-1442
-1251
-1086
-1051
-1148
-1261
-1386
-1331
-1287
-1167
-1052
-874
-650
-410
-295
-343
-453
-588
-576
-426
-107
316
684
766
609
315
2
-150
-30
234
516
698
811
867
853
839
760
684
655
644
647
615
558
572
803
1024
1150
1056
831
697
621
704
838
882
859
877
861
967
1031
1070
1037
985
917
818
829
816
813
829
843
882
872
861
865
810
764
687
676
617
463
335
287
317
403
378
283
96
-126
-298
-476
-564
-618
-677
-748
-829
-902
-990
-1157
-1336
-1461
-1479
-1457
-1501
-1530
-1592
-1632
-1683
-1720
-1710
-1722
-1707
-1699
-1761
-1824
-1843
-1843
-1688
-1498
-1303
-1123
-994
-941
-910
-788
-568
-196
189
386
339
128
-77
-143
-6
130
233
260
103
-8
-180
-178
-19
239
623
940
1165
1265
1287
1317
1304
1305
1359
1356
1296
1168
1037
929
829
724
654
598
501
365
142
-27
-123
-76
42
77
18
-72
-160
-272
-310
-398
-487
-530
-548
-556
-529
-492
-426
-316
-128
130
428
710
943
974
1009
1135
1245
1415
1484
1474
1410
1335
1319
1372
1422
1415
1253
1114
955
790
569
398
254
153
72
-107
-302
-494
-594
-559
-461
-293
-130
-99
-142
-246
-348
-384
-235
-55
-1
-31
-256
-586
-1035
-1415
-1616
-1681
-1603
-1489
-1409
-1398
-1379
-1250
-1120
-969
-884
-939
-997
-1035
-979
-825
-602
-447
-330
-274
-354
-526
-662
-680
-506
-162
209
460
569
524
335
178
63
103
305
527
642
596
484
370
458
646
898
1058
1115
1094
972
878
800
793
807
765
663
618
540
572
654
710
694
643
598
366
140
-149
-385
-529
-605
-572
-549
-502
-407
-351
-446
-769
-1075
-1244
-1205
-1134
-1095
-1101
-1195
-1235
-1210
-1174
-1177
-1197
-1177
-1165
-1088
-973
-800
-507
-356
-149
41
120
105
151
310
503
732
909
1014
1080
1160
1211
1317
1394
1499
1585
1578
1502
1243
1040
832
719
782
829
944
1037
1029
872
615
348
111
-69
-130
-94
-58
-101
-128
-112
-88
-69
-68
-95
-29
69
145
169
167
149
131
135
138
115
154
208
184
71
-168
-329
-430
-527
-609
-574
-464
-288
-129
-21
102
218
369
389
333
217
232
351
379
370
151
-126
-482
-731
-874
-838
-702
-668
-672
-854
-1047
-1230
-1352
-1370
-1185
-935
-655
-524
-539
-584
-726
-794
-832
-776
-735
-715
-690
-600
-448
-394
-499
-580
-688
-783
-840
-902
-969
-1050
-979
-842
-643
-356
-74
67
195
323
497
669
806
951
1041
960
803
749
797
976
1046
1098
1172
1075
915
734
546
425
352
360
433
456
502
496
502
559
574
601
570
483
400
286
245
319
452
630
713
660
464
243
171
233
313
269
167
35
-124
-158
-93
-62
-155
-245
-408
-529
-611
-542
-270
-22
154
208
186
119
49
84
139
249
297
386
524
632
673
614
562
488
403
300
119
4
-35
-151
-191
-100
46
163
136
-32
-229
-412
-588
-618
-529
-357
-150
2
121
213
235
89
-186
-426
-573
-552
-449
-270
-167
-246
-350
-507
-596
-561
-490
-371
-289
-373
-471
-522
-464
-302
-156
-50
-39
-146
-285
-354
-291
-133
-34
-47
-49
-45
47
134
189
233
263
216
115
86
61
133
226
240
155
12
-118
-183
-160
-126
-80
-107
-181
-203
-235
-231
-225
-154
20
181
205
130
3
-107
-131
-99
-24
83
170
237
290
218
128
91
80
76
107
193
162
157
147
206
262
273
267
152
66
-21
-79
-169
-332
-482
-588
-518
-352
-159
-106
-168
-265
-438
-609
-666
-676
-686
-623
-550
-504
-430
-395
-481
-419
-242
-117
-8
-10
-141
-264
-360
-371
-300
-196
-32
62
120
131
48
-98
-248
-256
-125
101
414
704
848
872
849
790
650
556
425
399
514
643
805
894
936
920
900
912
996
1131
1163
1140
963
788
707
611
640
675
773
750
706
562
396
302
170
51
-22
-124
-161
-53
149
269
352
470
392
332
194
96
-30
-134
-194
-434
-669
-808
-834
-974
-1062
-1269
-1402
-1326
-1171
-884
-664
-626
-794
-1065
-1267
-1345
-1277
-1091
-982
-855
-693
-544
-423
-356
-443
-541
-585
-601
-479
-356
-265
-229
-236
-260
-209
-138
-31
111
193
165
106
212
409
600
664
653
496
282
106
34
75
207
421
589
605
451
244
85
-23
9
66
140
197
96
78
92
199
294
424
444
471
475
495
570
609
655
542
425
432
541
622
712
720
710
684
671
626
594
654
646
593
484
237
-109
-300
-266
-127
103
283
240
57
-261
-534
-720
-828
-809
-745
-640
-560
-460
-317
-235
-272
-410
-623
-828
-883
-878
-793
-613
-483
-463
-582
-679
-766
-771
-641
-498
-307
-192
-141
-136
-147
-180
-192
-168
-105
-52
-63
-116
-131
-55
98
221
292
180
18
-23
53
182
309
396
311
293
204
95
-1
-57
-66
61
228
342
421
483
556
540
484
481
434
412
429
439
483
513
492
525
489
403
377
408
475
542
563
510
365
240
96
-26
-33
-48
-35
-45
-89
-139
-218
-261
-302
-327
-299
-269
-216
-239
-336
-451
-561
-612
-600
-466
-195
81
277
330
280
159
-9
-214
-416
-434
-371
-227
-34
108
151
102
17
-145
-243
-320
-364
-366
-393
-357
-290
-211
-168
-59
12
-46
-143
-356
-593
-740
-735
-641
-566
-549
-641
-800
-931
-866
-737
-596
-436
-316
-259
-226
-155
-60
83
163
236
297
410
579
745
825
918
994
1096
1221
1270
1378
1427
1389
1334
1294
1234
1186
1165
1073
986
918
938
1049
1176
1199
1090
918
649
475
308
179
8
-116
-158
-230
-209
-227
-282
-262
-334
-420
-645
-865
-961
-915
-844
-882
-963
-1030
-1091
-1129
-1033
-1026
-1069
-1043
-1086
-1076
-1010
-918
-841
-820
-847
-852
-764
-548
-320
-95
115
224
354
408
425
465
540
661
807
964
979
908
756
537
337
314
327
464
692
842
911
763
575
323
33
-202
-409
-531
-683
-702
-660
-569
-513
-498
-612
-712
-860
-1073
-1130
-1188
-1178
-1086
-849
-661
-528
-550
-658
-763
-891
-901
-915
-891
-810
-776
-722
-621
-445
-232
-7
119
167
230
176
44
25
29
128
302
546
871
996
968
902
794
685
770
849
846
827
800
760
881
1076
1184
1248
1108
833
638
509
441
383
353
391
500
591
621
633
633
632
524
291
91
-87
-240
-198
-153
-18
108
76
-76
-227
-365
-423
-367
-273
-176
-127
-140
-115
-68
-71
5
75
119
94
21
-82
-237
-368
-541
-693
-665
-514
-293
-50
68
91
13
-128
-237
-389
-437
-396
-281
-47
80
185
214
223
187
123
45
-50
-15
34
274
545
664
664
496
388
315
296
288
255
275
373
504
617
665
580
441
218
107
37
2
43
168
248
224
177
147
214
250
296
342
409
481
482
485
483
445
325
235
163
54
-93
-199
-278
-313
-462
-627
-799
-890
-915
-865
-849
-958
-1128
-1356
-1600
-1779
-1742
-1666
-1533
-1494
-1492
-1507
-1626
-1626
-1533
-1428
-1324
-1405
-1530
-1586
-1504
-1192
-765
-315
-12
127
-20
-160
-211
-158
63
264
341
437
551
592
608
660
836
1002
1098
1079
1025
874
644
478
417
522
747
988
1204
1246
1070
823
626
584
665
781
823
840
830
831
854
1009
1164
1104
917
763
627
559
702
791
947
989
967
807
564
320
46
-101
-260
-291
-243
-211
-162
-96
-132
-195
-362
-508
-539
-619
-708
-804
-901
-881
-723
-495
-380
-440
-528
-723
-985
-1139
-1098
-1022
-824
-629
-527
-493
-588
-535
-507
-416
-265
-135
-27
144
234
94
-43
-121
-68
174
479
621
641
555
416
347
371
447
534
498
398
313
310
461
614
730
764
747
735
701
697
718
765
812
822
810
829
834
709
586
430
312
232
229
222
137
9
-174
-449
-647
-765
-705
-544
-465
-429
-490
-630
-770
-798
-848
-992
-1128
-1180
-1067
-832
-648
-475
-393
-417
-497
-573
-654
-702
-691
-620
-456
-235
-82
-74
-144
-223
-311
-295
-181
-117
-5
127
180
215
330
529
735
815
772
632
511
474
528
483
392
326
243
183
82
-10
-86
-156
-150
-204
-357
-445
-526
-539
-581
-584
-539
-497
-328
-236
-146
-25
11
-11
-26
-5
10
112
289
432
521
488
330
192
129
196
367
492
606
607
460
416
311
279
352
413
477
544
592
706
829
840
785
594
380
112
-45
-177
-187
-129
-129
-106
-171
-289
-440
-512
-551
-526
-326
-156
-118
-237
-492
-774
-953
-993
-1025
-1001
-965
-939
-868
-893
-872
-842
-890
-870
-884
-827
-730
-600
-398
-257
-170
-147
-133
-108
-79
30
76
118
261
394
513
607
714
727
804
812
778
746
753
781
757
885
1020
1148
1215
1218
1195
1168
1149
1125
1157
1105
1074
1009
851
718
630
491
308
173
77
143
187
166
-14
-264
-494
-651
-685
-665
-784
-869
-847
-772
-746
-709
-744
-729
-661
-545
-391
-291
-245
-165
-81
-59
-32
-143
-262
-530
-860
-1124
-1334
-1301
-1069
-826
-653
-561
-645
-697
-696
-617
-523
-311
-5
344
575
625
615
620
628
645
805
938
1007
1003
1057
1067
1050
1149
1249
1469
1594
1540
1292
878
415
16
-157
-182
-126
-58
50
21
-142
-324
-567
-767
-879
-1061
-1303
-1388
-1311
-1029
-764
-603
-518
-596
-782
-923
-966
-877
-715
-609
-646
-752
-820
-755
-641
-582
-516
-568
-596
-618
-569
-462
-395
-322
-251
-253
-287
-226
-143
-9
93
154
168
175
237
366
488
624
737
788
859
942
1130
1126
1151
1097
1041
1038
1058
1228
1330
1404
1416
1391
1385
1360
1242
1127
1082
1177
1326
1397
1390
1254
1138
941
770
650
463
332
252
161
65
32
-57
-151
-233
-255
-236
-300
-421
-553
-732
-905
-1066
-1272
-1419
-1462
-1365
-1161
-923
-837
-976
-1372
-1796
-2105
-2240
-2135
-1918
-1589
-1280
-1145
-1179
-1318
-1491
-1646
-1764
-1665
-1472
-1187
-876
-575
-350
-194
-97
-106
-136
-169
-129
-19
103
156
206
170
133
170
237
378
566
729
941
1114
1056
944
828
659
547
466
500
626
743
880
903
925
979
962
901
709
534
500
626
850
1076
1225
1197
1056
806
663
718
777
855
858
822
723
664
699
711
756
753
685
696
679
676
542
437
342
294
232
143
29
-135
-397
-621
-678
-661
-545
-459
-390
-476
-672
-933
-1165
-1200
-1091
-885
-776
-790
-808
-795
-739
-679
-698
-649
-660
-604
-439
-254
-72
6
-22
-182
-270
-387
-451
-495
-468
-362
-302
-233
-173
-45
152
319
312
143
-9
-71
-15
137
276
375
412
439
420
428
333
336
308
291
132
-76
-216
-233
-191
-121
-84
-212
-285
-431
-448
-526
-665
-718
-779
-743
-620
-349
-53
176
191
-47
-302
-462
-481
-311
-73
74
181
120
105
46
100
207
289
373
350
277
207
180
162
197
252
381
562
695
783
778
690
597
528
560
554
408
261
139
109
122
257
374
391
396
305
231
208
215
189
89
-17
-156
-71
33
30
-100
-243
-274
-210
-132
-93
-129
-140
-95
-23
163
236
254
208
137
-20
-137
-250
-249
-214
-160
-19
-87
-172
-301
-342
-404
-563
-628
-624
-582
-483
-276
-187
-69
-23
-96
-263
-449
-650
-741
-693
-537
-256
-19
102
132
35
-147
-280
-395
-463
-472
-432
-330
-210
-51
175
398
524
574
515
459
429
468
611
723
897
954
871
663
388
179
44
97
290
394
422
341
184
17
-63
-139
-124
1
83
232
331
325
265
113
-59
-176
-235
-136
32
200
289
251
109
-133
-346
-513
-617
-561
-367
-119
62
134
114
51
-39
-98
-117
-117
-70
-18
22
101
168
98
-28
-152
-343
-493
-551
-466
-327
-247
-286
-341
-444
-445
-382
-391
-356
-507
-633
-663
-640
-464
-343
-187
-93
-162
-189
-267
-338
-389
-489
-547
-437
-269
-67
137
360
487
517
429
265
115
24
51
165
347
477
610
675
741
709
562
472
382
447
629
803
952
924
761
621
532
609
726
757
758
677
533
378
214
121
70
118
243
373
459
425
373
268
112
27
-15
-55
-56
-35
14
67
109
79
-95
-344
-613
-781
-828
-716
-407
-118
19
-109
-309
-415
-545
-536
-509
-511
-549
-563
-554
-530
-485
-560
-710
-778
-772
-668
-538
-421
-295
-371
-538
-708
-798
-726
-732
-784
-862
-983
-1035
-916
-657
-387
-182
-57
-24
-40
-68
-6
82
75
154
215
341
446
473
483
429
361
316
249
261
252
257
330
314
476
532
626
742
732
782
782
709
670
711
711
729
634
462
363
389
513
684
759
719
690
642
586
477
340
155
39
135
248
418
512
511
419
219
44
-26
-11
-46
-142
-234
-331
-449
-540
-623
-620
-508
-399
-281
-289
-435
-652
-884
-1062
-1175
-1169
-1081
-965
-922
-927
-910
-858
-696
-539
-454
-482
-498
-461
-453
-374
-367
-389
-326
-240
-104
-19
110
269
414
612
659
676
740
791
902
1002
1004
1053
1059
1130
1206
1146
1022
859
713
679
741
875
922
890
749
571
515
483
549
536
421
413
453
519
570
586
444
245
-17
-269
-374
-417
-483
-495
-515
-501
-460
-415
-497
-725
-979
-1154
-1148
-1035
-826
-698
-645
-645
-700
-734
-757
-764
-811
-822
-825
-778
-697
-682
-690
-617
-508
-452
-376
-347
-332
-264
-186
-205
-211
-195
-226
-177
-142
-85
-10
98
211
218
169
73
-21
-38
-27
-77
-99
-72
6
137
309
385
424
322
163
22
104
269
445
572
439
273
35
-35
157
471
752
881
758
511
238
-26
-89
60
296
491
511
362
118
-154
-290
-345
-275
-134
22
164
233
271
258
211
215
226
187
123
23
-29
-35
-20
34
103
152
116
94
70
82
93
95
163
265
335
308
195
83
45
122
266
321
285
190
-44
-308
-452
-541
-523
-509
-535
-547
-581
-442
-240
-148
-167
-208
-332
-459
-475
-435
-196
64
237
283
176
67
67
222
365
404
366
342
271
309
342
401
458
456
478
434
406
478
497
560
534
334
90
-112
-133
-33
20
33
-23
-155
-161
-176
-166
-192
-253
-351
-427
-526
-620
-669
-556
-423
-350
-260
-233
-201
-216
-261
-355
-348
-329
-295
-282
-300
-234
-218
-102
21
206
190
115
-15
-155
-253
-274
-148
-21
136
91
41
-20
-49
-32
-62
-77
-20
80
162
73
-57
-152
-246
-174
-76
7
75
62
-1
-44
-115
-69
114
241
354
296
158
-15
-90
-24
4
219
467
627
674
574
336
44
-159
-186
-107
110
364
529
578
524
421
335
373
425
459
434
374
245
17
-38
-83
-65
68
224
361
328
263
161
-20
-227
-424
-515
-440
-293
-234
-206
-146
-126
-18
68
28
-38
-161
-235
-280
-267
-245
-246
-161
-107
-81
-125
-256
-275
-266
-275
-406
-565
-690
-719
-568
-445
-349
-217
-157
-88
-39
-34
52
86
152
108
-87
-241
-343
-281
-182
-27
166
188
238
144
-35
-205
-224
-173
-59
65
128
114
-2
-91
-142
-91
-115
-117
-139
-163
-179
-251
-279
-375
-449
-441
-380
-246
-173
-77
20
167
281
351
395
286
303
424
641
762
701
526
292
106
58
142
296
394
401
368
366
385
433
551
655
644
495
360
268
226
230
255
266
276
357
391
375
365
281
175
-5
-249
-377
-386
-355
-357
-318
-282
-131
47
107
95
16
6
21
-36
-5
-44
-132
-229
-332
-359
-343
-277
-236
-235
-230
-239
-138
-24
47
35
10
42
25
137
239
376
491
551
528
428
278
143
67
9
51
115
111
123
100
84
104
96
48
29
0
-54
-81
-140
-195
-247
-213
-209
-257
-371
-663
-870
-911
-690
-393
-199
-250
-448
-646
-839
-996
-1148
-1173
-977
-684
-430
-285
-243
-281
-368
-339
-286
-333
-379
-417
-419
-283
-42
192
294
210
-43
-185
-161
46
296
490
579
567
506
373
238
255
408
612
728
747
689
538
345
222
169
234
464
561
636
593
583
554
550
632
569
466
260
106
82
210
401
517
477
386
261
169
117
84
174
225
310
245
88
25
27
113
173
194
144
127
112
91
143
146
147
154
133
63
-30
-173
-336
-446
-418
-351
-239
-219
-365
-558
-746
-665
-618
-567
-553
-621
-722
-810
-751
-598
-381
-290
-211
-201
-246
-337
-490
-644
-777
-848
-921
-839
-637
-416
-237
-110
-104
-111
-117
-93
-69
-97
-106
-162
-172
-96
71
268
376
467
384
248
117
-4
-36
16
221
484
642
549
310
145
69
147
446
670
776
824
793
690
599
560
577
633
645
630
579
492
455
472
429
347
281
188
213
213
227
175
73
-7
-80
-100
-164
-242
-307
-328
-419
-565
-642
-588
-474
-268
-210
-282
-477
-641
-709
-711
-514
-296
-51
-16
-38
-132
-245
-192
-200
-135
-2
153
178
97
-92
-180
-156
-80
65
213
367
438
390
262
87
-23
24
83
157
246
240
138
139
191
328
411
475
419
186
-88
-387
-451
-349
-55
118
190
127
-60
-162
-241
-157
-4
164
258
297
278
223
149
146
162
119
109
56
22
-32
1
11
45
81
126
93
-1
-20
-30
-23
-3
81
125
107
105
76
72
5
-84
-135
-123
-75
-15
77
144
137
67
-82
-240
-376
-462
-508
-594
-613
-558
-553
-543
-480
-378
-188
-73
-58
-196
-322
-476
-620
-757
-772
-722
-639
-531
-476
-413
-370
-323
-328
-262
-186
-72
-62
-157
-213
-191
-128
-29
-36
-109
-184
-71
170
286
282
132
-7
-109
-177
13
301
568
860
905
688
470
306
226
252
284
442
609
650
592
488
503
608
776
976
1038
914
708
503
344
219
202
196
127
107
38
24
-20
-127
-223
-202
-35
238
503
583
484
357
292
242
236
220
212
129
53
37
40
111
91
-71
-233
-315
-322
-280
-202
-173
-188
-155
-27
-24
-40
-128
-229
-281
-340
-233
-58
53
-31
-162
-301
-303
-193
57
326
480
454
295
91
-157
-157
-147
-196
-187
-223
-314
-311
-256
-156
-15
172
280
214
106
-33
-92
-253
-374
-541
-600
-579
-548
-527
-593
-697
-815
-866
-903
-806
-689
-553
-505
-573
-525
-454
-313
-319
-347
-525
-544
-428
-186
14
15
59
-50
-80
-201
-219
-209
-118
17
23
34
-47
-98
-54
52
215
361
424
504
561
557
497
351
317
342
353
401
443
496
449
298
232
156
248
436
556
672
680
683
646
658
676
688
663
587
488
385
369
347
373
337
284
245
288
336
345
329
191
32
-164
-415
-502
-435
-346
-261
-272
-411
-560
-575
-568
-519
-464
-392
-406
-460
-469
-417
-290
-82
67
68
-57
-268
-381
-413
-304
-117
-11
31
-114
-201
-276
-145
-11
12
197
361
409
270
121
-84
-110
24
141
297
425
387
329
296
346
427
448
395
269
229
322
497
646
636
548
365
83
-76
-103
-13
125
297
394
350
131
-116
-211
-207
-157
-124
-141
-199
-271
-258
-199
-200
-232
-277
-296
-330
-479
-614
-711
-760
-730
-734
-686
-658
-588
-433
-282
-182
-162
-196
-225
-185
-150
-240
-386
-505
-531
-462
-306
-190
-59
66
42
-85
-283
-406
-394
-170
141
396
537
510
352
195
46
-34
-9
144
339
416
367
183
-14
-118
-208
-219
-132
-36
27
6
-36
-117
-131
-34
0
61
19
-91
-164
-230
-151
-19
162
195
232
249
316
346
375
433
477
594
717
779
666
536
400
344
444
563
609
676
637
678
779
766
726
522
306
182
139
269
352
327
231
186
73
-24
-84
-242
-232
-150
-13
57
68
-17
-127
-201
-188
-118
23
57
64
39
-41
-50
-15
-62
-234
-397
-496
-516
-407
-266
-187
-217
-350
-410
-458
-561
-612
-666
-756
-806
-736
-661
-581
-515
-580
-656
-728
-774
-626
-462
-299
-180
-103
-110
-126
-73
-72
-106
-61
-78
-99
-110
-56
99
284
428
458
386
163
-30
-143
-72
142
335
535
591
545
402
358
342
367
453
444
367
250
134
66
109
167
222
304
312
183
19
-157
-220
-140
-62
-38
-97
-115
-241
-336
-374
-345
-237
-112
-84
-204
-268
-177
-2
65
-43
-251
-341
-310
-95
64
108
-41
-311
-502
-502
-351
-155
52
64
46
-20
-51
-46
-181
-306
-456
-443
-317
-136
20
37
57
-31
-110
-101
-51
112
355
611
789
813
734
606
464
358
281
332
449
554
633
634
634
571
446
295
164
87
151
229
326
486
565
597
510
319
174
204
211
185
77
-82
-131
-104
-53
-31
0
-59
-167
-323
-398
-313
-169
71
119
32
-95
-226
-312
-317
-202
-169
-121
-63
-22
-6
-14
-39
-90
-75
-62
-7
27
68
72
50
24
-69
-215
-298
-365
-315
-236
-145
-65
42
178
140
11
-113
-213
-286
-295
-274
-174
65
214
151
-86
-440
-735
-773
-538
-229
31
207
165
17
-126
-304
-355
-430
-465
-533
-546
-417
-309
-71
112
186
122
12
-137
-275
-187
-128
32
229
247
211
31
-100
-167
-140
14
120
123
-11
-99
-129
-214
-160
-168
-196
-196
-257
-317
-324
-259
-156
-9
41
-8
-90
-189
-266
-204
-80
93
128
81
-74
-242
-300
