1083
861
785
986
1060
1205
1250
1132
1120
1161
1221
1205
1178
1007
867
759
847
988
1083
1177
1211
1128
915
830
709
531
292
12
50
126
166
-21
-295
-411
-578
-768
-1013
-1334
-1677
-1798
-1855
-1776
-1796
-1837
-1797
-1868
-1873
-1946
-2084
-2303
-2433
-2326
-2241
-2112
-2053
-2005
-2006
-1754
-1314
-892
-521
-279
-145
-140
54
82
226
266
442
577
613
602
677
908
1052
1304
1515
1626
1529
1560
1491
1605
1825
2014
2215
2201
2246
2171
2000
1694
1429
1463
1679
1880
1969
1863
1521
1209
979
800
749
873
1020
1025
1018
938
669
495
487
441
302
95
-260
-630
-874
-963
-975
-991
-831
-824
-772
-617
-657
-845
-1081
-1221
-1287
-1341
-1427
-1408
-1315
-1269
-1283
-1323
-1258
-1201
-1108
-957
-921
-969
-924
-741
-739
-691
-728
-821
-779
-827
-761
-700
-539
-461
-372
-338
-272
-221
-335
-432
-666
-710
-551
-414
-421
-515
-428
-226
-252
-355
-483
-696
-755
-625
-470
-277
-289
-372
-461
-363
-24
135
336
489
673
797
895
1025
1073
960
826
717
609
623
711
803
773
785
761
652
598
523
475
500
513
570
625
594
669
770
796
748
652
484
419
519
757
1027
1235
1152
891
666
512
483
340
297
243
357
452
384
366
386
272
103
-158
-330
-384
-316
-229
40
269
303
350
-81
-473
-834
-782
-624
-368
-269
-222
-178
-249
-247
-298
-311
-451
-417
-445
-375
-170
243
364
452
-1228
-3212
-2425
-536
1339
2336
3070
2617
1264
703
470
406
443
590
929
667
-36
-544
-435
-71
74
-141
-853
-1760
-2300
-2246
-1556
-838
-718
-779
-730
-1062
-1901
-2353
-2196
-1674
-1144
-721
-462
-334
-922
-1266
-1136
-1093
-810
-666
-771
-663
-558
-225
-278
-520
-319
-202
-7
-44
-432
-1176
-1410
-945
-12
1045
1900
1877
1118
857
853
721
660
943
992
1205
1563
1639
1431
1368
1358
1469
1599
1645
1481
1317
1585
1747
1535
1371
1313
1249
1191
1410
1348
1172
785
222
-211
114
497
337
-341
-826
-1317
-1637
-1274
-798
-12
-8
167
203
-521
-556
-296
-578
-980
-942
-1071
-934
-1080
-1360
-1342
-857
-691
-914
-405
-561
-579
-445
-601
-486
-509
-226
22
143
227
-800
-875
-559
-40
206
788
796
674
1340
677
-679
-294
502
-280
-297
1331
965
-1370
-967
78
-639
-1247
-98
541
-555
-668
698
569
-422
-127
54
-797
206
1135
1514
-101
-399
410
861
1476
-53
-682
-765
121
714
303
935
1203
412
673
861
398
-765
694
1666
891
773
1505
324
-928
-695
963
1091
416
-702
-202
175
-464
787
-233
-1317
-225
1099
-1208
-1891
-368
-1193
-2000
-1260
-133
-1709
-2230
-685
-626
-1445
-1138
1231
-450
-2432
-761
-598
-1572
-1096
803
223
-1018
1078
473
-1932
-1525
1360
2177
-1816
-1174
620
472
-815
-927
1520
609
-285
-247
1535
402
-1327
620
999
1369
-582
823
-507
-1360
604
1754
341
191
2151
606
-585
1227
1668
-1485
2498
2809
-771
634
2871
131
215
2413
709
-100
463
1613
86
474
2420
1324
266
-59
58
1270
656
-13
1325
989
-743
-115
1739
642
-668
1124
1126
-509
-645
443
-344
200
-410
-1132
-871
61
318
-3791
-894
-728
-703
-746
-1553
-1357
-2600
-1140
-2443
-1003
-1935
-2499
-1395
-1046
-464
-2940
-2210
-514
-1225
-3800
-2530
-359
-1133
-1467
209
-828
-62
-1051
-2297
-504
798
1142
1390
1851
-290
101
588
810
748
1063
463
2811
1701
-126
59
126
1412
770
1768
707
2139
-66
-817
720
1714
2170
1097
2104
185
1400
1788
1915
-284
1393
1283
2269
1875
-1146
557
1826
3926
265
1622
932
-177
-1164
334
2422
592
827
-361
-133
1171
1087
613
1319
-306
493
-622
81
-969
-1439
-1114
-1889
-1375
-2422
-2537
-3160
-2007
-945
-2494
-1705
-2539
-2163
-435
-614
-956
-423
-1364
-4762
-2133
263
265
976
661
-1764
-1786
2083
-208
-2698
387
1149
798
605
520
-1544
-3099
853
-1371
664
1146
-1294
-1543
-501
1010
-1197
474
490
-1136
-185
1113
2679
1381
8
600
-1517
197
1702
2147
1951
2474
2756
-648
-724
-1019
1062
2685
3235
2820
2264
1789
378
108
396
-349
-354
1637
4152
1528
-458
882
-68
-1790
207
3713
989
-994
-976
-1753
-731
2691
1377
-1755
197
2025
2363
-1626
-1472
-2485
-2525
-349
-297
716
-2500
-2749
-3639
-784
663
-184
-463
380
-634
-928
1037
-684
-2725
-1468
-119
823
662
-214
-2379
-2562
-569
634
1354
402
-1277
-1355
71
-1573
-3646
-909
110
-1159
890
654
-2320
-4163
-2083
-2084
-922
290
-111
-1016
-758
910
-1086
-55
218
-286
-592
1468
2255
733
1273
101
-58
-135
552
1957
2070
2339
1441
932
854
200
808
935
1106
1124
717
-343
-1616
-745
-196
-470
-412
-730
-530
-853
286
1128
125
-601
-1041
-666
515
1996
2855
1240
1117
2177
2996
3623
4078
3846
3004
3616
4643
4281
3443
3495
2858
2941
3794
3096
2470
2292
1679
1916
1295
1405
1262
669
-89
363
1044
-1857
-2986
-2833
-2406
-1964
-591
-673
-3237
-4028
-3597
-3400
-3914
-2921
-3182
-3788
-3336
-1842
-1559
-3467
-4509
-3699
-2292
-1928
-568
-363
-3214
-4606
-3928
-865
-766
250
231
-3153
-2350
-230
-932
-2801
-1302
-147
-844
-787
910
144
-680
-136
19
1158
1675
1797
1508
1968
2814
684
-4755
-11312
-13741
-8020
109
3329
-1211
-8727
-13791
-15013
-11478
-5528
-677
392
-2098
-4443
-4903
-4517
-3768
-1266
3483
8366
10304
8672
5074
2819
4328
9458
14802
17414
16377
12679
9129
8336
10126
12307
13211
12791
11613
9683
7042
4370
2245
1460
2152
3014
2371
-307
-4611
-8850
-10571
-9293
-6910
-6103
-7116
-9457
-11861
-13057
-12860
-11454
-9663
-7108
-5134
-4826
-6053
-7850
-7399
-4298
-88
3493
4900
3752
1375
563
2264
4760
6853
7922
7474
5724
3379
1111
178
597
1671
3125
2434
-575
-3958
-6057
-6082
-3647
-1563
-799
-2122
-4318
-5314
-4697
-3978
-3879
-3002
-1828
-1478
-1812
-3124
-5182
-5847
-2711
1650
3723
4206
2049
-983
-2456
-273
2162
3028
2833
2848
2133
820
58
-505
-254
640
1547
2235
2278
1478
-625
-7252
-16143
-19299
-10071
2180
5194
-3250
-14054
-19145
-18275
-13161
-5283
1566
2143
-2589
-6817
-6943
-4943
-2685
1118
6865
12147
13071
9258
3816
1804
5493
12769
18997
20695
17817
12074
7538
7167
10949
15228
16359
14239
11198
8189
4807
1920
754
1588
2982
3395
1548
-2781
-8221
-12530
-13128
-10194
-6231
-5132
-7577
-11826
-14738
-14924
-12757
-9169
-5653
-3362
-3346
-4825
-6674
-7485
-6150
-2228
2828
6310
6442
3257
-651
-2786
-693
4214
8865
10315
7857
3259
-908
-2471
-1137
1484
3172
3091
795
-2905
-6458
-7953
-7004
-4357
-1195
128
-1243
-4644
-7362
-7381
-4526
-839
1869
2295
357
-1996
-3309
-2521
-218
2536
4541
4743
3177
389
-1516
-1795
-70
2146
3686
3357
1095
-1293
-2228
-1447
-392
334
380
250
-208
-594
-381
405
-353
-6651
-16114
-20974
-13082
-372
4238
-3289
-14435
-20249
-19668
-13989
-5286
2167
2558
-2804
-7593
-7340
-4132
-554
3547
8321
12488
13337
10364
5778
4347
8205
15115
20531
21547
18510
12792
8003
7406
11579
16131
17052
13941
9524
5792
2997
1501
1096
1691
1834
585
-2197
-6297
-10289
-13180
-13424
-11080
-7859
-6966
-9329
-13348
-15705
-15021
-12067
-7958
-4465
-2567
-3023
-4536
-5225
-3836
-592
3530
6726
7394
5857
3373
2475
3329
5986
8130
8222
5935
2072
-1364
-3316
-2484
-118
1685
837
-2380
-6273
-8762
-8544
-6247
-3328
-1959
-2422
-4178
-5733
-6118
-4632
-2220
43
1314
1190
394
-396
-300
971
3248
5187
5834
4971
3522
2522
2362
2733
3129
3311
3123
2288
840
-696
-1632
-1786
-1419
-697
-435
-778
-1624
-1747
-1165
-217
339
-148
-4835
-14119
-21748
-18633
-5644
3807
1154
-10178
-19404
-21939
-17875
-9122
582
4366
306
-6292
-9158
-6738
-2179
3016
8150
12370
13981
11807
7022
3872
6261
13080
19745
22228
20231
14588
8355
5853
9179
15221
18139
15891
10482
5292
1952
869
1326
2246
2488
1031
-1977
-6033
-9764
-12565
-13515
-12022
-8673
-6229
-7228
-11297
-15053
-15382
-12127
-6596
-1505
1064
152
-2478
-4145
-2740
1310
6166
9562
10670
9568
6396
3283
2341
4557
7867
9298
7568
3206
-1763
-5120
-5772
-4461
-3286
-3804
-5797
-7868
-9641
-10626
-10760
-9697
-7730
-5778
-4743
-5145
-6253
-6495
-5107
-2534
232
2009
2495
2013
1672
2368
3784
4958
5401
5402
5297
5324
4895
3736
2117
1056
1059
1406
1430
455
-1103
-2640
-3053
-2350
-1214
-782
-1185
-1870
-2021
-1328
-11
500
-1391
-8062
-17216
-21252
-14416
-1629
4211
-1541
-13327
-21338
-22000
-15082
-4245
4644
5229
-1350
-7978
-9196
-5169
751
6799
11536
14037
13378
9846
5637
4679
9274
16545
21958
22409
18299
11418
6021
6079
11648
17338
18158
13686
7079
1678
-734
-151
1621
2620
1599
-1436
-5535
-9575
-12432
-13705
-13103
-10560
-7542
-6961
-9923
-14393
-16539
-14402
-9228
-3420
446
901
-1414
-3852
-3696
-365
4514
8588
10562
10076
8072
5120
2901
2482
4358
6981
7729
5561
829
-4335
-7605
-7400
-5128
-3692
-5329
-8867
-12113
-13197
-12112
-9964
-7956
-6862
-6583
-6604
-6161
-5147
-3677
-1881
289
2534
4130
4710
4363
4115
4847
6488
8014
8634
8368
7488
6521
5563
4906
4402
4069
3592
2787
1604
90
-1330
-2328
-2396
-1667
-840
-803
-1312
-1996
-1881
-1146
-177
-110
-2558
-9843
-18632
-21040
-12177
-25
3279
-4665
-16032
-22037
-20631
-12737
-2496
4454
3159
-3246
-8454
-8130
-3677
2000
7455
11694
14031
13115
9201
4974
5094
10624
17890
22269
21595
16544
9320
4897
6477
12694
17476
16875
11291
4583
29
-1034
319
1692
1594
-484
-3915
-7833
-10979
-12971
-14065
-13448
-10881
-7876
-7602
-10800
-14852
-15874
-12715
-6950
-1447
1311
599
-1844
-3116
-1334
2865
7297
10002
10511
9683
8112
6619
5513
5263
5849
6335
6074
4043
461
-3821
-6668
-7117
-5546
-4989
-6620
-9657
-11775
-11958
-10809
-9190
-8116
-7631
-7328
-6128
-4307
-2403
-1236
-520
512
2452
4562
5518
5706
5578
6244
7100
7984
8248
7955
7384
6533
5744
4714
3546
2212
1190
681
559
-26
-1122
-2501
-3298
-3201
-2557
-1889
-1652
-1793
-2034
-1953
-1394
-1082
-2512
-8560
-17196
-21373
-14668
-2429
3163
-2583
-13887
-21378
-21563
-14403
-4054
3915
3898
-2124
-7932
-8439
-4287
1370
6825
11109
13780
13531
10149
5763
4990
9616
16811
21934
22201
17747
10479
5331
5970
11907
17274
17433
12149
5115
184
-1145
274
1863
2054
40
-3512
-7347
-10401
-12234
-13205
-12766
-10435
-7498
-7026
-9937
-13928
-15175
-12299
-6727
-1125
1913
1430
-1254
-2988
-1573
2611
7058
9901
10532
9568
8027
6304
5300
4961
5699
6285
5666
3311
-415
-3899
-6002
-5971
-4971
-5112
-7517
-10734
-12951
-12629
-10745
-8816
-7890
-7968
-8025
-7126
-5071
-2846
-1203
-226
907
2360
4086
5270
5739
6090
6802
7984
8643
8381
7447
6503
5943
5832
5712
4756
2983
961
-403
-767
-566
-831
-1971
-3492
-4413
-4279
-3753
-3139
-2942
-2665
-2435
-1825
-1019
-344
-672
-3989
-11693
-19483
-19785
-9534
1440
2667
-6308
-17048
-22033
-19368
-10347
222
5655
2543
-4479
-8982
-7585
-2511
3687
9127
12796
13881
11760
7321
4092
5867
12161
19087
22366
20588
14472
7498
4632
8141
14685
18318
16221
9733
2987
-915
-1025
1028
2818
2614
-32
-4087
-7958
-10524
-11616
-11345
-9603
-6809
-5308
-6937
-10751
-13602
-12957
-8980
-3444
1012
2318
494
-2118
-2783
-143
4281
8284
10360
10218
8458
6136
4218
3280
3772
4925
5686
4481
1190
-2987
-6439
-7434
-6364
-4794
-4871
-6709
-9431
-11364
-11891
-10732
-8794
-6847
-5442
-4819
-4644
-4937
-4498
-3046
-323
2480
4340
4538
3788
2972
3256
4888
6593
7613
7147
5706
4095
3286
3191
3269
2842
1864
756
-268
-1237
-2203
-2729
-2749
-2516
-2480
-2614
-2754
-2514
-2070
-1724
-1506
-998
-452
-537
-3168
-10454
-18417
-20112
-11059
-101
2602
-5107
-15592
-21388
-19696
-11465
-1259
4645
2473
-3668
-7826
-6647
-2270
3100
7792
11538
13485
12453
8844
5480
6465
11726
18278
22055
21316
15977
9044
5674
8404
14542
18139
16432
10511
4194
314
-76
1457
2788
2387
-129
-3675
-7037
-9289
-10658
-11106
-10058
-7612
-6072
-7333
-10704
-13430
-13029
-9673
-4726
-751
545
-1039
-3224
-3494
-893
2949
6081
7674
7650
6659
4831
3026
2272
3219
5150
5968
4555
1064
-3175
-6291
-6867
-5166
-3165
-3129
-5416
-8478
-10610
-10698
-8954
-6488
-4377
-3434
-3776
-4660
-5101
-4233
-2137
654
3036
4120
3798
2743
2338
3297
5343
7101
7631
6693
4953
3597
3214
3659
4188
3675
2160
315
-969
-1493
-1739
-1639
-1630
-1719
-2216
-2578
-2550
-2255
-1973
-1682
-1268
-900
-577
-670
-1976
-7779
-16068
-20587
-14207
-2522
3071
-2144
-12696
-20171
-20924
-14185
-3996
3770
3407
-2152
-7368
-7453
-3728
1196
5906
9960
12945
13009
9829
5689
5071
8995
15561
20735
21846
17727
10349
5479
6640
12410
17017
16826
12019
5933
1392
51
1196
2592
2640
694
-2431
-5410
-7576
-9358
-10539
-10051
-7705
-5591
-6058
-8829
-11646
-12219
-10168
-5928
-1530
665
-266
-2595
-3587
-1866
1342
4496
6454
7153
6311
3997
1921
1650
3481
5457
6065
4623
1632
-1953
-4325
-4333
-2422
-628
-755
-2723
-5300
-7049
-7498
-6184
-3972
-2086
-1648
-2568
-3741
-4272
-3500
-1726
723
2736
3472
2741
1642
1317
2184
3562
4612
5017
4383
3066
1765
1298
1533
1828
1396
597
-392
-1043
-1874
-2618
-3032
-2940
-2970
-3345
-3753
-3878
-3539
-3265
-2806
-2259
-1563
-1167
-1165
-2398
-6994
-14402
-19546
-16307
-6423
561
-1232
-9840
-18059
-20823
-16360
-7123
1190
3050
-822
-5698
-6865
-4203
76
4474
8557
11732
12777
10887
7596
6144
8372
13489
18896
21585
19559
13635
8420
7918
11827
16042
17047
14157
9192
4765
2575
2636
3409
3201
1499
-881
-2457
-3709
-5512
-7714
-8666
-7615
-5632
-4630
-5428
-7530
-9487
-9650
-7295
-3491
-890
-622
-1877
-2857
-2365
-1017
956
2598
3777
3946
3292
2141
1315
901
1116
1924
2512
2245
392
-1721
-3234
-3369
-2860
-2437
-2661
-3596
-4915
-5990
-6035
-5330
-4407
-3923
-3375
-3039
-2956
-3248
-3012
-2057
-629
619
1282
1485
1170
887
824
1287
1923
2186
1673
914
247
-194
-610
-1016
-1094
-1202
-1504
-2208
-2904
-3559
-3823
-3760
-3433
-3154
-2964
-3008
-3103
-3004
-2610
-2687
-2685
-1936
-468
1005
371
-2601
-8319
-12627
-12941
-8564
-3080
-1096
-3663
-9107
-13091
-13005
-8579
-3143
425
546
-861
-2328
-2544
-1334
935
4192
7582
10222
10662
9247
7355
7242
9598
13587
16993
17513
15184
11923
10429
11176
13344
14929
15008
13124
10355
7800
6277
5785
5542
5197
4380
2910
741
-1684
-3663
-4227
-3792
-3117
-3150
-4213
-5837
-7302
-7455
-6491
-4959
-3878
-3544
-3900
-4380
-4707
-4559
-3812
-2633
-1460
-926
-1068
-1622
-2087
-2205
-2054
-1590
-964
-414
-330
-905
-1893
-2782
-3025
-2526
-1768
-1222
-1441
-2403
-3209
-3292
-2605
-1740
-1271
-1401
-1745
-2252
-2481
-2169
-1729
-1045
-849
-1003
-898
-686
-799
-1230
-1643
-1659
-1184
-991
-1362
-1078
-1756
-2351
-1483
-1060
-957
-1285
-1434
-1947
-1736
-1030
-589
-76
52
124
-837
-1287
-1170
-446
-73
855
1588
1352
1075
1303
1741
2119
2968
1840
-806
-3070
-3260
-2158
-1150
-1156
-2249
-4556
-6418
-6756
-5638
-4119
-4001
-3897
-3885
-3394
-3140
-2774
-2174
-986
728
2389
3446
3619
3883
3894
5241
7494
9762
10340
10358
10210
10327
10948
11752
12381
12216
11882
10999
10203
9410
8407
7243
6263
5516
4666
3472
1957
656
-518
-1304
-1798
-2065
-2776
-4080
-5380
-6013
-5758
-5299
-4978
-5287
-5765
-6065
-5635
-4819
-3926
-3158
-3164
-3060
-2320
-1578
-1019
-1057
-1019
-623
-241
224
579
402
-219
-350
-426
-818
-1129
-934
-1554
-2621
-2651
-2359
-2365
-2731
-3303
-3576
-3724
-3396
-3012
-2316
-2240
-2217
-2186
-2370
-2653
-2601
-612
-919
-412
-964
-1725
-2178
-918
556
1156
2213
1616
1030
791
1093
392
1672
1630
775
178
-943
-1083
-975
-147
1028
402
-190
-1641
-2320
-2206
-1850
-804
-544
279
-835
460
954
115
736
1428
1178
1679
3373
2554
1027
720
629
290
1377
2150
1229
-370
-1606
-2028
-2017
-1575
-313
-650
-1284
-2396
-2431
-2595
-2649
-1348
-775
-81
267
118
-777
-1343
-1080
-97
1490
2730
2989
2237
1825
1618
1991
3364
3919
4143
4080
3601
2945
2844
2735
2752
3237
3204
3543
3668
2681
1493
955
535
1083
2350
2411
1753
338
-452
-1183
-133
595
236
1673
6
-1243
-1780
-1234
-1080
72
1722
1849
823
-295
-431
-1081
468
1756
1770
1360
2529
1207
88
1034
-229
431
2395
2920
-328
1278
1050
-1564
-812
-1537
-1889
-3263
-1367
-2596
-3466
-4844
-4742
-3897
-4962
-3757
-3729
-4550
-5127
-4169
-3801
-3820
-3085
-1906
-2263
-4266
-2476
-2150
-1340
-807
-648
-1748
-3367
-522
-1762
-1265
-1670
-848
-728
519
936
2422
1535
811
601
2101
2838
1546
2426
258
621
-366
1323
923
1026
1773
892
965
2579
1947
-793
-682
-634
45
21
2949
405
-566
264
666
1790
1723
1429
-302
-750
-269
1853
1825
1910
302
1581
55
-769
337
-677
-612
-657
656
-772
-1404
-2164
-1740
980
1802
527
-655
-2057
-3404
-936
34
327
-577
-515
-1256
-1622
58
-74
-756
383
1490
1186
1442
-449
-720
-636
1547
2628
2710
2109
-8
-261
99
724
1964
2110
1449
1879
616
1746
1345
535
843
533
686
732
1839
1374
533
1147
1172
80
2371
1347
2088
2080
1411
1096
1323
1853
1113
1964
2001
1491
598
1245
1238
80
1446
3269
1676
2098
1437
804
-1186
2101
1044
-178
969
-208
-2523
-2409
258
-2400
803
122
-129
-1731
-508
-1524
-33
1731
-134
1057
-838
-1364
-1840
-309
-1715
-1981
-2876
-2912
-4041
-4331
-3014
-3727
-1705
-2221
-510
-2408
-2164
-2581
-3185
-2241
-3883
-2905
-4890
-3797
-5315
-5736
-4184
-5458
-4034
-4828
-3278
-4318
-4614
-5182
-5526
-4177
-5169
-5017
-5508
-4642
-5405
-4740
-3721
-3600
-1673
-1211
-1760
-1132
-446
542
305
2250
1905
921
3197
3884
2694
2869
4517
4577
5248
6486
5903
5475
5489
6763
7394
7883
8294
8038
8774
7354
7858
10198
7757
9074
8761
9216
8775
8754
8728
6698
7562
5940
6119
3628
2799
1316
314
-388
-635
-1487
-2815
-3753
-5123
-5536
-4852
-4905
-4580
-4892
-5068
-5397
-4800
-4857
-4310
-2129
-2135
-1143
-545
-868
-823
-544
103
1983
1107
1562
1479
1165
1732
1367
2567
493
658
2059
371
729
456
-665
-1345
-998
-821
-1605
-1594
-2258
-3672
-3484
-2932
-3090
-3951
-4330
-4526
-4638
-4659
-5009
-3737
-4689
-5261
-3987
-3673
-4889
-3619
-3296
-3443
-4282
-2699
-2810
-4461
-3353
-3184
-2333
-2593
-2773
-2068
-1824
-1267
838
675
1394
1089
272
1402
384
2384
1787
2126
3052
1410
2374
2414
3430
2631
2643
2388
2351
2055
2247
2636
3215
648
2523
2057
806
588
928
1713
-826
2023
775
-688
-344
-304
-963
-2097
-1126
-2173
-1587
-2055
352
-985
105
-570
-796
-472
172
1713
-39
2058
1641
1063
2086
1571
2362
2641
3934
4444
3255
4573
2144
2056
1676
2298
1572
2106
2922
1145
390
319
1443
958
1880
2358
112
-346
368
-909
-1173
-859
-1586
-1829
-1510
-1021
-1035
-2037
-1537
-1882
-1663
-2068
-783
-541
-1668
-2116
-580
-348
-1271
519
-497
-556
-376
109
-257
695
583
819
2321
1326
1159
1240
1453
812
1124
2137
2038
2346
2562
1662
2349
1569
2810
1411
1604
1978
1148
759
215
625
446
1450
1703
658
418
-254
-911
-1440
289
-460
-1497
312
-1393
-1503
-3003
-1793
-2664
-1443
-1818
-2816
-2474
-3550
-2629
-2969
-1886
-2628
-1773
-2331
-2921
-2170
-1929
-3271
-3089
-2232
-2684
-2986
-1895
-4284
-5120
-4017
-2937
-4019
-3201
-2012
-3786
-1966
-922
-1699
-2773
-1164
-1638
106
1430
1940
839
1208
408
-173
1943
3287
2725
2161
2321
90
1026
1739
2054
1615
2001
2454
1408
867
570
350
1794
2724
3053
1360
1736
507
1046
428
2487
1875
951
2620
934
1775
-261
1759
1216
1013
2286
1614
2076
-55
497
1639
2593
2285
2834
2835
1295
1617
1012
1313
931
2410
1914
1505
2224
860
675
-352
886
-867
-249
1580
38
-136
-656
-478
-1587
-1238
444
-1064
-645
187
-1095
-2039
-2052
-1150
-1139
-549
563
-219
-1933
-3604
-1927
-2057
-1575
-158
537
-101
-2662
-89
-2058
-1861
17
-665
-670
-755
1108
-1240
143
-147
-512
-2851
-297
-77
-3505
-499
-860
-850
-1845
137
-1768
-2734
-1247
-80
-1452
-472
577
-2991
-2658
-1310
834
517
-1187
-367
-1137
-1241
1474
1695
203
-1392
126
-972
246
1172
520
-1180
619
1464
-214
1108
899
382
156
2283
1360
1162
909
973
637
2909
2032
150
1917
-443
882
402
2463
304
-307
829
-563
314
1649
2697
519
1263
104
37
-766
1811
1094
499
2517
806
366
-1718
-1033
661
449
2118
1038
406
-386
-1713
-821
-72
1609
167
-631
-610
-1031
-2160
-222
-494
-1432
-539
-1193
56
-320
319
-1172
-1929
-1003
680
-1224
66
224
-810
-151
228
863
-1138
-406
-333
-1267
462
-695
-1346
-877
-328
229
345
1210
-20
-149
-412
-1251
404
1081
310
859
1210
1017
157
-460
-550
-551
1586
1872
1365
890
-655
-723
-775
471
382
-664
971
1175
2634
2280
316
1673
384
-357
1127
1230
643
313
270
-186
753
1524
180
-1771
-426
60
1346
2976
58
742
-86
-67
-888
742
315
-2561
-32
-393
-2315
-871
-1070
-1189
335
1523
-9
-1534
-2257
-1703
-2960
-176
-209
-2582
-1722
-3713
-2887
-3740
-1868
-1497
-1017
-610
-2103
-2623
-1479
-1588
-2380
-405
-1847
270
125
-1263
-2029
-1109
-859
1071
2780
598
-2381
-1335
-561
1408
669
1447
1012
-718
1270
497
868
-455
1944
1610
2069
2261
1931
-270
-933
2474
638
3020
2925
1976
-280
689
1654
105
2440
2258
1299
406
2198
2788
771
1722
621
-398
490
485
2483
1759
2062
1871
1128
1166
-485
193
942
567
1810
3015
355
-1032
-364
316
-329
1955
1607
-1005
-902
-131
-3368
-2353
-762
-1603
-777
407
97
-2054
-1980
-2286
-768
1227
1285
-342
-440
-2108
-4134
-1660
-2573
-1008
267
1213
-1269
-3045
-2084
-3439
-1907
-1005
2268
670
-997
-2029
-2628
-3156
-659
3041
2255
2512
1601
-464
-1442
254
-1984
127
2328
2885
1248
444
925
-1144
-357
-779
1012
708
1494
1448
180
-1294
-2112
-2210
1074
3409
3424
3275
272
-3190
-2071
-717
-3512
-1480
2641
1419
-598
2891
-1575
-2567
-3716
-1827
783
524
1838
-1469
212
-318
1884
2737
1088
-965
408
182
18
2198
479
-1347
-891
3398
1302
-1387
-2649
-4053
-1324
2141
4738
3343
-205
-2414
-2420
46
2136
1361
-463
-2588
-2500
-585
505
-886
-2446
-2387
-2379
857
3631
3601
-1443
-1909
-2298
-638
2804
3342
81
-1422
-747
-292
1591
1726
879
-853
389
450
1311
-17
-3320
-3279
-519
1233
-1244
-1337
-352
219
2310
4594
2285
-2535
-3042
-1556
-522
569
3308
525
98
1461
-81
-797
-3056
-1636
-208
1858
2465
2160
-334
-5224
-2697
1053
4842
5342
3678
-456
-4562
-1460
562
1996
3150
2424
1634
327
673
-24
-2859
-194
1024
2671
3605
2442
-3104
-5946
-2358
-558
4525
4975
3663
-1996
-3948
-2978
468
1864
1777
1249
-3164
-2315
-75
326
-478
294
-926
-270
-312
-999
-2520
-5742
-4118
-1992
339
2627
539
-2020
-3805
-4742
157
622
204
-1793
-2933
-1421
-1009
1149
254
139
-185
797
-36
689
661
610
1418
439
407
-749
-1841
-538
-561
-447
-1308
-181
726
281
1243
-1073
548
4782
4982
4700
2130
1711
2726
5944
5890
2014
-345
396
-578
233
212
-3308
-1806
770
4140
4699
1908
-1744
-6084
-2321
-516
1978
1241
115
-2777
-3118
-464
1385
427
-940
255
-2113
337
120
-524
-3100
206
-259
891
2128
425
-1151
-3065
65
1387
2506
546
2195
253
156
576
-710
-1975
-1507
1760
1403
484
-1209
-1559
-355
740
3206
3827
594
-1637
-2190
-1871
-1016
-273
-154
-1851
-1543
-3273
-909
1917
1102
836
-2090
-3749
-3838
-2810
-2302
-1552
-907
-1690
-2725
-2745
-2081
-2305
-1812
214
903
-945
-1767
-201
-1248
866
2934
2781
2533
1234
-1262
-3724
3063
4067
2486
4027
966
-4540
-5583
-753
1274
2129
3938
-418
-4894
-5195
-3434
-193
1733
2645
1717
332
-437
-2851
-1221
-270
-11
3854
4565
1939
-1301
-3214
-1465
1522
6218
7909
2398
-1529
-3624
-1941
1679
2776
6085
-200
-509
1600
-2551
-1804
-331
2748
1669
3152
4836
-1478
-3228
-1208
62
1478
5027
4718
440
-2871
-335
-570
-1267
2729
1501
157
784
1017
-5068
-4579
701
299
3099
4940
1170
-3575
-2749
-32
1754
3657
1782
-1634
-2989
-3708
-2401
-936
713
1942
1007
1205
-630
-975
-147
-100
2439
1375
920
-263
-3297
-2647
-2281
-1418
-206
-1668
-1021
-1914
-1107
202
-1157
901
1566
1205
-334
-1085
-2837
-4787
-2005
2054
1990
989
919
-2257
-1523
932
4177
4187
2909
1089
-1194
-2099
-1716
749
1934
1031
-463
-441
-899
1336
3999
4096
2505
1181
817
6
-795
-1044
-2100
-601
2114
3994
-102
-2202
-3796
-2820
-95
2046
2182
-3326
-2839
-1249
1805
1809
500
-2857
-4177
-2294
1168
314
-2053
-2407
-3944
-303
-1234
-2359
-4132
-6986
-4709
-1841
804
-1131
-4094
-4400
-4858
-595
4030
1538
-642
-2734
-3351
-1440
1715
4142
2279
-483
1274
1029
1772
982
-279
-244
-1131
1089
1174
527
-593
217
628
2038
3122
5496
3187
-408
30
991
2547
5269
5850
3836
1462
860
248
1344
3426
4095
4255
1943
1145
451
505
1926
3582
2005
1537
504
-1265
-1382
-172
549
1267
3112
1586
-566
-1614
-672
-678
876
17
-1597
-2059
-1782
-473
2445
2442
-916
-1623
-2944
-2644
47
2224
223
-2305
-1374
-3164
-1358
692
-449
-2765
-1446
-156
-3024
-2940
-3309
-4012
-5626
-2593
-84
-1882
-1585
-1149
-2285
-3304
475
1500
-990
-1745
-1049
-690
-1537
-259
345
-2097
-3025
-663
-169
-1391
98
-1960
-4059
-2202
-562
-813
-1158
606
-476
-582
147
1148
978
423
1294
1194
2823
2100
1825
960
878
1259
1842
3363
3272
2786
2929
3176
2668
3618
3355
2724
3153
4461
3969
3135
2251
787
533
1320
1317
1146
1350
957
520
686
1857
615
-368
-50
-357
-510
-691
-624
-971
-151
-1457
-1124
-522
-1313
-1502
-1064
-1280
-2268
-380
1155
-630
-1472
-2186
-2243
-1774
-463
413
-1703
-2574
-1953
-1002
-1510
-1248
-1174
-1877
-1743
-595
-972
-3024
-2716
-2619
-2236
-1222
-372
-1045
-1481
-465
623
1256
1294
706
351
796
1087
1651
1715
1209
1073
633
1184
2117
2313
1429
522
-747
-522
-49
-53
22
-203
433
1759
1990
416
-373
-754
-370
1627
2379
882
-848
-1520
-1989
-935
692
441
-526
-334
397
-257
-868
-292
-299
39
1147
1639
607
-164
-310
-729
-13
1131
1277
259
194
-388
-568
441
1094
941
651
4
-1554
-1874
-730
144
859
1199
306
-1166
-2207
-2714
-2139
-727
16
-508
-1219
-1830
-2323
-2004
-777
197
262
7
-219
-805
-894
-341
650
2158
2689
2421
1389
680
439
963
2319
2930
2947
2396
1320
1822
2058
2438
2623
1872
2236
2004
995
403
359
-355
-309
834
550
-1093
-453
93
-743
627
1160
511
-1802
-2049
-720
-578
-562
-534
-442
-1567
-2527
-2140
-2452
-2834
-1974
-781
-1725
-2712
-2784
-2670
-2051
-73
1204
-343
-2243
-2104
-440
1021
1430
-1349
-7804
-12635
-8966
-280
4765
1275
-8051
-14450
-13042
-6273
-959
221
-1756
-5330
-7920
-7039
-3522
-1040
-1057
-1029
1193
3752
3530
789
-938
1295
6512
11293
12533
9794
5864
4539
7371
12575
16129
15193
11144
7305
6929
9301
11642
11823
10003
7854
6153
4726
3596
2732
2266
2215
1830
602
-1964
-5092
-7310
-7106
-5247
-3916
-4789
-7225
-9521
-10017
-8748
-6160
-4777
-5127
-5855
-6328
-5903
-4531
-2425
-1602
-1300
-662
133
-33
-167
501
1317
2087
2690
2678
1470
-24
-536
23
809
698
-116
-695
-1344
-1833
-1956
-2779
-3601
-3636
-3766
-4895
-5566
-5300
-4054
-2404
-2025
-3065
-4039
-3560
-1931
-343
268
-160
-387
-76
-224
-4725
-11277
-13800
-6875
3547
5423
-2984
-13968
-16223
-10247
-2583
1255
811
-2892
-8183
-10908
-7661
-1984
1116
92
-570
1066
2472
1154
-995
306
5404
11003
13160
10833
6321
3688
5445
11079
16380
17911
14259
9009
6116
7915
12063
14408
13219
10024
7430
6169
5640
5334
5297
5134
4480
3161
1023
-1707
-4190
-4820
-3208
-1703
-2281
-5554
-9389
-11384
-10347
-7531
-5488
-5850
-8046
-10213
-10524
-9100
-6763
-4757
-4087
-4283
-4809
-4791
-4001
-2617
-542
1406
2490
2106
976
445
881
2774
4962
6158
5525
3480
1930
1775
2773
3887
4186
2678
394
-1169
-2262
-2516
-1299
-220
-897
-2756
-3731
-4435
-5028
-4557
-3548
-2467
-1992
-2583
-3724
-3728
-2622
-1404
-116
470
184
-169
-1455
-6398
-11731
-11978
-4121
4722
4131
-5872
-15916
-16196
-9163
-2152
433
-669
-4511
-9517
-11743
-8192
-2123
1085
-82
-1262
-64
1079
120
-1164
874
6024
10744
11640
8763
4860
3459
6485
12146
16636
16909
12757
7788
5698
8634
13623
16129
14210
10074
6959
5859
5985
6483
7175
7011
5590
3273
842
-1294
-2609
-2578
-990
243
-1068
-4840
-9063
-10714
-9168
-5897
-4043
-5475
-9002
-11883
-12060
-9632
-6253
-4191
-4236
-5674
-6774
-6134
-4300
-2373
-631
685
1296
893
-169
-764
206
2643
5036
5982
4878
2722
1514
2163
4599
6756
6813
4459
1224
-827
-1388
-510
620
775
-499
-2750
-5128
-6402
-5916
-4590
-3804
-3850
-4956
-6266
-6345
-4997
-3107
-2046
-1649
-1831
-1805
-954
-325
-1633
-6744
-11903
-11128
-2733
5463
4053
-6458
-15774
-15024
-6880
237
2210
-204
-5100
-10143
-11335
-6340
497
3201
537
-2213
-1751
262
1135
1084
2608
6080
9411
10508
8666
5684
4415
6792
11824
16058
16745
13341
8351
5713
8134
13719
17260
15444
10019
5415
4290
5884
8236
9205
7844
4416
961
-658
-315
395
-3
-934
-1811
-2637
-4042
-6173
-8141
-9057
-8492
-7105
-6247
-6971
-9164
-11388
-11731
-9348
-5909
-4010
-5070
-7650
-8922
-7488
-4270
-1139
283
-144
-1599
-2443
-1423
891
3071
4011
3801
3374
3212
3179
3396
3930
4762
5611
5752
4632
2944
1286
376
668
1448
1671
229
-2344
-4561
-5175
-3748
-2455
-2731
-4261
-5895
-6611
-6000
-4074
-2323
-1571
-1730
-2333
-2570
-1931
-738
-195
-2240
-7470
-12287
-11459
-3272
4732
3981
-5250
-14224
-15178
-9584
-2953
1246
2076
-1769
-8836
-13226
-10072
-1628
4441
4077
122
-2733
-2839
-904
2310
6023
8742
9386
8543
7394
7159
8075
10025
11996
13642
14523
14172
12416
9984
9265
11287
14230
15031
12857
9222
6325
5083
5634
7439
8857
7923
4401
58
-2279
-2053
-501
383
-382
-2335
-4737
-6566
-7822
-8047
-7674
-7280
-7345
-8101
-8841
-9340
-9923
-10132
-9255
-7550
-5913
-5566
-6269
-6728
-6354
-4809
-2608
-521
450
-58
-1462
-2057
-885
1448
3547
4231
3739
2593
1998
2254
3319
4458
4827
3856
2231
1383
1383
1500
778
146
-231
-686
-1167
-1729
-2475
-3165
-3155
-3117
-3183
-3176
-3258
-3525
-3501
-2974
-2303
-1616
-1117
-857
-543
-396
-404
-485
-1507
-4607
-8831
-10627
-6691
329
4011
1188
-5348
-10322
-11793
-10030
-5669
5
3171
270
-6583
-11238
-9744
-3874
1661
4165
3375
616
-2165
-2471
660
5573
9382
10098
8047
5468
4879
7195
10816
13341
13807
12586
10966
9872
10015
11545
13276
13367
11302
8571
6985
6761
6838
6527
5704
4670
3396
1991
917
245
-354
-1302
-2317
-3045
-3054
-2817
-3083
-4112
-5530
-6808
-7636
-7658
-6846
-5730
-5235
-5797
-6914
-7439
-6906
-5605
-4435
-3898
-3887
-4022
-3940
-3249
-2158
-1102
-815
-1193
-1618
-1695
-996
-46
472
599
461
59
-79
261
872
1217
912
99
-491
-686
-428
19
-209
-1057
-1662
-1996
-1926
-1396
-1012
-1115
-1467
-1804
-1992
-1985
-1844
-1722
-1624
-1491
-1379
-1256
-1115
-934
-542
15
453
815
1111
1153
262
-1616
-3442
-3820
-2302
-441
8
-727
-1524
-2004
-2628
-3289
-2884
-1367
-208
-710
-2160
-2757
-2023
-730
420
1009
911
233
-531
-445
1019
3189
5075
5712
5266
4390
4281
5435
7171
8351
8417
7909
7157
6633
6764
7527
8207
7703
6157
4704
4219
4550
4879
4528
3607
2390
1038
12
-315
-30
187
-132
-1056
-2009
-2492
-2354
-2074
-2012
-2324
-2909
-3493
-4025
-4106
-3684
-3169
-2835
-2986
-3435
-3768
-3842
-3665
-3484
-3146
-3084
-3225
-3393
-3292
-2932
-2490
-2261
-2220
-2173
-1963
-1631
-1447
-1366
-1263
-1207
-1197
-1098
-862
-581
-520
-543
-641
-490
-46
508
877
864
545
183
-122
-203
-26
211
374
298
127
52
234
535
634
520
426
507
729
962
1067
1099
1142
1232
1357
1510
1412
389
-1572
-3680
-4161
-2835
-1232
-582
-989
-1702
-2479
-3252
-3772
-3241
-2020
-1639
-2532
-3872
-4094
-3134
-1765
-625
-36
11
-466
-957
-817
414
2134
3420
3897
3724
3585
3978
4812
5500
5813
5722
5375
4991
4607
4613
4952
5002
4604
3916
3283
2826
2652
2498
2334
2131
1798
1235
776
491
638
955
785
546
81
-183
-131
-99
-53
-54
-207
-394
-571
-592
-556
-641
-937
-1415
-1572
-1499
-1362
-1428
-1709
-2061
-2476
-2739
-2856
-2838
-2667
-2610
-2637
-2676
-2662
-2590
-2475
-2276
-2097
-1939
-1846
-1986
-1969
-1707
-1300
-928
-758
-821
-1027
-1090
-1036
-888
-696
-494
-297
-137
-181
-189
-120
-79
-174
-215
-135
75
323
498
608
536
397
231
110
189
519
873
1051
1157
1157
936
393
-371
-1006
-1103
-865
-648
-772
-888
-834
-856
-1004
-1128
-898
-479
-444
-966
-1671
-2058
-1936
-1624
-1166
-690
-408
-188
-38
152
593
1111
1464
1568
1489
1435
1661
2058
2273
2459
2531
2441
2266
2202
2403
2580
2733
2654
2564
2443
2413
2433
2434
2499
2386
2469
2469
2540
2591
2584
2428
2059
1667
1245
1068
1086
1150
1217
1196
833
215
-317
-483
-423
-396
-567
-911
-1208
-1501
-1809
-2114
-2350
-2526
-2615
-2557
-2557
-2422
-2266
-2301
-2295
-2357
-2230
-2037
-1983
-2028
-2155
-2245
-2249
-2220
-2106
-1891
-1821
-1837
-1869
-1841
-1696
-1373
-1076
-1006
-1033
-1020
-930
-624
-162
216
389
319
9
-214
-131
163
569
774
810
727
449
298
270
359
608
680
634
612
584
787
953
800
522
173
-12
68
174
273
425
494
262
-61
-279
-321
-105
-102
-379
-597
-811
-937
-993
-873
-624
-435
-434
-627
-838
-637
-133
264
655
853
994
1097
1132
1367
1723
1995
2150
2188
2201
2358
2586
2654
2817
2753
2571
2428
2336
2436
2322
2146
1898
1715
1665
1585
1491
1468
1510
1531
1424
1150
860
588
366
215
-40
-249
-483
-669
-784
-982
-1194
-1400
-1392
-1383
-1487
-1723
-1968
-2261
-2457
-2501
-2550
-2588
-2562
-2596
-2731
-2773
-2717
-2629
-2477
-2240
-2030
-1839
-1768
-1763
-1625
-1468
-1323
-1259
-1116
-1034
-966
-795
-598
-329
-109
-118
-129
-30
114
356
575
705
658
564
608
703
915
1084
1096
954
670
491
495
720
1103
1357
1281
930
673
636
778
1146
1197
841
169
-482
-558
-278
78
194
1
-349
-588
-754
-806
-627
-503
-578
-769
-1023
-1041
-941
-752
-517
-516
-628
-634
-517
-350
-103
205
349
381
393
327
405
667
919
1309
1727
1944
2003
1914
1926
1983
2029
1894
1752
1668
1647
1657
1651
1665
1556
1533
1557
1660
1714
1761
1584
1354
1086
876
706
454
302
140
-100
-233
-220
-92
84
44
-118
-512
-896
-1160
-1238
-1170
-1105
-1063
-1213
-1298
-1414
-1474
-1553
-1591
-1730
-1931
-2015
-1958
-1737
-1495
-1280
-1146
-1038
-1032
-1052
-1041
-1024
-979
-960
-1082
-1076
-984
-1015
-933
-711
-435
-224
-127
-17
-13
72
169
159
127
165
161
-5
-157
-259
-272
-128
-65
49
204
241
173
121
21
-50
13
110
202
275
333
211
-2
-264
-543
-709
-816
-770
-768
-767
-654
-679
-718
-736
-676
-567
-478
-496
-641
-689
-564
-315
-92
103
158
140
88
277
656
982
1260
1296
1252
1118
1257
1464
1553
1773
1937
1930
1910
1951
2059
2266
2387
2476
2431
2426
2309
2245
2206
2198
2201
2078
1946
1683
1449
1280
1232
1153
977
725
488
308
249
230
143
130
15
-161
-249
-408
-539
-696
-900
-1140
-1418
-1558
-1664
-1784
-1863
-2015
-2105
-2029
-1859
-1663
-1523
-1572
-1772
-1857
-1842
-1704
-1630
-1625
-1761
-1906
-2023
-1981
-1770
-1616
-1547
-1585
-1489
-1214
-707
-386
-251
-292
-378
-537
-614
-435
-256
46
117
183
157
80
20
9
37
73
250
200
154
94
122
373
523
626
686
735
669
604
549
458
446
339
45
-317
-586
-628
-553
-401
-344
-271
-322
-593
-843
-867
-633
-499
-659
-1060
-1338
-1324
-1016
-617
-203
10
-39
-112
-14
352
844
1404
1656
1732
1711
1793
2019
2342
2562
2582
2572
2578
2602
2834
3157
3371
3313
2846
2474
2175
2112
2076
1899
1483
1125
959
932
1042
1112
1046
799
464
197
68
49
-42
-315
-585
-831
-1008
-1125
-1194
-1169
-1166
-1243
-1565
-1829
-1838
-1768
-1616
-1534
-1589
-1798
-1892
-1868
-1824
-1675
-1556
-1500
-1551
-1512
-1341
-1058
-759
-605
-515
-680
-850
-990
-1134
-1105
-969
-914
-991
-1005
-905
-649
-440
-328
-338
-501
-616
-395
3
326
477
268
149
120
222
255
142
29
26
46
-67
-60
-44
31
207
368
603
613
439
348
302
477
655
481
-94
-1040
-1824
-1993
-1494
-808
-471
-503
-836
-1146
-1429
-1559
-1394
-1085
-1124
-1596
-2040
-2111
-1588
-801
-74
475
575
242
-80
37
593
1495
2336
2693
2628
2497
2831
3440
4062
4250
4089
3678
3348
3409
3821
4254
4318
3890
3169
2778
2782
2940
2992
2734
2139
1445
914
618
578
663
429
-89
-656
-959
-1119
-1069
-1023
-1093
-1268
-1560
-1677
-1796
-1763
-1689
-1760
-2112
-2360
-2337
-2199
-2077
-2176
-2385
-2730
-3064
-3200
-2903
-2404
-1889
-1703
-1853
-1953
-1898
-1699
-1403
-1172
-988
-863
-858
-931
-764
-475
-299
-382
-407
-353
-182
-99
-63
-87
-140
26
222
312
232
362
372
371
340
256
243
270
387
412
292
153
138
338
648
691
467
84
-21
371
965
1396
1491
1257
916
652
208
-450
-1455
-2128
-2066
-1393
-680
-639
-1117
-1723
-2305
-2682
-2626
-1966
-1188
-1061
-1733
-2473
-2514
-1899
-1128
-552
-284
-369
-517
-228
689
2028
3282
3876
3644
2983
2736
3205
4266
5219
5586
5296
4535
3917
3774
4344
5044
5316
4610
3594
3027
3001
3281
3471
3339
2647
1634
629
142
223
514
387
-308
-1328
-2210
-2593
-2450
-2155
-2097
-2398
-2958
-3476
-3598
-3346
-3026
-2955
-3220
-3403
-3330
-3018
-2760
-2589
-2595
-2643
-2553
-2409
-1987
-1386
-910
-818
-897
-889
-627
-197
210
245
169
11
-75
114
356
743
865
709
528
387
386
202
-81
-301
-450
-615
-778
-891
-943
-992
-1182
-1495
-1532
-1455
-1487
-1451
-1310
-976
-665
-375
-158
-22
212
583
928
1147
1153
1426
2010
2689
3423
3715
3567
1817
-1667
-5178
-6047
-2565
2309
4051
1054
-4045
-8011
-9342
-7658
-3723
495
1575
-2241
-7527
-9860
-7619
-3072
367
1358
73
-1898
-2795
-1499
1278
4071
5158
4260
2869
2918
5401
8855
10790
10323
8608
7221
6962
8015
9953
11489
11211
8834
6315
5358
6040
6956
6959
5912
4375
2902
1820
1078
537
-165
-1130
-2259
-3175
-3345
-3189
-3530
-5025
-7133
-8597
-8650
-7942
-7395
-7310
-7845
-8775
-9502
-9263
-7909
-6398
-5534
-5635
-6054
-5910
-5015
-3748
-2451
-1463
-1018
-814
-537
58
1222
2419
3030
3269
3453
3594
3753
4019
4376
4806
4935
4530
3746
3379
3699
4184
4269
3519
2312
1123
338
189
313
-20
-900
-1909
-2723
-2965
-2655
-2211
-2217
-2222
-2319
-2384
-2500
-2553
-2044
-1464
-1365
-1666
-1774
-1624
-982
-204
516
962
1168
-318
-4688
-8966
-9402
-3800
2926
4237
-1534
-9338
-13384
-11862
-6180
226
3953
1763
-5648
-12157
-11986
-5103
2863
5906
3332
-1826
-5003
-4015
914
6581
10001
9509
6136
3335
3896
7766
11959
13477
12304
10501
9536
9577
10228
11558
12691
12609
10919
8950
7647
7364
7293
7177
7042
6551
5148
2773
399
-754
-505
4
-342
-1892
-4022
-5898
-7043
-7189
-6321
-5472
-5975
-8107
-10595
-11407
-10168
-8437
-7447
-7736
-8683
-9639
-9763
-8594
-6699
-5024
-4680
-5265
-5593
-4869
-3413
-2077
-1195
-480
182
791
1345
2044
2846
3444
3728
4146
4805
5152
4770
4013
3649
4026
4675
4754
4020
2810
1662
1135
1263
1682
1529
373
-1464
-2881
-3069
-2363
-1827
-2305
-3345
-4155
-4112
-3458
-2563
-2202
-2343
-2827
-2870
-2292
-1621
-1360
-1486
-1330
-635
340
1304
1586
1207
-854
-5455
-9349
-9011
-2075
4850
4570
-3492
-12171
-14165
-9326
-1825
3218
3467
-1936
-9828
-13575
-9517
-542
6122
5547
107
-5006
-5227
-985
4765
8425
9072
7018
4282
3508
5595
9711
12643
12957
11677
10870
10602
10397
10212
11161
12995
13907
12468
9503
6705
5772
6559
8272
9337
8200
4676
433
-1807
-818
2039
3424
1580
-2682
-6343
-7290
-5782
-3828
-3037
-4603
-7647
-10552
-11687
-10555
-8528
-7115
-7286
-8634
-10233
-11020
-10247
-8181
-5825
-4519
-4831
-5867
-6511
-5494
-3350
-1069
274
356
-431
-1096
-644
1007
3148
4375
4269
3365
2744
3085
4174
5401
6003
5460
4144
2815
2329
2573
2961
2962
2164
770
-532
-1469
-1777
-1594
-1283
-1336
-2183
-3428
-4288
-4430
-3853
-2931
-2544
-2667
-3199
-3447
-3122
-2280
-1249
-881
-1133
-1606
-1671
-1076
-56
840
1506
1746
720
-3443
-8201
-9477
-4022
3941
5694
-1100
-10872
-14571
-10402
-2493
2965
3210
-1793
-9104
-12942
-9713
-1611
4790
4524
-468
-4984
-4994
-1126
3584
6397
6874
6219
4940
4623
5520
8042
10666
12183
12494
12076
11007
9417
8649
10112
13146
14985
13307
9206
5618
5003
7192
9903
10701
8236
3714
-285
-1134
1028
3944
4135
961
-3654
-6550
-6183
-4177
-2633
-3161
-5445
-8010
-9717
-9469
-8409
-7998
-8716
-9514
-9198
-8710
-9003
-10263
-10395
-8745
-6045
-4481
-5078
-6668
-7630
-6407
-3246
57
1362
-75
-2478
-3050
-485
3303
5421
4466
2095
844
1831
4446
6596
6973
5306
3020
1809
2449
3950
4578
3699
2091
1027
707
477
-175
-962
-1466
-1751
-1946
-2411
-3074
-3849
-4154
-3499
-2433
-1799
-2283
-3568
-4190
-3308
-1394
180
200
-958
-2110
-2243
-987
923
2037
1991
1186
776
894
-1313
-5562
-8300
-5176
2160
5217
131
-9240
-13851
-10564
-3081
2340
2426
-2304
-9111
-12585
-9486
-1796
4472
4103
-1114
-5688
-5609
-1360
3308
5688
5802
5242
4480
4321
4901
6846
9326
11048
11643
11308
10273
8908
8452
10024
13193
14944
13033
8686
5129
5095
7976
10602
10655
7467
3037
-159
-225
2101
4344
3751
48
-4187
-6188
-5087
-2809
-1768
-2933
-5553
-8011
-9156
-8684
-7411
-6600
-7220
-8872
-9980
-10058
-8933
-8273
-7935
-7749
-7469
-7208
-7182
-6704
-5711
-4232
-3112
-2460
-2382
-2529
-2276
-1335
331
2145
2989
2689
1930
2091
3370
5000
5703
5435
4575
3916
3852
4208
4713
4377
3159
1751
1149
1342
1786
1921
1220
153
-934
-1703
-2059
-2146
-1975
-2096
-2600
-3404
-3852
-3706
-3060
-2388
-1697
-1513
-1785
-2168
-2205
-1568
-720
-105
-117
-303
-717
-548
215
1358
2180
2527
1532
-1957
-6365
-8256
-4264
2552
5184
-112
-8939
-13234
-9933
-2843
2082
1828
-2926
-8822
-11313
-8220
-1645
3037
2518
-1527
-4903
-4369
-897
2800
4813
5332
5200
4786
4382
4655
6429
9120
11272
11971
11144
9350
7753
7658
9827
12881
14064
11776
7715
5161
5894
8561
10473
9611
6186
2186
-88
386
2411
3808
2812
-262
-3419
-4718
-3971
-2789
-2550
-3622
-5544
-7123
-7862
-7558
-6779
-6287
-7052
-8578
-9555
-9474
-8633
-8195
-7994
-7713
-7329
-6932
-6760
-6313
-5525
-4224
-3087
-2280
-1904
-1867
-1571
-867
533
1871
2465
2050
1568
1975
3234
4613
5234
4909
3998
3323
3218
3669
4344
4359
3439
2138
1212
1024
1265
1362
960
239
-562
-1189
-1667
-2005
-2123
-2219
-2253
-2358
-2291
-2240
-2207
-1996
-1761
-1519
-1755
-2023
-1994
-1219
-206
577
722
284
-208
-349
128
869
1531
1691
1348
1206
-79
-2780
-6068
-6692
-2800
1770
2178
-3572
-9975
-11758
-7656
-1943
946
-693
-5601
-9835
-10046
-5955
-395
2212
615
-2866
-4454
-2581
766
3439
4271
4450
4373
4586
4875
5832
7463
9291
10508
10672
9843
8549
7771
8490
10743
12848
12678
9952
6625
5289
6511
8642
9505
7889
4916
2159
1357
2301
3773
3888
1963
-1012
-3188
-3363
-2252
-1405
-1789
-3457
-5413
-7104
-7640
-7189
-6179
-6022
-7021
-8349
-9094
-8591
-7924
-7233
-6724
-6306
-6400
-6756
-6871
-6075
-4507
-3114
-2498
-2641
-2833
-2431
-1518
61
1473
2120
1688
961
955
2096
3557
4250
4071
3247
2576
2302
2563
3040
3141
2585
1495
615
200
210
210
-93
-449
-924
-1267
-1516
-1521
-1547
-1723
-2123
-2519
-2700
-2617
-2440
-2318
-2140
-1868
-1474
-1110
-736
-338
-121
-13
145
142
268
230
363
727
1115
1495
1491
1322
1426
1852
2139
1078
-1091
-3961
-4372
-2238
550
849
-2163
-5780
-7503
-5631
-2652
-478
-1206
-3889
-6439
-6653
-4400
-1374
262
-118
-1464
-1707
-520
1522
3136
4064
4427
4378
4339
4400
5118
6029
7458
8504
9126
9097
8644
8297
8798
9949
10783
10303
8503
6673
6194
6885
7968
8039
6472
4068
1957
1203
1538
2230
1909
560
-1347
-2927
-3490
-3233
-3086
-3811
-5282
-6599
-7328
-7201
-7023
-7052
-7235
-7473
-7926
-8469
-8540
-8121
-6938
-5805
-5084
-4922
-5174
-5199
-4705
-3491
-2171
-1407
-1542
-2045
-1811
-681
968
1894
1984
1504
1182
1485
2249
3142
3542
3414
2876
2647
2681
2810
2823
2418
1979
1559
993
455
-113
-392
-422
-431
-583
-925
-1409
-1691
-1639
-1451
-1314
-1431
-1756
-1933
-1753
-1291
-887
-873
-1084
-1200
-936
-547
-118
111
188
243
384
534
672
908
1096
1299
1445
1306
1096
978
1022
1085
1293
658
-697
-2011
-2675
-2065
-1554
-1291
-1943
-3089
-4277
-4771
-3903
-2615
-1796
-2454
-3717
-4663
-4564
-3303
-1787
-600
-295
-455
-778
-589
401
1718
3004
3490
3672
3701
4163
5045
6034
6997
7190
6895
6364
6417
7229
8282
9220
9246
8775
7821
6795
6293
6135
6174
5679
4726
3527
2521
1878
1500
961
88
-1016
-2235
-3026
-3223
-2912
-2670
-3311
-4434
-5572
-6124
-6151
-5968
-5706
-5570
-5544
-5760
-5920
-5759
-5358
-4817
-4501
-4331
-4198
-3868
-3270
-2387
-1312
-414
-186
-524
-746
-688
-101
677
1290
1535
1413
1114
903
931
1294
1644
1702
1451
1232
1022
967
801
490
-12
-560
-912
-1159
-1263
-1282
-1350
-1521
-1517
-1397
-1426
-1553
-1670
-1758
-1701
-1512
-1117
-751
-565
-721
-956
-952
-638
-112
170
261
204
215
459
794
1069
1352
1449
1376
1196
996
1166
1336
1355
1065
447
-50
-228
182
279
-252
-1073
-1451
-833
-476
-884
-2168
-3024
-2755
-2004
-1672
-2254
-2962
-3515
-3340
-2683
-1879
-1484
-1846
-2013
-1712
-620
612
1266
1170
865
1229
2250
3405
4130
4488
4677
4747
5016
5524
6110
6454
6513
6754
6960
7069
6870
6506
6267
6207
6181
5631
4879
3973
3280
2799
2473
2221
1770
979
31
-537
-948
-1158
-1512
-2127
-2774
-3162
-3399
-3579
-3959
-4404
-4803
-4928
-4748
-4448
-4164
-4175
-4252
-4066
-3664
-3274
-3101
-3191
-3141
-2829
-2313
-1905
-1702
-1523
-1338
-991
-686
-480
-413
-528
-544
-469
-220
-88
-206
-421
-547
-518
-429
-448
-657
-907
-1279
-1643
-1775
-1778
-1647
-1598
-1678
-1644
-1472
-1193
-1137
-1151
-1181
-1179
-1124
-1126
-992
-942
-733
-215
242
618
674
672
775
913
1033
1360
1407
1092
989
1334
1872
2286
2266
1499
734
371
759
1282
1399
951
311
-42
24
445
944
1112
981
454
-195
-577
-711
-507
-344
-282
-316
-430
-701
-973
-726
-111
320
273
-236
-775
-741
-172
463
825
683
432
389
735
1286
1876
1968
1646
1492
1659
2150
2647
2865
2744
2553
2552
2788
2988
2949
2918
2766
2510
2410
2420
2287
2070
1974
1911
1906
1862
1697
1580
1394
1266
933
578
186
-272
-611
-928
-1037
-1115
-1055
-1154
-1401
-1718
-1933
-2043
-2129
-2261
-2426
-2531
-2562
-2524
-2387
-2365
-2445
-2335
-2150
-1899
-1678
-1555
-1583
-1695
-1797
-1821
-1929
-2067
-1995
-1854
-1635
-1429
-1378
-1330
-1393
-1579
-1744
-1796
-1663
-1516
-1283
-1135
-1092
-1054
-691
-399
-525
-656
-494
-448
-228
-55
-73
-109
53
392
226
-56
-156
-8
-101
24
350
570
711
1020
1244
1047
816
923
1193
1176
1161
1034
748
642
1001
1198
709
288
432
635
639
654
715
666
741
1311
1522
973
589
612
712
775
696
469
-65
-205
40
366
418
301
209
126
190
358
336
46
-124
222
696
831
873
502
-117
-458
-317
-188
-81
160
221
141
299
612
642
491
370
401
671
780
548
152
-46
193
634
839
416
-181
-176
492
1073
1217
991
570
337
568
874
798
471
317
455
665
769
623
239
-89
-164
-32
133
121
-84
-387
-510
-289
50
94
-176
-444
-549
-724
-1015
-1198
-1127
-1150
-1086
-863
-896
-1030
-1017
-917
-884
-797
-522
-483
-792
-1050
-1142
-1003
-714
-279
-200
-738
-923
-538
-203
-243
-261
-507
-966
-1201
-882
-412
-374
-458
-457
-556
-902
-796
-380
-140
-108
-152
-303
-402
-253
45
26
-238
-496
-336
42
501
537
-72
-733
-970
-393
387
670
170
-610
-1001
-613
68
241
-70
-184
90
282
316
84
-417
-418
189
781
782
637
312
133
461
1103
1338
1023
438
-99
223
885
1137
831
103
-190
200
869
1273
940
353
83
422
974
1370
994
201
-378
-247
298
609
439
101
208
546
904
962
410
-125
95
1236
1714
1146
99
-770
-607
538
1569
1385
100
-803
-617
241
1122
1247
525
-228
-102
473
875
651
190
-198
-126
44
-83
-263
-424
-106
277
267
-159
-479
-588
-344
116
221
-244
-743
-892
-490
280
502
-117
-952
-1193
-863
-151
498
545
-237
-1024
-1003
-669
-522
-353
-361
-649
-690
-576
-580
-564
-552
-412
-351
-783
-1301
-1330
-929
-395
-32
-259
-1010
-1331
-887
-378
-143
-160
-441
-831
-596
-106
-237
-655
-703
-617
-573
-357
-217
-393
-594
-532
-315
254
577
659
376
-436
-899
-531
81
363
510
633
289
14
288
647
486
198
337
466
766
1155
1223
724
480
705
649
533
523
545
252
467
965
1298
1068
808
690
429
374
479
668
466
364
404
102
-360
-482
-224
-108
168
407
195
-418
-655
-424
-127
55
-30
-481
-975
-815
-42
550
335
112
-122
-516
-666
-395
-90
154
382
397
32
18
495
857
945
921
938
492
51
-80
217
498
484
175
-394
-739
-541
-286
-275
-182
255
257
20
-242
-502
-647
-594
-55
107
-184
-486
-767
-866
-713
-340
-26
-171
-468
-396
50
510
584
381
96
-9
-74
-16
65
24
232
485
509
254
274
307
111
-203
-367
-482
-400
-119
-71
-120
-232
-238
-395
-371
-382
-575
-688
-701
-676
-763
-595
-206
171
306
262
79
102
387
720
676
172
-64
-98
-46
127
341
301
54
11
21
-271
-480
-264
182
512
654
571
18
-483
-504
-204
-12
-40
-257
-575
-485
-33
247
50
-512
-800
-729
-484
33
481
452
104
-154
-111
-54
12
15
-59
-67
-34
139
315
309
220
298
232
128
8
-43
53
91
207
230
100
-151
-136
150
268
82
-251
-348
-271
110
717
897
541
155
95
-1
-133
-173
-249
-228
114
502
477
246
151
412
743
980
963
721
319
232
647
929
836
488
217
13
-47
26
41
-103
-193
-43
138
144
183
69
-94
-9
64
-44
-294
-374
-405
-388
-416
-609
-744
-657
-314
12
261
140
-211
-548
-588
-391
-395
-442
-423
-385
-314
-169
-205
-416
-568
-350
-140
-198
-241
-182
-139
21
123
77
-145
-360
-401
-405
-236
12
23
-178
-354
-269
-238
-155
101
6
-140
-284
-336
-165
-177
-164
-140
-305
-128
310
761
833
493
60
-261
-268
-26
311
342
70
-265
-567
-655
-342
65
428
531
476
376
43
29
304
637
886
975
809
465
307
438
558
532
436
227
-40
-202
-147
-6
189
406
496
478
349
285
276
410
477
402
88
-128
-134
-16
167
8
-335
-679
-751
-523
-211
-33
-260
-549
-603
-421
51
276
73
-357
-571
-638
-486
-317
-211
-165
-350
-527
-813
-956
-633
-82
331
328
-64
-617
-822
-363
270
650
517
-9
-401
-581
-293
264
496
420
112
-15
-65
-47
6
-32
-87
-36
140
110
-72
-207
-107
-79
-41
-26
70
287
496
772
827
770
624
498
325
138
-8
-26
95
323
448
277
-19
-299
-310
-199
-85
-36
81
85
63
136
256
302
151
-10
-253
-376
-358
-223
-101
-182
-178
-199
-354
-406
-556
-469
-195
-27
29
-226
-428
-345
-84
307
602
582
246
-89
-256
-219
-91
-91
-33
-11
-3
212
431
530
618
550
318
41
10
175
468
623
629
529
260
96
149
496
656
498
268
15
30
77
186
110
-153
-289
-231
-130
-56
-142
-277
-492
-682
-587
-310
-46
60
70
-8
-173
-244
-164
-130
-111
-154
-266
-345
-245
3
144
108
-14
-210
-293
-246
-44
221
409
434
373
320
344
321
304
320
289
257
189
54
-199
-430
-460
-499
-671
-818
-852
-742
-696
-632
-731
-905
-904
-811
-646
-590
-683
-838
-913
-780
-442
-93
142
116
-34
-200
-276
-148
56
324
391
231
69
-15
75
290
404
366
241
226
325
424
504
447
477
525
576
576
408
444
719
988
1176
1155
979
833
744
817
846
785
734
625
364
135
-157
-350
-428
-445
-219
-178
-262
-420
-423
-335
-88
273
378
300
6
-254
-437
-442
-340
-326
-427
-496
-566
-526
-413
-118
190
377
348
206
250
371
419
414
285
23
40
218
336
306
322
211
127
-99
-388
-613
-814
-747
-476
-144
49
97
-51
-260
-431
-545
-505
-484
-397
-363
-320
-246
-172
82
158
145
35
-211
-460
-490
-388
-232
-124
-154
-343
-507
-436
-301
-123
10
-9
-82
-121
-105
-7
192
278
231
232
151
111
49
-38
-2
18
-44
-84
-63
1
176
359
534
648
652
543
421
353
282
231
293
387
323
161
-1
-142
-59
115
207
180
-42
-221
-352
-310
-177
-110
-119
-121
-105
-57
-125
-204
-320
-520
-691
-711
-537
-234
100
190
60
-105
-298
-395
-212
-80
-23
2
7
8
112
241
327
416
500
568
538
603
606
629
659
553
419
325
225
151
155
208
233
257
169
47
-24
13
76
42
16
-33
-44
-44
-54
-72
-101
-199
-301
-427
-567
-619
-641
-556
-505
-411
-368
-334
-173
38
279
495
638
647
541
458
497
571
709
801
627
305
-71
-254
-265
-149
-45
64
173
274
338
364
455
333
91
-198
-432
-582
-700
-687
-520
-575
-762
-1020
-1208
-1210
-1045
-771
-529
-322
-280
-245
-305
-313
-334
-280
-246
-201
-29
94
232
294
349
447
540
699
718
657
527
303
103
-65
-215
-306
-407
-380
-367
-379
-182
-103
-44
29
67
171
144
61
12
-63
-5
141
427
670
753
805
631
476
410
433
456
511
624
537
407
210
101
170
245
379
343
136
-207
-329
-333
-272
-255
-361
-373
-342
-315
-323
-401
-271
-74
65
187
176
171
59
11
87
197
191
93
-101
-222
-339
-257
-199
-165
-161
-301
-302
-304
-298
-223
-108
-73
-106
-215
-360
-545
-635
-618
-483
-304
-255
-278
-496
-634
-685
-477
-25
408
664
572
250
-50
-157
-96
105
267
269
61
-148
-270
-181
6
120
104
-1
-125
-107
41
236
320
166
115
107
237
307
330
495
478
424
328
293
171
157
202
207
176
74
-26
-3
39
55
141
140
218
288
292
246
163
127
299
403
553
629
620
510
433
371
320
412
524
704
697
566
315
-14
-125
-96
41
38
-58
-147
-288
-338
-400
-394
-405
-426
-390
-350
-345
-331
-323
-399
-524
-658
-838
-1000
-929
-789
-642
-506
-500
-497
-515
-469
-520
-593
-673
-688
-558
-459
-467
-590
-645
-684
-586
-420
-305
-82
111
376
542
561
431
175
-1
85
303
505
655
615
433
304
233
230
399
486
395
203
34
-133
-98
-5
54
150
84
76
155
348
598
788
795
692
514
401
407
369
475
533
523
589
699
799
757
598
383
269
231
248
211
171
175
174
106
152
84
-11
-114
-96
-25
59
213
253
253
24
-190
-394
-487
-616
-567
-439
-453
-603
-900
-1028
-1115
-1034
-928
-804
-691
-664
-671
-595
-473
-304
-30
82
85
-75
-175
13
184
289
335
197
-13
-141
-137
3
262
499
643
624
499
347
202
53
-116
-152
-116
-99
-187
-287
-401
-427
-393
-280
-131
-69
-18
62
94
65
133
178
101
-33
-239
-225
-56
160
348
232
-68
-286
-413
-308
-93
73
219
248
222
81
-41
-77
-127
-84
-144
-66
19
-23
-51
-94
-30
24
106
107
60
54
240
365
415
419
263
68
67
125
130
164
31
-146
-214
-238
-97
264
516
573
391
166
-12
-51
-94
-133
-179
-219
-255
-219
-204
-210
-157
-135
-26
97
135
106
59
118
213
294
272
172
55
-155
-286
-316
-164
164
341
325
314
243
211
361
623
821
715
380
-34
-264
-285
-170
-23
43
66
-9
-220
-364
-439
-384
-298
-162
-4
62
126
24
-109
-237
-279
-218
-80
-27
-50
-93
-159
-230
-235
-209
-60
17
-46
-97
-177
-145
-145
-136
-191
-378
-434
-404
-314
-235
-139
-56
3
-31
0
107
114
145
137
168
163
212
232
201
176
106
109
210
213
106
-27
-139
-94
87
292
433
427
338
236
95
38
17
54
188
349
424
326
100
-100
-209
-196
-186
-150
-162
-139
17
113
171
124
-23
-185
-243
-241
-142
-235
-289
-408
-600
-711
-666
-484
-301
-133
-84
-34
-60
-173
-273
-255
-175
-171
-37
161
267
430
476
425
165
73
7
36
30
-4
-2
-22
89
201
244
153
41
-137
-303
-420
-407
-315
-231
-57
207
420
515
583
498
261
76
-22
-13
167
351
448
421
389
408
464
498
440
403
346
272
216
186
98
34
-57
10
149
208
333
388
318
216
45
-73
-167
-270
-268
-236
-177
-82
-104
-122
-162
-272
-361
-486
-547
-615
-558
-368
-248
-225
-343
-361
-251
-39
36
34
-51
-180
-319
-445
-464
-378
-263
-189
-139
-177
-234
-236
-111
78
141
180
156
74
45
70
226
341
336
260
270
280
303
262
118
27
1
59
55
128
142
85
115
143
103
-3
-109
-281
-413
-560
-626
-683
-751
-793
-701
-490
-287
-219
-204
-259
-243
-202
-123
-7
-13
-7
-19
92
144
182
212
209
270
393
475
496
506
570
607
633
588
325
35
-183
-141
5
95
151
251
258
240
333
316
352
415
427
457
348
371
373
333
258
225
222
239
234
179
166
113
130
-16
-165
-159
-132
-68
-27
-53
-138
-255
-337
-422
-516
-536
-540
-502
-489
-465
-425
-411
-384
-401
-426
-381
-284
-269
-316
-250
-389
-488
-455
-287
-122
-31
-98
-161
-151
-171
-74
36
168
365
460
426
404
446
490
577
712
818
892
863
727
565
390
326
302
470
790
856
711
461
173
12
-6
40
65
-55
-74
5
53
5
-66
-259
-417
-491
-454
-386
-456
-473
-426
-301
-251
-301
-406
-457
-500
-506
-432
-365
-347
-369
-401
-281
-182
-166
-248
-401
-508
-609
-593
-422
-186
-33
71
82
90
83
70
-38
-275
-421
-570
-492
-297
-154
-103
-101
-139
-187
-154
-49
8
7
44
21
-19
-104
-53
55
38
59
8
-13
-14
55
276
383
354
402
441
562
546
516
445
411
541
611
642
676
637
491
423
465
437
453
515
547
420
270
224
147
199
196
255
224
228
215
249
191
83
66
-78
-163
-214
-259
-296
-280
-231
-202
-119
-20
-60
-37
-53
-81
-150
-237
-196
-197
-114
-97
-139
-176
-214
-191
-149
-112
-113
-283
-341
-346
-342
-300
-277
-300
-394
-486
-451
-230
-44
117
187
157
104
19
-35
53
26
-53
-174
-262
-295
-250
-115
41
54
-31
-190
-293
-273
-192
-65
20
16
-13
-122
-178
-133
-18
29
36
-140
-305
-346
-323
-73
50
174
187
123
38
-54
-181
-274
-195
-169
-127
-30
92
238
425
426
279
58
-94
-69
-17
111
236
389
433
401
343
181
126
86
124
284
499
680
741
528
259
68
14
134
209
168
49
3
37
179
280
251
174
30
-17
27
105
127
37
-122
-248
-389
-545
-476
-304
-38
145
165
86
-122
-244
-182
-21
177
227
113
-35
-123
-182
-255
-397
-449
-442
-285
-274
-246
-175
-250
-240
-172
-89
-57
-12
-167
-232
-374
-436
-347
-327
-251
-195
-110
-26
200
269
360
451
474
497
472
483
409
369
335
256
109
12
10
10
111
196
235
180
217
220
285
347
364
362
348
328
205
63
-86
-129
-182
-128
55
165
201
76
-152
-395
-495
-488
-395
-248
-217
-206
-337
-500
-583
-527
-392
-271
-306
-371
-355
-322
-303
-235
-215
-227
-211
-237
-175
26
108
180
84
-50
-141
-166
-93
-125
-71
-17
117
272
373
444
365
260
171
84
40
10
-41
-22
12
23
15
-77
-126
-170
-194
-57
177
251
301
287
333
383
211
-22
-285
-351
-242
105
352
372
253
92
-84
-119
-138
-237
-268
-251
-111
73
159
157
139
76
58
124
145
139
47
-84
-149
-269
-355
-316
-300
-158
-82
20
146
199
212
213
297
427
634
640
541
324
207
232
299
367
379
322
318
339
346
429
500
615
601
394
166
13
-34
-10
195
380
373
177
-95
-204
-138
17
98
164
33
-109
-115
-149
-111
-132
-225
-416
-623
-683
-654
-566
-576
-608
-585
-523
-403
-395
-464
-423
-406
-213
62
126
79
-73
-342
-519
-471
-372
-403
-368
-249
-47
166
253
205
57
-131
-235
-292
-264
-165
-144
-253
-493
-736
-884
-819
-596
-378
-156
-89
-117
-149
-175
-170
-221
-277
-233
-215
-73
86
254
408
416
417
367
343
226
29
-100
-113
-35
107
313
476
586
581
524
375
331
351
373
461
471
531
650
723
743
827
862
910
879
729
632
588
405
301
299
234
173
158
66
3
13
-30
18
108
136
-26
-197
-237
-248
-44
26
126
192
49
-157
-278
-313
-293
-165
-173
-214
-288
-216
-142
-85
40
155
153
77
-81
-283
-400
-401
-429
-467
-399
-362
-342
-190
-209
-267
-290
-224
-162
-259
-282
-298
-348
-377
-333
-303
-323
-394
-602
-689
-717
-745
-521
-320
-96
21
107
101
120
128
51
22
69
175
351
363
251
167
56
28
41
47
117
130
72
40
85
212
207
186
193
149
98
130
84
11
9
23
72
126
208
219
80
22
-28
87
324
552
589
449
231
138
101
36
-3
-67
-117
-110
29
-8
-57
-189
-402
-483
-376
-254
-54
124
172
166
156
129
43
-5
-36
-65
-111
-41
104
231
311
326
204
-48
-243
-303
-344
-273
-109
99
139
170
267
309
263
63
-190
-398
-583
-619
-644
-576
-391
-245
-66
66
88
155
154
90
42
24
103
207
233
153
120
208
451
649
804
793
542
244
54
-49
-102
-14
124
321
487
524
521
415
200
-21
-112
-174
-207
-98
-3
105
164
215
214
48
-18
-119
-261
-355
-449
-410
-357
-165
-95
-138
-181
-276
-276
-217
-158
-235
-266
-248
-137
-6
94
214
191
224
212
99
-170
-354
-473
-501
-425
-293
-108
-32
99
218
257
267
216
182
122
98
1
-20
-62
-25
62
24
-68
-231
-259
-251
-230
-149
-48
31
129
222
172
37
-90
-193
-277
-289
-284
-254
-231
-256
-261
-304
-341
-351
-407
-362
-315
-216
-179
-209
-254
-318
-271
-264
-255
-264
-303
-345
-218
21
252
440
482
417
327
294
233
156
171
154
170
163
152
186
273
348
397
459
364
318
273
213
165
211
273
318
491
559
553
548
554
443
327
256
124
108
153
154
158
122
30
-33
-142
-214
-289
-256
-100
-40
22
117
101
25
-108
-171
-137
-101
-21
-62
-183
-180
-78
40
139
16
-193
-367
-381
-269
-81
81
95
104
32
121
174
158
103
-32
-158
-260
-244
-204
-121
-54
-52
-131
-204
-317
-376
-295
-210
-30
36
27
80
9
-168
-386
-543
-528
-393
-150
82
239
284
193
-57
-265
-367
-369
-274
-152
-53
-132
-266
-286
-296
-326
-294
-191
-59
130
237
255
212
149
80
25
15
-27
-51
57
241
437
603
640
611
546
444
356
284
234
279
367
575
725
826
700
471
162
-87
-125
-55
-5
-28
-28
-82
-150
-218
-240
-293
-255
-274
-287
-255
-223
-153
-78
-132
-119
-104
-115
-2
72
87
163
259
319
455
505
393
241
143
115
88
23
0
10
43
-10
-24
0
27
-48
-115
-197
-288
-280
-274
-213
-248
-343
-539
-684
-766
-786
-664
-546
-406
-352
-309
-357
-392
-563
-702
-770
-742
-569
-337
-71
42
55
-6
-42
-33
-59
-119
-86
-88
-38
35
155
291
274
194
158
105
104
174
165
168
208
323
494
608
569
489
455
555
596
634
525
263
119
-3
-45
74
151
221
168
141
112
120
153
144
92
32
146
256
282
315
270
215
137
77
67
52
97
246
387
461
453
336
135
-39
-75
-40
38
128
189
161
167
85
-58
-217
-290
-276
-118
-44
-52
-151
-258
-359
-480
-480
-386
-256
-187
-186
-271
-456
-577
-635
-637
-539
-290
-124
-35
58
221
273
249
236
121
2
-85
-139
-171
-189
-115
-87
-53
-39
-119
-132
-114
-72
-29
44
155
168
231
242
207
123
35
-27
-103
-59
-82
-84
-134
-233
-293
-373
-272
-102
-60
-49
-70
-50
18
55
7
-104
-196
-334
-408
-366
-238
-30
40
10
96
153
253
226
123
17
-3
59
172
240
272
257
213
213
339
535
654
654
455
210
36
86
179
189
182
77
33
30
151
253
352
340
66
-221
-395
-392
-370
-300
-265
-284
-191
-130
-107
-102
-116
-206
-330
-398
-281
-125
-23
29
-103
-149
-146
-69
-32
-69
-143
-191
-119
75
294
434
424
271
213
169
220
270
362
357
371
279
170
33
-84
-239
-360
-418
-443
-363
-305
-281
-220
-133
-121
36
129
119
135
105
109
166
260
241
157
62
-42
-20
225
389
518
504
279
65
-4
109
286
375
365
271
146
140
166
202
146
94
24
-36
24
55
52
22
-54
-132
-166
-216
-344
-470
-594
-620
-614
-671
-623
-614
-521
-412
-295
-213
-285
-325
-347
-298
-172
13
-6
19
-4
-117
-230
-204
-122
2
97
117
148
89
-43
-83
59
105
126
13
-55
-3
185
273
271
328
285
252
276
375
411
404
345
214
157
32
-27
-83
-40
19
72
126
66
-64
-220
-354
-350
-236
-63
-24
-94
-176
-255
-284
-354
-209
-98
32
188
237
260
165
-3
-45
8
30
79
93
98
123
142
217
258
225
147
66
117
188
364
515
571
568
542
465
350
167
87
56
158
230
271
188
77
-19
-120
-157
-124
-15
33
184
276
246
76
-90
-227
-326
-449
-487
-537
-670
-706
-702
-782
-741
-647
-490
-477
-419
-285
-169
-172
-263
-367
-596
-732
-741
-603
-410
-212
-32
80
132
112
86
-2
-26
4
-4
-3
-65
-6
100
348
589
699
650
373
145
53
67
210
445
658
683
647
636
479
342
254
106
79
72
118
234
223
135
94
84
131
150
4
-126
-147
-92
-107
-64
-31
-72
-161
-212
-154
-17
120
192
143
74
2
-40
-90
-229
-270
-225
-147
-45
92
131
27
-62
-60
-33
91
42
2
-11
-7
160
310
415
451
478
422
340
280
258
233
241
266
232
277
225
195
145
3
-126
-186
-114
-76
-90
-303
-469
-552
-515
-413
-385
-361
-460
-488
-514
-517
-421
-307
-374
-481
-634
-773
-783
-756
-668
-534
-435
-418
-408
-439
-488
-461
-418
-334
-118
56
204
272
263
286
275
332
474
507
417
369
340
517
774
896
879
744
618
533
678
788
812
752
613
474
403
390
353
274
159
195
165
165
182
189
156
97
98
45
-34
-152
-244
-357
-465
-501
-416
-382
-339
-259
-236
-211
-231
-187
-108
-53
27
83
46
-87
-225
-386
-449
-439
-314
-258
-164
-56
-23
47
51
-41
-187
-304
-358
-360
-336
-255
-306
-440
-504
-524
-490
-471
-576
-617
-612
-520
-472
-411
-343
-404
-386
-283
-217
-89
64
208
398
528
659
613
565
436
341
309
294
348
399
508
561
655
772
780
792
724
601
462
413
388
364
333
160
119
92
147
152
168
101
70
44
-15
-86
-197
-156
-80
45
125
162
75
77
177
334
389
321
234
102
70
98
93
18
-71
-191
-189
-185
-199
-203
-307
-362
-366
-342
-290
-206
-174
-112
-31
12
-17
-132
-319
-488
-576
-625
-566
-541
-430
-234
-136
-69
-135
-272
-364
-404
-387
-355
-294
-137
-70
-95
-185
-209
-208
-178
-114
-129
-217
-250
-166
42
173
244
352
397
372
375
400
407
389
264
178
46
-108
-115
-190
-198
-192
-235
-256
-259
-206
-162
-174
-261
-328
-434
-503
-437
-415
-393
-334
-176
-2
220
333
276
181
76
20
74
290
411
509
590
556
560
463
327
244
175
218
406
633
815
888
868
674
488
384
332
417
508
612
667
674
685
729
734
694
548
321
221
139
107
2
-25
-1
-117
-179
-268
-259
-294
-397
-510
-500
-449
-461
-522
-595
-664
-687
-660
-670
-693
-698
-646
-564
-527
-573
-544
-668
-644
-549
-530
-383
-389
-321
-229
-102
60
122
97
-32
-90
-110
-147
-113
-139
-239
-363
-437
-518
-532
-514
-431
-342
-243
-101
50
187
315
460
529
550
520
441
421
405
408
526
759
940
988
1010
1011
977
874
816
798
778
663
573
456
357
325
303
338
310
322
157
29
-32
-197
-310
-405
-537
-608
-604
-536
-390
-344
-386
-450
-580
-635
-574
-624
-536
-476
-424
-375
-465
-568
-677
-684
-649
-633
-633
-583
-497
-376
-332
-229
-152
-49
-21
-95
-267
-377
-398
-294
-103
-43
106
166
247
352
312
228
147
151
262
293
282
174
89
164
359
655
861
876
680
337
72
-52
-93
-93
-97
-66
67
186
337
410
310
131
-9
-62
-14
23
79
90
122
28
-79
-83
-143
-111
-65
57
161
213
244
170
102
77
90
118
5
-46
-183
-150
82
211
377
430
446
446
353
250
86
85
247
341
398
276
174
117
137
217
234
151
-1
-67
-52
31
-80
-241
-402
-434
-307
-166
-10
28
-18
-159
-211
-281
-340
-409
-510
-444
-293
-19
137
178
170
159
202
244
208
148
68
-10
-3
-64
-76
-95
-92
-143
-178
-162
-115
-78
-78
-159
-185
-207
-229
-244
-352
-459
-550
-676
-743
-786
-803
-679
-572
-412
-360
-380
-360
-288
-185
-39
67
147
143
94
62
42
68
234
355
464
537
544
484
301
137
6
-27
2
-1
100
220
197
102
95
57
136
156
148
148
81
64
139
125
77
115
32
63
74
84
52
79
151
225
381
427
437
444
481
520
495
438
367
258
264
286
251
274
231
118
101
81
112
215
291
261
126
-64
-218
-351
-349
-261
-259
-227
-217
-192
-150
-188
-165
-72
-73
-12
-23
-216
-301
-243
-164
1
10
-182
-293
-308
-308
-293
-282
-351
-296
-314
-483
-453
-423
-294
-116
-26
-90
-225
-318
-265
-121
2
8
-39
82
266
413
427
291
169
53
8
96
188
202
89
34
-71
-50
-74
-99
-78
-45
-77
-67
-95
-133
-210
-497
-745
-850
-714
-585
-305
-128
0
17
5
115
258
450
650
745
737
696
604
596
545
470
403
231
29
-42
-2
21
58
102
116
30
-60
-224
-275
-172
-19
22
4
-73
-87
10
-5
124
163
140
22
-130
-228
-391
-393
-300
-186
-161
-181
-132
-142
-99
-120
-283
-373
-330
-300
-171
-100
-102
-22
-1
64
-2
-160
-242
-310
-163
64
304
427
374
171
-5
-114
-76
23
169
300
237
149
95
-15
-51
65
110
324
359
369
444
511
621
629
603
561
557
513
410
262
243
225
282
335
420
523
617
705
789
868
743
596
450
324
226
82
-33
-162
-244
-190
-71
82
31
-62
-231
-375
-398
-406
-504
-609
-708
-802
-767
-754
-738
-672
-708
-778
-863
-801
-773
-771
-799
-777
-687
-630
-515
-493
-418
-497
-538
-591
-557
-469
-421
-329
-326
-299
-193
-52
31
122
148
219
292
360
481
498
440
280
130
-17
-217
-301
-372
-399
-351
-142
147
410
532
486
458
433
484
532
553
480
228
34
-88
-123
-43
120
317
403
430
335
206
115
57
75
244
306
334
340
249
206
302
395
424
342
197
66
-10
-75
-105
-204
-283
-213
-181
-63
4
111
131
67
20
-132
-255
-261
-126
127
313
334
225
-44
-222
-283
-236
-110
-24
1
78
184
292
296
313
273
220
222
297
372
315
207
52
62
203
445
543
563
471
260
73
-178
-361
-441
-462
-322
-53
171
298
225
67
-67
-156
-184
-196
-187
-183
-220
-219
-278
-270
-236
-126
-81
-65
-66
-162
-331
-472
-518
-557
-508
-343
-171
5
14
-53
-38
-144
-88
-28
-103
-134
-199
-225
-295
-405
-500
-538
-501
-443
-382
-343
-251
-222
-103
4
19
31
46
85
38
28
-56
-185
-281
-312
-287
-309
-249
-148
1
225
409
616
758
825
865
804
703
619
554
440
310
244
270
264
322
374
238
28
-101
-216
-326
-319
-319
-302
-196
-179
-125
-80
-12
24
-58
-184
-300
-334
-556
-627
-687
-700
-678
-632
-498
-331
-59
132
253
321
503
604
618
622
476
353
434
523
613
607
479
320
198
166
125
131
83
13
49
96
133
188
201
264
279
234
172
187
154
180
139
144
230
234
163
58
107
125
174
251
267
222
130
107
44
-16
-102
-205
-362
-337
-270
-225
-219
-224
-244
-239
-243
-214
-184
-140
-31
138
187
155
42
-152
-315
-356
-282
-150
-124
-119
-166
-166
-158
-154
-226
-426
-593
-761
-725
-547
-415
-467
-457
-463
-326
-66
73
130
110
174
239
296
221
164
238
233
116
43
-30
33
-1
60
118
69
-36
-101
-118
-141
-42
-99
-166
-183
-212
-135
-22
-68
-123
-107
-42
61
106
125
49
-18
12
83
60
10
9
18
154
245
361
408
356
164
31
-74
-50
-17
-11
36
141
132
164
164
20
-27
-58
-31
-22
-21
-38
9
36
-29
-149
-208
-243
-187
-129
-64
138
325
470
511
488
421
247
123
-31
-117
-98
23
246
419
507
504
436
360
284
147
19
-150
-233
-244
-200
-234
-332
-433
-455
-491
-510
-493
-496
-414
-403
-438
-394
-401
-449
-461
-399
-305
-177
-16
98
243
366
467
502
536
516
460
428
423
434
419
435
401
339
218
91
-39
-79
-23
75
212
216
203
143
104
127
115
127
187
368
546
656
615
539
424
319
339
373
384
441
425
284
98
-2
-92
-110
-124
-68
-28
33
123
33
-113
-342
-589
-769
-809
-778
-746
-781
-869
-979
-922
-1003
-1094
-1099
-1147
-1116
-1011
-912
-837
-778
-765
-524
-284
-125
18
10
-95
-128
-77
48
157
203
158
103
112
202
195
262
222
126
153
158
203
218
137
118
102
140
218
387
530
506
420
272
238
95
-107
-247
-236
-82
275
566
621
611
569
433
285
223
111
18
-5
63
170
225
191
186
200
312
454
492
560
457
419
379
384
489
514
453
292
183
125
83
108
205
223
270
242
228
211
174
186
90
56
-38
12
89
143
177
172
134
44
65
110
122
139
46
-140
-360
-519
-526
-457
-284
-299
-220
-176
-179
-156
-249
-362
-548
-715
-839
-855
-759
-504
-303
-81
-55
-156
-283
-336
-313
-198
-97
-173
-280
-447
-548
-510
-381
-185
-244
-369
-468
-564
-686
-693
-661
-671
-676
-694
-790
-829
-699
-533
-301
-108
-49
-26
-35
-36
89
292
455
690
964
1208
1400
1472
1459
1255
1093
892
728
651
531
432
418
411
373
311
293
328
402
461
403
372
253
185
203
262
298
361
354
294
152
-77
-204
-240
-146
-77
-38
-46
-19
-43
-60
-59
-99
-248
-395
-495
-566
-621
-675
-668
-559
-428
-296
-140
-52
31
127
180
146
19
-153
-255
-374
-486
-471
-436
-419
-360
-256
-204
-183
-257
-347
-255
-83
56
189
275
365
480
509
328
107
-41
-123
-123
47
231
414
510
540
558
483
477
374
181
73
8
-88
-198
-308
-390
-462
-455
-341
-210
-186
-227
-295
-376
-433
-327
-164
-39
188
294
273
210
185
148
71
47
-47
-150
-257
-187
-41
97
248
372
363
374
352
326
214
255
321
368
395
221
121
-1
-37
-41
-40
-136
-260
-377
-514
-507
-530
-503
-594
-793
-883
-978
-905
-813
-592
-376
-242
-121
-69
-134
-177
-177
-52
168
227
287
178
116
169
341
533
644
672
689
603
589
687
714
699
657
571
565
621
630
624
457
372
236
190
176
182
155
129
17
-133
-100
-18
2
-31
-77
-160
-152
-140
-131
-189
-239
-182
-81
42
129
18
-75
-52
-41
-21
4
-30
-133
-299
-462
-507
-480
-404
-305
-274
-305
-279
-272
-246
-181
-128
-180
-234
-248
-207
-125
-8
-9
-88
-142
-140
1
100
131
67
-60
-132
-74
26
54
39
-167
-319
-382
-373
-272
-164
-92
-87
-120
-61
-59
-132
-124
-227
-244
-323
-409
-510
-611
-577
-470
-230
-10
143
181
217
291
311
278
199
116
105
194
211
156
163
170
115
72
17
-12
18
53
190
336
431
536
584
614
736
833
867
797
796
728
540
383
296
281
314
451
486
514
508
465
328
199
137
141
134
155
54
-69
-106
-89
-22
21
-29
-91
-65
-82
-31
-16
-108
-237
-395
-557
-593
-572
-444
-337
-273
-241
-238
-168
-106
-139
-231
-373
-511
-515
-471
-388
-389
-438
-464
-495
-538
-465
-415
-381
-400
-452
-455
-449
-400
-333
-281
-217
-181
-20
96
186
306
330
315
189
57
-11
-129
-225
-282
-257
-144
27
266
425
510
482
444
362
282
126
37
114
179
306
381
390
365
342
391
493
482
324
56
-137
-147
-105
-55
151
284
209
202
49
17
81
177
199
-36
-183
-303
-223
-80
-23
64
41
-48
-249
-374
-553
-601
-536
-427
-214
-42
38
38
70
67
1
-38
-42
-156
-153
-57
27
45
84
182
277
302
328
298
176
63
-49
-105
-129
-102
-126
-125
-26
101
161
184
184
186
204
107
-10
-178
-311
-252
-184
-38
168
250
221
31
-67
-161
-160
-28
34
-13
-56
-167
-143
-55
40
120
172
196
179
109
-31
-138
-178
-134
-107
-35
-71
-189
-225
-161
-132
-141
-113
-134
-184
-160
-251
-340
-449
-369
-261
-139
39
24
-98
-300
-352
-329
-239
-74
6
78
94
74
50
124
260
505
604
576
571
499
485
480
457
426
451
421
417
523
618
597
587
536
424
252
137
224
292
476
522
403
200
86
96
223
313
221
26
-160
-205
-127
-26
5
-125
-290
-353
-363
-335
-296
-374
-471
-517
-463
-383
-274
-239
-271
-317
-227
-157
-183
-202
-325
-330
-339
-276
-235
-212
-276
-388
-465
-489
-528
-457
-252
-71
52
110
13
-120
-171
-214
-150
-53
25
29
-51
-68
-6
94
195
264
213
93
66
49
-2
-121
-252
-335
-353
-207
-158
-36
70
85
2
-131
-187
-250
-121
-5
93
55
-72
-152
-181
-117
33
70
121
113
5
27
28
141
230
153
149
158
183
134
27
-199
-313
-272
-186
-4
151
247
271
235
162
57
-33
-141
-182
-174
-109
59
225
410
559
717
742
664
575
495
502
596
588
554
488
308
282
289
305
318
314
265
171
136
88
85
18
52
-9
-117
-113
-143
-174
-170
-171
-225
-190
-215
-217
-192
-166
-56
-31
51
61
89
85
192
326
316
244
134
15
-107
-122
-91
-65
-88
-83
-130
-211
-284
-335
-370
-296
-258
-249
-284
-285
-356
-324
-330
-396
-519
-685
-752
-680
-530
-489
-470
-578
-719
-784
-699
-523
-312
-254
-139
94
246
289
308
196
166
173
173
165
70
-62
-182
-160
-136
-97
-91
-85
-128
-115
3
126
292
427
474
421
403
414
452
432
360
350
330
416
517
547
463
309
152
33
97
308
413
400
294
197
124
174
229
189
112
76
160
160
159
28
-58
-221
-291
-356
-261
-129
-134
-179
-239
-178
-115
-89
-61
-38
-38
-12
2
62
52
74
148
130
136
175
155
51
41
-6
46
158
171
192
141
114
26
82
86
-53
-169
-196
-334
-452
-473
-424
-367
-404
-422
-460
-493
-450
-450
-375
-386
-501
-544
-586
-509
-464
-354
-287
-296
-269
-188
-61
11
89
74
32
71
154
139
158
189
279
391
468
445
323
216
136
140
213
217
273
331
367
481
597
683
677
707
647
557
493
488
523
595
681
707
762
698
555
319
226
156
151
227
217
236
213
111
31
41
4
-123
-288
-455
-487
-429
-332
-235
-250
-300
-336
-417
-365
-292
-361
-439
-603
-721
-745
-721
-638
-599
-584
-548
-481
-465
-567
-798
-834
-758
-605
-354
-179
-153
-180
-251
-288
-291
-316
-304
-267
-283
-265
-160
-148
-131
-150
-230
-231
-126
-26
45
68
39
-67
-118
-62
24
127
197
254
345
476
512
445
327
291
306
433
555
615
543
446
435
531
682
724
798
764
712
644
633
634
656
663
671
708
716
768
776
790
714
500
266
80
-49
-121
-47
58
140
146
80
42
-113
-214
-294
-284
-282
-315
-310
-383
-448
-456
-413
-389
-305
-319
-335
-329
-479
-581
-571
-517
-480
-497
-677
-733
-706
-606
-545
-521
-456
-495
-486
-590
-633
-644
-592
-447
-315
-203
-82
-71
17
72
121
203
189
246
167
181
286
332
381
404
282
77
-74
-257
-361
-283
-152
-13
108
129
131
134
139
135
129
82
-22
-124
-112
-2
83
152
207
202
283
438
521
537
593
637
706
716
552
402
279
247
132
8
-67
-99
-81
17
33
-54
-231
-293
-223
-131
61
56
46
15
-67
-121
-176
-189
-217
-160
-175
-63
22
-27
-75
-205
-334
-480
-500
-364
-236
-100
-20
42
111
202
151
107
14
-92
-134
-128
-35
36
130
255
192
23
-66
-151
-149
-127
-158
-141
-213
-226
-234
-254
-201
-137
0
2
-19
-74
-101
-102
-87
-64
56
227
388
487
487
355
256
258
351
393
397
376
351
451
604
702
715
691
610
427
301
155
-21
-76
-163
-279
-328
-221
-139
-4
73
17
35
28
-55
-178
-203
-127
13
94
212
166
110
116
174
336
385
363
164
11
-152
-332
-448
-551
-476
-326
-154
33
72
-42
-189
-371
-477
-426
-385
-359
-322
-360
-338
-275
-322
-375
-386
-455
-470
-493
-412
-266
-184
-176
-177
-232
-127
-15
-93
-127
-273
-356
-330
-261
-188
-95
25
91
68
61
73
137
14
-105
-166
-291
-272
-273
-292
-148
-7
122
268
306
329
453
587
675
691
586
533
493
421
446
474
416
311
299
282
279
324
328
357
305
312
282
212
218
213
88
94
7
-93
-181
-215
-167
-43
45
-25
-81
-212
-176
-194
-239
-222
-223
-328
-347
-273
-254
-256
-282
-261
-211
-199
-217
-175
-74
0
31
21
-50
-83
-225
-256
-202
-167
-180
-193
-214
-179
-74
81
95
5
-146
-258
-288
-213
-62
-102
-124
-76
-12
77
126
140
-13
-157
-244
-266
-142
-73
-81
-175
-184
-179
-93
-5
38
90
112
177
169
197
216
229
285
374
484
593
658
655
618
638
733
765
780
606
359
184
77
66
57
107
88
22
63
165
234
324
276
120
33
-46
-77
-22
6
-59
-29
29
80
63
-23
-60
-200
-218
-204
-238
-193
-190
-132
-10
-24
-24
-42
-63
-105
