8
20
8
8
12
12
8
24
11
2
3
11
7
17
3
19
3
15
7
15
15
15
15
15
15
31
15
23
23
15
15
15
23
15
7
23
15
31
15
7
7
7
7
7
15
15
17
11
11
17
7
11
3
11
3
3
3
3
4
4
10
12
5
9
25
29
13
13
29
30
29
29
29
29
29
29
29
29
13
14
13
13
29
14
16
16
13
13
13
13
29
4
6
13
4
9
19
3
2
6
18
29
8
10
3
8
6
4
5
12
13
30
12
4
3
6
18
4
19
19
9
4
19
13
6
17
20
10
4
6
4
4
17
3
8
7
11
6
18
3
10
2
1
10
10
6
14
6
14
14
6
12
17
8
6
10
3
8
14
28
6
20
20
12
9
5
18
10
13
14
14
13
13
5
18
21
6
22
14
12
12
4
13
29
13
12
5
10
26
6
17
12
12
8
8
12
19
12
18
26
3
5
19
10
12
6
6
3
12
12
12
19
13
12
14
10
4
