14
12
6
4
18
5
4
19
1
18
6
17
19
11
8
24
19
17
7
17
1
17
17
7
17
17
17
17
1
4
4
4
6
10
17
20
17
20
20
4
17
20
4
4
19
9
18
5
5
17
13
18
6
17
9
13
4
12
12
12
3
10
12
1
2
9
18
12
20
4
1
25
25
2
23
25
7
25
9
17
9
9
1
10
10
10
3
3
19
1
9
2
3
6
4
18
3
6
3
8
14
6
4
4
6
4
22
12
12
14
2
3
18
14
6
17
12
3
8
8
4
1
6
1
3
6
13
5
14
14
21
12
10
19
20
5
8
6
14
10
18
8
1
17
21
2
19
6
10
10
18
9
18
3
15
12
14
12
13
14
6
5
8
14
6
3
10
14
14
30
13
12
3
12
10
12
2
14
14
10
10
9
2
10
10
4
12
10
29
13
14
18
13
20
13
12
13
