10
1
4
17
6
26
22
22
30
22
22
22
22
22
22
26
22
22
18
22
8
19
12
3
28
28
24
8
32
32
16
32
16
16
16
6
16
32
16
32
16
32
32
16
32
8
24
22
22
28
28
29
12
19
4
28
28
29
28
12
28
28
19
28
28
19
28
28
28
24
32
24
32
32
24
32
32
32
32
16
16
32
30
24
30
30
30
22
30
14
32
22
22
30
30
22
30
29
32
16
16
32
16
32
32
32
16
24
24
24
22
30
24
8
28
28
19
28
28
19
4
19
3
19
4
5
15
4
6
3
10
13
18
18
4
6
10
6
5
5
12
5
18
12
4
3
4
12
20
6
30
30
3
19
14
22
12
4
8
14
3
26
2
6
14
2
2
6
6
12
6
10
7
17
6
2
11
4
12
2
17
2
13
26
7
11
11
