26
30
22
22
14
22
22
2
7
15
15
31
15
31
23
23
23
23
31
23
23
23
23
23
23
23
23
23
25
1
1
9
13
13
13
6
29
16
29
32
16
32
16
32
32
32
32
32
32
24
24
32
16
30
30
13
10
9
10
4
9
7
9
25
1
23
1
1
9
9
9
25
9
7
10
7
4
25
9
9
1
2
25
25
25
9
25
25
25
13
9
9
9
9
10
9
9
10
14
9
10
30
6
2
10
26
2
2
26
10
2
4
10
4
3
1
10
10
10
2
10
12
9
9
1
25
9
1
9
18
9
9
9
5
17
17
2
13
25
9
1
29
9
25
25
7
10
9
4
3
12
9
5
9
4
9
2
1
9
1
2
5
18
10
1
9
4
9
18
4
9
2
25
1
25
7
9
4
2
9
9
9
9
1
9
10
4
9
9
2
14
14
6
4
5
13
10
14
18
14
4
26
10
2
26
13
6
4
2
25
2
14
14
14
2
4
10
10
6
2
30
10
10
18
26
10
30
1
2
13
2
10
2
14
10
30
10
14
4
