14
6
26
14
14
30
22
14
11
15
15
31
31
31
31
23
23
23
31
23
23
23
23
1
17
4
20
13
29
29
16
6
16
16
16
32
6
32
16
32
8
24
8
16
12
16
16
8
16
13
16
5
21
29
29
16
29
5
21
8
29
16
32
16
16
32
16
16
32
32
32
16
16
10
30
14
28
8
18
13
5
12
13
25
9
25
9
10
9
14
13
4
5
4
17
3
2
7
3
2
2
18
2
18
2
2
18
2
18
26
2
26
2
26
2
22
26
26
22
22
22
22
26
14
22
10
26
26
2
14
10
10
9
5
3
18
10
13
30
14
12
14
12
26
6
22
22
30
6
6
6
30
22
22
10
6
22
13
30
30
6
13
14
30
29
13
12
10
12
18
18
13
13
5
4
18
12
12
12
1
4
13
