12
25
29
29
29
29
29
16
24
24
20
16
14
30
30
14
30
22
22
30
30
26
30
30
30
30
30
30
30
30
30
30
14
30
14
14
14
14
14
24
24
24
24
24
26
14
30
24
30
30
24
24
24
24
9
30
16
32
30
30
32
30
30
30
30
30
30
30
14
16
16
16
30
30
14
20
14
30
14
14
30
30
30
30
32
32
32
32
32
32
32
32
32
32
32
16
32
32
32
32
32
32
32
32
32
16
32
32
16
32
32
16
16
32
16
16
32
16
16
16
28
28
28
16
16
16
16
16
16
16
16
16
16
16
14
16
28
28
28
28
16
28
28
28
28
28
28
28
28
12
25
24
25
25
25
25
28
28
28
28
28
28
28
28
28
28
28
12
28
28
28
28
28
28
25
25
25
25
25
25
25
25
25
25
25
12
25
