25
9
12
12
28
16
20
32
16
16
16
14
14
14
14
14
14
14
14
30
14
26
26
14
22
26
30
26
22
26
14
30
22
30
14
14
14
14
30
14
14
14
30
30
22
22
26
26
26
26
22
30
30
30
30
24
16
8
16
16
16
32
30
30
30
30
30
30
30
30
30
30
30
30
14
30
16
14
16
30
14
20
14
30
14
14
30
30
30
30
30
32
32
30
32
32
32
32
32
32
32
32
32
32
32
32
32
32
32
32
32
32
32
32
32
32
32
32
8
16
16
16
16
16
16
16
16
28
16
16
16
16
16
32
16
16
16
16
16
16
16
16
16
16
16
16
16
28
28
28
28
28
12
28
28
28
28
28
28
12
25
25
25
25
28
16
28
25
28
25
12
12
