28
12
12
12
12
28
9
5
5
7
23
23
23
15
15
23
31
31
31
31
15
15
15
27
15
27
27
27
27
11
19
3
2
6
10
6
6
30
30
30
30
30
8
30
30
30
8
30
30
9
14
14
20
8
24
29
4
24
4
29
29
29
29
29
13
29
5
29
29
29
24
8
29
24
24
24
24
8
24
8
24
24
24
14
9
14
30
30
20
16
16
16
14
20
16
16
30
24
16
16
32
20
16
16
32
32
16
16
16
25
28
28
12
17
3
17
25
9
4
1
5
11
3
11
19
11
11
27
27
11
11
5
11
11
11
11
11
11
3
1
1
17
1
4
29
24
24
8
20
4
20
20
4
20
4
4
20
4
20
9
12
12
9
20
20
4
20
20
20
12
20
4
9
20
20
20
20
20
20
20
20
20
12
9
12
12
12
25
20
4
8
24
4
4
4
25
4
4
20
20
29
12
8
