28
12
12
28
12
28
9
4
23
23
23
31
15
15
15
7
31
15
15
15
15
31
31
27
27
27
27
27
11
5
3
2
2
6
22
8
9
6
22
20
8
30
30
30
8
4
4
8
30
4
20
20
14
24
20
29
29
29
8
8
24
29
24
24
29
4
24
29
8
1
24
29
24
24
24
29
24
24
24
24
24
16
32
32
20
16
16
32
16
20
16
16
16
16
28
16
16
16
20
16
16
16
17
17
17
17
17
17
25
9
9
16
4
5
1
11
11
5
11
7
7
5
11
11
5
11
11
5
7
7
7
7
11
5
11
1
9
4
20
9
9
9
9
20
9
4
20
9
12
12
25
25
12
12
12
28
12
9
9
4
4
20
12
12
12
12
12
12
4
4
20
4
20
20
4
20
20
20
20
8
29
4
4
20
25
12
12
25
25
20
20
25
16
29
14
12
