-1193
-1297
-1305
-1380
-1461
-1510
-1549
-1538
-1595
-1529
-1514
-1569
-1523
-1499
-1443
-1388
-1313
-1302
-1248
-1198
-1162
-1109
-1035
-918
-896
-826
-734
-635
-582
-493
-419
-325
-256
-227
-121
-112
-38
-1
28
87
74
110
84
156
175
187
178
192
208
202
207
154
123
89
91
91
90
95
93
76
75
41
31
-17
-28
-35
-66
-30
-66
-77
-82
-58
-69
-65
-58
-92
-79
17
48
81
111
141
196
245
354
383
448
503
611
718
823
844
974
1076
1173
1235
1314
1409
1463
1597
1599
1601
1639
1655
1641
1595
1590
1551
1473
1402
1334
1266
1167
1027
864
735
542
424
239
88
-43
-166
-298
-375
-452
-572
-615
-730
-807
-912
-999
-1065
-1164
-1238
-1360
-1485
-1521
-1592
-1685
-1723
-1738
-1744
-1756
-1784
-1780
-1748
-1711
-1684
-1614
-1618
-1551
-1513
-1455
-1345
-1297
-1283
-1196
-1091
-1007
-944
-854
-806
-697
-613
-570
-506
-462
-360
-293
-259
-240
-174
-32
-22
-12
-6
72
148
152
194
238
278
274
330
311
306
292
291
272
275
220
193
217
203
169
126
108
58
16
-10
5
-39
-54
-90
-102
-111
-112
-168
-174
-163
-102
-100
-122
-96
-55
-8
9
50
103
167
214
294
347
424
464
574
617
708
796
873
939
1012
1083
1169
1206
1279
1294
1317
1297
1301
1315
1261
1230
1174
1156
1007
915
803
671
545
350
283
169
35
-54
-153
-217
-292
-412
-492
-557
-631
-659
-773
-798
-864
-935
-970
-1089
-1167
-1254
-1324
-1380
-1439
-1472
-1485
-1469
-1486
-1468
-1463
-1429
-1383
-1332
-1304
-1252
-1213
-1175
-1136
-1099
-1034
-972
-865
-817
-773
-731
-592
-538
-440
-344
-282
-233
-168
-111
-69
31
62
100
127
209
232
277
299
314
350
381
396
410
403
427
406
381
377
393
382
306
264
241
258
211
179
148
82
44
24
-28
-69
-118
-136
-162
-167
-146
-166
-188
-191
-164
-189
-174
-144
-131
-51
-5
43
78
134
204
287
343
459
572
611
716
805
852
961
1044
1096
1157
1226
1276
1326
1393
1427
1447
1463
1515
1492
1445
1389
1322
1290
1183
1044
909
814
666
551
409
222
71
-26
-127
-223
-288
-411
-490
-535
-617
-666
-759
-800
-843
-949
-1018
-1093
-1190
-1231
-1324
-1357
-1378
-1392
-1390
-1409
-1347
-1308
-1319
-1287
-1232
-1165
-1111
-1063
-1053
-992
-934
-876
-815
-752
-658
-603
-496
-441
-384
-239
-143
-95
-58
55
89
164
183
225
317
353
365
380
380
406
446
425
465
476
448
407
406
362
277
220
220
147
48
82
32
-16
-62
-110
-201
-235
-312
-370
-414
-440
-476
-546
-602
-646
-676
-670
-703
-646
-602
-634
-572
-582
-561
-505
-442
-442
-390
-323
-321
-240
-112
1
103
164
278
331
387
458
532
595
686
771
847
920
1009
1091
1167
1281
1313
1378
1417
1446
1421
1446
1367
1309
1253
1089
1070
949
850
725
576
485
332
209
57
-32
-131
-285
-343
-412
-492
-592
-673
-723
-797
-864
-882
-941
-1020
-1060
-1138
-1179
-1217
-1309
-1320
-1337
-1336
-1323
-1274
-1234
-1207
-1166
-1109
-1085
-979
-947
-927
-855
-747
-689
-607
-548
-517
-357
-249
-174
-130
-25
15
84
124
167
222
243
249
344
328
311
341
363
364
365
366
340
316
301
278
172
173
112
79
34
-39
-69
-156
-209
-264
-276
-329
-377
-429
-452
-495
-538
-574
-588
-556
-593
-615
-616
-577
-573
-557
-516
-497
-498
-492
-465
-411
-362
-285
-208
-133
-83
-49
109
155
259
377
430
559
564
716
758
893
941
1027
1122
1177
1306
1350
1466
1502
1613
1635
1604
1642
1622
1612
1532
1482
1446
1331
1253
1078
1001
830
656
530
389
269
111
-43
-132
-209
-332
-426
-485
-540
-680
-713
-754
-842
-865
-1045
-1090
-1145
-1153
-1159
-1189
-1223
-1249
-1266
-1562
-1908
-2495
-2879
-3071
-2830
-2176
-1546
-991
-677
-462
-370
-279
-163
-89
-72
-43
-78
-121
-89
-59
70
263
411
561
678
840
1002
1033
1086
1029
939
775
534
410
208
-51
-260
-474
-653
-809
-858
-927
-947
-1046
-1113
-1148
-1231
-1198
-1145
-1002
-913
-810
-702
-615
-520
-391
-270
-192
-166
-200
-295
-300
-220
-214
-145
-121
-163
-162
-137
-78
103
265
394
574
649
887
1151
1359
1671
1842
2079
2271
2442
2625
2809
3003
3115
3228
3343
3337
3268
3154
2872
2624
2197
1553
684
-419
-1730
-3083
-4184
-5064
-5584
-5697
-5503
-4894
-3998
-2816
-1371
152
1537
2734
3570
4049
4158
3941
3704
3313
2806
2337
1774
1202
763
362
27
-249
-741
-1287
-2014
-2840
-3601
-4202
-4603
-4709
-4575
-4198
-3433
-2521
-1308
-17
1223
2275
3004
3275
3279
2984
2496
1831
982
106
-668
-1398
-1913
-2232
-2498
-2591
-2788
-2958
-3020
-3087
-3096
-2900
-2692
-2306
-1911
-1529
-1012
-484
44
574
882
1022
1024
713
485
55
-333
-650
-984
-1243
-1459
-1612
-1670
-1600
-1549
-1422
-1385
-1316
-1141
-969
-545
-93
306
749
1139
1542
1915
2388
2844
3172
3615
3946
4213
4462
4534
4750
4859
5015
5276
5255
5068
4748
4082
3322
2110
218
-1902
-4597
-7122
-9051
-10470
-10746
-10131
-8963
-6869
-4425
-1783
1318
4017
6358
8175
8722
8544
7673
6116
4702
3186
1690
565
-684
-1615
-2259
-2900
-3180
-3372
-3719
-4116
-4777
-5541
-6009
-6135
-5696
-4715
-3368
-1612
286
2247
4193
5935
7257
7886
7719
6703
5011
2947
695
-1394
-3161
-4694
-5713
-6298
-6582
-6295
-5648
-4803
-3809
-3080
-2492
-1972
-1655
-1195
-585
175
1119
1964
2707
3388
3768
3822
3623
3022
2080
842
-672
-2153
-3432
-4472
-5022
-5251
-5181
-4812
-4252
-3552
-2751
-2026
-1306
-755
-459
-171
-40
145
361
486
578
598
454
224
-77
-373
-526
-600
-566
-414
-279
5
370
799
1263
1632
1965
2155
2251
2396
2569
2794
3150
3516
3933
4306
4751
5288
5648
5884
5890
5428
4562
3002
691
-2019
-5108
-8056
-10350
-11786
-12018
-10934
-8920
-6003
-2609
949
4507
7614
9766
10930
10941
9771
7882
5507
3070
971
-858
-2227
-3081
-3708
-4035
-4108
-4077
-3988
-4000
-4213
-4576
-4899
-4964
-4476
-3464
-1964
-26
1976
3858
5495
6656
7249
7133
6203
4580
2311
-331
-2876
-5076
-6624
-7415
-7502
-7043
-6097
-4897
-3509
-2069
-878
118
686
970
1124
1122
1290
1535
1730
1923
1911
1610
1190
531
-242
-1043
-2036
-2805
-3524
-4046
-3997
-3592
-2892
-1885
-1008
-285
312
552
615
499
141
-239
-845
-1406
-1797
-2065
-1973
-1790
-1537
-1247
-944
-576
-131
304
910
1472
1909
2362
2620
2804
3044
3109
3120
3187
3208
3266
3367
3474
3705
4029
4340
4676
4969
5023
4976
4596
3770
2583
709
-1896
-4718
-7604
-9995
-11203
-11427
-10130
-7812
-4986
-1469
2085
5425
8518
10510
11382
11159
9542
7151
4377
1461
-918
-2824
-4196
-4969
-5411
-5493
-5213
-4704
-4099
-3452
-3150
-2855
-2443
-1876
-896
516
2137
3844
5258
6134
6554
6354
5414
3992
1984
-495
-3115
-5691
-7595
-8646
-8816
-7990
-6527
-4761
-2845
-1072
581
1906
2707
3008
2774
2189
1611
1018
640
562
545
479
293
-156
-748
-1373
-2078
-2689
-3343
-3898
-4142
-4148
-3725
-2879
-1800
-646
221
744
1038
913
661
286
-320
-875
-1490
-2064
-2428
-2548
-2354
-1967
-1587
-1175
-847
-531
-137
317
871
1322
1687
1950
2054
2065
2243
2420
2691
2903
3023
3214
3314
3587
3973
4257
4679
4856
4783
4745
4539
4209
3797
3001
1683
-206
-3021
-5954
-8743
-10886
-11577
-11200
-9430
-6680
-3621
-5
3688
6875
9770
11414
11657
10740
8414
5527
2602
-160
-2288
-3882
-5112
-5710
-5935
-5731
-5158
-4460
-3705
-3138
-2756
-2378
-1775
-884
486
2128
3703
5041
5859
6083
5721
4862
3401
1439
-939
-3486
-5798
-7463
-8302
-8040
-6984
-5322
-3341
-1547
187
1702
2739
3354
3330
2669
1716
545
-364
-866
-1086
-948
-857
-915
-1081
-1499
-1827
-2007
-2271
-2362
-2452
-2586
-2362
-1974
-1371
-497
179
553
496
21
-494
-1114
-1638
-1955
-2359
-2609
-2778
-2853
-2494
-1970
-1296
-580
-103
167
427
581
904
1275
1580
1748
1720
1584
1359
1434
1602
2048
2604
2970
3425
3867
4197
4650
5037
5245
5470
5198
4848
4576
4024
3661
2933
1441
-705
-3712
-6897
-9573
-11274
-11460
-10259
-7874
-4734
-1240
2497
6153
9260
11480
12284
11608
9530
6302
2932
-313
-2868
-4596
-5899
-6608
-6818
-6806
-6220
-5260
-4192
-3022
-2280
-1747
-1085
-305
1041
2720
4410
5858
6612
6593
5930
4618
2940
938
-1511
-4109
-6551
-8387
-9273
-8985
-7642
-5585
-3274
-1050
873
2395
3516
4280
4489
3917
2890
1496
148
-815
-1470
-1588
-1502
-1549
-1659
-2067
-2318
-2396
-2451
-2191
-2052
-1882
-1467
-1127
-539
107
534
805
485
-296
-1209
-2132
-2740
-3059
-3165
-3137
-3014
-2769
-2274
-1595
-791
-17
437
665
633
558
612
767
940
1015
860
549
273
193
505
1107
1933
2839
3710
4495
5164
5648
5946
6080
5944
5634
5140
4423
3890
3405
2919
2195
758
-1619
-4514
-7644
-10310
-11509
-11386
-9877
-7088
-3858
-283
3593
6955
9879
11723
11974
10868
8277
4817
1469
-1583
-3793
-5101
-6029
-6280
-6230
-5938
-5106
-4084
-3037
-2044
-1430
-956
-317
562
1884
3477
4917
5905
6160
5527
4268
2555
509
-1670
-3944
-6126
-7818
-8783
-8732
-7366
-5219
-2800
-352
1587
2996
3903
4300
4391
3966
2787
1360
-297
-1870
-2672
-3225
-3191
-2970
-3069
-3028
-3156
-3109
-2555
-2042
-1267
-517
-183
431
793
1021
1382
1164
699
-198
-1585
-2665
-3575
-4085
-3996
-3862
-3496
-3021
-2605
-1888
-1111
-397
321
593
668
608
483
595
730
973
968
819
639
490
669
1225
2034
2939
3814
4623
5102
5419
5611
5251
4923
4311
3359
2898
2187
1907
2255
2022
1877
1057
-1181
-3681
-6444
-9102
-10119
-10101
-8741
-5939
-2982
562
4223
7132
9636
10992
10594
9102
6267
2727
-368
-3108
-4888
-5593
-5896
-5694
-5112
-4553
-3684
-2711
-1959
-1218
-804
-537
80
954
2105
3664
4872
5499
5469
4460
2902
999
-1279
-3394
-5437
-7248
-8218
-8459
-7713
-5824
-3497
-1067
1114
2551
3586
4067
4174
3999
3335
2316
1000
-390
-1419
-2103
-2376
-2358
-2486
-2638
-2876
-3169
-2978
-2500
-1789
-903
-302
247
547
613
703
383
-172
-899
-2019
-2965
-3716
-3955
-3559
-2928
-2056
-1363
-848
-378
53
476
855
1027
1015
806
514
340
229
254
207
-23
-318
-513
-487
51
916
2096
3391
4445
5363
6199
6746
6993
6978
6434
5546
4467
3274
2418
1811
1145
172
-1602
-4353
-7192
-9781
-11441
-11209
-9682
-6867
-3209
368
4096
7408
9790
11498
11646
10215
7633
3900
179
-2845
-5082
-6102
-6399
-6408
-6026
-5603
-4974
-4017
-2984
-1922
-918
-74
843
1991
3354
4772
5943
6363
5878
4431
2199
-203
-2540
-4616
-6241
-7484
-8112
-7911
-6920
-5108
-2718
-370
1663
3018
3614
3882
3946
3860
3618
2933
1930
597
-929
-2146
-3092
-3840
-4311
-4796
-5096
-5023
-4565
-3305
-1730
47
1573
2535
2927
2732
2220
1378
331
-955
-2309
-3677
-4750
-5149
-4909
-4236
-3271
-2469
-1865
-1381
-1046
-478
92
631
1107
1219
1103
789
468
311
110
-94
-308
-476
-363
72
1089
2487
3918
5197
5971
6287
6209
5879
5534
4996
4552
3856
3009
2500
1919
1754
1606
755
-556
-3108
-6038
-8501
-10389
-10204
-8474
-5737
-1947
1476
4561
7324
8887
9788
9450
7671
5154
1748
-1489
-3781
-5121
-5269
-4796
-4239
-3745
-3484
-3352
-3099
-2612
-1953
-1099
-138
815
2064
3464
4770
5848
6013
5052
3169
451
-2388
-4696
-6423
-7180
-7280
-6803
-5732
-4301
-2468
-367
1384
2705
3308
3230
2837
2357
2124
1893
1685
1045
-44
-1263
-2604
-3548
-4135
-4465
-4530
-4360
-3829
-2945
-1653
16
1599
2899
3412
3050
2163
872
-431
-1641
-2736
-3557
-4241
-4627
-4591
-4175
-3325
-2443
-1685
-1140
-858
-533
-145
483
1234
1756
2066
1965
1468
818
63
-578
-952
-1083
-942
-389
634
2114
3737
5228
6548
7218
7399
7086
6535
6105
5323
4629
3705
2393
1500
90
-1470
-3227
-5987
-8330
-10665
-11981
-10852
-8577
-4515
203
4148
7793
9947
10695
10736
9331
7090
4302
793
-2282
-4641
-6000
-6106
-5625
-4956
-4411
-4339
-4514
-4281
-3580
-2397
-517
1564
3497
5339
6666
7360
7509
6445
4574
1746
-1710
-4760
-7292
-8660
-8667
-7891
-6435
-4750
-3293
-1797
-430
722
1747
2460
2861
3152
3366
3657
3851
3626
2894
1345
-971
-3404
-5609
-7237
-7822
-7423
-6274
-4489
-2472
-315
1700
3236
4349
4533
3874
2842
1221
-339
-1539
-2558
-3193
-3810
-4250
-4587
-4823
-4575
-4090
-3289
-2229
-1255
-244
725
1546
2239
2491
2489
1924
885
-80
-1047
-1734
-1807
-1448
-610
497
1806
3231
4568
5950
6907
7526
7873
7518
7204
6518
5563
4881
3596
2386
638
-1847
-4724
-8189
-11148
-13211
-13491
-11514
-8092
-3366
1522
5731
9255
11153
11898
11480
9704
7417
4300
1152
-1371
-3414
-4524
-5025
-5425
-5776
-6455
-7167
-7495
-7154
-5754
-3330
-178
3143
6209
8623
10010
10350
9395
7221
4130
371
-3205
-6104
-8029
-8558
-8124
-7152
-5914
-4963
-4170
-3394
-2630
-1600
-460
852
2412
4022
5412
6470
6722
5876
3930
1179
-1865
-4714
-6986
-8022
-7895
-7074
-5404
-3532
-1710
39
1238
2138
2623
2580
2624
2364
2012
1862
1409
768
-321
-1849
-3454
-5095
-6161
-6360
-5984
-4781
-3203
-1490
310
1821
2947
3463
3451
2977
1955
915
169
-401
-329
72
662
1365
1914
2660
3223
3886
4643
5112
5701
6036
6388
6718
6617
6586
5873
4444
2544
-234
-3477
-7111
-10140
-12153
-12945
-11426
-8588
-4669
-174
3513
6654
8499
9163
9198
8099
6800
5321
3508
2025
477
-959
-2216
-3785
-5370
-7051
-8645
-9532
-9397
-7929
-5180
-1421
2531
6071
8814
10186
10241
9227
7174
4753
2081
-496
-2543
-4117
-5033
-5490
-5851
-6139
-6658
-7214
-7449
-7089
-5818
-3648
-794
2192
4904
6901
7722
7448
6032
3566
1059
-1509
-3692
-4807
-5475
-5378
-4708
-4056
-3400
-3123
-2999
-2758
-2415
-1686
-536
768
2047
2976
3231
2821
1749
256
-1370
-2996
-4213
-4844
-4991
-4495
-3553
-2471
-1396
-485
232
704
1123
1636
2010
2326
2542
2286
1781
1155
532
304
314
736
1615
2599
3849
5261
6510
7650
8269
8305
7849
6628
5297
3647
1605
-727
-3897
-7140
-10142
-12160
-11966
-10202
-7042
-3089
185
2953
4600
5557
6513
6999
7462
7285
6383
5036
3298
1531
-83
-1712
-3572
-5689
-7885
-9679
-10350
-9520
-7230
-3871
-312
2878
5248
6569
7204
7408
7281
6869
5934
4525
2953
1164
-494
-1953
-3562
-5212
-7102
-8899
-10067
-10148
-8938
-6531
-3447
-370
2297
4108
5041
5151
4724
3902
2740
1650
673
-264
-906
-1530
-2262
-3156
-4313
-5309
-6089
-6087
-5092
-3608
-1565
496
1943
2891
3104
2791
2178
1208
395
-555
-1371
-1772
-2246
-2433
-2590
-2842
-3081
-3363
-3265
-2743
-1727
-352
1044
2095
2668
2612
2232
1798
1368
1232
1561
1953
2636
3441
4025
4744
5285
5668
5783
5701
5448
4878
4421
3799
2877
1735
-196
-2895
-5654
-8195
-9754
-9494
-7675
-4714
-1247
1457
3436
4436
4495
4706
4821
5047
5430
5400
5131
4439
3192
1576
-349
-2702
-5159
-7412
-9029
-9324
-8349
-6209
-3251
-339
1973
3549
4246
4483
4605
4747
5158
5430
5477
5164
4241
2761
938
-1319
-3698
-5818
-7552
-8573
-8649
-7678
-5971
-4026
-2214
-813
53
537
897
1130
1346
1677
1716
1712
1592
1127
532
-474
-1687
-2989
-4146
-4476
-4295
-3522
-2048
-940
-156
206
4
-222
-453
-309
-80
64
260
5
-537
-1034
-1611
-1929
-2065
-1978
-1699
-1290
-528
324
1223
1897
2143
2085
1759
1452
1432
1456
1782
2159
2281
2559
2577
2828
3332
3764
4611
5179
5480
5830
5490
4805
3544
1629
-866
-3908
-6250
-8089
-8655
-7512
-5647
-3187
-1243
-39
677
778
1314
2271
3576
5320
6622
7164
6966
5858
4060
1860
-408
-2532
-4393
-5763
-6486
-6391
-5859
-5015
-4109
-3479
-2815
-1994
-778
1042
3203
5401
7101
7884
7783
6642
4905
2967
1095
-647
-1990
-3113
-4063
-4943
-5659
-6192
-6562
-6573
-6236
-5633
-4767
-3343
-1708
45
1861
3156
3872
4009
3218
1987
721
-623
-1621
-2297
-2744
-3134
-3655
-4059
-4553
-4755
-4504
-3942
-3090
-1860
-619
367
1206
1531
1502
1272
968
696
567
556
547
399
164
-285
-755
-1041
-1167
-830
-149
742
1664
2464
3186
3633
4023
4303
4507
4801
4925
5094
5314
5279
5166
4854
4044
2477
461
-1947
-4711
-6445
-7418
-7295
-5742
-4120
-2453
-1313
-1081
-829
-615
92
1745
3476
5254
6535
6803
6213
5032
3392
1725
350
-891
-1762
-2435
-2971
-3214
-3705
-4218
-4630
-5142
-5144
-4543
-3383
-1615
343
2033
3349
4039
4306
4450
4499
4735
4958
4763
4235
3091
1424
-449
-2405
-4167
-5454
-6387
-6818
-6889
-6763
-6335
-5704
-4834
-3536
-2144
-486
1231
2493
3548
4111
3970
3460
2635
1629
503
-644
-1745
-3016
-4221
-5066
-5601
-5626
-5067
-4381
-3475
-2567
-1700
-914
-196
557
1058
1614
2067
2320
2545
2617
2504
2321
1928
1354
827
401
118
147
448
1006
1593
2396
3216
3650
4283
4557
4691
5142
5446
5791
5869
5363
3820
1408
-1502
-4964
-7265
-8642
-8748
-7270
-5814
-4319
-3407
-3312
-2812
-2011
-492
2084
4650
6851
8120
8111
7115
5737
4002
2631
1657
546
-261
-1306
-2519
-3562
-4840
-5800
-6155
-6119
-5233
-3873
-2290
-649
483
1161
1565
1788
2284
3151
4108
4983
5466
5161
4359
3209
1854
778
-321
-1327
-2260
-3392
-4345
-5412
-6245
-6629
-6703
-5932
-4846
-3503
-2077
-1026
-441
-3
275
667
1436
2414
3238
3479
3147
2070
593
-770
-1825
-2579
-2797
-2947
-3250
-3604
-4041
-4283
-4203
-3611
-2656
-1548
-281
785
1586
2056
2280
2570
2899
3256
3670
3990
4016
3746
3325
2834
2634
2774
3043
3565
3873
3952
3873
3658
3662
3663
3617
2937
1419
-849
-3630
-5532
-6616
-6434
-5249
-4374
-3895
-4327
-5261
-5459
-4680
-2800
-36
2343
4014
4716
4555
4184
4071
4186
4533
4732
4339
3495
2240
635
-818
-2419
-3759
-4627
-5415
-5526
-5449
-5249
-4898
-4636
-4095
-3077
-1478
510
2606
4260
5179
5416
5075
4760
4549
4584
4632
4267
3204
1502
-494
-2505
-4239
-5723
-6474
-7060
-7464
-7110
-6818
-6088
-5076
-4236
-3125
-2036
-686
1018
2265
3373
3694
3204
2527
1670
1136
947
781
394
-433
-1536
-2650
-3514
-3685
-3435
-2849
-2236
-1818
-1599
-1462
-1175
-633
256
1152
2211
3056
3394
3528
3386
3314
3435
3880
4743
5441
5987
6169
5705
5288
4878
4682
4664
4481
3386
1265
-1550
-4758
-6708
-7644
-7135
-5818
-5168
-5023
-5805
-6669
-6411
-4996
-2526
341
2377
3403
3523
3170
3401
4188
5202
6225
6385
5516
4024
2031
221
-1134
-2042
-2592
-2966
-3453
-3904
-4458
-5238
-5629
-5832
-5475
-4343
-2862
-1137
289
1145
1491
1666
2135
3110
4314
5403
5920
5511
4468
3143
1916
1158
519
-278
-1172
-2740
-4255
-5302
-6013
-5938
-5606
-5205
-4880
-4706
-4221
-3419
-2563
-1354
-331
395
1097
1478
1945
2288
2365
2343
1871
1442
1043
516
251
-165
-747
-1302
-1863
-2123
-2140
-1998
-1521
-1053
-559
6
555
1122
1615
2011
2565
3138
3906
5035
5864
6611
6950
6834
6697
6491
6228
5979
5108
3152
810
-2196
-4427
-5339
-5774
-5095
-4985
-5949
-7208
-8871
-9270
-8201
-6149
-3451
-1398
-381
-24
139
777
2327
4059
5566
6460
6066
5261
4356
3556
3379
3119
2670
1977
582
-1045
-2643
-4234
-5423
-6165
-6618
-6588
-6353
-6053
-5492
-5031
-4303
-3157
-1841
-113
1517
2802
3782
4158
4357
4706
5095
5501
5409
4511
2953
862
-1091
-2549
-3441
-3876
-4209
-4614
-5090
-5525
-5441
-4612
-3618
-2495
-1694
-1586
-1505
-1559
-1133
-298
580
1347
1379
1027
461
-158
-229
57
424
867
999
971
935
946
1054
1378
1639
1710
1649
1313
1122
884
973
1160
1600
2196
2578
3224
3679
4276
5053
5716
6474
6760
6835
6296
4909
3503
1585
238
-651
-1539
-2024
-3268
-4849
-6536
-8065
-8375
-7819
-6507
-4908
-3786
-3140
-2817
-2268
-1325
183
1592
2639
3258
3069
2986
3043
3436
4070
4256
4066
3227
1863
658
-252
-822
-1069
-1200
-1528
-2220
-3246
-4265
-4968
-5370
-5345
-4875
-4444
-3832
-3366
-2953
-2132
-1305
-176
940
1748
2161
2188
2109
2035
2196
2371
2323
1962
1124
311
-507
-1107
-1386
-1873
-2285
-2865
-3558
-3858
-3913
-3522
-3015
-2509
-1953
-1549
-1142
-699
-216
159
425
400
200
83
-21
163
499
866
1193
1258
1313
1433
1589
1970
2449
2954
3308
3551
3869
4009
4286
4466
4548
4525
4346
4228
4144
3944
3736
3058
1940
875
-529
-1217
-1360
-1663
-1709
-2477
-3556
-4343
-4900
-4344
-3474
-2707
-2276
-2646
-3217
-3482
-3199
-2236
-903
47
582
730
672
1038
1654
2491
3379
3555
3398
2860
1949
1450
929
493
83
-759
-1730
-2805
-3801
-4221
-4298
-4195
-3906
-3848
-3877
-3736
-3498
-2856
-1956
-1133
-519
-162
-223
-422
-482
-361
-89
248
368
277
64
-108
-26
91
324
274
-227
-700
-1238
-1746
-1714
-1612
-1638
-1904
-2346
-2725
-2932
-2710
-2270
-1816
-1399
-1184
-1038
-721
-136
620
1481
2199
2501
2547
2317
2268
2280
2446
2481
2288
2016
1616
1553
1944
2596
3464
4182
4601
4953
5312
5668
5919
6144
5434
4290
2848
976
95
-732
-1447
-1912
-3396
-4710
-5874
-6681
-6098
-5418
-4618
-3909
-3934
-3707
-3156
-2190
-671
728
1521
1913
1902
1714
2149
2569
3065
3447
2999
2590
1943
1260
1278
1188
1223
1098
427
-276
-958
-1590
-1776
-1950
-2339
-2850
-3721
-4510
-4885
-5055
-4626
-3992
-3687
-3275
-3236
-3197
-2568
-1947
-951
-45
351
671
600
664
1047
1362
1675
1633
1021
337
-436
-831
-859
-891
-927
-1305
-1757
-2084
-2116
-1803
-1398
-1235
-1302
-1570
-1827
-1728
-1313
-688
-90
243
347
437
525
816
1305
1843
2374
2809
3057
3352
3642
4061
4524
4830
5081
5221
5396
5630
5859
5855
5647
4705
3451
2291
925
283
-110
-712
-1140
-2229
-3345
-3977
-4587
-4352
-4029
-4229
-4409
-5121
-5587
-5324
-4734
-3671
-2569
-1989
-1504
-1000
-290
982
2318
3460
4349
4506
4351
4367
4212
4434
4439
3994
3365
2150
975
48
-692
-1149
-1615
-2400
-3192
-4011
-4587
-4590
-4356
-3928
-3576
-3520
-3554
-3511
-3301
-2899
-2516
-2350
-2269
-2356
-2424
-2180
-1814
-1353
-901
-763
-676
-568
-385
63
577
1099
1514
1650
1542
1160
593
-2
-540
-952
-1300
-1581
-1849
-2041
-2201
-2306
-2223
-2131
-1921
-1569
-1172
-566
23
644
1220
1739
2117
2343
2658
2927
3117
3365
3598
3945
4334
4902
5563
6140
6437
6401
5940
5130
4405
3639
3202
2782
1830
729
-756
-2498
-3545
-4539
-4974
-5244
-5933
-6455
-7027
-7197
-6564
-5699
-4537
-3432
-2733
-1964
-1154
-211
877
1877
2487
2768
2737
2559
2573
2657
2888
3133
3083
2958
2625
2352
2242
2150
2105
1774
1220
508
-182
-683
-1006
-1278
-1698
-2372
-3193
-4084
-4758
-5133
-5196
-5198
-5168
-5013
-4861
-4380
-3762
-3224
-2574
-1989
-1396
-648
144
845
1231
1407
1349
1148
1110
1093
937
758
427
89
-147
-261
-268
-242
-360
-467
-708
-914
-890
-818
-632
-413
-188
7
103
139
254
364
638
1006
1524
2129
2578
3017
3320
3662
4265
4964
5625
6184
6025
5395
4593
3690
3369
3202
2931
2304
1090
-462
-1506
-2232
-2377
-2391
-2886
-3512
-4421
-5092
-5284
-5260
-4985
-4747
-4693
-4440
-4101
-3508
-2623
-1821
-1050
-408
127
756
1517
2343
3103
3673
3915
3974
3914
3859
3794
3640
3394
2809
2039
1254
463
-137
-602
-1155
-1641
-2133
-2490
-2547
-2411
-2060
-1943
-2136
-2534
-3143
-3392
-3375
-3216
-2954
-3107
-3462
-3684
-3763
-3289
-2688
-2301
-2004
-2107
-2009
-1491
-684
430
1321
1935
2294
2323
2467
2616
2623
2548
2107
1667
1220
803
524
118
-280
-740
-1093
-1327
-1380
-1198
-1040
-740
-393
36
557
1196
1831
2486
3112
3650
4162
4711
5164
5583
5740
5344
4873
4179
3688
3281
2679
2033
1168
40
-627
-1233
-1775
-2163
-2908
-3612
-4136
-4457
-4306
-4070
-3925
-3757
-3845
-3588
-3100
-2546
-1853
-1363
-966
-685
-300
165
652
1094
1353
1416
1282
1269
1352
1785
2346
2737
3007
2901
2606
2356
2140
2007
1853
1445
962
379
-105
-362
-671
-1086
-1791
-2729
-3518
-4157
-4355
-4153
-4040
-3745
-3733
-4091
-4084
-3948
-3560
-2783
-2218
-1815
-1683
-1542
-1144
-777
-146
165
88
173
111
238
704
969
1254
1240
1283
1519
1700
1934
1977
1876
1689
1460
1267
1248
1116
913
687
281
110
15
33
143
319
505
776
1300
1892
2756
3414
3902
4105
3927
3712
3635
3730
3860
3624
2960
2176
1057
480
-51
-438
-965
-1860
-2688
-3428
-3885
-4062
-4227
-4737
-5085
-5458
-5341
-4773
-3960
-3001
-2334
-1818
-1403
-843
-108
770
1530
2041
2235
2235
2294
2320
2420
2460
2269
1987
1601
1314
1285
1375
1452
1336
1027
698
520
553
649
659
425
-15
-618
-1094
-1514
-2151
-2643
-3311
-3922
-4187
-4472
-4751
-4633
-4570
-4249
-3722
-3271
-2789
-2458
-1959
-1406
-852
-290
58
268
625
846
1121
1401
1377
1451
1455
1488
1659
1745
1851
1885
1815
1792
1748
1663
1596
1427
1260
965
801
675
490
449
324
297
489
630
1173
1856
2635
3353
3641
3656
3391
3049
2904
3094
3026
2797
2143
1226
475
24
-259
-510
-1062
-1787
-2424
-2902
-2943
-2886
-2991
-3243
-3576
-3946
-3957
-3859
-3531
-3262
-3126
-2835
-2554
-2127
-1535
-1044
-551
-215
61
527
1164
1927
2625
3023
3089
3012
2904
3009
3091
3069
2736
2209
1547
959
620
396
277
91
-225
-507
-774
-971
-1107
-1498
-1927
-2253
-2582
-2786
-2946
-3484
-3904
-4206
-4277
-3955
-3618
-3308
-3235
-3221
-2927
-2468
-1777
-984
-432
44
584
1029
1531
2009
2117
2099
1944
1828
1810
1830
1801
1656
1398
1096
846
761
740
790
714
604
619
686
938
1259
1479
1493
1415
1422
1731
2191
2786
3192
3251
2997
2640
2418
2442
2677
2757
2552
1849
1099
636
493
450
202
-471
-1376
-2154
-2646
-2794
-2843
-3187
-3643
-4122
-4503
-4517
-4290
-3919
-3582
-3306
-3018
-2612
-2057
-1399
-873
-576
-473
-448
-196
158
642
1036
1250
1334
1437
1574
1864
2200
2430
2468
2283
2126
2021
2071
2105
2097
1870
1471
938
290
-412
-1213
-2141
-2844
-3296
-3600
-3699
-3880
-4269
-4541
-4562
-4328
-3759
-3212
-2878
-2791
-2581
-2181
-1550
-916
-464
-335
-272
-54
273
767
1142
1251
1316
1325
1386
1581
1713
1782
1665
1582
1461
1443
1490
1395
1265
1002
756
625
627
722
735
685
583
565
865
1348
2008
2784
3412
3830
3728
3490
3397
3087
3158
3052
2641
1967
1084
430
116
-57
-299
-735
-1585
-2102
-2450
-2489
-2298
-2404
-2597
-2903
-3184
-3119
-2937
-2843
-2695
-2901
-3045
-3065
-2967
-2593
-2282
-2032
-1820
-1597
-1176
-541
153
825
1195
1310
1429
1574
1908
2286
2512
2418
2238
2010
1905
2008
2040
1984
1675
1213
796
420
166
-151
-750
-1257
-1816
-2251
-2524
-2814
-3307
-3787
-4157
-4307
-4170
-4022
-3810
-3653
-3316
-2697
-1996
-1239
-722
-343
83
629
1269
1834
2206
2203
2044
1890
1871
1851
1759
1577
1366
1171
1094
1099
1090
1001
831
643
542
676
831
1021
1076
1007
952
1042
1320
1710
2082
2430
2698
2964
3024
2866
2873
2641
2662
2681
2577
2128
1612
1174
880
770
406
9
-858
-1491
-1920
-2154
-2188
-2395
-2712
-3098
-3435
-3583
-3550
-3460
-3191
-3138
-2994
-2831
-2651
-2231
-1860
-1608
-1473
-1461
-1327
-969
-551
-195
26
52
190
538
1062
1578
1841
1860
1690
1621
1655
1792
1877
1800
1533
1203
901
675
467
88
-617
-1290
-1873
-2366
-2510
-2817
-3349
-3790
-4086
-4088
-3826
-3616
-3565
-3608
-3432
-2835
-2087
-1232
-714
-538
-331
-56
383
930
1301
1533
1643
1696
1815
1909
2000
2050
2036
1996
1889
1877
1780
1715
1616
1571
1503
1391
1334
1180
1107
995
1104
1252
1544
1843
2112
2454
2834
3284
3412
3243
3113
2833
2865
2861
2672
2270
1503
888
580
409
211
-160
-998
-1619
-2051
-2196
-2008
-2044
-2236
-2546
-2920
-3017
-2910
-2747
-2492
-2558
-2697
-2886
-3005
-2735
-2495
-2275
-2205
-2200
-2010
-1544
-928
-333
116
236
389
611
985
1421
1765
1899
1809
1767
1801
1852
1835
1683
1349
1013
588
241
-49
-336
-946
-1451
-1959
-2470
-2601
-2793
-3023
-3235
-3353
-3338
-3252
-3253
-3177
-3217
-2982
-2466
-1994
-1476
-1275
-1206
-914
-484
54
644
933
1019
1097
1131
1428
1714
1967
2082
2057
2038
1949
1898
1855
1746
1666
1575
1481
1488
1414
1455
1475
1380
1514
1653
1798
2106
2323
2634
2997
3320
3496
3229
3095
2843
2885
2971
2858
2573
1877
1251
1002
845
596
242
-594
-1285
-1790
-1994
-1881
-2039
-2324
-2694
-3121
-3255
-3192
-3158
-2967
-3050
-3122
-3035
-2886
-2387
-1953
-1727
-1555
-1561
-1414
-975
-514
-164
-33
-78
-33
115
472
815
960
949
982
1192
1556
1860
2026
1862
1499
1264
1087
983
775
249
-696
-1565
-2229
-2586
-2652
-2908
-3373
-4012
-4435
-4451
-4154
-3702
-3316
-3130
-2831
-2438
-1940
-1372
-1083
-801
-554
-156
207
463
575
616
669
775
1013
1154
1302
1334
1414
1578
1774
2015
2060
1941
1847
1807
1836
1988
1944
2005
1931
1884
2018
2062
2138
2271
2272
2456
2781
3149
3413
3146
2947
2635
2610
2755
2752
2604
1970
1398
1034
902
760
518
-144
-782
-1238
-1602
-1530
-1833
-2159
-2655
-3115
-3230
-3169
-3015
-2890
-3031
-3199
-3176
-3033
-2450
-1974
-1681
-1537
-1562
-1388
-973
-465
-24
33
-74
-56
66
469
854
1052
1043
948
975
1086
1218
1363
1380
1221
1149
996
822
485
42
-592
-1167
-1451
-1752
-1974
-2398
-2933
-3469
-3747
-3730
-3646
-3621
-3687
-3782
-3581
-3128
-2566
-2021
-1740
-1544
-1237
-769
-376
83
399
602
834
1050
1380
1510
1578
1444
1461
1519
1662
1865
1826
1695
1501
1417
1390
1489
1527
1557
1676
1746
1929
2188
2475
2788
3064
3324
3506
3827
3841
3564
3255
2869
2817
2556
2413
2037
1239
518
104
-10
-17
-143
-574
-878
-1290
-1267
-1087
-1201
-1307
-1754
-2202
-2407
-2465
-2442
-2370
-2575
-2746
-2946
-2947
-2602
-2386
-2094
-1957
-1845
-1563
-1135
-590
-231
-44
16
120
448
939
1152
1164
1059
913
948
959
1064
1043
833
507
343
243
175
-62
-400
-821
-1231
-1449
-1606
-1754
-2077
-2518
-2926
-3095
-3079
-2903
-2905
-3051
-3093
-3017
-2726
-2250
-1810
-1692
-1660
-1532
-1213
-883
-512
-280
-158
64
409
805
1109
1256
1247
1338
1436
1676
1840
1890
1734
1551
1487
1461
1621
1682
1568
1469
1403
1490
1659
1821
2219
2486
2848
3297
3751
3879
3713
3619
3367
3411
3317
3147
2726
1895
1303
820
540
313
-149
-838
-1383
-1777
-1792
-1633
-1667
-1858
-2188
-2358
-2257
-2061
-1915
-1881
-1957
-2127
-2173
-2002
-1677
-1524
-1394
-1443
-1522
-1396
-1119
-736
-507
-392
-318
-165
131
488
721
868
949
1010
1187
1389
1501
1478
1287
1005
811
649
507
230
-224
-779
-1300
-1559
-1885
-2151
-2587
-3085
-3373
-3504
-3330
-3107
-2953
-2915
-2891
-2807
-2368
-1860
-1508
-1414
-1408
-1280
-989
-581
-278
-141
-213
-164
31
358
680
760
761
782
1073
1423
1753
1844
1721
1577
1523
1588
1694
1675
1514
1380
1283
1421
1595
1722
1795
1900
2123
2475
2938
3226
3096
2938
2677
2786
2963
3042
2915
2309
1762
1315
1173
1045
735
95
-543
-1077
-1346
-1394
-1667
-1953
-2422
-2751
-2815
-2720
-2563
-2474
-2540
-2589
-2457
-2157
-1681
-1358
-1168
-1195
-1180
-1046
-750
-334
-133
-90
-141
-91
82
380
546
560
481
426
616
846
992
996
931
786
775
764
736
587
240
-84
-495
-804
-958
-1409
-1737
-2248
-2815
-3087
-3213
-3079
-3131
-3260
-3412
-3380
-3059
-2453
-1923
-1629
-1546
-1411
-1079
-638
-137
55
102
99
284
670
999
1100
901
675
622
860
1091
1139
1068
829
716
790
1002
1201
1195
1068
952
1037
1163
1458
1635
1821
1952
2101
2357
2672
2706
2591
2554
2417
2611
2617
2599
2176
1723
1448
1369
1448
1317
922
277
-139
-476
-491
-540
-794
-1251
-1727
-2031
-2099
-2142
-2252
-2463
-2775
-2965
-2959
-2664
-2261
-2035
-1866
-1739
-1489
-1117
-597
-187
22
80
211
413
755
1045
1040
931
750
686
776
922
837
695
439
324
327
371
408
368
165
-61
-303
-640
-917
-1247
-1576
-1870
-2210
-2368
-2490
-2510
-2520
-2664
-2790
-2759
-2557
-2201
-1846
-1664
-1521
-1377
-1065
-693
-268
-60
-8
118
339
668
951
1066
1040
984
1064
1234
1366
1388
1295
1094
959
930
917
815
600
424
341
336
530
725
884
927
1113
1467
1878
2510
2874
2910
2878
2812
2936
3053
3048
2766
2162
1644
1362
1172
951
599
20
-443
-686
-770
-706
-929
-1282
-1711
-2004
-2088
-2097
-2097
-2231
-2505
-2672
-2656
-2538
-2246
-2091
-2061
-2114
-1966
-1610
-1201
-816
-526
-310
-104
273
655
917
1018
942
884
883
1031
1173
1064
837
546
370
318
354
287
190
-2
-207
-431
-665
-703
-888
-1084
-1343
-1607
-1877
-2063
-2195
-2276
-2347
-2391
-2466
-2332
-2002
-1793
-1510
-1374
-1145
-892
-561
-190
64
158
305
475
714
981
1065
1028
895
819
867
972
1028
970
925
812
753
703
711
640
511
447
367
467
615
746
919
1097
1281
1663
2047
2448
2528
2466
2533
2566
2828
2922
2939
2638
2168
1877
1819
1651
1416
955
317
-185
-582
-794
-1045
-1429
-1880
-2295
-2476
-2410
-2298
-2277
-2480
-2695
-2677
-2462
-2064
-1726
-1713
-1805
-1846
-1696
-1276
-834
-550
-467
-449
-297
23
387
624
698
639
672
770
1022
1105
1036
871
675
618
660
638
429
112
-354
-662
-874
-1011
-1230
-1520
-1750
-1937
-1942
-1920
-1903
-1886
-1893
-1933
-1818
-1736
-1538
-1332
-1148
-965
-866
-717
-580
-439
-240
-54
106
204
271
381
521
693
697
689
542
489
559
659
678
615
443
250
182
242
236
170
161
110
182
415
686
889
1085
1248
1562
1935
2312
2726
2932
2877
2983
2940
3051
3066
2963
2744
2335
1903
1608
1334
996
666
112
-340
-760
-996
-1168
-1504
-1887
-2232
-2497
-2463
-2420
-2446
-2503
-2649
-2689
-2533
-2269
-1953
-1763
-1603
-1414
-1139
-767
-423
-247
-177
-137
52
316
514
652
630
621
624
836
912
910
727
489
358
335
420
337
87
-219
-528
-690
-728
-975
-1144
-1454
-1667
-1805
-1880
-1904
-1952
-2019
-2024
-1978
-1824
-1490
-1234
-839
-563
-384
-167
-38
115
295
364
382
313
184
118
123
97
29
-111
-260
-435
-437
-335
-308
-256
-297
-307
-213
-43
132
298
332
320
413
534
737
876
1006
1061
1207
1450
1741
2049
2263
2474
2745
2870
3047
3094
3019
2878
2663
2560
2340
1968
1593
1281
923
617
160
-328
-794
-1110
-1344
-1573
-1861
-2168
-2391
-2400
-2284
-2189
-2125
-2190
-2198
-2068
-1784
-1578
-1373
-1299
-1194
-948
-665
-361
-235
-120
-52
115
363
599
685
603
531
456
456
500
421
256
-31
-208
-314
-251
-206
-324
-420
-645
-735
-720
-722
-730
-851
-936
-979
-968
-1009
-965
-986
-1028
-952
-979
-899
-946
-828
-599
-404
-232
-137
-82
36
203
374
448
363
223
42
-2
-61
-174
-444
-727
-893
-920
-874
-789
-766
-751
-706
-535
-239
-68
68
272
532
833
1098
1355
1483
1509
1544
1634
1803
1933
2032
2092
2159
2318
2505
2489
2473
2395
2274
2256
2205
2082
1764
1400
1076
856
646
379
-71
-598
-932
-1129
-1162
-1270
-1546
-1800
-2027
-2004
-1874
-1683
-1559
-1592
-1562
-1448
-1189
-904
-688
-628
-637
-598
-477
-276
-115
-79
-150
-210
-243
-123
-34
-92
-230
-371
-385
-363
-302
-306
-434
-584
-605
-579
-474
-462
-497
-531
-558
-492
-312
-205
-176
-151
-198
-222
-201
-132
-56
-90
-133
-220
-218
-214
-168
-206
-237
-417
-541
-596
-614
-533
-619
-666
-790
-896
-887
-827
-774
-819
-885
-872
-778
-647
-511
-478
-440
-330
-209
4
200
343
468
609
761
991
1199
1365
1519
1548
1646
1675
1696
1684
1624
1602
1629
1611
1593
1598
1617
1586
1455
1341
1225
1197
1161
1139
1019
818
672
547
387
232
61
-122
-350
-475
-517
-599
-601
-718
-757
-704
-739
-634
-544
-534
-524
-572
-511
-427
-471
-611
-735
-914
-919
-946
-996
-1101
-1217
-1256
-1225
-1133
-1039
-1002
-1006
-973
-809
-548
-349
-220
-169
-122
-48
159
227
296
344
271
191
232
359
435
379
293
208
135
106
21
-48
-247
-407
-592
-743
-824
-912
-1062
-1243
-1433
-1520
-1539
-1549
-1524
-1504
-1413
-1416
-1264
-1150
-1056
-939
-798
-594
-448
-247
-58
129
297
488
652
749
856
853
961
1037
1124
1185
1133
1078
995
979
911
945
960
934
791
667
531
492
476
422
483
503
544
602
663
769
793
867
928
1030
1137
1179
1171
1140
1127
1110
1090
1003
949
795
631
442
302
173
41
-82
-208
-369
-527
-651
-811
-997
-1177
-1336
-1452
-1549
-1669
-1729
-1760
-1732
-1643
-1580
-1440
-1281
-1092
-930
-696
-501
-273
-80
175
358
506
695
737
810
772
831
826
785
806
726
664
546
383
251
104
-4
-108
-274
-502
-746
-942
-1074
-1167
-1243
-1368
-1480
-1569
-1588
-1528
-1443
-1354
-1296
-1238
-1186
-974
-709
-516
-331
-204
18
228
323
481
570
635
710
798
811
794
764
713
670
621
556
511
449
335
302
258
175
99
30
-69
-118
-136
-147
-164
-234
-230
-154
-70
42
161
345
486
723
901
1103
1259
1402
1553
1692
1822
1908
1952
1923
1885
1749
1648
1498
1330
1064
772
517
261
49
-158
-366
-605
-854
-1123
-1224
-1345
-1333
-1343
-1389
-1347
-1335
-1197
-1011
-787
-626
-488
-389
-223
-13
139
219
229
336
375
407
473
424
326
205
128
101
-9
-129
-217
-405
-552
-583
-691
-870
-971
-1112
-1232
-1252
-1271
-1392
-1481
-1485
-1584
-1476
-1364
-1266
-1139
-1082
-985
-851
-621
-432
-276
-127
0
76
179
283
365
457
477
484
479
413
377
371
312
258
161
43
-97
-166
-236
-307
-303
-304
-317
-312
-249
-175
-164
-114
-81
-119
-37
-3
38
137
99
80
60
123
215
327
383
434
498
521
648
814
909
943
1002
1065
1119
1100
1082
1019
937
795
732
616
394
276
79
-38
-113
-216
-309
-365
-355
-389
-339
-276
-181
-107
35
65
161
236
269
317
282
298
294
279
220
246
125
-13
-126
-224
-242
-331
-448
-648
-770
-868
-933
-965
-1028
-1139
-1200
-1230
-1187
-1152
-1092
-1010
-995
-943
-875
-829
-733
-650
-566
-473
-424
-300
-212
-180
-157
-92
0
15
61
24
12
43
81
158
123
91
13
-40
-89
-127
-184
-274
-321
-403
-452
-477
-443
-428
-424
-379
-335
-280
-202
-66
-8
43
129
189
297
354
355
348
331
301
194
132
103
73
93
69
-8
-58
-40
-13
3
89
136
109
114
153
182
164
161
118
135
137
73
133
165
243
296
366
449
580
677
798
907
974
1099
1104
1176
1190
1226
1200
1180
1076
955
831
733
595
428
263
86
-49
-184
-334
-457
-587
-702
-779
-857
-897
-900
-919
-950
-912
-873
-832
-747
-630
-541
-415
-320
-238
-147
-97
-66
-118
-107
-78
-67
-95
-148
-221
-307
-306
-349
-373
-425
-542
-555
-579
-535
-457
-456
-406
-419
-442
-499
-479
-419
-387
-379
-386
-390
-407
-369
-334
-276
-223
-138
-19
38
93
187
248
284
294
237
192
164
135
103
62
-1
-106
-119
-188
-223
-312
-429
-480
-592
-522
-507
-514
-533
-529
-500
-444
-368
-325
-301
-240
-164
-79
-29
3
10
49
154
253
369
378
363
425
550
650
679
680
681
612
630
621
590
556
421
312
192
82
2
-129
-306
-506
-580
-559
-599
-614
-646
-631
-628
-570
-453
-388
-283
-202
-119
-26
67
112
137
118
153
131
118
108
24
-26
-99
-129
-223
-267
-340
-458
-476
-570
-595
-592
-654
-625
-633
-612
-523
-495
-473
-395
-300
-273
-228
-155
-83
-40
30
75
104
82
134
183
176
153
103
95
31
28
86
78
80
98
109
79
68
93
46
-15
-74
-162
-229
-267
-337
-396
-448
-477
-536
-482
-521
-491
-428
-415
-342
-257
-186
-116
5
70
158
188
250
230
189
201
220
189
204
203
101
74
81
101
60
46
20
-7
21
54
69
48
-36
-123
-128
-129
-86
-76
-158
-212
-258
-293
-257
-200
-138
-142
-100
-26
39
117
149
222
253
270
305
369
394
414
356
246
195
144
116
36
-50
-161
-238
-253
-217
-266
-291
-302
-331
-323
-271
-202
-243
-175
-142
-92
-1
144
250
264
299
325
339
385
437
357
247
181
113
139
128
99
21
-128
-175
-211
-146
-128
-139
-158
-191
-216
-204
-85
-114
-145
-239
-256
-279
-313
-251
-286
-310
-334
-322
-262
-225
-202
-181
-142
-143
-80
0
47
59
87
115
90
167
136
40
-63
-156
-167
-212
-235
-294
-337
-339
-392
-391
-418
-402
-404
-421
-332
-312
-265
-196
-202
-182
-117
-72
-7
-48
-79
-98
-140
-110
-90
-29
33
27
36
57
62
102
72
53
68
48
43
29
45
76
-1
-80
-158
-243
-244
-220
-249
-309
-335
-365
-339
-267
-291
-269
-252
-260
-125
-37
54
168
211
238
292
343
390
441
428
427
359
351
333
228
142
49
-31
-115
-173
-255
-361
-415
-489
-509
-468
-434
-448
-441
-367
-322
-248
-162
-107
-87
-86
-26
7
-7
-23
26
3
42
100
70
66
37
6
-28
-3
-31
-83
-144
-130
-123
-125
-115
-124
-152
-212
-265
-279
-354
-378
-404
-429
-443
-447
-431
-479
-469
-490
-462
-412
-339
-308
-269
-221
-167
-94
-65
3
0
-3
22
-15
20
43
68
6
-3
40
-14
-29
-14
-96
-123
-161
-186
-218
-236
-268
-272
-310
-350
-393
-403
-373
-346
-317
-344
-279
-260
-236
-175
-101
0
30
99
157
250
357
356
343
333
323
345
353
354
313
278
194
153
148
113
59
-24
-63
-123
-169
-198
-233
-231
-273
-299
-307
-296
-242
-231
-176
-83
-60
-6
68
75
141
184
228
221
232
306
295
260
245
175
129
66
-23
-93
-120
-190
-241
-238
-302
-281
-356
-343
-355
-415
-459
-428
-393
-433
-380
-362
-286
-282
-265
-183
-183
-129
-106
-51
-15
-48
50
138
140
155
208
245
240
218
220
153
165
156
107
137
11
-30
-94
-87
-125
-161
-155
-201
-199
-225
-247
-223
-203
-229
-176
-138
-137
-121
-50
18
14
61
107
125
165
193
218
271
296
268
306
339
333
296
229
250
290
250
243
226
222
220
146
95
58
37
5
-20
13
-6
2
8
4
-24
-9
-41
-34
4
4
13
46
70
133
185
140
159
160
251
263
245
264
272
190
178
167
123
75
-22
-157
-249
-333
-410
-474
-516
-548
-563
-558
-512
-477
-474
-456
-451
-401
-302
-279
-218
-171
-134
-92
-57
-40
-44
-5
-29
58
39
51
51
43
-11
-26
-32
-46
18
-70
-113
-176
-245
-254
-265
-309
-337
-423
-478
-451
-453
-420
-434
-430
-462
-424
-325
-217
-173
-86
-45
-44
-1
60
115
135
135
82
71
97
140
83
77
94
51
108
108
52
3
-16
-58
-56
-26
-38
-93
-79
-89
-89
-76
-49
-39
-89
-30
-21
-45
-19
44
72
65
49
56
92
86
87
103
71
122
177
188
213
201
213
172
159
179
173
122
57
-8
-70
-100
-130
-162
-198
-276
-337
-370
-424
-476
-504
-486
-442
-374
-344
-281
-225
-200
-99
-21
23
126
146
133
156
160
179
206
169
113
32
-19
-22
-39
-92
-200
-263
-325
-378
-361
-396
-432
-407
-460
-417
-405
-400
-393
-340
-273
-306
-244
-196
-163
-127
-85
-57
-11
6
82
182
200
240
230
247
337
347
357
280
260
279
300
298
325
253
174
148
150
139
124
84
4
-23
-19
18
15
-12
-57
-59
-62
-78
-29
70
5
-8
-2
26
50
98
123
162
126
125
193
178
140
141
114
134
130
103
101
117
80
41
26
-2
0
-28
-104
-154
-128
-214
-230
-302
-307
-246
-242
-256
-286
-258
-244
-200
-190
-100
-39
31
59
108
198
207
204
201
179
166
125
107
66
-4
-50
-122
-185
-242
-307
-384
-480
-560
-569
-546
-508
-517
-459
-430
-404
-380
-365
-274
-228
-197
-145
-126
-57
24
36
49
62
93
75
115
162
167
171
127
115
200
243
307
269
218
235
221
234
242
205
166
128
71
58
33
91
104
66
-1
-56
-33
22
41
37
4
-53
2
21
36
75
110
82
76
87
117
135
108
113
98
100
70
62
7
39
31
42
55
18
-1
-33
33
66
56
-52
-87
-49
-60
-27
8
-42
-58
-74
-66
-24
-66
-27
-57
-115
-118
-44
23
2
19
4
-28
6
-26
-32
-15
-77
-122
-144
-215
-244
-283
-315
-367
-442
-473
-518
-519
-519
-516
-529
-498
-456
-434
-455
-380
-288
-216
-136
-88
-28
3
59
105
114
76
83
143
91
75
48
74
108
115
145
104
111
111
112
127
154
185
189
174
190
166
209
197
145
150
111
113
104
89
83
87
77
99
141
140
83
71
60
40
50
34
0
0
25
-10
25
27
16
3
-9
-20
-84
7
5
-21
-12
-59
-3
-21
10
22
-9
34
30
-4
47
58
46
62
85
49
60
56
19
64
27
-7
-66
-94
-124
-185
-227
-228
-247
-301
-300
-311
-307
-315
-317
-300
-300
-354
-375
-332
-316
-354
-385
-421
-410
-418
-376
-353
-347
-291
-258
-190
-137
-91
-53
-34
-2
35
40
79
135
159
167
162
144
61
83
88
42
94
28
6
-16
27
46
35
57
64
72
130
128
117
146
151
148
164
183
181
208
184
199
255
276
237
205
240
232
203
197
161
136
115
82
15
-37
-45
-12
-9
-4
-23
-29
0
-27
-20
27
48
112
115
119
106
76
97
135
159
157
119
84
151
185
166
158
169
151
122
28
35
32
1
15
-41
-94
-184
-213
-277
-362
-402
-382
-462
-467
-501
-558
-530
-516
-516
-450
-423
-425
-400
-376
-347
-309
-296
-308
-308
-298
-292
-247
-230
-210
-195
-222
-142
-112
-72
-11
15
3
8
44
84
59
45
102
82
72
57
76
22
21
3
-62
-51
-74
-54
-62
-10
-12
-11
28
65
131
148
183
176
252
271
298
323
335
370
325
345
281
233
211
194
197
124
154
119
76
60
19
35
38
28
-10
32
48
82
115
171
178
168
231
246
284
304
329
282
298
314
341
360
329
303
266
255
261
233
220
172
123
101
93
89
69
-30
-61
-93
-143
-170
-222
-247
-249
-303
-382
-400
-381
-405
-415
-399
-420
-369
-364
-359
-315
-279
-269
-219
-200
-137
-132
-133
-93
-122
-118
-92
-96
-100
-168
-185
-166
-194
-165
-173
-138
-122
-140
-143
-156
-175
-138
-86
-53
-42
-64
-60
-72
-91
-32
-89
-65
-86
-70
22
45
83
96
146
