26
-22
-4
18
51
101
146
193
298
335
403
510
552
575
645
793
879
948
1099
1174
1228
1299
1366
1406
1465
1522
1530
1567
1546
1487
1443
1330
1257
1146
1007
871
762
637
546
458
314
273
189
143
78
48
-14
-61
-125
-229
-290
-434
-516
-604
-725
-822
-937
-980
-1002
-1078
-1122
-1141
-1184
-1182
-1245
-1208
-1206
-1290
-1256
-1241
-1222
-1230
-1246
-1234
-1156
-1070
-1033
-924
-867
-769
-725
-645
-558
-557
-488
-459
-386
-382
-362
-278
-277
-232
-197
-194
-98
-52
-18
10
-5
10
34
39
73
99
102
141
146
135
155
200
172
157
186
164
156
125
119
89
83
57
54
43
20
35
23
15
20
-2
-10
-24
-38
-31
-10
-20
34
68
73
116
188
271
321
356
448
522
588
668
759
793
849
985
1071
1172
1240
1373
1431
1480
1574
1525
1596
1640
1588
1616
1530
1468
1358
1217
1153
990
858
652
564
498
399
350
270
219
175
161
55
-8
-70
-172
-242
-378
-463
-589
-662
-754
-884
-956
-1019
-1087
-1119
-1085
-1134
-1157
-1164
-1198
-1210
-1248
-1246
-1274
-1288
-1286
-1269
-1239
-1183
-1108
-1036
-957
-859
-765
-683
-608
-524
-467
-425
-378
-339
-313
-277
-163
-132
-54
-20
26
75
103
161
193
283
249
332
312
284
297
298
329
313
417
399
392
411
364
374
334
287
276
219
149
79
83
90
49
4
-16
-5
-28
-38
-49
-95
-95
-99
-97
-126
-114
-83
-95
-72
-21
2
26
67
113
196
260
331
407
481
532
615
710
752
858
917
1022
1072
1149
1242
1288
1391
1410
1429
1420
1420
1391
1261
1199
1057
990
925
779
682
612
523
359
326
270
248
203
189
122
96
61
22
-64
-157
-225
-352
-410
-547
-636
-693
-794
-860
-881
-927
-972
-987
-989
-1014
-1059
-1066
-1060
-1035
-1024
-1027
-997
-989
-972
-883
-891
-844
-735
-709
-624
-559
-520
-407
-394
-334
-332
-266
-224
-183
-108
-78
-64
-30
48
83
82
122
120
173
228
226
225
263
276
267
322
336
318
281
292
282
266
247
242
193
130
116
90
16
24
-3
-1
-11
-39
2
-38
-16
-41
-28
-12
-19
-41
-16
9
18
67
59
99
155
180
254
319
378
461
503
536
608
692
805
882
943
1025
1027
1141
1189
1211
1268
1303
1385
1425
1474
1482
1397
1344
1256
1159
1049
983
859
737
607
487
425
353
276
246
234
229
126
84
81
-14
-117
-167
-270
-392
-453
-548
-634
-728
-787
-853
-886
-912
-926
-945
-935
-945
-968
-985
-998
-1027
-1024
-995
-994
-938
-951
-885
-834
-800
-739
-640
-576
-500
-398
-379
-268
-233
-200
-159
-112
-65
-13
-17
37
115
149
210
235
264
279
351
336
358
380
333
405
374
341
358
337
395
337
296
302
252
231
214
178
93
46
-10
-67
-86
-124
-140
-124
-166
-222
-212
-214
-211
-260
-256
-257
-252
-241
-236
-200
-179
-162
-116
-77
31
97
162
312
377
465
531
625
632
775
847
950
1015
1089
1166
1182
1276
1290
1371
1416
1449
1448
1380
1314
1214
1108
1047
921
791
670
575
503
383
355
351
263
200
120
94
99
12
-31
-145
-274
-340
-457
-530
-684
-765
-798
-834
-953
-991
-975
-1018
-1056
-1106
-1087
-1094
-1084
-1077
-1081
-1079
-1053
-1057
-1050
-960
-932
-927
-856
-754
-686
-597
-561
-508
-425
-360
-290
-269
-213
-183
-141
-53
16
60
115
127
148
178
213
261
296
277
241
253
258
272
278
298
263
275
271
233
205
165
140
75
45
7
-15
-33
-113
-100
-156
-149
-148
-190
-208
-212
-194
-171
-171
-162
-148
-203
-175
-145
-142
-91
-59
-21
44
94
147
256
298
337
423
481
614
663
763
846
856
982
999
1075
1084
1141
1205
1263
1354
1327
1351
1272
1225
1155
1086
1021
895
757
609
573
476
382
304
221
164
125
49
34
-35
-91
-163
-263
-314
-403
-532
-628
-680
-768
-840
-902
-946
-983
-1000
-992
-994
-1002
-973
-979
-982
-977
-965
-937
-926
-902
-925
-890
-846
-776
-697
-620
-507
-425
-374
-280
-238
-166
-121
-46
28
39
33
73
127
178
223
207
246
276
339
339
324
321
308
287
257
242
216
225
180
140
146
73
61
27
-87
-112
-131
-217
-273
-345
-367
-403
-398
-440
-487
-488
-469
-439
-448
-392
-355
-374
-384
-359
-349
-357
-358
-278
-205
-188
-147
-58
13
49
116
126
212
227
255
267
274
253
216
302
402
590
676
821
945
1086
1185
1238
1216
1168
1109
970
913
815
848
826
793
742
665
562
450
352
177
-94
-380
-678
-977
-1074
-1157
-1037
-930
-754
-615
-452
-289
-113
37
-20
-50
-236
-421
-567
-690
-660
-592
-443
-333
-225
-50
146
398
551
644
608
414
153
-102
-376
-623
-949
-1247
-1546
-1851
-2007
-2100
-2070
-1939
-1804
-1662
-1469
-1301
-988
-704
-434
-145
48
196
289
351
426
480
437
308
180
37
-154
-229
-253
-349
-375
-479
-462
-428
-330
-135
57
258
455
648
815
1000
1243
1543
1783
2044
2251
2482
2639
2854
3058
3258
3411
3486
3695
3826
4025
4326
4641
4940
5131
5161
5023
4480
3211
1401
-933
-3585
-5903
-8014
-9623
-10344
-10537
-9925
-8451
-6310
-3489
-322
2510
5026
6920
7960
8397
8178
7384
6311
4786
3054
1500
-11
-1103
-1724
-2223
-2481
-2771
-3209
-3710
-4288
-4816
-5237
-5607
-5787
-5756
-5339
-4379
-2904
-1036
1031
3097
4852
6207
7024
7382
7168
6399
5084
3329
1286
-793
-2680
-4129
-5080
-5609
-5794
-5749
-5458
-4962
-4278
-3528
-2807
-2302
-2023
-1806
-1538
-1121
-500
376
1203
1961
2559
2838
2997
2996
2664
2141
1228
71
-1073
-2211
-3001
-3435
-3574
-3441
-3191
-2898
-2423
-1940
-1373
-704
-300
102
356
483
740
1046
1489
1956
2305
2642
2852
2929
3131
3243
3314
3348
3210
3073
2971
3008
3274
3669
4146
4511
4872
5181
5389
5282
4148
2253
-466
-3922
-6987
-9754
-11728
-12472
-12587
-11732
-9753
-7182
-3489
766
4543
8046
10489
11363
11386
10271
8459
6463
3998
1352
-1187
-3642
-5309
-6126
-6305
-5701
-4863
-4167
-3634
-3336
-3221
-2885
-2580
-2283
-1989
-1641
-1101
-170
1245
2998
4799
6232
7026
7108
6514
5236
3662
1689
-538
-2832
-5117
-7075
-8221
-8541
-7981
-6630
-5136
-3527
-2065
-973
96
822
1165
1483
1389
1133
1059
985
1257
1721
1916
2086
1856
1167
390
-634
-1751
-2673
-3591
-4322
-4631
-4712
-4119
-3078
-1801
-351
865
1811
2395
2615
2644
2569
2234
1812
1461
953
792
838
1052
1569
1990
2397
2798
3029
3297
3665
3960
4312
4634
4879
5161
5459
5769
6282
6238
5017
2958
-213
-3995
-7213
-10167
-12278
-13083
-13456
-12616
-10411
-7412
-2975
1907
6281
10231
12562
13191
12797
11116
8691
6044
2634
-880
-4067
-6910
-8524
-8903
-8418
-7089
-5665
-4521
-3575
-2878
-2228
-1544
-938
-509
-160
178
720
1794
3362
5098
6705
7616
7625
6885
5303
3305
1119
-1469
-4151
-6716
-8987
-10347
-10574
-9647
-7589
-5074
-2612
-163
1739
3303
4491
5056
5034
4326
3093
1833
609
-294
-697
-953
-1114
-1365
-1802
-2193
-2393
-2580
-2538
-2462
-2577
-2412
-2171
-1660
-660
308
1301
1971
1984
1846
1382
816
449
28
-259
-529
-645
-443
21
731
1568
2216
2631
2796
2879
3058
3271
3549
3885
4198
4648
5099
5683
6431
7106
7656
7092
5052
2102
-2033
-6341
-9759
-12764
-14326
-14504
-14047
-11825
-8172
-3730
2016
7417
11623
14734
15543
14731
12804
9518
5888
2047
-2246
-6044
-9031
-10985
-11219
-10255
-8565
-6400
-4532
-3180
-2084
-1261
-529
208
837
1219
1659
2282
3137
4491
6058
7274
7840
7382
5894
3708
915
-1989
-4748
-7514
-9793
-11370
-12043
-11289
-9272
-6274
-2665
700
3501
5653
6886
7449
7231
6209
4481
2177
-239
-2228
-3680
-4390
-4315
-3961
-3473
-2989
-2520
-1900
-1137
-423
187
619
799
860
1040
1249
1584
1744
1531
1086
274
-546
-1313
-1722
-1742
-1589
-1159
-631
170
1170
2152
3044
3647
3776
3563
3025
2502
2148
1966
2052
2334
2904
3731
4866
6074
7287
8298
8597
7291
4331
282
-4923
-9601
-13252
-15862
-16347
-15524
-13389
-9259
-4174
1814
8348
13381
16824
18330
17101
14340
10327
5488
902
-3672
-7846
-10799
-12585
-12774
-11210
-8790
-5898
-3188
-1264
-120
470
784
1074
1526
1833
2150
2743
3463
4455
5747
6758
7243
6730
4977
2345
-853
-4190
-7038
-9329
-11048
-11715
-11480
-10076
-7313
-3781
179
3811
6360
7872
8180
7336
5952
3958
1505
-1043
-3667
-5612
-6604
-6764
-5929
-4519
-3079
-1673
-469
432
1352
2092
2571
2841
2594
2114
1500
919
491
160
-270
-770
-1428
-2003
-2266
-2294
-1810
-1054
-275
591
1280
2067
2740
3107
3231
2923
2266
1376
561
64
40
531
1281
2278
3611
4997
6540
7911
8906
9643
9555
8657
6415
2467
-1942
-7258
-12168
-15321
-17422
-17311
-15180
-12129
-7311
-1626
4024
9913
14361
16884
17734
16045
12624
8515
3689
-744
-4658
-8183
-10433
-11552
-11503
-10212
-8239
-5949
-3787
-2156
-1074
-278
522
1604
2838
4090
5195
6213
6967
7381
7651
7418
6404
4511
1561
-1939
-5295
-8269
-10280
-11233
-11326
-10312
-8540
-6125
-2921
617
3912
6610
8012
8203
7363
5612
3649
1353
-1128
-3594
-5977
-7615
-8314
-8099
-6891
-5062
-3123
-1271
257
1613
2794
3736
4403
4385
3701
2581
1134
-246
-1363
-2123
-2622
-3047
-3251
-3281
-2796
-1801
-586
815
2012
2794
3271
3340
3238
3009
2488
1900
1014
165
-290
-426
128
1071
2254
3741
5043
6388
7648
8562
9253
9273
8581
7166
3989
-159
-4755
-10178
-14023
-16307
-17297
-15616
-12887
-8965
-3390
2157
7850
13153
16261
17746
17242
14145
10207
5455
558
-3566
-7317
-10144
-11683
-12220
-11551
-9761
-7595
-5246
-3195
-1758
-648
520
1767
3309
4996
6382
7433
8105
8167
7821
7216
5779
3624
692
-2903
-6242
-9088
-10972
-11480
-11005
-9510
-7218
-4605
-1567
1776
4785
7188
8413
8250
7167
5198
2913
750
-1486
-3655
-5686
-7590
-8729
-8937
-8158
-6411
-4364
-2307
-255
1429
3058
4531
5508
6021
5566
4270
2533
541
-1275
-2617
-3601
-4033
-4156
-4066
-3379
-2484
-1212
291
1316
2129
2380
2241
2212
1982
1974
1934
1704
1532
1232
1110
1327
1820
2584
3395
4185
4925
5636
6389
7182
7658
7805
7644
6667
4717
1382
-2688
-7436
-11932
-14678
-16314
-15688
-13135
-9737
-4798
718
6068
11429
15267
17089
17197
14730
10676
6017
897
-3584
-7272
-10195
-11733
-12222
-11548
-9672
-7284
-4711
-2301
-503
758
1713
2809
4048
5388
6601
7413
7759
7522
6741
5720
4182
1991
-723
-4042
-7191
-9710
-11144
-11214
-10112
-8075
-5381
-2531
466
3503
6184
8179
8980
8483
6883
4529
1831
-684
-3054
-5143
-7007
-8776
-9502
-9368
-8406
-6181
-3725
-1273
1121
2928
4571
5793
6461
6568
5638
3912
1676
-800
-2974
-4500
-5327
-5474
-5173
-4474
-3431
-2111
-616
821
1934
2396
2344
2007
1503
1320
1326
1478
1528
1397
1377
1305
1497
2026
2565
3286
3963
4438
5146
5943
6734
7532
7872
7740
6950
4369
763
-3554
-8784
-12730
-15321
-16526
-14946
-12115
-7972
-2352
3151
8764
13670
16355
17354
16139
12571
8034
2934
-2022
-5922
-9003
-11029
-11674
-11380
-9904
-7636
-5243
-2910
-954
313
1157
2054
3059
4448
5946
7117
7942
8044
7389
6264
4598
2269
-490
-3728
-7026
-9712
-11467
-11742
-10570
-8335
-5344
-2142
847
3670
5999
7697
8501
8126
6651
4434
1799
-640
-2639
-4305
-5573
-6777
-7786
-8143
-8001
-6998
-5151
-3083
-843
1253
3108
4797
6066
6797
6740
5594
3607
1036
-1623
-3855
-5362
-6134
-6154
-5565
-4601
-3180
-1546
143
1745
2644
2938
2790
2099
1552
1097
790
867
842
713
829
1001
1604
2499
3329
4331
5116
5809
6472
6916
7487
7692
7378
6238
3167
-883
-5626
-10942
-14235
-16002
-16099
-13476
-10074
-5471
309
5633
11028
15186
16904
16849
14262
9879
5145
189
-3992
-6993
-9233
-10384
-10474
-9722
-8082
-5923
-3847
-2051
-806
2
700
1722
3141
4955
6884
8255
8948
8676
7580
5932
3574
705
-2458
-5886
-8863
-10838
-11522
-10550
-8285
-5351
-2133
831
3250
5271
6619
7268
7137
6064
4287
2089
-59
-1755
-2852
-3646
-4304
-5116
-6057
-6857
-7232
-6725
-5517
-3638
-1393
805
3083
5084
6665
7517
7218
5889
3561
622
-2210
-4532
-5925
-6359
-5988
-4997
-3634
-2003
-336
1227
2361
2827
2658
1981
1113
405
55
50
369
752
1048
1469
1810
2277
2955
3475
4000
4612
4951
5563
6239
6751
7399
7352
6947
5608
2190
-1783
-6685
-12021
-15143
-16924
-16500
-13222
-9234
-3923
2092
7318
12306
15670
16685
16000
12923
8213
3297
-1512
-5182
-7565
-8955
-9333
-8932
-8065
-6783
-5266
-3874
-2609
-1597
-861
106
1639
3523
5958
8220
9717
10227
9309
7240
4476
1100
-2330
-5609
-8595
-10607
-11437
-10862
-8791
-5749
-2330
803
3141
4593
5396
5727
5602
5124
4189
2801
1242
-356
-1514
-2291
-3093
-4049
-5450
-7099
-8364
-8708
-7892
-5778
-2870
287
3176
5576
7287
8065
7853
6560
4138
1031
-2241
-5001
-6629
-7000
-6120
-4568
-2795
-1053
295
1279
1866
2146
2090
1617
1002
347
120
228
706
1226
1515
1623
1364
1135
1273
1732
2648
3783
4818
6004
6863
7574
8174
8146
7783
6550
3278
-1093
-6064
-11803
-15519
-17029
-16751
-13471
-9170
-4336
1311
6177
10484
13906
15015
14556
12141
7922
3628
-378
-3560
-5279
-6227
-6760
-6913
-7180
-7196
-6729
-6185
-5235
-3930
-2599
-839
1547
4253
7395
10227
11905
12172
10655
7684
4068
31
-3660
-6608
-8953
-10268
-10471
-9524
-7347
-4454
-1482
1101
2753
3385
3543
3530
3688
3991
4135
3892
3164
1958
583
-686
-2106
-3711
-5664
-7727
-9414
-10107
-9233
-6862
-3508
211
3393
5671
6965
7283
6763
5401
3390
849
-1866
-4131
-5504
-5872
-5197
-3961
-2767
-1859
-1267
-898
-346
409
1217
2074
2583
2720
2680
2436
2153
1972
1490
1046
405
-148
90
641
2028
3749
5135
6536
7340
7684
7917
7584
6977
5658
2392
-1926
-6759
-12146
-15148
-15921
-14854
-11004
-6757
-2264
2488
6251
9779
12430
13127
12562
10147
6357
2720
-497
-2709
-3760
-4400
-5145
-5971
-7153
-8190
-8366
-8116
-7021
-5193
-3302
-916
2024
4964
8177
10735
11779
11436
9163
5672
1935
-1690
-4428
-6293
-7530
-7962
-7780
-7020
-5471
-3485
-1554
32
948
1337
1623
2224
3168
4327
5267
5444
4668
3008
864
-1212
-3159
-4878
-6591
-8076
-8947
-9098
-7623
-5044
-1817
1532
4058
5625
6256
6010
5527
4480
3175
1528
-733
-2641
-4325
-5253
-5336
-4935
-4208
-3502
-2895
-2047
-984
504
2063
3272
3957
3980
3503
2712
1973
1383
991
667
467
458
711
1401
2751
4223
5587
6686
7028
7177
7059
6569
6116
4764
1604
-2319
-7322
-12483
-15069
-15728
-13949
-9800
-5537
-982
3275
6446
9451
11413
12035
11564
9148
5875
2653
-120
-1776
-2495
-3034
-3900
-5353
-7328
-8983
-9713
-9402
-7833
-5480
-2936
90
3040
5871
8667
10476
11031
10110
7445
4081
611
-2349
-4048
-5049
-5532
-5735
-6037
-6109
-5731
-4975
-3804
-2471
-1434
-401
782
2265
4110
5917
7133
7182
5744
3118
171
-2675
-5069
-6690
-7855
-8595
-8589
-7781
-5992
-3259
-284
2385
4147
4822
4729
4141
3703
3295
2574
1670
193
-1627
-3221
-4351
-4649
-4375
-3761
-2940
-2193
-1234
50
1459
2901
3894
4107
3462
2384
1302
541
321
568
1117
1495
2043
2685
3475
4594
5719
6758
7171
7090
6811
6049
5259
3561
276
-3460
-8507
-12914
-14772
-14967
-11984
-7420
-3133
1354
4410
6435
8309
9118
9550
9142
7358
5131
2829
875
-277
-847
-1718
-3190
-5456
-8433
-10724
-11670
-10870
-8063
-4593
-895
2763
5427
7622
9271
9800
9531
7851
5197
2367
-343
-2021
-2627
-2794
-2830
-3344
-4582
-5976
-7045
-7388
-6622
-5049
-3064
-839
1439
3646
5768
7263
7790
7085
4942
1910
-1378
-4222
-6115
-7118
-7160
-6887
-6506
-5666
-4631
-3199
-1437
272
1738
2806
3493
3943
4167
4276
4044
3048
1435
-606
-2785
-4375
-5070
-4874
-3894
-2546
-1407
-389
599
1447
2193
2734
2975
2921
2510
2132
1909
1957
2404
2603
2957
3225
3386
3933
4464
5324
6121
6737
7106
6471
5568
3332
-600
-4538
-9415
-13257
-14214
-13568
-10143
-5405
-1106
2867
5182
6241
6713
6453
6237
5995
5255
4551
3904
3138
2339
1442
-269
-2750
-5753
-9226
-11645
-12446
-11452
-8266
-4302
-301
3339
5478
6617
7007
6504
5879
4988
3769
2799
2049
1515
1212
634
-397
-2070
-4598
-7128
-8950
-9655
-8727
-6464
-3537
-421
2245
4102
5308
5733
5453
4645
3233
1487
-118
-1700
-2781
-3487
-4145
-4682
-5507
-6107
-6350
-6005
-4653
-2713
-482
1739
3367
4317
4572
4258
3530
2414
1095
-248
-1445
-2297
-2485
-2320
-1798
-1225
-980
-969
-1046
-942
-499
342
1594
2670
3473
3841
3623
3328
2872
2595
2652
2900
3608
4377
5347
6380
7026
7476
7128
6127
3949
54
-4335
-8888
-12637
-13840
-12644
-9376
-4733
-532
2478
4086
4355
4258
4114
4269
4814
5352
5669
5723
5405
4413
3059
773
-2466
-5852
-9126
-11291
-11592
-10203
-7231
-3671
-664
1636
2705
2879
3004
3221
3673
4431
5117
5541
5660
5221
4321
2746
427
-2283
-5082
-7385
-8502
-8326
-7138
-5219
-3285
-1851
-911
-403
88
808
1707
2729
3435
3761
3559
2778
1641
101
-1794
-3530
-5116
-6279
-6468
-5885
-4550
-3038
-1559
-398
245
641
814
953
1152
1403
1490
1395
1148
910
595
208
-82
-600
-1058
-1273
-1341
-858
-21
962
1933
2585
2808
2709
2629
2588
2658
2924
3378
3896
4584
5420
6159
6895
7399
7188
6328
4217
429
-3829
-8184
-11825
-12853
-11833
-9086
-5015
-1536
923
2404
2767
3181
3766
4709
6188
7301
7733
7629
6580
4671
2368
-582
-3713
-6399
-8497
-9398
-8807
-7426
-5275
-3327
-2268
-1595
-1555
-1435
-492
1062
3256
5595
7284
8034
7753
6464
4667
2513
134
-1835
-3489
-4578
-4828
-4627
-4230
-3839
-3902
-4354
-4730
-4908
-4186
-2593
-486
1680
3279
3985
3823
3161
2082
1126
435
-160
-542
-1094
-1748
-2468
-3270
-3967
-4348
-4522
-4223
-3403
-2343
-1000
152
867
1191
953
695
554
596
1131
1688
2215
2358
2024
1419
859
517
635
1110
1665
2209
2347
2373
2439
2399
2795
3355
3993
5008
5755
6506
7277
7485
7152
5482
1881
-2629
-7275
-11058
-12215
-10818
-8016
-4448
-2094
-1401
-1523
-2096
-1495
662
3864
7530
10250
11346
11006
9253
6443
3442
307
-2880
-5335
-7146
-7848
-7321
-6475
-5537
-5168
-5693
-6275
-6395
-5466
-2885
523
3919
6517
7614
7370
6341
5058
4119
3525
2833
2129
1203
-84
-1336
-2645
-3985
-5139
-6223
-6951
-6953
-6143
-4585
-2652
-1115
-174
-164
-653
-948
-862
276
1839
3172
4150
3832
2612
1078
-588
-1762
-2577
-2937
-2967
-3121
-3224
-3223
-3396
-3356
-3112
-2879
-2352
-1346
-254
833
1802
2341
2442
2184
1931
1852
2254
3169
3924
4341
4264
3568
2540
1506
972
851
1261
2069
2880
3842
4617
5380
6191
6519
6292
4685
1337
-2455
-6257
-8883
-8745
-7231
-5018
-3292
-3412
-4518
-5872
-6239
-4568
-1159
2998
6824
9144
9662
9093
7709
6111
4961
3635
2237
904
-817
-2188
-3557
-5229
-6819
-8467
-9664
-9715
-8552
-6257
-3190
-506
1289
2189
2375
2610
3455
4763
6266
7057
6835
5775
3863
1792
170
-1097
-2163
-3014
-3982
-4944
-5524
-5747
-5526
-5121
-4783
-4346
-4023
-3281
-2074
-764
706
1687
2075
2151
1907
1952
2231
2442
2594
2030
1086
-44
-1326
-2228
-2864
-3348
-3718
-4022
-4267
-4145
-3674
-2963
-2105
-1379
-670
-34
692
1805
2973
4313
5429
5918
6097
5810
5445
5166
4896
4686
4250
3718
3099
2467
2310
2444
2999
3560
3619
2851
279
-2639
-5501
-7622
-6865
-5040
-2861
-1153
-1654
-3214
-4963
-5721
-4319
-1255
2308
5311
6686
6121
4951
3651
2777
3153
3785
4237
4354
3533
2162
469
-1732
-3650
-5362
-6569
-6836
-6646
-6090
-5401
-5015
-4941
-4583
-3784
-2022
716
3438
5751
6762
6486
5629
4409
3663
3607
3588
3420
2554
764
-1451
-3678
-5548
-6680
-7054
-7074
-6810
-6309
-5728
-4931
-3863
-2717
-1517
-204
1151
2344
3320
3934
4030
3488
2757
1982
1364
969
581
51
-829
-2003
-3315
-4262
-4708
-4579
-3887
-3212
-2638
-2254
-2149
-1763
-1170
-5
1554
3019
4285
4942
5191
5169
5172
5438
5901
6494
6734
6703
6254
5447
4799
4206
3891
3562
2602
486
-2540
-5373
-7504
-7673
-6012
-4104
-2494
-2611
-4152
-5623
-6226
-4717
-1693
1600
4110
4927
4160
2874
2092
2162
3208
4386
4989
4748
3599
2136
789
-191
-648
-777
-936
-1129
-1637
-2723
-4005
-5417
-6609
-6980
-6448
-5078
-3250
-1645
-708
-418
-451
-163
879
2613
4668
6211
6714
6115
4729
3069
1644
582
-276
-1358
-2791
-4614
-6536
-7912
-8460
-8044
-6908
-5417
-3880
-2735
-1699
-827
73
1240
2485
3577
4273
4597
4187
3375
2446
1423
554
-57
-502
-966
-1462
-1916
-2503
-2972
-3156
-3146
-2760
-2118
-1255
-246
687
1448
2244
2848
3424
4127
4706
5324
5937
6442
7030
7528
7832
8135
8058
7397
6132
3482
316
-2412
-4694
-5079
-4487
-4474
-4858
-6690
-8906
-9870
-9150
-6416
-2895
-190
1147
1088
274
383
1641
3668
6004
7280
7117
6045
4223
2686
1814
1413
1607
1644
1231
546
-632
-2094
-3136
-3764
-3875
-3334
-2901
-2779
-3016
-3807
-4536
-4843
-4525
-3358
-2096
-899
10
513
986
1628
2516
3582
4466
4809
4715
4008
2812
1433
-46
-1402
-2499
-3415
-4395
-5270
-6045
-6490
-6470
-5990
-5028
-4054
-3104
-2251
-1541
-603
552
1798
3010
3654
3750
3294
2672
2191
1795
1629
1346
813
1
-899
-1584
-1889
-1678
-1213
-785
-491
-389
-196
133
666
1631
2445
3296
4049
4553
5270
5825
6458
7076
7360
7396
6496
4678
2586
711
-612
-691
-616
-1417
-2961
-5590
-7820
-8304
-7400
-5249
-3262
-2610
-2873
-3696
-3750
-2332
-3
2358
4146
4625
4153
3493
3056
3295
3877
4248
4365
3679
2460
1236
9
-797
-1098
-1075
-893
-895
-1432
-2090
-2738
-2969
-2654
-2085
-1542
-1342
-1735
-2318
-2583
-2619
-2119
-1547
-1183
-933
-851
-605
-37
568
1182
1599
1411
1228
1017
657
506
148
-269
-718
-1382
-1896
-2522
-3154
-3467
-3651
-3220
-2598
-2111
-1721
-1773
-1769
-1457
-757
317
1378
1893
1957
1577
1084
934
1001
1242
1506
1548
1487
1269
1046
991
862
874
890
909
1203
1635
2436
3425
4297
5071
5581
5780
5881
5656
4714
3252
1739
372
-207
15
-276
-1330
-3277
-5678
-6940
-6814
-5482
-3696
-2839
-2799
-3260
-3604
-2821
-1083
573
1742
2112
1781
1545
1733
2430
3482
4191
4476
4242
3310
2394
1596
909
635
453
153
-445
-1356
-2228
-2645
-2632
-2267
-1920
-2030
-2300
-2596
-2449
-1634
-679
63
123
-360
-936
-1216
-910
-269
277
85
-611
-1343
-2105
-1991
-1252
-638
-84
-34
-277
-537
-711
-441
-71
322
572
339
-248
-901
-1452
-1975
-2213
-2126
-2069
-1851
-1531
-1264
-962
-605
-230
112
594
985
1413
1912
2425
2951
3251
3322
3220
3010
2668
2217
2004
1979
2232
2827
3474
4100
4658
5002
5041
4580
3524
2435
1478
887
1055
642
-536
-2266
-4492
-5715
-5649
-5018
-4335
-4478
-5346
-6053
-6011
-4830
-2818
-980
330
947
1016
1406
2159
3044
3920
4246
4071
3672
3056
2762
2841
2933
3055
2847
2070
1035
-63
-881
-1051
-928
-950
-1468
-2552
-3593
-4124
-3981
-3357
-2794
-2672
-2908
-3200
-3010
-2258
-1218
-16
592
662
439
-113
-200
122
582
1094
1095
641
-138
-1015
-1326
-1298
-911
-543
-448
-396
-280
5
523
959
819
433
-306
-978
-1204
-1275
-1211
-1303
-1569
-1889
-1961
-1653
-1047
-237
530
1043
1530
1898
2538
3424
4177
4741
5025
4922
4714
4657
4722
5100
5306
5210
4769
3358
1779
866
528
1068
1782
1441
79
-2122
-4176
-4839
-4498
-3718
-3515
-4418
-5637
-6523
-6466
-5296
-3958
-3082
-2798
-2895
-2770
-1853
-425
1286
2764
3496
3867
3775
3679
3916
4251
4624
4573
3888
2783
1751
920
722
974
1076
695
-271
-1414
-2108
-2188
-1930
-1727
-2120
-2908
-3718
-4271
-4251
-3751
-3320
-3109
-3113
-3128
-3036
-2636
-1959
-1350
-757
-271
130
638
1208
1842
2258
2260
2003
1432
967
793
712
649
461
56
-395
-675
-662
-384
-27
258
346
265
130
-106
-463
-737
-855
-868
-543
-206
111
401
612
812
1211
1933
2853
3896
4956
5798
6521
7240
7664
7642
6525
5223
4117
2910
2856
2675
1378
-154
-2330
-3785
-3946
-3983
-3816
-4723
-6001
-6607
-6813
-5975
-4732
-4128
-4081
-4372
-4618
-4048
-2791
-1408
-34
682
707
673
689
1420
2477
3245
3871
3773
3398
3209
3069
3296
3447
3267
2719
1724
838
167
-19
31
-156
-642
-1570
-2332
-2737
-2701
-2404
-2338
-2474
-3076
-3700
-4033
-4040
-3680
-3371
-3117
-3111
-3283
-3177
-2728
-1769
-672
111
649
724
974
1452
2052
2817
3100
3037
2636
2185
1935
1654
1278
668
20
-391
-584
-464
-169
-26
-67
-241
-283
55
490
912
1235
1214
1059
1066
1163
1582
2080
2546
3114
3660
4327
5267
5772
5190
5008
4618
4287
4886
4640
3711
2239
139
-782
-871
-1134
-1202
-2818
-4485
-5575
-6393
-5730
-5070
-4686
-4691
-5305
-5483
-5058
-4319
-2971
-1820
-1152
-920
-750
-343
566
1654
2341
2664
2355
1907
1832
1947
2468
2831
2836
2608
1908
1415
1124
1173
1452
1442
936
164
-615
-1091
-1178
-1107
-1135
-1405
-1939
-2548
-3037
-3348
-3354
-3479
-3396
-3376
-3754
-3919
-3932
-3676
-3130
-2707
-2279
-2008
-1630
-910
-230
658
1149
1386
1580
1743
2125
2407
2534
2502
2294
2031
1948
1948
1940
1731
1371
950
400
30
-185
-169
22
202
302
365
604
869
1316
1890
2499
3094
3525
3970
4319
4832
4504
3829
3740
3358
3751
4287
3838
3066
1628
173
272
142
90
-531
-2351
-3391
-4228
-4274
-3628
-3413
-3541
-4161
-4879
-4827
-4325
-3554
-2637
-2299
-2378
-2475
-2202
-1458
-245
689
1186
1231
847
863
1138
1796
2599
2802
2729
2281
1681
1639
1797
2033
2157
1632
1020
452
17
49
-3
-314
-813
-1358
-1780
-1921
-2052
-2212
-2685
-3239
-3532
-3822
-3791
-3574
-3452
-3360
-3342
-3451
-3247
-2983
-2459
-1851
-1499
-1087
-885
-408
393
1162
2076
2549
2661
2630
2477
2402
2489
2497
2496
2311
2070
1897
1539
1386
1190
980
896
962
859
796
594
352
383
609
1157
1856
2485
2969
3428
3854
4185
3490
3477
3273
3221
3771
3681
3031
2005
632
88
360
201
109
-1032
-2070
-2687
-3209
-3048
-2952
-3283
-3734
-4247
-4500
-4088
-3792
-3279
-2728
-2561
-2319
-2148
-1823
-1055
-412
-49
206
137
257
638
1047
1525
1534
1258
1135
1168
1524
2009
2271
2319
2003
1737
1789
1796
1703
1336
598
-152
-777
-1224
-1448
-1688
-2119
-2583
-3074
-3335
-3541
-3736
-4057
-4262
-4237
-3965
-3582
-3204
-2851
-2739
-2508
-2343
-1835
-1303
-800
-316
-102
234
531
867
1397
1939
2235
2487
2533
2617
2716
2643
2656
2479
2074
1721
1546
1513
1597
1597
1517
1353
1081
1028
1181
1648
2299
2671
2834
2993
3052
3391
3033
2437
2364
1929
2316
2694
2531
1762
565
-343
-83
117
353
128
-1428
-1914
-2390
-2419
-1773
-1959
-2538
-3219
-3930
-3823
-3412
-3155
-2425
-2406
-2531
-2431
-2299
-1556
-759
-401
-150
-204
-274
120
520
1017
1249
952
900
1056
1204
1477
1470
1200
908
686
977
1574
1928
2127
1816
1288
785
255
26
-133
-671
-1267
-2136
-2682
-3081
-3528
-3728
-4162
-4438
-4536
-4438
-4228
-3916
-3548
-3058
-2738
-2171
-1528
-1078
-615
-405
-120
305
725
1143
1455
1534
1572
1596
1895
2360
2615
2587
2352
2095
1987
2164
2523
2667
2361
1806
1252
1018
1202
1615
2091
2281
2353
2519
2861
3405
4046
4446
3484
2776
2349
2209
2700
2724
2102
786
-589
-1081
-541
-579
-392
-1534
-2770
-2741
-2883
-2114
-1392
-1716
-2142
-2726
-3015
-2346
-2173
-1933
-1793
-2450
-2570
-2419
-1983
-1153
-788
-705
-771
-982
-772
-129
400
790
691
469
847
1207
1553
1750
1402
958
539
435
804
1016
943
814
358
246
394
695
975
731
93
-708
-1314
-1545
-1734
-2179
-2918
-3788
-4380
-4398
-4298
-4089
-4041
-4224
-4101
-3698
-2809
-1877
-1233
-816
-543
-218
309
875
1455
1889
1971
1903
1943
2027
2104
1983
1635
1427
1265
1345
1581
1771
1724
1462
1327
1357
1371
1520
1599
1636
1711
1808
2198
2453
2850
3185
3700
3556
2990
2951
2577
2903
3070
2772
1954
867
98
284
102
-64
-568
-2024
-2306
-2666
-2763
-2356
-2563
-2815
-2773
-2816
-2173
-1700
-1745
-1310
-1657
-1830
-1627
-1480
-960
-827
-1075
-1257
-1411
-1331
-714
-269
-4
-172
-519
-308
191
756
1159
1387
1348
1451
1493
1676
1726
1418
1232
921
773
690
484
383
61
-411
-835
-1093
-1138
-1202
-1506
-1899
-2470
-2958
-3268
-3546
-3771
-4098
-4361
-4402
-4070
-3505
-2819
-2376
-2162
-1903
-1513
-748
148
968
1464
1614
1647
1891
2352
2737
2860
2609
2245
2020
2044
2195
2328
2233
1872
1530
1379
1525
1730
1876
2118
2013
2156
2375
2723
3121
3464
3657
3886
3047
2633
2862
2719
3245
2801
2024
848
-205
-246
441
299
328
-817
-2060
-2038
-2470
-2079
-1896
-2671
-3172
-3579
-3619
-2803
-2659
-2411
-1977
-2412
-2121
-1833
-1520
-811
-824
-836
-743
-742
-428
-98
-118
-166
-509
-476
31
440
851
846
779
727
778
1161
1572
1604
1482
1442
1228
1278
1260
1133
859
218
-561
-1150
-1558
-1644
-1739
-2071
-2409
-2978
-3236
-3296
-3512
-3638
-3838
-3932
-3608
-3259
-2833
-2526
-2530
-2412
-2042
-1290
-449
135
497
671
772
1160
1783
2192
2241
1977
1729
1711
2034
2295
2353
2187
1742
1465
1443
1513
1623
1541
1450
1360
1338
1559
1797
2047
2224
2558
2888
3486
3197
3009
3031
2693
2884
2633
2291
1485
669
341
584
343
159
-628
-1471
-1449
-1735
-1477
-1405
-1810
-2054
-2225
-2353
-2052
-2246
-2339
-2161
-2540
-2520
-2536
-2383
-1904
-1773
-1618
-1431
-1508
-1218
-805
-571
-246
-271
-140
237
438
651
631
578
718
912
1155
1404
1245
1126
1141
1180
1400
1477
1467
1169
640
24
-421
-688
-867
-1131
-1743
-2463
-3319
-3677
-3695
-3613
-3623
-3800
-4014
-3938
-3569
-3076
-2578
-2402
-2108
-1725
-1101
-453
-41
223
467
794
1190
1600
1720
1677
1607
1608
1844
2176
2305
2118
1825
1531
1437
1576
1805
2055
2060
1945
1666
1465
1418
1538
1886
2224
2602
2980
3410
3770
3312
3083
2900
2940
3153
3124
2784
1934
1121
700
705
392
170
-925
-1795
-2090
-2247
-1775
-1707
-2008
-2148
-2440
-2439
-1979
-2008
-1794
-1941
-2478
-2478
-2499
-2191
-1967
-2223
-2414
-2413
-2266
-1507
-841
-421
-287
-464
-215
338
964
1461
1609
1480
1223
1034
1257
1565
1672
1568
1311
1085
926
842
865
790
549
107
-356
-716
-1010
-1309
-1713
-2209
-2794
-3107
-3180
-3247
-3409
-3639
-3844
-3755
-3375
-3031
-2652
-2324
-1983
-1495
-936
-403
43
402
703
1005
1222
1508
1705
1830
1914
1911
2022
2031
1806
1678
1525
1569
1647
1801
1883
1820
1673
1532
1475
1530
1762
1905
2106
2224
2512
2717
3159
3474
2957
2748
2545
2646
3005
3043
2600
1701
919
923
1096
971
564
-781
-1619
-1864
-1805
-1498
-1714
-2328
-2803
-3168
-2846
-2175
-2113
-1873
-2099
-2440
-2335
-2246
-1697
-1362
-1520
-1768
-2035
-2149
-1649
-1235
-987
-949
-1014
-654
14
719
1126
1342
1368
1606
1775
2029
2148
1912
1661
1417
1268
1177
1148
979
664
238
-189
-610
-916
-1176
-1586
-1957
-2392
-2569
-2484
-2407
-2534
-2925
-3458
-3654
-3510
-3017
-2606
-2545
-2523
-2415
-2046
-1331
-589
-105
183
311
519
1040
1535
1888
1942
1882
1860
1868
1904
1975
1918
1730
1549
1330
1301
1313
1395
1427
1470
1594
1622
1679
1861
2036
2367
2679
3107
3315
3472
3002
2610
2550
2435
2776
2748
2593
1762
931
720
971
979
866
101
-787
-1072
-1258
-1094
-1206
-1935
-2518
-2954
-2970
-2431
-2393
-2503
-2642
-3092
-2848
-2271
-1652
-1151
-1391
-1588
-1580
-1539
-892
-430
-415
-604
-979
-825
-325
197
670
728
730
922
1300
1922
2308
2161
1821
1503
1515
1669
1668
1617
1039
331
-251
-627
-902
-1121
-1561
-2041
-2485
-2900
-2907
-2678
-2565
-2808
-3167
-3288
-3132
-2778
-2393
-2315
-2473
-2524
-2271
-1648
-1014
-583
-452
-299
72
583
1166
1654
1837
1855
1815
1926
2229
2246
2134
2004
1759
1618
1545
1462
1455
1239
1024
1092
1164
1593
1823
1999
2135
2334
2505
2896
3354
3502
2984
2613
2458
2366
2507
2318
1926
1089
420
434
711
721
485
-463
-1095
-1217
-1208
-832
-1142
-1813
-2440
-3085
-2930
-2597
-2751
-2803
-3184
-3407
-3085
-2740
-2060
-1758
-1798
-1598
-1391
-954
-328
-51
-22
-206
-410
-111
301
643
770
416
355
522
937
1466
1602
1442
1234
1254
1502
1689
1689
1448
911
429
-33
-272
-586
-992
-1516
-2165
-2674
-3043
-3073
-3051
-3143
-3344
-3449
-3310
-2953
-2562
-2361
-2182
-2026
-1854
-1436
-934
-482
-270
-123
87
399
838
1193
1423
1559
1503
1614
1896
2123
2246
2177
1937
1653
1424
1326
1303
1093
899
762
734
906
870
1021
1123
1316
1802
2198
2683
3114
3158
2668
2577
2535
2684
2769
2792
2368
1464
738
649
828
745
356
-622
-1253
-1471
-1227
-928
-1322
-2036
-2667
-2939
-2561
-2180
-2331
-2737
-3445
-3702
-3232
-2515
-1853
-1777
-2062
-2073
-1639
-870
-2
481
512
279
256
629
1041
1282
1095
759
503
594
944
1129
1019
791
652
752
1105
1306
1339
1099
712
425
152
83
-121
-670
-1260
-1875
-2394
-2634
-2667
-2712
-3042
-3479
-3655
-3583
-3078
-2614
-2315
-2104
-2048
-1689
-1084
-474
-41
204
343
529
880
1271
1576
1622
1481
1459
1613
1826
1973
2001
1896
1656
1532
1539
1476
1405
1106
877
758
719
812
822
767
794
970
1365
1888
2433
2852
3182
3207
3048
3109
3163
3389
3397
3165
2473
1632
1243
1186
1063
835
174
-775
-1320
-1586
-1314
-1277
-1768
-2340
-3096
-3281
-2817
-2362
-2321
-2853
-3563
-3588
-3184
-2374
-1753
-1852
-1981
-1886
-1321
-425
243
496
332
187
570
1075
1546
1506
1064
758
626
830
1057
1017
693
407
249
369
548
633
630
381
113
-36
-116
-198
-441
-792
-1291
-1894
-2272
-2575
-2732
-2816
-3064
-3229
-3288
-3095
-2801
-2552
-2250
-1952
-1633
-1030
-383
118
497
620
848
1093
1421
1714
1779
1691
1503
1458
1532
1654
1605
1541
1350
1154
1071
1024
1047
886
701
540
442
534
647
693
716
729
984
1455
1973
2555
2957
3247
3143
3014
3080
3206
3268
3280
3117
2473
1719
1233
1077
891
617
-30
-802
-1371
-1512
-1363
-1412
-1824
-2547
-3118
-3179
-2810
-2440
-2407
-2772
-3081
-3021
-2569
-1864
-1506
-1590
-1720
-1499
-836
-70
478
556
376
326
767
1355
1771
1705
1275
1067
1000
1145
1191
846
308
-165
-222
-84
62
1
-234
-456
-572
-558
-625
-742
-1036
-1365
-1513
-1632
-1771
-1913
-2103
-2264
-2495
-2599
-2429
-2216
-1991
-1793
-1688
-1494
-1211
-826
-341
148
453
610
710
939
1127
1308
1384
1269
1139
997
1010
1035
966
697
438
299
322
470
593
518
434
364
419
648
946
1090
1186
1264
1406
1760
2130
2481
2822
3120
3106
3031
2925
2900
2901
2955
2777
2292
1615
1158
956
763
631
97
-696
-1425
-1744
-1632
-1523
-1718
-2174
-2750
-2888
-2546
-2191
-1989
-2230
-2492
-2503
-2125
-1462
-1048
-1048
-1219
-1174
-802
-272
254
497
386
375
663
1117
1394
1452
1257
972
894
930
1009
770
255
-244
-447
-519
-492
-540
-779
-1001
-1171
-1174
-1081
-1109
-1214
-1299
-1411
-1357
-1290
-1271
-1278
-1504
-1753
-1866
-1657
-1421
-1260
-1152
-1114
-1047
-836
-487
-128
181
335
446
516
698
946
1165
1163
964
733
506
484
485
472
440
226
-29
-145
-2
313
558
604
614
653
791
1127
1483
1612
1598
1647
1855
2196
2656
2863
2862
2700
2433
2385
2436
2594
2580
2360
1898
1343
916
783
684
480
-27
-699
-1316
-1576
-1481
-1392
-1505
-1989
-2395
-2578
-2302
-1905
-1628
-1682
-1913
-2001
-1854
-1318
-811
-689
-788
-851
-727
-342
118
438
441
309
365
657
1109
1351
1248
997
624
448
470
441
247
-150
-587
-845
-926
-888
-968
-1162
-1376
-1499
-1389
-1198
-957
-902
-954
-1025
-1054
-990
-918
-830
-827
-806
-844
-886
-828
-725
-650
-652
-723
-746
-663
-469
-295
-132
-73
-88
-104
-1
187
254
172
-31
-189
-298
-265
-136
-82
-108
-257
-227
-6
245
504
649
759
843
1087
1412
1681
1769
1660
1599
1745
2070
2439
2542
2455
2240
2053
1976
1962
2004
1858
1700
1479
1165
778
472
241
131
-16
-332
-683
-1102
-1361
-1315
-1268
-1289
-1491
-1757
-1838
-1721
-1342
-1133
-1123
-1126
-1115
-994
-687
-388
-292
-342
-407
-229
56
329
530
448
321
272
413
602
566
454
265
109
36
-68
-163
-457
-758
-901
-973
-935
-924
-925
-929
-846
-803
-684
-608
-480
-471
-411
-342
-258
-149
-102
-36
-89
-162
-242
-253
-321
-411
-450
-495
-409
-361
-362
-347
-381
-349
-251
-197
-236
-256
-269
-167
-57
-29
-52
-107
-262
-222
-154
95
235
292
294
359
424
587
829
973
1185
1202
1116
995
1062
1125
1132
1065
947
895
889
1043
1125
1108
995
909
921
977
1083
1016
912
708
590
481
389
317
97
-197
-389
-489
-499
-477
-500
-545
-641
-688
-628
-569
-459
-454
-463
-514
-525
-389
-237
-67
-156
-321
-463
-510
-376
-210
-176
-356
-553
-633
-470
-334
-319
-488
-727
-874
-852
-732
-691
-709
-849
-843
-814
-614
-380
-312
-300
-306
-178
-21
221
385
398
303
150
91
135
115
88
21
-195
-378
-363
-397
-425
-610
-793
-986
-1100
-960
-904
-921
-1047
-1119
-1091
-944
-806
-692
-640
-583
-450
-262
-16
158
245
319
469
743
989
1206
1345
1370
1430
1431
1409
1377
1366
1243
1103
980
808
716
705
696
561
497
431
450
581
720
734
704
565
538
605
580
612
484
363
255
236
241
208
197
150
141
143
124
183
174
159
154
50
2
-27
-102
-188
-303
-443
-538
-672
-701
-707
-761
-765
-816
-821
-762
-710
-656
-630
-640
-656
-602
-524
-410
-366
-426
-471
-481
-348
-168
24
178
207
214
279
353
431
443
358
254
239
198
149
86
4
-159
-430
-565
-617
-623
-709
-783
-844
-1019
-1065
-1091
-1047
-982
-938
-913
-852
-725
-583
-525
-397
-204
-66
112
269
407
527
668
797
940
1055
1068
1136
1159
1196
1143
1034
936
808
723
594
525
409
314
292
291
272
273
289
299
259
267
292
353
413
438
447
390
426
369
397
446
464
505
516
515
498
548
625
656
622
563
486
487
384
274
126
-122
-223
-284
-385
-546
-688
-758
-782
-832
-843
-860
-763
-664
-553
-422
-340
-296
-308
-258
-113
30
61
49
96
141
216
259
349
332
238
267
299
357
354
311
153
71
-38
-133
-246
-363
-496
-537
-618
-716
-789
-938
-1008
-1022
-1011
-1033
-1008
-1063
-1055
-1082
-1008
-824
-632
-513
-438
-340
-138
62
230
358
356
378
456
570
692
798
679
659
556
506
580
557
492
382
293
177
182
196
140
89
22
-5
2
17
49
94
66
-17
-74
-35
-17
102
193
212
213
195
195
219
206
248
275
299
355
380
411
373
285
252
247
231
245
147
79
-29
-137
-191
-270
-287
-364
-437
-457
-454
-335
-240
-155
-64
34
124
206
270
360
376
481
612
632
623
596
579
493
497
501
487
425
317
190
80
7
-51
-89
-187
-287
-453
-620
-706
-711
-714
-716
-748
-795
-875
-983
-894
-788
-756
-730
-812
-762
-617
-480
-327
-201
-156
-106
34
162
301
351
292
239
235
318
380
374
295
182
60
85
138
159
179
70
15
10
80
181
231
271
246
207
185
220
283
266
277
230
199
240
249
235
193
194
202
214
234
266
222
207
214
219
210
128
81
12
36
42
59
50
15
5
-2
-61
-102
-143
-251
-347
-328
-306
-213
-194
-201
-136
5
146
329
482
487
575
618
686
792
907
924
865
772
653
558
515
448
340
227
52
-56
-85
-145
-243
-397
-508
-531
-487
-538
-629
-681
-742
-669
-609
-504
-464
-486
-481
-438
-324
-256
-181
-169
-163
-112
-25
56
102
135
66
77
158
220
236
195
159
81
45
106
100
105
49
-83
-167
-156
-38
65
113
83
51
25
103
206
283
374
366
334
304
251
236
300
307
231
111
13
52
38
73
139
69
-48
-111
-118
-50
2
45
-19
-70
-110
-65
23
-29
-92
-182
-216
-232
-234
-273
-319
-387
-480
-432
-317
-254
-180
-97
-24
50
155
285
441
466
534
579
643
709
717
718
609
521
381
282
202
79
-4
-82
-156
-230
-322
-379
-478
-563
-634
-650
-677
-668
-612
-553
-547
-515
-456
-450
-366
-253
-170
-111
-33
-32
6
38
86
93
37
11
50
30
0
-41
-12
-49
-112
-99
-104
-131
-189
-198
-237
-194
-176
-165
-192
-189
-160
-114
-96
-51
10
76
147
225
282
300
305
340
334
364
411
356
352
366
370
337
211
88
-1
-63
-45
-32
-24
-44
-84
-91
-61
-27
-43
-36
3
-21
-5
-84
-119
-182
-216
-198
-204
-252
-270
-241
-124
-42
31
115
117
160
227
343
467
561
606
575
631
641
624
549
462
370
224
125
87
72
-30
-184
-326
-349
-364
-307
-312
-321
-389
-437
-463
-401
-395
-399
-397
-451
-333
-181
-76
-33
2
-33
22
111
160
229
229
217
159
126
121
78
53
-32
-119
-153
-156
-154
-169
-207
-211
-212
-162
-141
-122
-81
-125
-120
-34
63
128
105
115
103
188
287
369
394
391
442
487
526
512
506
454
396
365
332
316
231
164
90
-10
-124
-216
-244
-262
-183
-163
-164
-112
-69
-48
15
70
51
44
16
-32
-66
-41
-56
-103
-152
-180
-206
-151
-74
-60
-10
31
81
131
240
256
228
166
125
70
132
103
12
-51
-163
-250
-300
-274
-252
-288
-352
-395
-427
-371
-321
-327
-354
-428
-462
-427
-344
-264
-204
-216
-268
-216
-194
-176
-81
-27
-20
13
19
81
165
176
141
29
-94
-135
-125
-151
-202
-266
-354
-366
-348
-323
-286
-363
-269
-274
-185
-84
-56
-41
-62
-59
1
113
151
226
196
258
289
342
370
427
455
411
374
379
419
477
464
368
317
173
62
-1
-59
-77
-112
-240
-295
-277
-150
-69
-56
-46
-104
-60
72
212
285
315
195
164
124
112
133
60
58
-12
-29
58
151
123
49
78
87
154
222
283
222
99
33
19
28
21
17
-115
-218
-200
-206
-180
-146
-166
-246
-255
-272
-257
-234
-247
-216
-287
-266
-249
-192
-134
-136
-134
-139
-108
-38
23
83
80
24
-6
33
150
174
126
13
-36
18
32
-2
-60
-219
-373
-391
-296
-249
-243
-288
-394
-398
-254
-74
-32
-38
-35
-72
38
172
263
349
332
302
311
361
422
452
431
355
286
247
298
280
197
167
55
40
29
25
-12
-56
-124
-198
-205
-182
-118
-118
-112
-63
1
115
166
238
218
208
236
229
269
242
265
208
143
116
90
50
44
51
62
73
80
110
139
165
162
146
144
130
79
11
-37
-60
-93
-142
-196
-284
-301
-327
-264
-321
-288
-262
-286
-240
-222
-210
-176
-140
-132
-88
-79
-17
-6
28
9
11
1
-1
-11
-65
-51
-9
33
-10
-22
-48
25
30
-60
-149
-207
-256
-215
-211
-264
-329
-349
-357
-341
-200
-126
-96
-59
18
105
164
224
239
261
288
308
373
397
381
307
246
247
176
140
95
20
-5
-62
-69
-48
10
9
-108
-190
-201
-220
-164
-126
-173
-252
-272
-198
-197
-139
-116
-130
-118
-76
0
68
64
50
128
113
131
133
82
43
-17
-18
-34
-21
-19
-70
-65
-101
-65
17
77
49
20
-23
-78
-108
-173
-206
-204
-271
-252
-307
-346
-307
-342
-312
-256
-226
-193
-142
-40
1
121
166
111
127
137
151
153
136
75
20
-8
-52
-69
-127
-124
-147
-142
-106
-72
-92
-90
-73
-105
-91
-130
-97
-142
-140
-126
-151
-119
-85
11
76
73
105
80
89
225
277
276
294
264
287
322
325
268
214
155
143
144
199
189
130
98
13
3
78
77
65
35
16
10
3
56
-6
-42
-111
-157
-143
-91
-84
-88
-74
-51
3
32
138
172
207
249
241
285
244
193
144
101
74
47
33
-55
-2
-14
36
35
-16
4
-26
-35
-29
-27
-46
-80
-165
-235
-290
-325
-341
-408
-369
-364
-306
-214
-154
-89
-65
-23
9
-15
6
100
132
120
39
-67
-138
-203
-279
-374
-443
-485
-497
-447
-342
-308
-287
-264
-206
-167
-102
-41
-32
-15
-21
14
73
105
52
93
86
74
132
134
201
227
218
258
264
261
273
270
273
244
184
166
125
125
115
115
97
57
30
41
34
20
1
-12
-45
-46
-42
-56
-23
-69
-124
-166
-170
-162
-204
-240
-224
-226
-161
-101
-60
17
51
72
65
75
125
106
93
51
15
24
-42
-89
-119
-131
-226
-199
-191
-176
-99
-64
-47
-79
-59
-33
-67
-100
-129
-233
-263
-206
-186
-158
-165
-229
-207
-161
-93
41
77
84
78
113
123
146
91
-5
-104
-183
-255
-312
-323
-383
-433
-461
-449
-431
-367
-336
-286
-193
-120
-55
15
76
119
120
115
166
143
155
160
149
153
147
131
162
230
252
265
226
243
240
266
326
309
259
230
241
221
237
232
224
161
126
109
113
187
140
105
31
53
24
10
39
18
-16
-68
-70
-68
-165
-167
-116
-94
-43
-59
-100
-65
-41
24
94
131
220
218
223
197
164
131
117
93
7
-53
-67
-80
-88
-76
-65
-85
-135
-107
-68
14
32
31
15
1
-30
-60
-25
-25
-90
-151
-142
-186
-88
-89
-143
-163
-172
-126
-77
-136
-174
-169
-221
-252
-284
-376
-410
-444
-480
-515
-530
-483
-470
-381
-320
-254
-184
-136
-52
9
46
78
96
118
108
103
92
78
132
152
160
163
102
55
51
84
105
86
91
108
126
114
115
98
162
170
111
134
59
70
126
86
93
58
39
87
77
88
35
-18
-16
0
10
36
5
-14
-37
-103
-122
-67
-88
-57
-25
-20
-18
0
36
51
51
79
84
90
59
37
46
-3
-13
-48
-60
-137
-153
-137
-127
-73
-49
-43
-25
-2
14
7
-14
14
13
-40
-79
-171
-229
-267
-285
-342
-339
-346
-410
-368
-377
-361
-353
-378
-373
-333
-316
-280
-343
-409
-446
-454
-436
-398
-366
-425
-424
-294
-212
-154
-43
-6
17
24
97
218
238
280
274
170
205
237
226
202
150
113
52
102
116
137
123
122
124
150
181
174
167
122
140
130
124
90
89
119
150
108
61
40
76
99
118
139
145
152
142
120
80
44
47
36
78
69
25
-42
-104
-70
-5
56
28
33
32
39
61
103
169
183
159
141
94
82
155
169
123
75
22
16
52
87
110
96
123
141
139
97
114
112
102
47
-50
-116
-187
-192
-173
-205
-302
-357
-339
-315
-340
-298
-302
-355
-317
-299
-246
-242
-280
-294
-315
-255
-196
-198
-168
-185
-127
-89
-8
4
2
91
135
171
208
240
196
199
187
212
160
176
136
99
85
79
26
1
38
52
71
34
73
21
26
24
85
141
108
117
70
135
132
141
148
197
245
195
253
237
221
226
248
200
