1179
1198
1215
1231
1163
1099
1032
957
825
753
637
548
431
324
211
136
39
9
-52
-161
-228
-282
-313
-392
-445
-516
-560
-620
-695
-765
-847
-887
-939
-975
-986
-1009
-993
-1050
-1032
-1039
-1034
-1010
-989
-957
-1010
-974
-940
-904
-867
-831
-821
-770
-714
-633
-611
-517
-470
-446
-372
-340
-293
-230
-174
-107
-90
-75
7
14
59
91
122
172
123
103
111
159
146
123
121
81
106
157
148
158
170
185
179
216
187
174
150
120
155
122
147
144
152
140
147
108
96
122
134
170
142
156
171
175
226
238
219
206
216
230
254
301
321
383
450
439
477
546
579
619
621
701
703
782
835
911
936
1026
1072
1104
1126
1205
1275
1249
1294
1249
1187
1190
1153
1032
907
805
705
574
475
352
257
146
56
13
-75
-154
-206
-220
-289
-339
-420
-479
-530
-596
-667
-750
-786
-835
-888
-896
-948
-1010
-1000
-1016
-1001
-1021
-995
-1015
-1048
-1026
-1013
-989
-966
-960
-907
-870
-798
-783
-700
-658
-595
-498
-501
-450
-413
-336
-295
-270
-205
-190
-141
-128
-141
-96
-83
-55
-20
-10
11
31
80
79
36
63
71
105
106
104
102
104
165
148
157
168
117
111
132
118
143
98
89
152
117
71
47
96
89
94
147
178
151
205
200
165
162
177
152
172
202
251
284
298
369
385
473
526
568
607
662
683
709
788
844
945
1033
1090
1074
1167
1186
1232
1308
1277
1328
1285
1254
1179
1117
1012
873
783
632
549
451
312
170
112
35
-50
-140
-201
-262
-320
-334
-393
-429
-463
-594
-708
-746
-760
-841
-899
-962
-970
-993
-1021
-1031
-1054
-1046
-1050
-1083
-1084
-1095
-1044
-1005
-995
-951
-924
-841
-804
-768
-697
-677
-618
-519
-499
-406
-362
-326
-295
-339
-265
-192
-120
-84
-73
-9
19
41
73
176
199
201
202
198
262
251
252
235
288
294
283
298
290
301
283
251
212
208
180
179
205
196
168
143
163
150
153
169
109
112
143
99
76
83
60
100
75
52
97
107
129
173
193
195
181
266
251
297
363
373
456
426
489
520
543
614
612
687
753
841
906
909
1012
1056
1086
1118
1115
1151
1209
1244
1164
1128
1033
938
853
710
607
501
378
221
145
63
9
-23
-76
-104
-155
-191
-212
-253
-339
-406
-457
-552
-656
-676
-830
-860
-892
-924
-953
-994
-921
-998
-1040
-1012
-1017
-1006
-1070
-1040
-989
-1028
-985
-942
-915
-851
-790
-736
-692
-643
-568
-555
-547
-492
-465
-405
-370
-329
-320
-294
-198
-166
-103
-83
-8
50
80
80
109
104
147
172
156
144
157
197
224
247
239
249
252
288
285
297
310
287
266
248
214
211
195
230
234
267
284
248
252
273
290
286
233
266
347
281
331
333
338
378
379
389
414
469
485
480
517
588
615
595
634
667
717
764
852
910
926
962
971
1043
1062
1147
1139
1158
1163
1116
1104
1041
994
815
715
675
577
430
289
194
105
68
-4
-69
-129
-149
-214
-247
-274
-328
-338
-419
-451
-530
-602
-666
-705
-751
-761
-779
-793
-810
-825
-801
-841
-852
-845
-825
-810
-841
-832
-849
-822
-771
-719
-668
-627
-513
-494
-436
-378
-355
-278
-248
-189
-165
-213
-143
-92
-63
-81
-44
1
28
45
68
102
113
117
98
152
173
139
129
173
136
180
242
193
210
195
206
244
179
180
186
159
178
137
151
131
114
155
189
183
217
211
199
214
226
205
149
163
253
251
247
300
308
330
355
347
388
413
466
541
567
656
651
721
774
849
905
973
1032
1043
1099
1105
1160
1133
1199
1199
1140
1148
1110
1029
912
832
666
583
455
342
205
130
35
-55
-105
-188
-218
-303
-346
-384
-433
-451
-495
-572
-611
-705
-804
-835
-845
-938
-931
-888
-959
-959
-999
-957
-945
-935
-928
-915
-919
-998
-1015
-1024
-977
-990
-936
-880
-868
-789
-777
-698
-612
-609
-570
-537
-479
-419
-402
-332
-334
-283
-230
-186
-187
-135
-85
-34
15
20
65
95
116
78
100
80
67
68
39
30
27
90
98
128
125
140
140
97
208
155
100
60
-49
-23
-9
120
305
448
543
643
763
936
1078
1211
1356
1432
1551
1582
1681
1783
1849
1939
1993
2045
2074
2161
2234
2342
2438
2449
2473
2572
2608
2477
2109
1465
692
-230
-1227
-2005
-2781
-3463
-3923
-4262
-4241
-3872
-3249
-2358
-1504
-764
-48
449
900
1311
1528
1699
1724
1589
1550
1525
1589
1736
1844
1870
1751
1394
902
360
-267
-947
-1722
-2533
-3202
-3764
-4029
-3943
-3659
-3072
-2474
-1852
-1242
-705
-186
274
532
668
671
558
519
490
583
633
592
528
316
83
-209
-524
-848
-1259
-1650
-2024
-2183
-2247
-2103
-1770
-1384
-1000
-672
-359
-50
270
550
772
941
1016
1117
1145
1270
1376
1451
1444
1302
1153
878
669
474
317
160
146
128
363
664
1051
1687
2192
2814
3344
3762
4236
4647
4866
4971
4783
4498
4092
3234
2033
400
-1556
-3398
-5045
-6361
-7059
-7431
-7403
-6811
-5741
-4121
-2072
8
2021
3677
4680
5392
5613
5520
5292
4631
3683
2749
1610
599
-123
-776
-1284
-1807
-2487
-3114
-3897
-4529
-4833
-5149
-5189
-5022
-4682
-3904
-2829
-1398
297
1942
3383
4495
5186
5467
5437
4982
4148
3024
1562
-2
-1473
-2721
-3637
-4284
-4775
-5177
-5436
-5572
-5536
-5248
-4695
-4042
-3271
-2538
-1530
-448
721
1985
2985
3741
4108
4078
3726
3205
2384
1408
447
-663
-1661
-2479
-3103
-3284
-3289
-3057
-2652
-2369
-1929
-1464
-1058
-497
-50
333
665
913
1241
1599
1903
2215
2382
2389
2389
2372
2339
2464
2651
2781
2939
3060
3262
3433
3638
3800
3793
3859
3717
3435
3045
1872
325
-1739
-4127
-5995
-7610
-8620
-8651
-8402
-7486
-5747
-3855
-1142
1784
4217
6479
7678
7909
7748
6747
5524
4275
2428
785
-813
-2483
-3339
-3940
-4168
-3767
-3714
-3641
-3423
-3498
-3238
-2806
-2439
-1735
-1094
-494
454
1482
2696
4037
4979
5509
5523
4855
3848
2558
973
-699
-2474
-4259
-5733
-6844
-7280
-7007
-6225
-5123
-3923
-2714
-1562
-416
708
1719
2514
2906
3039
3020
2824
2609
2329
1915
1379
525
-486
-1437
-2298
-2932
-3307
-3596
-3575
-3400
-3028
-2259
-1279
-181
911
1679
2242
2528
2504
2509
2300
2010
1749
1348
1029
945
980
1255
1657
1958
2393
2816
3197
3635
3939
4252
4415
4195
3955
3534
2950
2418
1313
-262
-2135
-4377
-6262
-7487
-8158
-7859
-7108
-6006
-4093
-1951
662
3627
6067
7955
9031
8804
7986
6602
4624
2777
556
-1685
-3565
-5330
-6355
-6584
-6335
-5488
-4587
-3874
-3120
-2509
-1833
-1004
-219
569
1341
1979
2686
3415
4171
4980
5350
5122
4356
3009
1399
-381
-2183
-3869
-5386
-6659
-7519
-7742
-7316
-6143
-4566
-2776
-1079
409
1754
2814
3628
4159
4317
4053
3403
2490
1438
484
-383
-1192
-2045
-2841
-3534
-3949
-4020
-3783
-3284
-2578
-1731
-968
-137
720
1494
2222
2615
2646
2400
1876
1269
689
126
-293
-656
-956
-965
-758
-272
509
1374
2135
2742
3224
3675
4036
4315
4493
4577
4451
4109
3792
3406
3026
2228
682
-1450
-4134
-6851
-8721
-9945
-10238
-9363
-8084
-5916
-2983
220
3968
7482
10038
11641
11668
10382
8388
5643
2684
-213
-3169
-5589
-7546
-8742
-8741
-7959
-6607
-4880
-3454
-2205
-1107
-316
679
1565
2326
2995
3460
3809
4259
4656
4996
5068
4436
3199
1482
-614
-2702
-4549
-6133
-7370
-8176
-8430
-7943
-6656
-4679
-2255
103
2129
3637
4629
5074
5101
4750
4089
2954
1462
-1
-1339
-2323
-2915
-3324
-3462
-3474
-3406
-3074
-2517
-1707
-731
174
922
1477
1910
2218
2383
2344
2139
1567
846
97
-640
-1051
-1225
-1153
-795
-269
369
1233
2059
2899
3524
3928
4105
3979
3759
3553
3348
3210
3159
3036
2987
2908
2913
2893
2393
882
-1363
-4264
-7200
-9256
-10500
-10531
-9359
-7589
-4920
-1431
2277
6366
9948
12252
13189
12284
9992
6943
3363
-136
-3437
-6461
-8641
-9971
-10201
-9079
-7182
-4848
-2508
-756
587
1479
2120
2706
3163
3356
3467
3475
3395
3493
3596
3648
3283
2228
612
-1320
-3337
-5113
-6458
-7319
-7624
-7420
-6548
-5021
-2892
-379
2083
4026
5244
5645
5292
4427
3307
1952
412
-1151
-2585
-3734
-4315
-4321
-3901
-3282
-2669
-2036
-1519
-865
-223
503
1207
1585
1684
1693
1516
1295
1000
516
28
-628
-1173
-1548
-1639
-1227
-657
127
975
1831
2610
3319
3817
3952
3831
3402
2798
2088
1610
1394
1395
1755
2237
2797
3559
4224
4783
5049
4522
3089
442
-2906
-6346
-9178
-10799
-11146
-10242
-8327
-5471
-1839
2221
6299
9820
12087
12687
11559
8885
5479
1770
-1860
-5015
-7536
-9224
-9808
-9243
-7726
-5475
-3027
-781
798
1652
2162
2346
2373
2450
2468
2435
2425
2449
2567
2740
2766
2395
1369
-160
-2026
-3887
-5447
-6453
-6911
-6739
-5994
-4742
-2976
-886
1300
3250
4555
5082
4828
3876
2576
1102
-383
-1659
-2774
-3593
-4048
-4019
-3516
-2729
-1874
-1076
-480
-82
282
532
803
999
953
729
448
110
-123
-499
-840
-1054
-1363
-1521
-1578
-1393
-774
-111
667
1502
2323
2957
3246
3302
3113
2690
2099
1483
879
581
695
1067
1699
2643
3623
4682
5571
6075
6328
5992
4841
2989
-132
-3839
-7486
-10658
-12276
-12525
-11416
-8832
-5576
-1707
2579
6539
10029
12330
12836
11793
9261
5701
2047
-1468
-4478
-6661
-8118
-8589
-8178
-7034
-5148
-3095
-1307
88
835
1149
1276
1452
1834
2265
2750
3100
3282
3364
3338
2991
2236
874
-858
-2819
-4712
-6063
-6805
-6695
-5919
-4715
-3119
-1335
591
2427
3897
4696
4775
4111
2899
1457
-5
-1193
-2203
-3035
-3582
-3902
-3773
-3246
-2560
-1678
-858
-294
64
262
639
975
1198
1252
1001
605
115
-481
-988
-1211
-1353
-1382
-1190
-909
-325
558
1454
2295
2929
3272
3272
2915
2322
1769
1081
571
133
-65
188
787
1740
2989
4393
5589
6457
6737
6669
6289
5237
3687
1134
-2388
-6103
-9566
-11886
-12580
-11737
-9523
-6438
-2924
1100
5073
8666
11593
12947
12656
10757
7535
3869
208
-2977
-5445
-7319
-8491
-8821
-8354
-6966
-5089
-3184
-1548
-392
264
727
1273
1990
2859
3558
3978
4040
3858
3532
3040
2285
1030
-695
-2672
-4622
-6028
-6697
-6547
-5719
-4502
-3065
-1502
162
1780
3119
3951
4062
3466
2241
792
-566
-1691
-2485
-3024
-3391
-3541
-3273
-2648
-1755
-830
11
590
814
764
615
610
546
295
-202
-888
-1464
-1914
-2106
-2039
-1725
-1243
-769
-240
455
1191
1974
2687
2986
3037
2827
2284
1734
1103
549
289
-92
-105
314
893
2068
3466
4683
5904
6557
6646
6390
5658
4515
2624
-299
-3873
-7736
-11060
-12877
-13115
-11647
-8781
-5244
-1272
2885
6925
10514
12834
13535
12617
9960
6303
2361
-1363
-4309
-6519
-8080
-8794
-8684
-7812
-6112
-4069
-2134
-506
520
1081
1502
2092
2886
3668
4235
4520
4314
3836
3162
2273
1144
-381
-2266
-4220
-5827
-6733
-6650
-5824
-4388
-2675
-875
736
2166
3366
4153
4314
3679
2491
888
-739
-2054
-2936
-3387
-3491
-3438
-3149
-2558
-1765
-710
240
954
1382
1372
1234
962
788
522
101
-581
-1438
-2100
-2522
-2605
-2250
-1641
-920
-95
712
1430
2207
2847
3130
3117
2778
2270
1591
1026
601
331
241
344
653
1360
2354
3557
4782
5806
6551
6775
6381
5823
4880
3192
832
-2712
-6585
-10131
-12651
-13296
-12369
-10010
-6609
-2678
1493
5740
9587
12531
13896
13332
11174
7535
3422
-447
-3761
-6195
-7900
-8837
-8938
-8204
-6619
-4624
-2564
-839
345
1109
1604
2236
3063
3865
4470
4689
4573
4002
3114
2075
834
-722
-2571
-4441
-5998
-6792
-6598
-5596
-3989
-2084
-145
1465
2758
3680
4175
4131
3446
2131
545
-1081
-2420
-3180
-3435
-3268
-2886
-2452
-1863
-1009
-104
762
1375
1537
1551
1180
655
269
-168
-573
-1048
-1829
-2468
-2845
-2911
-2493
-1940
-1099
-173
644
1577
2313
2856
3348
3348
3067
2643
1916
1353
845
368
244
245
514
987
1878
2950
4117
5255
6012
6551
6402
5881
5403
4114
2151
-670
-4563
-8411
-11665
-13409
-13159
-11461
-8402
-4543
-446
3778
7827
11175
13303
13577
11958
8743
4643
508
-3033
-5713
-7508
-8537
-8731
-8233
-7046
-5157
-3222
-1401
-115
698
1122
1558
2291
3151
3955
4494
4521
4008
3179
1974
679
-860
-2610
-4321
-5919
-6868
-6764
-5842
-4173
-2130
-241
1469
2632
3399
3786
3727
3152
2053
641
-919
-2167
-3009
-3310
-3140
-2772
-2326
-1761
-1148
-363
536
1245
1779
1961
1745
1393
844
131
-502
-1434
-2275
-2979
-3552
-3554
-3129
-2308
-1184
-43
1107
2073
2769
3241
3371
3148
2704
2093
1500
957
560
391
300
404
716
1178
2109
3109
4192
5258
5789
6207
6059
5605
5189
3911
1875
-1222
-5245
-9123
-12013
-13189
-12444
-10141
-6796
-2845
1156
5187
8825
11617
13020
12557
10386
6764
2668
-1204
-4218
-6216
-7364
-7832
-7857
-7323
-6118
-4430
-2694
-1077
22
748
1404
2102
3211
4411
5261
5674
5201
4015
2398
513
-1414
-3225
-4995
-6545
-7501
-7621
-6725
-4928
-2618
-357
1451
2671
3227
3371
3166
2787
2190
1186
-37
-1332
-2325
-2826
-2973
-2795
-2419
-2178
-1818
-1218
-449
441
1258
1877
2008
1721
1253
521
-288
-1187
-2139
-3027
-3711
-3909
-3659
-2910
-1705
-456
707
1737
2455
2923
3160
3140
2868
2444
2057
1654
1445
1395
1327
1448
1465
1450
1641
2008
2631
3418
4176
4771
4972
4947
4893
4329
3257
1056
-2333
-6136
-9970
-12326
-12652
-11219
-8038
-4225
-266
3772
7208
10083
11993
12191
10870
7935
3819
-132
-3433
-5643
-6640
-6981
-6939
-6662
-6170
-5188
-3876
-2427
-1036
50
849
1785
3011
4450
5901
6807
6687
5560
3512
989
-1440
-3623
-5274
-6505
-7274
-7301
-6532
-4917
-2723
-507
1273
2307
2473
2240
1805
1410
1270
1006
654
-4
-808
-1461
-2027
-2305
-2421
-2471
-2421
-2154
-1614
-672
427
1378
1984
2065
1727
876
-33
-893
-1816
-2544
-3123
-3374
-3192
-2533
-1564
-498
457
1106
1546
1742
1888
2101
2203
2300
2232
2107
1994
1793
1754
1627
1476
1444
1367
1595
2297
3121
4248
5297
5738
6030
5741
5216
4099
1746
-1390
-5452
-9503
-12256
-13133
-11796
-8506
-4454
-276
3487
6563
8926
10327
10573
9571
7207
3826
345
-2538
-4325
-4980
-5054
-5046
-5228
-5643
-5858
-5594
-4686
-3204
-1391
368
2171
4002
5855
7462
8347
8144
6465
3718
444
-2682
-5185
-6612
-7108
-6995
-6381
-5463
-4189
-2577
-1004
235
912
1022
892
833
1134
1820
2620
3138
2836
1849
376
-1263
-2513
-3341
-3729
-3558
-3041
-2114
-769
601
1993
2772
2761
2005
686
-725
-1805
-2340
-2340
-2036
-1717
-1340
-1006
-595
-73
300
480
530
531
645
1044
1763
2617
3311
3610
3460
2839
2120
1453
1065
1108
1447
2141
2873
3751
4625
5379
5674
5428
5055
3891
2006
-376
-3830
-7154
-9791
-11385
-10669
-8392
-5177
-1230
2090
4752
6861
7958
8503
8243
7032
5143
2725
304
-1445
-2656
-3485
-3920
-4730
-5832
-6827
-7502
-7172
-5747
-3577
-840
1940
4372
6529
7979
8576
8418
6970
4518
1515
-1636
-4000
-5388
-5856
-5590
-5117
-4666
-4252
-3906
-3408
-2625
-1846
-987
-280
387
1378
2297
3242
3810
3437
2364
545
-1590
-3279
-4243
-4268
-3621
-2697
-1504
-404
523
1316
1668
1539
938
63
-763
-1231
-1280
-976
-493
-313
-436
-814
-1265
-1435
-1301
-880
-308
340
1015
1648
2371
3111
3585
3646
3285
2555
1745
1224
1107
1518
2321
3226
4070
4596
4907
4896
4753
4257
3353
2204
16
-2795
-5732
-8529
-9939
-9752
-8056
-5074
-1677
1414
4055
5811
6963
7635
7512
6828
5529
3801
2014
414
-918
-1939
-2957
-4339
-5862
-7419
-8500
-8526
-7405
-5130
-2129
991
3938
6225
7664
8433
8184
7069
5237
2771
417
-1596
-3070
-3707
-3946
-4189
-4550
-5177
-5814
-6081
-5802
-4788
-3145
-1254
831
2638
3912
4772
4698
3882
2372
330
-1696
-3247
-3954
-3738
-2911
-1702
-632
80
423
406
270
253
49
-122
-210
-381
-277
-199
-29
10
-342
-805
-1358
-1896
-1865
-1370
-474
647
1661
2476
2826
3089
3222
3126
3213
2950
2534
2265
2068
2332
2932
3660
4208
4423
4301
3879
3455
3121
2466
1177
-967
-4053
-7393
-9705
-10396
-9202
-6409
-2965
171
2575
4204
5260
6081
6591
6816
6404
5422
4137
2751
1557
472
-867
-2690
-5029
-7545
-9477
-10158
-9318
-6977
-3756
-486
2286
4428
5826
6678
6962
6677
5874
4501
3041
1600
531
-197
-988
-2145
-3904
-5879
-7674
-8661
-8427
-6896
-4495
-1931
445
2205
3407
4162
4393
4069
3095
1612
11
-1505
-2315
-2516
-2408
-2197
-2066
-2043
-1923
-1521
-824
146
1108
1680
1616
1259
775
103
-303
-610
-1089
-1348
-1647
-1846
-1597
-1126
-403
379
1021
1738
2314
2920
3518
3867
4004
3749
3180
2586
2211
2204
2372
2725
2822
2766
2571
2475
2553
2596
2272
892
-1402
-4389
-7082
-8607
-8403
-6709
-4105
-1671
-103
825
1172
1658
2561
3671
4808
5565
5869
5705
5201
4333
2905
663
-2310
-5457
-8163
-9648
-9544
-8012
-5676
-3300
-1471
-150
854
1770
2985
4260
5397
6153
6422
6267
5655
4679
3262
1205
-1338
-3895
-6160
-7578
-7825
-7192
-5960
-4479
-3286
-2171
-1151
-58
1266
2448
3394
3865
3706
3065
2155
1074
9
-1021
-1888
-2509
-2779
-2579
-2028
-1353
-767
-282
-164
40
427
733
1420
1874
1851
1554
819
-78
-916
-1446
-1508
-1248
-543
417
1343
2380
3123
3465
3573
3453
3346
3346
3582
3873
4071
3906
3377
2660
1706
1191
904
463
-222
-1763
-3991
-6043
-7491
-7264
-5431
-3053
-651
797
1088
878
551
625
1505
2598
3533
4133
4237
4135
3805
3004
1871
153
-2079
-4109
-5567
-6098
-5621
-4834
-4068
-3551
-3451
-3237
-2568
-1260
578
2564
4147
5172
5411
5149
4591
3812
2926
1715
526
-803
-2031
-2977
-3812
-4495
-5152
-5568
-5703
-5287
-4194
-2626
-945
530
1546
1951
1987
1853
1810
1788
1739
1682
1325
767
112
-748
-1522
-2200
-2632
-2668
-2421
-1540
-604
255
1170
1613
1779
1826
1709
1703
1792
1684
1613
1452
1304
1390
1338
1524
1769
1970
2432
2940
3646
4222
4724
4926
4533
4200
3418
2678
2429
1705
684
-1139
-3855
-6441
-8672
-9128
-7831
-5610
-2936
-971
-40
197
486
1058
2317
3985
5240
5917
5596
4586
3276
1598
126
-1358
-2882
-4028
-4815
-5076
-4865
-4476
-4251
-4205
-4372
-4208
-3334
-1967
-10
1811
2940
3502
3290
2698
2307
2037
2117
2111
1793
1294
368
-700
-1633
-2617
-3333
-3878
-4144
-3957
-3469
-2795
-2069
-1550
-1321
-1238
-1286
-921
-264
655
1593
2134
2302
2000
1430
912
473
120
-44
-214
-526
-779
-1191
-1583
-1691
-1704
-1438
-1098
-516
177
854
1513
2062
2679
3338
3938
4390
4731
4729
4526
4157
3673
3205
2955
2638
2195
1903
1661
1539
1622
1905
1803
1160
-364
-2590
-4779
-6252
-6351
-5226
-3633
-2217
-1816
-2258
-2758
-2886
-1984
-29
2262
4312
5553
5761
5325
4471
3437
2470
1519
610
-301
-1308
-2451
-3715
-5159
-6552
-7457
-7637
-6867
-5341
-3549
-1903
-836
-309
131
573
1367
2507
3534
4226
4347
3785
3005
1916
812
-174
-1223
-2057
-2665
-3161
-3642
-3878
-4096
-4246
-4017
-3335
-2468
-1523
-540
-5
173
282
419
688
1249
1698
1896
1813
1510
1119
701
534
348
116
-131
-417
-681
-802
-812
-845
-816
-661
-342
252
1247
2212
2970
3519
3799
4140
4679
5514
6403
7039
7110
6483
5399
3997
2747
2038
1597
918
-267
-2534
-5070
-7253
-8426
-7672
-6119
-4431
-3189
-3064
-3446
-3384
-2543
-705
1595
3448
4587
4718
4246
3812
3442
3333
3330
2908
2301
1640
711
-269
-1444
-2889
-4221
-5449
-6132
-6019
-5696
-5239
-4850
-4830
-4542
-3765
-2542
-679
1089
2424
3186
3314
3334
3472
3549
3717
3569
2785
1697
283
-975
-1898
-2663
-3199
-3608
-4036
-4350
-4511
-4493
-4261
-3859
-3170
-2304
-1359
-232
694
1495
1965
2145
2333
2321
2424
2525
2519
2145
1597
939
145
-364
-634
-848
-756
-703
-629
-477
-244
245
667
1245
1710
2242
3030
3802
4616
5333
5743
5852
5683
5472
5310
5364
5503
5000
3801
1346
-1607
-4099
-5720
-5431
-4465
-3715
-3854
-5281
-6994
-7898
-7214
-4941
-1919
531
1915
2216
1963
2241
3086
4188
5350
5699
5228
4118
2581
1295
64
-974
-1704
-2375
-2909
-3446
-4117
-5010
-5877
-6502
-6407
-5652
-4580
-3287
-2518
-2065
-1733
-1308
-307
1171
2653
3723
4077
3711
2880
2003
1381
958
641
227
-376
-1489
-2506
-3326
-3890
-3921
-3628
-3276
-3084
-3033
-3239
-3220
-2884
-2070
-836
250
1304
1881
2091
2283
2457
2779
3145
3227
3076
2610
2136
1656
1372
1377
1156
1044
887
760
801
944
1402
1790
2289
2780
2926
3363
3600
3800
4236
4260
4509
4467
3764
2514
565
-1077
-2308
-2516
-1932
-1583
-1596
-2631
-3964
-4811
-4668
-3428
-1941
-845
-694
-1149
-1524
-1377
-368
945
2160
2793
2618
2189
1660
1513
1724
1918
2060
1667
836
-341
-1682
-2865
-3679
-4025
-4031
-3894
-4023
-4446
-4842
-5021
-4565
-3439
-2202
-1020
-175
73
175
477
992
1743
2398
2658
2518
1985
1379
677
-45
-615
-1350
-1960
-2373
-2679
-2839
-3024
-3027
-2941
-2732
-2323
-1875
-1416
-991
-596
-206
280
714
1015
1163
1183
1263
1526
1800
2164
2495
2615
2810
2889
3038
3245
3254
3455
3354
3379
3504
3349
3408
3197
3088
3159
3041
3190
3153
2485
1439
-163
-1639
-2432
-2553
-2024
-1708
-2188
-3383
-4584
-5110
-4374
-2841
-1353
-428
-554
-1155
-1220
-553
884
2420
3214
3378
2742
2006
1713
1725
1916
1800
1304
520
-488
-1444
-2074
-2352
-2346
-2189
-2136
-2305
-2677
-3395
-3982
-4138
-3983
-3617
-3331
-3193
-3258
-3049
-2424
-1533
-349
519
978
1176
1293
1686
2185
2677
2856
2434
1715
865
98
-308
-816
-1575
-2483
-3466
-4233
-4501
-4345
-3841
-3351
-2963
-2485
-1946
-1183
-317
516
1179
1672
2104
2487
2796
3013
3104
3066
2939
2685
2592
2552
2556
2768
3146
3467
3839
4088
4084
4066
4084
4115
4112
4239
4071
3261
1859
300
-1118
-1961
-2081
-2074
-2532
-3656
-5111
-6018
-5766
-4734
-3208
-2199
-2026
-2321
-2549
-1911
-422
1305
2660
3343
3347
3175
3031
3231
3700
3909
3820
3394
2542
1552
660
-155
-758
-1388
-2140
-2927
-3823
-4581
-5016
-5063
-4644
-4264
-4007
-3779
-3667
-3314
-2588
-1776
-964
-366
-190
-71
58
520
1059
1578
1903
1813
1447
1157
1065
1096
1249
1077
651
-78
-810
-1290
-1618
-1829
-2150
-2658
-3211
-3660
-3678
-3377
-2706
-1941
-1383
-932
-626
-71
766
1731
2739
3487
3903
4079
4059
4159
4542
4832
5007
5153
4893
4730
4797
4857
5070
5104
4773
3920
2501
865
-356
-983
-882
-825
-1318
-2715
-4443
-5697
-6059
-5377
-4423
-3849
-4036
-4556
-4676
-4106
-2748
-1188
-133
343
531
900
1716
2878
4171
5001
5143
4806
4180
3555
3216
3126
2943
2555
1700
493
-818
-1942
-2674
-3250
-3760
-4492
-5481
-6376
-6684
-6350
-5630
-4532
-3852
-3594
-3232
-2741
-1904
-583
639
1436
1915
2078
2245
2413
2886
3242
3254
2935
2094
1119
368
-76
-178
-322
-620
-946
-1487
-1792
-1766
-1770
-1622
-1676
-1956
-2150
-2219
-2091
-1610
-973
-227
434
1057
1645
2171
2877
3643
4256
4896
5347
5446
5674
5884
6243
6610
6744
6551
5724
4174
2712
1564
743
527
50
-1087
-2688
-4387
-5264
-5225
-4909
-4641
-5076
-6083
-6752
-6612
-5432
-3729
-2293
-1413
-1087
-938
-435
360
1369
2342
2703
2820
2736
2781
3063
3483
3910
4027
3641
2922
2017
1068
544
168
-184
-758
-1700
-2807
-3738
-4346
-4552
-4680
-4922
-5316
-5933
-6227
-5961
-5199
-4110
-2840
-1816
-1059
-337
343
1125
1943
2706
3083
3133
3088
2793
2671
2643
2487
2183
1561
744
-33
-615
-889
-1062
-1250
-1551
-1850
-1991
-1885
-1587
-1136
-590
-166
39
374
787
1046
1614
2124
2694
3392
3935
4530
4952
5392
5885
5984
5929
5537
4457
3329
2552
2188
2259
2208
1418
-192
-2163
-3621
-4087
-3924
-3681
-3899
-4726
-5359
-5404
-4824
-3747
-3009
-2788
-2991
-3192
-2877
-2059
-921
191
976
1371
1764
2156
2723
3380
3832
3849
3291
2467
1777
1338
1235
1243
1004
500
-362
-1295
-1927
-2219
-2346
-2427
-2742
-3260
-3720
-3930
-3793
-3412
-3023
-2779
-2774
-2758
-2551
-2215
-1709
-1198
-759
-290
186
717
1262
1825
2353
2491
2523
2467
2315
2102
1905
1490
981
516
26
-288
-365
-461
-722
-1044
-1423
-1468
-1186
-653
-43
547
1028
1344
1757
2236
2786
3128
3370
3599
3782
4294
4898
5251
5630
5638
4994
4119
3165
2380
1915
1615
1156
213
-1091
-2182
-2873
-3029
-3016
-3348
-4039
-4855
-5207
-4986
-4352
-3709
-3313
-3150
-2900
-2433
-1650
-703
119
654
855
958
1098
1329
1804
2076
2080
1874
1449
1120
942
1017
1198
1162
879
337
-322
-777
-1032
-1105
-1190
-1597
-2157
-2811
-3277
-3502
-3449
-3367
-3484
-3543
-3538
-3252
-2737
-2131
-1657
-1257
-800
-298
121
402
600
587
725
1074
1365
1772
1901
1696
1396
930
621
368
320
350
110
-181
-468
-697
-542
-274
-55
148
83
84
325
813
1534
2237
2696
2904
3172
3557
4065
4697
5068
5157
4955
4624
4357
3751
3186
2783
2258
2095
1868
1042
57
-1001
-1798
-1934
-2113
-2511
-3084
-4064
-4571
-4671
-4482
-3956
-3975
-4175
-4000
-3757
-2983
-2015
-1258
-639
-422
-194
380
1050
1922
2681
2936
2917
2402
1756
1553
1486
1541
1409
808
132
-552
-1019
-1039
-981
-1078
-1369
-1832
-2221
-2259
-2147
-1824
-1704
-2036
-2412
-2837
-3176
-3124
-2943
-2696
-2371
-2019
-1625
-1416
-1199
-856
-460
163
855
1266
1521
1564
1474
1430
1405
1381
1240
1015
740
470
253
122
-5
-53
-53
-62
22
204
367
710
1047
1320
1706
1899
2221
2589
3007
3541
3939
4325
4732
5168
5392
5502
5396
4745
3861
3061
2512
2212
1976
1303
174
-1132
-2015
-2143
-2037
-2041
-2411
-3298
-3939
-4078
-3905
-3415
-3319
-3497
-3601
-3681
-3254
-2653
-2198
-1781
-1708
-1577
-1051
-465
380
1145
1487
1675
1527
1442
1719
2006
2217
2265
1908
1552
1241
932
805
398
-179
-801
-1453
-1857
-2025
-2050
-2026
-2178
-2585
-3050
-3307
-3200
-2784
-2213
-1710
-1577
-1612
-1596
-1413
-1135
-864
-629
-604
-643
-476
-229
55
411
598
637
683
685
786
919
1013
1009
791
543
288
169
257
447
435
513
643
822
1013
1293
1522
1652
1846
2100
2321
2872
3298
3731
4278
4682
5166
5297
5515
4919
4179
3561
3029
2718
2340
1519
304
-830
-1739
-1864
-2012
-2338
-3003
-3948
-4439
-4360
-4001
-3452
-3217
-3335
-3345
-3392
-3072
-2551
-2129
-1778
-1670
-1718
-1403
-1044
-344
497
852
851
528
310
535
1058
1527
1768
1601
1471
1390
1451
1554
1383
1014
402
-236
-592
-799
-1015
-1229
-1720
-2273
-2576
-2704
-2687
-2619
-2708
-2708
-2755
-2488
-1972
-1590
-1221
-1095
-1039
-785
-358
33
304
297
198
22
-36
106
213
310
209
12
-35
87
354
591
725
755
665
629
770
976
1073
1206
1390
1570
1795
2052
2250
2438
2754
3012
3299
3666
4108
4559
4904
4963
4981
4364
3632
3323
2916
2789
2298
1436
313
-673
-1166
-1278
-1468
-1915
-2682
-3653
-3963
-3842
-3512
-3209
-3158
-3365
-3396
-3327
-3069
-2558
-2203
-1899
-1884
-1836
-1551
-1133
-562
-136
7
22
12
283
687
1029
1172
1024
819
854
925
1094
1146
949
660
312
182
103
32
-144
-538
-1060
-1447
-1627
-1569
-1457
-1570
-1754
-2056
-2168
-2036
-1787
-1586
-1639
-1809
-1927
-1858
-1542
-1053
-718
-584
-520
-400
-170
71
293
263
114
23
-94
-33
122
275
374
512
645
854
1037
1277
1567
1867
2273
2513
2809
3054
3465
3634
3960
4044
4152
4394
4606
5018
5018
5054
4533
3664
2971
2561
2273
1883
1292
291
-690
-1454
-1600
-1711
-2028
-2590
-3232
-3477
-3315
-2950
-2627
-2647
-2986
-3140
-3096
-2696
-2244
-2087
-2138
-2337
-2416
-2116
-1520
-926
-539
-591
-837
-946
-668
-12
589
829
747
572
594
983
1285
1330
1020
524
287
281
504
471
23
-541
-1055
-1304
-1147
-931
-852
-1145
-1632
-1964
-2070
-1812
-1448
-1347
-1619
-1930
-2244
-2166
-1809
-1513
-1434
-1613
-1722
-1562
-1108
-576
-204
-272
-433
-478
-172
250
632
853
691
585
744
1102
1511
1724
1849
1783
1857
2165
2576
2958
3274
3427
3554
3712
4125
4523
4878
5091
5142
5016
4736
4374
3334
2903
2247
1906
1255
424
-417
-1478
-1798
-1967
-2012
-2548
-3002
-3430
-3417
-3140
-2895
-2659
-2710
-2602
-2521
-2324
-2015
-1836
-1866
-1770
-1845
-1811
-1689
-1544
-1320
-1326
-1334
-1316
-1044
-666
-186
56
144
14
69
250
569
844
886
836
737
816
728
686
484
376
154
71
32
-209
-344
-655
-1014
-1297
-1553
-1680
-1671
-1713
-1879
-2096
-2326
-2262
-2149
-2032
-1994
-2160
-2083
-1884
-1530
-1188
-956
-823
-747
-572
-293
103
391
559
636
752
844
1063
1278
1540
1751
1818
1993
2192
2381
2540
2750
2908
3144
3421
3704
3925
4039
4169
4324
4617
4892
5053
4681
3775
3045
2509
2295
2062
1477
494
-681
-1431
-1541
-1479
-1546
-1913
-2553
-2891
-2889
-2607
-2359
-2476
-2694
-2912
-2889
-2454
-1979
-1617
-1536
-1740
-1991
-2068
-1737
-1188
-798
-800
-1017
-1175
-1051
-597
-120
99
158
42
193
589
996
1248
1246
1167
1032
1102
1063
1121
940
675
409
277
275
157
-27
-447
-883
-1195
-1316
-1364
-1481
-1848
-2422
-2948
-3133
-3018
-2720
-2544
-2621
-2702
-2678
-2405
-1869
-1430
-1210
-1216
-1120
-848
-471
-144
61
254
388
621
944
1249
1473
1543
1452
1548
1779
2066
2371
2554
2667
2848
3116
3516
3855
3922
3943
3849
3859
3980
4208
4330
4145
3372
2640
2132
1912
2002
1516
855
-305
-1067
-1199
-951
-933
-1313
-2080
-2891
-3050
-2934
-2503
-2298
-2518
-2845
-3182
-3196
-2894
-2620
-2304
-2259
-2473
-2469
-2183
-1641
-1209
-1002
-922
-807
-548
-111
290
488
487
432
790
1084
1371
1385
1213
1036
1036
1342
1543
1637
1303
995
583
313
288
190
-93
-632
-1191
-1655
-1724
-1693
-1696
-1875
-2349
-2831
-3059
-2942
-2756
-2717
-2978
-3115
-3067
-2685
-2125
-1722
-1494
-1463
-1355
-1091
-687
-221
126
247
348
495
854
1302
1644
1859
1806
1737
1825
2095
2317
2537
2630
2612
2607
2749
2834
2910
2907
3088
3301
3619
4018
4056
3954
3519
3139
2603
2547
2234
2047
1510
682
68
-549
-727
-891
-1125
-1631
-1961
-2294
-2283
-2254
-2381
-2548
-2964
-3158
-3196
-3100
-2868
-2769
-2855
-3030
-3002
-2648
-2174
-1812
-1692
-1610
-1512
-1154
-561
89
517
755
923
1207
1583
1955
2206
2071
1900
1662
1620
1638
1639
1508
1312
959
647
412
137
-127
-498
-893
-1398
-1712
-2012
-2097
-2245
-2425
-2634
-2730
-2666
-2626
-2531
-2589
-2636
-2670
-2482
-2240
-2085
-1984
-1931
-1776
-1487
-1105
-574
-210
107
338
511
920
1260
1544
1724
1819
2006
2185
2521
2703
2666
2552
2289
2332
2402
2550
2561
2600
2445
2365
2581
2987
3364
3594
3763
3920
3832
3490
3197
2932
2831
2517
2043
1216
307
-378
-620
-794
-1151
-1624
-2355
-2811
-2895
-2688
-2611
-2685
-3005
-3266
-3394
-3258
-3022
-2952
-2927
-2859
-2767
-2547
-2064
-1621
-1288
-1114
-932
-505
-28
472
948
1193
1411
1630
2068
2425
2604
2646
2477
2290
2179
2053
1984
1706
1300
883
340
53
-127
-257
-534
-903
-1410
-1817
-2160
-2347
-2413
-2580
-2802
-3081
-3083
-2961
-2826
-2752
-2845
-2920
-2825
-2662
-2333
-2068
-1865
-1690
-1477
-1083
-540
-45
371
653
917
1192
1503
1913
2111
2230
2235
2187
2197
2261
2327
2288
2206
2085
2052
2051
2069
1973
1946
1955
2047
2142
2454
2594
2773
3035
3309
3468
3111
2790
2464
2473
2463
2317
1687
791
-31
-448
-688
-1008
-1453
-2202
-2774
-3000
-2966
-2853
-2844
-3125
-3472
-3566
-3441
-3135
-2896
-2753
-2536
-2457
-2126
-1667
-1083
-615
-383
-224
-83
193
572
882
1079
1206
1230
1530
1839
2142
2176
1994
1857
1769
1733
1649
1384
1004
642
171
-33
-381
-673
-958
-1334
-1679
-2078
-2368
-2497
-2650
-2832
-3063
-3174
-3168
-3085
-2846
-2766
-2745
-2618
-2346
-2056
-1682
-1435
-1292
-1158
-953
-477
-44
323
527
645
790
1063
1402
1638
1784
1789
1829
1814
1839
1873
1923
1869
1762
1755
1700
1714
1712
1617
1543
1571
1602
1695
1824
1973
2225
2440
2740
3095
3199
3004
2663
2531
2453
2355
2199
1650
848
103
-174
-446
-710
-1234
-1822
-2340
-2643
-2648
-2546
-2595
-2834
-2975
-2984
-2714
-2376
-1986
-1789
-1632
-1529
-1314
-902
-497
-176
-117
-113
-81
8
327
660
791
841
889
1045
1309
1543
1489
1446
1298
1287
1284
1203
1057
567
228
-191
-377
-650
-890
-1223
-1631
-1925
-2109
-2134
-2151
-2166
-2283
-2336
-2449
-2324
-2208
-2084
-2029
-2026
-1917
-1663
-1400
-1182
-1091
-1127
-996
-768
-371
-50
88
188
264
481
785
984
1195
1250
1329
1333
1461
1703
1792
1757
1576
1445
1485
1565
1665
1696
1561
1368
1311
1437
1616
1780
1852
1893
1951
2142
2524
2886
2781
2374
2017
1782
1882
1889
1699
1046
220
-228
-212
-249
-379
-908
-1630
-2117
-2246
-1972
-1801
-1926
-2198
-2340
-2313
-1970
-1614
-1406
-1327
-1372
-1417
-1291
-976
-638
-556
-587
-652
-649
-338
12
235
331
174
269
500
879
1118
978
917
702
629
648
727
535
303
-122
-453
-692
-853
-922
-1184
-1481
-1738
-1968
-1977
-1818
-1654
-1549
-1705
-1797
-1779
-1678
-1512
-1401
-1369
-1314
-1252
-1063
-908
-902
-901
-871
-629
-320
-141
7
45
133
288
456
665
805
897
943
986
1022
1210
1304
1318
1286
1245
1388
1419
1520
1516
1323
1231
1120
1180
1260
1412
1544
1628
1908
2129
2435
2630
2427
2040
1938
1910
2151
2199
1993
1458
819
690
681
602
275
-331
-923
-1170
-1241
-1162
-1299
-1673
-2009
-2313
-2245
-2009
-1816
-1654
-1744
-1904
-1916
-1776
-1378
-1052
-1061
-1172
-1255
-1111
-644
-159
60
20
-147
-58
230
566
759
708
628
613
656
665
568
361
138
-87
-189
-223
-285
-418
-655
-827
-944
-932
-854
-820
-798
-907
-1110
-1301
-1340
-1331
-1332
-1493
-1696
-1732
-1656
-1520
-1507
-1588
-1577
-1447
-1108
-781
-603
-335
-207
5
164
244
368
547
727
851
920
994
1110
1204
1257
1278
1288
1229
1205
1187
1202
1241
1145
1076
1034
1051
1099
1322
1610
1936
2271
2632
2923
2733
2512
2401
2513
2693
2733
2462
1933
1327
1143
1120
842
357
-449
-1126
-1421
-1525
-1535
-1768
-2231
-2584
-2760
-2653
-2376
-2321
-2339
-2482
-2471
-2217
-1857
-1461
-1379
-1409
-1529
-1534
-1166
-647
-268
-117
-224
-352
-133
227
584
795
686
582
591
783
919
864
661
440
362
474
506
499
408
186
38
-131
-212
-181
-293
-477
-782
-1124
-1402
-1515
-1590
-1710
-2017
-2282
-2329
-2203
-2043
-2011
-1844
-1761
-1512
-1099
-779
-522
-317
-73
188
417
625
697
714
719
800
846
948
1128
1210
1223
1071
1033
1036
1036
1049
1064
994
973
1016
1107
1246
1249
1420
1613
1981
2404
2813
3134
3268
3040
2935
2960
3099
3250
2881
2366
1623
1147
1000
889
501
-126
-1102
-1719
-1943
-1912
-1793
-2158
-2512
-2862
-2943
-2754
-2415
-2328
-2363
-2536
-2451
-2166
-1859
-1469
-1424
-1527
-1562
-1322
-922
-500
-306
-243
-349
-315
27
397
795
871
791
742
865
1115
1304
1204
1071
916
911
1039
972
785
458
297
111
13
-213
-490
-865
-1273
-1572
-1791
-1892
-2058
-2141
-2390
-2594
-2670
-2505
-2192
-1859
-1663
-1577
-1438
-1215
-759
-475
-204
-103
49
138
257
422
567
548
564
588
612
737
813
972
1011
1092
1054
1135
1138
1272
1265
1215
1226
1180
1355
1432
1586
1645
1725
1967
2290
2587
2987
3265
3292
3054
2882
2746
2727
2680
2398
1896
1146
598
349
205
-145
-654
-1310
-1709
-1911
-1817
-1836
-2095
-2377
-2577
-2493
-2316
-2094
-2092
-2214
-2275
-2120
-1905
-1642
-1479
-1504
-1516
-1380
-1107
-727
-482
-330
-251
-186
126
510
885
1147
1064
1023
1084
1288
1500
1437
1177
870
743
776
789
646
411
25
-272
-489
-719
-928
-1235
-1568
-1799
-1967
-2049
-2067
-2032
-2039
-2096
-2122
-2004
-1732
-1557
-1377
-1255
-1082
-870
-634
-378
-230
-143
-134
9
151
273
376
485
520
547
596
672
824
945
1055
1062
1134
1173
1288
1379
1392
1339
1292
1309
1369
1382
1359
1383
1410
1564
1691
1856
2056
2231
2482
2676
2595
2255
1992
1823
1823
1851
1620
1178
530
78
-10
-10
-98
-458
-954
-1257
-1462
-1445
-1533
-1837
-2172
-2450
-2368
-2164
-2098
-2139
-2190
-2201
-1997
-1753
-1510
-1327
-1249
-1059
-832
-529
-243
-54
109
259
335
507
620
664
616
588
500
466
427
420
444
258
128
-135
-259
-270
-298
-411
-605
-803
-956
-1040
-1120
-1154
-1173
-1185
-1241
-1317
-1342
-1315
-1238
-1097
-1056
-996
-977
-932
-822
-613
-526
-494
-524
-495
-422
-419
-320
-234
-150
-139
-18
59
201
342
493
674
846
1012
1121
1303
1310
1298
1231
1237
1232
1285
1266
1115
1031
922
906
950
976
1026
1114
1178
1331
1494
1669
1848
1998
2049
1907
1869
1803
1875
1868
1844
1594
1145
783
616
560
399
78
-479
-891
-1184
-1167
-1114
-1285
-1593
-1843
-1898
-1764
-1574
-1457
-1467
-1515
-1396
-1155
-883
-643
-552
-586
-522
-420
-244
-140
-163
-250
-356
-331
-238
-119
-129
-246
-358
-370
-280
-187
-94
-80
-148
-242
-275
-168
-124
-135
-231
-270
-311
-250
-165
-203
-257
-361
-428
-406
-415
-471
-602
-736
-829
-864
-824
-859
-966
-1140
-1243
-1212
-1099
-850
-726
-649
-577
-545
-377
-81
160
328
522
604
645
763
852
865
874
825
753
696
635
515
480
437
413
454
536
647
697
725
738
789
884
933
987
983
1024
1176
1386
1644
1787
1890
1912
1870
1811
1778
1723
1668
1587
1282
1024
809
576
404
210
-186
-450
-669
-777
-796
-886
-1069
-1171
-1158
-1123
-1030
-1013
-986
-1048
-1099
-1052
-1024
-973
-952
-1046
-1110
-1143
-1113
-1081
-969
-896
-875
-767
-634
-476
-310
-206
-212
-190
-120
76
173
259
294
288
373
490
541
458
357
297
270
156
43
-118
-299
-392
-501
-667
-927
-1138
-1218
-1269
-1240
-1182
-1176
-1146
-1081
-1005
-886
-806
-720
-661
-575
-553
-508
-380
-313
-302
-323
-353
-383
-427
-423
-347
-296
-222
-93
24
203
358
564
771
853
873
1000
1043
1147
1135
1161
1090
914
821
751
781
831
868
880
877
894
1010
1178
1398
1479
1492
1429
1388
1380
1374
1316
1200
1038
878
774
586
418
330
270
218
89
-14
-119
-200
-275
-384
-588
-707
-773
-843
-924
-1061
-1160
-1256
-1202
-1071
-974
-946
-995
-967
-979
-889
-696
-595
-519
-457
-447
-419
-328
-256
-192
-227
-258
-280
-189
-95
-19
-6
-142
-193
-225
-254
-216
-239
-245
-282
-335
-307
-331
-348
-427
-520
-589
-636
-631
-727
-870
-1016
-1108
-1203
-1238
-1249
-1300
-1449
-1524
-1513
-1516
-1453
-1318
-1215
-1176
-1038
-847
-570
-265
-41
144
202
305
547
796
936
953
883
865
834
894
861
830
799
731
673
552
571
556
514
433
369
309
284
237
244
233
220
132
83
121
159
273
403
508
650
783
952
1168
1245
1352
1362
1339
1345
1219
1188
1091
993
874
658
495
327
188
109
-3
-83
-170
-247
-328
-384
-545
-605
-570
-661
-735
-858
-945
-1019
-1058
-1121
-1168
-1157
-1041
-1000
-926
-881
-812
-681
-568
-466
-347
-361
-254
-184
-121
-83
-78
-66
-114
-118
-210
-271
-334
-404
-455
-526
-694
-869
-981
-1008
-988
-1109
-1207
-1256
-1337
-1308
-1282
-1233
-1232
-1204
-1096
-975
-816
-672
-588
-554
-443
-374
-257
-93
-11
-13
-22
-46
-10
47
128
140
118
150
127
133
148
118
136
203
174
135
47
-10
-2
-42
-93
-122
-160
-188
-230
-207
-169
-165
-141
-69
-62
72
196
250
322
352
394
401
469
566
610
658
691
660
732
752
818
926
960
995
1032
986
948
907
853
755
722
598
402
299
140
61
-32
-130
-247
-293
-340
-417
-472
-544
-511
-474
-490
-480
-523
-584
-581
-535
-561
-545
-611
-621
-550
-492
-413
-428
-474
-512
-493
-495
-514
-521
-548
-593
-580
-569
-619
-603
-589
-642
-668
-704
-775
-815
-820
-761
-760
-723
-759
-813
-772
-716
-593
-516
-489
-551
-578
-566
-488
-352
-276
-260
-247
-200
-140
-95
-87
-49
-85
-56
-11
9
-22
-86
-64
-22
-18
-53
-90
-119
-151
-199
-150
-97
-104
-52
-108
-138
-101
-16
99
78
93
106
109
183
137
132
188
203
257
293
290
321
319
344
350
349
306
272
268
358
333
341
269
195
205
158
160
195
227
232
279
306
276
304
335
346
405
345
352
299
291
332
316
322
274
237
243
263
295
212
129
71
-21
-61
-76
-164
-215
-340
-418
-461
-530
-586
-669
-730
-793
-833
-836
-841
-800
-803
-815
-818
-816
-759
-755
-694
-664
-659
-671
-594
-551
-526
-515
-512
-493
-472
-382
-350
-257
-239
-265
-231
-156
-69
-21
3
5
41
82
92
143
119
112
54
58
67
114
163
186
191
94
100
48
99
95
140
194
208
211
204
186
146
142
104
27
-54
-126
-91
-68
-130
-119
-151
-202
-224
-198
-188
-208
-203
-163
-146
-134
-81
22
103
177
238
285
307
320
413
443
451
507
541
532
610
625
616
691
722
719
654
608
552
467
415
366
299
231
92
-11
-114
-187
-184
-245
-296
-348
-429
-447
-459
-456
-497
-546
-512
-508
-468
-493
-500
-536
-567
-546
-539
-494
-499
-506
-541
-540
-440
-430
-384
-399
-359
-264
-253
-181
-140
-119
-119
-76
7
3
49
1
-15
18
55
75
103
105
50
100
115
199
225
224
231
219
222
196
199
228
194
174
175
149
65
41
42
-40
-109
-164
-208
-175
-208
-286
-345
-375
-406
-428
-412
-454
-383
-378
-343
-287
-243
-159
-103
-26
60
128
179
222
294
377
478
567
613
608
568
571
589
633
660
630
535
529
408
313
261
161
62
-3
-35
-92
-224
-267
-318
-413
-429
-413
-417
-479
-454
-465
-443
-418
-371
-350
-365
-435
-439
-385
-347
-364
-438
-501
-472
-448
-462
-383
-395
-403
-386
-329
-261
-198
-214
-268
-248
-191
-116
-110
-72
-58
-61
-64
-84
-85
-86
-55
-3
51
43
26
17
56
92
65
154
185
160
181
156
156
120
49
30
2
-5
-49
-113
-147
-159
-175
-160
-160
-174
-211
-196
-198
-200
-155
-162
-120
-83
-61
-15
70
113
159
222
238
308
408
507
509
494
568
572
615
535
521
543
495
442
447
415
365
307
232
149
75
55
-13
-86
-132
-221
-258
-325
-349
-353
-401
-439
-438
-457
-403
-351
-365
-416
-412
-394
-334
-267
-337
-391
-336
-346
-347
-324
-363
-377
-372
-349
-339
-322
-291
-302
-265
-256
-268
-236
-147
-107
-150
-119
-121
-109
-34
32
22
3
9
93
103
186
144
117
95
118
243
205
172
147
87
71
67
28
9
-61
-91
-152
-191
-198
-221
-247
-274
-238
-166
-180
-204
-173
-131
-94
-74
-50
-26
17
63
106
128
162
201
241
280
256
245
316
376
406
386
389
388
336
294
271
260
236
176
173
156
142
164
55
-25
-37
-25
-33
-31
-62
-179
-238
-215
-184
-176
-206
-262
-283
-275
-258
-238
-157
-149
-181
-200
-217
-202
-198
-235
-253
-305
-342
-267
-265
-275
-277
-285
-254
-199
-206
-163
-158
-141
-135
-123
-86
-88
-50
-104
-158
-163
-157
-97
-34
-10
41
65
61
89
121
71
104
115
105
122
129
166
146
97
30
-12
-35
-4
-19
-46
-96
-149
-68
-46
18
68
1
1
34
90
66
45
50
82
101
14
4
10
12
1
-5
-19
-6
10
60
49
25
95
132
175
164
173
118
161
161
211
205
166
102
22
84
61
34
-6
-9
-77
-67
-48
-82
-117
-150
-203
-227
-226
-210
-204
-222
-238
-298
-343
-328
-272
-280
-212
-208
-242
-237
-229
-179
-153
-150
-128
-129
-163
-112
-79
12
35
29
30
-33
-20
39
-11
-26
-85
-87
-115
-177
-183
-249
-242
-218
-204
-231
-234
-238
-290
-319
-278
-237
-237
-177
-117
-119
-99
-109
-60
-9
11
58
105
123
161
165
147
209
256
308
317
315
283
228
273
243
193
165
154
139
93
40
6
-6
11
50
99
84
117
153
109
146
234
251
228
244
280
300
289
261
292
233
218
212
203
188
177
113
51
20
72
106
76
-14
-51
-42
-134
-160
-183
-211
-269
-322
-371
-350
-326
-343
-375
-382
-372
-339
-314
-339
-326
-295
-311
-250
-186
-123
-89
-98
-80
-49
13
36
13
-4
-17
-8
82
61
8
-25
-93
-134
-130
-135
-233
-160
-238
-314
-297
-245
-174
-129
-181
-215
-182
-149
-100
-73
-34
-38
-14
39
140
247
248
262
298
362
360
354
348
300
258
197
248
220
173
91
34
8
-33
-58
-58
-66
-88
-84
-77
-49
17
99
119
118
98
101
149
225
267
257
248
267
263
255
287
291
244
203
124
162
153
151
143
110
73
33
41
-37
-76
-61
-153
-196
-213
-238
-236
-282
-315
-349
-366
-433
-415
-398
-403
-350
-379
-402
-352
-311
-289
-257
-262
-181
-178
-180
-144
-160
-144
-102
-84
-53
-98
-139
-134
-129
-138
-131
-167
-209
-209
-260
-305
-323
-317
-282
-227
-252
-201
-200
-168
-161
-137
-60
-5
47
77
154
202
272
341
388
410
401
392
366
293
276
233
233
192
129
11
-77
-122
-160
-170
-190
-238
-277
-235
-172
-153
-131
-68
-43
5
63
116
179
238
263
266
273
288
325
392
373
388
383
397
389
394
385
388
416
347
322
318
329
296
247
203
185
155
27
8
98
70
37
12
-5
-21
-61
-52
-113
-103
-116
-197
-168
-207
-192
-169
-178
-144
-183
-226
-216
-201
-164
-152
-120
-127
-138
-168
-160
-146
-178
-183
-193
-250
-211
-219
-225
-220
-234
-234
-237
-181
-200
-231
-186
-148
-124
-76
-56
3
43
95
198
217
277
243
272
323
336
354
335
297
263
255
216
175
205
165
108
84
-2
11
83
28
-9
-11
-13
-6
64
132
130
162
136
165
245
258
319
321
304
321
327
379
378
348
316
279
262
309
293
300
347
322
311
290
299
317
303
296
315
232
210
199
179
134
97
106
51
57
22
-9
-44
-108
-132
-178
-183
-160
-257
-277
-242
-225
-229
-233
-261
-268
-191
-164
-199
-202
-156
-154
-172
-141
-174
-196
-134
-182
-186
-181
-193
-199
-199
-255
-286
-247
-247
-217
-227
-244
-209
-183
-195
-127
-101
-82
-5
-1
5
8
67
107
67
72
50
61
29
3
27
62
108
142
134
89
118
143
143
113
141
174
145
137
135
156
177
197
229
193
183
209
195
205
211
218
219
217
196
136
163
152
176
200
187
164
168
193
180
192
248
261
242
293
261
251
241
225
228
192
171
111
84
86
21
-12
-63
-52
-62
-83
-90
-102
-92
-118
-69
-114
-135
-118
-181
-171
-184
-197
-194
-171
-174
-173
-165
-153
-128
-144
-179
-236
-206
-255
-209
-169
-234
-254
-285
-254
-215
-242
-270
-227
-278
-313
-283
-239
-168
-101
-114
-107
-112
-111
-47
-75
-145
-205
-218
-193
-191
-155
-173
-161
-172
-117
-66
-69
-26
-15
33
63
159
139
142
211
156
180
222
193
203
185
222
228
270
269
297
338
333
345
328
336
313
365
341
283
301
311
288
252
222
186
190
189
135
132
116
87
88
106
78
76
7
-11
39
42
74
37
54
66
48
85
110
115
113
103
120
116
130
127
126
75
38
26
42
39
-27
-43
-90
-113
-98
-141
-167
-207
-280
-284
-326
-342
-325
-381
-411
-416
-437
-452
-452
-506
-503
-405
-368
-296
-325
-260
-158
-171
-155
-136
-125
-121
-127
-151
-166
-186
-174
-177
-164
-124
-135
-137
-133
-122
-99
-69
-68
-110
-72
1
32
53
22
70
52
3
35
34
84
90
110
155
172
222
253
255
236
221
279
280
312
319
296
321
294
268
268
235
229
237
183
170
142
81
29
75
75
37
15
14
77
48
27
82
100
112
85
115
125
147
155
112
133
120
143
128
114
91
70
54
60
61
37
22
-9
-35
-82
-125
-112
-160
-183
-232
-301
-301
-337
-393
-420
-411
-433
-436
-448
-444
-485
-476
-381
-398
-349
-354
-393
-385
-393
-369
-356
-354
-316
-290
-269
-263
-256
-227
-208
-210
-184
-179
-153
-143
-110
-153
-101
-66
-3
15
13
69
-33
65
109
92
81
75
76
77
86
102
133
95
72
69
80
110
138
168
190
224
229
271
247
192
237
265
277
273
297
254
219
185
170
187
110
131
125
110
71
80
106
93
85
111
123
148
168
173
134
153
154
143
137
106
160
133
140
123
92
142
159
178
143
173
200
133
96
121
55
70
37
-25
-88
-179
-205
-213
-235
-276
-265
-321
-353
-347
-367
-362
-356
-304
-326
-351
-347
-343
-314
-350
-320
-309
-307
-278
-261
-246
-260
-245
-217
-233
-226
-236
-208
-164
-207
-174
-185
-169
-139
-132
-113
-146
-159
-111
-128
-130
-81
-131
-116
-79
-90
-67
-92
-78
-84
-65
-36
-11
6
-11
14
42
65
111
113
150
178
146
183
157
198
217
124
161
225
223
212
211
193
177
202
233
189
204
184
210
195
181
188
194
197
179
160
166
158
148
172
130
114
122
166
159
157
157
171
194
176
155
125
103
86
84
85
87
17
-22
-24
-99
-110
-170
-158
-168
-164
-223
-235
-225
-237
-236
-242
-221
-255
-243
-202
-197
-207
-268
-234
-232
-206
-160
-198
-184
-211
-202
-174
-120
-105
-107
-103
-90
-74
-54
-16
-35
-55
-126
-90
-76
-119
-47
-81
-89
-118
-121
-119
-137
-125
-152
-182
-175
-170
-142
-112
-116
-97
-55
-22
-30
29
77
71
114
162
147
179
257
267
268
300
285
