-25
8
-1
13
17
-2
5
6
-12
-7
24
-26
13
25
-6
38
20
30
12
-27
10
-9
-13
-26
-15
-11
14
-10
-11
72
93
76
18
53
57
64
51
40
53
16
4
34
11
35
47
-3
-2
26
37
12
43
55
11
44
40
3
-6
24
60
30
31
27
38
14
44
82
43
47
34
40
37
39
57
38
58
79
39
49
24
57
99
64
100
123
104
92
85
128
94
121
106
65
123
85
49
52
46
38
40
49
27
48
61
32
-17
8
-36
-21
28
31
3
-25
-6
-39
-59
-22
-42
-28
-31
-66
-41
-33
-16
-32
-26
-61
-40
-56
-85
-76
-92
-77
-68
-52
-51
-76
-90
-62
-70
-42
-59
-121
-106
-139
-111
-106
-115
-92
-88
-71
-97
-86
-76
-80
-73
-104
-39
-58
-79
-114
-112
-225
-589
-587
-829
-917
-605
-362
38
395
800
870
768
645
358
-53
-374
-555
-650
-603
-409
-53
204
447
563
508
314
-9
-288
-486
-620
-647
-543
-372
-95
141
243
305
290
173
-20
-211
-398
-467
-498
-379
-242
-100
-62
64
-13
-147
-122
-113
-35
-10
92
185
180
193
171
67
-9
-95
-217
-278
-222
-170
-124
-44
13
25
13
-54
-102
-233
-245
-296
-319
-247
-237
-160
-112
20
77
78
62
-39
-157
-292
-469
-532
-473
-344
-30
260
642
825
966
962
731
540
233
-14
-240
-288
-311
-208
9
216
338
401
363
234
50
-173
-378
-495
-466
-415
-251
-73
93
186
277
247
197
88
-68
-177
-230
-210
-128
-40
104
228
349
408
369
259
84
-41
-155
-175
-196
-160
-40
102
155
251
277
256
216
117
73
-1
-59
-80
-78
-111
-50
-6
35
100
66
4
-69
-347
-551
-765
-969
-1053
-1078
-838
-495
-117
344
787
1125
1298
1285
1169
840
385
-3
-401
-629
-621
-515
-260
-11
249
446
454
382
217
-70
-304
-473
-518
-458
-338
-114
132
338
481
419
274
141
-90
-205
-254
-247
-90
38
194
363
416
447
336
136
-60
-221
-405
-476
-431
-378
-257
-117
38
187
207
210
177
43
-45
-116
-124
-165
-68
93
222
278
299
204
131
-11
-197
-275
-319
-299
-239
-117
-7
136
170
165
169
63
-101
-241
-266
-224
-122
69
289
413
529
623
540
393
165
-78
-305
-383
-382
-396
-225
-13
149
279
310
308
159
28
-180
-316
-466
-469
-414
-274
-35
124
268
318
300
155
36
-92
-233
-286
-337
-319
-210
-119
13
85
144
95
-12
-143
-213
-229
-224
-187
-116
29
81
67
36
24
-34
-104
-115
-156
-181
-162
-84
-50
-15
27
17
-29
-70
-175
-228
-238
-284
-174
-171
-63
41
87
126
162
106
18
-24
-28
-51
-105
-82
-87
-89
-114
-71
-26
29
-39
-49
-88
-145
-118
-119
-124
-148
-36
-3
-3
36
72
87
2
5
-19
-144
-216
-240
-201
-197
-135
-11
42
119
131
98
64
-48
-83
-172
-279
-279
-280
-200
-175
-76
120
183
217
222
180
62
-67
-178
-253
-331
-285
-145
-121
-33
11
57
49
-18
-60
-151
-262
-275
-271
-270
-250
-162
-122
-110
-75
-78
-43
-124
-13
22
89
257
356
523
596
571
543
442
217
88
-65
-232
-210
-133
-27
66
141
164
159
181
98
73
-48
-98
-118
-118
-37
36
140
224
233
260
215
123
30
-46
-94
-129
-62
-47
1
53
77
53
23
-59
-99
-115
-169
-203
-234
-197
-185
-94
-31
-2
-1
-42
-5
-63
-93
-131
-101
-87
-106
-49
-35
-108
-87
-110
-177
-216
-228
-291
-291
-277
-266
-232
-160
-96
-84
-28
-68
-66
-88
-89
-94
-109
-117
-106
-112
-61
-100
-84
3
27
24
19
-1
-96
-110
-160
-153
-122
-71
5
12
41
88
116
99
113
91
77
121
152
232
251
363
399
410
465
531
558
528
574
552
539
562
613
620
707
744
731
817
785
833
812
714
685
663
644
577
547
557
466
322
229
56
-73
-181
-381
-489
-644
-780
-846
-991
-1066
-1107
-1119
-1105
-1069
-958
-882
-832
-722
-702
-650
-589
-601
-573
-599
-637
-717
-685
-716
-789
-841
-907
-947
-1045
-1100
-1066
-1012
-1010
-896
-779
-661
-572
-526
-461
-417
-402
-372
-291
-305
-295
-242
-217
-180
-111
0
119
178
282
349
420
542
571
624
732
780
852
976
1058
1238
1382
1476
1659
1842
2060
2238
2386
2543
2669
2789
2973
3098
3213
3283
3218
3040
2731
2147
1263
37
-1585
-3174
-4544
-5551
-5835
-5520
-4605
-3262
-1946
-701
195
692
1036
1158
1297
1575
1809
2212
2586
2733
2796
2684
2291
1845
1132
362
-640
-1762
-2747
-3662
-4209
-4399
-4147
-3541
-2646
-1793
-1054
-553
-216
-30
121
411
710
1155
1623
2051
2344
2374
2230
1933
1413
770
48
-806
-1675
-2492
-3252
-3974
-4393
-4523
-4381
-3906
-3240
-2336
-1306
-399
448
1058
1519
1806
1773
1642
1368
969
654
135
-239
-555
-892
-1063
-1283
-1333
-1321
-1306
-1171
-1030
-870
-686
-533
-383
-277
-48
119
252
390
506
590
696
834
992
1234
1590
1998
2388
2879
3298
3630
3840
4062
4310
4546
4780
5011
5318
5619
5762
5220
3628
914
-2711
-6410
-9681
-11633
-11632
-10181
-7248
-3838
-815
1798
3215
3983
4353
4259
4510
4492
4332
4183
3605
3195
2860
2493
2321
1852
955
-560
-2856
-5178
-7353
-8842
-8993
-8015
-5931
-3292
-778
1419
2869
3587
3900
3891
3797
3658
3375
2942
2414
1728
1170
646
332
48
-508
-1473
-2680
-4031
-5231
-6014
-6228
-5583
-4423
-2868
-1402
-147
902
1583
2013
2230
2283
2177
1784
1183
489
-120
-543
-757
-798
-771
-874
-1136
-1523
-2009
-2259
-2214
-1773
-1125
-446
246
611
731
593
430
336
197
105
-4
-114
-88
106
513
1368
2237
3089
3726
3977
3936
3640
3427
3239
3372
4020
4640
5237
5726
5883
5839
4514
2231
-1164
-5425
-9051
-12205
-13271
-12217
-9799
-5502
-1468
2215
5306
6630
7636
7609
6858
6343
4830
3547
2258
685
99
-460
-568
-283
-869
-1739
-3452
-5793
-7616
-9103
-9212
-7819
-5606
-2393
802
3634
5871
7058
7527
7332
6550
5257
3539
1587
-194
-1697
-2724
-3048
-2990
-2570
-2275
-2580
-3371
-4491
-5587
-6045
-5827
-4914
-3302
-1461
334
1855
3049
3969
4336
4198
3588
2253
680
-1102
-2717
-3621
-3794
-3153
-2132
-1132
-325
-3
-136
-490
-898
-966
-804
-479
-86
328
645
940
1189
1394
1648
1668
1470
1137
755
480
481
792
1463
2363
3323
4004
4448
4694
4827
5049
5151
5320
5520
5732
5646
4382
2011
-1888
-6365
-10293
-13582
-14239
-12953
-10170
-5530
-1415
2745
6106
7817
9599
9940
9595
8900
6617
4586
2197
-228
-1371
-2473
-2700
-2529
-3112
-3779
-5290
-6999
-7968
-8535
-7759
-5873
-3492
-396
2351
4724
6674
7795
8396
8226
7236
5533
3142
403
-2251
-4322
-5505
-5811
-5396
-4483
-3530
-3020
-2830
-2824
-2713
-2257
-1615
-677
376
1209
1943
2324
2587
2802
2542
1972
836
-794
-2362
-3895
-4642
-4634
-3850
-2285
-880
482
1296
1515
1540
1167
748
291
-258
-764
-1358
-1818
-1943
-1924
-1496
-947
-427
106
292
441
678
999
1615
2170
2754
3198
3174
2925
2375
1808
1569
1410
1734
2214
3010
4255
5383
6628
7603
7990
7416
5016
1110
-3987
-9647
-14003
-16711
-16647
-13776
-9480
-3841
1356
5683
9118
10712
11472
11104
9497
7488
4427
1395
-1110
-3095
-3582
-3364
-2734
-2010
-2360
-3455
-5179
-7101
-8130
-8084
-6765
-4181
-1048
2391
5563
7970
9769
10613
10349
8895
6258
2713
-1152
-4773
-7485
-8786
-8663
-7354
-5464
-3609
-2061
-1131
-609
-177
128
726
1307
1835
2299
2417
2448
2407
2190
1875
1165
-129
-1865
-3871
-5617
-6671
-6560
-5356
-3261
-771
1303
2855
3492
3448
2861
1876
905
-174
-1218
-2184
-2906
-3268
-3053
-2352
-1274
-202
593
1121
1216
1166
1197
1391
1678
2090
2467
2744
2710
2451
2174
1863
1771
1917
2136
2773
3673
4780
6155
7185
7959
8068
6752
4113
-122
-5397
-10426
-14446
-16242
-15298
-12209
-7366
-1803
3170
7407
10295
11641
11940
10905
8915
6120
2690
-519
-3180
-4795
-4936
-4281
-3209
-2391
-2389
-3090
-4438
-5758
-6290
-5819
-4285
-1859
889
3725
6126
7891
9022
9176
8365
6522
3536
-54
-3817
-6946
-8872
-9410
-8562
-6717
-4421
-2203
-523
568
1173
1567
1925
2203
2325
2339
2175
1795
1427
945
523
-52
-939
-2151
-3703
-4859
-5529
-5449
-4392
-2566
-277
1869
3382
4165
4099
3380
2219
700
-773
-2104
-3204
-3897
-4126
-3647
-2610
-1237
139
1240
1965
2240
2160
1967
1768
1720
1751
1737
1693
1519
1398
1265
1268
1592
2164
2952
4004
5148
6227
7174
7585
7714
6789
4244
504
-4680
-10005
-14024
-16549
-16126
-13215
-8753
-2918
2264
6681
10116
11716
12449
11791
9748
7156
3456
-216
-3254
-5588
-6277
-5933
-4953
-3724
-3170
-3336
-3929
-4791
-4948
-4409
-3070
-832
1559
3918
5909
7344
8291
8495
7715
6067
3341
-45
-3611
-6972
-9241
-10000
-9329
-7380
-4908
-2201
312
2089
3274
3940
4141
4038
3491
2534
1482
399
-565
-1220
-1700
-1943
-2236
-2866
-3525
-4175
-4337
-3937
-3021
-1355
456
2088
3389
3852
3817
3124
1838
345
-1480
-2981
-4213
-5124
-5091
-4400
-2984
-1284
344
1806
2708
3221
3306
3060
2822
2510
2108
1686
1023
568
219
31
248
663
1443
2476
3577
4949
6349
7644
8600
8763
8317
6336
2724
-2017
-7824
-12719
-15924
-17120
-15290
-11592
-6440
-488
4400
8816
11895
13270
13624
12046
9374
5853
1554
-2059
-4920
-6579
-6523
-5871
-4639
-3569
-3369
-3527
-4009
-4395
-3934
-2933
-1328
765
2796
4861
6531
7779
8519
8302
6972
4605
1162
-2613
-6189
-8884
-10060
-9825
-8281
-5920
-3237
-454
2007
3708
4927
5496
5455
4751
3391
1750
203
-981
-1845
-2300
-2482
-2825
-3436
-4132
-5091
-5411
-5006
-4066
-2179
-20
2136
3894
4717
5037
4530
3233
1607
-727
-2911
-4744
-6255
-6617
-6204
-4804
-2633
-604
1394
2792
3619
3924
3657
3256
2704
2026
1370
743
217
-2
27
320
776
1476
2210
3135
4253
5493
7029
8350
9200
9299
8327
5836
1866
-3225
-8889
-13578
-16573
-17462
-15473
-11629
-6332
-349
4829
9478
12624
14097
14270
12315
9209
5265
764
-2915
-5710
-7146
-6971
-6200
-4980
-3888
-3478
-3274
-3433
-3525
-3059
-2264
-987
605
2297
4207
5877
7196
7927
7546
6096
3521
42
-3582
-6840
-8986
-9695
-9008
-7200
-4712
-1913
731
2975
4507
5412
5579
5010
3813
2126
409
-977
-1797
-2000
-1835
-1570
-1623
-2114
-3370
-4583
-5328
-5599
-4577
-2878
-684
1841
3734
5093
5616
5166
4284
2349
-33
-2463
-4972
-6630
-7433
-7013
-5441
-3351
-894
1261
2737
3659
3824
3536
3101
2434
1711
973
352
-43
-165
39
592
1182
1817
2367
2736
3248
4074
5149
6668
8072
9022
9544
8785
6547
2782
-2475
-8236
-13382
-17078
-18352
-16820
-13112
-7684
-1684
3933
9012
12521
14381
14661
13037
10049
5976
1394
-2633
-5669
-7173
-7081
-6177
-4739
-3468
-2867
-2694
-3031
-3355
-3269
-2936
-2142
-907
568
2504
4558
6457
7784
8105
7156
4933
1769
-1809
-5165
-7700
-8885
-8800
-7606
-5570
-3122
-546
1808
3615
4884
5371
4959
3812
2107
412
-862
-1566
-1646
-1303
-858
-744
-1286
-2283
-3454
-4507
-4833
-4577
-3524
-1723
30
1888
3487
4518
5076
4657
3341
1296
-1374
-3999
-6211
-7506
-7358
-6119
-4061
-1646
526
2439
3621
4098
4230
3849
3132
2090
789
-311
-1094
-1349
-1057
-423
460
1312
1927
2396
2920
3716
4935
6406
7917
9123
9671
9288
7661
4250
-380
-5929
-11615
-15668
-18141
-17837
-14910
-10495
-4471
1379
6721
11364
13991
15300
14784
12341
8977
4431
-69
-3532
-6074
-6854
-6522
-5809
-4590
-3936
-3697
-3606
-3848
-3685
-3199
-2546
-1313
137
2001
4165
6248
8010
8937
8651
7076
4255
692
-2916
-6128
-8267
-9147
-8922
-7679
-5608
-3130
-487
1935
3881
5080
5454
4935
3706
2127
655
-508
-1145
-1345
-1314
-1314
-1807
-2556
-3369
-4302
-4601
-4392
-3797
-2347
-805
736
2331
3453
4223
4184
3323
1827
-419
-2795
-4915
-6385
-6632
-5818
-4245
-2155
28
2027
3541
4423
4677
4375
3656
2427
876
-488
-1471
-2048
-2000
-1386
-524
466
1389
2252
3219
4287
5608
7026
8283
9383
9761
9262
7821
4871
721
-4416
-10042
-14518
-17444
-18064
-15855
-11949
-6471
-352
5067
10030
13444
15204
15683
13929
10909
6784
1903
-2216
-5575
-7463
-7705
-7369
-6463
-5484
-5081
-4647
-4380
-4018
-3133
-2163
-868
745
2355
4246
6057
7611
8683
8666
7467
5160
1820
-1880
-5304
-7966
-9307
-9539
-8655
-6805
-4438
-1816
711
2932
4718
5771
5857
5176
3763
2170
717
-592
-1231
-1604
-1879
-2111
-2720
-3480
-4235
-4931
-5006
-4484
-3476
-1572
256
2077
3754
4613
4999
4331
2821
903
-1662
-3940
-5740
-6789
-6588
-5447
-3399
-903
1507
3650
5044
5645
5442
4404
2999
1274
-434
-1665
-2481
-2675
-2301
-1569
-362
918
2240
3778
5109
6454
7830
8797
9541
9723
8942
7376
4088
-538
-5836
-11584
-15702
-18158
-18250
-15391
-11166
-5563
387
5663
10676
14186
16111
16601
14787
11546
7035
1762
-2685
-6198
-8154
-8539
-8382
-7585
-6776
-6308
-5676
-5015
-3963
-2522
-1145
433
2016
3621
5364
7098
8468
9252
8962
7362
4545
812
-3101
-6510
-8952
-10075
-9907
-8646
-6550
-3889
-1023
1748
4143
5927
6830
6581
5520
3829
1934
167
-1240
-2083
-2578
-2725
-3036
-3481
-3891
-4459
-4779
-4629
-4096
-2892
-1243
386
2160
3485
4315
4451
3555
2136
107
-2182
-4172
-5859
-6529
-6087
-4849
-2713
-349
1923
3904
5033
5423
4955
3742
2234
424
-1118
-2258
-2875
-2753
-2194
-1064
363
1848
3406
4903
6244
7527
8629
9352
9761
9480
8425
6332
2645
-2069
-7569
-13001
-16673
-18578
-17854
-14551
-10103
-4170
1710
7029
12011
15137
16910
16955
14636
11019
6083
705
-3654
-7120
-8980
-9332
-9086
-8084
-7154
-6419
-5339
-4281
-2955
-1426
-176
1278
2743
4075
5699
7175
8306
8765
7987
6054
3131
-463
-4019
-6979
-9021
-9852
-9635
-8395
-6237
-3525
-467
2558
5082
6879
7557
7066
5701
3736
1614
-265
-1716
-2703
-3332
-3701
-4158
-4466
-4860
-4890
-4246
-3644
-2263
-708
667
2249
3243
3907
4058
3306
2149
109
-2101
-4033
-5757
-6350
-5976
-4728
-2584
-334
1922
3868
5104
5738
5435
4522
3056
1060
-783
-2459
-3523
-3684
-3169
-1916
-338
1387
3282
5015
6630
8348
9690
10649
11111
10609
9298
6785
2593
-2422
-8239
-13800
-17300
-19304
-18494
-15031
-10396
-4142
1949
7431
12579
15684
17359
17305
14632
10975
5969
532
-3771
-7355
-9226
-9634
-9490
-8351
-7226
-6292
-4989
-3861
-2579
-1118
131
1472
2827
4127
5669
7093
8126
8521
7537
5486
2570
-1018
-4351
-7105
-8853
-9419
-9062
-7663
-5387
-2609
333
2987
5135
6558
6815
5958
4421
2468
580
-1078
-2243
-2895
-3415
-3703
-4169
-4656
-4546
-4179
-3359
-1975
-417
1175
2481
3426
3988
3897
3275
2099
147
-1975
-4082
-5923
-6807
-6801
-5596
-3519
-1224
1275
3472
5089
6137
6233
5681
4452
2622
610
-1593
-3293
-4235
-4426
-3699
-2376
-590
1512
3501
5527
7424
9136
10621
11398
11436
10666
8724
5200
370
-5396
-11401
-16125
-19140
-19745
-17476
-13447
-7712
-1339
4709
10501
14726
17395
18253
16539
13138
8326
2715
-2235
-6383
-9119
-10101
-10201
-9288
-7901
-6627
-4981
-3446
-2058
-653
334
1309
2340
3350
4778
6264
7569
8385
8025
6472
4049
727
-2794
-5934
-8325
-9522
-9653
-8710
-6686
-3895
-628
2500
5060
6815
7401
6739
5085
2873
548
-1516
-3094
-4030
-4400
-4310
-4252
-4073
-3932
-3868
-3503
-3067
-2111
-747
814
2402
3559
4422
4590
3834
2421
166
-2367
-4782
-6776
-7906
-7962
-6776
-4589
-1843
1116
3779
5860
7100
7302
6621
5142
3177
932
-1322
-2993
-4022
-4206
-3576
-2210
-312
1820
4092
6290
8394
10327
11651
12201
11689
9998
6762
1985
-3626
-9812
-14828
-18105
-19450
-17782
-14277
-9197
-2950
2979
8915
13704
16561
17993
16943
13861
9605
4129
-888
-5094
-8267
-9643
-10170
-9783
-8538
-7318
-5698
-3884
-2364
-760
402
1332
2301
3176
4431
5893
7169
8032
7842
6512
4332
1303
-1995
-5038
-7536
-9064
-9615
-9188
-7579
-4952
-1784
1562
4653
6861
8005
7791
6411
4259
1784
-565
-2578
-4027
-4896
-5389
-5533
-5473
-5170
-4489
-3429
-2070
-517
1150
2643
3898
4728
4939
4494
3444
1750
-462
-2997
-5402
-7314
-8330
-8236
-7035
-4925
-2263
562
3151
5209
6541
7017
6754
5716
3988
1961
-138
-2009
-3290
-3920
-3675
-2846
-1508
421
2428
4685
6924
8838
10615
11535
11613
10667
8161
4242
-1002
-6972
-12534
-16618
-18885
-18434
-15730
-11387
-5571
317
6164
11514
15250
17452
17571
15323
11538
6334
913
-3769
-7529
-9674
-10428
-10307
-9242
-7863
-6281
-4323
-2478
-662
829
1775
2584
3256
3887
4974
6038
6891
7174
6358
4691
2125
-952
-3911
-6485
-8260
-9083
-9128
-8118
-6042
-3195
142
3351
6054
7837
8298
7436
5615
3107
484
-1943
-3878
-5235
-6090
-6438
-6484
-6123
-5067
-3682
-1962
137
1970
3708
4939
5477
5578
4773
3409
1465
-1036
-3459
-5876
-7726
-8599
-8665
-7491
-5549
-3001
-64
2650
5010
6610
7314
7210
6241
4584
2564
362
-1526
-2892
-3795
-3991
-3447
-2349
-796
1288
3487
5881
8108
9759
11122
11588
11134
9488
5953
1195
-4556
-10733
-15279
-18200
-18724
-16291
-12562
-7106
-1061
4529
10080
14113
16574
17586
15892
12391
7561
1784
-3006
-6961
-9506
-10181
-9981
-8825
-7106
-5618
-3773
-1952
-534
832
1639
2242
2882
3425
4325
5410
6326
6953
6523
5112
2906
-60
-3160
-5906
-8158
-9294
-9605
-8849
-6816
-3958
-537
2859
5812
7749
8423
7866
6248
3794
1192
-1335
-3470
-4933
-5881
-6202
-6113
-5934
-5108
-3901
-2775
-1176
388
1930
3472
4492
5216
5228
4520
3190
962
-1485
-3966
-6354
-7940
-8750
-8455
-7056
-4965
-2186
832
3565
5933
7137
7494
6989
5440
3500
1268
-883
-2479
-3537
-3989
-3721
-2836
-1410
454
2603
4783
6786
8543
9686
10314
10499
9716
7974
4641
-1
-5327
-10883
-15026
-17408
-17494
-14942
-10939
-5659
-18
5291
10335
13998
16066
16568
14559
10896
5902
324
-4377
-7985
-10046
-10352
-9716
-8278
-6379
-4604
-2551
-686
704
1756
2251
2456
2656
2839
3557
4680
5677
6170
5802
4458
2307
-492
-3340
-5929
-7907
-8973
-9282
-8448
-6427
-3537
-120
3217
6057
7912
8462
7798
6068
3711
1202
-1195
-3239
-4683
-5437
-5720
-5797
-5332
-4863
-4328
-3210
-2358
-845
1012
2489
4321
5290
5677
5450
3924
2095
-426
-3213
-5539
-7747
-8929
-9005
-8133
-5938
-3080
97
3287
5672
7250
7717
7183
5938
4036
1867
-212
-2094
-3396
-4006
-3880
-2884
-1424
461
2550
4526
6432
8093
9310
10053
10258
9572
7678
4287
-357
-5729
-10886
-14708
-16902
-16703
-14253
-10441
-5365
-53
5170
10085
13552
15712
15864
13786
10204
5297
199
-4020
-7350
-9067
-9418
-9008
-7624
-6018
-4277
-2358
-835
460
1305
1559
1750
1875
2353
3378
4681
5845
6443
6136
4861
2755
66
-2769
-5377
-7423
-8735
-9284
-8678
-6777
-3877
-498
2888
5783
7698
8312
7658
6032
3772
1346
-1071
-3087
-4632
-5663
-6170
-6314
-6061
-5338
-4342
-3160
-1584
103
1737
3565
4850
5590
5729
4889
3424
1178
-1345
-3836
-6296
-7965
-8810
-8753
-7458
-5418
-2580
605
3427
5797
7276
7803
7404
6196
4474
2336
179
-1720
-3203
-3917
-3766
-2994
-1451
581
2804
5118
7275
9074
10331
10848
10538
8954
5733
1240
-4200
-9631
-13874
-16488
-16722
-14779
-11298
-6512
-1386
3759
8652
12342
14689
15241
13587
10408
6092
1440
-2562
-5825
-7736
-8408
-8391
-7555
-6360
-4968
-3241
-1690
-530
345
783
1059
1411
2009
3197
4735
6035
6797
6593
5474
3536
960
-1789
-4466
-6766
-8418
-9383
-9239
-7732
-5153
-1781
1681
4811
7046
8016
7790
6580
4574
2337
-136
-2539
-4493
-6113
-6975
-7359
-6859
-5569
-4097
-2098
-241
1437
3156
4392
5282
5579
5149
4189
2330
92
-2148
-4468
-6155
-7374
-7826
-7454
-6520
-4750
-2466
41
2607
4756
6270
7119
7073
6386
5092
3337
1566
-310
-1876
-2962
-3376
-3059
-2082
-437
1555
3783
6013
7995
9630
10478
10664
9484
6451
2299
-3137
-8655
-12957
-15972
-16456
-14789
-11851
-7208
-2271
2782
7932
11687
14307
15054
13513
10529
6321
1730
-2036
-5140
-7046
-7721
-7934
-7330
-6357
-5217
-3539
-2003
-808
33
304
544
878
1566
2915
4544
6004
6929
6900
5906
4229
1872
-756
-3356
-5747
-7672
-9035
-9333
-8382
-6303
-3252
118
3239
5717
7239
7519
6802
5412
3451
1104
-1448
-3669
-5639
-6971
-7460
-7139
-5930
-4263
-2310
-353
1422
3050
4300
4997
5216
4707
3541
1821
-358
-2461
-4371
-5818
-6719
-7027
-6582
-5637
-4152
-2150
49
2213
4137
5514
6329
6543
6018
5149
3830
2322
761
-799
-1876
-2390
-2248
-1249
219
2221
4301
6215
7991
9131
9791
9237
6776
3046
-2104
-7708
-12141
-15250
-15884
-14275
-11378
-6997
-2311
2494
7373
11007
13517
14427
12964
9969
5709
1151
-2403
-5220
-6765
-7159
-7033
-6361
-5543
-4680
-3352
-2092
-1095
-321
-116
51
425
1157
2504
4205
5772
6792
6841
6033
4529
2298
-223
-2739
-5106
-7029
-8399
-8796
-8001
-6204
-3599
-767
1833
3945
5275
5797
5630
4857
3532
1596
-585
-2716
-4708
-5847
-6090
-5757
-4543
-3138
-1739
-301
809
2046
2968
3461
3722
3298
2426
1210
-434
-1773
-2919
-3973
-4554
-5018
-4987
-4461
-3528
-2120
-493
1130
2485
3491
4044
4308
4284
4053
3627
2920
2126
1160
343
-86
13
616
1591
2960
4351
5745
6915
7657
8086
7539
5364
1938
-2822
-8025
-12110
-14872
-15325
-13407
-10298
-5786
-1039
3640
8448
11843
14041
14735
13075
9847
5264
311
-3510
-6529
-8103
-8395
-8156
-7081
-5823
-4466
-2738
-1183
-45
711
907
934
1186
1639
2796
4231
5468
6179
5968
5047
3595
1556
-705
-2921
-5045
-6627
-7717
-7852
-6809
-4913
-2537
-201
1754
3169
3865
3945
3671
3031
2181
967
-487
-1720
-2705
-3488
-3473
-3207
-2576
-1566
-1064
-326
267
806
1516
1775
2043
1888
1193
536
-510
-1387
-2022
-2783
-3143
-3432
-3503
-3083
-2456
-1350
-142
901
1917
2463
2838
3009
2774
2570
2340
1986
1641
1339
1282
1513
1933
2638
3597
4640
5618
6518
7062
7286
7055
5360
2387
-1706
-6787
-11221
-14571
-16049
-14900
-12188
-8026
-2921
2024
7201
11489
14261
15769
14898
12095
7886
2613
-2057
-5820
-8544
-9698
-9928
-9353
-8027
-6442
-4426
-2129
-328
997
1743
2024
2300
2682
3438
4683
5782
6343
6161
5073
3445
1410
-858
-3019
-5089
-6810
-7923
-8313
-7368
-5412
-2820
11
2315
3918
4557
4336
3550
2447
1263
-1
-1395
-2580
-3314
-3606
-3226
-2378
-1333
-125
689
1109
1374
1388
1519
1428
1229
927
254
-434
-1179
-1879
-2249
-2547
-2745
-2797
-2696
-2229
-1593
-670
386
1332
2021
2439
2615
2564
2295
1748
1174
586
87
-215
-43
517
1495
2690
3961
5369
6587
7649
8485
8665
8481
7499
5013
1180
-3687
-9047
-13587
-16615
-17552
-15825
-12510
-7773
-2291
3153
8674
13212
16074
17385
16295
13106
8455
2811
-2170
-6172
-9088
-10494
-10995
-10599
-9384
-7844
-5729
-3209
-946
907
2174
3017
3776
4470
5473
6707
7559
7713
6997
5225
2952
212
-2627
-5103
-7322
-8762
-9503
-9245
-7752
-5186
-2086
1094
3558
5068
5646
5175
4142
2660
1036
-536
-2037
-3266
-3900
-4113
-3900
-2896
-1910
-802
259
799
1449
1753
2037
2259
1943
1737
998
-63
-911
-2038
-2803
-3336
-3682
-3541
-3125
-2374
-1327
-176
1033
2007
2648
2949
2878
2783
2333
1633
937
92
-514
-792
-698
-62
878
2120
3640
5167
6724
8084
9163
9669
9510
8384
5518
1177
-4041
-9987
-14845
-17890
-18884
-16907
-13367
-8262
-2275
3438
9326
13999
16841
18049
16652
13273
8553
2939
-1953
-6038
-9027
-10519
-11301
-11168
-10222
-8763
-6678
-4312
-2144
-159
1406
2564
3889
5221
6747
8367
9170
9201
8152
5990
3282
-8
-3306
-6240
-8829
-10573
-11269
-10693
-8599
-5558
-1957
1579
4344
6165
6719
6256
5078
3331
1397
-628
-2492
-3723
-4587
-4554
-3928
-3151
-1812
-846
-44
747
1192
1782
2186
2294
2382
1812
1225
397
-763
-1545
-2524
-3324
-3819
-4072
-3710
-3003
-1828
-313
1040
2227
2924
3290
3527
3352
2929
2291
1406
413
-519
-1228
-1383
-822
46
1413
2857
4484
6251
7772
9283
10205
10375
9658
7049
2849
-2363
-8450
-13678
-17287
-18936
-17618
-14621
-10191
-4420
1285
7269
12369
15658
17552
16910
14104
10007
4854
164
-3816
-6973
-8908
-10129
-10641
-10337
-9513
-7976
-5922
-3939
-1953
-237
1351
3110
4959
6900
8851
10091
10279
9326
7261
4495
1097
-2430
-5726
-8586
-10682
-11687
-11454
-9635
-6713
-3203
322
3175
5258
6225
6239
5514
4284
2770
955
-893
-2377
-3289
-3715
-3737
-3257
-3050
-2499
-1918
-1573
-510
346
1562
2611
2992
3408
2809
2003
1142
-372
-1552
-2842
-4039
-4613
-4836
-4253
-3057
-1622
181
1439
2367
3019
3227
3314
3053
2541
1965
1100
183
-511
-998
-896
-409
375
1535
2991
4550
6259
7761
9143
9990
9848
8978
6503
2393
-2524
-8308
-13454
-16715
-18288
-17076
-13882
-9409
-3666
1813
7247
11872
14540
16040
15274
12474
8715
4043
-117
-3568
-6327
-7797
-8652
-8904
-8592
-8113
-7035
-5578
-4193
-2658
-1082
518
2381
4340
6427
8553
9933
10246
9407
7306
4425
977
-2682
-5861
-8542
-10306
-10915
-10369
-8458
-5681
-2490
659
3017
4574
5133
4831
4094
2983
1731
543
-629
-1450
-1962
-2143
-2165
-2293
-2219
-2409
-2429
-2252
-1813
-727
413
1657
2720
3166
3265
2646
1621
410
-1098
-2357
-3594
-4403
-4529
-4101
-3009
-1588
-91
1212
2155
2697
2833
2788
2552
2163
1694
1159
571
-13
-238
-267
34
780
1621
2805
4114
5555
7092
8326
9273
9386
8741
6797
3062
-1435
-6866
-11951
-15375
-17360
-16511
-13685
-9629
-4135
1121
6284
10676
13257
14560
13911
11419
7961
3720
-13
-2982
-5327
-6434
-6940
-7064
-6841
-6665
-6129
-5325
-4611
-3739
-2634
-1239
617
2742
5076
7523
9220
9966
9478
7605
4928
1498
-2157
-5292
-7934
-9564
-10017
-9458
-7601
-5053
-2096
729
2697
3933
4221
3690
2920
1929
1041
311
-328
-642
-756
-894
-968
-1239
-1759
-2000
-2497
-2761
-2455
-1804
-550
723
2010
2982
3227
3063
2231
901
-422
-1931
-3171
-3947
-4238
-3718
-2878
-1685
-306
768
1582
2016
2162
2163
1957
1750
1521
1199
955
682
443
454
689
1011
1549
2220
3042
4103
5191
6351
7450
8236
8332
7740
6009
2635
-1534
-6369
-11094
-14256
-16032
-15254
-12459
-8559
-3411
1420
6039
9794
11810
12733
11942
9564
6525
2778
-416
-2699
-4323
-4798
-4744
-4558
-4278
-4373
-4510
-4504
-4524
-4226
-3502
-2425
-747
1353
3721
6242
8124
9024
8747
7064
4447
1209
-2113
-4820
-6845
-7856
-7926
-7150
-5445
-3321
-1136
817
2008
2464
2175
1318
492
-180
-449
-190
232
879
1246
1283
998
87
-968
-1982
-3038
-3532
-3601
-3067
-1794
-412
1159
2314
2960
3024
2164
931
-444
-1830
-2818
-3424
-3475
-3026
-2331
-1453
-475
244
791
1018
1040
1065
1024
1114
1320
1519
1712
1802
1753
1745
1667
1632
1633
1676
2047
2490
3260
4381
5378
6459
7051
7036
6462
4516
1473
-2363
-6740
-10452
-12982
-13785
-12367
-9555
-5746
-1489
2302
5734
8107
9244
9444
8352
6272
3794
1269
-650
-1700
-2038
-1653
-1293
-1305
-1787
-2857
-3916
-4929
-5568
-5489
-4836
-3464
-1586
603
3049
5352
6907
7514
6868
5069
2656
-90
-2436
-4046
-4854
-4820
-4251
-3330
-2157
-1029
-105
325
183
-315
-1120
-1831
-2073
-1703
-769
551
1828
2844
3254
2817
1950
333
-1292
-2585
-3809
-3979
-3740
-2796
-1282
110
1567
2308
2382
1966
849
-312
-1330
-2138
-2361
-2296
-1859
-1302
-760
-274
2
79
-16
-256
-346
-91
352
1091
1886
2612
3042
3045
2726
2162
1536
1051
692
622
1029
1648
2687
4002
5260
6505
7108
7181
6465
4556
1643
-2183
-6235
-9805
-12184
-12889
-11651
-9078
-5761
-2133
1171
4061
6035
7021
7326
6770
5558
4136
2684
1785
1376
1269
1399
1074
149
-1346
-3397
-5361
-6872
-7655
-7478
-6483
-4729
-2501
-96
2355
4496
5898
6496
6007
4623
2766
831
-684
-1586
-1860
-1703
-1443
-1219
-1147
-1359
-1647
-2060
-2639
-3146
-3471
-3392
-2705
-1567
87
1842
3186
3992
3980
3084
1690
-96
-1669
-2849
-3512
-3438
-2979
-1952
-857
40
714
909
732
126
-681
-1293
-1789
-1912
-1656
-1220
-693
-227
-62
-141
-363
-738
-982
-1061
-805
-212
578
1504
2208
2707
2939
2749
2322
1771
1004
420
-19
-107
354
1205
2388
3754
5141
6322
7224
7463
7102
6033
3918
738
-3052
-7129
-10471
-12423
-12872
-11283
-8653
-5403
-2026
824
3424
5311
6502
7340
7305
6771
5839
4682
3913
3269
2736
2170
933
-934
-3286
-5785
-7761
-8900
-9130
-8370
-6846
-4921
-2479
-29
2327
4403
5660
6248
5897
4880
3726
2477
1567
972
421
39
-532
-1374
-2218
-3157
-3907
-4548
-4966
-4978
-4524
-3524
-1918
-35
1995
3650
4572
4772
4121
2942
1321
-327
-1611
-2581
-3016
-2947
-2564
-1981
-1379
-860
-570
-593
-865
-1168
-1497
-1547
-1276
-765
12
599
978
964
599
63
-575
-1060
-1248
-1146
-771
-291
303
914
1430
1708
1755
1498
1097
639
162
-4
202
758
1633
2587
3522
4293
5019
5451
5796
5941
5459
4774
3387
1528
-947
-3919
-6663
-9137
-10475
-10622
-9589
-7355
-4788
-1751
1156
3562
5590
6919
7580
7551
6842
5775
4596
3424
2386
1397
484
-645
-2136
-3890
-5629
-7032
-7985
-8127
-7549
-6224
-4391
-2329
-141
1949
3808
5248
5993
6072
5464
4484
3372
2244
1384
718
97
-566
-1490
-2505
-3423
-4172
-4643
-4727
-4329
-3546
-2416
-1026
452
1878
2972
3539
3693
3381
2665
1753
624
-384
-1254
-2043
-2435
-2619
-2548
-2356
-2296
-2227
-2235
-2190
-1931
-1578
-844
-24
760
1363
1664
1856
1604
1145
647
67
-530
-1079
-1405
-1443
-1258
-953
-640
-392
-323
-300
-255
-29
414
962
1689
2328
2925
3406
3729
4008
4154
4251
4176
3910
3698
3294
2874
2347
1806
1158
-198
-2091
-4214
-6472
-7997
-8553
-7817
-5761
-3341
-669
1712
3519
4883
5482
5692
5558
4875
3993
2956
2004
1376
937
602
118
-814
-2131
-3787
-5490
-6667
-7167
-6855
-5623
-3973
-1989
118
1867
3292
4263
4700
4690
4170
3534
2883
2273
1844
1612
1392
936
163
-893
-2084
-3211
-4079
-4602
-4699
-4244
-3403
-2247
-854
498
1707
2470
2850
2870
2492
1794
1008
260
-339
-821
-1207
-1543
-1889
-2178
-2479
-2789
-2952
-2880
-2478
-1753
-835
199
1290
2251
2831
2955
2696
2011
1029
-40
-1041
-1890
-2398
-2668
-2689
-2496
-2179
-1780
-1315
-774
-172
599
1306
2082
2756
3340
3750
3804
3625
3135
2538
1854
1351
1078
1129
1585
2141
2812
3342
3614
3385
2480
762
-1287
-3643
-5719
-6776
-6922
-5722
-3919
-1845
143
1444
2432
2714
2681
2627
2327
2091
1930
1822
1963
2199
2400
2305
1622
339
-1421
-3335
-5074
-6137
-6391
-5838
-4597
-3023
-1190
473
1811
2992
3734
4116
4077
3828
3591
3251
2964
2724
2345
1771
809
-448
-1869
-3319
-4391
-4978
-5052
-4593
-3687
-2362
-861
394
1560
2393
2731
2545
1998
1310
509
-205
-725
-1058
-1189
-1257
-1359
-1411
-1614
-1653
-1646
-1400
-955
-379
287
915
1359
1542
1425
920
226
-666
-1554
-2272
-2649
-2736
-2511
-1974
-1410
-809
-256
206
489
602
620
563
566
610
722
931
1120
1424
1502
1534
1485
1413
1417
1687
2219
2857
3692
4406
5055
5439
5495
5048
4066
2284
-112
-2696
-5350
-7140
-8012
-7667
-6309
-4664
-2726
-1140
122
1175
1858
2506
2953
3217
3543
3731
3859
3898
3765
3334
2362
834
-1037
-2974
-4700
-5789
-5978
-5277
-3922
-2296
-626
835
1821
2527
2765
2753
2530
2170
1908
1761
1785
1943
2014
1840
1284
313
-780
-1911
-2860
-3465
-3572
-3329
-2802
-2078
-1240
-561
-80
213
162
-90
-370
-651
-641
-433
40
650
1089
1537
1546
1367
844
32
-629
-1452
-1940
-2273
-2343
-2053
-1743
-1335
-1059
-842
-655
-604
-486
-338
-177
-62
87
122
-60
-131
-405
-647
-897
-1196
-1364
-1464
-1355
-1131
-683
-60
564
1227
1804
2248
2662
2922
3170
3456
3669
3866
4017
4063
4127
4155
4048
3751
3101
2254
1014
-673
-2425
-4282
-5743
-6465
-6547
-5628
-4335
-2898
-1250
-80
978
1610
1852
2250
2414
2631
2914
3246
3590
3760
3718
3416
2720
1554
217
-1264
-2544
-3423
-3925
-3752
-3314
-2682
-1859
-1188
-599
-94
204
555
841
1074
1618
2108
2596
3047
3161
2900
2206
1193
5
-1319
-2440
-3169
-3627
-3678
-3453
-3019
-2342
-1698
-1048
-486
-140
138
308
442
564
685
814
905
845
541
139
-352
-908
-1348
-1673
-1702
-1579
-1378
-980
-614
-289
-105
-120
-263
-586
-896
-1187
-1333
-1391
-1323
-1169
-1015
-789
-680
-597
-608
-646
-628
-473
-240
94
602
1135
1727
2172
2458
2526
2486
2328
2095
1938
1773
1695
1780
1964
2232
2716
3143
3498
3673
3541
3029
1955
324
-1633
-3679
-5262
-6283
-6309
-5552
-4516
-3019
-1852
-738
175
696
1409
1972
2621
3331
3815
4375
4666
4702
4564
3905
2759
1293
-527
-2273
-3631
-4615
-4904
-4631
-3969
-3083
-2200
-1373
-701
-249
227
649
991
1389
1756
2061
2351
2487
2488
2162
1586
819
-182
-1020
-1702
-2124
-2229
-2143
-1905
-1573
-1392
-1393
-1495
-1748
-1905
-1924
-1841
-1475
-1034
-594
-160
274
638
966
1045
1031
813
370
42
-345
-399
-476
-507
-434
-648
-949
-1325
-1672
-1831
-1946
-1876
-1659
-1391
-1058
-759
-452
-85
244
396
407
235
38
-87
-117
65
260
569
718
864
945
1039
1177
1415
1800
2063
2397
2580
2803
3080
3317
3555
3635
3583
3333
2810
2177
1353
347
-757
-2199
-3453
-4321
-4736
-4316
-3521
-2381
-1280
-560
32
233
555
882
1194
1705
2104
2468
2670
2799
2885
2759
2504
1988
1230
456
-330
-895
-1181
-1173
-986
-859
-834
-926
-1162
-1496
-1889
-2135
-2186
-2094
-1798
-1347
-733
-95
505
916
1147
1186
1112
887
683
470
344
410
396
371
218
-98
-576
-1120
-1817
-2452
-2893
-3182
-3263
-3121
-2740
-2279
-1679
-1064
-527
-134
113
315
415
577
776
994
1290
1433
1584
1465
1104
639
12
-531
-1088
-1537
-1805
-2000
-2131
-2143
-2078
-1953
-1812
-1647
-1486
-1279
-1058
-723
-294
197
762
1317
1857
2290
2660
2924
3069
3021
2868
2568
2325
2092
1943
1827
1868
2059
2241
2450
2655
2782
2725
2576
2046
1112
-163
-1568
-2870
-3751
-4021
-3752
-3032
-2235
-1543
-1169
-1035
-919
-828
-639
-336
116
670
1323
2060
2733
3273
3610
3690
3442
2841
2114
1330
481
-253
-829
-1182
-1399
-1442
-1457
-1608
-1812
-2109
-2369
-2643
-2799
-2661
-2361
-1917
-1446
-952
-448
5
374
564
683
670
592
471
342
264
277
292
170
62
-124
-301
-517
-714
-847
-1002
-1183
-1239
-1200
-1037
-704
-320
21
198
295
381
416
389
413
347
205
6
-333
-628
-900
-1059
-1187
-1201
-1230
-1114
-951
-734
-370
-137
51
61
-68
-231
-462
-606
-639
-653
-579
-618
-629
-675
-753
-765
-674
-404
-45
463
1022
1559
2042
2423
2625
2695
2583
2413
1987
1515
1046
566
239
37
-35
-18
71
278
498
788
1080
1294
1488
1550
1659
1595
1537
1509
1441
1396
1194
978
626
110
-478
-1003
-1340
-1552
-1545
-1379
-1038
-661
-259
144
441
596
546
292
-85
-517
-889
-1133
-1269
-1307
-1260
-1154
-1097
-1005
-941
-933
-959
-976
-905
-731
-487
-90
225
437
513
354
198
-33
-274
-447
-627
-688
-658
-569
-405
-199
-10
109
162
113
8
-201
-386
-504
-528
-458
-391
-344
-258
-272
-248
-225
-123
12
41
155
201
224
303
440
473
400
205
-44
-470
-881
-1213
-1415
-1467
-1430
-1272
-1009
-660
-214
220
639
987
1200
1333
1320
1229
1077
874
603
379
195
8
-187
-316
-414
-396
-285
-106
160
502
878
1283
1707
2063
2411
2672
2677
2558
2355
1996
1537
1088
704
384
193
170
234
424
615
808
839
872
778
596
401
55
-308
-699
-1142
-1508
-1768
-1946
-2069
-2050
-1876
-1649
-1336
-984
-529
-120
301
635
883
1098
1109
1055
881
663
369
27
-332
-680
-982
-1195
-1370
-1488
-1404
-1259
-1010
-770
-533
-419
-277
-179
-251
-331
-488
-645
-749
-753
-681
-498
-272
-106
46
58
-32
-134
-191
-139
-26
131
332
473
461
301
45
-264
-720
-1120
-1542
-1811
-1839
-1635
-1268
-727
-118
323
696
898
928
813
609
331
39
-150
-271
-275
-182
-71
53
121
189
210
266
368
529
840
1109
1405
1656
1835
1945
1916
1830
1591
1253
859
411
118
-28
-1
253
773
1378
2037
2551
2886
3066
2974
2718
2149
1487
718
-62
-772
-1375
-1748
-1989
-2189
-2285
-2315
-2323
-2241
-2125
-1870
-1435
-851
-181
570
1157
1598
1849
1829
1644
1301
914
515
121
-184
-334
-463
-553
-622
-709
-784
-839
-893
-954
-951
-992
-978
-855
-758
-688
-643
-565
-586
-735
-852
-860
-759
-522
-158
275
646
985
1227
1224
1111
802
360
-110
-609
-1123
-1516
-1730
-1766
-1684
-1524
-1259
-896
-592
-233
19
215
277
246
272
190
139
104
84
-50
-230
-506
-812
-969
-1010
-906
-726
-370
35
397
757
1031
1194
1259
1171
1060
918
750
476
194
-37
-218
-251
-153
50
330
624
810
1070
1341
1530
1777
1941
2036
2088
2104
2188
2270
2424
2562
2674
2719
2589
2301
1787
1121
312
-541
-1336
-1947
-2345
-2434
-2305
-2104
-1861
-1803
-1830
-1965
-2082
-1984
-1727
-1225
-543
216
957
1550
2038
2339
2445
2275
1938
1467
998
551
130
-196
-448
-703
-962
-1339
-1756
-2142
-2482
-2688
-2710
-2425
-1942
-1315
-612
64
562
962
1025
905
602
257
-165
-501
-709
-844
-856
-759
-655
-524
-400
-367
-312
-399
-490
-505
-457
-467
-350
-232
-213
-271
-361
-517
-736
-921
-1011
-975
-807
-493
-118
225
587
882
1030
1031
940
725
468
230
66
-7
-6
18
-1
-7
-56
-179
-290
-372
-373
-297
-185
-4
205
428
545
694
764
765
911
1133
1483
1860
2283
2747
3174
3483
3786
3942
4054
4028
3930
3676
3264
2798
2094
1139
-135
-1488
-2870
-4012
-4631
-4754
-4389
-3761
-3090
-2468
-2033
-1691
-1427
-1069
-611
-58
613
1277
1896
2346
2680
2781
2632
2248
1745
1197
637
255
45
-79
-64
11
11
-82
-356
-858
-1481
-2188
-2715
-3029
-3140
-2932
-2596
-2139
-1666
-1272
-913
-577
-299
-29
252
565
816
895
1018
1059
1029
903
631
191
-384
-947
-1473
-1782
-1843
-1683
-1385
-1135
-923
-880
-826
-815
-839
-774
-619
-488
-306
-113
13
147
144
172
174
155
126
85
9
-14
-28
-22
8
-9
-47
-198
-422
-622
-804
-902
-875
-783
-595
-395
-109
138
459
795
1146
1550
1887
2248
2585
2800
2983
3133
3126
3075
2925
2668
2453
2351
2197
2117
2060
2013
1926
1756
1414
751
-130
-1270
-2489
-3391
-3863
-3750
-3234
-2455
-1777
-1449
-1391
-1562
-1649
-1576
-1196
-542
149
921
1660
2271
2743
2986
3074
2924
2557
2035
1453
816
276
-98
-383
-553
-701
-920
-1259
-1643
-2138
-2539
-2800
-2858
-2642
-2280
-1840
-1465
-1107
-919
-794
-710
-578
-422
-259
27
217
424
507
591
630
678
656
538
295
-16
-271
-481
-577
-607
-555
-613
-694
-973
-1203
-1352
-1480
-1483
-1462
-1282
-1059
-867
-695
-600
-512
-434
-335
-205
2
256
481
526
538
440
305
179
109
63
-57
-224
-389
-505
-611
-558
-396
-203
17
260
443
694
1017
1328
1730
2086
2457
2747
2847
2839
2711
2505
2274
2074
1974
1835
1723
1748
1748
1724
1790
1795
1733
1454
918
155
-738
-1630
-2290
-2650
-2473
-1858
-1144
-636
-423
-624
-1060
-1500
-1774
-1778
-1446
-822
-44
713
1285
1671
1878
1900
1913
1754
1527
1348
1060
851
619
463
286
132
-101
-418
-842
-1344
-1900
-2299
-2558
-2548
-2268
-1844
-1237
-732
-464
-324
-345
-435
-442
-411
-268
-62
96
215
246
219
187
186
98
-42
-145
-353
-613
-827
-934
-997
-954
-889
-787
-700
-743
-790
-827
-858
-861
-860
-745
-662
-594
-466
-393
-309
-256
-309
-416
-476
-560
-575
-541
-511
-473
-521
-524
-494
-529
-486
-403
-229
-36
271
630
918
1228
1460
1544
1542
1452
1290
1158
1026
1039
1039
1014
967
888
819
864
916
966
1069
1081
1132
1240
1327
1437
1577
1680
1766
1725
1604
1419
1211
963
700
374
67
-241
-393
-410
-337
-108
35
219
280
123
-99
-351
-611
-779
-869
-793
-663
-457
-277
-132
-36
9
55
13
64
172
250
374
505
520
480
353
108
-206
-545
-797
-1001
-1143
-1237
-1210
-1068
-928
-705
-512
-402
-247
-249
-344
-357
-471
-562
-598
-595
-471
-329
-279
-209
-253
-378
-600
-786
-935
-1006
-920
-864
-661
-501
-356
-263
-238
-273
-444
-675
-908
-1086
-1194
-1219
-1175
-1038
-898
-718
-500
-286
-47
116
278
399
530
607
620
647
628
611
535
471
369
225
65
-123
-390
-501
-602
-580
-451
-331
-73
161
447
665
813
971
1016
1012
961
883
822
803
850
972
1180
1351
1545
1622
1677
1627
1496
1378
1249
1181
1105
1067
1108
1163
1228
1279
1267
1164
1005
714
407
111
-166
-316
-344
-349
-351
-349
-469
-673
-956
-1150
-1261
-1308
-1188
-1041
-771
-521
-288
-125
-9
80
183
242
259
298
273
236
175
102
-17
-115
-262
-427
-558
-673
-826
-894
-962
-903
-859
-831
-761
-823
-823
-897
-927
-888
-862
-853
-727
-655
-609
-541
-610
-662
-674
-761
-885
-907
-919
-900
-808
-705
-544
-422
-274
-155
-39
68
62
65
96
167
217
246
232
223
136
1
-128
-274
-374
-460
-473
-474
-460
-360
-237
-103
36
166
298
301
313
358
422
610
794
1078
1247
1426
1498
1420
1279
1090
971
856
851
942
1053
1223
1363
1440
1522
1452
1442
1312
1242
1117
1006
859
755
717
728
806
814
889
881
934
997
918
758
609
387
190
-25
-225
-376
-513
-566
-587
-716
-871
-1108
-1334
-1513
-1679
-1747
-1684
-1478
-1263
-1002
-714
-558
-376
-301
-298
-295
-326
-257
-198
-149
-44
84
146
149
86
34
-106
-242
-449
-601
-720
-897
-998
-1179
-1245
-1314
-1416
-1493
-1613
-1646
-1609
-1446
-1221
-913
-654
-353
-150
35
115
215
315
331
411
442
430
360
268
110
-99
-321
-480
-650
-723
-872
-1005
-965
-910
-747
-487
-233
28
171
311
327
360
382
346
377
411
474
456
463
525
580
677
757
790
809
796
773
699
758
779
786
728
772
750
772
774
814
797
778
716
622
603
623
707
827
921
982
1060
954
908
854
812
819
866
963
1067
1106
1118
1176
1249
1254
1230
1134
927
615
231
-78
-421
-697
-881
-950
-1013
-1095
-1241
-1369
-1480
-1630
-1615
-1543
-1372
-1080
-749
-500
-125
120
261
385
429
456
347
318
224
114
56
-56
-128
-231
-381
-539
-713
-883
-977
-1066
-1145
-1038
-934
-865
-800
-790
-752
-649
-629
-642
-498
-408
-314
-167
-74
-19
44
37
4
54
64
45
35
-22
-59
-23
-18
28
121
165
133
122
110
95
109
132
80
27
-105
-269
-333
-510
-510
-464
-388
-334
-202
-94
-18
135
259
401
486
617
772
902
981
1019
1054
1027
983
906
768
607
438
307
175
110
129
151
178
272
259
320
343
420
480
585
699
729
797
769
794
765
780
833
847
821
806
672
571
463
361
322
266
254
237
231
274
241
165
14
-127
-341
-523
-624
-612
-553
-559
-562
-625
-735
-851
-955
-1024
-1067
-1086
-1120
-1096
-936
-786
-597
-354
-126
59
111
155
207
199
196
131
139
91
27
-98
-188
-298
-433
-452
-530
-600
-601
-514
-455
-367
-311
-236
-96
67
237
380
524
559
555
509
406
284
117
-43
-143
-221
-319
-338
-397
-437
-425
-482
-508
-563
-605
-551
-472
-407
-380
-379
-280
-263
-294
-279
-254
-120
14
119
217
268
278
240
229
196
174
135
139
113
95
91
161
200
227
261
273
199
129
166
187
172
61
70
93
23
-33
-41
-17
3
91
220
296
444
483
569
691
742
817
859
888
886
823
652
422
289
157
75
38
39
50
-26
-90
-206
-244
-200
-140
-40
139
290
360
378
376
313
171
134
42
-15
-105
-271
-292
-278
-315
-299
-183
-34
101
189
253
307
350
386
411
458
484
402
255
105
-72
-247
-372
-398
-418
-370
-310
-285
-206
-159
-112
-53
14
58
80
17
-33
-26
-65
-67
-94
-118
-120
-207
-287
-371
-434
-429
-440
-410
-403
-373
-392
-488
-545
-585
-563
-489
-438
-315
-212
-157
-172
-73
16
22
93
47
50
-4
-72
-127
-131
-162
-190
-216
-311
-333
-401
-405
-299
-221
-110
19
173
320
394
401
348
262
88
-42
-158
-272
-351
-381
-404
-404
-312
-303
-224
-167
-115
0
178
248
429
647
738
817
788
707
564
366
211
74
24
40
3
15
68
119
154
164
190
234
309
453
635
728
878
930
955
930
855
794
714
562
474
463
435
423
384
381
285
247
171
99
40
-32
-24
-49
-32
-94
-98
-90
-117
-63
2
21
62
51
0
-79
-175
-326
-475
-574
-655
-705
-707
-666
-665
-626
-571
-496
-505
-479
-444
-424
-413
-398
-363
-361
-287
-213
-296
-360
-455
-593
-756
-871
-986
-1028
-1014
-917
-810
-633
-453
-358
-257
-179
-127
-123
-117
-113
-180
-281
-307
-395
-466
-469
-513
-520
-447
-416
-352
-287
-156
-16
118
287
412
457
492
473
460
429
351
328
233
129
57
4
-21
46
61
144
191
282
380
414
513
544
617
654
746
698
635
600
502
514
507
519
600
612
638
653
693
701
704
720
709
692
628
568
553
547
546
587
554
560
578
548
489
409
383
301
263
278
214
158
118
116
81
51
47
44
53
65
-28
-55
-26
17
73
78
53
2
-51
-108
-209
-264
-283
-309
-326
-370
-430
-518
-553
-606
-568
-488
-423
-333
-269
-229
-267
-298
-425
-532
-672
-806
-910
-949
-985
-999
-987
-968
-974
-954
-965
-994
-1013
-969
-912
-832
-718
-606
-526
-446
-346
-337
-331
-379
-463
-498
-551
-531
-478
-393
-256
-114
79
235
339
419
426
463
496
480
517
542
539
471
475
398
332
171
69
-26
-97
-101
-64
4
113
253
397
466
498
496
480
517
534
590
693
732
811
912
927
857
800
701
572
404
221
127
47
41
14
28
72
113
228
293
347
425
502
606
726
801
822
849
769
720
640
591
526
393
276
186
94
-86
-156
-177
-138
-119
-28
106
209
346
436
430
350
349
284
135
41
-156
-297
-472
-597
-581
-606
-474
-413
-328
-243
-241
-256
-289
-348
-329
-337
-319
-368
-383
-390
-485
-555
-692
-853
-1048
-1184
-1241
-1333
-1320
-1268
-1171
-1048
-911
-751
-691
-590
-541
-477
-391
-321
-213
-100
-17
79
169
261
300
278
214
198
124
37
-60
-114
-113
-171
-175
-140
-159
-160
-171
-214
-166
-60
50
216
313
410
488
520
540
523
482
386
296
168
7
-100
-129
-151
-103
-92
33
138
251
359
395
425
442
422
414
520
595
620
664
639
571
442
336
261
137
108
144
184
245
366
433
515
540
550
569
489
440
409
351
315
313
200
167
198
185
122
81
92
145
149
117
138
119
79
67
65
50
90
111
137
128
154
129
80
88
73
57
30
32
57
75
39
9
-41
-104
-244
-346
-444
-505
-561
-620
-629
-648
-706
-715
-599
-535
-426
-341
-249
-161
-113
-42
-49
-50
-73
-103
-112
-194
-294
-329
-360
-445
-508
-500
-475
-415
-358
-286
-263
-251
-205
-142
-104
-107
-114
-133
-251
-315
-370
-466
-457
-463
-468
-413
-358
-341
-370
-300
-238
-118
-97
-37
15
96
123
167
221
230
304
284
306
303
371
403
473
593
605
576
469
379
274
121
4
-60
-110
-138
-124
-71
11
103
194
299
356
471
539
584
562
536
482
464
519
502
427
315
280
177
73
10
-6
-24
102
176
214
234
237
279
253
290
268
223
171
98
29
-14
60
86
142
160
164
136
128
155
131
147
113
115
96
87
100
120
130
146
118
63
19
-56
-53
-66
-23
44
150
192
156
195
158
112
61
42
-45
-111
-120
-140
-89
-31
21
37
33
91
113
56
1
-37
-111
-238
-288
-343
-383
-447
-500
-514
-558
-553
-571
-611
-643
-587
-500
-472
-377
-292
-243
-209
-141
-111
-146
-220
-257
-315
-424
-462
-488
-479
-446
-482
-445
-390
-384
-314
-235
-241
-219
-201
-235
-206
-147
-114
-74
-50
-32
-35
-29
-3
7
86
69
130
213
319
306
301
299
272
258
162
149
153
103
89
76
81
117
135
189
231
285
331
352
300
237
210
179
126
105
72
67
25
15
-23
-93
-80
-62
3
31
101
94
119
163
132
120
118
93
45
-33
-73
-72
-32
0
30
49
22
36
77
132
149
248
268
287
303
228
216
157
153
154
205
205
214
210
202
225
226
272
314
273
255
255
209
265
242
188
161
135
73
10
-104
-142
-111
-116
-106
-70
-1
45
47
57
54
15
-8
-75
-137
-246
-333
-378
-437
-410
-419
-392
-392
-364
-325
-325
-292
-224
-197
-129
-104
-73
-89
-88
-130
-181
-233
-241
-253
-258
-250
-237
-229
-156
-26
25
113
214
313
305
349
383
332
302
264
175
143
23
-66
-158
-262
-273
-286
-257
-193
-215
-145
-34
26
82
136
127
64
32
27
-9
-36
-32
-16
42
64
123
181
243
318
322
303
248
205
125
45
43
-45
-65
-68
-84
-101
-187
-146
-60
54
110
174
221
294
361
392
447
426
419
288
258
187
68
68
63
88
109
163
210
251
278
373
386
349
354
386
324
324
303
303
299
281
246
205
210
148
59
-21
-36
10
14
71
139
218
261
223
233
127
66
18
-108
-103
-138
-199
-189
-202
-167
-141
-112
-39
63
135
178
266
297
302
339
320
264
211
135
43
-22
-93
-146
-184
-208
-249
-249
-198
-167
-135
-66
-37
-24
-3
-75
-121
-177
-278
-338
-374
-423
-393
-394
-394
-334
-313
-286
-275
-234
-209
-221
-223
-255
-259
-303
-326
-374
-411
-453
-480
-513
-528
-427
-381
-306
-209
-125
-15
73
92
83
133
105
54
58
-10
-70
-69
-58
-83
-99
-91
-91
-94
-84
-100
-39
-15
-40
-36
38
135
158
192
205
238
284
266
297
328
290
297
316
365
379
395
390
389
372
338
318
281
247
189
133
118
68
63
66
43
61
85
108
104
96
163
212
318
361
355
349
304
300
200
215
186
104
101
75
46
47
5
17
-6
57
128
168
215
211
231
264
312
246
178
112
62
35
39
-17
-25
-46
-44
-64
-31
-35
-25
24
18
71
46
4
-34
-92
-143
-176
-184
-253
-350
-377
-361
-364
-407
-407
-441
-446
-465
-489
-507
-479
-470
-429
-338
-296
-229
-155
-74
-63
-51
-15
-9
0
-34
-53
-96
-160
-197
-202
-218
-171
-137
-172
-127
-132
-110
-115
-121
-133
-140
-121
-105
-35
34
80
116
145
160
149
177
222
185
179
113
99
82
70
141
156
195
248
279
276
274
239
234
226
202
199
211
172
170
184
173
223
245
283
287
274
275
227
213
203
246
223
228
232
301
278
249
281
269
228
160
113
10
-62
-126
-156
-189
-204
-143
-94
-46
-3
32
26
21
18
-15
-27
-66
-85
-94
-80
-96
-79
-64
-86
-65
-99
-79
-169
-200
-287
-285
-284
-297
-290
-247
-123
-130
-63
-72
-51
-85
-92
-105
-154
-210
-255
-258
-280
-279
-308
-296
-357
-360
-415
-441
-355
-288
-177
-140
-64
-84
-81
-68
-77
-79
-13
4
28
37
8
3
-46
-83
-80
-55
-24
25
26
32
32
2
-23
8
-14
-2
-15
2
22
35
84
62
103
71
67
54
26
48
3
11
42
57
126
96
100
96
99
194
184
229
251
279
304
272
257
174
143
113
34
-35
-43
-51
-8
24
14
40
72
96
115
130
126
156
142
142
105
31
-24
-42
-53
-100
-172
-226
-323
-392
-391
-370
-373
-357
-320
-304
-208
-144
-96
-28
41
105
119
175
185
160
183
234
210
221
213
146
95
43
5
-63
-123
-199
-214
-235
-240
-218
-208
-180
-128
-146
-165
-72
-10
4
90
89
78
75
35
33
-25
-76
-45
-82
-87
-37
-25
-5
-6
37
62
81
113
107
128
160
159
185
220
223
207
156
84
65
10
-68
-103
-132
-175
-186
-183
-142
-113
-59
-4
61
73
122
139
176
186
126
116
82
60
24
-63
-103
-60
-77
-73
-93
-37
-2
49
93
117
176
166
169
246
235
213
207
177
155
67
58
9
-9
-38
-93
-125
-133
-135
-157
-155
-142
-161
-187
-149
-149
-125
-121
-97
-65
-55
-45
46
68
85
54
23
84
88
84
38
25
68
47
22
-18
-85
-112
-145
-179
-172
-104
-86
-19
38
57
129
177
197
183
172
175
139
83
74
21
-21
-19
-49
-17
-50
-48
-81
-55
-1
-3
85
137
186
222
260
259
307
316
221
184
142
141
100
69
67
49
65
5
-22
4
29
64
92
65
35
16
32
6
-27
-36
-40
-36
-39
-16
-22
-20
-1
-64
-70
-25
-65
-96
-69
-27
-15
-4
15
48
48
35
-4
-23
-35
-48
-55
-82
-80
-103
-54
-87
-96
-154
-209
-234
-259
-285
-270
-276
-258
-241
-242
-213
-163
-96
-90
-27
-1
47
57
61
51
56
-1
-25
-11
-44
-79
-145
-202
-229
-224
-231
-235
-226
-188
-184
-179
-134
-42
-59
-51
-4
34
63
56
128
147
175
196
232
237
218
236
238
201
190
191
181
211
233
218
137
203
188
135
178
146
143
207
230
235
216
235
303
319
300
294
304
222
196
155
110
110
89
82
108
89
81
112
87
90
127
122
108
66
77
60
33
-12
-24
-55
-55
-49
-45
-26
-46
-25
-55
8
22
45
57
112
134
135
147
119
165
120
79
-32
-36
-116
-182
-209
-271
-259
-262
-302
-263
-262
-262
-221
-232
-186
-219
-179
-162
-196
-191
-165
-139
-79
-26
-31
-12
4
30
-41
-32
-19
-23
18
-50
-23
-76
-82
-127
-159
-168
-154
-161
-157
-115
-68
-60
-9
43
58
82
74
134
151
172
190
170
149
179
217
197
198
180
170
174
194
199
253
253
281
285
291
389
348
388
395
345
286
254
205
152
151
86
125
87
30
50
33
30
40
24
54
77
102
134
126
177
192
137
140
150
79
64
32
-15
-35
-57
-68
-98
-75
-92
-87
-85
-95
-18
6
-21
-62
-91
-91
-76
-53
-39
-14
-10
-4
-22
-53
-78
-46
-92
-86
-102
-150
-145
-159
-148
-247
-248
