-24
-30
-39
-25
-75
-91
-99
-117
-70
3
-11
-47
3
-2
-15
16
47
27
43
35
27
31
40
40
44
28
-4
11
70
51
59
38
17
44
36
18
10
30
3
2
-55
-25
-2
12
-15
3
-14
18
48
25
56
-4
16
9
-19
-33
-23
-6
25
8
22
17
38
24
2
-13
-9
-12
-5
51
57
97
79
36
44
40
61
70
41
43
19
1
25
56
18
44
6
37
52
6
24
37
29
53
39
50
75
35
43
27
46
56
44
20
18
28
13
-1
19
10
50
41
-13
-56
-43
-38
11
36
-23
-1
-10
22
11
18
33
25
43
20
18
56
62
54
82
36
48
53
41
73
59
52
53
61
67
72
77
50
12
43
37
44
27
-21
20
66
33
40
47
12
-2
-28
-16
-35
14
27
5
29
24
11
9
23
53
34
25
6
39
63
39
17
45
39
47
33
59
70
12
12
-5
0
6
-1
-4
-35
-10
14
29
46
56
-3
-7
0
17
45
74
74
56
57
37
44
3
60
43
41
59
76
55
17
3
11
10
2
22
-26
6
-17
-40
0
-28
-66
-28
-24
-5
-33
-11
-52
-131
-93
-90
-77
-81
-48
-67
-63
-63
-129
-121
-145
-159
-198
-223
-287
-292
-394
-616
-777
-1007
-1158
-1315
-1373
-1296
-1128
-789
-327
234
814
1416
1940
2201
2269
2145
1733
1191
617
45
-403
-678
-691
-535
-245
114
459
714
737
635
490
203
-72
-353
-468
-477
-451
-485
-546
-715
-1036
-1235
-1621
-1767
-1766
-1521
-1014
-349
543
1396
2103
2588
2806
2606
2101
1448
656
-72
-525
-723
-664
-351
135
684
1090
1349
1325
1081
550
-68
-715
-1307
-1661
-1830
-1750
-1539
-1124
-709
-382
-198
-195
-319
-610
-941
-1270
-1536
-1636
-1483
-1077
-487
280
1146
1865
2397
2738
2707
2392
1951
1255
655
92
-314
-441
-415
-230
136
559
858
1048
1188
1222
1185
1087
665
363
-297
-1020
-1657
-2363
-2501
-2577
-2010
-1308
-422
540
1161
1600
1618
1224
644
-25
-672
-1076
-1178
-901
-393
248
977
1579
1811
1847
1594
1049
499
-131
-573
-790
-863
-666
-347
-23
383
489
570
373
-28
-357
-908
-1093
-1217
-1179
-1000
-617
-235
92
442
429
347
93
-244
-609
-933
-1147
-1303
-1425
-1310
-1154
-889
-592
-355
-104
21
160
269
447
599
857
1102
1401
1712
1873
1995
1892
1763
1354
884
413
-91
-464
-862
-1003
-1035
-935
-744
-581
-508
-517
-488
-698
-844
-834
-883
-851
-672
-377
-31
294
699
1131
1236
1260
1222
1004
656
403
156
-16
-150
-163
-88
-18
101
166
157
100
-28
-108
-243
-395
-495
-501
-532
-487
-409
-388
-351
-325
-278
-229
-233
-215
-151
-72
5
113
211
258
277
283
292
215
117
-26
-163
-322
-471
-518
-589
-521
-440
-302
-185
16
123
164
223
254
298
175
208
118
83
-41
-6
-70
-111
-57
-160
-166
-321
-351
-417
-353
-349
-187
-104
-72
21
23
69
-34
-32
-125
-160
-156
-118
-7
76
178
282
409
448
471
424
317
256
159
138
96
136
156
155
171
144
95
45
3
-3
-7
-53
-66
-114
-63
-71
-34
13
31
31
-11
-43
-111
-114
-172
-168
-188
-166
-145
-138
-62
-43
15
39
105
80
98
117
65
45
70
-58
-123
-191
-276
-321
-354
-350
-410
-478
-515
-495
-468
-474
-486
-468
-432
-380
-359
-407
-384
-330
-378
-308
-300
-299
-259
-254
-189
-206
-204
-197
-172
-95
-121
-32
33
56
160
165
173
127
144
117
21
9
-6
-25
35
167
273
355
393
492
558
666
611
629
636
573
574
523
526
455
446
390
276
175
64
96
322
510
895
1244
1573
1850
2048
2112
2040
1829
1570
1216
828
547
367
258
238
353
510
607
686
681
556
336
41
-302
-721
-1160
-1483
-1656
-1757
-1716
-1593
-1368
-1185
-969
-829
-782
-734
-762
-698
-657
-565
-371
-185
4
152
231
235
131
-21
-205
-495
-798
-1098
-1275
-1430
-1518
-1431
-1401
-1301
-1213
-1093
-981
-957
-869
-837
-774
-699
-662
-537
-470
-406
-317
-300
-249
-242
-243
-276
-364
-386
-363
-330
-264
-167
-40
81
252
321
377
438
488
434
412
460
467
561
681
900
1103
1330
1592
1767
1880
1892
1874
1782
1651
1549
1456
1470
1552
1761
2182
2594
3076
3551
3953
4247
4380
4250
3879
3269
2338
987
-601
-2292
-3984
-5172
-5999
-6177
-5691
-4799
-3554
-2475
-1521
-795
-380
10
369
795
1383
1913
2488
3020
3360
3629
3607
3470
3094
2388
1516
377
-898
-2104
-3208
-3928
-4362
-4361
-4025
-3633
-3084
-2717
-2355
-2130
-1915
-1534
-1142
-512
246
966
1694
2325
2708
3029
3153
2974
2593
2033
1312
381
-577
-1544
-2442
-3194
-3717
-4097
-4195
-4140
-4024
-3630
-3319
-2744
-2138
-1497
-704
-6
762
1316
1688
1902
1858
1699
1384
962
517
17
-441
-804
-1050
-1172
-1219
-1197
-1122
-1062
-1024
-1026
-1014
-995
-1036
-945
-763
-548
-301
21
375
781
1143
1607
2053
2492
2990
3322
3641
3880
4044
4173
4222
4312
4268
4157
4108
4119
4221
4392
4655
4985
5010
4453
2938
380
-2820
-6243
-9188
-11074
-11337
-10152
-7702
-4630
-1750
719
2309
3055
3401
3395
3458
3650
3765
4074
4137
4068
4020
3727
3496
2985
2190
1140
-583
-2618
-4745
-6760
-8074
-8496
-7943
-6361
-4225
-2005
-42
1327
2141
2397
2304
2179
2128
2095
2131
2309
2321
2210
2090
1853
1502
971
127
-899
-2123
-3474
-4777
-5756
-6225
-6052
-5403
-4355
-3120
-1885
-766
102
626
1156
1472
1654
1825
1768
1696
1383
1038
721
334
-95
-614
-1147
-1662
-2105
-2395
-2420
-2228
-1741
-1037
-459
-14
244
296
189
16
-51
-82
86
387
714
1197
1670
2179
2743
3087
3422
3640
3700
3618
3490
3474
3569
3820
4250
4758
5371
5932
6258
6469
6436
5782
4154
1470
-2369
-6530
-10349
-13212
-14065
-12982
-10113
-5978
-1949
1707
4337
5490
5929
5484
4934
4637
4112
3946
3822
3455
3334
2940
2531
2207
1278
-17
-1828
-4256
-6638
-8767
-10104
-10125
-8864
-6364
-3239
-206
2467
4220
5048
5158
4720
4012
3316
2609
1894
1300
652
93
-306
-628
-877
-1122
-1653
-2414
-3384
-4493
-5405
-5968
-5827
-4890
-3523
-1748
-33
1308
2272
2641
2545
2201
1657
1107
570
9
-392
-676
-920
-919
-887
-863
-892
-1158
-1498
-1976
-2354
-2451
-2196
-1625
-812
-61
538
796
777
523
101
-203
-337
-242
69
427
880
1459
2031
2580
2993
3358
3570
3497
3310
3124
3085
3292
3714
4378
5217
6028
6782
7242
7378
7199
5836
3319
-293
-5106
-9551
-13394
-15701
-15249
-13018
-8865
-3898
430
4375
6675
7589
7911
7113
6356
5566
4410
3649
2646
1861
1530
1024
850
494
-520
-2018
-4365
-6970
-9170
-10657
-10698
-9204
-6351
-2551
1260
4475
6787
7883
7941
7187
5898
4315
2583
883
-796
-2164
-3208
-3693
-3652
-3338
-2831
-2526
-2588
-2994
-3647
-4368
-4630
-4326
-3391
-1789
-60
1620
2969
3611
3648
3027
1874
752
-499
-1634
-2322
-2767
-2703
-2368
-1810
-1047
-456
-38
106
-174
-474
-854
-1252
-1344
-1153
-685
-138
322
638
710
662
400
49
-239
-308
-121
227
807
1460
2163
2685
2975
3021
2956
2853
2728
2668
2950
3429
4072
4858
5692
6629
7388
7972
8245
7530
5414
1670
-3555
-8931
-13556
-16584
-16752
-14618
-10248
-4624
470
5019
7986
9400
10055
9407
8380
7062
5079
3355
1506
-76
-802
-1216
-1052
-764
-1231
-2288
-4360
-6987
-9314
-10846
-10851
-9057
-5850
-1709
2498
6004
8590
9855
9945
8982
7348
5153
2574
-155
-2651
-4632
-5840
-6176
-5685
-4711
-3649
-2844
-2785
-3107
-3681
-4170
-4170
-3629
-2437
-747
945
2445
3527
3965
3715
2756
1347
-288
-1959
-3351
-4238
-4484
-3920
-2770
-1366
1
1069
1557
1463
934
242
-392
-840
-954
-936
-681
-353
-35
239
419
483
391
268
-14
-205
-144
178
883
1767
2723
3430
3710
3617
3159
2774
2563
2534
2891
3579
4516
5491
6481
7183
7955
8264
7369
5116
1131
-4384
-9998
-14940
-17943
-17733
-15160
-10187
-4135
1422
6451
9757
11352
12001
11144
9662
7651
4661
1998
-654
-2614
-3304
-3481
-2847
-2017
-2035
-2912
-4780
-7160
-8930
-9847
-9288
-7030
-3633
455
4378
7670
10022
11180
11097
9943
7792
4893
1503
-1983
-4994
-7046
-7832
-7512
-6345
-4729
-3266
-2434
-2180
-2382
-2706
-2787
-2539
-1928
-858
337
1501
2559
3208
3400
3036
1930
165
-1860
-3823
-5340
-5973
-5559
-4171
-2170
-246
1322
2219
2302
1710
843
-59
-744
-1132
-1306
-1263
-1027
-708
-279
186
676
1151
1389
1346
1060
758
518
596
1012
1523
2225
2461
2454
2283
1824
1745
1844
2282
3253
4247
5468
6710
7548
8352
8788
8588
7101
3735
-1117
-7294
-13076
-17345
-19266
-17708
-13836
-8060
-1572
3876
8587
11571
12955
13559
12619
10805
8094
4283
733
-2478
-4723
-5301
-5092
-4110
-3333
-3728
-4896
-6850
-8842
-9678
-9291
-7312
-3932
-67
3841
7161
9558
11078
11503
10891
9315
6578
3016
-977
-4767
-7539
-9027
-8939
-7623
-5653
-3757
-2423
-1829
-1778
-1901
-1798
-1382
-810
-41
607
1131
1511
1727
1878
1730
1125
0
-1647
-3515
-5101
-5946
-5679
-4331
-2325
-41
1763
2773
2856
2153
1091
-53
-1024
-1715
-2110
-2261
-2145
-1739
-1056
-212
713
1453
1809
1911
1592
1242
1060
1113
1433
1830
2139
2180
1956
1629
1514
1611
2060
2919
3821
4789
5729
6562
7445
8250
8816
8916
7696
4451
-267
-6738
-12971
-17394
-19790
-18404
-14532
-9075
-2317
3188
7926
11579
13195
14325
13849
11891
9304
5132
927
-2523
-5243
-5886
-5476
-4685
-3552
-3635
-4716
-6328
-8162
-8880
-8325
-6584
-3559
-136
3334
6478
8853
10556
11433
11124
9582
6759
2851
-1457
-5462
-8359
-9638
-9232
-7614
-5389
-3316
-1760
-849
-511
-314
-52
311
714
971
1091
1127
1185
1289
1446
1410
829
-258
-2127
-4115
-5630
-6458
-5871
-4241
-2011
487
2252
3309
3552
2837
1926
805
-303
-1181
-2106
-2652
-2843
-2630
-1779
-663
642
1763
2325
2498
2180
1827
1595
1407
1483
1543
1435
1209
804
572
750
1146
2038
3140
4224
5412
6458
7485
8529
9346
9757
9431
7011
2809
-3168
-10411
-16215
-20328
-21255
-18450
-13879
-7298
-731
4610
9710
12883
14772
15745
14536
12288
8486
3330
-978
-4769
-6865
-6807
-6189
-4835
-4013
-4607
-5640
-7148
-8218
-7826
-6498
-4059
-964
1958
4867
7293
9229
10719
11297
10763
8795
5312
893
-3598
-7408
-9761
-10408
-9470
-7478
-5194
-3147
-1554
-414
507
1417
2167
2748
3001
2668
2074
1424
715
397
122
-377
-1055
-2500
-4025
-5301
-6151
-5744
-4552
-2508
-141
1681
3025
3435
3113
2404
1179
-40
-1286
-2476
-3308
-3702
-3353
-2518
-1178
168
1334
2214
2503
2621
2474
2260
2218
2022
1653
1271
488
-164
-579
-729
-147
719
1898
3464
4740
6191
7606
8617
9818
10445
10434
9886
7161
2739
-3000
-10231
-15847
-19679
-21001
-18295
-14002
-7998
-1289
3986
9044
12664
14476
15756
14830
12354
8877
3789
-675
-4288
-6736
-6988
-6517
-5688
-4803
-5170
-5972
-6867
-7486
-6847
-5377
-3113
-208
2582
5343
7795
9616
10845
11030
9974
7600
4052
-203
-4304
-7544
-9417
-9749
-8765
-7060
-5024
-3155
-1690
-474
397
1231
1989
2237
2406
2244
1858
1709
1447
1368
1136
393
-719
-2406
-4281
-5708
-6453
-6226
-4943
-3078
-831
1204
2633
3531
3670
3085
2012
533
-1209
-2729
-3799
-4076
-3552
-2410
-714
951
2227
3053
3265
3110
2879
2511
2134
1729
1157
624
7
-548
-730
-564
-139
711
1731
2901
4273
5581
7083
8460
9576
10660
10905
10615
9300
5602
787
-5622
-12557
-17435
-20736
-20596
-17177
-12501
-5726
690
6063
11230
14170
15933
16373
14333
11261
6628
1243
-2913
-6268
-7846
-7630
-7112
-6108
-5668
-6216
-6648
-7169
-7004
-5706
-3914
-1551
1106
3648
6298
8612
10362
11487
11254
9621
6540
2412
-1916
-5803
-8626
-9939
-9797
-8598
-6744
-4683
-2773
-1104
502
1763
2703
3278
3201
2738
2007
1353
909
610
507
189
-657
-1866
-3390
-4890
-5667
-5683
-4769
-3091
-1181
719
2180
3001
3317
2848
1822
524
-1272
-2924
-4236
-4953
-4677
-3678
-1951
36
1719
3046
3792
3954
3870
3448
2785
2076
1135
193
-586
-1223
-1514
-1269
-709
145
1303
2599
4069
5653
7165
8553
9624
10281
10247
9509
7582
3867
-1076
-7159
-13293
-17638
-19972
-19269
-15675
-10640
-4180
1879
7208
12027
14930
16585
16731
14600
11133
6131
503
-4028
-7537
-9193
-9056
-8461
-7336
-6642
-6724
-6657
-6531
-5793
-4253
-2429
-225
2123
4224
6385
8298
9794
10723
10423
8704
5762
1753
-2469
-6135
-8765
-9894
-9672
-8412
-6521
-4393
-2356
-437
1220
2541
3497
3776
3403
2710
1738
829
243
-228
-584
-1185
-2065
-3210
-4442
-5353
-5666
-5108
-3843
-1978
176
2029
3475
4157
3991
3120
1518
-428
-2543
-4380
-5537
-5878
-5291
-3841
-1993
34
1936
3410
4512
4948
4907
4354
3339
2194
898
-191
-1040
-1437
-1406
-1043
-359
567
1835
3266
4792
6500
8077
9401
10456
11034
10975
10066
7450
2950
-3034
-10324
-16534
-20749
-22385
-20105
-15542
-9140
-1885
4417
10425
15145
17816
19272
18338
15193
10628
4461
-1481
-6293
-9668
-10634
-10259
-9325
-7897
-7239
-6924
-6462
-6033
-4841
-3231
-1506
605
2655
4808
7133
9083
10514
11007
10064
7642
3970
-427
-4625
-8033
-10203
-10860
-10206
-8528
-6160
-3550
-879
1569
3510
4763
5275
4838
3814
2562
1256
318
-327
-756
-1025
-1711
-2563
-3553
-4632
-5236
-5430
-4955
-3870
-2242
-197
1806
3537
4702
4832
4056
2403
90
-2276
-4376
-5588
-5819
-5176
-3798
-2077
-228
1455
2957
4176
4785
4798
4138
2882
1446
-71
-1198
-1742
-1995
-1640
-1142
-570
326
1351
2666
4350
5963
7387
8626
9352
9691
9764
9321
8687
6600
2556
-2728
-9610
-15750
-19813
-21817
-19836
-15617
-10094
-3153
2816
8579
13764
17040
19227
19172
16296
11823
5433
-1108
-6088
-9750
-11083
-10829
-10146
-8903
-8112
-7724
-6740
-5602
-3836
-1773
-125
1538
3061
4492
6415
8373
9935
10685
9932
7545
3955
-281
-4403
-7646
-9818
-10671
-10447
-9444
-7684
-5274
-2486
277
2878
4872
5869
5818
4893
3625
2297
1197
263
-510
-1349
-2332
-3444
-4644
-5457
-5952
-5994
-5270
-4289
-2720
-646
1276
3154
4455
4867
4439
2987
929
-1303
-3365
-4682
-5177
-4910
-3864
-2383
-631
1163
2690
3925
4580
4633
3987
2800
1366
65
-945
-1520
-1710
-1511
-956
-137
930
2410
4003
5561
7093
8167
9004
9527
9727
9685
9106
7300
3715
-1403
-7922
-14258
-18625
-20958
-19944
-16195
-11159
-4735
1310
7117
12679
16595
19257
19862
17538
13304
7237
480
-4924
-8976
-10968
-11132
-10960
-10064
-9142
-8533
-7239
-5719
-3814
-1691
-111
1235
2579
3851
5685
7810
9475
10578
10161
8166
4989
1013
-2830
-6037
-8418
-9726
-10211
-9932
-8649
-6567
-3819
-726
2224
4569
5858
6041
5281
4027
2627
1376
404
-558
-1508
-2465
-3467
-4291
-4996
-5299
-5095
-4795
-3962
-2797
-1545
227
1831
3057
3823
3591
2659
1068
-855
-2416
-3658
-4198
-3918
-3237
-1955
-437
1139
2658
3744
4320
4400
3864
2823
1580
259
-732
-1371
-1719
-1705
-1334
-503
679
2161
4049
5812
7351
8576
9292
9752
9969
9849
9276
7381
3484
-1835
-8623
-15030
-19223
-21374
-19912
-15948
-10811
-4257
1840
7758
13365
17236
19795
20248
17631
13103
6694
-219
-5619
-9766
-11728
-11890
-11550
-10437
-9268
-8257
-6556
-4620
-2625
-589
754
1689
2650
3622
5356
7280
8961
9948
9470
7484
4387
697
-2971
-5980
-8208
-9491
-9882
-9503
-8094
-5833
-3000
135
2941
5014
6167
6117
5140
3823
2223
887
-225
-1181
-1895
-2589
-3298
-3811
-4222
-4624
-4606
-4718
-4349
-3160
-1884
27
1860
3178
4089
3791
2807
1371
-582
-2240
-3602
-4561
-4649
-4254
-3129
-1371
532
2626
4219
5082
5263
4582
3501
2212
881
-196
-1026
-1628
-1852
-1595
-808
522
2420
4315
6213
7841
8741
9609
9839
9941
9949
8437
5336
533
-6079
-12734
-17895
-20932
-20665
-17559
-12798
-6547
-359
5724
11746
16236
19496
20635
18918
15088
9229
2331
-3648
-8389
-11162
-11970
-11876
-10847
-9517
-8160
-6249
-4255
-2328
-472
681
1368
1920
2507
3745
5555
7302
8619
8891
7735
5523
2449
-957
-4092
-6803
-8772
-9792
-10049
-9018
-6907
-4133
-840
2213
4565
6003
6293
5575
4382
2766
1034
-529
-1916
-2900
-3492
-3923
-3872
-3758
-3759
-3614
-3791
-3665
-2962
-2047
-496
1143
2354
3179
3116
2382
1269
-273
-1724
-2921
-3996
-4421
-4265
-3616
-2163
-284
1749
3644
4811
5355
5127
4147
2936
1547
258
-565
-1242
-1534
-1321
-719
560
2191
4001
6065
7671
8955
9929
10049
10099
9717
8251
5465
912
-4864
-11204
-16635
-19810
-20466
-18054
-13667
-8015
-1666
4359
10199
15038
18327
19975
19156
15850
10766
4469
-1748
-6760
-10324
-11904
-11999
-11302
-9687
-7954
-5987
-3762
-1847
-146
932
1432
1799
2252
3154
4548
5906
6910
7273
6599
5099
2946
368
-2229
-4730
-6924
-8449
-9205
-8770
-7092
-4625
-1647
1113
3337
4689
5176
4786
3874
2727
1237
-126
-1402
-2528
-3298
-3836
-4067
-3992
-3945
-3746
-3480
-3099
-2121
-1003
336
1703
2522
2921
2556
1519
199
-1296
-2752
-3903
-4828
-4998
-4464
-3411
-1656
317
2494
4302
5407
5981
5729
5005
3765
2017
413
-1044
-2185
-2617
-2525
-1628
-11
1853
4147
6264
8278
10137
11173
12051
12008
10877
8497
3775
-1889
-8636
-15063
-19260
-21738
-20971
-17479
-12556
-5822
1165
7842
14129
18278
20460
20354
17166
12469
6597
286
-4749
-8831
-11348
-12180
-12113
-10705
-8524
-6115
-3315
-919
669
1568
1641
1493
1651
2232
3399
4703
5680
6204
5844
4700
3115
1111
-1165
-3456
-5613
-7447
-8579
-8615
-7300
-4847
-1894
1090
3577
5123
5721
5402
4199
2730
961
-879
-2474
-3819
-4530
-4819
-4529
-3967
-3348
-2567
-1895
-1256
-484
376
1349
1989
2266
2138
1347
283
-1141
-2656
-3926
-4850
-5373
-5302
-4570
-3187
-1409
606
2681
4432
5775
6521
6593
6090
4917
3230
1207
-859
-2616
-3590
-3852
-3022
-1521
498
2920
5322
7860
10075
11964
13339
13617
12686
9824
4641
-1321
-8454
-14800
-18747
-21269
-20449
-17422
-13138
-6588
55
6881
13580
17868
20335
20118
16781
12168
6232
157
-4434
-8399
-10933
-11914
-12272
-11030
-8862
-6212
-2864
-47
1876
2965
2994
2778
2769
2954
3759
4625
5021
4944
4099
2766
1344
-229
-1879
-3502
-5180
-6736
-7669
-7613
-6402
-4135
-1379
1372
3680
5068
5703
5437
4361
2917
1000
-1097
-3040
-4622
-5474
-5676
-5252
-4382
-3277
-2272
-1116
-28
982
2199
3021
3361
3228
2361
1061
-566
-2380
-3896
-5441
-6547
-6818
-6516
-5390
-3519
-1420
840
2902
4393
5503
6137
6347
6146
5385
4142
2426
334
-1599
-2989
-3612
-3299
-2152
-507
1598
3926
6246
8718
10997
12891
13998
13519
10961
6120
-247
-7594
-14081
-18488
-20910
-20292
-17538
-13219
-7052
-431
6621
13353
18028
20675
20346
16885
11771
5517
-581
-5296
-8992
-11222
-12089
-12095
-10733
-8593
-5875
-2559
215
2138
3114
3171
2927
2926
3157
3878
4820
5172
5035
4116
2622
1018
-858
-2685
-4369
-5997
-7237
-7792
-7356
-5740
-3330
-553
2019
4114
5407
5859
5522
4441
2864
750
-1432
-3391
-4832
-5374
-5432
-4967
-4369
-3791
-2942
-2117
-908
837
2479
3959
4863
4877
4285
2826
1007
-967
-3155
-5214
-7048
-8463
-8701
-7750
-5827
-3107
-103
2636
4642
6002
6619
6715
6334
5496
4197
2363
388
-1332
-2678
-3285
-2885
-1919
-451
1348
3233
5276
7283
9307
11112
12363
12585
10867
6802
1205
-5534
-12096
-16704
-19588
-19637
-17216
-13525
-7871
-1670
4827
11454
16388
19382
20033
17449
12940
7016
638
-4441
-8633
-11353
-12315
-12379
-10984
-8558
-5791
-2448
543
2512
3672
3782
3400
3195
3107
3528
4280
4751
4838
4267
3145
1656
-153
-2217
-4252
-6174
-7650
-8274
-7837
-6189
-3654
-708
2064
4334
5827
6436
6172
5025
3309
1080
-1479
-3733
-5370
-6182
-6039
-5468
-4633
-3524
-2670
-1646
-467
766
2272
3403
4191
4524
3976
3150
1874
56
-1791
-3837
-5842
-7402
-8395
-8171
-6986
-5024
-2254
422
2878
4909
6098
6785
6763
6151
4958
3136
1157
-762
-2321
-3039
-2886
-2068
-653
1041
2914
5020
7023
9016
10740
11843
12147
10592
6834
1628
-5056
-11457
-16100
-19380
-19636
-17480
-13933
-8248
-2025
4574
11351
16253
19442
20188
17634
13392
7633
1216
-4032
-8531
-11602
-12744
-12906
-11448
-8816
-5865
-2259
784
2786
3986
4066
3697
3522
3381
3706
4264
4493
4498
4058
2997
1870
217
-1915
-4088
-6365
-8240
-9172
-8894
-7272
-4488
-1339
1827
4478
6391
7443
7416
6337
4455
1794
-1241
-3926
-5927
-6839
-6881
-6229
-5248
-4230
-3126
-2041
-868
589
2148
3383
4327
4662
4392
3773
2633
1184
-621
-2809
-4994
-6969
-8297
-8449
-7647
-5843
-3270
-557
2065
4318
6029
7112
7519
7122
5883
4056
1788
-374
-2072
-3205
-3394
-2832
-1633
186
2184
4432
6883
8888
10877
12245
12301
10770
6834
1501
-4992
-11361
-15913
-18897
-19090
-16870
-13405
-7903
-1766
4635
11036
15621
18464
18930
16264
12110
6699
890
-3740
-7855
-10636
-11911
-12183
-10900
-8621
-5837
-2426
399
2328
3429
3578
3523
3544
3754
4382
4946
5175
5069
4362
3352
2074
251
-1914
-4286
-6651
-8582
-9601
-9149
-7342
-4545
-1334
1869
4607
6641
7895
8029
7115
5360
2591
-689
-3602
-5854
-7145
-7442
-7249
-6296
-5093
-4030
-2398
-836
769
2748
3878
4741
5177
4819
4327
3063
1512
-209
-2526
-4655
-6452
-7786
-7852
-7099
-5717
-3690
-1497
907
3136
4950
6553
7313
7256
6543
4850
2862
865
-826
-2031
-2563
-2339
-1676
-358
1391
3549
5868
7951
9935
11003
10886
9024
5119
122
-6031
-11397
-15092
-17345
-16577
-14181
-10479
-5012
516
6229
11561
14953
16883
16308
13256
9116
3773
-1309
-5218
-8443
-10195
-10690
-10359
-8719
-6518
-3989
-1146
988
2318
3048
3105
3107
3268
3667
4404
5005
5207
5022
4296
3112
1573
-435
-2776
-5118
-7263
-8807
-9233
-8401
-6389
-3574
-629
2240
4762
6559
7593
7631
6643
4820
2162
-760
-3303
-5383
-6565
-7018
-7023
-6354
-5497
-4245
-2699
-1023
969
2535
3655
4398
4391
4052
3338
2190
866
-743
-2617
-4324
-5676
-6300
-6145
-5441
-3999
-2402
-707
1099
2628
4067
5155
5739
5876
5326
4406
3124
1733
520
-512
-963
-879
-357
840
2293
4065
6078
7715
9166
9834
8713
5657
1298
-4671
-10226
-14250
-16938
-16569
-14442
-11015
-5608
-221
5628
11351
14973
17300
17146
14068
9822
4239
-1399
-5503
-9045
-10998
-11364
-11040
-9190
-6784
-4131
-1108
1165
2451
3106
3001
2723
2746
3033
3834
4665
5121
5278
4919
4019
2850
998
-1490
-4020
-6697
-8817
-9683
-9254
-7408
-4663
-1832
1134
3642
5540
6926
7347
6883
5626
3341
705
-1661
-3719
-4776
-5391
-5697
-5324
-5053
-4395
-3308
-2193
-433
1137
2323
3301
3595
3651
3302
2425
1460
84
-1614
-3189
-4592
-5277
-5232
-4655
-3572
-2305
-835
706
2127
3345
4300
4691
4631
4091
3346
2601
1811
1328
1088
834
981
1480
2176
3381
4777
5979
7210
7942
7926
6802
3648
-423
-5522
-10774
-14141
-16420
-16238
-13518
-10022
-4783
915
6333
11719
15142
16847
16655
13556
9198
4032
-1544
-5824
-9240
-11377
-11811
-11386
-9634
-7008
-4226
-1130
1280
2648
3317
3329
3016
2915
3145
3718
4385
4657
4553
4051
3246
2130
524
-1521
-3744
-5897
-7717
-8590
-8197
-6584
-4070
-1431
1112
3261
4711
5607
5749
5120
3986
2159
-85
-1965
-3375
-4143
-4281
-4067
-3565
-2825
-2148
-1427
-504
335
1194
1719
1835
1960
1640
1178
680
-255
-1122
-2083
-3088
-3594
-3771
-3428
-2662
-1898
-1011
-135
670
1643
2483
3131
3346
3139
2568
1886
1334
978
1007
1317
1792
2255
2985
3915
4921
6155
7186
7905
8322
7763
5837
2210
-2436
-7965
-12990
-16184
-17949
-16893
-13783
-9660
-3772
2161
8169
13662
16920
18563
17783
14118
9286
3329
-2549
-6913
-10682
-12782
-13262
-12805
-10656
-7844
-4676
-1052
1652
3388
4355
4379
4311
4382
4445
4924
5198
5048
4488
3411
2149
725
-1106
-3233
-5217
-7110
-8430
-8623
-7744
-5579
-2730
87
2737
4721
5942
6449
5997
4861
3185
884
-1490
-3328
-4520
-4953
-4618
-3942
-3167
-2021
-1088
-127
1029
1803
2503
2641
2320
1991
1193
497
-207
-1341
-2281
-3272
-4219
-4444
-4108
-3259
-2054
-796
406
1341
2085
2832
3314
3507
3394
2723
1794
909
137
-321
-137
261
998
1925
2980
4630
6103
7680
9070
9766
10152
9285
6692
2501
-2849
-9213
-14698
-18539
-20422
-18987
-15806
-10833
-4210
2411
9307
15106
18615
20367
19224
15370
10186
3802
-2224
-6947
-11059
-13291
-14045
-13702
-11646
-8957
-5695
-2048
752
2709
3942
4437
4840
5246
5709
6405
6759
6605
5938
4594
2860
713
-1889
-4684
-7233
-9406
-10642
-10497
-9021
-6161
-2850
633
3787
6046
7545
7933
7234
5628
3211
308
-2517
-4652
-5820
-5928
-5380
-4317
-2968
-1706
-491
721
1760
2493
2986
2878
2536
2006
1276
616
-184
-1095
-2246
-3524
-4469
-4887
-4666
-3773
-2553
-1174
159
1248
2243
3134
3941
4299
4088
3309
2142
888
-324
-944
-1115
-736
-61
864
2183
3750
5622
7541
9078
10199
10749
10179
8357
4691
-250
-6095
-12362
-16823
-19739
-20126
-17497
-13569
-7666
-900
5637
12118
16668
19176
19676
17036
12576
7061
820
-4364
-8645
-11905
-13354
-13664
-12522
-10254
-7471
-4161
-1208
1019
2600
3677
4341
5098
5925
6664
7248
7328
6859
5790
4156
2014
-591
-3665
-6640
-9205
-11024
-11453
-10366
-7950
-4587
-1059
2309
5155
7070
8072
7917
6701
4622
1824
-1271
-3762
-5344
-5903
-5581
-4777
-3501
-2323
-1302
-161
783
1581
2335
2482
2357
2118
1691
1347
756
67
-877
-2266
-3538
-4531
-5030
-4685
-3836
-2670
-1268
-45
1094
2191
3164
3893
4142
3799
3025
1837
524
-436
-946
-1086
-748
-100
746
2124
3591
5349
7051
8295
9188
9472
9062
7976
5501
1429
-3235
-9081
-14003
-17047
-18772
-17205
-13920
-9460
-3331
2426
8330
13542
16348
17872
16902
13349
8877
3225
-2134
-6352
-9945
-11847
-12414
-11898
-10107
-7793
-5006
-2033
251
1798
2852
3365
3781
4409
5118
5994
6572
6524
5882
4582
2727
664
-1960
-4725
-7107
-9169
-10299
-10114
-8600
-5858
-2546
613
3455
5448
6608
6891
6288
4880
2803
260
-2070
-3718
-4536
-4371
-3828
-2732
-1744
-1154
-519
-224
136
594
831
966
1081
1211
1376
1296
1151
815
-151
-1391
-2765
-3845
-4327
-4282
-3696
-2842
-1703
-465
681
1867
2958
3653
3866
3600
2792
1755
774
-99
-495
-522
-126
534
1381
2639
3930
5253
6506
7351
7918
7891
7692
7199
5249
2022
-2003
-7411
-12062
-15185
-17083
-15673
-12809
-8936
-3625
1202
6479
11207
13975
15946
15382
12497
8575
3253
-1605
-5331
-8407
-9739
-9952
-9470
-7915
-6175
-3955
-1474
228
1288
1799
1792
1778
2164
2941
4289
5470
5900
5786
4794
3315
1531
-716
-2934
-5038
-7126
-8496
-8803
-7880
-5558
-2780
0
2509
4075
4923
5075
4460
3532
2047
168
-1486
-2749
-3262
-3012
-2390
-1582
-846
-558
-494
-449
-456
-190
98
368
681
803
930
1036
878
536
-188
-1292
-2453
-3418
-3995
-4032
-3541
-2555
-1424
-296
857
1801
2554
3088
3221
2896
2343
1577
802
334
176
270
644
1015
1642
2404
3263
4299
5105
5682
6024
5939
5769
5851
5661
4551
2121
-1192
-5758
-10015
-12770
-14214
-12997
-10665
-7648
-3649
176
4499
8632
11444
13468
13300
10829
7242
2582
-1305
-4007
-5987
-6635
-6619
-6302
-5427
-4408
-2966
-1230
-305
2
-207
-832
-1105
-612
597
2471
4103
4972
5145
4615
3688
2486
893
-850
-2796
-4857
-6447
-7006
-6222
-4469
-2384
-457
940
1655
1924
1881
1778
1562
1038
218
-601
-987
-806
-248
452
1064
815
-43
-1190
-2710
-3092
-3010
-2592
-1552
-827
133
786
1320
1980
1919
1478
430
-1356
-2740
-3647
-3977
-3408
-2496
-1390
-501
56
725
1306
1944
2503
2571
2315
2081
1622
1488
1632
1741
2080
1858
1671
1687
1625
2151
2891
3615
4651
5333
5935
6716
6993
6641
4509
1218
-3315
-8418
-11927
-14393
-14295
-12311
-9737
-5684
-1617
2759
7228
10270
12514
13004
10954
7898
3990
423
-1833
-3473
-4017
-3968
-3893
-3613
-3518
-3190
-2557
-2453
-2872
-3572
-4225
-4314
-3355
-1378
1372
4216
6163
7148
7200
6508
5312
3497
1357
-929
-3377
-5476
-6768
-6749
-5532
-3897
-2165
-803
-54
321
374
604
890
1080
1108
952
994
1290
1568
1716
1504
669
-528
-2177
-3415
-3896
-3837
-3138
-2297
-1318
-246
535
1330
1822
1851
1378
169
-1254
-2472
-3074
-3126
-2675
-1820
-1047
-507
-203
239
944
1648
2269
2510
2455
2330
2018
1871
2030
1997
1886
1335
697
474
373
950
1952
3154
4585
5575
6490
7439
8164
8157
6042
2768
-2042
-7791
-12048
-15308
-15719
-13713
-11174
-7073
-2760
1661
6444
9804
12371
13545
12046
9362
5617
2026
-140
-1796
-2417
-2523
-2954
-3299
-3807
-4287
-4338
-4591
-5365
-6007
-6517
-6303
-4800
-2111
1376
4907
7456
8896
9163
8391
7128
5115
2695
97
-2825
-5373
-6938
-7190
-6151
-4623
-3018
-1761
-1213
-994
-798
-391
357
1085
1535
1850
1993
2079
2356
2272
1944
1072
-445
-2110
-3650
-4390
-4484
-3902
-2743
-1538
-379
523
1109
1412
1400
867
-116
-1277
-2209
-2801
-2878
-2341
-1518
-651
-17
503
989
1482
1967
2346
2458
2437
2247
1927
1631
1487
1288
891
399
77
74
316
1226
2315
3587
5027
6055
6962
7849
8268
7875
5537
1859
-2827
-8598
-12721
-15436
-15766
-13477
-10605
-6442
-1948
2318
6880
10190
12315
13198
11617
8855
5382
2012
-25
-1426
-2072
-2170
-2422
-2906
-3701
-4598
-5320
-6053
-7029
-7716
-7737
-6962
-4886
-1797
1990
5809
8506
10040
10237
9189
7437
4994
2187
-535
-3225
-5306
-6416
-6451
-5380
-3981
-2646
-1797
-1485
-1540
-1554
-1300
-758
113
866
1519
2210
2712
3085
3268
2754
1708
33
-2094
-3678
-4699
-4816
-4117
-2960
-1626
-614
204
711
835
756
423
-346
-1230
-1928
-2331
-2210
-1530
-527
276
852
1160
1178
1205
1267
1355
1447
1476
1286
1113
965
896
1010
930
968
893
920
1281
1875
2811
3972
5128
6177
6928
7399
7535
6899
4674
1021
-3336
-8745
-12702
-15191
-15504
-12975
-9785
-5432
-766
3231
7283
10120
11679
12268
10769
8145
4992
1861
-89
-1141
-1446
-1128
-1254
-1886
-3048
-4596
-6033
-7209
-8171
-8562
-8142
-7009
-4566
-1213
2673
6614
9325
10730
10604
8992
6817
4136
1457
-788
-2791
-4236
-4910
-4871
-4037
-2943
-2066
-1595
-1782
-2296
-2781
-2908
-2323
-1176
178
1656
3014
4008
4636
4661
3880
2289
162
-2185
-4215
-5332
-5457
-4699
-3388
-1991
-806
-28
354
505
234
-68
-549
-1124
-1330
-1289
-814
-61
679
1239
1266
929
443
-111
-372
-352
-220
105
296
609
971
1200
1603
1795
1731
1611
1411
1402
1910
2606
3575
4561
5253
5731
5649
5489
5316
4535
2695
-281
-3842
-8054
-11065
-12588
-12288
-9682
-6805
-3284
131
2991
5819
7623
8700
9206
8141
6169
3911
1808
823
414
411
570
-122
-1528
-3479
-5596
-7213
-8184
-8724
-8482
-7439
-5809
-3217
-97
3413
6686
8601
9150
8437
6667
4708
2661
968
-196
-1222
-1861
-2285
-2357
-2088
-1936
-2033
-2563
-3568
-4526
-5039
-4827
-3593
-1722
467
2453
3935
4857
5161
4809
3702
2067
107
-2055
-3808
-4838
-4906
-4210
-3234
-2088
-1373
-1028
-960
-1017
-949
-747
-393
-45
308
859
1364
1805
2046
1830
1209
76
-1125
-2018
-2433
-2329
-1839
-1074
-180
674
1297
1925
2405
2705
2779
2485
2288
2193
2188
2411
2865
3323
3736
4055
4201
4210
4146
4085
3839
2926
904
-1418
-4587
-7412
-8955
-9633
-8415
-6630
-4439
-1754
454
2787
4903
6254
7291
7245
6201
4887
3327
2245
1662
1205
945
177
-1358
-2990
-4738
-6286
-7080
-7432
-7220
-6350
-5289
-3497
-1220
1202
3847
5686
6636
6790
6012
4991
3959
3005
2439
1819
1106
271
-898
-1915
-2842
-3812
-4642
-5421
-5977
-5932
-5275
-3877
-1858
301
2334
3805
4594
4782
4427
3478
2154
471
-1237
-2649
-3686
-4079
-3915
-3438
-2923
-2547
-2379
-2227
-1963
-1412
-622
371
1383
2099
2539
2637
2336
1777
866
-371
-1664
-2822
-3508
-3629
-3125
-2213
-1094
-76
740
1420
1887
2279
2645
2767
2840
2600
2262
2012
1923
2143
2330
2648
2890
2884
2986
3031
3303
3932
4387
4633
3497
1360
-1331
-4872
-7416
-9163
-9354
-8057
-6505
-3974
-1402
1002
3370
4920
5979
6336
5529
4344
3104
2176
1787
1550
1581
1428
650
-666
-2242
-4020
-5615
-6749
-7490
-7435
-6667
-5276
-2994
-356
2532
5086
6704
7432
7208
6499
5549
4418
3404
2361
1145
-96
-1415
-2578
-3462
-4151
-4829
-5336
-5663
-5613
-4933
-3540
-1647
418
2293
3617
4336
4383
3891
2822
1469
101
-1311
-2403
-3239
-3578
-3456
-3045
-2519
-2114
-1678
-1364
-1199
-824
-229
381
1051
1498
1651
1495
1053
424
-350
-1151
-1871
-2571
-2879
-2729
-2177
-1355
-436
409
880
1103
1172
1211
1328
1569
1836
2036
2269
2414
2405
2515
2443
2294
2199
1890
2046
2402
2954
3916
4722
5446
5755
5090
3205
631
-2774
-6083
-8265
-9514
-8896
-7403
-5249
-2691
-588
1531
3213
4072
4643
4526
3791
3060
2201
2024
2177
2394
2641
2332
1188
-463
-2492
-4681
-6202
-7020
-6889
-5798
-4279
-2143
125
2168
4111
5253
5613
5309
4276
2996
1811
837
419
195
91
-107
-651
-1294
-1983
-2689
-3303
-3648
-3772
-3500
-2942
-2118
-987
169
1111
1665
1653
1282
564
-337
-1039
-1536
-1623
-1522
-1278
-1036
-892
-807
-890
-1115
-1343
-1589
-1691
-1486
-1100
-396
310
859
1069
869
435
-205
-857
-1368
-1798
-2180
-2255
-2074
-1790
-1211
-616
-6
509
774
997
1171
1473
1907
2316
2709
2877
2874
2632
2301
2145
1962
2028
2188
2277
2589
2985
3631
4238
4830
5284
5134
3819
1487
-1309
-4619
-6989
-8398
-8491
-7184
-5548
-3445
-1488
107
1484
2309
2745
3006
2761
2417
2174
2128
2664
3332
3901
4128
3650
2355
510
-1553
-3361
-4546
-5108
-4880
-4206
-3224
-1867
-656
396
1278
1617
1631
1389
1042
979
1178
1636
2281
2799
2961
2719
1941
840
-446
-1750
-2915
-3870
-4321
-4267
-3843
-3057
-2218
-1442
-883
-638
-655
-744
-903
-939
-750
-388
125
513
841
993
764
209
-541
-1306
-1814
-2051
-1885
-1513
-963
-455
-212
-161
-427
-786
-1171
-1564
-1781
-1814
-1651
-1297
-764
-217
215
496
608
581
453
434
526
768
1104
1514
1986
2320
2453
2331
2054
1669
1306
1144
1156
1355
1800
2423
3281
4138
4910
5527
5781
5688
5147
3667
1415
-1136
-4146
-6302
-7786
-8269
-7390
-6324
-4548
-2913
-1527
-184
795
1753
2723
3365
4023
4684
5101
5578
5889
5907
5426
4237
2300
59
-2390
-4501
-5771
-6525
-6406
-5794
-4918
-3709
-2561
-1324
-70
946
1767
2366
2873
3400
3673
4016
4218
4006
3411
2213
660
-1006
-2607
-3916
-4713
-5039
-4934
-4497
-3813
-2985
-2165
-1471
-1011
-666
-556
-505
-428
-252
160
519
888
1010
808
347
-345
-1023
-1517
-1776
-1883
-1715
-1513
-1163
-741
-363
6
158
15
-302
-705
-1154
-1304
-1235
-993
-637
-431
-335
-316
-381
-389
-301
-116
111
388
726
1079
1569
1954
2194
2360
2299
2100
1919
1918
2082
2398
2869
3309
3655
4037
4367
4665
4805
4807
4502
3805
2177
-131
-2619
-5376
-7239
-8238
-8044
-6721
-5208
-3254
-1470
57
1390
2273
3032
3672
4036
4254
4307
4284
4347
4223
3786
3000
1741
-10
-1861
-3561
-4780
-5213
-5107
-4265
-3032
-1942
-848
-102
462
899
1047
1108
1010
869
806
816
932
1105
1096
867
277
-479
-1283
-1968
-2274
-2373
-2121
-1721
-1386
-1164
-1165
-1326
-1656
-2011
-2368
-2717
-2758
-2703
-2356
-1617
-914
-10
547
804
817
558
423
241
226
314
412
380
340
188
-142
-546
-989
-1487
-1922
-2166
-2219
-2013
-1715
-1241
-797
-503
-391
-550
-797
-1054
-1084
-868
-322
438
1373
2190
2841
3331
3533
3518
3318
3032
2727
2434
2257
2219
2310
2502
2597
2802
2977
2981
3025
2932
2951
2920
2590
1804
495
-1112
-2862
-4044
-4707
-4450
-3654
-2877
-1873
-1274
-773
-330
40
595
1122
1570
2110
2586
3188
3800
4267
4564
4312
3481
2314
901
-401
-1386
-1984
-2196
-2241
-2328
-2498
-2789
-3218
-3416
-3479
-3380
-2936
-2278
-1295
-145
1050
2252
3090
3419
3182
2391
1272
103
-986
-1731
-2153
-2286
-2201
-2154
-2156
-2215
-2414
-2694
-2882
-3039
-2975
-2582
-2074
-1246
-261
540
1269
1638
1645
1374
803
274
-149
-369
-404
-222
37
260
252
-61
-421
-940
-1516
-1997
-2383
-2478
-2325
-2193
-1902
-1523
-1068
-632
-308
-7
269
536
787
1168
1602
2138
2619
2889
3102
3153
3049
2798
2460
2110
1724
1401
1175
1203
1432
1794
2429
3003
3687
4277
4710
5049
4939
3957
2158
-458
-3319
-5536
-7050
-7210
-6416
-5156
-3508
-2248
-1253
-310
540
1432
2255
2870
3386
3781
4024
4408
4781
4975
4756
3771
2259
461
-1485
-3104
-4182
-4616
-4409
-3997
-3446
-2838
-2400
-1851
-1322
-932
-704
-720
-771
-775
-716
-417
-72
238
451
393
162
-126
-350
-328
-155
56
252
335
209
-69
-584
-1158
-1811
-2413
-2943
-3325
-3397
-3235
-2744
-2231
-1620
-1079
-703
-244
122
549
1025
1396
1880
2084
2028
1682
1025
162
-746
-1550
-2127
-2406
-2476
-2331
-2110
-1743
-1391
-1076
-670
-329
-118
39
118
224
425
806
1187
1490
1665
1664
1554
1336
1241
1327
1543
1930
2456
3049
3708
4212
4570
4703
4751
4644
4254
3750
3215
2663
2009
1132
-133
-1753
-3664
-5173
-6005
-5698
-4446
-2995
-1314
-264
463
886
936
1208
1228
1262
1313
1244
1322
1541
1796
2150
2347
2336
2024
1316
592
-76
-462
-535
-387
-413
-611
-1168
-2078
-2972
-3829
-4430
-4778
-4830
-4600
-4033
-3252
-2161
-925
229
1205
1797
2101
2101
1978
1794
1629
1558
1439
1217
846
272
-546
-1434
-2270
-3093
-3690
-3985
-3992
-3729
-3167
-2400
-1539
-781
-228
45
88
64
-2
24
253
546
842
1026
1102
1058
822
550
302
85
-55
-69
-84
-122
-166
-354
-626
-1018
-1524
-2024
-2516
-2804
-2838
-2595
-1970
-1103
-101
940
1944
2748
3307
3724
3980
4100
4124
4049
3968
3844
3612
3402
3124
2948
2733
2514
2392
2320
2384
2438
2375
1996
1040
-378
-1929
-3221
-3759
-3579
-3043
-2386
-2139
-2146
-2388
-2704
-2712
-2408
-1748
-971
-65
833
1776
2824
3677
4254
4354
3918
3106
2052
1111
170
-554
-928
-1229
-1306
-1396
-1601
-1830
-2211
-2591
-2849
-2974
-2761
-2486
-2078
-1597
-1246
-929
-810
-740
-802
-810
-826
-844
-764
-624
-319
47
457
896
1181
1226
996
705
213
-246
-536
-803
-953
-1239
-1544
-1745
-1880
-1834
-1678
-1334
-955
-523
-33
459
985
1340
1524
1402
1059
614
129
-297
-653
-844
-1010
-1115
-1188
-1229
-1219
-1136
-1051
-925
-713
-470
-224
74
437
697
790
751
576
296
60
-63
-39
130
449
876
1437
1983
2452
2805
3037
3110
3007
2739
2381
2064
1810
1632
1598
1580
1481
1381
1138
810
409
60
-380
-773
-1143
-1373
-1322
-1072
-602
-54
420
653
690
470
74
-315
-626
-832
-907
-869
-756
-626
-525
-372
-312
-264
-262
-264
-280
-314
-274
-137
-53
-30
-72
-254
-449
-670
-870
-986
-1079
-1138
-1147
-1080
-961
-857
-748
-662
-658
-643
-693
-706
-730
-679
-575
-460
-273
-135
56
177
361
564
721
860
901
909
872
876
790
724
518
203
-199
-666
-1091
-1476
-1717
-1804
-1725
-1465
-1103
-749
-345
24
345
560
571
500
297
-32
-295
-506
-598
-580
-602
-614
-671
-712
-797
-799
-675
-505
-251
-9
243
518
780
1036
1094
1181
1201
1126
967
774
606
413
254
-38
-192
-240
-317
-362
-391
-384
-327
-256
-177
26
302
662
979
1230
1449
1604
1736
1854
1945
2134
2152
1907
1645
1202
742
316
-50
-280
-410
-485
-497
-567
-646
-819
-1035
-1176
-1316
-1378
-1271
-1058
-766
-351
-25
221
311
276
135
-134
-462
-755
-1000
-1152
-1211
-1090
-880
-613
-338
-245
-171
-254
-281
-240
-101
18
216
371
438
510
436
417
370
285
96
-90
-268
-420
-433
-364
-285
-154
-102
-80
-107
-152
-213
-312
-413
-514
-618
-682
-648
-583
-425
-334
-264
-253
-291
-264
-249
-192
-141
-118
-102
-99
-74
-20
76
185
218
202
184
180
171
222
390
414
402
384
327
313
262
195
111
-26
-97
-150
-118
11
151
243
281
320
222
213
273
405
698
1086
1417
1839
2250
2594
2970
3257
3421
3282
2843
2136
1291
341
-549
-1195
-1495
-1574
-1437
-1299
-1188
-1239
-1369
-1547
-1687
-1673
-1594
-1394
-1102
-688
-343
6
310
576
696
597
459
247
38
-133
-210
-253
-208
-57
-10
-22
-134
-297
-549
-738
-764
-748
-563
-420
-260
-168
-115
-12
75
171
262
365
385
461
409
292
169
-28
-256
-531
-813
-1008
-1062
-1100
-1033
-890
-712
-450
-275
34
223
233
132
-97
-311
-533
-616
-562
-496
-369
-305
-400
-569
-769
-902
-963
-975
-858
-640
-398
-126
152
278
387
404
341
204
61
-130
-168
-180
-203
-211
-298
-383
-572
-661
-676
-542
-332
22
440
987
1465
1979
2466
2799
3021
3076
3024
2971
2923
2948
3006
3029
3016
2943
2727
2258
1510
494
-660
-1860
-2797
-3264
-3225
-2775
-2205
-1728
-1507
-1505
-1591
-1641
-1549
-1339
-917
-498
-18
413
788
1114
1311
1524
1552
1520
1424
1263
1066
886
835
765
762
600
312
-148
-590
-983
-1295
-1375
-1367
-1313
-1265
-1304
-1386
-1404
-1507
-1445
-1386
-1202
-876
-409
114
648
1139
1485
1586
1464
1214
811
358
-137
-461
-719
-726
-666
-587
-702
-986
-1374
-1786
-2164
-2398
-2413
-2288
-2033
-1677
-1182
-781
-457
-233
-122
-83
-113
-111
-40
106
278
400
545
561
381
67
-372
-782
-1142
-1336
-1381
-1348
-1241
-1055
-816
-587
-379
-191
-40
174
452
766
1170
1694
2304
2855
3436
3833
4131
4175
4058
3880
3601
3340
3120
2945
2852
2862
2783
2507
1963
903
-567
-2147
-3556
-4384
-4540
-4005
-3247
-2607
-2257
-2152
-2154
-2113
-1790
-1329
-764
-170
466
1077
1643
2208
2669
3000
3159
3137
2992
2708
2288
1829
1380
1053
679
240
-413
-1272
-2147
-2954
-3416
-3563
-3419
-3056
-2591
-2079
-1587
-1206
-924
-694
-535
-390
-199
-17
220
518
772
1046
1210
1307
1190
840
381
-52
-356
-462
-405
-354
-429
-641
-1073
-1534
-1970
-2417
-2670
-2876
-2849
-2596
-2158
-1593
-1108
-738
-448
-224
-84
84
334
560
839
966
1043
1013
845
590
208
-171
-640
-1069
-1385
-1664
-1792
-1736
-1547
-1216
-872
-488
-147
166
561
950
1474
2014
2470
2781
3061
3220
3310
3291
3159
2997
2765
2633
2571
2638
2677
2789
2868
2910
2870
2447
1643
301
-1228
-2717
-3753
-4048
-3729
-3027
-2472
-2169
-2144
-2327
-2415
-2264
-1769
-1091
-169
794
1680
2488
2999
3366
3490
3481
3344
2955
2516
2013
1575
1281
1205
1154
999
611
-138
-1052
-2123
-2953
-3463
-3640
-3577
-3312
-2988
-2656
-2299
-2008
-1696
-1504
-1294
-1074
-782
-423
14
571
1034
1446
1806
1900
1738
1339
747
176
-394
-812
-1008
-1195
-1338
-1538
-1787
-1984
-2233
-2519
-2697
-2800
-2663
-2338
-1974
-1587
-1186
-796
-447
-21
302
574
660
539
293
108
-51
-164
-200
-314
-410
-537
-663
-700
-643
-592
-473
-273
-59
132
257
379
481
670
878
1116
1397
1599
1754
1800
1911
2043
2097
2219
2317
2420
2550
2791
3082
3381
3642
3726
3585
3160
2493
1552
485
-547
-1442
-2026
-2230
-2304
-2193
-1995
-1911
-1840
-1846
-1861
-1719
-1473
-1086
-653
-40
537
1139
1610
1921
2127
2117
1951
1720
1460
1261
1174
1082
1067
1001
795
458
109
-275
-730
-1190
-1560
-1848
-2099
-2266
-2424
-2565
-2666
-2676
-2634
-2492
-2320
-2063
-1787
-1417
-1007
-570
-185
142
394
533
597
551
547
539
494
433
368
223
125
-90
-346
-640
-952
-1214
-1494
-1715
-1817
-1848
-1915
-1855
-1776
-1672
-1507
-1351
-1199
-1104
-952
-850
-694
-452
-232
-24
148
233
296
284
191
95
-18
-40
-42
25
92
186
197
137
137
150
228
334
457
534
688
839
1159
1488
1779
2044
2196
2305
2367
2372
2454
2601
2705
2909
3126
3356
3559
3709
3813
3716
3407
2814
1852
576
-789
-1967
-2715
-2917
-2685
-2114
-1612
-1369
-1435
-1721
-2002
-2053
-1879
-1392
-748
-143
445
812
1268
1538
1769
1903
1864
1735
1374
1049
670
471
345
350
353
273
72
-348
-1031
-1819
-2508
-2980
-3200
-3181
-2907
-2608
-2326
-2057
-1868
-1676
-1425
-1221
-988
-747
-574
-448
-300
-120
210
486
624
669
577
306
134
36
17
96
74
55
-38
-254
-666
-1070
-1452
-1767
-1931
-1957
-1968
-1871
-1751
-1613
-1454
-1319
-1115
-888
-650
-371
-45
295
586
835
1014
1006
981
788
642
420
194
-27
-305
-499
-729
-897
-945
-850
-640
-239
171
670
1194
1627
2051
2360
2591
2704
2769
2735
2575
2364
2167
1977
1898
1915
1907
1898
1871
1818
1804
1810
1806
1949
2027
2012
1938
1640
1234
687
-4
-670
-1208
-1483
-1513
-1406
-1229
-1130
-1193
-1295
-1454
-1577
-1562
-1419
-1117
-739
-400
-124
20
92
102
106
103
141
289
435
523
616
562
491
324
100
-184
-469
-758
-1173
-1520
-1841
-2080
-2232
-2238
-2151
-2042
-1831
-1580
-1311
-1032
-730
-386
-137
134
360
510
577
531
403
196
-54
-274
-486
-609
-632
-573
-562
-554
-520
-517
-506
-570
-530
-526
-481
-371
-255
-124
-29
-1
2
-129
-367
-562
-792
-835
-873
-730
-491
-230
13
175
443
581
673
730
757
745
728
722
690
640
565
483
389
295
240
224
287
388
535
699
891
1100
1288
1431
1397
1424
1391
1331
1307
1294
1413
1479
1614
1811
1830
1841
1823
1710
1597
1501
1458
1473
1428
1356
1121
734
183
-391
-930
-1273
-1406
-1384
-1197
-1025
-876
-826
-916
-1045
-1248
-1401
-1505
-1456
-1347
-1214
-980
-830
-763
-776
-744
-789
-773
-647
-464
-292
-98
109
263
440
516
557
463
275
-34
-400
-748
-1081
-1263
-1345
-1360
-1303
-1233
-1271
-1245
-1230
-1215
-1177
-1035
-805
-507
-209
93
250
422
437
362
256
162
38
-58
-51
-86
-88
-77
12
98
196
211
202
104
-27
-99
-51
-110
-94
-114
-235
-355
-450
-427
-337
-135
4
133
255
310
293
354
323
270
159
52
-70
-168
-195
-283
-261
-141
-12
182
348
443
540
589
604
642
725
843
941
1041
1086
1106
1143
1007
1015
1005
1010
1001
1011
1048
1053
1087
1122
1237
1308
1404
1441
1450
1487
1353
1279
1089
756
323
-224
-816
-1279
-1571
-1712
-1607
-1436
-1195
-1090
-1110
-1210
-1451
-1648
-1780
-1864
-1802
-1647
-1409
-1147
-919
-622
-326
-74
91
239
303
377
463
596
704
834
996
1066
1077
885
616
180
-240
-556
-822
-1002
-1068
-1113
-1151
-1216
-1240
-1253
-1133
-964
-772
-481
-154
211
511
776
977
1148
1152
1151
1082
1000
928
840
785
747
731
681
610
461
277
-3
-243
-498
-761
-922
-1077
-1189
-1123
-966
-826
-589
-417
-303
-260
-260
-344
-392
-388
-391
-389
-362
-261
-197
-106
-115
-35
-41
-8
134
286
426
542
667
715
731
724
682
592
535
500
484
497
454
356
271
170
122
112
149
364
495
728
961
1132
1323
1434
1485
1467
1381
1196
1022
860
775
724
745
677
421
-2
-553
-1086
-1540
-1772
-1830
-1715
-1527
-1315
-1247
-1250
-1253
-1194
-1121
-982
-817
-651
-409
-155
14
165
309
394
454
475
510
503
529
569
617
732
843
852
719
495
180
-135
-409
-635
-683
-662
-539
-455
-314
-218
-155
-114
-103
-125
-195
-189
-195
-194
-99
112
354
581
845
1001
1035
1004
882
760
676
540
381
174
-93
-309
-620
-881
-1128
-1290
-1386
-1499
-1488
-1474
-1424
-1328
-1218
-1077
-886
-703
-532
-420
-287
-137
-72
27
169
243
324
374
354
244
134
85
15
-22
-23
-3
-149
-258
-363
-525
-576
-562
-557
-524
-465
-427
-303
-155
32
277
533
751
943
1125
1178
1228
1189
1181
1122
1089
1134
1089
1100
1121
1136
1144
1154
1149
1066
953
822
740
637
552
461
286
57
-251
-554
-757
-904
-941
-851
-733
-596
-434
-292
-161
-85
-39
34
32
68
182
285
353
508
589
593
603
547
575
527
527
436
337
255
190
137
90
57
-27
-135
-277
-410
-569
-650
-706
-724
-712
-690
-592
-500
-318
-133
56
212
376
453
485
473
474
480
410
323
205
91
-144
-409
-624
-858
-1090
-1255
-1378
-1441
-1441
-1327
-1193
-1105
-1006
-870
-761
-673
-614
-556
-447
-400
-385
-425
-403
-429
-421
-400
-415
-318
-301
-263
-132
-116
-85
-89
-142
-150
-170
-210
-267
-281
-308
-328
-291
-279
-238
-173
-56
-23
43
82
217
351
450
582
709
841
916
1040
1120
1198
1299
1343
1416
1468
1521
1534
1508
1507
1353
1176
982
821
633
553
498
450
406
226
92
-89
-301
-459
-465
-429
-374
-198
-84
72
213
329
390
374
363
289
183
99
13
-83
-103
-134
-201
-252
-360
-372
-401
-346
-378
-392
-323
-281
-186
-102
-63
-88
-62
-6
-22
-3
12
41
-25
-141
-153
-198
-174
-165
-159
-203
-217
-304
-397
-505
-601
-642
-648
-587
-605
-615
-716
-873
-1009
-1126
-1231
-1283
-1291
-1274
-1254
-1248
-1210
-1152
-1099
-1030
-1005
-906
-807
-729
-618
-554
-420
-262
-112
-39
46
56
-3
-23
-62
-107
-195
-273
-304
-363
-419
-401
-362
-303
-280
-190
-61
37
172
353
422
680
896
987
1109
1133
1169
1161
1160
1139
1150
1150
1142
1123
1070
1003
880
796
753
653
644
618
594
658
676
754
748
704
617
577
599
623
669
706
682
652
464
270
62
-167
-368
-489
-540
-549
-530
-495
-446
-443
-402
-387
-352
-319
-314
-221
-164
-10
130
196
306
268
202
81
-11
-93
-225
-331
-401
-433
-465
-475
-458
-464
-482
-515
-547
-600
-505
-497
-535
-492
-493
-486
-432
-448
-491
-585
-727
-872
-962
-1043
-1059
-1010
-933
-791
-727
-641
-574
-451
-426
-426
-417
-486
-523
-567
-584
-598
-563
-565
-547
-508
-517
-492
-476
-407
-312
-210
-113
-74
25
92
159
233
250
304
411
522
570
636
682
733
781
806
878
848
916
863
805
711
578
531
428
406
407
400
387
401
476
551
667
749
802
897
927
853
812
806
745
688
583
451
296
140
23
-78
-123
-94
-61
47
128
160
212
307
343
355
372
275
215
121
23
16
-46
-82
-136
-162
-210
-245
-295
-349
-366
-274
-257
-258
-301
-320
-419
-520
-516
-564
-572
-588
-459
-418
-376
-332
-342
-270
-297
-337
-376
-416
-439
-498
-538
-538
-492
-521
-595
-600
-698
-749
-812
-939
-906
-832
-734
-592
-475
-397
-291
-275
-238
-233
-296
-351
-414
-503
-615
-724
-828
-867
-910
-898
-906
-905
-777
-690
-543
-340
-135
51
228
389
522
631
733
846
838
889
852
842
786
732
625
549
590
596
635
615
749
694
701
650
583
564
529
503
504
494
444
391
317
274
247
237
263
361
393
360
390
466
495
500
517
518
429
335
247
149
144
183
192
265
330
386
449
456
421
385
246
158
124
-5
-63
-99
-86
-85
-52
-60
-65
-73
-69
-57
-48
27
52
106
131
155
180
163
111
55
-45
-76
-148
-241
-306
-393
-403
-449
-428
-360
-280
-183
-132
-62
16
126
212
264
313
253
159
20
-110
-251
-335
-381
-515
-568
-667
-765
-849
-825
-793
-764
-725
-718
-722
-783
-744
-743
-697
-651
-552
-459
-440
-355
-352
-253
-170
1
100
186
379
445
509
499
493
506
548
593
580
487
375
278
251
248
267
293
260
223
235
234
226
234
262
148
-28
-125
-244
-275
-320
-277
-238
-174
-96
17
236
406
551
667
760
784
741
735
672
553
450
417
320
265
259
272
256
254
264
205
216
200
187
157
62
74
63
73
156
238
356
365
356
297
252
228
193
224
279
319
350
424
460
471
480
467
388
303
220
91
6
-20
-59
-73
-129
-149
-180
-207
-198
-206
-212
-215
-266
-286
-306
-310
-296
-271
-215
-175
-241
-297
-347
-402
-505
-603
-622
-712
-769
-798
-820
-797
-783
-701
-631
-556
-521
-530
-549
-551
-565
-532
-531
-472
-428
-390
-304
-232
-152
-75
-27
15
29
23
30
55
125
177
273
331
385
436
450
407
310
254
189
169
59
34
10
-28
-4
-7
21
23
-4
-16
34
35
102
200
307
425
536
605
650
713
746
724
718
680
620
590
572
521
472
375
348
275
197
147
93
100
82
101
98
105
111
143
182
234
312
314
341
328
286
375
432
499
511
474
461
417
405
395
440
476
444
399
365
302
238
228
156
91
56
-13
-87
-136
-195
-234
-267
-262
-302
-322
-322
-336
-274
-213
-91
-66
-10
22
71
107
78
86
66
59
33
-64
-217
-335
-451
-541
-612
-659
-643
-711
-714
-714
-692
-624
-543
-428
-334
-225
-146
-109
-60
-37
32
97
86
102
37
-3
-45
-112
-171
-197
-252
-298
-391
-389
-370
-394
-324
-272
-184
-183
-160
-137
-68
-21
1
68
82
91
119
164
173
218
304
286
305
276
298
345
376
391
362
330
255
202
210
233
281
338
330
371
358
328
327
330
334
380
397
448
488
457
443
485
528
516
473
465
417
407
445
491
528
603
635
547
496
378
280
187
64
6
-32
-27
-12
29
75
71
39
42
-27
-47
-32
-78
-95
-126
-92
-90
-56
-5
36
65
1
-90
-207
-280
-353
-382
-388
-405
-400
-375
-359
-303
-188
-183
-121
-100
-127
-147
-136
-102
-72
-7
36
55
58
52
-23
-68
-108
-206
-195
-266
-285
-293
-300
-135
-98
-10
39
65
149
133
125
47
-1
-28
-63
-61
-45
-50
-11
4
43
-42
-56
-42
-109
-134
-114
-93
-34
69
36
51
66
48
34
-7
-17
-54
-65
-76
-99
-97
-102
-70
-15
42
124
192
163
110
92
91
28
45
50
50
122
138
155
171
192
182
190
152
194
176
168
193
212
239
251
243
251
238
234
196
163
146
106
34
-54
-87
-128
-43
-19
-36
-7
-63
-139
-160
-158
-138
-140
-165
-169
-226
-274
-296
-292
-280
-277
-246
-176
-114
-71
-30
55
136
172
179
73
-5
-85
-181
-177
-178
-179
-171
-223
-238
-193
-184
-98
-14
30
93
111
163
209
194
206
235
217
208
178
154
121
129
212
265
366
380
394
447
450
496
511
592
568
580
576
503
426
348
290
244
123
67
25
-88
-143
-62
-64
-12
21
-47
-23
-7
-40
-87
-99
-62
-17
-29
-11
-28
-116
-171
-143
-192
-192
-165
-236
-242
-274
-297
-269
-208
-165
-114
-42
-85
-86
-134
-160
-211
-254
-243
-270
-217
-217
-160
-124
-137
-159
-142
-179
-222
-293
-332
-354
-400
-417
-423
-465
-496
-441
-424
-371
-306
-254
-241
-220
-160
-115
-112
-116
-126
-178
-231
-215
-261
-286
-319
-365
-349
-300
-247
-170
-91
-7
30
70
136
195
266
285
297
263
216
136
-2
-105
-135
-135
-62
-51
7
63
89
129
166
288
347
430
506
548
581
522
568
594
583
580
554
556
508
498
509
469
423
397
343
265
202
145
117
55
67
37
14
-2
-35
-27
-72
-27
-22
6
-69
-92
-90
-116
-109
-171
-172
-244
-253
-258
-282
-227
-176
-170
-115
-107
-102
-79
-76
-101
-132
-144
-105
-77
-92
-128
-192
-253
-340
-346
-474
-587
-613
-646
-704
-686
-677
-632
-519
-484
-353
-271
-172
-118
-47
-44
-54
-48
-34
-78
-175
-239
-279
-278
-304
-338
-383
-374
-451
-497
-557
-602
-602
-635
-672
-622
-552
-483
-416
-362
-327
-292
-220
-145
-81
-17
22
57
97
117
144
99
150
184
197
215
195
199
162
136
116
140
118
167
177
175
210
190
254
259
261
261
202
192
131
127
135
143
196
221
283
292
309
322
328
312
270
236
247
243
196
169
109
98
39
-46
-102
-103
-99
-169
-162
-173
-158
-140
-91
19
72
119
108
88
50
-34
-60
-40
-169
-193
-219
-305
-343
-448
-418
-413
-465
-474
-564
-596
-609
-629
-582
-506
-472
-374
-267
-195
-144
-125
-116
-99
-86
-66
-41
-16
-19
-15
-40
-33
-15
1
57
65
79
-5
-89
-112
-145
-183
-231
-214
-240
-223
-255
-245
-189
-162
-121
-64
-20
9
30
57
51
64
-7
-13
21
44
68
118
126
137
170
185
228
243
235
229
272
282
290
342
347
372
389
338
325
240
101
-1
-47
-123
-159
-186
-197
-212
-224
-229
-208
-147
-108
6
32
124
132
140
161
154
154
113
94
23
19
65
64
84
75
43
32
37
80
47
-42
16
-17
-41
-73
-48
-98
-159
-132
-191
-226
-241
-250
-283
-293
-330
-392
-437
-464
-508
-552
-574
-559
-524
-533
-528
-493
-498
-481
-494
-437
-403
-376
-305
-284
-280
-239
-166
-176
-136
-92
-35
19
23
31
-16
-26
-75
-45
-18
2
25
81
118
140
183
169
221
216
230
290
244
256
186
145
113
80
80
51
31
32
51
54
122
91
115
188
172
231
233
251
252
229
245
252
205
166
157
159
116
59
-4
-36
-64
-60
-3
-32
3
-16
-30
-70
-84
-118
-84
-90
-124
-98
-113
-99
-146
-126
-162
-242
-214
-266
-292
-279
-249
-166
-122
-65
-17
53
72
128
126
145
158
121
131
51
24
-14
-72
-99
-150
-190
-253
-281
-265
-345
-381
-380
-369
-432
-409
-332
-285
-253
-225
-148
-144
-74
-86
-75
-41
-17
0
-41
-15
5
29
63
38
47
37
39
27
14
-12
-85
-98
-52
-6
35
99
152
218
248
291
356
352
402
471
524
528
501
477
453
437
469
452
415
436
391
391
400
354
352
352
365
305
251
244
251
182
130
168
143
125
106
79
102
108
104
107
58
-1
18
-5
7
6
7
31
-14
51
22
-19
-49
-66
-110
-150
-160
-209
-258
-221
-256
-283
-316
-354
-332
-352
-302
-279
-268
-265
-278
-227
-224
-215
-160
-184
-152
-138
-131
-97
-130
-113
-118
-133
-170
