-337
-333
-338
-344
-345
-409
-384
-364
-337
-382
-374
-370
-380
-388
-437
-355
-331
-353
-296
-283
-300
-268
-265
-234
-229
-265
-221
-187
-89
-36
-14
0
33
43
45
62
70
88
131
145
158
187
152
176
195
234
203
182
161
169
136
65
100
111
115
111
101
93
82
98
90
44
60
99
91
74
60
91
52
73
29
-36
26
-35
-27
-35
-19
-47
-25
-21
-68
-52
-68
-64
-62
-38
-19
-57
-47
-50
-29
-27
2
-1
15
35
41
71
45
14
7
-5
18
14
58
51
38
69
58
65
73
107
100
121
123
157
178
167
209
229
199
202
242
232
221
260
235
198
166
166
149
170
158
100
99
68
38
-18
-7
-44
-64
-99
-111
-88
-154
-182
-136
-126
-129
-150
-175
-168
-172
-207
-211
-213
-208
-223
-259
-212
-222
-244
-250
-251
-251
-217
-211
-218
-211
-188
-228
-213
-189
-188
-198
-205
-192
-150
-176
-144
-153
-215
-170
-101
-93
-108
-48
-86
-36
-58
-51
-64
-39
10
-48
-32
6
-5
19
-22
3
9
-28
-23
-15
9
-32
-50
-45
-72
-82
-77
-94
-106
-130
-130
-139
-157
-121
-132
-171
-169
-169
-109
-112
-107
-93
-108
-101
-76
-91
-94
-68
-53
-67
-110
-66
-73
-48
-82
-52
-25
-26
19
-16
-8
36
34
-8
7
38
57
66
60
91
88
64
74
81
49
62
81
72
103
46
95
45
-29
-69
-166
-323
-490
-376
-184
217
284
210
238
252
204
222
325
401
303
212
171
249
210
114
159
95
158
124
156
117
58
64
88
114
133
-4
-82
-195
-269
-171
-243
-223
-246
-318
-214
-292
-92
22
204
144
118
208
165
283
56
168
-5
7
-12
-125
-67
-121
-189
-162
-239
-126
-100
-191
-165
-203
-96
-243
-188
-324
-316
-342
-456
-274
-360
-335
-304
-438
-219
-196
-214
-221
-358
-132
-236
-305
-457
-449
-411
-438
-452
-448
-336
-93
-212
-67
-118
51
67
105
77
198
215
-14
348
29
390
84
210
119
51
340
73
256
356
160
273
102
275
342
138
347
155
293
112
213
297
285
210
97
272
234
376
304
284
190
323
295
362
231
261
312
288
411
216
459
269
303
280
217
387
307
331
169
186
281
243
420
179
221
127
211
260
207
235
101
172
25
64
111
124
113
-11
46
0
28
10
-11
30
-161
72
-38
-45
-8
-245
-80
-221
-64
-266
-264
-291
-420
-293
-355
-374
-292
-337
-445
-411
-476
-381
-578
-512
-601
-340
-527
-622
-596
-583
-326
-705
-396
-593
-297
-562
-420
-475
-357
-400
-357
-433
-297
-400
-414
-198
-416
-171
-53
-116
20
-106
-237
67
-105
203
-52
114
47
121
174
-7
230
141
206
125
109
94
238
106
214
142
497
223
316
117
43
378
131
491
159
172
72
177
501
17
454
-34
352
143
319
333
134
235
94
235
85
452
132
179
-167
179
210
183
131
-139
99
118
69
173
-225
201
121
89
199
-38
197
-29
190
30
284
-15
230
-92
135
247
60
174
-66
219
-2
33
-23
103
113
136
-46
78
28
-56
-95
-186
83
-285
116
-392
-70
-177
-356
-211
-280
-148
-376
-430
-394
-167
-284
-409
-600
-578
-381
-269
-514
-445
-526
-541
-364
-669
-321
-407
-356
-588
-416
-183
-799
-484
-665
-220
-126
-812
-405
-625
-292
-410
-299
-115
-153
-351
-338
-300
100
-260
-190
-324
-107
-168
-294
19
-51
76
-234
183
195
474
474
585
421
783
432
665
523
588
660
266
720
317
548
89
661
277
582
392
829
688
402
664
734
807
616
695
642
640
503
738
450
949
530
502
572
639
755
357
282
357
787
534
251
77
420
417
255
29
159
90
-54
-284
-23
267
-10
-380
-517
-86
-212
-222
-786
-691
-671
-627
-808
-703
-923
-991
-1352
-1057
-808
-907
-1207
-1365
-1005
-1185
-873
-1251
-1001
-1282
-1043
-892
-825
-903
-1428
-1197
-1129
-796
-751
-752
-1124
-899
-814
-829
-183
-832
-658
-853
-304
-231
-671
-560
-717
-140
-130
-200
-486
-473
-471
-285
80
271
-350
-161
-231
415
407
235
217
226
316
776
552
1159
332
599
769
794
1242
1089
958
639
1314
1322
1689
1258
1477
1499
1680
1695
1658
2104
1820
2046
2061
2263
2356
2161
1897
1904
2219
2311
1870
1259
1326
1143
971
601
257
57
-281
-720
-773
-717
-820
-1207
-1451
-1601
-1403
-1402
-1380
-1423
-1364
-1372
-1433
-1201
-1116
-872
-1139
-1124
-949
-549
-423
-487
-647
-467
-527
-230
-195
-22
-94
-389
-375
-406
121
-141
-190
-437
-341
-467
-418
-619
-546
-875
-1040
-929
-949
-617
-1215
-1327
-1518
-1268
-1158
-1100
-1064
-1080
-1305
-1448
-1214
-945
-577
-788
-952
-783
-539
-408
-697
-504
-396
-60
62
41
-262
-310
-64
300
554
355
135
-105
348
268
668
691
649
153
650
900
1385
922
648
561
1313
1701
1488
1591
1295
1495
1272
1786
2075
2537
2189
2234
2498
2981
3394
3240
3688
3424
3335
2900
2368
2073
1966
2047
1730
1341
453
-231
-744
-842
-1010
-1089
-1474
-1726
-2012
-2233
-2373
-2371
-2319
-2236
-2017
-1892
-1793
-1774
-1834
-1741
-1310
-976
-509
-408
-317
-398
-249
24
310
420
612
568
570
605
733
717
538
521
486
460
336
249
66
-152
-471
-492
-649
-863
-1124
-1185
-1377
-1686
-1767
-1853
-1952
-1944
-2003
-2057
-2030
-2007
-1946
-1777
-1648
-1521
-1457
-1397
-1176
-907
-645
-517
-434
-363
-249
-15
67
247
336
351
622
642
577
569
793
685
664
613
719
1173
997
909
725
842
1039
1155
1554
1385
1354
1316
1576
1946
2235
2373
2310
2384
2807
3554
4022
4389
4276
4225
4089
3653
2985
2266
2238
2623
2602
1931
675
-453
-1149
-1637
-1722
-1533
-1542
-2036
-2840
-3491
-3511
-3338
-3193
-3039
-2710
-2340
-2266
-2427
-2528
-2278
-1773
-1195
-491
18
112
-207
-571
-360
232
915
1274
1300
1088
970
858
871
973
1044
1073
1045
913
567
249
-198
-663
-753
-678
-729
-1131
-1721
-2190
-2486
-2665
-2605
-2537
-2563
-2636
-2821
-2885
-2823
-2590
-2311
-1998
-1665
-1501
-1315
-1158
-1098
-814
-386
56
252
329
325
357
538
796
1025
1172
1222
1148
1080
978
1052
1218
1272
1182
1158
1069
1003
943
991
1219
1257
1353
1373
1434
1531
1791
2078
2480
2864
3276
3747
4024
4423
4844
5024
4754
3884
2728
1916
2131
2914
2928
1897
174
-1282
-1929
-2092
-1911
-1782
-2046
-2627
-3350
-3764
-3739
-3626
-3571
-3280
-2635
-1960
-1835
-2128
-2447
-2117
-1361
-353
478
794
778
283
-43
267
1035
1618
1831
1687
1480
1272
995
767
744
809
938
955
741
255
-517
-1089
-1348
-1311
-1129
-1320
-1809
-2515
-3017
-3360
-3388
-3176
-3068
-2993
-3025
-3012
-2962
-2854
-2555
-2121
-1635
-1157
-928
-768
-714
-599
-304
154
561
798
863
814
671
660
750
925
1194
1207
1156
997
818
772
908
1185
1382
1385
1210
1009
984
1126
1393
1707
1915
1998
1932
1955
2202
2608
3137
3631
4040
4434
4683
4966
5015
4326
3021
1697
1416
2202
2809
2251
532
-1395
-2522
-2969
-2868
-2374
-2298
-2800
-3747
-4487
-4424
-4080
-3816
-3569
-3046
-2347
-1870
-1984
-2206
-2069
-1454
-582
427
1327
1559
1144
474
302
960
1817
2435
2483
2108
1618
1091
870
951
1065
1030
840
508
146
-448
-1087
-1620
-1775
-1831
-1855
-2072
-2737
-3276
-3809
-3982
-3805
-3386
-3099
-3034
-3084
-3058
-2816
-2468
-1946
-1388
-948
-732
-563
-363
-150
14
261
596
860
969
853
728
611
627
731
922
1034
952
800
637
627
717
886
1062
1243
1326
1308
1394
1556
1746
1958
2189
2405
2721
2968
3264
3616
4015
4272
4727
5208
5662
5393
4041
2349
1007
1300
2368
2691
1804
-209
-2118
-3203
-3675
-3157
-2480
-2272
-2932
-4118
-4612
-4631
-4295
-3986
-3415
-2456
-1698
-1406
-1565
-1757
-1520
-929
130
1573
2525
2488
1541
657
708
1558
2515
3092
2910
2264
1346
781
653
791
866
662
334
-89
-408
-1049
-1713
-2257
-2449
-2305
-2105
-2226
-2710
-3473
-4095
-4181
-3767
-3082
-2516
-2420
-2604
-2807
-2646
-2020
-1148
-460
-150
-130
-112
26
269
503
752
976
1171
1164
911
625
392
419
505
659
764
622
302
-43
-53
315
770
1050
1109
1016
940
1120
1422
1888
2213
2427
2644
2804
3152
3644
4211
4736
5158
5510
5613
5412
4419
2842
1530
1400
2164
2587
1854
-15
-1973
-3296
-3954
-3626
-2921
-2581
-3098
-4170
-4890
-4921
-4538
-4117
-3434
-2667
-2017
-1816
-1836
-1699
-1382
-924
-26
1242
2327
2560
1926
1204
1072
1490
2266
3006
3225
2811
1737
820
583
764
970
873
512
-20
-542
-1159
-1682
-2064
-2223
-2236
-2217
-2309
-2633
-3216
-3828
-4101
-3834
-3151
-2598
-2362
-2538
-2737
-2659
-2212
-1318
-499
3
53
-79
19
210
598
873
1108
1266
1250
937
711
599
520
611
575
616
533
244
-106
-213
-13
369
611
622
689
641
763
957
1283
1818
2138
2402
2571
2854
3360
3872
4326
4744
5092
5490
5903
5598
4308
2541
1181
1404
2119
2488
1644
-276
-2205
-3779
-4299
-3686
-2765
-2438
-3264
-4485
-5115
-5048
-4512
-4029
-3189
-2415
-1989
-1767
-1763
-1471
-1186
-825
247
1546
2579
2683
1981
1283
1104
1538
2395
3045
3220
2596
1529
739
435
448
587
570
264
-158
-687
-1346
-2006
-2505
-2666
-2542
-2374
-2294
-2549
-3252
-3935
-4188
-3950
-3147
-2383
-1902
-1938
-2290
-2410
-1988
-1203
-337
333
497
435
277
360
607
940
1215
1352
1296
1066
850
548
410
433
549
609
494
148
-123
-227
-217
93
418
687
775
684
700
872
1319
1660
1918
2194
2466
2823
3227
3750
4308
4750
5070
5384
5677
5280
3961
2279
1117
1485
2330
2347
1271
-674
-2524
-3936
-4363
-3625
-2663
-2426
-3319
-4540
-5056
-4945
-4522
-3892
-3013
-2159
-1767
-1631
-1591
-1449
-1131
-568
577
1873
2717
2678
1924
1206
1095
1574
2449
3086
3072
2384
1379
623
269
276
412
371
58
-442
-1024
-1640
-2244
-2638
-2703
-2486
-2194
-2203
-2672
-3360
-3811
-3914
-3459
-2771
-2159
-1833
-1862
-2007
-2073
-1633
-851
-39
469
505
407
371
503
766
1066
1352
1419
1235
884
665
588
640
604
663
581
311
-75
-307
-301
-216
82
394
688
684
573
491
801
1259
1652
1953
2163
2328
2493
2793
3305
3995
4530
4948
5205
5353
4738
3293
1642
808
1379
2031
1941
797
-1091
-2904
-4221
-4497
-3557
-2613
-2445
-3410
-4530
-5001
-4872
-4283
-3480
-2481
-1764
-1486
-1440
-1357
-1132
-826
-202
959
2125
2785
2550
1729
1116
1051
1627
2538
3147
3039
2130
718
-191
-500
-7
515
245
-288
-1214
-1859
-2315
-2746
-2564
-2345
-2114
-2106
-2476
-2880
-3344
-3574
-3363
-2839
-2169
-1702
-1640
-1799
-1962
-1762
-1207
-360
309
581
612
317
224
392
763
1300
1528
1468
1022
564
369
437
642
687
633
341
88
-240
-295
-123
52
315
605
895
890
796
822
1084
1517
1978
2271
2493
2570
2629
2907
3324
4022
4572
4860
5056
5066
4232
2783
1133
438
1072
1681
1572
294
-1659
-3391
-4648
-4585
-3562
-2658
-2547
-3507
-4508
-4877
-4690
-4096
-3116
-2048
-1304
-1044
-1096
-1008
-807
-561
248
1416
2472
2960
2534
1747
1148
957
1537
2340
2828
2706
1844
607
-256
-556
-385
-131
-81
-476
-1098
-1781
-2443
-2815
-2922
-2662
-2366
-2125
-2305
-2749
-3304
-3676
-3552
-3044
-2224
-1496
-1303
-1521
-1945
-1990
-1401
-520
293
712
615
331
90
83
477
1002
1348
1344
1006
736
519
457
478
513
554
553
455
263
142
47
116
451
826
1294
1450
1361
1329
1373
1635
1927
2377
2756
2872
2950
3116
3657
4153
4544
4878
5015
4589
3280
1558
490
753
1366
1547
712
-926
-2620
-4116
-4561
-3768
-2779
-2464
-3108
-3967
-4358
-4330
-3931
-3158
-2117
-1301
-941
-784
-635
-461
-437
-35
979
2165
2968
2864
2131
1401
910
1157
1902
2541
2692
1974
873
-75
-513
-501
-270
-202
-428
-927
-1542
-2071
-2386
-2555
-2538
-2327
-2124
-1937
-2113
-2644
-3094
-3334
-3090
-2417
-1754
-1239
-1237
-1604
-1849
-1715
-995
-223
321
439
228
-56
-152
94
431
849
979
775
463
168
100
243
404
436
438
343
212
112
94
213
477
893
1181
1305
1349
1302
1418
1640
2058
2537
2704
2758
2854
3040
3571
4132
4613
4927
4923
4319
3021
1516
481
678
1257
1429
680
-1099
-2747
-4172
-4615
-3737
-2827
-2463
-3130
-4126
-4603
-4537
-3965
-2997
-2016
-1458
-1243
-1048
-717
-460
-277
76
889
1831
2482
2589
2109
1369
762
906
1631
2257
2339
1689
646
-223
-648
-593
-324
-212
-574
-1188
-1773
-2221
-2282
-2361
-2462
-2395
-2167
-2153
-2286
-2556
-2807
-2933
-2812
-2425
-1889
-1332
-1181
-1364
-1590
-1443
-1010
-376
217
333
134
-153
-243
46
361
679
801
620
403
92
-24
88
270
310
251
175
147
35
133
341
656
970
1056
1245
1329
1444
1608
1821
2083
2247
2307
2564
2919
3286
3679
4016
4352
4629
4856
4703
3799
2583
1133
800
1246
1531
1406
-68
-1781
-3317
-4195
-3752
-2843
-2245
-2608
-3543
-4155
-4362
-3920
-3094
-2140
-1551
-1438
-1232
-994
-607
-235
15
557
1339
1894
2326
2230
1674
1039
792
1245
1910
2199
1968
1241
283
-398
-605
-365
-150
-291
-782
-1340
-1749
-1939
-2079
-2315
-2440
-2380
-2336
-2203
-2260
-2554
-2847
-3064
-2998
-2369
-1716
-1267
-1222
-1491
-1577
-1334
-788
-238
171
261
127
-41
19
313
598
794
784
584
410
331
284
366
439
353
231
136
76
143
289
421
526
720
882
1018
1219
1332
1523
1651
1803
1966
2141
2435
2775
3041
3373
3608
3857
4265
4666
4912
4314
3036
1351
523
928
1467
1640
719
-858
-2515
-3876
-3937
-3113
-2356
-2329
-2998
-3720
-4230
-4195
-3698
-2841
-2040
-1690
-1305
-941
-830
-771
-748
-148
726
1574
2296
2358
1816
983
519
934
1762
2415
2539
1952
998
51
-313
-81
275
324
-117
-591
-1058
-1516
-1805
-2084
-2259
-2150
-2098
-2030
-2170
-2627
-3137
-3474
-3322
-2778
-2132
-1638
-1524
-1849
-2119
-1955
-1304
-508
-4
190
120
-11
-83
142
521
915
1067
838
646
431
298
321
375
504
491
348
257
254
187
168
283
556
876
1082
1135
1053
902
947
1217
1528
1957
2248
2362
2428
2498
2853
3233
3741
4367
4934
4878
3810
2172
901
991
1547
1954
1851
695
-907
-2696
-3591
-3116
-2341
-1981
-2313
-2877
-3600
-4067
-4112
-3550
-2686
-2138
-1643
-1288
-1178
-1254
-1457
-1151
-302
631
1581
2121
1803
1074
437
542
1310
2038
2592
2543
1833
881
306
320
582
687
496
228
-178
-656
-1153
-1597
-1992
-2096
-1963
-1776
-1902
-2444
-3097
-3649
-3775
-3357
-2703
-2153
-1958
-2263
-2563
-2493
-1999
-1305
-681
-293
-85
-57
-178
-41
285
640
831
855
911
960
714
451
296
260
294
381
536
479
199
-115
-259
-127
263
612
858
853
523
339
443
825
1371
1720
1980
2080
2164
2529
3114
3628
4065
4530
5030
4976
4054
2589
1345
1271
1703
2173
2254
1095
-694
-2507
-3567
-3160
-2363
-1864
-2118
-2868
-3723
-4387
-4378
-3833
-2948
-2383
-1981
-1638
-1662
-1763
-1796
-1376
-576
412
1211
1656
1549
1001
693
816
1466
2174
2701
2726
2101
1367
1013
963
958
995
1016
942
549
-28
-543
-986
-1376
-1537
-1612
-1612
-1817
-2327
-2967
-3457
-3660
-3478
-2965
-2499
-2217
-2290
-2520
-2506
-2163
-1616
-953
-272
86
135
-53
62
421
719
946
1166
1377
1329
1069
785
701
642
635
727
830
722
378
-59
-148
62
308
603
632
436
112
-32
253
746
1084
1194
1183
1194
1311
1633
2238
2783
3178
3474
3731
4063
4447
4277
3543
2345
1496
1692
1997
2257
1885
632
-843
-2222
-2587
-2056
-1762
-1882
-2555
-3366
-3830
-4040
-3917
-3370
-3144
-3162
-3050
-2833
-2377
-1982
-1753
-1518
-1157
-728
48
729
988
1021
753
783
1184
1727
2261
2441
2152
1704
1367
1364
1463
1604
1475
1135
772
345
159
-189
-643
-1168
-1544
-1736
-1881
-2125
-2405
-2800
-3229
-3377
-3236
-2776
-2358
-2225
-2200
-2244
-2042
-1553
-984
-446
-113
131
247
381
517
770
1128
1209
1283
1321
1368
1301
1121
965
869
828
753
646
703
637
315
41
-39
74
150
253
389
361
204
156
280
514
709
933
1163
1304
1383
1472
1792
2219
2638
3081
3480
3815
4037
3801
3267
2571
1946
2017
2225
2378
2198
1234
34
-1171
-1730
-1593
-1442
-1410
-1733
-2538
-3315
-3823
-3853
-3454
-3125
-2987
-2736
-2651
-2582
-2475
-2275
-1932
-1425
-834
-249
264
323
340
295
352
766
1383
1912
2122
1833
1454
1264
1274
1457
1670
1606
1235
737
320
105
-155
-456
-675
-933
-1266
-1547
-1827
-2137
-2387
-2644
-2592
-2386
-2174
-2001
-1989
-1953
-1881
-1661
-1387
-1021
-632
-177
122
159
211
286
449
629
721
914
905
711
514
514
480
575
573
515
320
97
10
60
225
121
193
-7
-77
-48
9
218
261
278
280
160
237
294
583
819
913
1039
1107
1167
1382
1662
2000
2427
2677
3018
3342
3500
3366
3012
2460
2229
2170
2176
2151
1745
823
-8
-647
-887
-874
-1015
-1256
-1757
-2271
-2521
-2515
-2329
-2164
-2167
-2206
-2138
-1954
-1600
-1288
-1213
-1122
-951
-645
-242
86
192
297
333
483
692
801
939
880
824
840
905
873
797
601
371
191
55
30
-69
-251
-479
-698
-861
-915
-902
-852
-846
-1047
-1209
-1355
-1332
-1236
-1056
-818
-741
-770
-768
-735
-728
-540
-373
-290
-221
-105
-182
-206
-280
-231
-163
-138
8
200
225
-1
74
19
123
344
466
652
668
509
592
483
562
633
705
735
621
480
325
193
230
344
228
400
528
416
323
342
329
444
713
977
1187
1260
1250
1269
1356
1673
2098
2334
2390
2121
1655
1356
1374
1575
1851
1789
1462
987
414
114
50
-32
-84
-128
-395
-664
-815
-973
-1129
-1292
-1315
-1269
-1254
-1283
-1320
-1475
-1545
-1451
-1301
-1062
-862
-783
-806
-848
-756
-571
-378
-177
-91
-59
8
-90
-60
10
81
218
37
79
8
-129
-158
-223
-268
-283
-390
-457
-533
-691
-782
-868
-919
-812
-846
-836
-892
-1056
-1176
-1377
-1199
-1088
-947
-789
-1037
-1129
-1074
-937
-553
-484
-141
-213
-142
-24
-19
433
520
688
801
685
676
839
751
803
776
789
943
753
818
681
494
289
280
265
278
154
-108
-327
-400
-469
-491
-273
-232
-131
-283
-215
-115
14
365
606
925
1199
1516
1776
1918
2150
2263
2280
2206
2256
2323
2322
2361
2103
1794
1559
1285
1147
920
602
252
-44
-345
-573
-810
-958
-1157
-1386
-1599
-1628
-1639
-1671
-1660
-1559
-1386
-1296
-1148
-971
-909
-819
-546
-528
-287
-196
-101
2
55
124
266
270
268
355
190
282
205
150
67
-14
-196
-156
-360
-470
-573
-764
-800
-930
-951
-1077
-1200
-1339
-1337
-1326
-1247
-1279
-1223
-1195
-995
-921
-823
-563
-557
-310
-207
-14
89
244
481
352
587
679
832
1006
1026
901
870
876
852
887
864
699
345
50
-64
-215
-210
-160
-438
-610
-860
-919
-959
-907
-786
-692
-684
-637
-589
-392
-235
-39
150
290
527
871
1058
1244
1379
1362
1536
1812
2014
2113
2271
2126
2137
1976
1908
1810
1715
1623
1433
1174
937
656
346
273
11
5
-159
-368
-488
-621
-732
-724
-751
-686
-664
-743
-527
-452
-339
-306
-268
-177
-100
94
250
375
351
377
301
341
303
321
396
323
295
266
55
-106
-386
-612
-536
-733
-663
-845
-1054
-1271
-1404
-1406
-1332
-1147
-1155
-1144
-1199
-1196
-1237
-1006
-929
-602
-606
-360
-189
63
125
86
349
365
635
688
720
637
666
459
407
323
350
309
101
34
-155
-283
-522
-553
-544
-543
-657
-677
-863
-784
-745
-785
-557
-533
-535
-343
-271
-181
-37
-7
231
426
547
690
668
653
668
744
901
1032
1034
1004
895
731
719
699
652
733
589
482
401
176
203
239
242
257
269
187
170
100
96
165
227
385
564
548
512
486
523
625
792
1024
1139
1070
993
910
779
873
986
1104
1048
881
667
447
318
178
204
143
-41
-244
-499
-724
-848
-876
-927
-945
-1012
-1034
-1122
-1172
-1096
-1210
-1031
-950
-832
-646
-521
-600
-620
-482
-333
-43
-1
94
0
2
-31
-137
155
81
77
10
-69
-332
-203
-394
-375
-517
-497
-528
-671
-616
-777
-750
-695
-601
-617
-486
-518
-517
-470
-514
-331
-54
106
266
276
233
105
194
308
495
676
565
508
264
228
187
175
310
305
282
48
40
-188
-236
-329
-266
-154
-132
-195
-313
-352
-477
-310
-224
72
212
200
348
241
367
574
678
931
1126
1081
1153
1109
1034
1140
1131
1276
1441
1277
1229
1000
870
747
735
753
678
599
282
56
-49
-116
-103
-140
-252
-441
-428
-579
-432
-495
-522
-371
-335
-148
-117
-82
-146
-119
-47
211
384
425
353
68
20
36
207
286
378
99
-58
-246
-325
-217
-257
-335
-433
-428
-573
-530
-699
-712
-669
-719
-609
-449
-412
-388
-401
-497
-347
-221
21
166
235
152
171
118
264
417
539
533
528
389
398
419
423
364
315
231
193
177
12
-165
-211
-414
-429
-335
-431
-414
-466
-558
-487
-422
-338
-259
-254
-167
-152
-3
118
213
444
597
682
859
875
878
1011
939
1133
1120
1161
1149
1011
955
817
786
657
684
390
272
158
-55
28
-191
-412
-517
-588
-670
-531
-722
-672
-682
-778
-603
-482
-350
-326
-249
-395
-134
17
163
233
284
143
227
171
252
366
340
232
200
32
10
15
-172
-179
-360
-350
-307
-358
-520
-559
-739
-764
-720
-619
-527
-472
-605
-630
-545
-455
-175
-163
-41
-69
-40
65
189
250
332
352
367
479
520
466
463
462
432
463
419
537
298
332
84
-9
-104
-215
-177
-265
-371
-487
-545
-588
-449
-492
-395
-452
-396
-324
-325
-149
15
118
356
362
525
492
443
617
702
864
954
977
912
914
675
763
631
760
651
576
359
132
55
-95
-70
-211
-92
-372
-261
-512
-512
-649
-619
-631
-381
-402
-369
-343
-391
-341
-298
-157
-81
28
34
81
32
54
6
241
207
233
222
229
125
34
30
-55
-40
-85
-36
-30
-113
-378
-434
-466
-397
-285
-287
-364
-439
-483
-408
-441
-322
-294
-279
-335
-250
-223
-94
82
-72
68
20
27
104
101
85
189
187
270
218
227
130
52
-34
60
107
99
107
-51
-175
-252
-304
-263
-180
-52
-81
-110
-162
-248
-65
1
148
330
327
284
239
308
402
452
530
559
674
645
622
554
415
535
491
566
599
488
278
258
108
199
137
53
55
-50
-148
-325
-379
-398
-237
-183
-260
-274
-376
-441
-276
-291
-85
-38
-104
-50
-138
-89
-125
-187
-102
-78
-5
-39
-74
-40
-223
-179
-281
-194
-42
-112
-36
-194
-309
-363
-258
-169
-137
-77
-180
-249
-132
-209
-19
11
-40
-2
49
88
63
143
19
164
186
212
354
217
184
131
138
93
132
22
-64
-140
-165
-272
-135
-272
-128
-308
-194
-206
-230
-82
-113
-67
-92
48
4
181
218
311
24
-104
-563
-504
-487
-408
-107
-99
42
120
413
357
515
441
477
493
488
483
376
327
77
149
-68
101
-58
-50
-87
-278
-172
-208
-139
-223
-142
-114
-34
10
-28
-91
-2
-50
115
265
305
282
270
283
325
398
368
381
378
380
270
277
82
115
24
-2
62
-81
-16
-222
-359
-404
-412
-314
-219
-287
-301
-318
-422
-326
-208
-71
-21
-18
72
-74
130
172
245
383
372
276
355
327
260
355
321
306
213
217
6
42
-148
-176
-99
-325
-97
-328
-289
-430
-360
-449
-248
-268
-261
-79
-208
-36
-70
48
31
195
193
251
410
205
237
337
201
530
545
596
483
314
219
159
226
176
301
204
126
-41
-168
-413
-383
-484
-496
-462
-478
-550
-669
-675
-721
-479
-486
-202
-271
-329
-317
-405
-173
-48
193
209
426
274
281
318
459
405
511
382
516
452
309
317
73
158
-58
118
33
34
-79
-154
-379
-339
-260
-158
-184
-160
-308
-302
-226
-262
-74
-62
-13
-35
120
-126
160
12
110
217
287
247
442
349
278
328
242
340
250
334
38
127
-128
-35
-42
-22
-115
-191
-258
-179
-105
-168
-42
-215
-4
-107
-35
123
68
120
130
255
299
375
445
465
577
502
512
579
713
650
729
367
604
271
351
324
322
254
14
-45
-308
-225
-534
-314
-494
-448
-708
-703
-932
-823
-888
-765
-628
-652
-546
-661
-560
-539
-304
-209
-110
2
-26
120
130
88
263
166
289
365
387
228
283
110
50
157
16
-112
-25
-338
-281
-435
-338
-357
-360
-196
-391
-299
-232
-262
-216
-96
-220
-29
-3
104
131
272
208
204
404
370
518
463
488
381
458
363
444
411
285
242
252
132
151
72
-110
-94
-262
-258
-257
-337
-188
-346
-285
-377
-330
-224
-119
29
-68
314
92
354
307
336
505
570
596
666
711
695
786
736
789
616
756
550
531
492
263
199
170
41
-155
9
-342
-229
-344
-537
-623
-617
-629
-585
-464
-634
-590
-564
-658
-473
-435
-245
-231
-1
-63
-31
156
83
292
169
324
355
374
351
286
73
255
18
102
215
-192
7
-410
-350
-501
-275
-568
-480
-496
-738
-582
-598
-567
-506
-421
-515
-336
-426
-310
-87
-41
84
-15
235
202
401
261
469
470
436
761
633
680
494
381
164
364
178
240
199
-23
-270
-277
-319
-459
-117
-454
-318
-346
-535
-389
-218
-390
-52
-42
-73
76
9
212
101
471
464
668
791
773
802
866
831
966
1001
956
841
718
624
468
508
275
283
104
-11
-41
-229
-341
-400
-609
-537
-661
-618
-532
-589
-743
-685
-609
-600
-341
-325
-226
-214
-106
6
110
191
268
220
471
358
491
371
344
434
235
599
246
303
164
-186
-178
-334
-343
-374
-364
-539
-539
-713
-649
-641
-640
-470
-644
-574
-666
-558
-468
-485
-396
-264
-231
17
88
135
220
180
284
378
417
680
478
411
418
277
480
424
499
426
328
38
84
31
41
74
-156
-98
-278
-373
-233
-212
-370
-95
-210
-148
-78
-104
136
75
332
212
325
430
407
473
615
513
562
817
655
750
538
593
477
410
490
490
437
355
140
-88
-165
-498
-327
-527
-539
-698
-855
-767
-687
-743
-380
-442
-549
-265
-481
-154
-339
-306
-28
34
92
86
135
94
139
199
311
295
236
277
208
40
56
-64
-108
-72
-112
-65
-197
-327
-409
-445
-300
-434
-297
-474
-540
-634
-616
-330
-458
-331
-370
-455
-422
-413
-235
-239
-198
-21
0
154
88
29
2
50
66
148
207
127
42
81
-158
-75
59
7
67
-63
-107
-222
-235
-120
-21
56
26
1
-14
30
3
13
148
65
198
268
204
289
115
289
376
571
471
532
493
235
381
523
386
460
378
180
168
142
58
89
-15
-57
-60
49
-93
-329
-169
-371
-39
40
-59
-22
-133
-177
-95
132
-8
123
-10
7
82
82
134
-26
62
-45
-95
89
-52
-140
-42
-150
-222
-117
-207
-275
-245
-300
-380
-339
-228
-301
-273
-227
-315
-317
-224
-345
-429
-381
-398
-353
-324
-361
-454
-485
-444
-522
-342
-319
-290
-328
-244
-306
-281
-220
-275
-156
-123
-47
-231
-218
-387
-359
-190
-194
-44
-51
-187
-70
-191
-53
1
-43
175
113
83
87
17
53
163
295
410
425
369
348
296
238
417
558
549
485
426
306
388
359
321
367
297
222
423
361
255
303
236
343
537
457
533
535
433
497
699
711
706
704
591
667
702
732
631
604
468
517
496
345
237
72
19
1
-21
-178
-232
-413
-646
-548
-560
-608
-675
-782
-841
-944
-1069
-964
-930
-1054
-968
-993
-1024
-1031
-1127
-1076
-1029
-963
-984
-903
-1013
-1084
-1046
-937
-977
-939
-965
-925
-974
-883
-944
-931
-906
-821
-686
-674
-673
-658
-708
-598
-583
-447
-286
-260
-68
35
180
147
340
519
726
875
1113
1184
1104
1157
1348
1533
1736
1828
1905
1926
1889
2003
2216
2366
2461
2678
2738
2804
2755
2722
2475
2199
1890
1724
1604
1361
1092
696
238
-233
-490
-564
-750
-1012
-1203
-1505
-1691
-1727
-1589
-1536
-1540
-1547
-1502
-1451
-1314
-1249
-1087
-866
-734
-524
-424
-360
-386
-418
-384
-312
-198
-170
-218
-453
-664
-716
-709
-748
-765
-932
-1221
-1443
-1641
-1658
-1738
-1804
-1834
-1870
-1990
-2087
-2041
-2047
-1971
-1868
-1754
-1582
-1511
-1403
-1343
-1114
-910
-619
-291
-160
-105
-170
20
336
718
926
1007
1013
1062
1216
1495
1675
1714
1789
1853
2086
2419
2603
2901
3144
3441
3767
4063
3810
3189
2537
2196
2663
2907
2725
2078
907
-27
-451
-422
-94
-453
-1095
-1951
-2455
-2432
-2347
-2297
-2284
-2277
-2379
-2345
-2296
-2244
-2068
-1764
-1270
-689
-480
-552
-654
-650
-161
526
982
1122
767
442
423
661
1176
1376
1184
781
390
254
299
281
173
-92
-460
-797
-1115
-1339
-1585
-1747
-1803
-1840
-2036
-2328
-2517
-2588
-2400
-2064
-1809
-1762
-1731
-1817
-1662
-1199
-801
-397
-187
-179
-49
141
521
949
1146
1333
1370
1452
1502
1675
1839
1929
2028
2056
2034
1972
2088
2187
2481
2814
3131
3397
3502
3656
3755
3247
2558
1743
1655
2232
2183
1654
582
-737
-1478
-1660
-1277
-1051
-1494
-2521
-3359
-3485
-3330
-2833
-2721
-2583
-2534
-2702
-2435
-2341
-2049
-1660
-1282
-517
-124
-111
-189
-375
-101
407
992
1401
1116
584
246
345
800
1178
1148
697
177
-148
-88
202
227
42
-318
-708
-793
-901
-955
-1181
-1403
-1562
-1712
-1826
-2058
-2144
-2094
-1870
-1594
-1426
-1437
-1573
-1465
-1005
-583
-202
-74
-113
-39
106
378
774
1040
1083
1140
1238
1264
1461
1701
1813
1940
1954
2054
2160
2041
2128
2409
2872
3203
3569
3876
4098
4319
4591
4351
3580
2566
2080
2744
3040
2618
1394
-177
-1208
-1699
-1424
-1024
-1493
-2650
-3909
-4306
-4165
-3719
-3564
-3549
-3550
-3834
-3748
-3484
-3066
-2593
-2171
-1569
-1013
-807
-833
-858
-453
210
895
1318
1065
598
344
549
1107
1469
1419
847
201
-110
37
382
406
81
-475
-914
-1112
-1238
-1264
-1404
-1703
-2037
-2286
-2443
-2653
-2741
-2667
-2460
-2276
-2131
-2169
-2153
-1935
-1440
-859
-365
-102
-61
-49
175
722
1285
1652
1717
1653
1711
1856
2159
2596
2743
2632
2484
2475
2520
2595
2657
2725
2964
3243
3516
3766
4104
4315
4505
4333
3629
2680
1974
2443
2958
2705
1684
164
-971
-1546
-1484
-944
-1031
-1944
-3354
-4017
-3815
-3337
-2990
-2958
-2980
-3228
-3446
-3343
-2781
-2131
-1764
-1371
-964
-822
-826
-951
-703
-43
545
987
775
400
143
79
571
1101
1281
765
-3
-437
-376
62
277
185
-251
-843
-1152
-1227
-1021
-1023
-1326
-1700
-2021
-2194
-2433
-2550
-2632
-2593
-2439
-2449
-2445
-2537
-2501
-2174
-1706
-1135
-732
-680
-762
-642
-136
527
1012
1233
1072
1066
1094
1420
1933
2264
2375
2145
2092
2285
2474
2627
2786
2990
3216
3446
3845
4326
4733
4944
5168
5024
4222
3218
2656
3168
3702
3430
2255
616
-626
-1320
-1156
-607
-678
-1721
-3314
-4143
-3968
-3310
-2825
-2787
-2991
-3418
-3665
-3473
-2866
-1995
-1595
-1322
-1014
-753
-552
-596
-362
286
965
1307
1237
956
699
624
981
1605
1907
1409
433
-420
-532
34
401
441
-57
-1029
-1732
-2058
-1649
-1193
-1224
-1738
-2426
-2814
-2913
-2800
-2634
-2501
-2582
-2832
-3144
-3142
-2922
-2510
-2055
-1622
-1348
-1307
-1383
-1168
-585
61
551
755
754
680
664
1012
1562
1991
2127
1918
1745
1746
1891
2174
2600
2949
3045
3059
3400
3904
4453
4955
5335
5424
4742
3686
2945
3249
4094
4381
3649
2041
424
-663
-805
-177
288
-144
-1612
-3113
-3836
-3625
-2823
-2164
-2030
-2502
-3358
-3929
-3675
-2624
-1613
-1082
-1038
-1199
-1252
-1311
-1011
-291
500
1013
912
626
467
317
604
1074
1747
1914
1526
679
-160
-382
-143
630
1179
947
0
-1261
-1920
-1718
-984
-336
-519
-1353
-2453
-3215
-3124
-2401
-1684
-1520
-2082
-2841
-3323
-3243
-2648
-1913
-1378
-1294
-1548
-1836
-1686
-1177
-600
-24
359
448
271
70
220
662
1170
1622
1865
1689
1344
1079
1230
1858
2366
2725
2814
2772
2823
3074
3800
4696
5311
5258
4473
3400
2590
2648
3445
4070
3837
2454
555
-909
-1456
-972
-144
193
-718
-2489
-3866
-4219
-3478
-2334
-1653
-1747
-2532
-3439
-3737
-3116
-1918
-876
-504
-742
-1069
-1220
-964
-441
209
788
951
818
612
483
619
855
1120
1334
1305
1115
644
234
-51
-177
20
233
301
83
-485
-1215
-1626
-1534
-1174
-916
-1050
-1536
-2143
-2508
-2604
-2287
-1948
-1881
-2138
-2422
-2494
-2293
-2026
-1722
-1423
-1311
-1132
-941
-735
-492
-457
-324
-18
326
701
862
835
809
805
954
1252
1617
1787
1767
1805
1828
1992
2261
2649
3195
3658
4066
4407
4592
4494
3994
3218
2652
2615
2912
3073
2746
1803
699
-460
-1277
-1389
-1046
-784
-1021
-1762
-2651
-3239
-3348
-3007
-2428
-1907
-1825
-2023
-2291
-2299
-1840
-1272
-739
-402
-233
-94
48
192
308
488
615
786
963
1120
1155
1142
1051
920
853
751
674
538
453
297
106
-105
-275
-445
-473
-514
-612
-759
-954
-1181
-1427
-1538
-1544
-1481
-1494
-1568
-1688
-1792
-1919
-2041
-1946
-1598
-1261
-1017
-1022
-1051
-1072
-950
-564
-166
163
230
135
160
293
598
894
968
859
704
663
803
980
1122
1200
1132
1134
1195
1384
1679
1988
2253
2544
2853
3052
3137
3021
2783
2450
2161
2079
2039
1838
1469
1144
836
552
278
-60
-377
-626
-878
-1047
-1125
-1110
-1076
-1187
-1261
-1287
-1289
-1214
-1153
-999
-855
-798
-759
-724
-608
-455
-389
-382
-470
-590
-570
-522
-297
-144
-202
-372
-457
-502
-402
-203
-196
-260
-446
-587
-551
-467
-407
-261
-227
-265
-386
-510
-452
-466
-385
-370
-428
-569
-765
-881
-866
-727
-580
-544
-729
-979
-1040
-1036
-888
-658
-532
-521
-715
-851
-884
-798
-644
-384
-161
-171
-271
-310
-117
205
494
695
838
917
891
963
1258
1666
1965
2120
2296
2469
2696
3025
3371
3504
3406
3101
2825
2590
2386
2235
2017
1697
1453
1168
828
662
525
240
-63
-361
-673
-800
-978
-1004
-1001
-1096
-1212
-1323
-1274
-1165
-1131
-1129
-1229
-1318
-1320
-1298
-1179
-1056
-1041
-1084
-1097
-1100
-1040
-1017
-1029
-954
-946
-827
-727
-696
-644
-769
-820
-778
-716
-663
-696
-777
-852
-804
-667
-534
-428
-415
-470
-602
-629
-487
-334
-282
-377
-475
-576
-578
-502
-354
-295
-368
-430
-475
-401
-347
-331
-355
-325
-311
-220
-85
1
60
1
25
187
431
623
710
793
849
932
1068
1296
1570
1787
1923
1917
2111
2399
2674
2927
3087
3041
2776
2498
2421
2358
2245
1931
1674
1456
1182
1052
973
909
579
232
-145
-356
-431
-542
-683
-826
-1054
-1213
-1271
-1248
-1275
-1330
-1431
-1540
-1491
-1426
-1464
-1509
-1584
-1557
-1493
-1454
-1375
-1374
-1341
-1294
-1190
-1128
-925
-726
-661
-689
-726
-660
-560
-465
-331
-257
-293
-411
-457
-358
-193
31
124
82
-43
-179
-142
-57
79
146
49
-98
-217
-275
-242
-128
-67
5
-39
-130
-264
-335
-246
-131
28
70
4
-44
-29
-47
74
301
506
585
546
590
593
669
858
991
1114
1206
1306
1464
1672
1998
2274
2445
2597
2574
2434
2342
2332
2421
2332
2054
1683
1306
1133
997
1030
983
830
528
90
-162
-285
-369
-485
-594
-776
-943
-1027
-1122
-1155
-1138
-1142
-1186
-1193
-1278
-1462
-1463
-1443
-1401
-1393
-1414
-1554
-1674
-1681
-1612
-1411
-1255
-1160
-1186
-1286
-1254
-1140
-992
-871
-762
-695
-701
-669
-607
-484
-299
-185
-146
-43
-45
-90
-81
8
189
251
162
61
-10
-30
60
193
280
210
-1
-141
-207
-111
28
0
-113
-253
-325
-344
-272
-181
-141
-136
-132
-140
-148
-69
113
271
422
470
467
431
534
806
1198
1628
1824
1841
1844
1997
2368
2691
2834
2739
2484
2140
1926
1895
1758
1624
1417
1148
949
772
604
396
294
179
19
-148
-383
-620
-819
-885
-827
-699
-736
-901
-1088
-1122
-977
-803
-803
-953
-1218
-1431
-1461
-1389
-1279
-1209
-1214
-1346
-1371
-1374
-1268
-1200
-1022
-959
-956
-956
-936
-832
-677
-507
-424
-359
-377
-385
-352
-214
28
178
134
109
-1
34
154
260
383
345
297
244
254
290
291
258
247
202
218
157
-30
-141
-172
-86
-13
-32
-118
-229
-320
-277
-72
14
53
36
-8
75
176
322
435
520
627
806
1118
1382
1635
1861
1956
2137
2365
2534
2522
2456
2392
2286
2147
1942
1673
1426
1253
1070
995
775
552
350
53
-67
-140
-266
-476
-750
-951
-980
-1036
-1075
-1210
-1258
-1180
-1125
-1105
-1128
-1195
-1305
-1434
-1531
-1466
-1424
-1448
-1496
-1541
-1437
-1335
-1249
-1125
-1022
-999
-956
-953
-872
-707
-598
-475
-445
-357
-320
-315
-189
-20
115
250
254
228
255
271
381
434
491
486
435
343
310
270
215
212
188
153
116
9
-138
-286
-272
-238
-235
-254
-314
-402
-482
-421
-304
-173
-146
-140
-196
-151
20
187
380
459
483
611
842
1140
1378
1608
1816
2047
2307
2499
2632
2670
2581
2472
2299
2195
2078
1813
1566
1277
992
786
491
311
143
-41
-297
-584
-814
-1039
-1089
-1151
-1187
-1277
-1398
-1448
-1419
-1333
-1226
-1176
-1183
-1143
-1133
-1124
-1048
-1066
-1114
-1108
-1126
-1056
-1002
-950
-816
-752
-793
-761
-766
-751
-655
-598
-567
-497
-489
-482
-350
-198
-108
-92
-43
-1
116
168
257
227
200
158
170
179
207
218
88
32
19
29
16
-53
-198
-290
-320
-294
-278
-190
-241
-322
-432
-436
-355
-213
-103
-104
-76
-120
-86
-38
135
309
366
372
391
493
636
775
950
1160
1419
1642
1871
2163
2350
2430
2442
2397
2352
2273
2145
1968
1755
1602
1277
992
769
535
453
346
201
-31
-293
-558
-832
-962
-1057
-1083
-1129
-1183
-1299
-1375
-1452
-1441
-1292
-1214
-1184
-1183
-1241
-1230
-1156
-1147
-1071
-1066
-1115
-1223
-1214
-1101
-978
-833
-763
-670
-680
-643
-574
-502
-391
-315
-253
-169
-53
96
233
262
319
331
294
273
284
323
342
270
141
23
-78
-85
-129
-186
-288
-480
-552
-635
-655
-634
-645
-679
-672
-684
-737
-709
-722
-703
-522
-362
-301
-195
-174
-147
-58
136
340
516
649
635
648
740
930
1157
1484
1751
1971
2147
2256
2438
2659
2905
2888
2767
2499
2228
2028
1844
1771
1581
1388
1080
697
452
272
159
-34
-419
-790
-1066
-1259
-1230
-1171
-1191
-1282
-1420
-1526
-1528
-1512
-1391
-1358
-1403
-1412
-1348
-1159
-960
-764
-634
-650
-784
-924
-954
-871
-612
-372
-214
-140
-232
-300
-315
-270
-166
-96
-24
59
65
52
-19
1
16
-12
-15
-128
-222
-312
-364
-308
-294
-280
-381
-582
-659
-746
-699
-641
-528
-521
-628
-696
-738
-636
-526
-505
-465
-462
-441
-408
-280
-139
-88
-4
58
233
409
482
570
605
720
802
968
1089
1252
1450
1676
2004
2321
2581
2829
3017
3078
3096
2895
2738
2487
2212
1984
1813
1655
1461
1229
847
465
53
-281
-600
-876
-1162
-1412
-1543
-1623
-1682
-1733
-1797
-1956
-2095
-2196
-2169
-2070
-1882
-1718
-1564
-1425
-1387
-1239
-1111
-969
-876
-854
-851
-788
-574
-280
-100
-35
-51
-83
-25
99
292
467
504
401
250
194
204
212
192
156
6
-157
-244
-311
-378
-464
-651
-839
-1033
-1163
-1206
-1241
-1174
-1228
-1260
-1314
-1307
-1298
-1236
-1105
-1012
-903
-812
-641
-528
-477
-402
-338
-195
-28
254
538
695
761
815
858
1046
1255
1495
1638
1680
1845
2024
2317
2719
3110
3424
3687
3901
4030
3900
3478
2968
2592
2561
2688
2693
2376
1639
669
-203
-679
-629
-437
-501
-1002
-1700
-2264
-2629
-2664
-2429
-2184
-2157
-2338
-2487
-2386
-2182
-1926
-1780
-1573
-1366
-1208
-940
-657
-417
-341
-412
-392
-144
179
525
663
614
432
327
435
753
1135
1392
1348
1107
884
709
700
568
398
129
-11
-53
-183
-349
-777
-1398
-1800
-1924
-1789
-1678
-1680
-1973
-2361
-2625
-2581
-2218
-1870
-1630
-1664
-1724
-1726
-1542
-1204
-883
-702
-530
-415
-201
78
334
508
633
794
907
1188
1436
1701
1794
1746
1736
1855
2210
2663
3106
3411
3608
3770
3988
4178
3972
3434
2770
2559
2741
2941
2836
2183
1095
-101
-839
-890
-339
-87
-628
-1734
-2845
-3324
-3096
-2464
-1792
-1678
-2287
-3069
-3357
-2846
-1912
-1168
-925
-1074
-1320
-1382
-1123
-557
-110
42
-22
0
172
390
560
614
631
671
812
977
1112
1071
917
638
649
747
825
653
218
-38
-204
-269
-325
-467
-809
-1274
-1674
-1833
-1734
-1623
-1783
-2100
-2466
-2588
-2531
-2252
-1930
-1865
-1980
-2114
-1995
-1614
-1181
-963
-867
-878
-791
-564
-189
262
477
490
461
656
938
1257
1438
1474
1552
1528
1717
1959
2236
2529
2802
3099
3483
3871
4241
4197
3660
2961
2390
2673
3264
3468
2941
1603
320
-450
-404
166
533
126
-1315
-2676
-3245
-2765
-1898
-1404
-1500
-2388
-3421
-3711
-3023
-1793
-941
-957
-1492
-1980
-1927
-1326
-435
229
269
-140
-445
-270
261
805
1013
931
804
657
639
731
828
902
878
837
880
823
522
251
37
201
429
382
101
-484
-1079
-1323
-1146
-778
-707
-1199
-1964
-2536
-2618
-2226
-1676
-1514
-1747
-2193
-2522
-2317
-1741
-1119
-900
-1032
-1217
-1190
-914
-421
89
302
297
165
252
573
897
1149
1297
1347
1330
1365
1454
1654
1918
2228
2594
2927
3297
3555
3749
3792
3481
3044
2691
2939
3353
3312
2705
1599
675
177
96
479
524
-102
-1431
-2447
-2652
-2140
-1544
-1555
-1938
-2764
-3434
-3392
-2662
-1671
-1345
-1692
-2144
-2237
-1821
-1197
-609
-361
-498
-741
-738
-266
248
560
598
392
364
337
477
667
814
848
799
653
584
507
417
448
466
501
402
124
-263
-519
-586
-479
-406
-555
-949
-1530
-1922
-1932
-1642
-1332
-1426
-1754
-2131
-2189
-1993
-1485
-1102
-1078
-1228
-1492
-1347
-940
-478
-89
33
5
-18
113
451
881
1156
1245
1260
1226
1292
1438
1644
1885
2074
2295
2568
2834
3167
3497
3919
4131
3735
3021
2327
2486
3135
3354
2892
1781
587
-87
-173
358
602
-42
-1528
-2721
-2935
-2335
-1572
-1583
-2010
-2972
-3758
-3662
-2835
-1825
-1532
-1970
-2449
-2463
-1931
-1217
-707
-555
-701
-930
-852
-343
98
314
284
236
280
390
455
492
586
587
566
491
245
136
96
255
348
273
-34
-552
-767
-718
-507
-421
-588
-974
-1382
-1543
-1491
-1288
-1246
-1418
-1656
-1887
-1802
-1566
-1322
-1165
-1193
-1241
-1270
-1179
-826
-588
-442
-265
-74
97
255
354
536
825
1017
1254
1314
1385
1378
1363
1539
1835
2055
2211
2270
2573
2984
3405
3731
3980
3841
3153
2619
2471
3118
3514
3180
2186
854
37
-5
413
701
213
-1212
-2692
-3010
-2443
-1592
-1442
-2018
-2833
-3632
-3604
-2791
-1923
-1472
-1979
-2571
-2530
-2041
-1334
-878
-706
-870
-1061
-973
-589
-45
60
33
-60
-7
222
132
117
171
271
440
474
422
170
-105
-114
180
480
469
76
-366
-561
-440
-248
-75
-293
-695
-1116
-1343
-1105
-861
-853
-1127
-1500
-1696
-1526
-1255
-1001
-951
-1175
-1329
-1291
-948
-582
-359
-367
-388
-307
-108
114
412
742
844
870
927
1126
1221
1415
1549
1666
1690
1570
1626
1952
2385
2823
3140
3327
3398
3514
3416
3193
2929
2671
2965
3065
2684
1905
1043
570
374
393
333
-171
-1127
-2047
-2148
-1892
-1562
-1719
-2243
-2675
-3069
-2935
-2376
-1969
-1877
-2291
-2479
-2297
-1947
-1509
-1234
-1108
-1186
-1282
-1195
-960
-634
-584
-428
-334
-347
-381
-493
-317
-65
162
211
128
-59
-298
-306
10
443
503
143
-266
-488
-334
-51
66
-49
-413
-843
-1037
-881
-643
-606
-876
-1247
-1469
-1452
-1246
-1023
-986
-1117
-1284
-1332
-1125
-806
-591
-553
-646
-620
-503
-198
213
537
670
613
696
859
1094
1256
1425
1470
1481
1491
1530
1690
1983
2251
2416
2625
2794
3207
3595
3990
3688
3122
2558
2592
3268
3478
3146
2139
1036
390
378
798
889
244
-1035
-2020
-2084
-1728
-1296
-1462
-2049
-2632
-3194
-2976
-2404
-2001
-1994
-2437
-2585
-2485
-2132
-1766
-1426
-1250
-1301
-1376
-1383
-1129
-791
-649
-435
-335
-383
-515
-468
-51
350
515
487
256
-14
39
252
514
580
361
221
138
-44
-6
-105
-167
-217
-418
-517
-662
-692
-714
-708
-749
-908
-1111
-1231
-1121
-1007
-879
-969
-1114
-1123
-1115
-892
-607
-448
-480
-647
-651
-342
77
430
485
518
412
375
670
1059
1371
1332
1214
1206
1328
1607
1849
2118
2243
2390
2641
3041
3518
3845
3831
3300
2838
2691
3171
3543
3191
2360
1321
642
564
759
892
336
-720
-1746
-1877
-1543
-1253
-1483
-2223
-2734
-3172
-2994
-2404
-2152
-2217
-2657
-2941
-2749
-2321
-1851
-1515
-1461
-1659
-1787
-1577
-1198
-776
-625
-581
-539
-640
-615
-439
-158
88
79
-11
-36
31
169
400
624
604
420
185
264
467
584
567
383
121
-156
-286
-218
-173
-273
-597
-930
-1103
-1220
-1241
-1228
-1243
-1357
-1488
-1538
-1508
-1470
-1419
-1365
-1257
-1220
-1190
-1091
-920
-715
-538
-399
-197
-81
72
286
573
846
939
1030
1112
1268
1460
1684
1875
1979
2059
2221
2579
2919
3350
3624
3922
3786
3290
2866
2745
3351
3560
3180
2171
1081
467
461
847
926
239
-980
-2032
-2070
-1664
-1288
-1425
-2100
-2826
-3267
-3027
-2398
-1908
-1859
-2359
-2756
-2655
-2220
-1612
-1252
-1186
-1433
-1560
-1346
-961
-402
-190
-171
-258
-353
-240
-128
130
380
495
460
338
238
300
555
841
1038
946
672
531
489
654
764
593
242
-158
-429
-448
-433
-610
-915
-1264
-1401
-1472
-1461
-1484
-1604
-1808
-1932
-1936
-1797
-1613
-1548
-1499
-1525
-1487
-1345
-1105
-826
-595
-472
-369
-223
25
327
596
794
889
922
1029
1264
1473
1684
1730
1669
1689
1863
2228
2580
2819
2889
3022
3262
3551
3452
3137
2605
2511
2917
2971
2576
1668
731
254
277
434
294
-519
-1642
-2246
-2187
-1746
-1496
-1847
-2408
-2865
-3003
-2556
-2006
-1797
-2037
-2468
-2413
-2102
-1606
-1232
-1099
-1058
-1155
-1083
-808
-414
-79
36
119
239
327
356
412
662
849
834
771
697
707
714
889
1054
1019
812
580
490
504
553
423
140
-224
-504
-622
-643
-726
-900
-1247
-1554
-1679
-1633
-1537
-1540
-1655
-1821
-1894
-1751
-1470
-1244
-1106
-1178
-1239
-1247
-990
-713
-508
-342
-434
-385
-268
21
351
540
673
684
785
1029
1295
1541
1592
1465
1399
1419
1635
2008
2273
2485
2610
2659
2881
3286
3309
2971
2474
2248
2633
2826
2563
1717
775
39
-128
31
-2
-630
-1639
-2392
-2486
-2119
-1734
-1816
-2259
-2654
-2841
-2568
-2010
-1624
-1630
-1907
-2022
-1731
-1258
-929
-684
-622
-662
-567
-297
54
356
416
503
706
687
699
676
733
836
893
832
840
686
431
360
414
530
451
253
-10
-205
-264
-216
-237
-378
-679
-974
-1129
-1112
-1144
-1292
-1536
-1692
-1714
-1656
-1545
-1555
-1683
-1790
-1733
-1480
-1229
-1125
-1182
-1289
-1302
-1158
-844
-632
-541
-584
-602
-420
-126
249
341
357
372
555
855
1090
1301
1381
1363
1297
1371
1576
1821
2083
2237
2336
2504
2758
3060
3358
3368
2940
2359
2040
2294
2510
2216
1325
324
-356
-501
-327
-342
-775
-1669
-2390
-2400
-1947
-1426
-1407
-1819
-2211
-2388
-1938
-1203
-703
-696
-1079
-1252
-955
-367
113
308
181
-24
-79
145
496
741
710
564
513
469
407
427
442
463
354
203
114
-43
-120
-85
-52
-91
-308
-504
-494
-430
-380
-459
-687
-818
-889
-901
-832
-927
-1121
-1329
-1447
-1288
-1133
-1110
-1124
-1152
-1224
-1250
-1093
-959
-902
-948
-1042
-973
-820
-624
-560
-512
-576
-604
-455
-202
95
211
238
250
363
540
793
1079
1212
1210
1199
1250
1433
1632
1777
1832
1908
2037
2270
2562
2813
3028
3095
2850
2429
2038
1987
2224
2166
1629
664
-189
-561
-467
-271
-357
-965
-1815
-2326
-2042
-1480
-1049
-1193
-1679
-1980
-1876
-1212
-547
-294
-431
-720
-729
-317
234
541
563
267
24
167
425
679
748
545
316
134
185
200
186
56
-109
-224
-330
-405
-591
-739
-692
-564
-551
-641
-874
-1061
-1152
-1040
-873
-885
-1057
-1323
-1413
-1285
-1142
-1083
-1142
-1236
-1361
-1312
-1083
-906
-914
-1008
-1124
-1062
-865
-743
-729
-651
-647
-629
-557
-454
-297
-243
-116
14
138
217
267
464
660
841
941
1076
1107
1115
1262
1390
1514
1435
1364
1359
1461
1764
2012
2140
2201
2305
2481
2718
2629
2260
1700
1618
1807
1779
1390
520
-181
-616
-596
-332
-403
-975
-1711
-1930
-1639
-1098
-735
-885
-1246
-1393
-1185
-599
-123
41
-101
-328
-146
165
548
655
508
374
259
387
538
591
391
161
56
10
-5
-199
-406
-618
-676
-644
-704
-890
-1173
-1295
-1150
-951
-835
-917
-1112
-1229
-1188
-922
-709
-743
-935
-1080
-1035
-830
-659
-634
-665
-791
-832
-731
-563
-418
-456
-516
-524
-430
-324
-301
-235
-130
-70
-77
-8
98
221
338
437
573
616
584
619
723
900
1027
1047
968
909
837
850
994
1079
1014
872
851
974
1206
1384
1566
1737
1889
2066
2323
2577
2454
2163
1752
1630
1921
1951
1523
740
63
-350
-248
42
93
-245
-1011
-1400
-1205
-646
-110
-210
-544
-883
-933
-509
28
510
466
104
-187
-176
235
493
539
364
-2
-272
-402
-316
-176
-232
-512
-875
-1115
-1238
-1224
-1203
-1203
-1269
-1474
-1547
-1545
-1409
-1139
-929
-838
-868
-954
-931
-763
-481
-259
-215
-371
-542
-502
-430
-220
-85
-136
-250
-443
-413
-214
-40
-32
-80
-138
-173
-83
39
207
226
132
86
123
199
264
276
288
233
142
132
198
233
241
131
58
72
39
-34
-19
-2
102
152
252
362
460
534
721
1011
1280
1608
1890
2173
2415
2649
2558
2323
2005
1928
2151
2101
1743
987
335
19
78
316
326
-63
-720
-1110
-972
-405
-32
-141
-532
-818
-807
-424
35
304
119
-307
-512
-458
-114
-8
-125
-456
-844
-981
-945
-749
-743
-998
-1338
-1545
-1481
-1395
-1394
-1429
-1473
-1388
-1399
-1189
-984
-881
-747
-638
-431
-278
-129
-130
-67
55
132
164
134
93
67
39
52
82
76
65
7
-5
-17
20
56
63
37
-33
-77
-135
-162
-123
-118
-194
-292
-345
-342
-368
-342
-340
-458
-578
-610
-558
-492
-399
-406
-426
-400
-310
-137
68
202
278
410
605
813
973
1176
1472
1818
2178
2465
2694
2899
3112
3172
3075
2769
2438
2405
2330
2128
1644
988
492
130
93
199
83
-258
-803
-1155
-1105
-791
-612
-654
-907
-1200
-1230
-1038
-716
-531
-700
-934
-1133
-1069
-880
-817
-816
-1002
-1192
-1209
-1137
-994
-982
-1040
-1141
-1190
-1099
-1042
-933
-897
-837
-679
-449
-242
-143
2
179
361
526
592
644
633
563
442
236
21
-63
-128
-235
-386
-634
-895
-923
-822
-693
-682
-723
-804
-864
-786
-717
-593
-634
-714
-843
-854
-808
-751
-719
-744
-774
-852
-792
-719
-591
-459
-368
-302
-271
-184
-62
63
250
435
577
642
729
837
1011
1225
1496
1742
1929
2089
2355
2651
2970
3251
3431
3475
3180
2884
2554
2506
2468
2111
1539
789
211
-47
-121
-95
-277
-645
-1217
-1530
-1403
-1133
-969
-1050
-1219
-1400
-1327
-1152
-926
-675
-677
-735
-776
-688
-541
-530
-533
-565
-624
-633
-536
-528
-601
-666
-743
-746
-641
-605
-653
-742
-741
-582
-340
-157
-85
-25
-30
17
138
254
333
247
114
19
-27
-46
-58
-135
-266
-457
-678
-678
-682
-715
-781
-882
-922
-1000
-1069
-1059
-1026
-997
-988
-1000
-1011
-1024
-918
-843
-779
-718
-685
-664
-537
-478
-476
-416
-380
-323
-208
-211
-149
-37
41
130
286
444
578
757
934
1065
1229
1309
1401
1621
1741
1869
1935
2122
2280
2494
2651
2747
2816
2816
2653
2382
2042
1789
1606
1305
896
293
-352
-741
-913
-935
-965
-1043
-1273
-1496
-1517
-1306
-1046
-809
-607
-653
-534
-424
-275
3
123
192
141
-11
-59
-169
-151
-91
-97
-161
-235
-352
-601
-712
-705
-618
-510
-605
-778
-1025
-947
-755
-506
-316
-351
-537
-662
-552
-337
-95
5
-161
-372
-431
-431
-381
-378
-502
-722
-916
-986
-970
-984
-992
-959
-1007
-981
-990
-976
-907
-845
-730
-674
-610
-564
-493
-412
-331
-237
-212
-195
-201
-190
-162
-163
-106
-124
-9
56
66
213
287
336
395
495
583
676
774
803
862
972
1072
1096
1127
1158
1241
1471
1647
1860
1992
2030
2162
2336
2324
2229
1942
1578
1410
1219
1055
713
191
-213
-452
-515
-411
-338
-360
-469
-624
-640
-432
-253
-26
91
177
182
105
74
171
254
312
150
-100
-246
-423
-504
-517
-496
-606
-796
-1081
-1281
-1368
-1297
-1199
-1179
-1266
-1391
-1476
-1376
-1105
-829
-687
-611
-617
-575
-459
-360
-163
-71
-112
-157
-176
-303
-305
-341
-338
-399
-482
-546
-650
-726
-766
-758
-641
-595
-637
-727
-785
-711
-605
-457
-368
-381
-464
-455
-338
-207
-39
-13
-86
-162
-206
-119
52
138
46
-27
-104
-51
79
179
236
224
193
241
344
496
638
774
839
950
1064
1128
1257
1368
1609
1790
2021
2220
2296
2337
2447
2499
2469
2203
1848
1544
1384
1281
945
630
274
21
-129
-14
205
178
-8
-269
-283
-178
-18
89
131
126
-21
-92
-168
-287
-422
-529
-595
-746
-946
-1196
-1375
-1447
-1394
-1326
-1316
-1455
-1705
-1795
-1667
-1455
-1236
-1052
-1095
-1032
-809
-552
-245
-66
6
20
28
128
274
320
303
243
150
51
-73
-114
-242
-356
-494
-591
-646
-717
-753
-850
-818
-793
-740
-686
-618
-551
-603
-590
-508
-312
-253
-246
-203
-176
-161
-174
-174
-159
-157
-210
-206
-167
-174
-171
-77
-11
63
129
152
255
416
566
706
725
799
792
935
1134
1256
1379
1435
1558
1622
1800
1994
2170
2299
2380
2467
2518
2512
2406
2124
1820
1616
1362
1127
762
420
169
-49
-179
-277
-319
-421
-449
-486
-524
-589
-688
-784
-750
-655
-567
-622
-834
-1042
-1162
-1169
-1152
-1107
-1193
-1294
-1381
-1322
-1187
-1044
-878
-848
-787
-724
-692
-565
-476
-297
-130
-32
68
125
169
230
333
405
378
264
190
117
88
40
-66
-210
-361
-484
-596
-719
-805
-908
-1042
-1101
-1057
-971
-918
-962
-982
-926
-878
-811
-680
-594
-545
-552
-535
-392
-304
-304
-245
-273
-260
-193
-173
-109
-31
54
79
171
246
379
468
493
466
509
666
756
865
916
966
962
1047
1178
1266
1397
1388
1434
1442
1488
1653
1733
1841
1910
1931
1981
2085
2038
1974
1678
1365
1074
754
577
320
149
-38
-289
-457
-522
-543
-466
-478
-526
-615
-688
-676
-682
-587
-508
-571
-582
-628
-642
-614
-637
-669
-677
-747
-721
-634
-581
-471
-418
-451
-451
-439
-367
-291
-259
-230
-250
-254
-207
-202
-104
-32
-82
-128
-233
-280
-314
-336
-374
-460
-531
-658
-762
-897
-961
-991
-1061
-1124
-1199
-1198
-1144
-1105
-966
-873
-767
-677
-620
-523
-432
-325
-288
-232
-186
-141
-114
-93
-92
-71
-42
-39
-9
34
27
16
51
153
253
292
242
231
223
249
379
416
392
355
388
460
647
802
866
951
944
987
1098
1231
1414
1463
1477
1496
1575
1700
1740
1815
1896
1854
1759
1588
1417
1225
983
859
786
585
374
202
93
37
46
53
35
-36
-153
-171
-171
-178
-200
-182
-199
-217
-250
-319
-363
-433
-515
-578
-613
-634
-597
-587
-616
-617
-645
-588
-524
-557
-539
-545
-505
-415
-405
-376
-430
-481
-512
-477
-429
-410
-493
-581
-674
-773
-737
-719
-663
-681
-817
-915
-952
-926
-882
-797
-799
-815
-749
-695
-568
-457
-416
-441
-391
-357
-288
-267
-253
-220
-294
-337
-286
-173
-165
-198
-232
-250
-183
-165
-77
-26
-40
-54
-51
28
165
218
246
264
305
427
545
658
765
860
966
1083
1165
1285
1402
1437
1500
1523
1581
1697
1754
1774
1816
1852
1894
1916
1860
1807
1616
1379
1255
1106
958
742
570
406
250
127
-20
-121
-176
-200
-222
-284
-295
-297
-277
-306
-358
-376
-446
-432
-461
-498
-525
-564
-660
-700
-735
-711
-669
-649
-628
-646
-592
-559
-535
-548
-550
-547
-525
-492
-507
-562
-538
-505
-494
-499
-509
-588
-616
-682
-701
-634
-630
-651
-717
-755
-828
-832
-856
-845
-790
-796
-829
-805
-764
-711
-621
-573
-558
-623
-647
-636
-555
-447
-443
-444
-451
-441
-446
-370
-256
-209
-189
-206
-156
-36
118
255
349
419
412
414
535
632
743
848
916
984
1000
1055
1088
1191
1225
1237
1267
1265
1234
1208
1287
1317
1433
1383
1310
1267
1271
1380
1416
1424
1322
1250
1192
1179
1188
1083
914
658
472
393
374
366
282
171
45
-9
42
15
59
43
-18
-50
-81
-126
-226
-218
-291
-395
-484
-525
-538
-614
-629
-671
-650
-670
-725
-722
-749
-733
-750
-722
-691
-688
-731
-723
-678
-700
-685
-704
-744
-837
-843
-849
-831
-784
-834
-832
-862
-896
-894
-884
-896
-914
-966
-1042
-1024
-956
-885
-794
-780
-714
-686
-672
-628
-505
-450
-336
-227
-195
-118
-46
100
167
186
253
348
442
427
518
565
615
676
693
712
674
646
613
636
685
757
785
812
833
897
934
944
904
925
898
903
961
934
965
906
917
877
855
845
880
941
940
982
961
951
974
955
966
985
1038
991
915
770
663
615
581
544
451
395
359
326
284
288
247
142
56
-61
-59
-109
-209
-312
-402
-466
-498
-531
-626
-688
-737
-739
-735
-670
-661
-747
-804
-807
-788
-743
-705
-792
-830
-931
-969
-928
-937
-899
-940
-993
-1000
-973
-965
-964
-969
-958
-996
-933
-881
-852
-824
-766
-665
-623
-564
-551
-489
-375
-282
-185
-109
-40
-21
30
85
165
298
302
305
313
347
439
477
549
587
607
533
501
522
549
610
585
604
471
350
324
374
520
597
561
435
373
405
478
628
628
557
518
405
490
574
617
585
494
461
514
631
782
846
896
845
869
986
1059
1083
1050
1036
1020
986
942
975
968
905
848
774
714
609
484
465
391
326
242
100
20
-68
-83
-90
-135
-209
-319
-336
-361
-394
-439
-515
-574
-637
-677
-718
-793
-796
-851
-899
-969
-1028
-1069
-1112
-1174
-1196
-1187
-1194
-1156
-1202
-1167
-1150
-1100
-1012
-966
-971
-977
-909
-783
-658
-619
-555
-564
-525
-440
-359
-276
-263
-279
-286
-244
-108
-29
8
-46
-105
-133
-86
-8
13
14
-54
-28
22
96
100
110
101
143
186
239
270
238
244
258
337
407
448
439
475
480
463
451
496
483
514
578
609
641
674
697
685
665
571
648
711
786
821
868
888
974
1024
1061
1035
988
948
933
962
901
924
838
856
815
755
727
666
610
534
518
494
433
347
268
110
24
-2
-55
-98
-76
-161
-236
-304
-384
-449
-515
-509
-549
-610
-667
-664
-664
-705
-760
-818
-876
-940
-953
-957
-896
-895
-939
-947
-954
-918
-891
-832
-828
-801
-834
-841
-816
-675
-607
-659
-623
-648
-671
-565
-514
-517
-494
-518
-520
-502
-485
-502
-475
-458
-476
-413
-385
-312
-241
-175
-102
-51
26
126
217
281
326
372
407
468
537
541
606
633
627
597
605
647
654
659
656
614
614
653
631
645
661
677
658
655
628
590
555
591
634
583
595
643
617
665
602
614
624
640
637
606
645
655
648
661
598
608
574
545
546
559
574
504
449
435
374
344
331
287
230
198
156
164
165
40
2
-64
-148
-215
-251
-254
-338
-409
-491
-563
-585
-532
-526
-649
-652
-740
-778
-764
-762
-702
-748
-778
-899
-903
-871
-820
-740
-763
-809
-900
-931
-852
-835
-767
-772
-787
-772
-838
-809
-774
-711
-675
-694
-662
-647
-582
-485
-387
-343
-267
-218
-159
-62
61
167
236
320
302
301
376
446
475
511
547
514
512
454
511
540
487
471
420
457
441
460
447
432
428
397
337
324
303
323
346
365
418
412
391
373
372
408
411
414
435
502
576
572
564
538
488
484
532
541
533
439
417
462
446
436
337
249
235
224
205
185
195
179
173
133
94
55
38
-14
-69
-103
-123
-167
-120
-79
-84
-65
-120
-144
-124
-99
-96
-142
-135
-120
-107
-16
-63
-128
-162
-171
-196
-244
-229
-155
-166
-205
-260
-241
-273
-292
-334
-341
-258
-340
-332
-351
-361
-346
-379
-361
-385
-393
-358
-347
-249
-192
-179
-143
-107
-120
-119
-50
-98
-59
-33
-95
-17
-15
-65
-81
-84
-75
-98
-104
-131
-190
-193
-197
-159
-124
-156
-168
-190
-231
-189
-151
-159
-154
-192
-189
-139
-46
65
65
96
90
124
183
227
331
353
312
321
323
333
385
461
487
502
547
584
599
579
550
563
560
506
494
446
496
437
368
371
349
343
302
270
281
260
263
302
343
374
385
383
386
404
425
458
454
459
426
506
460
447
453
377
403
417
444
444
438
368
361
253
221
195
183
179
158
115
12
39
48
57
27
9
-18
-42
-24
44
9
26
26
-43
-55
-113
-107
-132
-118
-76
-145
-193
-156
-167
-215
-238
-276
-313
-306
-348
-344
-359
-442
-490
-491
-515
-536
-635
-663
-652
-669
-629
-592
-572
-566
-525
-505
-451
-508
-462
-410
-370
-365
-376
-342
-383
-355
-299
-288
-314
-285
-313
-336
-325
-303
-288
-247
-192
-209
-157
-98
-128
-82
-50
-79
-43
12
-4
33
76
111
96
147
206
237
311
349
395
445
512
488
545
588
639
643
643
619
532
503
604
577
582
573
464
425
430
421
400
407
297
269
263
262
274
292
238
172
176
97
160
223
174
151
172
156
108
120
124
82
90
94
55
54
57
19
-11
25
55
59
56
28
8
-18
-11
-55
-74
-167
-176
-144
-164
-164
-212
-213
-262
-247
-223
-234
-210
-237
-257
-218
-251
-276
-256
-279
-235
-250
-228
-245
-241
-207
-252
-293
-290
-341
-377
-369
-379
-420
-405
-399
-424
-484
-537
-515
-488
-448
-467
-429
-414
-384
-386
-393
-299
-207
-165
-189
-137
-130
-113
-31
22
48
54
34
39
49
54
121
136
161
195
215
243
309
279
331
318
289
317
287
251
264
295
277
256
227
207
190
175
163
170
131
142
177
200
175
203
244
236
230
206
205
239
264
242
250
227
231
212
154
128
167
133
67
56
38
88
68
22
-18
-42
-59
-95
-115
-109
-150
-157
-180
-163
-147
-174
-148
-178
-155
-158
-197
-236
-228
-228
-259
-232
-215
-233
-263
-259
-246
-224
-191
-198
-220
-259
-319
-287
-257
-246
-271
-301
-288
-311
-266
-305
-264
-217
-230
-217
-282
-214
-152
-118
-122
-114
-113
-141
-95
-85
-15
16
2
13
-25
-60
12
75
51
32
-62
-61
-11
30
75
89
95
75
109
173
195
194
187
249
169
207
249
243
213
175
195
187
203
204
215
236
226
175
212
211
209
220
240
249
233
218
151
148
116
110
88
108
98
115
107
60
31
43
40
74
86
20
40
30
29
77
125
123
97
52
-24
-10
18
-39
-56
5
-30
-53
39
13
-28
-88
-131
-124
-78
-158
-215
-212
-241
-226
-186
-204
-179
-175
-242
-273
-243
-244
-195
-182
-236
-226
-199
-244
-179
-132
-158
-188
-260
-307
-293
-281
-238
-274
-299
-288
-363
-368
-281
-201
-203
-197
-234
-228
-197
-194
-139
-115
-111
-133
-119
-37
8
5
-25
60
117
141
233
251
270
286
317
349
392
424
444
487
531
535
587
615
593
557
448
455
469
468
446
373
410
383
354
358
329
316
248
195
173
172
171
151
101
81
97
70
112
156
103
124
140
172
176
173
129
143
169
177
232
222
212
192
134
104
112
121
103
79
25
1
-15
-29
-11
-71
-95
-138
-204
-179
-197
-200
-212
-226
-262
-248
-266
-249
-278
-319
-333
-428
-343
-322
-320
-353
-384
-418
-462
-421
-432
-382
-410
-485
-485
-418
-359
-358
-401
-416
-398
-333
-270
-257
-254
-299
-275
-217
-163
-120
-71
-66
-54
-13
70
93
148
208
225
248
259
320
376
415
454
472
507
561
543
608
645
611
588
634
601
553
572
569
549
518
495
451
413
377
363
327
302
338
315
294
307
304
266
275
297
326
341
316
315
361
370
391
412
344
347
336
318
383
329
243
202
164
174
178
186
128
53
5
-22
-73
-105
-110
-179
-248
-277
-362
-392
-437
-429
-421
-503
-461
-435
-410
-369
-381
-398
-423
-408
-341
-392
-368
-401
-411
-357
-333
-338
-347
-346
-389
-340
-343
-337
-326
-318
-327
-309
-275
-264
-256
-248
-255
-226
-202
-205
-107
-85
-79
-41
7
72
54
65
111
111
225
219
238
302
215
246
262
266
348
372
323
346
382
393
402
424
405
431
422
414
456
418
413
374
320
374
352
330
371
345
369
391
378
370
368
353
381
363
379
328
351
423
420
446
423
396
401
406
399
429
426
370
319
285
280
239
203
164
140
111
100
71
17
7
-28
-39
-124
-130
-172
-170
-172
-235
-262
-257
-264
-290
-267
-291
-291
-294
-263
-240
-266
-310
-378
-351
-294
-272
-290
-277
-322
-334
-324
-275
-254
-232
-219
-270
-238
-250
-226
-216
-196
-206
-230
-209
-153
-140
-74
-49
-70
-75
-87
10
32
36
8
-30
-15
-43
32
64
83
92
46
19
59
98
148
161
116
143
139
161
222
180
211
258
286
268
314
362
337
342
323
370
380
341
346
357
360
350
344
341
339
337
308
341
348
346
313
324
330
309
290
238
198
242
230
195
180
134
138
114
76
53
8
-37
-20
-39
-87
-120
-203
-257
-219
-160
-171
-247
-278
-290
-287
-248
-224
-294
-257
-213
-227
-248
-244
-247
-222
-198
-189
-249
-235
-171
-186
-160
-175
-213
-215
-183
-208
-201
-215
-213
-254
-259
-264
-331
-323
-270
-210
-184
-240
-243
-198
-156
-164
-111
-70
-84
-55
-37
12
36
69
20
17
41
59
101
79
88
61
19
9
-1
23
0
-5
6
50
54
60
84
120
118
119
177
211
263
335
315
280
343
327
320
270
298
317
314
271
275
312
306
319
276
246
278
280
295
303
284
315
269
241
233
246
262
223
149
121
135
152
154
133
91
17
8
-16
-21
-35
-49
-93
-117
-174
-150
-184
-199
-177
-179
-250
-270
-224
-244
-209
-230
-262
-276
-280
-311
-329
-350
-362
-339
-318
-400
-403
-422
-389
-401
-435
-471
-460
-488
-452
-387
-452
-454
-440
-428
-446
-439
-392
-341
-359
-381
-333
-323
-256
-241
-202
-250
-244
-248
-211
-156
-193
-189
-198
-116
-137
-127
-119
-97
-126
-78
-43
-63
-52
-30
2
15
51
81
89
116
206
227
243
273
279
293
346
395
421
397
415
449
472
453
438
512
551
510
469
483
495
509
506
524
418
416
466
419
435
380
355
359
378
328
292
249
210
198
132
78
-22
-12
4
-52
-57
-131
-197
-183
-222
-307
-341
-334
-312
-316
-342
-374
-366
-350
-328
-322
-340
-345
-378
-359
-308
-329
-315
-349
-328
-299
-304
-303
-329
-344
-372
-408
-390
-384
-379
-364
-365
-354
-319
-367
-363
-323
-309
-270
-258
-297
-266
-215
-187
-191
-158
-193
-187
-229
-232
-197
-206
-187
-182
-164
-149
-117
-133
-72
-41
-96
-92
-61
-15
-15
62
109
96
71
103
160
173
210
208
269
321
353
370
410
425
435
440
485
475
517
602
567
515
474
480
496
482
474
511
491
425
389
393
303
264
283
260
239
194
125
80
40
-39
-50
-99
-84
-110
-153
-168
-185
-247
-282
-338
-325
-294
-346
-356
-331
-280
-268
-293
-365
-405
-403
-343
-278
-258
-239
-199
-176
-183
-173
-178
-176
-138
-151
-196
-192
-192
-248
-212
-238
-242
-258
-282
-247
-289
-278
-315
-313
-351
-400
-387
-420
-405
-411
-386
-370
-412
-392
-383
-376
-354
-395
-386
-375
-359
-320
-277
-209
-253
-231
-162
-99
-100
-125
-74
11
40
86
125
176
201
201
221
279
340
345
390
399
449
456
569
563
548
569
540
534
541
568
545
476
416
466
444
430
436
405
361
345
307
293
323
260
193
150
136
125
133
73
59
28
-8
-84
-114
-93
-104
-125
-152
-163
-183
-163
-209
-263
-215
-229
-255
-255
-260
-209
-211
-208
-195
-206
-210
-188
-231
-218
-242
-233
-232
-238
-152
-188
-183
-177
-202
-187
-221
-237
-305
-297
-268
-273
-285
-305
-341
-362
-345
-346
-351
-377
-351
-321
-368
-337
-318
-262
-282
-320
-296
-309
-315
-312
-266
-250
-280
-283
-276
-258
-164
-191
-209
-231
-207
-173
-134
-83
-59
-57
-66
-27
-9
36
29
-3
22
21
30
122
208
205
174
193
185
212
215
213
157
154
188
125
161
176
181
148
123
114
151
173
203
194
183
154
122
144
165
160
93
87
74
68
76
93
51
29
14
-2
-57
-70
-89
-91
-86
-90
-132
-127
-174
-181
-155
-173
-165
-144
-136
-184
-136
-142
-127
-110
-154
-166
-172
-190
-250
-248
-227
-184
-171
-181
-156
-162
-132
-167
-188
-195
-190
-225
-210
-201
-197
-207
-248
-232
-232
-241
-203
-226
-244
-207
-201
-207
-199
-172
-163
-180
-241
-213
-132
-126
-164
-134
-134
-126
-111
-100
-59
-80
-104
-94
-91
-97
-62
-87
-64
-68
-72
-48
-79
-21
-21
30
17
49
56
32
92
93
80
106
70
92
87
116
103
75
107
100
154
121
102
121
136
134
151
157
147
158
154
155
199
169
160
149
171
142
114
130
72
71
5
8
22
-29
-27
-86
-114
-103
-140
-115
-113
-120
-106
-116
-110
-76
-104
-155
-111
-72
-60
-78
-50
-38
-29
-31
-93
-48
-39
-53
-80
-61
-60
-78
-46
-93
-85
-100
-121
-159
-169
-136
-169
-159
-183
-218
-241
-199
-228
-239
-219
-201
-218
-225
-198
-192
-210
-191
-251
-255
-184
-209
-165
-210
-214
-190
-193
-193
-159
-156
-146
-162
-135
-116
-137
-148
-202
-150
-97
-94
-57
-23
-34
-26
0
38
72
73
71
88
131
126
137
135
127
150
123
149
180
152
104
81
128
102
124
111
121
114
93
107
62
91
70
77
90
35
45
60
14
-17
-34
-43
-32
-59
-63
-112
-150
-120
-125
-119
-132
-121
-94
-125
-109
-65
-89
-63
-95
-83
-90
-56
-37
-10
14
-14
-49
-29
-22
-39
-33
-91
-57
-65
-78
-103
-120
-116
-145
-167
-157
-196
-198
-188
-190
-181
-165
-185
-200
-206
-163
-158
-168
-149
-189
-172
-183
-199
-207
-184
-151
-136
-109
-119
-112
-106
-104
-122
-105
-149
-164
-82
-67
-53
-73
-4
23
-2
-24
-14
2
17
50
90
117
120
88
93
88
113
112
124
89
30
74
50
81
52
55
35
52
66
102
95
56
64
100
91
42
75
69
70
115
129
86
104
119
140
139
137
134
117
122
104
88
39
55
84
65
108
134
102
55
54
40
35
50
69
59
22
45
-3
22
18
6
-3
-70
-46
-70
-96
-114
-102
-108
-113
-129
-101
-96
-121
-139
-130
-101
-126
-118
-97
-78
-64
-94
-124
-65
-68
-68
-53
-51
-38
-58
-53
-42
-35
-40
-16
-35
-51
-38
-85
-35
-30
-9
4
-14
9
-45
-28
8
28
-4
-14
-33
-48
-18
11
-30
-51
-53
-67
-45
-45
-36
-51
-26
-27
-41
-50
-41
-73
-96
-99
-76
-77
-66
-43
-49
-61
-38
-39
-58
-65
-106
-91
-67
-72
-88
-59
-55
-36
-9
27
22
46
25
-29
-9
-23
24
12
36
48
21
19
14
34
52
21
18
8
0
-8
12
36
-4
1
4
-7
-9
-20
-28
-43
-77
-85
-104
-94
-42
-2
-46
-36
-22
-58
-45
-13
-15
-88
-28
-11
24
31
35
7
-10
62
29
85
131
134
126
118
127
88
116
134
95
101
94
88
128
134
150
114
118
132
137
169
159
134
65
92
71
77
69
7
49
2
0
25
17
-1
39
16
-14
-5
-8
-6
-48
-51
-79
-76
-62
-37
-46
-64
-69
-97
-80
-119
-114
-119
-103
-89
-68
-119
-126
-95
-110
-57
-55
-95
-111
-66
-27
-29
-67
-24
-29
-38
-22
-25
2
-13
10
14
54
55
41
80
84
78
51
58
92
120
179
157
113
104
125
138
156
170
153
162
171
187
205
199
207
208
174
214
193
156
142
130
155
202
203
194
225
237
229
219
222
202
224
190
199
193
191
193
176
185
192
157
99
119
142
149
149
126
122
141
92
91
110
40
-12
13
8
2
36
-8
-35
-17
-52
-71
-26
-38
-20
-66
-75
-85
-116
-137
-136
-98
-101
-86
-96
-19
-65
-57
-69
-80
-27
-45
-40
-27
-7
-24
-10
-6
4
10
-9
-3
-8
21
48
40
48
56
93
66
50
53
47
52
73
103
84
71
45
120
111
96
129
139
194
173
183
170
200
202
189
240
193
193
215
232
206
193
151
143
127
123
82
35
55
59
84
63
55
22
8
34
-34
-54
-46
-42
13
39
17
-24
5
29
22
-8
17
13
-27
-17
-30
-51
-28
-42
-75
-68
-39
-67
-31
-50
-60
-39
-49
-74
-60
-52
-71
-52
-86
-119
-153
-119
-141
-165
-133
-94
-86
-79
-83
-74
-39
-25
-66
-63
-89
-114
-107
-78
-52
-75
-39
-75
-80
-48
-73
-40
-39
-34
-51
-33
-12
-45
-30
-50
-49
-14
-86
-50
-38
-41
-8
8
20
17
59
24
41
55
66
65
70
109
124
104
90
130
145
174
189
189
219
199
215
234
253
193
195
224
182
212
172
161
170
167
170
146
121
138
167
163
162
158
188
138
81
79
64
41
76
81
73
98
75
133
86
63
75
71
58
26
27
15
5
-24
-28
21
-5
3
15
8
23
12
5
-9
-7
33
25
5
-34
-66
-60
-43
-52
-73
-65
-88
-36
-76
-46
-55
-86
-76
-115
-125
-114
-92
-54
-43
-120
-105
-122
-117
-74
-136
-123
-153
-115
-137
-128
-101
-116
-119
-139
-125
-180
-132
-163
-139
-163
-168
-117
-107
-72
-90
-54
-3
1
0
48
45
-5
25
47
106
126
131
142
143
148
140
146
125
130
171
176
153
159
146
142
125
126
151
140
103
122
128
98
122
91
68
121
25
91
107
93
148
170
188
135
141
111
134
143
128
122
136
148
104
111
42
34
58
100
83
24
45
35
79
67
109
103
78
47
56
41
23
9
0
15
-23
-9
-35
-78
-45
-101
-94
-138
-115
-111
-182
-108
-125
-112
-185
-137
-139
-129
-123
-168
-143
-136
-114
-143
-163
-175
-143
-122
-136
-139
-138
-181
-181
-148
-157
-190
-121
-90
-118
-93
-113
-135
-100
-104
-93
-71
-36
-48
-84
-42
-39
-51
-41
-58
-44
-49
11
3
13
70
44
53
5
57
54
85
54
70
84
89
96
54
49
65
82
110
137
112
110
125
150
134
137
184
183
163
217
204
160
164
172
211
183
183
177
172
193
169
147
98
76
41
-18
-6
35
11
45
32
-1
-7
-6
5
-16
-24
-54
-30
-34
-92
-60
-19
-76
-99
-94
-91
-85
-80
-88
-153
-132
-142
-135
-193
-178
-151
-176
-128
-167
-205
-193
-179
-163
-150
-167
-140
-129
-126
-98
-89
-103
-66
-39
-58
-56
-70
-61
-74
-69
-40
-31
-82
-93
-35
-77
-56
-24
-89
-28
-60
-47
-50
-47
8
12
22
62
53
79
118
104
101
96
99
120
153
177
129
98
171
153
164
146
179
194
232
209
201
212
243
284
281
286
269
297
352
327
355
345
318
326
295
306
303
330
305
288
278
258
237
227
181
227
175
119
138
96
95
75
60
32
34
57
52
8
-24
28
-27
-69
-67
-102
-97
-117
-157
-155
-175
-171
-175
-169
-190
-216
-203
-230
-201
-224
-236
-252
-198
-231
-273
-225
-292
-277
-231
-255
-254
-216
-189
-197
-231
-242
-213
-253
-284
-263
-250
-250
-243
-220
-220
-199
-179
-190
-198
-193
-191
-214
-178
-132
-107
-115
-87
-32
-77
-25
10
-13
60
-3
75
155
120
119
154
203
234
228
196
190
189
263
318
318
327
321
310
290
294
348
339
323
284
281
278
275
311
302
277
315
284
232
237
207
217
187
168
157
111
101
86
119
99
105
73
83
78
67
74
89
100
50
63
55
52
27
31
49
-48
-19
20
-30
-46
-50
-42
-85
-40
-33
-34
-93
-91
-86
-75
-82
-93
-86
-72
-98
-116
-116
-177
-143
-137
-153
-142
-124
-144
-117
-107
-116
-162
-144
-119
-127
-101
-117
-145
-145
-118
-111
-68
-61
-8
-82
-107
-85
-7
43
23
35
0
19
3
90
90
103
142
110
148
158
187
154
172
199
141
192
224
203
219
208
209
212
185
151
139
160
182
209
217
152
162
165
145
195
152
151
152
132
134
127
134
165
147
170
207
137
120
94
77
64
61
95
71
79
74
62
60
61
38
34
39
38
32
-40
-62
-43
-45
-88
-66
-86
-120
-113
-182
-164
-108
-89
-121
-166
-169
-184
-208
-208
-224
-239
-236
-252
-289
-260
-271
-224
-208
-199
-224
-263
-224
-201
-223
-256
-227
-245
-217
-207
-203
-187
-181
-153
-185
-143
-185
-163
-144
-106
-125
-160
-120
-124
-101
-99
-111
-136
-108
-114
-103
-137
-119
-101
-60
-73
-58
-41
-26
-1
-13
9
-13
9
76
68
35
51
36
26
61
63
93
105
95
87
100
139
180
189
148
154
199
174
194
226
227
234
246
259
258
287
283
269
288
266
209
232
230
256
222
241
255
246
204
175
145
92
94
104
95
36
-9
3
-30
-38
-14
-58
-35
-72
-141
-122
-115
-116
-128
-168
-157
-184
-203
-183
-158
-202
-207
-185
-226
-211
-250
-210
-181
-255
-206
-173
-196
-173
-182
-213
-202
-210
-217
-201
-245
-210
-191
-201
-161
-191
-174
-224
-202
-198
-171
-164
-222
-167
-187
-175
-177
-175
-153
-156
-177
-155
-130
-80
-84
-74
-66
-62
-50
-14
21
-20
26
34
17
48
51
45
77
137
168
110
106
131
185
173
177
186
229
243
260
294
303
324
301
334
306
336
303
275
310
316
273
253
262
213
198
222
154
139
81
120
187
186
188
141
137
119
134
110
88
73
66
16
6
43
-20
-36
-56
-126
-131
-129
-110
-54
-83
-138
-159
-140
-145
-206
-203
-207
-221
-209
-177
-213
-223
-201
-194
-176
-200
-223
-190
-218
-201
-187
-193
-184
-200
-191
-258
-245
-230
-291
-300
-291
-222
-194
-279
-259
-245
-243
-231
-242
-232
-232
-210
-192
-191
-207
-149
-138
-141
-155
-128
-122
-98
-75
-94
-56
-71
-18
41
45
42
18
34
56
91
101
111
115
165
188
183
177
152
201
220
218
217
193
237
234
238
229
210
210
242
226
240
261
246
252
223
196
159
170
158
157
138
129
50
85
113
106
94
39
96
64
25
-14
-30
-3
-13
-38
-40
-22
-50
-49
-101
-52
-64
-95
-106
-102
-61
-116
-106
-124
-164
-160
-150
-158
-184
-171
-187
-215
-223
-228
-237
-248
-264
-242
-284
-315
-267
-283
-248
-220
-249
-252
-252
-229
-226
-230
-229
-216
-188
-191
-156
-167
-160
-125
-129
-144
-144
-123
-138
-103
-72
-55
-81
-86
-50
-27
-28
-19
-19
-24
28
5
30
98
108
116
117
141
95
157
177
138
229
193
189
197
199
224
213
264
238
250
275
247
246
244
284
241
232
223
220
245
207
203
219
208
205
207
208
181
152
125
163
102
35
21
1
9
-5
-31
18
45
20
11
-5
-3
-14
9
-66
-80
-53
-63
-74
-65
-62
-85
-75
-99
-141
-154
-125
-154
-140
-127
-139
-155
-142
-116
-134
-120
-120
-133
-122
-161
-182
-136
-160
-141
-132
-151
-163
-132
-122
-91
-123
-147
-132
-121
-123
-139
-126
-93
-56
-81
-59
-66
-25
-41
-28
-34
-39
-26
-22
-37
-52
-49
-31
-8
18
39
41
37
31
60
50
59
49
32
21
74
73
44
78
53
65
80
70
80
107
159
141
139
187
187
174
176
146
141
190
140
173
181
157
189
144
164
157
137
165
151
156
131
125
104
95
76
97
57
68
66
97
80
34
68
61
64
32
25
30
63
17
49
47
43
13
31
53
43
12
10
43
6
1
-5
-30
-30
-24
-27
-33
-3
-4
-24
-22
-35
25
-9
-18
-15
-45
-60
-53
-40
-84
-70
-62
-77
-20
-55
-74
-98
-133
-130
-125
-104
-80
-122
-127
-113
-121
-110
-94
-76
-44
-26
-67
-56
-46
-4
3
2
40
26
30
38
-5
14
15
9
18
37
15
19
15
13
14
2
14
-13
34
81
36
68
59
48
89
76
88
77
55
78
94
89
75
25
77
81
31
96
51
31
96
70
61
49
19
-9
-46
-44
-50
-4
-5
-20
-15
-20
-1
7
-1
-27
7
-3
-36
-30
-4
-31
28
51
18
62
12
38
37
28
15
44
30
27
17
-6
27
5
14
-31
-59
-44
-24
-8
-24
-24
-28
-38
-79
-91
-73
-81
-107
-140
-151
-153
-78
-104
-156
-111
-128
-126
-92
-37
-43
-28
-12
-31
-38
-43
-28
-27
-16
-25
-3
-26
-11
4
-7
18
15
16
40
26
-3
22
43
42
30
17
17
38
34
24
50
37
54
59
75
71
63
56
32
43
31
-4
38
43
4
21
-19
-39
-24
29
48
53
26
14
0
-23
24
52
51
46
10
11
53
51
45
43
69
52
85
113
48
71
93
82
91
58
32
27
54
57
31
39
6
8
14
-6
-7
-36
-23
-33
-27
-28
-78
-112
-72
-77
-81
-79
-58
-52
-80
-109
-107
-76
-51
-65
-127
-110
-110
-94
-79
-60
-53
-66
-82
-81
-60
-48
-1
-19
-14
56
44
35
60
69
81
-1
5
43
69
97
74
61
90
68
46
64
52
45
68
50
82
128
103
102
76
56
75
57
58
68
13
46
39
54
84
22
11
2
5
26
-16
-36
-42
-54
-22
-39
-54
-60
-58
-35
-52
-27
-36
-36
-54
-49
-81
-45
-15
-22
-7
18
-6
-4
17
7
39
5
-9
-24
-3
45
9
-23
-5
11
-12
-3
7
5
5
-29
-29
-28
-12
-36
-42
-63
-42
-54
-90
-75
-72
-93
-49
-86
-105
-142
-126
-132
-158
-125
-177
-127
-139
-143
-141
-125
-105
-124
-116
-150
-112
-101
-124
-126
-76
-49
-51
-44
-48
-55
-51
-61
-48
-19
8
16
20
2
6
42
5
30
25
-4
11
0
19
32
16
-6
14
15
-2
5
13
-5
3
7
35
42
27
74
24
50
-4
-26
-6
-38
-51
-37
-1
-43
-1
-9
-3
22
36
64
18
23
6
39
27
44
7
-35
32
39
64
25
4
33
33
-3
18
27
9
14
25
11
35
17
27
35
0
-1
12
-38
-52
18
24
12
11
17
27
18
8
-16
-4
-76
-50
7
7
-6
10
-21
1
22
-23
31
18
37
35
27
29
33
9
43
57
60
63
56
42
31
8
50
51
44
67
66
78
99
116
97
105
92
66
54
72
76
72
47
55
66
62
36
37
83
27
29
4
33
35
30
-1
40
47
35
6
-7
23
3
10
-21
-33
-36
-49
-65
-72
-80
-62
-80
-95
-82
-89
-115
-74
-59
-56
-78
-31
-63
-84
-74
-86
-70
-75
-72
-96
-106
-64
-102
-103
-56
-76
-101
-90
-70
-86
-75
-93
-78
-94
-65
-62
-83
-65
-33
-28
-41
-55
-97
-58
-9
-2
-16
10
30
37
-10
29
45
20
0
38
56
-16
43
61
41
26
33
80
54
25
27
-24
-5
29
48
-18
-35
26
27
50
20
25
16
27
-4
15
28
-5
19
8
4
-30
18
-9
-21
-1
35
39
36
2
-7
7
-32
-10
-24
-18
-48
-43
-51
-50
-41
-46
-45
-42
-64
-88
-39
-23
-58
-78
-110
-85
-96
-85
-58
-76
-88
-93
-87
-63
-93
-79
-54
-75
-83
-45
-56
-76
-79
-71
-55
-104
-132
-161
-128
-104
-131
-117
-120
-98
-72
-83
-56
-53
-24
-40
-34
-30
-33
-24
-40
-17
15
-15
1
-14
7
16
18
25
9
31
-10
8
-13
25
17
-54
-75
-66
-55
-37
22
-13
-44
-7
30
-42
47
25
18
23
-29
-24
-55
-27
-66
-20
0
-20
-19
-5
0
21
2
-25
34
-10
30
14
22
18
-19
0
8
-13
-5
65
28
33
26
55
27
7
28
29
-2
-26
-4
-12
9
17
41
-12
-18
2
-17
-35
-9
-42
-40
2
-37
-13
-39
-35
-16
-12
-2
-17
5
-6
-13
10
-2
-5
-1
22
12
9
3
6
30
-4
-11
-16
5
45
52
48
40
51
61
107
91
21
63
74
51
84
149
138
122
119
119
131
150
176
112
75
111
126
121
92
90
116
107
107
119
84
110
88
114
134
108
124
141
138
50
74
79
47
47
69
103
85
74
70
86
99
40
95
87
20
50
56
43
-21
40
41
32
-14
4
7
10
46
13
-11
1
37
32
16
18
0
-25
-57
-82
-116
-94
-75
-70
-48
-55
-40
-37
-27
-47
-56
-28
-37
-29
-22
-61
-13
-1
-23
-17
-24
16
-17
-40
-40
-56
-40
0
-9
-26
-48
-37
-50
-50
-40
-71
-79
-55
-52
-63
-32
-47
-59
-22
-30
-21
-28
-75
-22
-42
-34
-31
-54
-33
-32
-69
-55
-51
-45
-57
-87
-77
-29
-73
-92
-49
-29
-75
-65
5
-27
-33
26
58
66
68
107
57
75
98
80
53
80
72
105
116
89
106
31
78
87
83
89
118
111
128
162
159
89
97
49
43
72
72
92
48
57
28
63
50
62
12
0
-17
-55
-66
-35
-8
-37
1
-37
17
29
2
32
-3
-24
-6
-38
6
3
-30
-28
-21
14
-72
-43
-58
-87
-64
-62
-81
-79
-59
-76
-62
-37
-70
-26
-25
-71
-45
-25
-49
-46
-31
-11
-13
-51
-60
-47
-23
-40
15
-1
38
58
25
-1
-5
-11
-2
-7
-31
-17
34
40
28
40
75
83
119
125
123
128
127
154
147
179
180
189
186
145
194
191
184
138
165
187
156
183
161
191
205
166
180
153
122
132
120
112
66
99
113
118
79
103
102
93
97
55
64
17
40
63
30
25
22
47
46
15
35
30
-15
-2
-30
-28
-42
-46
8
-6
-31
-66
-52
-42
-47
-58
-51
-72
-19
28
26
21
34
44
47
37
57
62
66
63
68
74
46
