-996
-672
-385
-169
114
297
434
553
645
693
789
791
847
899
920
872
765
631
494
392
348
386
520
649
818
946
1126
1338
1457
1728
1888
2045
2269
2370
2555
2723
2822
3017
2974
3028
2958
2664
2366
1856
1274
481
-560
-1631
-2609
-3350
-3768
-3893
-3704
-3489
-3127
-2720
-2363
-1915
-1527
-1056
-727
-398
54
420
864
1466
2005
2501
2859
2971
2778
2321
1848
1210
598
77
-445
-883
-1273
-1586
-1796
-1961
-2098
-2272
-2395
-2601
-2778
-2787
-2738
-2455
-2037
-1542
-1043
-685
-298
42
215
402
496
424
390
329
265
162
114
135
72
-33
-214
-443
-721
-1074
-1335
-1525
-1570
-1544
-1428
-1309
-1154
-1047
-845
-627
-486
-360
-225
-98
32
260
387
590
768
947
1082
1155
1164
1129
1028
1005
959
1002
1068
1144
1263
1278
1386
1416
1431
1509
1531
1665
1712
1796
1960
2035
2168
2326
2461
2530
2543
2536
2347
2123
1740
1162
442
-448
-1298
-2111
-2661
-2996
-3022
-2829
-2622
-2345
-2220
-2106
-2060
-2066
-1954
-1731
-1376
-932
-359
206
761
1232
1626
1930
2048
2081
1979
1741
1403
1117
767
493
321
199
105
-83
-269
-629
-1042
-1455
-1855
-2188
-2325
-2349
-2151
-1938
-1609
-1343
-1148
-948
-870
-794
-765
-650
-533
-384
-185
32
202
330
318
277
163
-21
-188
-352
-533
-636
-662
-675
-602
-535
-432
-307
-270
-276
-297
-321
-410
-468
-560
-527
-431
-328
-149
-49
-32
11
-62
-173
-392
-516
-589
-673
-597
-538
-393
-224
-73
20
62
-24
-73
-141
-189
-211
-142
82
269
567
852
1092
1284
1422
1559
1563
1621
1668
1695
1819
1888
1923
2011
2032
2050
1938
1666
1374
1134
909
647
466
378
291
226
162
97
-11
-168
-319
-503
-679
-797
-813
-858
-870
-817
-754
-683
-713
-781
-802
-899
-1029
-1115
-1201
-1240
-1199
-1164
-1091
-1006
-905
-866
-853
-904
-966
-1019
-1136
-1168
-1173
-1134
-1067
-938
-867
-755
-700
-653
-638
-604
-639
-647
-627
-624
-547
-474
-371
-310
-236
-192
-190
-182
-152
-184
-224
-205
-132
-63
18
103
208
274
295
286
238
179
92
29
-14
-12
-19
-16
38
48
27
-72
-180
-290
-400
-467
-526
-521
-483
-393
-311
-252
-158
-108
-111
-61
13
83
185
296
457
631
805
987
1067
1190
1257
1265
1328
1268
1308
1340
1371
1450
1516
1654
1729
1839
1891
1856
1775
1603
1387
1237
1050
844
732
645
638
581
511
399
252
124
-8
-199
-437
-613
-697
-733
-759
-689
-630
-559
-514
-522
-579
-650
-696
-773
-851
-878
-837
-811
-744
-694
-645
-613
-647
-700
-801
-878
-959
-1038
-1102
-1108
-1000
-958
-873
-803
-749
-738
-778
-778
-796
-717
-637
-579
-478
-319
-166
-47
50
123
109
64
40
16
6
55
114
146
177
192
172
185
86
-51
-156
-273
-375
-450
-455
-495
-499
-461
-431
-377
-349
-353
-344
-313
-272
-189
-136
24
131
228
362
402
454
479
458
457
471
446
503
611
709
848
898
972
1056
1084
1108
1201
1259
1261
1421
1470
1546
1669
1703
1699
1684
1563
1429
1241
1040
840
672
545
465
412
335
302
228
129
26
-171
-293
-420
-500
-488
-482
-440
-338
-279
-232
-210
-218
-304
-421
-764
-1103
-1534
-2076
-2252
-2315
-1916
-1313
-603
77
435
508
171
-378
-1017
-1618
-1956
-1953
-1636
-1115
-549
-48
167
228
11
-355
-692
-941
-993
-868
-476
4
464
814
902
686
362
-93
-463
-687
-796
-638
-380
59
435
543
524
292
-84
-450
-756
-909
-924
-677
-371
-47
199
343
301
54
-193
-494
-697
-742
-668
-480
-207
50
190
193
49
-283
-592
-706
-632
-306
271
736
1304
1484
1461
1298
1007
783
505
451
542
654
770
889
879
917
936
976
1047
1156
1300
1452
1651
1843
2004
2081
2028
1939
1676
1315
1020
591
308
99
13
5
19
27
-69
-198
-455
-685
-1018
-1236
-1334
-1304
-1107
-838
-548
-360
-185
-117
-124
-231
-381
-421
-485
-450
-355
-267
-107
-30
36
-46
-111
-196
-338
-426
-519
-627
-630
-609
-536
-475
-466
-429
-437
-468
-509
-563
-696
-802
-869
-939
-934
-887
-832
-726
-620
-583
-570
-561
-585
-594
-644
-616
-554
-525
-438
-306
-172
-117
-88
-69
-129
-136
-209
-330
-402
-328
-201
-157
-45
61
93
71
-35
-211
-401
-438
-463
-398
-246
-91
86
213
379
412
524
646
787
1076
1298
1604
1840
2134
2389
2636
2773
2917
3093
3199
3306
3329
3342
3309
3244
2964
2462
1720
693
-494
-1599
-2488
-3013
-3246
-3188
-2991
-2743
-2574
-2534
-2520
-2571
-2595
-2425
-2073
-1477
-789
-15
723
1471
2070
2490
2849
2862
2711
2350
1949
1455
1106
817
628
512
342
87
-308
-813
-1478
-2117
-2762
-3116
-3233
-3233
-3068
-2829
-2603
-2313
-2102
-1852
-1698
-1546
-1394
-1231
-1001
-736
-348
-2
404
707
850
895
738
444
71
-279
-647
-872
-999
-1052
-1095
-1049
-1055
-1132
-1249
-1364
-1460
-1557
-1528
-1433
-1219
-968
-620
-280
91
409
620
762
787
779
676
639
622
676
839
1018
1217
1387
1473
1474
1415
1280
1249
1240
1368
1608
1926
2325
2669
2999
3287
3474
3660
3765
3832
3770
3786
3746
3544
3268
2726
1878
733
-665
-2009
-3160
-3930
-4252
-4298
-4143
-3884
-3614
-3428
-3258
-3044
-2821
-2441
-1956
-1380
-752
-70
697
1443
2222
2881
3388
3652
3591
3221
2673
1986
1390
966
663
466
245
-88
-535
-1046
-1669
-2321
-2864
-3297
-3591
-3624
-3524
-3357
-3085
-2758
-2345
-1861
-1473
-1108
-847
-646
-558
-450
-228
47
338
637
852
931
852
602
299
-87
-469
-756
-978
-1141
-1234
-1293
-1361
-1362
-1413
-1377
-1337
-1316
-1265
-1248
-1089
-885
-650
-349
-10
316
614
757
852
859
792
704
657
663
660
729
870
1029
1157
1357
1477
1623
1695
1752
1827
1923
2054
2254
2561
2901
3240
3652
4061
4360
4534
4540
4369
4001
3307
2197
856
-694
-2099
-3201
-3875
-3960
-3810
-3489
-3148
-2981
-2907
-2916
-2899
-2812
-2604
-2126
-1542
-770
67
877
1732
2525
3274
3761
3975
3861
3388
2796
2125
1442
1004
685
543
451
161
-194
-734
-1392
-2095
-2734
-3201
-3530
-3617
-3485
-3278
-2971
-2643
-2256
-1767
-1270
-884
-598
-428
-338
-272
-146
20
328
640
904
1132
1185
1070
793
372
-67
-511
-838
-1096
-1291
-1369
-1447
-1325
-1270
-1158
-995
-908
-844
-879
-889
-808
-660
-450
-119
341
745
1000
1203
1260
1171
969
781
634
580
567
673
807
1041
1235
1426
1568
1649
1739
1731
1787
1893
2008
2267
2635
3026
3435
3849
4311
4529
4615
4451
3990
3192
1954
504
-1103
-2568
-3566
-4008
-4026
-3741
-3295
-2887
-2622
-2577
-2614
-2688
-2685
-2560
-2239
-1734
-1089
-280
605
1461
2254
2998
3486
3786
3655
3164
2472
1662
965
399
87
-99
-158
-255
-496
-826
-1398
-2057
-2729
-3268
-3631
-3689
-3605
-3349
-2983
-2571
-2149
-1650
-1112
-668
-249
-74
-19
-30
6
90
218
416
658
918
1014
981
742
383
-73
-602
-980
-1322
-1589
-1733
-1792
-1775
-1716
-1561
-1385
-1199
-1012
-875
-803
-619
-520
-334
-57
231
613
997
1299
1458
1542
1400
1214
987
714
468
360
301
373
543
784
956
1172
1378
1465
1670
1751
1875
2028
2219
2521
2930
3433
3932
4306
4600
4661
4389
3726
2574
1122
-617
-2164
-3447
-4171
-4345
-4092
-3584
-3081
-2629
-2358
-2243
-2235
-2269
-2213
-2028
-1700
-1201
-536
260
1098
2030
2944
3645
4148
4227
3884
3169
2245
1348
562
18
-309
-473
-613
-693
-811
-1177
-1639
-2231
-2730
-3137
-3337
-3431
-3290
-3053
-2792
-2314
-1819
-1168
-496
5
321
494
483
372
254
216
188
189
305
396
394
229
-51
-348
-740
-1115
-1470
-1825
-2049
-2247
-2393
-2285
-2096
-1774
-1377
-1030
-674
-322
-41
168
346
458
583
766
966
1192
1398
1453
1467
1419
1357
1222
1052
902
745
695
658
663
817
1004
1204
1453
1770
2002
2228
2406
2625
2859
3131
3513
3875
4242
4373
4293
3840
3009
1763
148
-1469
-2950
-3996
-4568
-4700
-4518
-4136
-3691
-3248
-2761
-2219
-1737
-1387
-1114
-892
-621
-322
159
757
1554
2418
3244
3903
4215
4010
3436
2649
1729
929
226
-382
-937
-1391
-1729
-1906
-2053
-2167
-2201
-2269
-2299
-2308
-2382
-2448
-2341
-2197
-1901
-1397
-785
-156
393
739
915
1064
1043
1052
933
703
362
-71
-439
-811
-1071
-1208
-1317
-1370
-1467
-1571
-1827
-2081
-2281
-2464
-2409
-2146
-1815
-1445
-1039
-720
-302
181
648
1101
1445
1653
1717
1697
1581
1527
1471
1469
1480
1431
1399
1284
1169
1004
939
959
966
1057
1171
1292
1384
1559
1842
2166
2588
2960
3309
3657
3987
4272
4472
4539
4224
3610
2524
972
-856
-2561
-4000
-4914
-5292
-5307
-5031
-4712
-4178
-3510
-2724
-1837
-1015
-336
27
263
313
487
826
1379
2165
2963
3698
4164
4249
3868
3213
2376
1465
483
-498
-1560
-2578
-3332
-3732
-3680
-3352
-2832
-2418
-2151
-1961
-1929
-1845
-1712
-1498
-1146
-743
-267
283
845
1403
1831
2181
2345
2199
1817
1186
461
-254
-893
-1421
-1821
-2158
-2438
-2705
-2826
-2900
-2895
-2815
-2761
-2671
-2580
-2408
-2096
-1677
-1084
-454
150
711
1161
1601
1839
2106
2253
2202
2043
1797
1403
1023
680
440
359
288
297
327
390
485
602
749
895
984
1099
1269
1526
1875
2241
2871
3452
4037
4594
5036
5356
5440
5258
4620
3418
1641
-422
-2483
-4255
-5487
-6108
-6388
-6332
-5935
-5283
-4314
-3147
-1932
-892
-147
265
445
556
783
1221
1802
2512
3182
3748
4125
4288
4233
3939
3362
2408
1087
-450
-2024
-3333
-4268
-4700
-4784
-4609
-4271
-3731
-3031
-2239
-1406
-727
-212
19
121
223
349
693
1175
1685
2220
2474
2509
2391
2155
1657
987
159
-895
-1885
-2774
-3435
-3802
-3926
-3863
-3660
-3447
-3162
-2855
-2494
-1987
-1484
-1057
-659
-304
13
503
991
1434
1919
2187
2311
2340
2254
2136
1892
1493
1062
522
-29
-465
-682
-666
-493
-295
-23
303
594
901
1200
1512
1792
2090
2304
2646
3048
3592
4196
4823
5457
5813
6063
5917
5467
4578
3067
1174
-1025
-3131
-4915
-6287
-7121
-7481
-7412
-6803
-5842
-4472
-2877
-1340
-29
911
1554
1836
1953
2088
2227
2421
2677
2962
3224
3462
3626
3589
3328
2622
1554
217
-1349
-2903
-4279
-5263
-5975
-6216
-6055
-5472
-4505
-3283
-1892
-629
500
1306
1865
2214
2337
2432
2401
2252
2110
2056
2075
2046
2029
1821
1392
750
-154
-1173
-2237
-3211
-4016
-4621
-4917
-4980
-4698
-4101
-3296
-2389
-1423
-572
83
611
950
1197
1310
1446
1475
1558
1647
1755
1897
2037
2020
1840
1521
1013
516
-34
-536
-927
-1186
-1301
-1292
-1082
-699
-176
448
1082
1695
2229
2676
3012
3394
3718
3980
4372
4738
5029
5358
5559
5559
5363
4772
3565
1901
-240
-2354
-4300
-6147
-7498
-8457
-8806
-8414
-7459
-5984
-3975
-1853
46
1600
2635
3414
3807
3929
3924
3700
3384
3074
2889
2881
2940
2895
2737
2376
1577
446
-895
-2352
-3819
-5222
-6400
-7097
-7348
-7100
-6231
-4906
-3224
-1470
284
1730
2986
3907
4372
4525
4275
3792
3179
2475
1865
1396
1023
790
494
106
-431
-1136
-1926
-2782
-3714
-4534
-5222
-5583
-5579
-5229
-4527
-3570
-2440
-1222
-25
1012
1908
2435
2701
2755
2602
2295
1868
1554
1261
1041
843
702
543
381
189
-142
-480
-873
-1213
-1487
-1589
-1513
-1302
-847
-226
521
1300
1970
2667
3261
3730
4201
4559
4837
5108
5276
5398
5481
5476
5320
4963
4175
2692
747
-1439
-3542
-5380
-7145
-8467
-9279
-9571
-9091
-8069
-6314
-4066
-1756
349
2015
3361
4366
4944
5160
5045
4676
4071
3345
2690
2251
1953
1675
1378
896
132
-736
-1858
-3091
-4316
-5612
-6594
-7202
-7469
-7123
-6225
-4781
-3011
-1094
814
2623
4164
5338
6085
6254
5902
5195
4172
3014
1912
943
217
-419
-1023
-1474
-1867
-2391
-2874
-3445
-3990
-4658
-5224
-5598
-5662
-5321
-4652
-3619
-2385
-1005
392
1664
2695
3467
3914
3973
3660
3150
2526
1869
1261
713
303
45
-181
-327
-527
-728
-902
-1166
-1327
-1375
-1359
-1160
-741
-248
403
1162
1891
2565
3246
3960
4538
5039
5463
5720
5945
6048
6019
5945
5667
5132
4102
2437
366
-1904
-3973
-5818
-7555
-8799
-9555
-9717
-9203
-8134
-6296
-3987
-1591
693
2445
3971
5186
5880
6161
6057
5669
4979
4165
3309
2575
2110
1481
785
62
-855
-1745
-2788
-3911
-5060
-6071
-6913
-7540
-7818
-7460
-6555
-5049
-3287
-1339
714
2624
4373
5659
6580
6931
6776
6185
5101
3890
2652
1372
331
-684
-1562
-2229
-2818
-3308
-3773
-4073
-4532
-4976
-5334
-5577
-5436
-5152
-4561
-3629
-2532
-1178
180
1462
2637
3532
4150
4316
4143
3636
2984
2162
1206
420
-307
-844
-1177
-1359
-1369
-1416
-1292
-1270
-1268
-1129
-1064
-859
-619
-228
364
892
1629
2309
2992
3781
4390
5081
5574
5937
6338
6438
6390
6248
5877
5282
4242
2647
664
-1699
-3884
-5857
-7676
-8946
-9786
-9994
-9537
-8585
-6877
-4547
-2006
407
2414
4163
5484
6303
6652
6607
6233
5521
4573
3502
2594
1967
1325
590
-130
-997
-1914
-2952
-4140
-5177
-6205
-7020
-7603
-7900
-7609
-6735
-5388
-3687
-1669
474
2504
4333
5703
6698
7273
7278
6773
5721
4393
2973
1538
169
-1033
-2023
-2836
-3481
-3921
-4258
-4506
-4572
-4776
-4940
-4965
-4850
-4484
-3906
-3111
-2082
-883
284
1526
2617
3501
4132
4329
4226
3803
3145
2402
1457
614
-42
-684
-1100
-1396
-1488
-1399
-1340
-1271
-1107
-870
-674
-408
-102
291
765
1307
1910
2545
3174
3824
4410
4915
5356
5745
6120
6256
6278
6196
5903
5312
4302
2569
473
-1890
-4285
-6255
-8025
-9239
-9932
-10048
-9381
-8280
-6366
-3921
-1461
1010
2949
4673
5993
6752
7092
6999
6594
5779
4699
3554
2450
1539
691
-202
-1019
-1953
-2824
-3776
-4774
-5645
-6516
-7213
-7673
-7969
-7680
-6807
-5471
-3672
-1631
562
2626
4448
6016
7106
7673
7623
7007
5836
4241
2624
949
-589
-1867
-3004
-3778
-4378
-4805
-4983
-5134
-5048
-4949
-4847
-4708
-4404
-3980
-3392
-2582
-1622
-469
709
1827
2835
3665
4171
4357
4124
3611
2892
2080
1159
349
-352
-927
-1351
-1655
-1657
-1513
-1251
-955
-648
-253
7
205
593
969
1418
1889
2317
2834
3367
3895
4390
4895
5418
5840
6212
6337
6371
6369
5902
5247
3774
1655
-696
-3400
-5644
-7803
-9350
-10126
-10568
-10080
-9156
-7407
-4778
-2095
672
3016
4903
6419
7130
7413
7304
6874
6106
4944
3745
2614
1656
789
-1
-692
-1525
-2457
-3548
-4727
-5730
-6644
-7500
-8050
-8311
-8202
-7487
-6236
-4368
-2138
182
2453
4400
5988
7146
7858
7995
7534
6560
5056
3308
1462
-234
-1686
-2918
-3895
-4651
-5213
-5543
-5681
-5568
-5313
-5016
-4660
-4284
-3859
-3257
-2473
-1519
-495
501
1494
2374
3092
3574
3679
3667
3253
2623
1761
782
-22
-771
-1337
-1651
-1857
-1873
-1634
-1396
-974
-473
-107
391
683
909
1290
1549
1984
2402
2775
3249
3687
4158
4667
5147
5602
5922
6110
6068
5950
5696
5277
4611
3299
1403
-878
-3434
-5664
-7651
-9237
-9931
-10335
-9887
-8866
-7339
-4783
-1980
866
3455
5426
7004
7879
8065
7951
7400
6553
5377
3889
2521
1281
250
-647
-1417
-2106
-2963
-3902
-4963
-6042
-6860
-7503
-7915
-7986
-7759
-6930
-5804
-4098
-1855
476
2865
4843
6382
7432
7919
7970
7456
6380
4829
3016
1070
-792
-2346
-3567
-4475
-5122
-5572
-5807
-5726
-5471
-5011
-4471
-3891
-3361
-2872
-2369
-1724
-942
-30
823
1484
2151
2533
2748
2767
2610
2370
1881
1264
480
-271
-802
-1162
-1333
-1369
-1248
-1017
-781
-437
-28
499
959
1237
1610
1816
2102
2458
2716
3060
3429
3790
4190
4527
4865
5416
5842
6139
6284
6213
6065
5491
4582
3023
967
-1463
-4132
-6326
-8444
-9779
-10388
-10493
-9603
-8336
-6277
-3523
-796
2186
4611
6405
7705
8082
8079
7652
6831
5890
4616
3253
2005
821
-194
-1004
-1635
-2261
-3060
-4006
-5154
-6208
-7219
-7983
-8240
-8269
-7729
-6714
-5290
-3311
-980
1488
3901
5825
7196
7961
8038
7607
6670
5296
3557
1575
-457
-2272
-3660
-4668
-5279
-5547
-5611
-5426
-5136
-4754
-4178
-3547
-2866
-2265
-1688
-1185
-739
-161
450
1057
1587
1890
2059
1990
1683
1349
900
458
-38
-534
-945
-1161
-1159
-1004
-698
-353
58
332
584
805
1045
1273
1412
1504
1648
1804
2059
2389
2761
3224
3761
4249
4649
5196
5575
5885
6020
6066
5994
5654
4958
3590
1683
-687
-3212
-5426
-7608
-9060
-9823
-10216
-9606
-8619
-6940
-4388
-1780
1077
3652
5629
7226
7850
7932
7724
7068
6267
5094
3738
2534
1338
270
-565
-1166
-1749
-2478
-3381
-4473
-5458
-6445
-7348
-7791
-7903
-7565
-6772
-5673
-3877
-1684
691
3112
5091
6665
7536
7776
7462
6543
5148
3403
1423
-699
-2571
-4055
-4997
-5453
-5494
-5188
-4649
-4105
-3468
-2921
-2263
-1664
-1374
-1113
-996
-898
-786
-549
-191
204
591
867
1008
1099
1027
922
725
484
195
-215
-518
-708
-695
-497
-298
42
336
561
741
956
1170
1389
1575
1592
1715
1865
2132
2526
2986
3618
4148
4627
5079
5498
5861
5933
5950
5809
5518
4959
3588
1775
-458
-2941
-4921
-7081
-8452
-9061
-9527
-8951
-8160
-6629
-4179
-1888
792
3171
4923
6493
6961
6999
6982
6480
5851
4821
3663
2676
1685
821
36
-492
-914
-1691
-2677
-3836
-4909
-5973
-6976
-7473
-7671
-7417
-6720
-5678
-4035
-2019
166
2397
4247
5649
6439
6448
5879
4952
3615
2035
295
-1410
-2831
-3892
-4503
-4549
-4153
-3593
-2953
-2456
-1992
-1661
-1508
-1407
-1525
-1672
-1844
-2137
-2117
-1942
-1476
-773
-189
496
1015
1390
1620
1566
1438
1122
560
88
-400
-761
-874
-797
-552
-198
237
581
859
1178
1406
1535
1676
1599
1617
1663
1753
1987
2384
2941
3441
3947
4405
4901
5332
5620
5718
5797
5716
5391
4626
3237
1555
-585
-2783
-4783
-6666
-7843
-8518
-8675
-8175
-7219
-5542
-3438
-1294
948
2907
4474
5506
5872
5866
5612
5144
4463
3843
3205
2579
1872
1292
928
507
-69
-787
-1805
-3038
-4290
-5604
-6648
-7245
-7381
-7100
-6457
-5294
-3751
-2019
-89
1759
3284
4295
4668
4527
3956
3072
1939
706
-504
-1493
-2293
-2875
-2923
-2743
-2332
-1887
-1547
-1263
-1157
-1294
-1607
-1960
-2307
-2602
-2865
-2907
-2589
-2053
-1340
-473
423
1265
1909
2286
2486
2467
2259
1794
1242
687
113
-298
-554
-578
-392
-150
174
562
830
1118
1238
1336
1268
1176
1099
952
1044
1190
1527
1939
2417
2925
3496
3999
4523
4840
4949
5024
5009
4740
4054
2966
1518
-12
-1544
-3028
-4094
-4812
-5230
-5236
-5137
-4605
-3711
-2798
-1669
-640
261
1020
1299
1561
1753
1884
2110
2228
2502
2734
2849
2816
2766
2757
2529
2065
1351
416
-808
-2079
-3259
-4180
-4905
-5276
-5258
-4919
-4392
-3716
-2710
-1646
-597
258
845
1224
1362
1305
1139
885
648
420
121
-130
-337
-502
-627
-779
-885
-991
-1261
-1541
-1754
-1939
-2069
-2145
-2097
-1948
-1742
-1478
-1197
-846
-451
-131
150
368
519
574
603
595
578
539
468
469
307
235
161
71
16
41
61
74
133
130
125
49
18
95
156
239
359
489
692
904
1199
1531
1867
2255
2631
2936
3255
3512
3753
3915
3946
3834
3439
2767
2049
1309
485
-260
-885
-1370
-1805
-2196
-2472
-2551
-2398
-2114
-1757
-1407
-1060
-788
-570
-339
-31
274
656
1023
1301
1524
1707
1808
1784
1630
1267
817
243
-400
-1095
-1658
-2019
-2174
-2236
-2104
-1773
-1380
-910
-451
27
360
520
578
617
478
232
-27
-220
-427
-622
-798
-881
-954
-974
-997
-1054
-1120
-1206
-1313
-1486
-1534
-1520
-1515
-1376
-1167
-913
-593
-333
-68
240
421
524
512
458
376
248
33
-55
-98
-185
-202
-186
-221
-175
-132
-75
36
24
58
-10
-148
-276
-375
-475
-533
-541
-461
-365
-272
-37
213
462
724
914
1025
1114
1145
1170
1221
1195
1232
1272
1200
1218
1199
1205
1294
1364
1472
1546
1605
1532
1485
1474
1456
1399
1436
1414
1353
1479
1484
1519
1493
1462
1311
1066
810
497
224
-118
-458
-830
-1136
-1420
-1681
-1865
-1974
-2002
-1891
-1775
-1611
-1372
-1142
-817
-466
-123
222
551
863
1202
1424
1590
1590
1510
1313
1017
736
394
3
-413
-759
-1153
-1490
-1734
-1927
-1948
-1906
-1830
-1699
-1547
-1385
-1159
-1058
-959
-786
-651
-512
-463
-391
-340
-279
-187
-82
22
116
220
308
340
370
329
273
192
119
29
-49
-99
-234
-332
-405
-472
-438
-409
-357
-297
-208
-90
49
229
364
493
564
624
644
619
580
483
407
263
189
125
-20
-89
-142
-161
-169
-84
61
165
261
356
473
554
605
665
792
974
1127
1252
1418
1581
1744
1785
1712
1657
1501
1280
1057
785
441
88
-214
-471
-683
-819
-926
-871
-785
-671
-527
-344
-86
163
350
563
775
913
1006
1084
1089
1026
913
766
606
356
66
-198
-460
-759
-991
-1165
-1317
-1390
-1413
-1330
-1242
-1113
-947
-788
-643
-536
-453
-440
-408
-399
-470
-503
-569
-616
-671
-598
-480
-390
-278
-225
-223
-189
-198
-258
-316
-402
-529
-593
-645
-764
-779
-797
-759
-658
-527
-350
-78
191
397
587
791
927
992
974
895
911
759
589
418
262
75
-87
-161
-275
-277
-312
-297
-277
-251
-126
-54
14
64
103
162
233
286
410
586
729
942
1114
1318
1470
1565
1524
1428
1317
1117
822
578
290
-2
-292
-581
-708
-748
-709
-619
-381
-218
-17
160
426
655
846
1035
1136
1180
1173
1111
1035
939
772
658
444
284
119
-90
-267
-411
-616
-713
-816
-923
-913
-846
-752
-644
-474
-342
-233
-162
-132
-118
-138
-133
-199
-288
-424
-399
-397
-431
-314
-228
-130
-124
-131
-142
-239
-291
-483
-625
-688
-809
-901
-980
-996
-984
-892
-724
-487
-294
-26
246
507
710
896
999
1019
951
825
676
464
291
166
19
-146
-190
-280
-333
-363
-365
-395
-422
-358
-346
-324
-285
-245
-224
-228
-233
-66
143
264
364
559
771
899
1044
1097
1111
1058
947
736
471
254
-65
-344
-519
-621
-690
-654
-595
-414
-280
-111
123
289
540
707
846
932
1008
1028
967
902
818
660
589
386
170
-71
-308
-470
-635
-736
-882
-892
-915
-937
-871
-745
-624
-498
-347
-234
-121
-101
-81
-51
-2
-25
-76
-132
-211
-286
-283
-279
-223
-180
-121
-95
-147
-179
-205
-298
-428
-569
-757
-925
-1104
-1216
-1232
-1195
-1116
-949
-747
-446
-158
123
390
566
785
868
861
776
733
570
399
301
231
186
136
110
93
93
64
52
3
27
3
-75
-94
-120
-86
-97
-117
-56
43
209
323
488
626
757
801
857
875
815
720
595
527
321
106
-111
-253
-391
-393
-380
-341
-278
-124
7
101
214
352
508
606
703
754
725
711
714
653
575
521
430
277
132
-19
-147
-279
-370
-466
-561
-668
-740
-699
-631
-515
-398
-246
-86
-19
68
115
170
206
198
230
231
197
141
146
163
212
249
288
241
191
126
47
-40
-160
-311
-478
-660
-798
-892
-978
-982
-996
-936
-731
-486
-272
-30
230
417
604
625
606
612
491
296
152
27
-47
-85
-144
-87
-32
28
65
134
138
116
94
7
-66
-124
-119
-97
-122
-92
-68
26
181
348
475
576
653
702
712
696
599
531
428
330
166
9
-43
-151
-176
-181
-226
-175
-120
-87
7
132
235
318
493
625
789
936
989
1018
986
870
807
631
388
184
-23
-176
-323
-392
-452
-478
-546
-607
-583
-610
-586
-515
-495
-365
-266
-198
-145
-107
-15
35
115
163
268
312
296
347
383
433
450
426
367
243
49
-23
-164
-282
-369
-563
-615
-651
-777
-825
-778
-754
-608
-400
-173
-8
216
424
580
750
767
785
666
567
425
187
44
-84
-230
-260
-274
-267
-223
-211
-193
-196
-144
-142
-175
-240
-281
-276
-279
-271
-176
-70
53
178
303
485
583
659
755
760
728
633
493
435
331
239
146
55
-67
-165
-228
-304
-329
-320
-289
-220
-161
-80
25
201
398
585
685
774
803
841
814
753
698
528
342
194
82
-48
-111
-123
-91
-71
-77
-51
-83
-88
-141
-206
-232
-217
-271
-295
-219
-191
-138
-73
48
161
240
327
383
453
450
417
316
164
74
-65
-217
-329
-441
-556
-591
-653
-679
-672
-616
-524
-471
-310
-178
-6
151
311
489
552
653
677
660
586
460
351
215
92
7
-37
-89
-124
-190
-192
-152
-142
-139
-118
-147
-167
-200
-225
-269
-304
-219
-143
12
122
251
343
496
560
649
704
754
744
668
603
490
459
376
269
163
72
-56
-93
-178
-268
-295
-272
-220
-138
-57
84
192
258
431
531
609
618
577
470
289
260
142
27
-112
-236
-278
-368
-347
-295
-234
-190
-122
-59
-50
-97
-107
-126
-108
-125
-164
-149
-70
56
107
188
293
363
411
402
334
332
216
81
-27
-153
-265
-384
-496
-516
-521
-583
-537
-519
-439
-308
-268
-233
-220
-104
62
145
257
387
511
564
609
613
607
521
398
317
204
112
-11
-116
-232
-288
-313
-337
-377
-308
-286
-252
-213
-206
-223
-235
-254
-270
-136
-88
-23
100
204
289
376
452
522
571
614
556
515
416
346
260
136
50
-81
-134
-195
-231
-201
-200
-147
-105
-46
83
181
281
332
349
368
364
308
273
163
19
-54
-118
-261
-419
-443
-533
-550
-541
-525
-496
-459
-384
-331
-343
-290
-269
-246
-224
-224
-166
-146
-83
-16
39
145
184
221
209
221
232
152
101
-7
-119
-237
-390
-494
-542
-569
-571
-546
-472
-357
-329
-234
-65
28
136
233
293
362
442
494
518
507
460
409
428
299
250
182
111
59
-8
-49
-112
-225
-212
-186
-185
-117
-76
-22
54
70
90
141
181
233
210
225
238
254
256
278
350
392
461
456
476
489
485
485
437
364
290
204
81
-6
-45
-70
-69
-65
-23
59
94
205
336
378
476
474
419
352
242
165
72
-58
-210
-311
-397
-454
-491
-496
-478
-464
-395
-380
-383
-348
-286
-255
-265
-248
-270
-230
-248
-199
-151
-109
-54
-77
-3
62
52
42
75
62
54
-19
-78
-153
-244
-349
-418
-418
-402
-399
-432
-353
-285
-243
-144
37
120
210
263
347
420
461
553
616
603
585
488
413
303
226
118
28
-35
-92
-99
-192
-193
-243
-252
-180
-154
-149
-109
-18
-24
21
86
184
225
252
281
240
262
333
371
382
433
426
408
450
402
415
346
253
223
185
77
-38
-55
-99
-84
-76
-68
-36
22
105
152
260
289
318
296
216
140
26
-54
-115
-214
-305
-370
-439
-516
-505
-499
-463
-424
-399
-340
-321
-328
-318
-335
-344
-366
-432
-434
-427
-413
-419
-318
-273
-242
-219
-233
-141
-96
-99
-109
-31
-34
-66
-94
-122
-158
-142
-171
-201
-178
-193
-193
-161
-135
-78
11
92
172
218
295
374
450
506
536
573
510
477
430
353
258
190
154
84
24
-30
-28
-30
-19
-54
-35
-76
-79
-104
-97
-74
-25
97
134
182
263
347
378
408
404
451
486
488
470
452
419
467
426
377
332
264
189
113
94
51
43
53
22
14
51
131
211
217
275
289
317
237
135
67
17
-91
-181
-232
-283
-360
-368
-378
-335
-234
-185
-131
-90
-47
-57
-102
-141
-110
-154
-207
-294
-312
-339
-359
-355
-369
-366
-367
-406
-419
-376
-385
-373
-325
-352
-338
-240
-205
-159
-119
-109
-75
-113
-97
-65
-70
-99
-57
-9
6
59
133
241
270
322
406
461
544
571
543
460
407
342
303
245
207
161
95
36
-36
-11
-55
-97
-128
-137
-142
-175
-145
-148
-38
49
83
212
272
376
424
439
461
469
505
475
441
416
352
351
316
260
212
228
199
154
154
110
107
85
105
107
127
146
182
191
224
230
220
186
103
44
-86
-195
-282
-390
-461
-540
-544
-495
-504
-479
-406
-294
-208
-146
-84
-89
-74
-121
-183
-198
-210
-252
-258
-264
-282
-248
-286
-238
-133
-139
-157
-152
-163
-197
-251
-269
-316
-350
-379
-372
-438
-433
-404
-422
-398
-338
-268
-218
-140
-78
-32
38
85
166
254
318
362
420
439
462
459
474
463
416
381
312
294
250
176
154
100
104
85
62
72
75
42
50
98
105
172
162
236
248
283
354
331
328
356
367
313
342
320
288
253
200
188
166
162
139
103
84
66
52
46
67
101
151
181
226
279
271
271
242
165
101
14
-79
-172
-268
-377
-461
-537
-547
-538
-594
-532
-498
-466
-435
-467
-428
-442
-463
-436
-487
-468
-482
-478
-430
-403
-322
-308
-201
-176
-105
-51
-84
-46
-62
-93
-123
-191
-263
-296
-351
-335
-390
-442
-391
-353
-283
-253
-180
-156
-136
-49
-5
100
146
255
296
363
433
443
436
383
352
333
251
175
105
80
35
-21
10
-43
40
75
79
77
117
129
173
190
233
311
333
378
377
472
475
475
496
477
451
388
292
264
247
240
191
160
170
170
130
124
192
200
186
210
246
297
328
292
327
364
420
431
405
355
340
274
192
122
20
-83
-227
-335
-390
-440
-480
-492
-528
-550
-564
-883
-1090
-1268
-1132
-642
-203
197
285
104
-298
-633
-741
-582
-318
-29
175
200
-25
-349
-615
-758
-723
-583
-405
-326
-369
-527
-702
-895
-925
-750
-546
-340
-247
-268
-371
-422
-392
-307
-161
63
411
638
447
220
-305
-653
-726
-410
160
668
886
703
255
-270
-653
-699
-372
130
513
662
569
262
-61
-224
-121
149
525
800
908
793
514
299
189
257
369
533
593
502
277
41
-150
-204
-80
139
465
585
540
368
104
-52
-68
78
316
416
383
202
-38
-318
-554
-579
-510
-278
-5
227
416
458
414
351
306
324
347
362
405
281
26
-353
-597
-839
-992
-1026
-1070
-1127
-1171
-1242
-1102
-954
-672
-364
-123
-19
87
77
71
127
208
276
291
180
67
-164
-284
-413
-553
-559
-596
-550
-537
-503
-535
-498
-474
-370
-273
-191
-120
-8
25
60
116
180
298
336
382
375
337
244
161
106
83
51
94
81
63
39
-59
-80
-162
-158
-148
-107
27
99
151
79
43
-5
70
161
336
528
595
734
746
758
666
587
538
530
465
395
386
304
272
195
141
122
100
163
218
199
151
98
42
41
32
154
288
369
418
426
351
274
179
154
204
268
246
222
153
24
-129
-274
-303
-312
-346
-351
-405
-518
-671
-777
-725
-662
-519
-327
-214
-112
-77
5
73
172
296
351
389
283
197
21
-141
-328
-431
-485
-485
-382
-417
-466
-633
-737
-831
-827
-707
-588
-491
-374
-343
-343
-322
-244
-157
-79
1
4
-3
-54
-140
-231
-228
-244
-235
-181
-176
-158
-204
-293
-312
-237
-250
-270
-354
-426
-458
-565
-616
-597
-504
-463
-335
-240
-199
-205
-208
-143
9
138
302
359
406
406
444
511
669
868
1048
1183
1114
1067
1053
1097
1181
1327
1456
1560
1714
1790
1936
2044
2237
2501
2768
3106
3168
3096
2900
2575
2151
1612
1188
726
268
-245
-884
-1600
-2115
-2638
-2947
-3072
-3162
-3227
-3331
-3301
-3288
-3055
-2643
-2015
-1339
-770
-314
6
306
483
684
898
990
974
844
560
278
-83
-512
-911
-1341
-1800
-2252
-2607
-2916
-3155
-3370
-3541
-3644
-3652
-3552
-3366
-2976
-2564
-2233
-1917
-1628
-1322
-1016
-604
-211
156
386
527
625
800
950
1205
1357
1443
1510
1363
1335
1232
1321
1371
1433
1440
1442
1518
1683
2028
2487
3083
3601
4118
4730
5316
6051
6739
6498
5124
3107
805
-444
-605
49
1124
1067
-488
-3257
-6246
-7775
-7194
-5166
-2460
-718
-710
-2374
-4430
-5322
-3949
-993
2419
4997
5420
4151
1894
520
982
2887
5210
6580
5995
3761
634
-1673
-2275
-1478
-136
379
-429
-2511
-4915
-6573
-6695
-5630
-4256
-3293
-3296
-4066
-4765
-4889
-4014
-2548
-1199
-217
68
-104
-249
-110
393
897
1079
922
605
252
24
-13
18
-191
-748
-1386
-1731
-1633
-1253
-840
-596
-629
-896
-1120
-829
24
993
1907
2480
2595
2533
2544
3060
3992
5099
5928
6437
6495
6476
6789
7692
8612
8045
5873
2094
-1568
-3690
-4191
-2826
-1010
-723
-2713
-6793
-10574
-12037
-10642
-6748
-2137
966
1251
-919
-3594
-4264
-2181
1945
6727
9850
10133
7760
4156
1978
2138
4110
6739
8067
6999
3608
-905
-4229
-5328
-4674
-3126
-2151
-2667
-4534
-6856
-8328
-8147
-6638
-4678
-3114
-2396
-2360
-2510
-2165
-1057
186
1230
1861
2000
2052
2019
2042
2116
1763
953
54
-583
-902
-876
-833
-1053
-1812
-3012
-3901
-4137
-3606
-2656
-1749
-1274
-1458
-2038
-2239
-1562
-216
1421
2708
3399
3378
2988
2796
3299
4397
5552
6388
6727
6626
6324
6319
7068
8087
8345
6744
3215
-1307
-4921
-6362
-5739
-3658
-2014
-2592
-5649
-9926
-12892
-12644
-9491
-4393
353
2706
2062
-550
-2608
-2131
1094
5733
10002
11888
10598
7045
3187
1372
1975
3828
5740
5996
3710
-478
-4983
-7738
-8133
-7091
-5506
-4608
-4997
-6265
-7535
-7781
-6657
-4746
-2690
-896
111
758
1208
1824
2756
3337
3645
3728
3626
3485
3152
2690
1913
675
-709
-1730
-2221
-2277
-2145
-2214
-2734
-3755
-4745
-5058
-4437
-3141
-1762
-761
-385
-652
-959
-611
643
2366
3839
4729
4962
4467
3960
3895
4574
5695
6516
6896
6754
6266
5996
6322
7158
7308
5624
1770
-2879
-6475
-7898
-7020
-4661
-2694
-3038
-6107
-10365
-13039
-12437
-8647
-3006
2163
4604
3729
948
-1222
-685
2601
7268
11311
12803
10848
6644
2429
391
777
2563
4238
4124
1504
-2893
-7229
-9681
-9810
-8384
-6650
-5683
-5710
-6564
-7192
-6685
-5140
-3121
-1282
81
1020
1732
2447
3321
3921
3949
3405
2787
2464
2502
2695
2565
1692
-59
-1977
-3210
-3592
-3030
-2243
-1766
-2014
-3160
-4284
-4575
-3689
-2022
-182
1199
1540
1037
410
518
1732
3257
4715
5479
5262
4421
3454
3208
3685
4569
5242
5356
5077
4433
4143
4555
5542
6259
5202
2084
-2187
-6134
-7919
-7254
-4831
-2263
-1698
-3851
-7751
-10932
-11285
-8332
-3173
2149
5322
5194
2631
-60
-732
1475
5386
9269
11245
10082
6426
2079
-800
-1237
112
1756
2313
769
-2823
-6818
-9537
-10007
-8727
-6916
-5261
-4591
-4966
-5277
-5020
-3756
-1860
-143
1193
2060
2616
3026
3383
3738
3672
3016
2300
1581
1266
1191
948
230
-1169
-2887
-4196
-4685
-4433
-3605
-2902
-2721
-3263
-4101
-4370
-3740
-2372
-592
851
1567
1516
977
941
1577
2629
3805
4419
4474
3933
3095
2723
2949
3554
4117
4299
4280
4172
4183
4627
5465
6557
6855
5240
1799
-2283
-5625
-6809
-5620
-3295
-1237
-1280
-3947
-7589
-10282
-9979
-6581
-1616
3098
5496
4930
2452
103
-150
2318
6112
9490
10934
9341
5603
1593
-976
-1200
137
1469
1735
-174
-3626
-7180
-9438
-9565
-8164
-6302
-4831
-4276
-4500
-4667
-4259
-3071
-1354
229
1601
2625
3147
3516
3684
3563
3012
2174
1512
1151
929
727
43
-1064
-2620
-4185
-4985
-5002
-4286
-3439
-2972
-2934
-3459
-3981
-3771
-2833
-1337
165
1236
1543
1311
903
876
1459
2401
3265
3680
3660
3262
2629
2418
2656
3049
3473
3541
3682
3847
4073
4728
5599
6687
7119
6109
3301
-419
-3822
-5733
-5218
-3371
-1220
-496
-2314
-5525
-8603
-9415
-7128
-2831
1888
5009
5344
3409
776
-237
1318
4537
7858
9755
9062
5900
1951
-974
-1775
-761
589
1190
-13
-2951
-6277
-8645
-9062
-7831
-6016
-4470
-3760
-3776
-3877
-3470
-2357
-749
775
1895
2638
3073
3461
3772
3792
3370
2498
1565
863
431
151
-235
-1150
-2577
-4208
-5349
-5627
-5229
-4315
-3552
-3215
-3500
-3958
-3964
-3171
-1648
-47
1220
1775
1670
1139
858
1191
1884
2620
2900
2741
2226
1565
1241
1480
2034
2451
2640
2620
2674
2856
3363
4227
5446
6741
7425
7093
4858
1387
-2177
-4768
-4861
-3382
-1396
-169
-1364
-4302
-7790
-9670
-8460
-4904
-337
3284
4625
3304
823
-694
-65
2728
6082
8617
9094
6927
3507
318
-1133
-594
486
1367
881
-1285
-4165
-6674
-7815
-7508
-6312
-5031
-4068
-3574
-3380
-2810
-2013
-984
113
897
1788
2567
3293
3970
4062
3650
2643
1453
600
204
144
124
-330
-1560
-3176
-4889
-5844
-5815
-5010
-3765
-2882
-2822
-3372
-3949
-3772
-2742
-1092
744
1923
2269
1791
1043
860
1230
1863
2590
2905
2758
2269
1714
1624
1978
2436
2920
3289
3612
3802
4026
4692
5918
7195
7641
6817
3922
-10
-3708
-5821
-5159
-3319
-1233
-703
-2756
-6094
-9448
-10368
-8043
-3670
977
3992
4338
2412
131
-687
910
4284
7529
9529
9058
6246
2788
39
-805
-75
1005
1577
689
-1655
-4509
-6724
-7592
-7172
-5922
-4536
-3327
-2657
-2341
-1976
-1607
-938
-110
977
2363
3375
4043
4122
3435
2444
1364
713
688
891
896
438
-810
-2605
-4257
-5375
-5305
-4374
-3351
-2547
-2487
-2961
-3516
-3680
-2751
-1120
569
1833
2163
1821
1072
560
696
1215
1735
1934
1721
1180
616
405
722
1381
2039
2467
2727
2981
3318
3949
5079
6475
7677
8061
7028
4238
540
-2904
-4740
-4208
-2685
-1054
-778
-2836
-6165
-9333
-10119
-7921
-3988
362
3231
3586
1912
-186
-798
822
4029
7170
9176
8836
6301
3039
370
-446
202
1226
1975
1237
-1066
-3958
-6445
-7511
-7132
-5836
-4295
-2971
-2600
-2635
-2666
-2534
-1632
-423
1050
2473
3183
3576
3373
2884
2337
1670
1453
1462
1467
1212
517
-600
-2246
-3751
-4627
-4698
-4170
-3539
-3105
-3224
-3754
-4272
-4234
-3298
-1802
-301
650
1007
806
301
139
478
1207
1689
1756
1531
1047
713
732
1267
2144
2731
2979
2900
2884
3221
3887
5031
6309
7441
7852
7289
5179
1797
-1615
-4286
-4841
-3980
-2587
-1561
-2536
-5112
-8184
-10153
-9435
-6455
-2396
1443
3319
2956
1373
115
437
2837
6088
8913
10112
8627
5691
2426
297
34
891
2072
2197
398
-2589
-5788
-7892
-8166
-7120
-5258
-3695
-3107
-3329
-3767
-3706
-2912
-1362
513
2275
3272
3515
3446
3123
2978
2892
2750
2706
2347
1866
1224
312
-846
-2152
-3342
-4242
-4562
-4478
-4047
-3659
-3705
-3947
-4195
-3982
-3130
-1964
-542
628
1231
1286
896
787
911
1279
1824
2304
2571
2423
2090
1981
2189
2445
2875
3417
3764
4073
4195
4519
5186
5970
6775
7134
6276
3507
-114
-3638
-5584
-5304
-3923
-1976
-1357
-3065
-6105
-9147
-10033
-8032
-4063
592
3968
4724
3247
1087
94
1435
4550
8013
10271
9901
7036
3317
199
-959
-239
1170
2007
926
-1861
-5247
-7950
-8891
-7886
-5974
-4230
-3391
-3709
-4142
-4229
-3596
-1839
139
1973
3064
3125
3077
2894
2799
2960
2948
2839
2448
1802
1140
351
-560
-1837
-3153
-4122
-4653
-4756
-4334
-3785
-3579
-3803
-4254
-4350
-3707
-2545
-1082
418
1216
1207
773
451
764
1569
2559
3308
3458
3012
2274
1933
2279
2993
3818
4308
4213
3754
3233
3295
4019
5274
6708
7332
6674
3963
-37
-3730
-5998
-5730
-4001
-1892
-880
-2423
-5700
-9086
-10540
-8904
-4966
-133
3477
4552
3169
842
-436
471
3579
7161
9698
9935
7469
3828
532
-986
-476
865
2040
1543
-908
-4264
-7320
-8660
-8289
-6731
-4990
-3896
-3979
-4627
-4789
-4338
-2799
-713
1084
2452
2792
2597
2572
2569
2998
3304
3283
3211
2660
1854
1021
-23
-1239
-2476
-3648
-4262
-4416
-4299
-3965
-4022
-4428
-4827
-5021
-4370
-2996
-1405
169
946
1095
793
623
1245
2216
3372
4130
4246
3760
2937
2530
2815
3578
4332
4656
4319
3715
3181
3147
4015
5409
6838
7484
6574
3718
-263
-3842
-5843
-5340
-3530
-1542
-753
-2578
-5800
-8956
-10047
-8136
-4269
283
3573
4305
2925
836
-216
953
3938
7261
9527
9562
7213
3817
879
-472
-80
1053
2078
1559
-801
-3970
-6938
-8427
-8269
-6832
-5161
-4165
-4102
-4628
-4852
-4365
-3032
-1053
821
2171
2607
2489
2365
2431
2919
3403
3785
3815
3145
2182
1044
-7
-1064
-2052
-2646
-3176
-3634
-4042
-4466
-4749
-5130
-5204
-4902
-4188
-3007
-1990
-994
-323
49
265
658
1479
2265
3117
3541
3554
3227
2781
2758
3089
3689
4069
4013
3709
3279
3041
3291
4083
5162
6161
6626
6049
3841
548
-2617
-4589
-4579
-3375
-1822
-948
-2049
-4757
-7515
-8790
-7666
-4532
-634
2588
3796
2798
1048
-42
655
3184
6219
8652
9120
7355
4326
1453
-57
135
1213
2204
1992
-21
-3112
-6070
-7838
-7919
-6718
-5119
-3960
-3931
-4445
-4973
-4848
-3603
-1773
278
1762
2297
2282
2075
2323
2848
3421
3872
3689
3045
1968
918
92
-796
-1492
-2318
-3239
-4057
-4804
-5214
-5342
-5375
-5409
-5320
-5044
-4391
-3395
-2190
-977
-126
391
814
1315
2000
2862
3720
4337
4556
4431
4144
4044
4097
4216
4345
4356
4242
4053
4024
4278
5001
5849
6005
4944
2236
-1144
-4042
-5253
-4567
-2911
-1205
-1194
-3216
-6210
-8451
-8389
-5954
-2039
1712
3780
3535
1727
205
323
2378
5529
8390
9689
8502
5596
2576
645
465
1435
2537
2696
1102
-1918
-5137
-7267
-7950
-7181
-5723
-4448
-3998
-4441
-5001
-5131
-4429
-2864
-952
811
1869
2202
2174
2044
2143
2391
2833
3225
3165
2600
1674
640
-551
-1725
-2518
-3147
-3569
-4092
-4539
-4879
-5252
-5543
-5725
-5437
-4675
-3720
-2530
-1418
-446
114
417
995
1664
2513
3467
4261
4773
4731
4346
3877
3562
3491
3496
3673
3856
3832
3664
3521
3813
4375
4803
4381
2585
-232
-3132
-4872
-4916
-3649
-1917
-1184
-2423
-4981
-7444
-8201
-6599
-3255
546
3146
3546
2044
265
-192
1350
4300
7358
9180
8763
6393
3362
1118
638
1473
2647
3199
2140
-503
-3659
-6066
-6963
-6428
-5098
-3870
-3454
-4014
-4851
-5287
-5034
-3396
-1500
304
1666
1968
2023
1710
1709
2125
2597
3336
3556
3264
2632
1582
303
-995
-1891
-2458
-2789
-3058
-3318
-3738
-4513
-5071
-5545
-5495
-4680
-3692
-2423
-1351
-743
-418
-330
130
963
1931
3038
3956
4456
4379
3953
3518
3451
3604
3888
4240
4403
4349
4054
3880
4183
4967
5641
5042
2952
-168
-3447
-5262
-5138
-3544
-1604
-1136
-2752
-5848
-8743
-9458
-7512
-3618
577
3207
3110
1163
-1022
-1511
520
4114
7727
9709
8981
6182
2786
512
378
1649
3362
3981
2624
-505
-4031
-6556
-7249
-6368
-4823
-3672
-3549
-4478
-5587
-6127
-5783
-3963
-1896
9
1340
1717
1719
1498
1563
1932
2433
3238
3615
3497
2953
2004
697
-614
-1595
-2211
-2467
-2466
-2522
-2899
-3532
-4311
-4879
-4849
-4088
-3008
-1824
-855
-406
-362
-297
180
1089
2222
3359
4075
4332
4096
3735
3635
3801
4135
4520
4593
4545
4409
4262
4412
5020
5717
5220
3161
47
-3305
-5361
-5465
-4104
-2009
-1113
-2494
-5589
-8840
-9997
-8399
-4773
-353
2880
3314
1375
-1125
-2267
-732
2726
6714
9413
9182
6586
2992
372
-78
1209
3133
4144
3098
114
-3609
-6459
-7369
-6587
-4974
-3619
-3476
-4541
-5671
-6439
-6102
-4492
-2717
-826
207
713
1225
1375
1807
2141
2339
2582
2598
2675
2687
2594
1851
633
-700
-1753
-2386
-2672
-2364
-2192
-2325
-2896
-3707
-4084
-4026
-3295
-2145
-1009
-195
-107
-151
-28
541
1498
2496
3416
3841
3762
3490
3447
3758
4240
4918
5453
5546
5385
5166
5261
5793
6360
5708
3525
388
-3026
-4910
-5036
-3721
-1729
-1240
-2762
-6008
-9182
-10052
-8344
-4552
-225
2674
2804
848
-1543
-2391
-606
2868
6909
9346
8926
6264
2649
290
314
1985
4155
5115
3768
344
-3672
-6558
-7262
-5962
-4062
-2721
-3051
-4749
-6314
-7327
-6609
-4598
-2503
-580
-76
-150
-200
-44
971
1976
2769
3066
2621
1996
1516
1253
997
562
-187
-873
-1637
-2131
-2256
-2316
-2341
-2674
-3095
-3080
-2921
-2397
-1667
-957
-523
-560
-438
-124
608
1572
2520
3263
3367
3131
2858
3003
3630
4410
5351
5977
6177
5942
5779
6043
6637
6733
5259
2737
-654
-3262
-4108
-3697
-2068
-1178
-2099
-4692
-8007
-9754
-9081
-6134
-2093
1071
2162
865
-1337
-2650
-1464
1753
5541
8531
9044
7183
4072
1418
830
2135
4361
5892
5361
2735
-1089
-4577
-6363
-5965
-4348
-2808
-2386
-3646
-5479
-7010
-7591
-6226
-4074
-1869
-564
-613
-939
-1373
-1075
40
1432
2891
3467
3113
2216
1225
368
-312
-644
-640
-571
-775
-1243
-1916
-2655
-3457
-4033
-3866
-3092
-2148
-1407
-1009
-1073
-1509
-1820
-1537
-559
847
1979
2651
2791
2381
1960
1957
2589
3557
4657
5447
5729
5577
5432
5753
6532
7421
7118
5184
2025
-1533
-3667
-4137
-2952
-1270
-773
-2132
-5391
-8653
-10074
-8723
-5266
-1255
1699
2122
420
-1941
-2883
-1266
2175
6190
8814
9006
6917
3628
1316
1005
2642
4948
6183
5602
2907
-772
-3957
-5460
-5234
-3992
-2699
-2443
-3308
-4777
-6126
-6567
-6020
-4552
-2744
-1426
-820
-760
-869
-930
-690
34
1224
2402
3047
2983
2174
857
-688
-1657
-1538
-775
55
310
-346
-1683
-3282
-4291
-4134
-2968
-1604
-727
-543
-1151
-1985
-2409
-1887
-595
843
1946
2285
1946
1538
1418
1959
2880
3820
4543
4841
4824
4673
4964
5800
6825
7456
6502
4207
924
-1939
-3033
-2676
-1147
-9
-580
-3000
-6570
-9338
-9597
-7445
-3861
-583
964
281
-1673
-3468
-3285
-808
2827
6281
7794
7182
5064
2666
1494
2077
3994
5951
6617
5384
2635
-391
-2706
-3543
-3142
-2098
-1432
-1888
-3137
-4610
-5632
-5796
-5184
-3999
-2777
-2072
-1831
-1908
-1873
-1607
-1157
-445
536
1403
1951
2006
1518
768
-162
-663
-488
60
546
441
-263
-1365
-2472
-2929
-2585
-1738
-953
-731
-1103
-1857
-2329
-2104
-1220
99
1173
1553
1289
689
439
910
2001
3160
3988
4129
3826
3443
3410
4189
5474
6788
7521
6826
4653
1557
-1001
-1855
-1228
145
943
329
-1929
-5139
-7811
-8457
-6893
-4106
-1592
-463
-1162
-2714
-4070
-4006
-2245
681
3652
5195
4960
3551
2057
1395
1862
3176
4863
5720
5259
3368
1079
-711
-1485
-1353
-665
-15
-177
-1118
-2764
-4258
-5002
-4918
-4045
-2982
-2294
-2170
-2630
-3187
-3513
-3256
-2339
-1130
-132
386
363
-41
-463
-667
-220
665
1397
1724
1306
475
-307
-785
-733
-227
304
438
26
-772
-1681
-2146
-1856
-1082
-151
543
646
248
-217
-455
-161
689
1691
2450
2786
2645
2464
2540
3058
4038
5251
6377
6877
6285
4672
2367
550
94
773
1924
2370
1428
-775
-3545
-5675
-6219
-5117
-3070
-1303
-935
-2067
-3877
-5153
-4889
-3121
-643
1597
2529
2059
763
-402
-575
546
2349
4022
4647
3876
2223
508
-483
-412
439
1406
1971
1550
375
-1091
-2225
-2703
-2358
-1671
-1093
-898
-1296
-2136
-3092
-3680
-3603
-2947
-2094
-1384
-1221
-1458
-2086
-2594
-2381
-1429
-112
1046
1426
1182
586
-4
-164
244
1075
1781
1993
1455
479
-538
-1067
-986
-390
269
644
484
-134
-817
-1195
-1110
-601
40
490
594
240
-158
-293
-32
475
1034
1604
1964
2134
2317
2697
3267
3818
4082
3824
3075
2221
1678
1845
2517
3027
2954
2018
443
-914
-1481
-1149
-269
441
534
-124
-1211
-2245
-2760
-2542
-1702
-763
-242
-360
-1017
-1822
-2313
-2183
-1513
-602
112
330
142
-295
-633
-656
-377
5
198
251
114
33
-87
-276
-559
-960
-1230
-1361
-1223
-910
-781
-1019
-1528
-1937
-2098
-1859
-1188
-522
-203
-356
-866
-1363
-1465
-1102
-414
260
531
265
-321
-914
-1158
-925
-431
-9
59
-201
-754
-1222
-1414
-1284
-955
-718
-746
-963
-1228
-1359
-1182
-679
-42
432
543
361
262
455
881
1589
2266
2615
2557
2217
1837
1695
1963
2442
2937
3208
3139
2782
2270
1816
1580
1672
1942
2081
2036
1760
1252
645
140
-88
-20
119
272
199
-194
-693
-1193
-1415
-1228
-781
-319
-32
-163
-490
-821
-938
-724
-290
122
255
116
-211
-544
-764
-789
-695
-672
-814
-1138
-1496
-1848
-2053
-2063
-1868
-1619
-1391
-1328
-1469
-1611
-1698
-1518
-1155
-647
-193
76
123
0
-185
-328
-235
2
229
381
246
-137
-650
-1082
-1233
-1047
-742
-557
-533
-792
-1317
-1671
-1746
-1299
-558
206
691
622
268
-200
-121
444
1322
2222
2692
2688
2248
1674
1434
1676
2296
2862
3151
3094
2591
1960
1530
1566
1929
2390
2597
2383
1925
1403
939
811
988
1245
1312
1084
592
27
-433
-710
-717
-594
-321
-241
-379
-658
-996
-1213
-1136
-824
-448
-117
-68
-249
-599
-892
-958
-889
-631
-490
-640
-1081
-1625
-2090
-2280
-2077
-1737
-1345
-1162
-1320
-1719
-2104
-2281
-1974
-1269
-466
155
304
56
-411
-823
-869
-540
223
824
967
620
-220
-1110
-1661
-1622
-1071
-376
17
-156
-909
-1757
-2301
-2145
-1297
-203
617
729
218
-480
-882
-652
160
1169
1931
2041
1609
959
545
672
1231
1936
2350
2246
1705
1124
709
725
1028
1496
1722
1481
1032
576
403
541
1035
1449
1656
1535
1077
675
526
636
834
1030
997
807
468
263
196
251
435
577
667
590
454
351
246
205
175
159
165
12
-204
-506
-940
-1358
-1590
-1610
-1558
-1437
-1419
-1558
-1813
-2160
-2459
-2440
-2063
-1467
-894
-544
-517
-785
-1083
-1139
-812
-218
390
770
659
85
-665
-1210
-1287
-968
-486
-83
-87
-557
-1182
-1611
-1559
-1010
-328
244
407
159
-261
-505
-417
-25
537
944
967
606
133
-37
162
551
950
1177
1090
658
257
88
269
674
1076
1197
1021
555
103
-24
110
556
956
1163
1036
643
290
112
197
449
786
908
773
485
153
87
331
680
1084
1293
1355
1172
919
789
807
1016
1195
1327
1196
820
378
-2
-193
-264
-174
-152
-329
-644
-1115
-1465
-1625
-1505
-1305
-1099
-957
-958
-1023
-1133
-1113
-930
-687
-398
-200
-97
-80
-137
-277
-439
-508
-545
-541
-523
-592
-726
-968
-1205
-1311
-1170
-900
-667
-470
-487
-635
-785
-821
-686
-250
173
462
526
315
36
-204
-123
260
702
1078
1183
957
548
207
104
387
854
1203
1233
842
328
-179
-352
-126
246
658
708
452
17
-454
-580
-467
-117
221
383
334
70
-153
-218
36
455
920
1248
1340
1217
1015
967
986
1207
1449
1594
1431
1012
670
437
425
466
500
277
-139
-579
-1074
-1258
-1100
-788
-521
-452
-625
-942
-1213
-1321
-1035
-553
-42
247
245
69
-137
-266
-173
102
324
450
343
37
-251
-531
-638
-539
-372
-161
-115
-216
-476
-627
-680
-637
-504
-303
-123
-16
-75
-200
-328
-384
-398
-285
58
274
418
472
408
279
199
277
537
840
986
1027
812
469
199
42
125
307
409
448
356
133
-182
-561
-675
-592
-374
-169
-13
3
-155
-362
-503
-314
79
570
915
1075
986
707
506
504
714
925
1080
1108
923
671
501
315
220
155
-103
-403
-628
-753
-760
-603
-442
-447
-563
-827
-1108
-1171
-987
-527
-79
170
146
-57
-301
-450
-304
10
398
609
598
205
-220
-545
-631
-391
-58
109
-31
-398
-758
-1000
-1024
-838
-567
-402
-460
-653
-935
-981
-961
-774
-541
-325
-188
-130
-40
144
361
597
922
1128
1302
1360
1416
1462
1452
1403
1262
1053
796
550
487
478
360
164
-173
-530
-841
-945
-781
-493
-312
-231
-334
-540
-642
-492
-185
248
671
922
873
625
512
454
540
765
973
1075
1100
901
666
385
116
-94
-241
-333
-374
-393
-469
-512
-659
-812
-1036
-1101
-1026
-924
-720
-505
-274
-205
-183
-223
-155
-33
164
387
569
610
521
409
283
194
207
303
306
134
-117
-397
-605
-665
-690
-607
-600
-587
-754
-950
-1136
-1215
-1123
-916
-660
-491
-429
-390
-312
-176
171
527
979
1348
1558
1628
1547
1549
1512
1589
1653
1569
1390
1095
794
555
342
153
-3
-223
-434
-660
-779
-781
-759
-662
-670
-673
-644
-602
-400
-183
58
289
378
367
393
374
469
579
835
1052
1137
1065
861
673
446
301
238
154
26
-101
-270
-445
-645
-811
-990
-1053
-1120
-1128
-998
-858
-738
-643
-594
-534
-428
-273
-82
168
330
456
494
532
546
585
696
668
614
490
327
162
52
-113
-288
-373
-472
-610
-735
-909
-1066
-1165
-1133
-1035
-907
-737
-582
-460
-378
-351
-162
217
679
1124
1447
1453
1367
1214
1114
1192
1328
1463
1443
1222
868
469
172
53
63
140
74
-82
-421
-711
-831
-771
-596
-374
-141
-111
-225
-329
-368
-262
7
323
548
627
577
493
518
638
760
808
798
725
460
245
19
-129
-229
-324
-374
-454
-639
-859
-1002
-1127
-1149
-1041
-834
-688
-619
-612
-557
-513
-360
-215
-19
203
283
390
430
519
610
712
732
715
601
431
257
91
4
-172
-228
-372
-521
-660
-843
-1014
-1108
-1049
-942
-801
-668
-525
-448
-373
-211
-13
286
711
1042
1258
1312
1319
1262
1221
1255
1318
1431
1418
1278
996
649
343
143
113
145
134
18
-229
-504
-761
-853
-777
-571
-312
-188
-191
-271
-362
-283
-64
248
644
839
913
881
848
829
851
1028
1077
1091
1006
785
534
264
46
-103
-234
-356
-488
-638
-808
-1005
-1196
-1207
-1109
-992
-823
-759
-749
-743
-767
-634
-325
-61
208
317
344
428
460
546
584
692
733
585
327
44
-191
-342
-351
-363
-382
-508
-835
-1195
-1425
-1401
-1207
-887
-671
-528
-536
-682
-713
-513
-115
398
815
1094
1099
947
797
809
987
1235
1410
1443
1337
1044
765
530
365
334
359
229
40
-249
-526
-676
-800
-796
-608
-510
-478
-507
-531
-417
-250
-58
215
464
659
812
924
1033
1101
1188
1223
1225
1200
1181
1046
880
649
412
173
-107
-281
-427
-559
-755
-936
-1127
-1306
-1342
-1284
-1140
-996
-916
-873
-954
-948
-748
-467
-106
248
441
461
450
389
455
601
719
758
619
367
-16
-344
-534
-644
-604
-643
-818
-1061
-1379
-1619
-1631
-1364
-1040
-779
-593
-579
-689
-633
-416
-75
405
772
888
869
772
679
822
1008
1280
1365
1290
1081
811
649
608
619
591
480
182
-211
-486
-618
-651
-608
-508
-523
-664
-799
-858
-729
-454
-65
174
379
419
479
613
858
1108
1363
1511
1455
1389
1241
1184
1106
1032
936
717
444
145
-124
-306
-459
-552
-728
-858
-989
-1110
-1083
-981
-883
-844
-836
-856
-808
-638
-362
-32
227
349
349
329
317
395
629
684
665
486
176
-142
-402
-475
-509
-534
-611
-870
-1209
-1408
-1490
-1378
-1123
-925
-765
-771
-794
-758
-537
-239
79
395
533
556
504
538
663
856
1107
1204
1140
1004
846
703
689
732
738
637
336
-96
-459
-580
-582
-518
-477
-584
-815
-1081
-1208
-1161
-911
-508
-239
-12
42
-2
56
271
634
1084
1453
1639
1608
1408
1229
1097
1093
1164
1160
1041
751
353
-82
-420
-602
-675
-683
-776
-851
-1029
-1137
-1159
-1095
-984
-855
-735
-633
-455
-260
-15
175
414
577
599
590
516
536
559
555
507
398
203
7
-223
-420
-568
-703
-786
-915
-1000
-1024
-1138
-1107
-976
-904
-807
-636
-415
-253
-71
120
195
321
470
648
828
1025
1123
1098
1048
947
950
1002
1052
1047
904
677
356
43
-216
-385
-405
-411
-543
-766
-1032
-1277
-1408
-1435
-1214
-910
-738
-678
-525
-489
-414
-193
95
434
752
973
1046
1054
999
924
793
814
793
755
677
488
214
-102
-436
-638
-752
-764
-775
-826
-904
-1067
-1081
-1024
-926
-750
-501
-270
-127
31
125
276
375
458
644
658
646
543
487
457
391
399
336
146
-118
-376
-653
-788
-840
-865
-865
-895
-1021
-1105
-1073
-1027
-830
-636
-427
-238
-175
-82
53
182
396
733
931
1083
1038
989
960
953
1109
1235
1302
1098
870
570
270
67
1
-7
-124
-335
-612
-948
-1188
-1329
-1332
-1151
-943
-763
-798
-689
-650
-524
-233
138
426
614
688
773
884
905
990
1023
1003
884
751
708
527
283
6
-253
-510
-692
-779
-857
-886
-937
-1011
-1105
-1180
-1110
-954
-706
-476
-244
-79
1
55
178
440
746
910
1018
962
837
718
681
705
726
605
377
-13
-455
-758
-860
-847
-825
-849
-1006
-1189
-1395
-1382
-1237
-938
-655
-485
-355
-372
-281
-125
204
514
876
1005
975
953
967
1108
1230
1369
1394
1378
1150
889
620
497
501
539
431
199
-122
-452
-745
-875
-864
-775
-666
-633
-657
-734
-702
-577
-331
40
373
634
703
767
813
901
966
1049
1130
1111
1000
826
681
432
229
8
-242
-507
-716
-879
-1039
-1169
-1279
-1342
-1404
-1411
-1398
-1287
-1140
-969
-756
-591
-444
-332
-187
-62
115
243
399
471
486
514
450
445
344
224
132
-27
-166
-303
-487
-650
-805
-985
-1078
-1074
-1076
-1073
-1022
-997
-987
-941
-837
-643
-370
-116
132
345
470
587
659
729
903
1115
1220
1286
1167
1062
904
710
632
627
620
514
326
82
-159
-411
-592
-636
-655
-638
-639
-693
-727
-778
-690
-541
-212
37
280
429
514
599
649
784
886
990
1096
1099
1009
856
670
482
263
103
-70
-199
-377
-511
-641
-790
-990
-1038
-1077
-1057
-1048
-966
-933
-806
-701
-610
-399
-244
-64
11
114
238
392
464
528
533
443
297
145
51
43
-20
-83
-213
-504
-777
-961
-1016
-992
-884
-786
-757
-784
-842
-908
-833
-651
-372
-87
128
241
260
345
330
486
631
917
1081
1094
1057
928
753
656
680
696
712
669
534
265
0
-239
-380
-444
-408
-448
-450
-502
-538
-570
-542
-454
-233
-62
203
389
475
602
654
679
811
924
1032
1082
1151
1117
955
803
562
409
240
163
37
-136
-291
-544
-788
-975
-1054
-1086
-1025
-917
-892
-896
-912
-852
-671
-454
-241
-62
40
151
260
411
550
662
677
556
397
252
147
129
172
159
-22
-249
-545
-839
-925
-914
-863
-816
-815
-934
-1089
-1130
-1081
-882
-601
-374
-247
-215
-164
-83
112
291
588
830
923
909
806
736
663
676
736
766
785
650
509
308
122
-18
-181
-257
-296
-357
-419
-499
-592
-547
-514
-442
-307
-170
-27
134
258
386
439
523
617
740
822
951
1001
1003
905
731
624
505
364
255
202
68
-80
-321
-515
-658
-798
-839
-807
-825
-799
-772
-792
-699
-595
-518
-363
-245
-63
84
180
300
376
416
436
391
359
366
360
292
213
104
-60
-254
-433
-492
-538
-557
-590
-686
-807
-933
-979
-915
-743
-584
-401
-252
-239
-218
-163
-30
181
413
559
645
719
696
672
654
708
763
725
676
628
487
255
149
-30
-120
-237
-277
-375
-516
-618
-716
-734
-697
-667
-571
-399
-321
-235
-144
40
163
321
505
638
733
839
856
880
847
810
732
608
634
494
336
186
-12
-184
-294
-418
-546
-604
-734
-811
-828
-810
-711
-614
-537
-426
-355
-316
-198
-9
218
355
436
434
455
416
434
470
535
572
505
340
85
-86
-197
-225
-206
-177
-244
-439
-647
-773
-848
-785
-615
-378
-255
-277
-301
-309
-280
-159
93
362
538
613
635
607
622
699
803
915
971
907
763
608
428
255
202
139
75
6
-177
-362
-489
-573
-640
-657
-624
-581
-530
-501
-439
-380
-295
-109
30
264
446
524
606
586
628
639
711
709
710
654
483
348
206
91
4
-83
-186
-350
-485
-661
-771
-763
-772
-741
-616
-539
-516
-547
-549
-466
-321
-131
84
245
282
235
196
172
238
395
583
601
533
326
97
-43
-91
-82
-45
-35
-164
-394
-648
-812
-825
-701
-484
-348
-348
-348
-421
-447
-356
-104
163
409
576
604
627
638
740
839
1025
1160
1146
1046
915
709
562
471
397
357
251
115
-62
-289
-480
-600
-625
-587
-631
-567
-596
-560
-459
-371
-182
-5
217
337
490
580
596
664
729
811
831
810
721
600
456
356
256
124
30
-99
-207
-352
-482
-615
-678
-677
-643
-639
-609
-612
-636
-626
-577
-504
-366
-172
-69
57
128
70
107
130
233
321
418
410
316
176
-39
-106
-85
-43
-88
-203
-340
-553
-727
-780
-746
-609
-495
-449
-449
-491
-482
-428
-291
-53
162
295
425
478
479
543
730
888
1014
1110
1091
972
796
670
539
478
449
365
268
94
-121
-286
-459
-505
-528
-515
-484
-443
-421
-392
-359
-248
-113
28
177
347
471
572
671
720
725
769
790
735
720
671
498
400
323
168
154
12
-143
-241
-357
-437
-551
-565
-591
-575
-535
-523
-502
-520
-463
-407
-298
-249
-104
-23
55
87
134
242
304
386
421
413
290
276
239
183
90
-40
-163
-293
-398
-615
-690
-635
-620
-594
-599
-620
-650
-613
-517
-414
-223
19
136
224
283
347
457
611
799
925
1018
1024
966
883
801
698
666
624
562
476
293
166
17
-125
-205
-243
-306
-283
-261
-245
-153
-135
-80
20
112
268
405
515
595
703
681
695
698
710
678
591
548
453
428
398
315
274
136
-3
-135
-244
-284
-352
-373
-408
-399
-444
-520
-546
-502
-424
-379
-349
-329
-341
-323
-291
-196
3
152
281
261
200
144
119
124
201
285
185
120
-87
-310
-447
-543
-538
-519
-490
-527
-646
-798
-920
-931
-858
-727
-539
-372
-270
-224
-169
-92
11
196
456
586
638
719
654
658
671
604
545
559
488
363
270
151
16
8
-57
-171
-200
-327
-363
-369
-295
-254
-202
-139
-172
-169
-86
-10
137
284
429
446
444
435
392
392
402
470
496
526
443
338
191
105
46
36
33
-1
-40
-124
-221
-303
-373
-404
-392
-347
-307
-362
-402
-411
-426
-449
-384
-255
-75
38
109
57
-66
-68
-30
50
161
234
214
62
-114
-323
-435
-399
-356
-317
-309
-405
-584
-743
-815
-746
-599
-407
-317
-252
-270
-282
-244
-163
-6
141
249
276
290
307
328
343
408
418
404
365
288
192
108
80
30
-27
-53
-132
-240
-286
-251
-214
-117
-34
-65
-103
-104
-124
-6
105
226
326
349
373
382
389
350
354
408
445
476
439
398
353
282
207
173
137
99
78
43
-27
-97
-186
-268
-272
-262
-257
-231
-194
-170
-221
-279
-267
-224
-77
77
210
246
231
203
188
208
284
391
387
340
187
32
-70
-137
-118
-95
-122
-159
-310
-465
-588
-570
-473
-356
-270
-260
-296
-314
-267
-170
-3
179
319
371
332
290
318
394
490
564
576
544
477
389
346
238
167
155
118
44
-15
-60
-143
-159
-120
-113
-141
-158
-147
-182
-151
-138
-71
51
71
124
130
151
188
244
299
355
385
392
393
347
377
331
292
227
189
183
145
99
-11
-117
-243
-258
-295
-288
-266
-280
-308
-354
-404
-426
-364
-271
-198
-207
-137
-104
-135
-64
7
112
180
212
228
229
174
76
28
0
-14
-17
-44
-159
-268
-329
-374
-349
-324
-287
-288
-305
-319
-306
-235
-146
17
98
133
173
173
209
240
299
342
358
398
429
374
353
337
310
253
171
140
108
86
61
106
48
50
17
-66
-79
-111
-89
-82
-16
27
60
52
-12
-16
48
182
288
344
341
333
259
262
307
358
410
403
384
314
260
197
177
169
155
129
46
-17
-136
-127
-136
-174
-197
-222
-256
-276
-274
-356
-337
-312
-225
-140
-56
-3
83
166
164
111
60
68
46
110
133
39
8
-46
-175
-250
-256
-244
-225
-160
-190
-254
-350
-403
-307
-193
-75
62
125
84
61
103
199
277
414
532
497
426
424
401
454
472
429
409
287
213
167
144
142
165
145
48
-11
-49
-122
-154
-83
57
139
117
99
-13
-64
-57
9
140
253
311
270
230
145
167
225
278
339
371
371
264
216
178
165
195
183
190
154
91
-31
-135
-155
-162
-147
-99
-109
-124
-151
-199
-240
-254
-233
-164
-70
-5
13
5
-46
-74
-9
15
106
196
134
70
8
-70
-127
-115
-83
-28
-86
-168
-174
-228
-260
-257
-172
-115
-53
-30
-15
-40
-30
-21
30
180
294
370
375
361
335
355
375
461
472
430
376
269
232
193
171
156
178
156
70
1
-99
-114
-55
-8
72
70
14
-81
-116
-151
-94
-23
68
97
54
-14
-58
-25
-17
104
155
167
181
82
41
-11
-51
-17
12
26
6
-104
-165
-258
-250
-207
-198
-150
-221
-242
-262
-315
-300
-272
-255
-135
-96
-99
-128
-109
-81
-22
70
145
182
177
166
124
81
47
47
38
56
64
-18
-96
-163
-192
-187
-148
-137
-127
-78
-129
-101
-101
-40
2
41
143
223
257
274
333
351
359
376
391
413
414
406
426
402
376
383
384
363
289
225
161
162
139
101
134
102
92
26
-3
-77
-78
-56
7
95
99
115
114
99
89
99
138
170
220
242
224
188
167
169
174
191
135
103
21
-57
-123
-157
-181
-194
-217
-316
-368
-402
-446
-487
-397
-365
-347
-312
-320
-306
-296
-196
-86
9
58
43
-3
-46
-82
-87
-34
-46
-46
-70
-159
-218
-289
-275
-246
-244
-254
-308
-365
-370
-405
-309
-351
-274
-172
-199
-129
-124
-9
70
101
210
303
309
277
251
255
309
351
343
335
275
191
145
184
193
204
213
141
128
99
3
-49
-1
-6
-11
14
-19
-43
-33
20
33
85
99
103
130
136
144
199
238
227
305
295
289
269
228
222
163
143
122
40
-9
-29
-90
-167
-246
-314
-348
-395
-355
-274
-260
-257
-308
-298
-306
-231
-128
-55
-12
-34
4
-9
-35
18
36
39
84
86
15
-76
-106
-136
-109
-83
-91
-122
-189
-276
-358
-338
-358
-257
-221
-256
-181
-187
-113
-37
37
137
182
209
191
179
179
196
306
342
416
352
315
241
137
190
177
183
220
202
151
120
-20
-6
49
75
85
53
60
-27
-23
-79
-45
87
145
174
192
217
234
274
298
339
352
344
351
324
315
292
250
239
177
111
46
-9
-56
-132
-160
-205
-221
-255
-248
-300
-260
-239
-296
-305
-330
-302
-176
-82
-74
-41
-47
-85
-42
-7
2
49
16
3
-47
-125
-199
-181
-170
-159
-190
-216
-243
-310
-330
-373
-320
-312
-316
-326
-279
-279
-224
-125
-95
-52
-81
-26
8
21
107
191
244
246
240
230
203
187
264
236
238
263
231
192
166
143
104
91
67
109
86
39
0
-2
-12
-22
21
77
95
117
135
162
181
232
246
239
274
245
252
213
204
186
139
128
88
39
-4
-79
-110
-141
-183
-185
-218
-243
-250
-272
-259
-206
-235
-197
-152
-124
-90
-54
-11
39
67
89
115
131
158
134
133
112
72
94
78
30
9
-35
-72
-121
-129
-86
-99
-128
-279
-278
-269
-263
-242
-171
-154
-130
-88
-133
-175
-158
-95
-21
47
113
132
135
99
48
39
83
150
236
243
194
125
70
7
-1
57
21
29
33
16
-34
-5
-19
37
80
102
88
93
111
98
211
274
298
279
298
291
280
275
268
228
272
282
287
247
144
143
102
80
75
15
-32
-49
-115
-169
-185
-171
-197
-182
-171
-126
-118
-106
-130
-81
-33
7
59
46
86
28
35
72
47
80
113
111
77
10
-57
-45
-60
18
23
-2
-46
-134
-138
-134
-125
-60
-14
13
7
-58
-73
-65
-40
48
103
178
211
207
187
119
125
165
242
250
246
227
161
143
99
64
65
-8
-10
-19
-64
-99
-119
-108
-96
-92
-101
-145
-97
-45
-65
-4
19
103
113
90
177
212
204
233
210
215
145
205
220
186
176
101
56
10
-31
-41
-54
-73
-173
-236
-234
-292
-286
-282
-252
-284
-305
-290
-265
-226
-187
-114
-58
-35
-18
-14
-18
13
49
79
116
132
70
66
45
4
28
60
45
55
-12
-119
-119
-145
-86
-70
-31
-109
-189
-207
-201
-155
-58
48
82
101
79
74
88
164
187
275
261
226
274
241
219
163
161
143
88
19
49
65
17
12
-23
-30
-29
-43
-57
-52
-31
13
48
60
58
49
37
83
157
175
164
187
194
182
217
218
243
257
253
217
172
118
55
18
-21
-32
-107
-95
-184
-180
-207
-244
-287
-301
-240
-247
-198
-181
-141
-117
-83
-35
-13
-5
27
48
74
48
66
35
3
-13
3
-6
-50
-20
-76
-104
-170
-200
-222
-194
-243
-302
-308
-290
-303
-299
-296
-217
-88
-106
-39
-17
26
110
141
205
234
273
339
367
322
394
397
377
389
359
303
215
193
113
97
133
154
109
64
36
19
37
58
97
62
51
33
46
130
145
206
288
296
301
267
323
326
302
329
345
322
289
256
188
142
53
18
20
-44
-86
-151
-218
-264
-305
-344
-322
-304
-289
-278
-300
-275
-239
-241
-181
-160
-131
-36
8
-23
-23
-6
-35
-5
2
-4
1
16
-24
-81
-123
-177
-239
-251
-247
-293
-286
-318
-338
-355
-298
-240
-198
-169
-111
-108
-61
-51
-11
89
148
186
190
171
141
155
225
243
264
257
242
206
162
180
153
160
143
134
51
-37
-20
-39
-25
-4
31
16
22
72
93
105
174
245
282
351
351
370
371
403
446
445
430
348
310
284
261
239
200
96
31
-5
-96
-164
-199
-211
-197
-260
-274
-278
-275
