-743
-684
-738
-716
-688
-633
-632
-591
-582
-518
-459
-446
-391
-366
-298
-285
-293
-275
-205
-149
-110
-103
-88
-32
8
21
25
49
64
69
82
115
107
76
73
156
84
113
127
82
103
95
127
125
139
124
138
113
104
120
120
127
122
135
151
140
173
155
157
194
193
216
225
244
253
305
326
360
384
350
392
437
485
480
510
522
502
499
460
403
361
405
397
386
307
311
290
208
145
128
63
27
9
-44
-89
-82
-119
-173
-199
-274
-335
-358
-385
-442
-475
-547
-550
-564
-595
-647
-695
-689
-695
-739
-760
-791
-833
-830
-868
-815
-852
-868
-843
-876
-869
-880
-920
-887
-895
-828
-862
-843
-794
-830
-798
-770
-736
-742
-694
-691
-601
-599
-564
-512
-489
-454
-413
-404
-377
-334
-304
-256
-221
-176
-200
-203
-144
-106
-112
-81
-61
-54
-41
-20
46
52
69
94
75
121
100
86
107
126
153
132
113
75
116
128
106
171
99
152
129
117
176
173
143
131
150
139
141
143
138
163
163
155
201
229
234
231
219
239
268
308
299
273
270
245
196
187
205
173
158
98
-7
-27
-10
87
110
153
150
107
91
22
14
-18
-53
-118
-163
-191
-249
-282
-282
-205
-227
-265
-371
-491
-578
-662
-636
-625
-601
-556
-674
-674
-723
-816
-783
-752
-679
-711
-691
-774
-696
-662
-706
-611
-580
-544
-557
-581
-523
-551
-480
-476
-536
-516
-518
-567
-490
-561
-584
-586
-506
-490
-471
-486
-440
-363
-234
-341
-374
-371
-249
-231
-213
-164
-237
-51
-133
-140
-96
-151
-2
-77
19
-26
52
76
-90
71
41
179
38
83
66
138
22
177
232
178
71
49
340
250
251
203
288
362
286
206
354
416
329
270
242
259
359
387
327
431
341
384
393
389
493
342
527
496
555
433
475
496
456
507
382
471
407
382
290
173
221
247
86
60
55
61
-87
-129
-227
-213
-221
-323
-395
-374
-359
-544
-561
-459
-539
-509
-770
-693
-686
-687
-749
-841
-781
-869
-947
-962
-863
-1027
-1008
-1209
-1192
-1166
-1249
-1191
-1236
-1257
-1408
-1337
-1103
-915
-646
-331
34
240
288
169
88
49
83
95
-93
-88
-297
-529
-585
-728
-405
-544
-554
-311
-544
-309
-238
-196
-71
83
-149
-317
-40
27
145
-88
-82
302
154
168
-38
135
293
203
483
306
383
343
210
228
291
482
272
289
363
440
325
251
398
458
521
385
352
378
303
10
-119
-60
-158
-377
-460
-221
-6
203
287
744
1136
1218
1394
1525
1497
1503
1371
1388
1289
1113
862
664
662
385
217
-35
-34
-22
-81
-116
-265
-388
-526
-495
-477
-498
-554
-674
-681
-724
-818
-732
-789
-835
-852
-918
-966
-999
-1010
-978
-1043
-1055
-995
-962
-922
-1062
-1156
-1117
-1099
-1076
-964
-996
-981
-1257
-1062
-973
-866
-725
-926
-958
-739
-773
-628
-588
-711
-752
-719
-578
-306
-648
-673
-679
-516
-488
-345
-178
-241
-432
-616
-126
-63
24
-313
-248
-104
-25
66
32
169
181
93
1
466
518
455
238
473
764
782
767
614
959
1011
848
764
755
975
797
563
745
848
894
912
1048
1132
1146
1189
1207
1580
1687
1630
1604
1529
1497
1374
1302
1368
1120
970
759
532
506
307
68
-200
-357
-417
-504
-577
-739
-933
-983
-1094
-966
-933
-943
-1123
-1155
-1000
-961
-921
-852
-876
-824
-785
-670
-708
-859
-919
-845
-571
-555
-585
-801
-802
-613
-611
-558
-498
-519
-541
-702
-705
-590
-588
-787
-938
-834
-711
-888
-1251
-1140
-924
-1068
-1219
-1193
-1061
-1061
-1273
-1094
-950
-1000
-1094
-1153
-874
-794
-740
-983
-839
-806
-499
-484
-511
-413
-328
-222
-115
99
144
68
25
325
330
433
310
360
374
399
410
448
739
725
676
674
974
1104
967
722
980
1402
1739
1380
1426
1710
1950
2029
1891
2036
2393
2488
2359
2420
2660
2747
2355
2145
1815
1654
1237
1094
888
667
261
-198
-556
-789
-1005
-1226
-1372
-1487
-1544
-1723
-1884
-1956
-1937
-1762
-1640
-1506
-1399
-1388
-1375
-1283
-1196
-1022
-759
-527
-423
-497
-500
-438
-374
-288
-148
-4
84
19
-80
-114
-134
-184
-192
-188
-219
-516
-822
-918
-827
-918
-1199
-1365
-1521
-1608
-1668
-1742
-1902
-1962
-1921
-1843
-1746
-1703
-1722
-1692
-1597
-1365
-1232
-1102
-1035
-916
-823
-627
-496
-396
-284
-230
-173
-68
132
136
178
154
273
457
363
230
234
465
680
833
856
985
1028
938
1099
1291
1626
1809
1703
1738
1675
1941
1971
2165
2316
2436
2597
2744
2975
3091
3264
3324
3393
3386
3046
2396
1620
1192
1266
1271
1025
302
-673
-1395
-1700
-1854
-1898
-2029
-2352
-2539
-2739
-2805
-2872
-2901
-2744
-2339
-1849
-1528
-1491
-1740
-1706
-1362
-748
-88
188
242
250
232
364
629
965
1186
1194
1246
1206
1059
835
675
533
534
510
349
-3
-772
-1199
-1457
-1542
-1572
-1844
-2192
-2534
-2746
-2865
-2928
-2934
-2847
-2589
-2399
-2263
-2185
-2128
-1879
-1612
-1227
-742
-482
-334
-299
-141
177
440
655
771
892
1037
1066
1134
1119
1167
1209
1214
1252
1263
1258
1166
1158
1221
1406
1480
1480
1477
1568
1734
1862
2039
2143
2302
2344
2530
2774
3031
3259
3450
3521
3549
3501
3300
2776
2057
1229
827
982
996
635
-471
-1715
-2417
-2563
-2490
-2390
-2584
-3001
-3169
-3296
-3278
-3184
-3033
-2589
-2133
-1706
-1304
-1205
-1305
-1224
-765
70
920
1245
1145
850
680
920
1282
1618
1723
1535
1313
1040
834
590
390
118
21
-149
-496
-952
-1649
-2214
-2485
-2543
-2485
-2572
-3005
-3409
-3690
-3692
-3449
-3243
-3011
-2845
-2661
-2372
-2085
-1779
-1460
-1045
-590
-131
210
288
401
547
772
1135
1390
1537
1368
1138
1073
1105
1194
1177
1173
1168
1198
1164
1164
1274
1338
1408
1554
1743
1932
2014
2101
2311
2481
2737
2935
3099
3283
3474
3757
3918
3999
3750
3288
2500
1610
705
238
335
350
-122
-1309
-2690
-3566
-3669
-3396
-3088
-3101
-3453
-3681
-3878
-3737
-3432
-2963
-2253
-1731
-1247
-808
-655
-525
-282
200
1070
1818
2172
2181
1826
1455
1458
1671
2016
2220
1955
1478
862
301
20
-133
-255
-574
-925
-1447
-2026
-2710
-3193
-3311
-3283
-2991
-3035
-3362
-3749
-3823
-3681
-3153
-2539
-2024
-1674
-1622
-1504
-1234
-795
-328
161
577
818
884
871
920
877
970
1190
1311
1240
1035
733
407
287
327
601
816
915
782
624
627
778
1231
1669
1982
2107
2235
2237
2445
2808
3187
3487
3748
3871
4083
4294
4273
4159
3897
3511
2751
1724
662
80
18
-149
-700
-1784
-3040
-3929
-4330
-4184
-3829
-3761
-3943
-4212
-4407
-4230
-3852
-3226
-2437
-1837
-1350
-924
-554
-257
18
469
1267
1962
2366
2427
2128
1787
1600
1713
1972
2074
1786
1284
498
-101
-483
-691
-839
-1112
-1516
-2124
-2731
-3341
-3560
-3562
-3411
-3183
-3166
-3320
-3424
-3412
-3121
-2591
-1991
-1401
-1042
-766
-617
-366
-45
372
844
1182
1357
1359
1224
995
930
968
1058
1111
1027
680
304
33
-102
41
276
550
732
738
696
826
1003
1368
1857
2207
2551
2668
2794
2950
3142
3409
3794
4107
4434
4548
4413
4192
3717
2860
1871
763
-23
-70
-85
-441
-1469
-3169
-4419
-4838
-4670
-3984
-3658
-3903
-4216
-4737
-4770
-4204
-3385
-2282
-1512
-1109
-708
-444
-168
244
637
1341
2152
2651
2818
2464
1809
1423
1437
1708
2032
1824
1226
392
-546
-1091
-1261
-1351
-1348
-1646
-2191
-2815
-3327
-3784
-3881
-3637
-3230
-2736
-2741
-2847
-2923
-2862
-2324
-1636
-937
-247
-81
-61
21
137
629
1021
1306
1487
1275
1132
883
661
589
681
695
554
331
-83
-490
-703
-729
-461
-92
263
498
545
596
726
1093
1662
2275
2810
3167
3277
3357
3449
3699
4098
4388
4563
4645
4603
4526
4251
3707
2766
1472
277
-504
-552
-585
-1060
-2199
-3950
-5176
-5667
-5387
-4551
-4112
-4189
-4609
-5170
-4945
-4200
-3232
-2124
-1369
-797
-386
-58
331
781
1254
1976
2710
3113
3138
2751
2130
1642
1552
1705
1856
1568
852
-83
-1105
-1634
-1839
-1974
-2028
-2437
-2879
-3360
-3958
-4142
-4149
-3802
-3248
-2893
-2550
-2497
-2485
-2245
-1751
-961
-121
425
635
642
717
848
1064
1444
1678
1752
1601
1162
754
468
331
311
337
86
-306
-686
-1131
-1322
-1246
-960
-602
-394
-159
37
312
652
1120
1812
2459
2953
3234
3356
3575
3763
4074
4432
4634
4791
4795
4776
4721
4580
4289
3715
2592
1253
-121
-873
-938
-1086
-1611
-2828
-4399
-5472
-5903
-5711
-5041
-4626
-4578
-4799
-5100
-4916
-4199
-3178
-1995
-1165
-590
-82
315
643
1080
1602
2205
2801
3116
3181
2846
2167
1566
1189
1210
1290
1073
485
-518
-1549
-2264
-2528
-2495
-2426
-2650
-3143
-3662
-4041
-4190
-4007
-3735
-3151
-2553
-2280
-2010
-1921
-1814
-1313
-736
35
708
908
1003
899
829
995
1223
1498
1573
1298
962
465
99
-53
-192
-242
-293
-551
-959
-1252
-1484
-1470
-1240
-816
-385
-155
86
348
684
1228
1821
2463
3021
3307
3546
3748
4012
4316
4545
4756
4893
4895
4839
4785
4726
4547
4176
3378
1985
507
-839
-1271
-1212
-1356
-1946
-3409
-5042
-6063
-6289
-5654
-4762
-4351
-4328
-4702
-4835
-4378
-3549
-2329
-1273
-503
210
647
865
1119
1399
1954
2661
3219
3505
3307
2551
1632
978
764
1053
1170
771
-73
-1318
-2320
-2848
-2965
-2794
-2667
-2881
-3375
-3877
-4234
-4187
-3875
-3400
-2747
-2293
-1955
-1685
-1699
-1501
-1067
-494
300
808
1032
918
639
543
595
926
1183
1202
938
427
-39
-460
-586
-596
-560
-534
-802
-1081
-1317
-1383
-1287
-893
-306
220
654
904
1048
1414
1931
2546
3314
3779
4023
4058
3995
4067
4274
4581
4888
4958
4751
4544
4331
4145
3926
3075
1746
230
-1048
-1279
-1201
-1407
-2057
-3616
-5075
-5832
-6000
-5135
-4292
-4006
-3998
-4359
-4449
-3970
-3087
-1892
-805
-96
444
674
814
1155
1521
2008
2597
2944
3150
2964
2205
1369
756
581
777
846
532
-269
-1501
-2457
-2927
-2909
-2558
-2383
-2560
-3025
-3548
-3779
-3600
-3262
-2737
-2358
-1871
-1475
-1318
-1100
-1105
-938
-452
48
614
962
879
554
156
13
168
569
777
598
153
-424
-900
-1064
-915
-720
-606
-762
-1049
-1150
-1134
-995
-580
-101
357
841
1190
1465
1667
1981
2488
3027
3603
3965
3919
3714
3564
3615
3918
4212
4387
4368
4142
3913
3659
3522
2967
1841
456
-967
-1328
-1153
-1193
-1547
-2868
-4379
-5253
-5567
-4824
-3885
-3434
-3408
-3849
-4039
-3722
-2847
-1717
-740
-54
425
725
858
1087
1336
1734
2315
2656
2888
2862
2188
1372
652
330
555
759
660
67
-1071
-2064
-2616
-2557
-2163
-1909
-1995
-2416
-2941
-3193
-3133
-2832
-2377
-2005
-1568
-1236
-1086
-943
-1084
-1131
-822
-336
341
675
596
219
-325
-519
-252
200
557
472
19
-494
-928
-1001
-816
-656
-449
-487
-742
-935
-1018
-915
-579
-82
490
971
1294
1493
1526
1793
2246
2784
3354
3659
3623
3442
3232
3239
3560
3857
4060
4149
3947
3650
3548
3470
3278
2404
1076
-254
-1076
-977
-836
-1045
-1919
-3434
-4551
-5160
-4920
-3952
-3350
-3122
-3482
-3962
-3778
-3104
-2174
-1258
-524
116
511
751
939
1134
1412
1829
2463
2971
3178
2743
1858
1083
727
925
1287
1266
783
-152
-1221
-1803
-1949
-1700
-1543
-1690
-2044
-2480
-2806
-2904
-2906
-2746
-2410
-2082
-1600
-1361
-1337
-1376
-1591
-1447
-982
-325
181
180
-66
-540
-715
-472
-53
416
530
313
-112
-596
-764
-692
-446
-195
-119
-303
-499
-593
-642
-387
39
512
988
1236
1341
1485
1576
1921
2471
2961
3393
3439
3156
2912
2748
2955
3454
3861
4039
3767
3349
3120
3086
3010
2304
1117
-187
-882
-797
-757
-932
-1915
-3363
-4406
-4972
-4512
-3674
-3388
-3389
-3890
-4255
-3925
-3282
-2430
-1646
-1104
-623
-145
107
429
748
1027
1559
2147
2587
2803
2434
1741
1208
975
1241
1560
1546
1087
196
-609
-1086
-1125
-965
-964
-1152
-1597
-2068
-2330
-2459
-2458
-2429
-2319
-2121
-1927
-1743
-1734
-1794
-1809
-1781
-1397
-869
-412
-187
-409
-623
-621
-404
102
504
594
487
259
8
-48
-11
70
144
119
26
1
-184
-263
-201
-18
347
702
1055
1208
1253
1299
1494
2038
2465
2866
3005
2788
2714
2577
2757
3093
3256
3448
3497
3445
3623
3579
3521
2945
1770
635
-156
-257
-232
-465
-1162
-2207
-3254
-4108
-4257
-3882
-3539
-3399
-3638
-3740
-3773
-3659
-3210
-2688
-1915
-1179
-625
-286
-174
-6
218
690
1494
2198
2621
2432
1846
1358
1095
1311
1665
1809
1617
943
232
-309
-573
-618
-693
-800
-1103
-1547
-1853
-2265
-2477
-2602
-2571
-2427
-2339
-2336
-2369
-2454
-2583
-2404
-2122
-1774
-1355
-1108
-970
-977
-953
-615
-290
154
502
633
667
534
368
355
450
680
796
770
681
405
180
186
340
589
775
877
960
1081
1101
1197
1411
1649
2003
2290
2450
2426
2230
2075
2212
2520
2958
3296
3362
3406
3471
3532
3610
3115
2239
1111
382
460
622
474
-311
-1718
-2948
-3690
-3646
-3090
-2800
-2925
-3611
-4155
-4251
-4024
-3398
-2734
-2227
-1799
-1568
-1401
-1151
-805
-406
113
861
1581
1904
1757
1282
938
1093
1635
2195
2318
1985
1280
578
245
324
508
390
-44
-647
-1170
-1597
-1841
-2029
-2338
-2566
-2726
-2821
-2918
-3047
-3293
-3428
-3302
-2956
-2507
-2249
-2110
-2089
-1950
-1581
-1004
-411
25
217
356
408
517
727
893
1011
1128
1082
1056
978
819
727
718
775
915
978
1054
1117
974
1000
1141
1430
1700
1875
1919
1806
1839
1857
1945
2120
2328
2475
2608
2773
2972
3180
3461
3631
3610
3240
2412
1466
777
752
852
733
189
-910
-2082
-2977
-3199
-2873
-2772
-2893
-3359
-3842
-3864
-3763
-3399
-3063
-2746
-2400
-2098
-1638
-1241
-1089
-881
-538
81
779
1285
1465
1336
1155
1139
1479
1883
2118
2042
1597
1196
971
803
712
403
45
-318
-703
-932
-1266
-1693
-2215
-2677
-2853
-2958
-2992
-3126
-3503
-3772
-3933
-3795
-3426
-3068
-2677
-2502
-2296
-1940
-1480
-893
-471
-119
153
277
550
735
920
997
1008
1076
1146
1259
1141
1026
939
867
988
1114
1176
1199
1038
956
976
1209
1394
1379
1383
1294
1299
1472
1623
1796
1874
1831
1904
2006
2189
2376
2516
2609
2892
3227
3521
3373
2782
1880
1028
1048
1280
1523
1373
374
-748
-1860
-2388
-2259
-2074
-1858
-2157
-2547
-2958
-3328
-3141
-3073
-2737
-2201
-1774
-1336
-1251
-1415
-1421
-1214
-545
313
1042
1397
1151
826
589
800
1162
1574
1741
1501
1111
726
522
316
130
-112
-276
-460
-595
-862
-1475
-2193
-2723
-2971
-2783
-2532
-2560
-2841
-3445
-3852
-3764
-3343
-2636
-2201
-1915
-1859
-1911
-1639
-1285
-750
-410
-42
299
483
582
561
499
582
786
1093
1326
1248
999
642
569
671
954
1187
1177
948
664
483
511
695
905
1092
1140
1077
962
929
995
1160
1425
1589
1682
1666
1644
1593
1553
1708
1959
2257
2513
2636
2703
2733
2417
2046
1448
1099
1066
1031
1187
910
243
-527
-1223
-1375
-1232
-1074
-1018
-1326
-1569
-1968
-2251
-2083
-1905
-1611
-1409
-1209
-1091
-1068
-1060
-1029
-897
-566
-219
126
221
-46
-317
-451
-365
-113
49
97
-8
-273
-486
-607
-602
-590
-655
-817
-1026
-1228
-1410
-1580
-1667
-1756
-1736
-1698
-1720
-1663
-1776
-1806
-1874
-1831
-1602
-1453
-1289
-1177
-1148
-1100
-1046
-873
-695
-445
-267
-229
-160
-113
-9
45
69
134
221
327
343
418
335
428
359
468
686
739
770
504
551
658
787
977
939
889
735
604
785
825
954
827
746
544
577
740
748
810
609
673
676
732
747
856
1098
1258
1439
1713
1933
2178
2362
2388
2407
2278
2259
2203
2260
2177
1912
1800
1542
1218
950
655
408
95
-141
-290
-536
-808
-1078
-1406
-1620
-1736
-1851
-1830
-1861
-1895
-2028
-2147
-2181
-2035
-1835
-1676
-1508
-1416
-1382
-1290
-1141
-1011
-781
-664
-413
-208
-192
-251
-384
-529
-595
-423
-301
-327
-456
-749
-944
-1116
-1124
-1030
-976
-1054
-1179
-1297
-1381
-1335
-1369
-1262
-1119
-1090
-996
-934
-910
-901
-847
-691
-603
-344
-321
-223
-208
-231
-144
93
237
338
333
277
339
282
450
462
522
524
433
416
439
421
495
534
487
426
312
269
308
334
407
367
395
474
413
572
667
810
963
1099
1221
1248
1315
1472
1751
1899
2067
2195
2280
2347
2353
2399
2362
2314
2073
1918
1686
1437
1204
907
624
321
29
-258
-602
-838
-1032
-1202
-1252
-1372
-1480
-1578
-1692
-1712
-1730
-1575
-1484
-1368
-1166
-1025
-888
-834
-782
-742
-715
-687
-605
-498
-582
-655
-780
-1022
-885
-1019
-770
-963
-999
-1182
-1307
-1234
-1269
-1091
-1110
-1130
-1146
-1125
-940
-926
-802
-753
-732
-557
-686
-420
-591
-335
-437
-337
-197
-348
-339
-448
-360
-427
-248
-303
-339
-391
-466
-400
-403
-295
-367
-237
-279
-445
-189
-154
147
317
241
558
266
566
506
788
994
961
1173
1036
1185
1151
1226
1320
1380
1441
1402
1196
1204
935
949
899
780
884
599
585
262
207
22
35
100
-42
44
-124
11
-15
150
327
476
588
650
724
756
949
964
1120
1132
1204
1152
1152
963
783
726
601
559
419
287
128
-14
-305
-469
-647
-759
-840
-1046
-1139
-1314
-1295
-1444
-1494
-1499
-1556
-1564
-1638
-1531
-1412
-1330
-1273
-1202
-1200
-1151
-1021
-916
-781
-681
-617
-563
-535
-519
-473
-482
-509
-543
-634
-714
-772
-839
-907
-1045
-1072
-1108
-1192
-1204
-1344
-1337
-1389
-1239
-1163
-1014
-976
-883
-699
-636
-450
-280
-61
112
308
385
641
640
787
944
1112
1221
1247
1258
1129
1099
1017
1040
994
878
755
503
384
212
5
-93
-297
-410
-598
-725
-740
-904
-853
-922
-769
-688
-654
-480
-474
-263
-181
73
282
569
819
825
989
983
1183
1263
1377
1493
1360
1309
1148
1212
1080
1047
925
800
636
382
284
127
74
-101
-109
-255
-402
-572
-695
-694
-635
-581
-557
-496
-475
-498
-432
-369
-230
-183
-108
9
-13
104
54
130
101
13
-61
-188
-224
-330
-297
-417
-536
-718
-922
-904
-1057
-1018
-1045
-1091
-1138
-1207
-1214
-1227
-1197
-1115
-978
-830
-717
-685
-573
-506
-344
-252
11
152
307
373
432
467
506
632
603
582
575
610
485
331
341
176
154
2
-111
-287
-379
-526
-494
-657
-647
-747
-733
-806
-734
-682
-606
-458
-490
-240
-295
-3
-29
258
106
251
154
355
425
492
494
391
364
333
399
392
384
242
223
-6
28
-50
4
-85
-94
-210
-355
-380
-406
-366
-286
-191
-203
-287
-184
-283
-202
-201
-43
0
101
137
144
61
32
73
87
189
199
259
111
145
-28
46
-37
-15
-38
-39
-92
-215
-269
-342
-408
-345
-329
-227
-336
-299
-444
-435
-467
-414
-286
-300
-147
-278
-126
-244
-54
-160
-69
-161
-44
-5
-77
-22
-166
-111
-185
-56
-181
-24
-314
-263
-329
-374
-298
-387
-267
-443
-314
-488
-308
-450
-243
-309
-156
-185
-139
-37
5
107
33
132
108
217
195
201
103
69
95
80
145
7
103
-115
75
-113
8
-150
-144
-165
-228
-171
-339
-160
-528
-151
-466
-190
-355
-262
-300
-413
-249
-416
-95
-330
-28
-301
-94
-165
-111
-145
-93
-45
-90
-47
-71
-43
-75
-122
-138
-220
-155
-40
-16
-35
-78
-163
-151
-156
-167
-58
-122
-39
-188
-84
-239
-144
-181
-59
-42
30
-42
-63
-104
-124
-26
-19
-14
-1
-76
-45
-153
-189
-244
-243
-206
-239
-224
-347
-412
-512
-516
-595
-563
-541
-479
-470
-476
-549
-492
-435
-419
-181
-239
-55
-113
4
-40
100
100
74
245
42
287
87
357
27
225
-7
95
13
-90
-35
-128
-99
-231
-135
-298
-161
-228
-188
-230
-183
-234
-66
-195
-168
-282
-305
-235
-169
-152
-106
-224
-251
-260
-41
-197
40
-142
-21
-115
-44
-50
-67
18
-100
38
-120
-109
-209
-153
-221
-68
-260
-12
-193
-91
-230
-102
-276
-52
-136
-136
8
-143
44
-151
23
-59
92
121
69
177
-41
-44
-242
60
-111
178
-150
-5
-275
-275
-239
-302
-104
-425
-146
-525
-227
-599
-375
-608
-403
-465
-271
-382
-372
-369
-387
-122
-188
47
-117
134
-75
22
-6
31
57
-61
162
-101
75
-151
-59
-107
-171
-109
-213
-109
-450
-178
-421
-225
-324
-413
-399
-494
-426
-360
-226
-158
-210
-92
-239
-33
-209
24
-169
87
-173
124
-75
186
101
136
297
56
278
-32
328
-217
329
-108
228
47
-120
-156
-374
-188
-407
-47
-429
-174
-388
-294
-151
-258
-48
-63
-56
63
-145
38
-51
86
69
150
105
138
232
16
358
-87
266
-17
109
70
-83
-164
-362
-303
-452
-276
-434
-492
-635
-733
-762
-887
-657
-836
-661
-691
-689
-553
-643
-322
-514
-165
-508
-81
-263
63
-124
-45
147
-169
205
-184
212
-131
102
-60
151
100
-82
-60
-433
-143
-518
-137
-308
-278
-389
-417
-500
-651
-453
-557
-311
-398
-257
-452
-398
-563
-260
-262
-50
-69
4
30
-26
133
150
395
200
324
295
260
280
227
406
285
356
198
155
108
-83
147
-198
124
-336
21
-355
-243
-313
-320
-110
-356
-81
-266
-60
-281
-23
-25
20
121
163
235
207
230
308
200
403
238
431
318
295
171
193
128
128
86
52
-21
-149
-199
-194
-283
-288
-455
-414
-446
-462
-378
-450
-328
-411
-225
-225
-179
-308
-25
-264
-2
-160
122
-112
-49
-88
-162
-15
-78
-10
-231
-20
-214
-154
-245
-235
-170
-282
-273
-374
-439
-402
-494
-317
-520
-272
-557
-358
-432
-288
-228
-167
-42
-118
-88
-129
87
-34
246
140
250
239
187
226
261
384
350
373
251
153
183
-38
235
-16
233
-157
27
-226
-238
-196
-246
-90
-308
-10
-275
23
-414
107
-253
151
35
184
71
32
18
3
157
65
321
-16
208
-98
171
-173
79
-70
78
-68
-43
-233
-297
-280
-403
-194
-240
-267
-388
-477
-355
-257
-40
-123
64
-58
-58
44
-29
77
53
299
61
271
70
212
-78
80
37
165
177
116
-36
-125
-234
-187
-78
-149
-162
-421
-393
-533
-611
-772
-540
-629
-334
-542
-562
-573
-589
-494
-366
-198
-267
-135
-255
-150
-154
-52
-11
165
55
106
129
124
188
84
171
162
183
102
140
-3
34
-24
-105
103
-172
-1
-285
-168
-285
-293
-152
-370
-41
-296
-18
-144
66
48
87
74
-44
191
151
152
135
72
121
3
122
-135
137
-152
96
-109
-80
-138
-157
-261
-308
-253
-366
-98
-494
-226
-448
-413
-568
-319
-334
-142
-457
-209
-221
-195
-143
-183
36
-150
64
-2
123
-39
18
-93
320
86
115
111
-173
-120
-308
-24
-65
-124
-203
-113
-431
-327
-228
-306
4
-364
-251
-381
-320
-428
-241
-252
-267
-188
-156
-39
-173
-98
-109
38
9
200
263
87
93
194
33
348
209
293
153
184
44
155
90
98
212
-21
193
-62
1
-94
23
-143
-10
-21
-27
-18
62
-62
54
-51
-47
186
30
145
29
124
111
21
132
141
203
128
297
193
137
44
85
152
-63
215
-103
129
-124
-24
-117
-201
-104
-152
20
-214
-42
-374
-193
-311
-193
-201
-156
-262
-247
-77
-153
-153
20
-197
-117
-134
44
60
-82
-33
-175
-109
-127
65
-104
92
-198
-118
-198
-75
-153
-237
-94
-358
-154
-290
-131
-325
-110
-211
-72
-137
-74
-54
-88
179
36
273
213
227
145
282
107
336
308
219
195
51
179
153
27
77
-81
-54
-80
-93
-118
-236
-323
-328
-298
-338
-338
-400
-347
-344
-317
-236
-210
-267
-336
-212
-258
-237
-277
-125
-240
-184
-250
-4
-26
-21
54
73
29
70
24
200
144
-1
141
-78
65
-74
48
-153
18
-211
-63
-30
-162
-183
-374
-200
-284
18
-218
-179
-302
-309
-295
-79
-3
-151
-189
-387
-177
-172
-70
-274
-287
-285
-313
15
-86
-150
-372
-463
-350
-83
-143
-171
-315
-564
-382
-366
-276
-222
-319
-399
-245
-227
-254
-213
-259
-251
-186
-40
-80
-156
-40
-134
138
114
201
170
139
208
213
229
166
387
186
359
238
146
54
139
161
118
85
-179
-221
-254
-104
-116
-121
-318
-244
-234
-195
-225
-295
-366
-252
-161
-64
-50
-329
-166
-137
-20
88
10
-80
-23
-19
151
269
57
73
123
173
271
313
15
31
52
-36
13
-58
-231
-414
-335
-275
-219
-501
-412
-559
-358
-537
-447
-475
-532
-389
-454
-242
-466
-370
-465
-173
-236
-242
-190
-250
-190
-230
-82
-39
16
-29
-88
22
-43
-31
-30
180
129
127
-41
-13
94
114
310
220
223
66
192
182
252
336
263
460
369
393
309
415
339
418
624
600
528
348
451
403
476
453
435
384
316
239
206
180
119
132
84
133
-107
-334
-388
-470
-402
-486
-487
-644
-784
-825
-830
-861
-945
-944
-933
-828
-864
-828
-919
-957
-942
-920
-848
-789
-879
-947
-994
-911
-774
-692
-722
-690
-609
-676
-682
-658
-611
-542
-580
-655
-585
-504
-560
-569
-541
-509
-437
-224
-192
-192
-388
-259
12
229
380
343
476
417
589
684
951
982
970
1078
1177
1375
1390
1579
1862
2154
2324
2549
2536
2562
2481
2361
2272
2026
1871
1621
1461
1140
637
200
-136
-476
-709
-948
-1279
-1543
-1952
-2179
-2189
-2288
-2286
-2261
-2213
-2189
-2194
-2100
-1905
-1730
-1480
-1302
-986
-739
-651
-563
-520
-381
-305
-105
79
94
-55
-202
-277
-277
-228
-334
-433
-633
-865
-985
-1092
-1139
-1284
-1401
-1478
-1613
-1710
-1784
-1781
-1655
-1627
-1611
-1555
-1470
-1336
-1156
-921
-733
-595
-364
-144
120
270
426
648
863
1141
1311
1490
1488
1588
1854
1976
2113
2159
2094
2059
2209
2509
2814
3120
3217
3411
3645
3922
3782
3229
2542
1876
1970
2200
2169
1394
300
-797
-1309
-1370
-1350
-1457
-2093
-2691
-3115
-3233
-3193
-3179
-3268
-3034
-2805
-2621
-2594
-2719
-2649
-2236
-1590
-853
-485
-597
-762
-781
-339
307
779
941
758
528
480
604
839
876
870
744
548
414
171
-38
-217
-304
-372
-477
-885
-1312
-1699
-1880
-1722
-1655
-1755
-2177
-2422
-2531
-2313
-1985
-1720
-1630
-1669
-1578
-1459
-1167
-867
-517
-211
89
261
341
404
599
948
1296
1606
1710
1606
1579
1778
2038
2322
2443
2410
2263
2235
2445
2660
2879
3077
3313
3625
3912
4131
4313
4232
3635
2929
2218
2191
2592
2333
1743
627
-559
-1200
-1424
-1520
-1532
-2167
-2881
-3368
-3758
-3619
-3673
-3535
-3194
-2994
-2822
-2986
-3100
-2793
-2233
-1525
-796
-530
-638
-889
-765
-206
458
824
869
780
450
387
481
729
896
798
636
362
11
-287
-425
-446
-369
-524
-808
-1266
-1857
-2083
-2108
-2018
-1981
-2177
-2547
-2798
-2950
-2812
-2403
-2096
-2009
-2040
-1976
-1910
-1586
-1182
-662
-330
-214
-165
-94
106
416
752
1123
1332
1285
1354
1424
1635
1812
2110
2326
2356
2273
2253
2321
2479
2755
2954
3254
3472
3707
4029
4414
4799
5015
4566
3580
2617
2231
2766
3057
2525
1402
-276
-1244
-1518
-1515
-1323
-1879
-2747
-3482
-3918
-3971
-3844
-3783
-3455
-3196
-3076
-3227
-3383
-3219
-2498
-1657
-723
-258
-473
-731
-702
-35
814
1311
1421
1239
862
806
801
1132
1349
1308
1113
702
194
-184
-416
-371
-229
-420
-943
-1754
-2340
-2485
-2429
-2303
-2398
-2822
-3314
-3576
-3503
-3246
-2816
-2600
-2526
-2485
-2426
-2159
-1754
-1237
-735
-343
-182
-70
17
237
723
1172
1467
1588
1500
1431
1562
1762
2116
2312
2320
2277
2160
2144
2294
2404
2572
2792
3027
3322
3626
3980
4460
4805
5113
4810
3914
3033
2573
3249
3627
3096
1929
168
-816
-980
-921
-659
-1175
-2324
-3306
-3826
-3664
-3381
-3339
-3131
-3020
-3094
-3256
-3449
-3164
-2426
-1641
-888
-590
-918
-1185
-1050
-225
841
1253
1166
798
494
561
865
1409
1707
1496
1169
657
367
239
233
345
254
-75
-813
-1585
-2019
-2096
-1999
-1995
-2336
-3003
-3529
-3748
-3516
-3103
-2870
-2763
-2923
-3034
-2757
-2424
-1830
-1477
-1223
-850
-689
-545
-323
0
472
849
1087
1111
996
1034
1275
1614
1920
1934
1826
1714
1666
1756
2023
2230
2389
2530
2668
2960
3335
3761
4311
4731
5100
4959
4069
3229
2556
3047
3762
3470
2311
537
-797
-993
-793
-479
-734
-1991
-3148
-3875
-3723
-3189
-3083
-3042
-3010
-3163
-3263
-3384
-3084
-2423
-1581
-960
-694
-924
-1217
-1125
-419
649
1175
1024
546
176
320
855
1314
1667
1456
1017
521
241
345
412
476
431
27
-670
-1399
-1785
-1869
-1664
-1659
-2040
-2799
-3518
-3771
-3620
-3091
-2808
-2888
-3224
-3477
-3232
-2731
-2101
-1654
-1504
-1314
-1151
-839
-452
-36
358
668
797
908
978
1118
1411
1731
2009
2080
2002
1925
1884
2099
2375
2599
2710
2768
2881
3130
3656
4158
4629
4982
5223
5200
4338
3366
2502
2710
3550
3433
2285
360
-1251
-1616
-1361
-997
-1088
-2372
-3793
-4590
-4469
-3699
-3261
-3237
-3412
-3705
-3761
-3635
-3230
-2459
-1663
-1151
-862
-919
-1059
-897
-299
666
1343
1319
849
322
387
898
1463
1781
1607
1058
438
148
337
668
767
507
41
-504
-1093
-1354
-1409
-1249
-1221
-1590
-2198
-2840
-3159
-3051
-2643
-2263
-2384
-2720
-3040
-3040
-2538
-1901
-1463
-1343
-1329
-1186
-923
-562
-72
264
481
535
558
730
867
1172
1446
1619
1777
1682
1610
1687
1878
2203
2490
2609
2661
2640
2761
3276
3880
4421
4864
5133
5282
5094
4270
3376
2617
2997
3557
3338
2125
26
-1388
-1696
-1420
-963
-1244
-2529
-3973
-4890
-4723
-3738
-3107
-3100
-3570
-4008
-4030
-3586
-2915
-2107
-1463
-1259
-1085
-1067
-864
-349
105
715
1176
1254
1071
682
662
962
1413
1798
1692
1223
498
11
12
431
793
672
-55
-1045
-1623
-1758
-1484
-1148
-1275
-1872
-2656
-3186
-3257
-2987
-2579
-2340
-2402
-2684
-2935
-2892
-2534
-1919
-1337
-982
-862
-920
-871
-549
6
564
965
996
816
725
848
1212
1664
1885
1878
1710
1530
1565
1800
2150
2278
2326
2288
2397
2554
2954
3461
3934
4385
4681
4840
4764
4137
3284
2554
2562
3049
3101
2336
725
-909
-1713
-1750
-1319
-1138
-1705
-2968
-4336
-4807
-4183
-3109
-2560
-2730
-3425
-4021
-3940
-3169
-2145
-1274
-991
-1227
-1460
-1305
-689
-3
449
583
638
676
627
598
528
732
1033
1284
1240
783
276
-150
-154
192
554
446
-275
-1236
-1775
-1726
-1375
-1125
-1252
-1821
-2606
-3241
-3328
-2953
-2460
-2221
-2345
-2732
-3092
-3049
-2548
-1799
-1125
-763
-833
-1032
-1036
-562
86
723
1000
1038
915
855
979
1313
1806
2108
2226
1975
1745
1799
2022
2316
2671
2952
3015
2996
3010
3305
3914
4558
5045
5243
5092
4366
3381
2508
2367
2828
3093
2746
1407
-288
-1681
-2291
-1981
-1318
-1119
-1948
-3430
-4683
-4907
-4123
-2929
-2224
-2366
-3114
-3827
-3763
-2982
-1754
-795
-581
-826
-1106
-961
-570
-68
290
600
739
795
710
437
476
529
718
979
1065
928
538
6
-212
-86
149
232
-120
-547
-1088
-1494
-1638
-1635
-1539
-1615
-2003
-2572
-3058
-3225
-2968
-2643
-2396
-2478
-2664
-2762
-2567
-2077
-1524
-1143
-1013
-906
-709
-320
120
488
716
788
974
1260
1617
1835
1989
2034
1980
2072
2238
2397
2498
2528
2504
2598
2706
2826
3136
3529
3961
4349
4638
4787
4693
4212
3407
2634
2350
2477
2774
2603
1674
388
-957
-1820
-1918
-1599
-1248
-1474
-2330
-3258
-3914
-3827
-3324
-2867
-2564
-2534
-2655
-2747
-2686
-2397
-1958
-1616
-1238
-850
-568
-381
-317
-337
-274
-121
118
315
433
449
311
146
-79
-59
0
125
239
127
-112
-404
-547
-599
-527
-558
-722
-959
-1276
-1474
-1665
-1857
-2091
-2262
-2212
-2154
-2140
-2306
-2519
-2705
-2553
-2209
-1680
-1310
-1164
-1102
-1062
-838
-434
63
367
547
703
801
948
1166
1361
1638
1801
1868
1779
1779
1822
1866
2031
2079
2030
1944
1866
1954
2281
2675
3032
3341
3599
3755
3727
3441
3032
2570
2342
2216
2109
2009
1698
1233
627
49
-405
-698
-972
-1248
-1515
-1800
-1883
-2031
-2063
-2094
-2183
-2312
-2452
-2452
-2281
-1957
-1708
-1528
-1562
-1568
-1470
-1321
-1128
-1041
-1061
-1121
-1087
-901
-639
-451
-471
-662
-854
-806
-619
-450
-341
-398
-441
-396
-355
-275
-264
-252
-263
-316
-369
-425
-536
-683
-757
-829
-842
-939
-1073
-1214
-1267
-1200
-1103
-929
-925
-979
-908
-853
-701
-450
-252
-210
-113
-152
-163
-169
-33
266
443
522
372
269
194
317
569
920
989
837
622
538
675
1010
1377
1545
1576
1619
1793
2120
2728
3268
3511
3367
2953
2587
2418
2351
2408
2396
2159
1771
1398
1045
847
671
433
48
-387
-731
-992
-1092
-1055
-1056
-1072
-1147
-1308
-1513
-1675
-1687
-1636
-1478
-1470
-1475
-1554
-1631
-1691
-1604
-1342
-1211
-1190
-1269
-1376
-1341
-1217
-1039
-854
-792
-844
-906
-954
-851
-667
-471
-410
-486
-560
-593
-488
-326
-266
-270
-242
-276
-394
-443
-500
-515
-495
-549
-602
-736
-819
-765
-711
-620
-587
-633
-655
-706
-672
-642
-624
-585
-532
-465
-441
-411
-422
-354
-222
-3
172
282
204
220
327
593
876
1034
1082
991
981
1188
1733
2213
2607
2776
2779
2767
2868
3006
3081
2982
2724
2414
2159
1981
1888
1864
1648
1338
920
515
230
42
-117
-250
-431
-682
-943
-1117
-1260
-1308
-1242
-1243
-1303
-1475
-1675
-1834
-1917
-1832
-1669
-1453
-1422
-1549
-1674
-1643
-1526
-1359
-1168
-1057
-1089
-1181
-1269
-1247
-1065
-879
-745
-750
-887
-997
-1050
-988
-837
-666
-489
-502
-579
-605
-531
-354
-226
-207
-194
-326
-477
-472
-407
-314
-290
-274
-273
-309
-408
-434
-427
-374
-290
-252
-294
-337
-421
-396
-321
-238
-155
-128
-103
-92
-61
46
225
382
433
442
465
570
752
994
1256
1517
1681
1797
2055
2395
2887
3204
3254
3111
2840
2709
2601
2583
2571
2422
2049
1679
1377
1184
1124
885
685
324
-157
-513
-731
-872
-854
-846
-1009
-1212
-1489
-1620
-1663
-1585
-1457
-1494
-1625
-1769
-1843
-1729
-1483
-1292
-1214
-1296
-1344
-1298
-1279
-1203
-1067
-938
-814
-746
-617
-522
-420
-442
-462
-435
-441
-368
-358
-314
-249
-112
-15
44
137
143
198
210
198
194
165
163
177
132
90
-54
-92
-89
-157
-146
-232
-297
-379
-413
-459
-540
-589
-597
-610
-731
-775
-736
-631
-524
-406
-417
-472
-400
-245
-34
228
338
424
442
574
812
1153
1501
1768
2006
2163
2481
2778
3019
3123
3105
2827
2590
2517
2428
2256
2026
1778
1491
1228
979
751
530
258
-61
-374
-674
-959
-1073
-1146
-1194
-1214
-1311
-1434
-1570
-1558
-1554
-1505
-1530
-1539
-1468
-1371
-1304
-1316
-1228
-1177
-1059
-1030
-1018
-1013
-976
-873
-849
-769
-620
-534
-466
-425
-363
-366
-371
-314
-171
-6
87
51
5
38
126
257
379
390
270
94
-10
41
43
3
-73
-206
-328
-420
-547
-675
-792
-862
-830
-783
-821
-959
-1107
-1132
-1013
-890
-800
-815
-869
-911
-864
-687
-444
-293
-210
-103
14
143
307
412
516
698
855
1035
1275
1451
1711
2004
2317
2601
2857
3024
3052
2990
2772
2591
2402
2277
2113
1916
1683
1348
984
734
567
339
-4
-437
-830
-1099
-1219
-1272
-1304
-1430
-1617
-1812
-1855
-1794
-1757
-1685
-1725
-1787
-1761
-1655
-1508
-1292
-1151
-1097
-1100
-1125
-1061
-893
-740
-537
-356
-254
-215
-143
12
174
399
453
442
396
438
533
604
588
537
520
447
470
431
296
205
13
-131
-202
-342
-438
-628
-821
-939
-1074
-1072
-1093
-1210
-1377
-1459
-1482
-1361
-1247
-1226
-1189
-1242
-1143
-974
-753
-578
-524
-474
-401
-269
-40
144
304
447
535
586
646
816
1027
1173
1240
1243
1375
1644
1947
2242
2576
2818
2989
3087
3099
2950
2716
2525
2303
2199
2042
1820
1514
1262
944
666
477
154
-161
-553
-947
-1191
-1337
-1306
-1276
-1306
-1440
-1658
-1856
-1973
-1925
-1786
-1740
-1744
-1676
-1638
-1542
-1343
-1190
-1048
-975
-1016
-929
-842
-581
-267
-63
31
78
137
288
481
638
789
869
848
777
764
806
761
624
511
449
423
382
266
60
-150
-377
-515
-604
-744
-802
-967
-1063
-1142
-1227
-1292
-1343
-1403
-1417
-1381
-1430
-1249
-1140
-980
-823
-755
-692
-617
-459
-309
-166
-131
-53
108
295
490
592
648
702
720
812
1009
1240
1346
1481
1553
1717
1986
2261
2595
2817
3023
3095
3038
2852
2498
2184
2061
2053
1938
1761
1353
992
650
327
44
-339
-718
-1041
-1219
-1293
-1284
-1351
-1502
-1631
-1812
-1900
-1986
-2072
-1959
-1869
-1738
-1591
-1447
-1316
-1234
-1131
-1058
-976
-873
-780
-619
-353
-118
101
214
233
305
421
588
784
962
1051
1042
1037
893
807
592
461
496
494
500
398
213
-43
-191
-412
-623
-847
-1054
-1146
-1194
-1163
-1214
-1333
-1524
-1724
-1864
-1934
-1844
-1714
-1578
-1367
-1231
-1190
-1210
-1168
-1045
-854
-663
-414
-275
-170
-46
33
234
428
627
806
859
961
1141
1255
1333
1430
1590
1833
2180
2531
2821
3179
3514
3727
3633
3218
2696
2333
2273
2404
2419
2202
1820
1183
575
16
-353
-581
-851
-1210
-1507
-1666
-1761
-1806
-1981
-2237
-2446
-2578
-2603
-2381
-2148
-1856
-1727
-1731
-1693
-1629
-1413
-1194
-1000
-754
-503
-274
-71
73
262
323
427
554
852
1100
1304
1428
1327
1246
1156
1088
1008
969
851
830
760
726
605
290
-74
-468
-743
-961
-1048
-1183
-1274
-1588
-1879
-2134
-2356
-2409
-2481
-2465
-2519
-2515
-2465
-2363
-2201
-2015
-1907
-1774
-1534
-1284
-1014
-722
-482
-318
-69
181
468
719
931
1153
1241
1441
1556
1768
1958
2000
2090
2231
2507
2879
3266
3668
4029
4319
4472
4237
3745
3021
2611
2536
2730
2821
2444
1593
462
-502
-1069
-1124
-1025
-1140
-1640
-2350
-2982
-3284
-3224
-2980
-2737
-2678
-2817
-2911
-2779
-2460
-2150
-1963
-1853
-1616
-1115
-622
-260
-151
-199
-164
55
536
1096
1394
1392
1187
968
1016
1383
1674
1712
1494
1185
1027
978
1099
1100
1012
698
361
147
49
25
-243
-736
-1235
-1534
-1609
-1624
-1739
-2000
-2495
-2944
-3112
-2986
-2786
-2576
-2548
-2693
-2634
-2439
-2147
-1789
-1543
-1342
-1099
-799
-419
-57
154
277
396
648
1019
1388
1674
1761
1767
1887
2049
2294
2521
2685
2860
3092
3413
3890
4427
4827
5036
4757
4118
3374
2920
3090
3410
3419
2762
1457
46
-913
-1164
-887
-653
-991
-2084
-3359
-4107
-4073
-3477
-2938
-2857
-3248
-3772
-3985
-3704
-2948
-2184
-1780
-1741
-1757
-1638
-1223
-714
-270
112
425
646
838
1071
1209
1226
1331
1514
1844
2021
1757
1302
867
1040
1441
1824
1781
1210
510
60
124
589
900
592
-238
-1228
-1732
-1623
-1293
-1247
-1604
-2315
-3028
-3387
-3255
-2880
-2623
-2534
-2678
-2803
-2724
-2437
-2042
-1643
-1234
-916
-776
-737
-516
-258
46
471
913
1197
1270
1198
1205
1495
1906
2445
2785
2673
2426
2289
2541
3146
3918
4466
4566
4457
4497
4465
4267
3771
3193
3066
3182
3213
2632
1421
46
-862
-1106
-744
-590
-1210
-2549
-3953
-4507
-4011
-3054
-2639
-3084
-4064
-4820
-4694
-3742
-2537
-1924
-2099
-2573
-2724
-2153
-1206
-515
-184
-162
-208
-142
178
588
970
1104
1210
1278
1317
1323
1181
1173
1340
1595
1704
1520
1196
811
661
772
1111
1191
857
147
-544
-810
-719
-536
-791
-1398
-2171
-2738
-2880
-2647
-2447
-2511
-2849
-3178
-3164
-2857
-2397
-2058
-1918
-1810
-1640
-1391
-1085
-743
-432
-172
36
312
628
845
919
1070
1455
1857
2210
2286
2277
2262
2459
2779
3163
3516
3690
3827
3981
4372
4885
5212
4795
3843
2837
2649
3241
3732
3391
2102
359
-788
-1015
-531
-118
-714
-2136
-3692
-4359
-3887
-2990
-2640
-3101
-3982
-4679
-4599
-3822
-2867
-2324
-2444
-2768
-2791
-2294
-1506
-936
-703
-575
-515
-350
-124
135
348
640
903
1217
1295
1032
696
744
1136
1628
1900
1514
929
447
512
969
1389
1412
759
-149
-642
-539
-211
-275
-849
-1615
-2250
-2444
-2355
-2298
-2460
-2878
-3153
-3111
-2756
-2409
-2247
-2352
-2335
-2033
-1550
-1152
-913
-799
-681
-398
-9
455
663
777
917
1209
1572
1846
2052
2106
2223
2461
2684
2883
2876
2965
3167
3518
3977
4424
4671
4862
4595
3952
3253
2848
3191
3678
3561
2552
1060
-191
-605
-430
-76
-415
-1561
-3043
-3948
-3747
-2995
-2538
-2911
-3701
-4467
-4601
-4008
-3192
-2593
-2552
-2893
-2972
-2654
-2028
-1290
-918
-650
-611
-611
-558
-327
74
547
895
998
911
600
439
655
1215
1603
1631
1129
538
283
589
1136
1418
1200
485
-228
-549
-368
-131
-251
-913
-1694
-2096
-2225
-2196
-2296
-2616
-2934
-3133
-3066
-2792
-2581
-2555
-2506
-2303
-1918
-1510
-1319
-1192
-1060
-819
-423
-10
347
527
614
828
1186
1515
1767
1857
1900
2097
2366
2514
2518
2580
2719
2963
3344
3770
4118
4345
4508
4708
4475
3937
3194
2894
3306
3667
3245
2059
626
-292
-452
-195
-58
-858
-2203
-3462
-3827
-3250
-2579
-2682
-3383
-4138
-4500
-4134
-3437
-2787
-2591
-2875
-3064
-2785
-2089
-1456
-1112
-929
-782
-677
-517
-324
-27
372
689
793
789
643
554
742
1080
1458
1515
1124
674
480
673
1107
1365
1142
628
107
-142
-9
243
67
-577
-1279
-1777
-1709
-1581
-1683
-2052
-2586
-2959
-2945
-2636
-2333
-2307
-2527
-2621
-2391
-1928
-1498
-1249
-1158
-1108
-931
-650
-291
17
224
415
713
1009
1246
1420
1521
1750
2043
2276
2441
2467
2492
2590
2947
3375
3717
3963
4185
4403
4597
4353
3702
2970
2827
3406
3650
3025
1706
292
-347
-220
115
65
-1000
-2455
-3516
-3519
-2889
-2459
-2740
-3489
-4058
-4222
-3799
-3142
-2649
-2587
-2804
-2844
-2466
-1937
-1365
-911
-633
-459
-466
-497
-395
35
528
917
993
776
481
340
668
1194
1507
1301
824
473
532
906
1295
1328
1017
501
116
75
246
308
-45
-668
-1130
-1282
-1242
-1332
-1559
-1919
-2260
-2392
-2342
-2230
-2185
-2257
-2332
-2176
-1846
-1592
-1357
-1246
-1109
-946
-733
-467
-225
11
187
422
691
955
1134
1353
1541
1817
2077
2191
2235
2268
2357
2637
3058
3491
3836
4042
4224
4422
4630
4302
3703
3082
3071
3520
3529
2809
1601
388
-28
127
262
9
-1138
-2423
-3216
-3070
-2461
-2328
-2823
-3548
-3936
-3953
-3441
-2938
-2650
-2755
-2933
-2774
-2354
-1779
-1263
-930
-832
-695
-771
-618
-277
171
584
656
536
353
275
424
829
1186
1256
928
527
380
622
1035
1224
1140
730
254
59
140
324
247
-199
-740
-1173
-1301
-1200
-1331
-1573
-1886
-2256
-2380
-2367
-2262
-2157
-2194
-2223
-2107
-1899
-1691
-1501
-1368
-1190
-983
-784
-578
-420
-268
-105
173
393
669
820
1015
1258
1527
1761
1859
1938
2004
2168
2495
2826
3106
3445
3685
3997
4314
4616
4402
3837
3160
2958
3442
3677
3125
1824
548
-93
53
312
303
-604
-1941
-2916
-3093
-2570
-2153
-2398
-3121
-3734
-3978
-3632
-3075
-2600
-2438
-2690
-2818
-2648
-2208
-1658
-1064
-759
-651
-751
-733
-513
-31
469
628
587
400
341
431
839
1190
1234
980
586
519
776
1131
1340
1147
759
374
285
469
605
562
37
-665
-1076
-1161
-1044
-988
-1236
-1680
-2164
-2409
-2309
-2077
-1777
-1746
-1983
-2226
-2208
-1845
-1393
-1070
-1020
-1077
-1191
-1077
-706
-266
7
5
-37
-8
240
663
1066
1406
1466
1356
1297
1498
1889
2229
2464
2529
2655
2907
3285
3763
4156
4454
4203
3597
2928
2794
3216
3520
3050
1895
693
-33
42
303
313
-518
-1832
-2846
-2977
-2404
-1950
-2202
-2951
-3628
-3845
-3402
-2749
-2343
-2357
-2641
-2774
-2463
-1886
-1264
-854
-795
-834
-832
-560
-184
215
583
664
535
445
428
594
942
1192
1234
939
690
604
790
1076
1215
1129
775
464
362
544
647
535
125
-450
-766
-912
-911
-888
-1095
-1471
-1891
-2052
-1972
-1691
-1540
-1629
-1870
-2028
-1834
-1480
-1157
-1049
-1081
-1167
-1231
-1028
-714
-422
-309
-359
-381
-213
95
428
677
802
840
859
1071
1426
1697
1837
1909
1997
2243
2535
2937
3369
3794
4119
4238
3887
3366
2858
2920
3465
3568
2827
1575
363
-102
98
431
293
-827
-2128
-2784
-2574
-1874
-1644
-2164
-2885
-3392
-3303
-2713
-2194
-1960
-2071
-2342
-2248
-1849
-1364
-939
-773
-677
-630
-574
-379
-5
358
552
511
328
270
459
753
1035
1127
870
540
408
592
918
1104
1016
686
446
378
512
684
641
419
-68
-432
-563
-569
-648
-892
-1262
-1564
-1682
-1666
-1687
-1733
-1727
-1840
-1868
-1808
-1702
-1626
-1548
-1342
-1271
-1265
-1303
-1153
-844
-664
-545
-550
-549
-418
-125
206
499
547
577
676
894
1260
1552
1729
1729
1744
1896
2309
2878
3234
3442
3566
3834
3858
3559
3111
2784
3059
3363
3005
2000
875
3
-134
-16
114
-374
-1536
-2563
-2859
-2355
-1763
-1723
-2341
-2948
-3220
-3032
-2382
-1879
-1692
-1953
-2284
-2084
-1625
-1037
-679
-700
-793
-832
-643
-253
52
304
295
209
330
496
691
659
629
662
728
747
697
726
704
720
674
623
569
495
435
360
264
91
-227
-446
-517
-623
-867
-1232
-1496
-1712
-1752
-1728
-1711
-1813
-1949
-2067
-2058
-1839
-1595
-1451
-1378
-1367
-1409
-1344
-1148
-867
-648
-577
-529
-504
-376
-161
202
542
708
728
838
1033
1392
1672
1844
1962
1957
2016
2141
2484
2912
3237
3425
3576
3764
3974
3830
3427
2879
2705
3006
3028
2456
1410
346
-194
-247
-143
-326
-1174
-2172
-2680
-2455
-1851
-1622
-2021
-2555
-2800
-2735
-2219
-1729
-1570
-1762
-2037
-1882
-1485
-1035
-758
-750
-783
-712
-565
-248
43
256
340
321
402
505
607
671
720
819
730
522
501
579
625
719
692
447
238
60
121
277
205
-55
-455
-756
-865
-899
-1003
-1198
-1464
-1666
-1800
-1869
-1850
-1806
-1774
-1798
-1741
-1752
-1722
-1577
-1343
-1120
-1048
-1094
-1130
-954
-626
-374
-227
-202
-152
12
281
649
831
973
1001
1101
1463
1699
1895
1953
1937
1980
2087
2299
2621
2804
2974
3110
3293
3536
3729
3607
3145
2579
2223
2349
2487
2123
1265
96
-633
-783
-718
-713
-1239
-2078
-2748
-2770
-2277
-1822
-1851
-2203
-2525
-2614
-2285
-1710
-1387
-1354
-1506
-1604
-1319
-851
-454
-263
-233
-230
-184
40
260
510
664
649
757
747
808
841
777
720
607
573
550
460
323
164
17
-55
12
25
-149
-386
-630
-767
-790
-870
-903
-1118
-1403
-1525
-1554
-1493
-1452
-1511
-1605
-1721
-1761
-1582
-1396
-1208
-1067
-1019
-1018
-944
-865
-706
-486
-328
-205
-182
-152
-72
153
421
675
764
807
900
1009
1302
1493
1706
1694
1637
1717
1876
2052
2110
2126
2149
2281
2493
2644
2859
3010
3036
2836
2415
1869
1568
1746
1836
1410
493
-666
-1317
-1281
-1013
-924
-1499
-2387
-3011
-2908
-2206
-1591
-1521
-1990
-2362
-2247
-1635
-842
-401
-440
-723
-807
-429
155
524
505
285
235
333
508
668
599
453
322
244
213
188
36
-181
-285
-340
-423
-582
-762
-779
-805
-824
-831
-901
-937
-949
-882
-800
-817
-932
-1066
-1080
-981
-830
-851
-961
-1092
-1131
-1109
-985
-871
-844
-884
-924
-841
-657
-587
-502
-533
-530
-519
-412
-121
21
211
273
286
395
619
887
1127
1195
1179
1295
1374
1571
1762
1720
1658
1527
1537
1695
1715
1711
1609
1521
1580
1723
2002
2253
2306
2292
2206
1824
1427
1191
1184
1321
1019
424
-457
-1046
-1143
-920
-691
-945
-1533
-2022
-2056
-1564
-888
-677
-878
-1181
-1235
-927
-391
0
188
43
-163
-117
168
579
675
499
288
130
141
164
204
145
-89
-266
-454
-564
-660
-822
-970
-1064
-1153
-1237
-1275
-1367
-1441
-1323
-1188
-1043
-1002
-1027
-1052
-938
-782
-666
-694
-823
-800
-760
-649
-547
-468
-527
-680
-816
-768
-499
-340
-390
-536
-585
-514
-331
-37
121
136
54
61
123
306
538
702
793
761
729
759
843
1035
1176
1180
1076
958
891
934
1031
1042
1011
759
619
698
998
1264
1428
1418
1420
1646
1955
2089
1907
1442
1064
1066
1261
1291
851
63
-581
-735
-448
-150
-191
-690
-1184
-1342
-1000
-427
-133
-226
-546
-686
-424
35
261
351
174
30
-6
123
289
210
-31
-242
-353
-271
-296
-394
-597
-819
-913
-1022
-1080
-1225
-1376
-1495
-1486
-1337
-1240
-1246
-1275
-1185
-951
-726
-600
-547
-524
-478
-377
-138
-8
-77
-220
-327
-270
-169
-154
-239
-382
-531
-568
-453
-271
-140
-283
-490
-482
-364
-201
-49
23
51
3
10
162
271
334
350
312
248
243
274
296
362
389
347
230
152
207
266
342
421
374
273
228
330
707
1019
1211
1392
1559
1828
2138
2393
2367
2092
1709
1620
1805
1765
1541
862
162
-210
-202
107
185
-36
-502
-927
-917
-509
-97
69
-155
-456
-589
-432
-116
182
201
14
-278
-426
-395
-248
-250
-431
-652
-835
-994
-1164
-1248
-1283
-1288
-1350
-1483
-1625
-1730
-1736
-1572
-1307
-1083
-996
-1027
-1042
-785
-365
-49
147
154
27
3
140
432
528
378
137
-84
-135
-44
27
-92
-289
-451
-518
-465
-403
-361
-339
-402
-390
-323
-254
-230
-232
-231
-187
-121
-80
-104
-209
-240
-239
-237
-170
-133
-100
-134
-191
-133
-22
103
123
128
123
199
419
637
760
839
989
1219
1520
1902
2139
2396
2634
2741
2726
2503
2197
1921
1876
1902
1707
1085
371
-48
-205
9
174
58
-294
-800
-1018
-797
-391
-130
-181
-496
-760
-769
-608
-385
-326
-382
-657
-937
-1014
-989
-955
-1046
-1161
-1212
-1306
-1344
-1348
-1401
-1426
-1362
-1196
-1183
-1168
-1146
-1168
-961
-602
-299
-186
-174
-154
0
214
494
648
653
616
540
402
335
333
293
184
94
-74
-278
-457
-538
-477
-402
-423
-515
-661
-812
-736
-541
-374
-372
-470
-610
-693
-615
-504
-422
-472
-615
-680
-701
-588
-470
-402
-364
-390
-377
-331
-184
-43
113
243
332
406
383
471
744
1022
1266
1408
1433
1642
1917
2247
2530
2701
2768
2685
2468
2197
1981
1887
1729
1431
978
457
138
-107
-219
-296
-363
-438
-616
-878
-1042
-1090
-1084
-953
-884
-850
-939
-1175
-1220
-1183
-1084
-931
-904
-939
-1010
-1154
-1227
-1170
-1020
-891
-898
-949
-1037
-1074
-1007
-922
-748
-619
-564
-526
-501
-421
-270
-31
185
308
366
364
275
245
280
312
327
261
65
-146
-315
-374
-405
-439
-557
-671
-803
-917
-933
-908
-750
-769
-851
-894
-919
-872
-783
-699
-687
-663
-683
-708
-678
-537
-436
-307
-227
-194
-155
-85
55
166
296
377
469
514
550
538
672
862
1013
1134
1179
1329
1433
1600
1765
1941
2156
2344
2474
2649
2771
2850
2741
2391
1993
1638
1503
1386
1210
788
222
-316
-663
-727
-701
-735
-877
-1181
-1354
-1481
-1517
-1394
-1296
-1210
-1090
-977
-1016
-1063
-1143
-1053
-816
-638
-565
-611
-738
-920
-985
-780
-528
-405
-479
-700
-875
-859
-737
-552
-400
-418
-448
-474
-439
-317
-223
-190
-84
-71
-127
-207
-322
-362
-287
-288
-411
-535
-752
-945
-978
-938
-865
-914
-1016
-1035
-1040
-963
-854
-773
-731
-729
-769
-666
-535
-370
-306
-297
-271
-233
-93
-10
95
200
257
336
338
368
456
530
633
773
817
845
840
824
948
1107
1258
1305
1350
1401
1479
1618
1703
1813
1853
1899
2023
2102
2209
2252
2227
2109
1943
1608
1285
996
757
544
232
-83
-470
-772
-1036
-1137
-1154
-1139
-1127
-1186
-1205
-1226
-1079
-1060
-962
-752
-562
-468
-453
-482
-519
-405
-413
-406
-436
-461
-490
-556
-582
-714
-764
-797
-766
-757
-769
-781
-812
-852
-776
-694
-631
-596
-569
-504
-439
-371
-457
-545
-550
-512
-430
-515
-570
-630
-727
-729
-684
-582
-535
-614
-654
-567
-483
-394
-339
-261
-238
-255
-184
-83
-7
91
108
44
51
53
70
186
284
388
430
394
348
376
547
693
757
683
590
582
704
822
880
876
893
883
924
1098
1135
1148
1130
1172
1181
1254
1276
1292
1357
1416
1538
1590
1676
1596
1468
1344
1127
855
532
302
129
-9
-118
-236
-441
-700
-826
-799
-672
-569
-522
-561
-526
-468
-341
-324
-371
-421
-417
-368
-355
-371
-503
-665
-776
-793
-815
-858
-1030
-1145
-1190
-1109
-1092
-1102
-1132
-1251
-1301
-1231
-1087
-1026
-957
-946
-970
-922
-885
-821
-789
-739
-704
-683
-601
-561
-439
-374
-334
-238
-275
-240
-223
-170
-153
-132
-95
-72
-93
-127
-86
-145
-173
-147
-71
-10
-22
-67
-88
-30
62
149
233
254
248
262
336
483
517
516
534
498
538
645
773
805
752
684
601
655
644
735
751
710
703
768
847
1022
1092
1030
1022
1110
1297
1412
1441
1485
1491
1487
1510
1433
1271
1058
761
472
295
160
3
-194
-343
-395
-434
-454
-526
-596
-708
-711
-687
-594
-568
-627
-611
-630
-667
-718
-824
-931
-1016
-1074
-1096
-1140
-1186
-1279
-1285
-1233
-1205
-1228
-1274
-1321
-1318
-1233
-1080
-983
-911
-818
-730
-625
-493
-378
-288
-153
-51
53
85
125
212
213
214
256
233
205
203
99
45
-76
-133
-170
-199
-166
-178
-210
-249
-283
-296
-214
-196
-125
-51
53
110
89
183
272
326
398
488
479
461
469
534
576
587
626
550
545
600
605
547
486
473
525
588
612
683
688
716
805
928
1000
951
924
889
888
889
963
1009
1022
987
1003
1024
1022
957
882
782
604
544
420
236
116
-15
-47
-124
-263
-397
-501
-439
-505
-528
-530
-619
-711
-673
-596
-579
-609
-764
-917
-993
-952
-896
-903
-988
-1045
-1104
-1119
-959
-857
-865
-901
-897
-826
-737
-629
-542
-511
-431
-436
-371
-347
-330
-314
-295
-325
-361
-354
-366
-315
-273
-294
-368
-376
-359
-291
-243
-321
-327
-321
-307
-217
-217
-208
-202
-209
-174
-116
-80
-18
51
45
75
129
224
298
384
410
449
479
452
440
511
608
589
645
633
607
622
622
679
704
675
674
725
741
768
774
757
764
786
789
786
779
749
705
758
789
736
677
615
613
669
735
732
700
623
493
474
577
623
606
465
241
174
199
155
82
-51
-187
-283
-348
-348
-337
-389
-445
-527
-553
-545
-598
-668
-645
-655
-673
-682
-751
-823
-819
-752
-759
-772
-825
-884
-885
-859
-801
-780
-820
-853
-794
-754
-739
-643
-666
-659
-618
-636
-631
-631
-611
-648
-623
-584
-543
-529
-516
-507
-446
-433
-487
-506
-478
-489
-460
-456
-459
-434
-420
-361
-274
-203
-162
-29
25
30
130
218
227
216
296
412
477
529
470
426
428
485
612
640
657
603
490
474
541
678
698
625
534
464
490
569
606
633
555
479
469
511
608
615
582
556
530
521
573
606
610
554
524
593
673
710
725
679
630
656
640
635
547
482
379
385
408
344
233
158
117
77
45
28
27
-55
-109
-181
-227
-256
-276
-250
-353
-375
-400
-425
-448
-476
-504
-565
-601
-614
-579
-615
-589
-641
-616
-651
-715
-689
-745
-756
-755
-731
-733
-776
-751
-757
-766
-706
-715
-726
-730
-725
-721
-707
-676
-609
-588
-605
-596
-556
-480
-355
-371
-307
-258
-227
-154
-81
-39
8
76
96
88
89
156
182
235
281
291
315
369
367
394
339
304
306
338
358
374
401
368
375
408
440
411
373
300
375
456
536
552
540
524
585
586
629
597
584
627
627
662
632
639
664
685
646
601
585
543
523
547
527
530
536
481
378
357
322
355
303
297
276
193
208
181
131
107
81
66
72
22
-2
-51
-94
-178
-175
-152
-174
-209
-295
-322
-347
-376
-369
-466
-547
-583
-633
-646
-661
-646
-703
-801
-863
-837
-860
-911
-933
-945
-934
-918
-930
-892
-847
-902
-827
-783
-755
-657
-671
-660
-591
-524
-492
-466
-404
-382
-444
-448
-397
-356
-364
-385
-305
-312
-274
-267
-256
-256
-249
-170
-163
-176
-168
-100
-99
-37
68
77
156
137
167
267
349
358
370
389
452
505
585
648
670
683
623
640
647
655
662
703
644
615
641
657
688
636
546
425
360
361
392
442
447
409
316
252
214
260
346
352
319
288
227
264
400
429
425
420
392
413
470
476
522
486
460
412
405
467
413
411
381
278
277
324
339
321
293
198
163
154
116
80
57
22
-1
16
17
-21
-66
-138
-210
-178
-191
-215
-300
-360
-402
-472
-471
-511
-569
-612
-637
-666
-709
-773
-813
-806
-803
-833
-886
-871
-955
-966
-901
-793
-769
-795
-785
-828
-778
-662
-552
-513
-443
-490
-447
-345
-283
-229
-186
-121
-106
-93
-94
-57
-59
39
47
27
13
-35
-56
-25
35
46
32
18
-34
-2
-3
21
88
55
49
39
46
43
98
115
81
85
51
43
104
156
158
168
219
271
251
344
401
432
496
547
604
620
659
710
720
724
712
707
760
771
750
759
733
686
688
638
669
625
591
542
502
488
470
414
371
372
334
272
248
275
241
189
139
103
67
75
-10
-102
-187
-269
-320
-358
-447
-503
-561
-610
-605
-586
-566
-587
-650
-622
-569
-556
-539
-557
-584
-533
-476
-375
-366
-360
-353
-387
-316
-226
-189
-176
-167
-138
-128
-100
-39
-108
-247
-316
-283
-250
-185
-180
-214
-285
-332
-352
-361
-328
-289
-283
-265
-328
-309
-363
-364
-258
-297
-330
-397
-406
-391
-368
-325
-313
-355
-416
-387
-260
-183
-151
-117
-144
-95
-55
64
179
210
271
250
298
379
443
492
488
453
428
412
424
445
471
505
426
318
263
272
264
295
311
249
191
194
216
265
229
194
100
63
58
46
67
10
11
-54
-70
-58
-120
-148
-202
-290
-274
-297
-356
-339
-317
-340
-369
-351
-296
-271
-257
-253
-231
-161
-148
-93
-58
-16
-15
24
25
94
129
127
135
133
160
185
165
101
100
30
-15
-18
-67
-117
-164
-167
-159
-112
-71
-74
-163
-186
-158
-173
-178
-140
-133
-136
-167
-154
-158
-161
-188
-187
-108
-125
-84
-109
-116
-79
-13
19
-3
2
10
-14
46
84
122
164
165
144
101
76
67
108
95
90
109
67
101
119
102
96
38
-19
-31
-28
-86
-59
-116
-163
-162
-156
-146
-188
-229
-311
-328
-353
-341
-305
-281
-292
-352
-415
-413
-362
-355
-394
-436
-454
-424
-335
-263
-268
-286
-330
-353
-232
-252
-177
-182
-213
-206
-180
-96
-4
35
-1
38
-34
-11
66
128
155
132
99
70
92
140
136
111
101
54
57
64
153
116
79
53
46
51
4
42
-35
-28
-42
-41
-9
50
80
77
91
77
64
107
209
250
338
285
244
246
251
305
313
333
294
283
308
312
306
318
292
282
231
160
206
236
210
232
183
106
66
84
63
75
45
13
-30
-56
-42
-37
-68
-102
-84
-128
-130
-105
-80
-88
-94
-174
-217
-185
-217
-203
-208
-289
-336
-298
-279
-268
-215
-248
-321
-340
-321
-276
-273
-237
-245
-258
-266
-283
-286
-318
-342
-309
-323
-288
-275
-268
-228
-225
-224
-217
-280
-325
-284
-251
-171
-109
-138
-120
-100
-87
-48
-106
-63
-5
7
24
21
-7
-4
-30
3
65
67
13
-64
-8
-4
24
63
66
18
21
93
179
199
218
188
177
212
269
346
373
396
349
357
265
216
234
229
224
182
135
124
160
156
149
85
28
13
42
12
-7
-15
-56
-80
-123
-163
-176
-110
-119
-114
-175
-206
-161
-139
-160
-135
-154
-183
-178
-132
-134
-90
-99
-95
-40
-72
-71
-59
-80
-73
-54
-46
-66
-29
74
24
53
11
8
13
-21
-35
-42
-54
-101
-116
-79
-71
-93
-152
-136
-127
-119
-75
-40
3
-33
-17
0
36
65
57
26
2
-5
1
75
76
63
55
-4
-3
36
83
91
35
0
-16
-27
-20
-12
8
1
-23
-61
-45
-11
32
73
112
116
76
55
57
-11
30
73
43
-1
1
14
25
-16
-73
-9
-30
-29
-18
-51
-42
-76
-106
-104
-129
-139
-203
-237
-222
-188
-169
-158
-144
-129
-179
-202
-177
-155
-155
-131
-147
-146
-145
-179
-187
-179
-118
-47
-28
-38
-47
-68
-71
-26
-23
-23
-84
-97
-29
-16
-45
-51
-69
-189
-194
-193
-196
-183
-210
-244
-283
-254
-283
-266
-190
-228
-208
-160
-139
-85
-45
9
16
-21
22
84
132
164
189
209
226
277
291
310
360
352
376
394
332
303
264
324
316
273
278
229
168
174
186
173
214
89
39
17
2
-10
-27
-13
-46
-76
-82
-17
-20
-17
-3
-41
-18
-60
-31
-29
-32
-20
-32
-30
-59
-78
-67
-36
-77
-58
-17
-18
-68
-168
-165
-182
-219
-204
-237
-236
-299
-301
-274
-257
-265
-224
-223
-161
-139
-118
-83
-56
-79
-102
-73
-93
-91
-105
-133
-130
-142
-144
-165
-188
-214
-211
-168
-216
-253
-291
-326
-323
-323
-305
-317
-327
-333
-327
-316
-232
-206
-191
-228
-175
-130
-120
-87
-19
29
38
93
97
117
164
176
190
183
178
202
120
78
138
117
108
88
51
-18
9
46
69
66
24
-16
-18
-4
-18
-25
-82
-103
-68
-59
-47
-2
-28
-17
-35
-55
-9
55
48
62
26
22
18
3
114
125
106
85
80
76
90
97
45
96
108
72
-15
-22
12
-18
22
0
-47
-123
-90
-61
-59
-39
-52
-53
-46
-37
-90
-99
-68
-95
-98
-119
-120
-118
-142
-167
-220
-223
-222
-232
-243
-245
-278
-325
-375
-396
-377
-413
-416
-408
-383
-385
-364
-362
-352
-369
-344
-304
-279
-274
-257
-199
-224
-208
-169
-163
-161
-151
-138
-104
-103
-80
-63
-28
-77
-34
-69
-88
-84
-77
-55
-60
13
-3
4
-11
37
36
64
62
52
70
52
72
75
156
151
181
209
213
249
224
276
294
294
309
281
328
287
308
294
291
253
232
197
175
229
191
201
171
178
148
91
97
109
28
26
81
24
42
67
-6
-14
-33
-49
7
13
3
-16
-45
-63
-57
-74
-82
-88
-119
-185
-169
-105
-99
-133
-264
-248
-252
-301
-248
-249
-250
-249
-278
-274
-276
-227
-188
-236
-284
-261
-237
-255
-249
-285
-280
-295
-341
-311
-320
-304
-275
-253
-221
-236
-242
-202
-170
-174
-182
-161
-173
-168
-181
-142
-178
-182
-172
-219
-161
-110
-78
-45
-27
-24
-12
24
28
61
96
73
77
83
67
99
134
171
198
200
189
231
226
245
300
251
256
231
258
253
228
210
182
159
143
160
87
30
6
19
-22
-58
-47
-63
-82
-99
-49
-49
-110
-145
-135
-108
-81
-93
-93
-146
-172
-101
-123
-91
-103
-175
-194
-151
-152
-167
-170
-242
-241
-326
-299
-280
-309
-330
-315
-280
-323
-315
-353
-324
-344
-377
-368
-377
-336
-334
-316
-314
-338
-334
-332
-303
-297
-321
-374
-354
-326
-339
-323
-285
-296
-284
-242
-223
-199
-170
-181
-173
-169
-163
-146
-112
-84
-108
-96
-81
-33
-9
16
49
62
56
63
59
94
117
153
183
203
198
217
278
237
240
260
281
292
282
277
256
246
261
242
210
212
149
121
55
85
102
65
25
16
22
-25
-18
-68
-81
-88
-74
-37
-35
-56
-58
-77
-118
-74
-48
-19
-26
-32
-12
-52
-54
-89
-72
-93
-81
-77
-165
-152
-200
-188
-185
-228
-248
-262
-234
-233
-219
-217
-209
-198
-206
-235
-210
-182
-237
-277
-299
-256
-237
-252
-324
-340
-321
-335
-314
-262
-309
-354
-335
-311
-288
-260
-229
-241
-222
-251
-244
-208
-210
-133
-109
-127
-139
-104
-58
-22
18
50
5
85
119
129
116
103
141
143
198
249
216
201
243
288
292
265
293
287
336
331
294
352
325
285
263
246
247
251
227
189
176
171
163
147
155
114
78
128
134
89
131
94
70
89
69
98
114
111
117
179
178
133
152
143
117
125
96
110
63
44
76
18
-8
-25
-36
-45
-57
-47
-58
-83
-159
-226
-220
-212
-182
-182
-200
-205
-200
-194
-210
-203
-201
-227
-242
-279
-220
-224
-212
-226
-257
-271
-243
-232
-217
-261
-268
-248
-282
-230
-233
-267
-293
-292
-259
-263
-209
-187
-192
-188
-204
-188
-155
-154
-163
-140
-162
-99
-71
-135
-115
-42
-30
-1
-42
-14
22
73
67
81
109
58
77
110
152
201
235
195
177
221
219
235
247
261
251
260
251
244
170
149
156
147
135
123
117
84
55
49
65
37
79
61
74
71
6
3
5
38
85
51
72
75
-19
14
25
3
20
30
-35
-50
-46
-37
-39
-36
-46
-93
-64
-109
-119
-83
-133
-155
-129
-171
-194
-212
-197
-209
-259
-249
-276
-274
-248
-236
-247
-263
-273
-354
-362
-328
-329
-291
-349
-337
-315
-329
-307
-368
-377
-366
-369
-358
-314
-308
-292
-298
-291
-286
-281
-266
-232
-203
-239
-229
-205
-198
-153
-74
-95
-91
-90
-35
7
6
52
82
81
79
175
219
251
269
249
220
241
256
268
272
273
271
290
280
282
309
310
316
299
297
285
344
307
299
280
268
290
300
316
272
275
266
269
286
263
232
214
208
209
231
224
247
233
221
228
163
202
234
277
215
197
167
179
188
144
175
169
146
105
142
115
108
108
55
-2
-9
-9
-86
-92
-81
-92
-113
-140
-182
-184
-191
-181
-227
-216
-219
-235
-269
-264
-240
-240
