1201
1266
1237
1208
1203
1103
1122
1081
1084
1034
1016
930
854
880
833
891
936
1020
1072
1073
986
982
966
956
1112
1179
1294
1299
1313
1237
1013
803
498
145
-195
-539
-825
-1039
-1104
-1113
-1123
-1077
-1123
-1208
-1283
-1333
-1363
-1297
-1140
-967
-725
-451
-263
-32
118
243
278
226
207
207
166
125
96
81
85
-17
-135
-413
-743
-1071
-1312
-1519
-1617
-1729
-1793
-1788
-1784
-1656
-1660
-1584
-1514
-1424
-1307
-1127
-1002
-823
-626
-436
-224
-55
140
213
274
250
191
85
55
17
-23
14
-41
-72
-80
-129
-210
-299
-358
-425
-382
-265
-88
88
256
503
679
895
1130
1272
1362
1486
1612
1734
1870
2017
2174
2295
2401
2452
2404
2336
2320
2182
2031
1934
1856
1799
1774
1842
1856
1899
1875
1752
1539
1149
563
-118
-962
-1740
-2372
-2732
-2688
-2443
-2055
-1798
-1659
-1723
-1842
-1967
-1968
-1856
-1527
-1115
-591
-43
521
998
1264
1434
1506
1529
1380
1176
936
727
560
479
446
486
454
212
-176
-712
-1240
-1708
-2073
-2275
-2239
-2103
-1926
-1696
-1570
-1563
-1588
-1693
-1769
-1669
-1562
-1328
-1003
-736
-443
-192
43
164
259
278
177
45
-59
-109
-126
-132
-121
-53
-61
-145
-337
-556
-819
-1031
-1147
-1139
-1021
-845
-602
-387
-184
-70
13
72
127
216
302
402
526
715
904
1088
1288
1492
1559
1514
1438
1397
1297
1288
1333
1414
1666
1913
2126
2200
2217
2189
2119
2110
2113
2173
2279
2397
2562
2688
2756
2783
2668
2468
2146
1633
918
-9
-977
-1866
-2476
-2718
-2632
-2290
-1914
-1702
-1656
-1834
-2121
-2399
-2553
-2440
-2078
-1441
-721
15
700
1197
1456
1505
1450
1390
1332
1288
1225
1157
1184
1124
1109
1022
852
646
269
-228
-713
-1165
-1592
-1922
-2097
-2095
-2011
-1832
-1699
-1644
-1747
-1962
-2132
-2237
-2193
-1998
-1679
-1235
-725
-299
82
255
331
253
111
65
6
70
153
272
353
375
315
241
125
24
-158
-300
-384
-480
-459
-416
-296
-162
-29
75
86
118
156
95
18
10
8
44
161
286
383
485
507
502
402
336
285
242
326
446
647
879
1087
1268
1352
1431
1430
1457
1475
1525
1628
1761
1935
2055
2245
2296
2326
2305
2211
2096
2024
1889
1641
1377
971
539
29
-425
-806
-1014
-1073
-1028
-915
-895
-899
-1052
-1255
-1487
-1704
-1809
-1807
-1564
-1178
-716
-219
173
420
537
448
285
87
-110
-195
-217
-142
-30
80
186
154
19
-117
-362
-635
-821
-945
-959
-926
-771
-619
-497
-450
-428
-469
-589
-675
-756
-765
-722
-608
-512
-399
-318
-243
-291
-326
-369
-441
-435
-478
-469
-438
-384
-279
-234
-167
-128
-53
-79
-131
-164
-243
-276
-314
-369
-387
-339
-327
-322
-313
-343
-317
-379
-479
-512
-551
-568
-540
-524
-432
-319
-204
-103
-70
-15
34
50
57
137
237
395
522
668
833
994
1141
1233
1323
1379
1426
1427
1463
1511
1551
1660
1719
1804
1937
1951
2001
2005
1975
1894
1886
1801
1740
1680
1517
1365
1123
785
393
95
-132
-338
-415
-443
-496
-521
-620
-773
-976
-1183
-1336
-1406
-1346
-1131
-818
-416
-50
209
306
246
80
-216
-460
-650
-777
-760
-685
-582
-480
-381
-381
-409
-541
-685
-842
-970
-980
-886
-796
-644
-424
-287
-226
-230
-294
-377
-445
-501
-427
-328
-153
-30
67
132
154
128
77
-28
-179
-217
-246
-270
-273
-270
-287
-250
-306
-346
-463
-531
-520
-609
-651
-623
-579
-551
-471
-433
-412
-377
-387
-392
-342
-196
-129
-14
64
97
86
116
175
201
294
319
412
467
554
627
608
668
720
788
819
918
1016
1093
1152
1199
1214
1246
1255
1279
1346
1328
1418
1487
1577
1673
1784
1979
2067
2058
2072
2092
1924
1818
1597
1256
893
487
122
-172
-394
-477
-478
-481
-470
-529
-686
-911
-1175
-1385
-1510
-1514
-1291
-958
-572
-201
37
112
154
11
-251
-434
-527
-566
-497
-372
-302
-282
-199
-250
-342
-442
-578
-605
-647
-648
-624
-514
-381
-292
-197
-95
-17
-26
-151
-235
-394
-471
-519
-573
-458
-360
-322
-241
-271
-331
-465
-644
-755
-902
-908
-934
-901
-817
-696
-613
-558
-517
-527
-561
-595
-669
-665
-610
-547
-384
-235
-96
-35
-17
1
-104
-200
-256
-233
-176
-75
42
61
142
172
152
121
32
-10
-45
2
226
538
926
1376
1688
2029
2226
2337
2508
2545
2659
2763
2918
3076
3219
3344
3488
3590
3595
3633
3589
3409
3045
2477
1711
615
-489
-1602
-2463
-2933
-3069
-2869
-2625
-2441
-2480
-2638
-2919
-3123
-3068
-2874
-2426
-1919
-1333
-681
-74
573
1105
1479
1834
2095
2113
1978
1733
1334
1099
952
890
896
847
644
260
-250
-926
-1532
-2059
-2421
-2649
-2703
-2680
-2556
-2426
-2307
-2158
-2003
-1761
-1478
-1224
-1053
-869
-721
-515
-222
106
407
716
843
775
618
414
227
-40
-263
-441
-580
-695
-837
-939
-1104
-1251
-1344
-1382
-1403
-1348
-1343
-1316
-1218
-1056
-813
-449
-143
133
353
482
537
611
686
777
1045
1185
1385
1527
1611
1625
1540
1536
1494
1513
1568
1588
1715
1862
2092
2431
2767
3043
3278
3503
3649
3764
3899
4120
4310
4373
4313
3871
3006
1675
27
-1669
-3066
-3858
-4229
-4095
-3810
-3612
-3483
-3490
-3384
-3143
-2872
-2617
-2331
-2057
-1735
-1173
-413
530
1563
2570
3349
3717
3679
3245
2622
1978
1423
1118
895
681
388
-119
-699
-1234
-1706
-2117
-2522
-3009
-3489
-3859
-4129
-4090
-3828
-3331
-2734
-2093
-1450
-1021
-696
-589
-467
-339
-136
204
529
784
871
863
806
738
619
490
199
-204
-649
-1088
-1411
-1647
-1744
-1753
-1758
-1698
-1673
-1648
-1560
-1470
-1298
-1048
-764
-464
-234
-31
208
451
689
934
1073
1189
1150
1057
1007
1025
1093
1207
1352
1333
1378
1343
1371
1457
1534
1781
2075
2314
2563
2869
3174
3439
3726
4090
4401
4666
4787
4846
4668
4158
3275
1886
156
-1627
-3232
-4320
-4778
-4789
-4482
-4176
-3854
-3586
-3293
-2848
-2451
-2027
-1782
-1524
-1250
-761
25
1028
2197
3284
4163
4757
4793
4363
3716
2879
2063
1369
780
151
-418
-965
-1448
-1778
-2002
-2329
-2700
-3128
-3714
-4153
-4405
-4444
-4218
-3748
-3138
-2396
-1614
-892
-353
39
329
493
637
714
677
603
523
400
354
406
365
253
28
-391
-852
-1271
-1572
-1847
-1983
-2072
-2132
-2055
-1920
-1605
-1230
-830
-535
-246
-38
94
176
272
432
563
713
937
1013
998
1026
1009
1118
1107
1170
1113
980
894
779
788
855
1057
1299
1673
2065
2426
2834
3297
3709
4062
4429
4691
4929
5087
5100
5018
4631
3824
2505
688
-1208
-3023
-4333
-5038
-5343
-5329
-5206
-4928
-4549
-3936
-3111
-2363
-1693
-1355
-1209
-1048
-739
-160
723
1838
2994
3943
4613
4835
4685
4170
3520
2727
1783
892
-195
-1187
-1977
-2512
-2700
-2631
-2565
-2650
-2861
-3199
-3462
-3559
-3450
-3276
-2986
-2613
-2106
-1436
-709
77
809
1320
1669
1837
1656
1321
891
511
158
-85
-231
-484
-762
-1121
-1438
-1632
-1788
-1962
-2134
-2372
-2546
-2590
-2507
-2238
-1817
-1319
-855
-361
69
440
808
1053
1217
1288
1292
1183
1084
884
691
601
473
349
243
139
39
13
-47
39
106
186
318
456
777
1176
1698
2194
2789
3445
4066
4680
5228
5716
6041
6234
6181
5947
5315
4196
2577
703
-1174
-2930
-4169
-4974
-5396
-5604
-5623
-5362
-4882
-4102
-3198
-2415
-1730
-1317
-967
-567
-41
715
1590
2559
3492
4135
4611
4843
4793
4492
3977
3180
2071
828
-514
-1674
-2503
-2985
-3162
-3266
-3394
-3520
-3605
-3497
-3241
-2892
-2613
-2418
-2250
-1929
-1600
-943
-112
701
1490
2096
2470
2548
2453
2121
1775
1267
583
-160
-903
-1609
-2183
-2517
-2687
-2789
-2883
-2959
-3013
-3044
-2937
-2683
-2344
-2083
-1682
-1253
-782
-211
381
1028
1563
1885
1961
1933
1820
1598
1376
1119
880
558
165
-134
-341
-435
-481
-431
-389
-407
-364
-290
-98
168
522
965
1463
2128
2811
3585
4374
5111
5840
6426
6829
6897
6757
6252
5231
3767
1754
-450
-2480
-4149
-5362
-6050
-6427
-6458
-6092
-5416
-4464
-3393
-2454
-1675
-1194
-814
-447
-35
630
1466
2431
3332
4120
4684
5010
5171
5012
4610
3779
2549
1056
-502
-1866
-2917
-3582
-3989
-4191
-4282
-4249
-4066
-3680
-3129
-2549
-2135
-1857
-1624
-1343
-887
-265
494
1291
2000
2483
2849
3033
3058
2937
2621
1996
1089
-15
-1055
-2005
-2825
-3409
-3900
-4279
-4449
-4511
-4377
-3999
-3458
-2876
-2380
-1864
-1280
-793
-155
573
1236
1784
2101
2291
2299
2217
2085
1823
1490
1036
426
-162
-735
-1097
-1362
-1555
-1599
-1602
-1512
-1367
-1149
-852
-430
-38
406
917
1459
2013
2712
3410
4170
4918
5578
6247
6761
7123
7267
7160
6703
5726
4117
2060
-311
-2583
-4553
-6120
-7176
-7910
-8062
-7712
-6844
-5590
-4153
-2682
-1365
-338
419
1020
1631
2261
2903
3599
4119
4663
5110
5422
5603
5508
5081
4275
3064
1605
-28
-1638
-2994
-4207
-5108
-5701
-6020
-5917
-5340
-4428
-3311
-2169
-1296
-595
-82
280
707
1076
1418
1882
2154
2457
2870
3175
3395
3450
3211
2575
1597
366
-911
-2253
-3453
-4492
-5365
-6035
-6313
-6235
-5735
-4817
-3798
-2763
-1746
-865
-74
733
1378
2030
2514
2743
2835
2866
2829
2637
2330
1960
1400
737
-36
-757
-1376
-1928
-2348
-2714
-2844
-2904
-2696
-2299
-1811
-1153
-491
89
658
1180
1718
2332
2983
3606
4197
4888
5536
6169
6767
7264
7564
7700
7486
6819
5447
3491
1111
-1660
-4022
-6239
-7920
-8985
-9602
-9293
-8577
-7226
-5401
-3474
-1549
44
1242
2029
2643
3138
3515
3931
4315
4648
5040
5281
5467
5566
5342
4937
3854
2404
737
-1170
-2930
-4545
-5866
-6764
-7312
-7357
-6873
-5902
-4500
-2961
-1509
-301
694
1480
1896
2242
2438
2472
2441
2290
2310
2308
2499
2699
2667
2378
1821
906
-248
-1513
-2843
-4116
-5368
-6404
-7111
-7296
-6946
-6043
-4714
-3325
-1924
-584
602
1686
2509
3137
3462
3509
3315
3000
2646
2231
1875
1361
794
149
-605
-1342
-1992
-2537
-3002
-3329
-3666
-3771
-3606
-3242
-2564
-1797
-974
-126
661
1454
2193
2914
3552
4131
4586
5003
5419
5755
6178
6558
6864
7022
6979
6729
6218
5258
3579
1436
-1311
-3931
-6224
-8349
-9604
-10516
-10660
-9977
-8904
-7040
-4690
-2197
225
2148
3550
4489
5058
5352
5490
5547
5496
5382
5231
5008
4910
4764
4425
3861
2741
1342
-365
-2331
-4134
-5733
-6986
-7810
-8245
-8114
-7256
-5791
-3959
-1994
-96
1535
2735
3454
3829
3961
3802
3514
3040
2528
2078
1793
1698
1652
1586
1346
791
-91
-1068
-2219
-3349
-4485
-5520
-6302
-6779
-6834
-6419
-5434
-4134
-2616
-1005
412
1714
2760
3521
4036
4168
3909
3409
2633
1826
1086
376
-147
-723
-1309
-1921
-2505
-2999
-3407
-3664
-3876
-3915
-3804
-3541
-2993
-2233
-1284
-309
716
1725
2601
3392
4044
4607
5018
5346
5585
5784
5983
6104
6292
6355
6362
6336
6045
5623
4629
2917
757
-1977
-4492
-6800
-8980
-10375
-11372
-11470
-10766
-9457
-7208
-4549
-1632
1046
3207
4954
6114
6812
7063
7015
6754
6212
5624
4974
4380
4078
3781
3427
2960
2163
1051
-442
-2156
-3813
-5433
-6803
-7802
-8433
-8379
-7650
-6239
-4332
-2189
-32
1829
3371
4342
4893
5155
4983
4467
3614
2674
1807
1046
594
359
211
132
-206
-741
-1379
-2173
-3007
-3893
-4782
-5530
-6125
-6404
-6260
-5667
-4566
-3194
-1635
-90
1404
2720
3741
4470
4745
4558
4010
3168
2078
962
-22
-877
-1644
-2286
-2809
-3201
-3430
-3564
-3632
-3595
-3420
-3233
-2963
-2556
-1932
-1116
-149
795
1789
2794
3621
4395
5008
5643
5984
6238
6399
6380
6394
6327
6265
6125
5903
5602
4921
3466
1716
-716
-3201
-5483
-7848
-9539
-10861
-11553
-11344
-10573
-8837
-6364
-3586
-636
1931
4095
5777
6947
7619
7736
7635
7100
6267
5355
4388
3776
3261
2780
2446
1808
971
-70
-1482
-2848
-4253
-5602
-6740
-7758
-8195
-8040
-7229
-5786
-3941
-1900
141
2076
3567
4663
5518
5898
5726
5164
4144
3062
1912
988
343
-170
-470
-825
-1173
-1596
-1944
-2351
-2792
-3322
-4004
-4653
-5296
-5720
-5762
-5346
-4440
-3338
-2007
-521
964
2425
3550
4375
4831
4791
4324
3446
2310
1101
-46
-1112
-2052
-2840
-3334
-3656
-3854
-3830
-3701
-3485
-3207
-2897
-2584
-2093
-1484
-803
-43
738
1624
2549
3389
4233
4947
5571
6089
6429
6567
6638
6561
6288
6082
5703
5369
4929
3842
2277
274
-2068
-4214
-6430
-8228
-9467
-10470
-10637
-10368
-9372
-7433
-4955
-2137
619
2965
4974
6487
7447
7989
8113
7942
7275
6274
5090
3955
3059
2330
1786
1228
514
-279
-1355
-2604
-3712
-4862
-5745
-6542
-7172
-7366
-7125
-6342
-5029
-3312
-1337
614
2299
3641
4674
5417
5789
5726
5198
4349
3252
2031
955
15
-664
-1197
-1674
-2040
-2372
-2613
-2826
-3086
-3382
-3821
-4427
-4960
-5330
-5269
-4910
-4060
-2861
-1573
14
1474
2826
4036
4830
5312
5130
4414
3393
2062
695
-595
-1789
-2797
-3585
-4116
-4435
-4420
-4117
-3652
-3086
-2601
-2114
-1600
-1127
-518
79
752
1528
2245
2971
3650
4361
5081
5743
6284
6572
6726
6802
6683
6495
6178
5730
4927
3510
1710
-671
-3061
-5133
-7226
-8644
-9688
-10350
-10296
-9832
-8530
-6458
-3945
-1210
1215
3361
5084
6318
7187
7760
7944
7741
7151
6164
5015
3920
3071
2306
1652
971
165
-871
-2125
-3233
-4310
-5278
-5949
-6641
-7043
-7092
-6740
-5692
-4224
-2402
-307
1562
3137
4384
5337
5972
6151
5932
5298
4262
2946
1676
470
-537
-1238
-1830
-2290
-2683
-2998
-3235
-3399
-3625
-3884
-4172
-4576
-4914
-5133
-4936
-4363
-3390
-2123
-741
759
2174
3464
4518
5283
5640
5458
4648
3496
2050
544
-906
-2208
-3262
-4065
-4644
-4850
-4791
-4413
-3791
-3076
-2307
-1645
-1075
-522
55
619
1241
1910
2552
3138
3715
4298
4899
5527
5990
6389
6605
6622
6609
6367
6043
5532
4524
2926
882
-1673
-4047
-6254
-8266
-9496
-10398
-10640
-10252
-9328
-7547
-5246
-2594
159
2521
4534
6038
6963
7441
7629
7484
7002
6253
5223
4185
3183
2333
1589
973
235
-556
-1613
-2791
-3879
-4944
-5749
-6383
-6906
-7031
-6729
-5997
-4717
-3052
-1006
1098
2969
4579
5726
6501
6818
6622
6027
5048
3751
2237
768
-522
-1546
-2270
-2782
-3096
-3264
-3446
-3513
-3528
-3735
-3978
-4164
-4501
-4717
-4766
-4481
-3683
-2578
-1184
325
1817
3272
4379
5179
5598
5529
4915
3836
2428
816
-721
-2097
-3244
-4078
-4525
-4690
-4616
-4211
-3600
-2802
-1958
-1132
-541
-17
421
741
1140
1599
2139
2613
3088
3608
4133
4655
5140
5562
5874
6017
5954
5729
5422
5039
4595
3800
2354
545
-1716
-3980
-5993
-7846
-8927
-9663
-9876
-9448
-8715
-7114
-4922
-2416
361
2850
4919
6426
7237
7647
7694
7423
6851
5933
4786
3525
2315
1322
527
3
-538
-1162
-1959
-2984
-3982
-4929
-5701
-6256
-6599
-6526
-6172
-5413
-4186
-2565
-590
1497
3372
4898
6084
6683
6834
6478
5724
4684
3315
1800
273
-1117
-2161
-2883
-3260
-3467
-3555
-3557
-3639
-3738
-3936
-4114
-4405
-4529
-4592
-4369
-3668
-2761
-1401
123
1681
3297
4510
5392
5830
5738
5143
4024
2538
798
-916
-2460
-3770
-4590
-4913
-4882
-4448
-3763
-2923
-1969
-926
-66
605
1036
1225
1310
1252
1271
1429
1706
2164
2594
3078
3706
4337
4981
5546
5934
6142
6132
5834
5449
4903
4187
2878
1043
-1030
-3399
-5497
-7355
-8595
-9204
-9453
-8956
-8151
-6807
-4812
-2585
-64
2261
4221
5714
6489
6805
6779
6488
6082
5429
4569
3633
2617
1696
1000
459
-32
-578
-1299
-2326
-3441
-4563
-5573
-6257
-6643
-6643
-6200
-5494
-4216
-2575
-632
1539
3486
5178
6387
6924
6953
6450
5544
4345
2896
1410
-95
-1367
-2277
-2849
-3103
-3186
-3186
-3265
-3542
-3843
-4247
-4561
-4787
-4856
-4671
-4177
-3330
-2180
-717
918
2559
3977
5088
5617
5596
4997
3889
2570
1064
-553
-2069
-3289
-4069
-4413
-4202
-3615
-2769
-1734
-847
-4
654
1078
1307
1269
1079
727
416
147
130
409
980
1764
2648
3520
4380
5159
5752
6191
6268
6110
5650
4964
4188
3259
1970
513
-1299
-3206
-4808
-6443
-7450
-8005
-8209
-7789
-7241
-6169
-4667
-3070
-1082
779
2490
3861
4633
5107
5236
5240
5038
4683
4208
3603
2892
2118
1346
814
212
-427
-1198
-2253
-3283
-4423
-5317
-5959
-6352
-6258
-5891
-5147
-3980
-2566
-790
1061
2695
4210
5153
5669
5712
5254
4571
3520
2388
1125
-38
-956
-1772
-2309
-2669
-2889
-3007
-3162
-3305
-3518
-3661
-3780
-3828
-3667
-3394
-2866
-2139
-1293
-238
927
1885
2762
3339
3576
3468
2970
2307
1370
369
-592
-1451
-2003
-2263
-2188
-1903
-1470
-935
-375
132
497
691
759
682
453
191
-101
-256
-243
-98
318
932
1692
2518
3265
3965
4518
4917
5132
5080
4834
4374
3887
3461
3050
2701
2121
1326
202
-1084
-2291
-3599
-4528
-5291
-5917
-6189
-6338
-5963
-5141
-3983
-2489
-969
661
1899
2762
3433
3837
4098
4067
3812
3405
2889
2359
1713
1188
915
659
449
99
-352
-983
-1737
-2437
-3128
-3722
-4061
-4285
-4174
-3755
-3126
-2105
-1031
97
1213
2019
2635
2933
2907
2608
2013
1309
523
-209
-841
-1322
-1581
-1667
-1672
-1501
-1337
-1201
-1125
-1129
-1206
-1279
-1436
-1610
-1656
-1732
-1615
-1409
-1045
-509
77
629
1199
1652
1955
2029
1918
1719
1429
1081
681
359
73
-105
-251
-324
-233
-161
-27
30
83
124
85
-32
-177
-281
-404
-479
-415
-267
-2
342
765
1208
1572
1932
2097
2209
2247
2182
2129
2106
2104
2056
2169
2305
2382
2393
2144
1763
1185
489
-285
-1036
-1697
-2312
-2797
-3141
-3169
-2973
-2614
-2149
-1600
-1039
-665
-337
-200
-187
-191
-282
-264
-281
-276
-196
-46
223
582
987
1343
1636
1702
1535
1215
802
464
81
-307
-553
-720
-809
-855
-726
-508
-231
-91
-64
-155
-460
-789
-1181
-1431
-1654
-1842
-1994
-1978
-1788
-1491
-1163
-812
-445
-153
-48
-9
-39
-115
-279
-415
-552
-655
-702
-706
-515
-302
-11
259
499
657
713
642
491
316
116
-47
-124
-224
-265
-273
-209
-97
28
104
170
188
152
108
-44
-246
-453
-624
-802
-821
-774
-609
-370
-125
156
423
597
692
766
713
662
541
485
463
555
731
985
1347
1717
2093
2379
2621
2716
2665
2388
2035
1633
1127
645
247
-119
-483
-743
-926
-1013
-1053
-1062
-1067
-1094
-1125
-1227
-1362
-1403
-1423
-1378
-1214
-1084
-937
-716
-500
-330
-131
84
235
352
401
481
501
548
596
643
698
766
796
810
770
661
499
223
28
-222
-512
-791
-1080
-1243
-1297
-1288
-1250
-1084
-874
-706
-532
-427
-387
-358
-321
-272
-313
-363
-340
-307
-147
-11
237
518
730
840
936
945
960
945
798
735
583
467
262
124
52
12
-11
12
43
-20
-27
-132
-253
-386
-494
-559
-657
-665
-627
-540
-432
-219
-73
-10
92
107
-3
-147
-211
-318
-396
-452
-381
-291
-121
170
438
680
892
1082
1169
1210
1195
1091
1025
926
864
798
787
792
793
888
905
946
902
779
646
432
221
75
-83
-182
-298
-325
-364
-409
-377
-362
-456
-566
-638
-683
-750
-845
-807
-732
-613
-464
-321
-149
88
275
394
495
543
437
260
84
-102
-304
-428
-603
-756
-816
-871
-816
-828
-758
-702
-693
-692
-701
-716
-674
-628
-588
-554
-489
-397
-311
-214
-114
-23
113
133
113
141
168
185
239
336
394
468
457
455
384
365
314
246
191
86
-15
-107
-181
-247
-263
-243
-240
-285
-289
-292
-287
-281
-287
-274
-284
-376
-389
-440
-465
-408
-347
-290
-246
-190
-152
-73
32
200
293
337
366
420
428
433
424
402
370
318
220
116
54
-21
-41
-66
-3
26
40
127
192
315
410
545
615
634
602
544
442
354
262
147
-7
-201
-360
-411
-401
-309
-236
-139
10
112
213
334
461
536
501
408
287
147
-9
-170
-264
-435
-546
-621
-650
-634
-586
-501
-456
-426
-384
-329
-365
-341
-356
-365
-350
-307
-268
-167
-139
-9
40
77
189
177
245
257
318
301
455
485
480
553
505
438
371
334
227
188
96
-7
-114
-207
-244
-332
-343
-365
-374
-363
-350
-392
-426
-403
-356
-374
-424
-485
-505
-413
-457
-406
-295
-202
-67
-13
37
63
98
121
99
99
100
40
43
49
17
22
-39
-107
-173
-265
-335
-362
-365
-331
-366
-335
-291
-186
-45
120
282
412
486
470
463
466
390
311
219
140
63
13
1
110
156
216
342
391
439
466
533
575
517
446
393
288
225
157
135
75
70
75
55
104
140
169
210
145
65
0
-155
-221
-227
-259
-252
-215
-156
-147
-85
-85
-11
51
82
109
131
127
146
230
319
464
559
627
686
671
634
598
564
506
376
226
112
1
-110
-179
-252
-290
-310
-359
-412
-443
-435
-499
-544
-533
-583
-660
-682
-644
-588
-518
-357
-196
-87
42
147
183
209
260
240
246
208
128
65
-59
-74
-149
-188
-207
-277
-386
-452
-514
-612
-665
-745
-812
-838
-823
-863
-781
-599
-456
-293
-126
-35
64
155
217
251
319
348
328
313
325
340
387
367
318
318
296
334
337
329
333
317
230
231
238
276
282
313
388
344
413
463
439
445
435
401
347
273
183
84
78
29
54
91
165
225
254
292
267
275
192
140
115
96
94
140
188
251
410
479
561
581
574
510
431
351
262
162
45
36
-6
-74
-122
-105
-120
-157
-173
-237
-239
-302
-339
-387
-462
-484
-493
-483
-466
-311
-221
-81
44
119
201
224
300
285
291
305
217
161
35
-51
-133
-149
-199
-250
-301
-366
-456
-540
-586
-644
-738
-811
-868
-911
-863
-728
-564
-365
-189
-51
108
187
259
318
258
257
144
-5
-149
-244
-287
-280
-231
-181
-101
-17
90
127
230
279
338
411
369
368
389
454
499
590
683
699
678
711
704
660
585
481
329
211
95
-35
-64
-138
-72
-79
-60
4
44
67
119
171
185
215
229
298
348
453
508
601
668
659
607
542
465
333
208
79
-54
-116
-222
-344
-412
-466
-444
-427
-408
-424
-404
-408
-444
-433
-421
-439
-421
-345
-292
-222
-127
15
134
221
336
381
368
383
393
330
248
142
-33
-226
-405
-521
-655
-780
-861
-913
-977
-1015
-1002
-932
-883
-832
-762
-706
-633
-515
-348
-192
-6
197
330
430
534
565
624
561
527
388
176
-6
-241
-397
-507
-568
-634
-662
-658
-584
-503
-430
-284
-110
25
154
311
385
516
566
688
793
816
826
796
716
637
556
395
320
130
3
-60
-131
-207
-197
-163
-154
-85
6
89
146
228
342
402
441
489
522
599
625
745
802
754
674
604
491
335
171
31
-85
-227
-320
-442
-525
-523
-534
-524
-536
-565
-592
-589
-612
-637
-540
-481
-407
-313
-250
-144
41
197
358
451
522
544
529
476
344
225
175
49
-236
-469
-669
-895
-1074
-1192
-1236
-1297
-1284
-1217
-1236
-1143
-1015
-898
-767
-718
-590
-493
-367
-236
-118
81
283
470
547
719
766
831
819
711
589
372
127
-153
-374
-599
-723
-794
-865
-858
-804
-683
-464
-239
-4
214
419
586
715
766
836
861
855
848
791
762
642
498
396
272
195
73
-26
-154
-245
-249
-254
-231
-130
-27
41
125
241
344
443
489
553
674
756
751
716
766
728
726
639
541
390
278
162
68
-21
-147
-247
-322
-368
-472
-536
-613
-597
-599
-614
-573
-510
-456
-334
-198
-71
61
171
324
464
553
607
639
624
604
545
397
301
158
30
-212
-453
-602
-744
-903
-1054
-1123
-1221
-1293
-1317
-1330
-1240
-1146
-1057
-961
-909
-837
-722
-562
-379
-196
-5
150
211
357
485
588
621
580
507
354
131
-111
-339
-578
-747
-878
-936
-938
-901
-763
-617
-381
-88
241
485
712
877
957
970
992
1007
917
864
768
681
518
434
324
203
137
25
-38
-110
-192
-222
-216
-201
-113
-51
60
193
249
371
491
594
695
824
871
861
884
890
928
900
840
763
594
449
311
209
61
-106
-218
-416
-550
-675
-717
-781
-736
-680
-650
-491
-320
-171
10
189
336
459
563
619
706
625
620
579
508
484
344
255
130
-1
-107
-239
-388
-579
-751
-870
-1036
-1172
-1268
-1359
-1398
-1394
-1341
-1184
-1072
-1001
-803
-665
-491
-355
-105
99
175
347
447
543
587
563
484
435
364
141
-111
-355
-557
-766
-906
-990
-1024
-994
-915
-741
-499
-237
50
389
686
859
1031
1138
1086
1139
1060
1015
872
757
673
504
411
264
245
123
30
-79
-218
-289
-376
-444
-413
-354
-355
-254
-146
-44
127
253
449
569
682
838
884
916
971
962
912
903
761
589
387
306
161
-17
-200
-403
-527
-713
-747
-796
-798
-782
-703
-591
-447
-286
-121
89
211
373
466
593
629
685
696
668
666
588
545
420
334
200
99
-22
-184
-338
-535
-706
-875
-1040
-1173
-1301
-1436
-1527
-1535
-1434
-1404
-1289
-1145
-970
-843
-673
-463
-280
-118
38
192
234
302
336
364
387
299
203
34
-136
-295
-536
-722
-903
-965
-993
-1004
-932
-848
-657
-436
-161
94
319
514
623
737
831
900
889
865
832
810
751
678
577
492
407
302
224
34
-108
-216
-314
-361
-375
-385
-373
-360
-294
-160
49
228
398
558
722
803
855
950
982
1032
966
859
730
600
419
253
83
-49
-193
-337
-561
-663
-747
-777
-797
-847
-792
-705
-630
-497
-353
-214
-31
42
172
289
344
409
485
506
514
524
476
392
301
220
167
4
-157
-296
-431
-589
-770
-892
-1003
-1073
-1132
-1164
-1158
-1107
-1046
-907
-796
-663
-538
-408
-267
-170
-89
-61
2
68
101
99
140
157
120
67
-9
-53
-186
-371
-475
-595
-672
-687
-736
-726
-685
-559
-414
-251
-20
199
399
589
669
806
810
852
898
896
876
775
676
538
412
293
167
26
-110
-200
-273
-342
-371
-349
-377
-316
-232
-144
-28
109
262
446
597
753
866
981
1010
1047
1027
955
852
691
505
332
163
-2
-108
-259
-365
-458
-546
-587
-576
-598
-602
-556
-493
-406
-303
-163
-43
69
239
336
437
553
603
652
599
612
562
493
384
226
103
-3
-112
-306
-485
-530
-676
-736
-753
-834
-814
-861
-869
-834
-749
-683
-605
-427
-309
-187
-81
50
93
126
179
174
170
164
113
36
-6
-101
-172
-282
-414
-547
-636
-770
-850
-893
-898
-896
-843
-747
-642
-494
-329
-92
93
294
455
612
746
836
922
984
993
970
876
760
660
465
269
122
-28
-131
-295
-355
-388
-423
-428
-360
-328
-282
-208
-49
86
229
404
506
616
759
922
926
1021
1022
945
814
630
509
289
144
-38
-198
-341
-464
-563
-622
-673
-681
-658
-631
-533
-485
-364
-265
-140
-15
149
280
437
550
605
701
686
680
596
443
328
171
3
-196
-378
-553
-709
-816
-954
-960
-1000
-1013
-1011
-977
-940
-876
-770
-661
-516
-407
-286
-130
-48
54
192
287
379
423
455
470
460
432
375
289
166
97
-97
-324
-500
-586
-652
-795
-827
-850
-856
-820
-766
-690
-606
-415
-230
-41
133
280
402
498
612
731
815
847
856
870
847
728
649
493
325
179
48
-102
-252
-360
-376
-397
-417
-423
-376
-277
-234
-192
-147
-189
-103
64
489
1032
1482
1773
1666
1342
846
462
273
256
320
330
199
-118
-482
-780
-837
-808
-638
-451
-349
-325
-411
-433
-405
-238
5
248
362
349
329
278
304
384
515
525
385
184
-135
-333
-508
-485
-400
-249
-222
-280
-404
-584
-710
-854
-811
-696
-553
-444
-374
-381
-442
-500
-418
-246
-48
100
168
175
131
119
123
124
158
240
316
269
140
-71
-265
-425
-520
-566
-564
-547
-596
-544
-562
-519
-385
-256
-88
44
126
193
294
415
489
629
769
779
863
771
735
669
584
510
385
200
47
-91
-267
-369
-430
-428
-429
-328
-244
-181
-116
-47
63
220
379
547
600
641
628
627
597
608
549
468
355
211
39
-121
-162
-284
-247
-325
-337
-366
-376
-353
-336
-194
-160
-1
72
214
373
418
467
540
625
721
787
725
640
513
386
259
118
-36
-200
-274
-434
-573
-627
-714
-695
-716
-712
-642
-588
-503
-437
-378
-330
-237
-182
-126
-47
63
142
226
291
290
299
256
256
223
126
63
-108
-280
-437
-605
-662
-668
-672
-768
-781
-863
-873
-785
-747
-637
-494
-350
-273
-203
-157
-68
25
176
333
402
487
496
518
585
608
607
594
523
452
270
155
70
-11
-91
-207
-274
-300
-320
-234
-193
-97
-9
128
300
419
561
638
645
642
680
711
776
721
706
620
525
388
298
249
232
293
273
327
369
346
472
472
547
651
656
750
771
834
876
1062
1045
1091
1077
1072
1059
864
823
620
419
157
-116
-433
-698
-954
-1172
-1284
-1386
-1482
-1581
-1677
-1801
-1774
-1662
-1580
-1515
-1436
-1412
-1280
-1164
-1046
-928
-865
-734
-602
-535
-537
-479
-517
-593
-629
-690
-720
-759
-836
-914
-961
-995
-1004
-995
-1043
-892
-841
-764
-607
-510
-367
-184
-75
133
407
624
921
1119
1301
1435
1687
1920
2136
2413
2604
2718
2794
2852
2816
2906
3100
3389
3660
3816
3795
3617
2955
2072
1205
425
190
207
241
130
-530
-1653
-2837
-3692
-3644
-3059
-2274
-1645
-1657
-2266
-2971
-3366
-2945
-1727
-399
714
1051
672
94
-260
119
1261
2473
3288
3384
2622
1450
556
368
879
1599
1971
1621
483
-1061
-2404
-3019
-2905
-2426
-2135
-2287
-3047
-4133
-4958
-5104
-4498
-3493
-2496
-1899
-1728
-1907
-2035
-1744
-1069
-142
689
1154
1202
881
502
320
438
821
1125
1282
1175
822
402
109
93
240
456
695
718
588
470
496
806
1263
1775
2333
2866
3410
4004
4609
5276
5947
6518
6251
5034
3286
1362
421
322
720
1227
699
-1055
-3538
-5864
-6666
-5938
-4363
-2538
-1744
-2346
-3982
-5464
-5467
-3708
-978
1555
3144
3014
1724
371
115
1622
3950
5968
6908
6029
3908
1659
266
485
1653
2601
2674
1357
-884
-3172
-4615
-4709
-3898
-2999
-2714
-3238
-4485
-5605
-6041
-5523
-4235
-2946
-1893
-1375
-1381
-1342
-1203
-651
262
1155
2010
2438
2469
2239
1825
1401
1039
747
691
631
386
-124
-861
-1553
-2154
-2431
-2207
-1619
-1070
-782
-699
-723
-609
-226
543
1573
2545
3208
3513
3691
4063
4692
5710
6979
8034
8809
9000
8176
6226
3731
1142
-143
-134
244
603
-109
-2482
-5758
-8869
-10123
-9015
-6789
-4172
-2721
-3086
-4833
-6631
-6789
-4532
-913
2741
5227
5482
3968
1955
993
2301
5014
7572
8903
7932
5153
1796
-672
-1102
-93
1091
1475
275
-2289
-5168
-7180
-7553
-6313
-4792
-3744
-3618
-4429
-5291
-5476
-4647
-2896
-984
397
1092
857
477
415
753
1616
2490
2931
2807
2054
1156
317
-240
-453
-727
-954
-1255
-1862
-2475
-2860
-3035
-3006
-2831
-2502
-1965
-1462
-1019
-441
178
863
1496
2151
3036
3851
4406
4753
5090
5399
5812
6395
7170
7990
8541
8744
8669
7195
4598
1478
-1221
-2118
-2097
-1558
-1072
-2183
-4913
-8409
-11128
-11042
-8991
-5710
-2615
-1257
-1970
-3977
-5351
-4562
-1348
2689
6343
8191
7438
5091
2766
2102
3818
6311
8259
8521
6256
2498
-1338
-3586
-3615
-2438
-1335
-1322
-2975
-5784
-8269
-9485
-8910
-7009
-5057
-3724
-3450
-3931
-4179
-3739
-2466
-511
1166
2402
2798
2493
2300
2272
2552
2869
3002
2858
2290
1333
453
-364
-1076
-1790
-2414
-2777
-3014
-3226
-3394
-3401
-3403
-3301
-3065
-2462
-1545
-636
49
682
1174
1580
1978
2669
3596
4315
4675
4707
4723
4654
4855
5408
6239
6890
7321
7545
7572
6715
4380
1433
-1484
-3136
-3335
-2695
-1644
-1648
-3601
-6754
-9881
-10982
-9494
-6268
-2435
136
457
-1159
-3129
-3534
-1342
2554
6506
9069
9109
6877
3889
1804
2069
4154
6298
7305
5937
2530
-1518
-4700
-5713
-4809
-3371
-2630
-3330
-5382
-7623
-9054
-8881
-7155
-4848
-2998
-2053
-1888
-1856
-1450
-492
1020
2572
3686
4257
4244
3879
3340
2598
1959
1320
896
709
292
-400
-1424
-2852
-4251
-5128
-5169
-4419
-3615
-3071
-3013
-3429
-3709
-3634
-2760
-1182
244
1292
1689
1637
1535
1737
2649
3940
4990
5394
5122
4526
3963
3968
4637
5677
6503
6785
6633
6387
6111
4958
2788
44
-2696
-4017
-4028
-3183
-1966
-2087
-3967
-7034
-9773
-10022
-7802
-3972
-66
2152
1893
-243
-2244
-2157
686
4809
8460
10239
9179
6037
2682
1006
2026
4294
6116
6221
3790
-287
-4312
-6609
-6485
-4907
-3439
-3047
-4213
-6285
-8019
-8410
-7178
-4944
-2868
-1591
-1136
-1044
-606
326
1534
2736
3358
3320
2946
2666
2791
2966
2888
2315
1099
-189
-1305
-1914
-2249
-2461
-2910
-4005
-5034
-5633
-5514
-4806
-3838
-2929
-2319
-2152
-2076
-1623
-667
624
1780
2582
3034
3188
3228
3414
3852
4237
4444
4312
4042
3842
3783
4054
4417
4866
5130
5181
5275
5461
4910
3074
397
-2488
-4215
-4438
-3612
-2140
-1443
-2800
-5599
-8460
-9358
-7680
-4302
-346
2358
2690
881
-1325
-2084
-205
3278
6786
8820
8412
5838
2638
511
607
2259
3963
4603
3191
90
-3443
-5892
-6369
-5398
-4080
-3245
-3502
-4704
-5944
-6489
-5937
-4457
-2832
-1454
-413
232
871
1560
2077
2378
2242
2130
2394
2987
3697
3837
3112
1537
-448
-1920
-2266
-1902
-1361
-1414
-2410
-4247
-5963
-6603
-5990
-4232
-2402
-1195
-961
-1555
-2060
-1943
-694
1237
2808
3852
3858
3239
2621
2403
2921
3818
4520
4691
4243
3567
3196
3261
3727
4412
4956
5168
5291
5463
5405
4117
1711
-1200
-3711
-4616
-4163
-2731
-1394
-1921
-4299
-7501
-9652
-9093
-6335
-2260
1263
2619
1462
-927
-2432
-1699
1312
5179
8084
8831
6970
3829
1196
354
1584
3503
4731
4239
1606
-1962
-4950
-6315
-5822
-4487
-3378
-3250
-4314
-5751
-6589
-6391
-5105
-3384
-1849
-671
-17
395
1026
1539
2011
2167
2287
2643
3043
3406
3529
2967
1703
16
-1450
-2121
-2100
-1890
-1974
-2616
-4003
-5407
-6232
-5944
-4474
-2780
-1435
-749
-849
-1120
-1130
-353
1211
2729
3837
4144
3840
3386
3082
3342
3969
4575
4907
4714
4257
3910
3815
4097
4610
5076
5443
5724
5805
5001
2734
-227
-3322
-5120
-5285
-4227
-2668
-2134
-3559
-6272
-9137
-10024
-8205
-4658
-490
2362
2826
1202
-730
-1347
461
3929
7362
9485
9047
6391
3267
1006
833
2205
3654
4174
2696
-511
-3921
-6420
-7177
-6408
-5166
-4304
-4456
-5504
-6561
-6931
-6337
-4936
-3198
-1694
-406
365
982
1725
2113
2405
2611
2713
3145
3685
3922
3787
2785
1225
-517
-1860
-2374
-2501
-2479
-2776
-3586
-4983
-6125
-6472
-5744
-4226
-2514
-1238
-647
-610
-801
-598
467
2049
3526
4435
4609
4241
3725
3599
3942
4563
5065
5227
4985
4479
4189
4232
4616
5076
5447
5770
5834
5245
3344
587
-2523
-4756
-5250
-4552
-3091
-2032
-2736
-4962
-7777
-9231
-8171
-5152
-1078
2189
3556
2639
669
-515
332
3246
6571
9056
9473
7518
4430
1633
574
1337
2686
3517
2714
211
-3049
-5941
-7259
-7025
-5857
-4721
-4450
-5002
-5875
-6298
-6053
-4930
-3222
-1546
-166
563
1078
1597
2015
2440
2686
2850
3055
3015
2945
2684
1999
819
-767
-2182
-3073
-3617
-3827
-3980
-4349
-4998
-5909
-6291
-5847
-4705
-3188
-1791
-641
52
250
475
1118
2169
3278
4146
4665
4696
4455
4214
4167
4351
4565
4526
4353
4108
3902
3920
4080
4448
4816
5157
5352
4956
3209
650
-2308
-4504
-4858
-4157
-2655
-1598
-2258
-4392
-7189
-8620
-7523
-4560
-625
2646
3938
2990
1014
-271
544
3347
6620
9045
9436
7458
4389
1498
345
1104
2454
3467
2793
371
-2876
-5741
-7222
-7004
-5857
-4675
-4131
-4542
-5289
-5747
-5552
-4522
-2884
-1258
116
912
1482
1943
2192
2533
2587
2598
2849
2821
2717
2497
1728
549
-1103
-2572
-3424
-3865
-3932
-4043
-4453
-5171
-5991
-6386
-5887
-4662
-3056
-1603
-612
-67
39
231
1032
2161
3360
4257
4645
4540
4142
3902
4082
4530
4934
5070
4686
4257
3957
3991
4458
5124
5862
6232
5746
3681
731
-2462
-4709
-4928
-3978
-2375
-1345
-2249
-4621
-7607
-9337
-8321
-5206
-963
2481
3824
2947
912
-453
123
2932
6575
9401
10073
8188
5054
1857
359
1023
2512
3761
3331
899
-2542
-5823
-7736
-7769
-6507
-4928
-4133
-4436
-5303
-5962
-5975
-5123
-3331
-1371
220
1041
1430
1734
2033
2445
2841
3143
3472
3468
3090
2576
1836
866
-425
-1658
-2547
-3240
-3664
-4039
-4484
-5027
-5664
-5961
-5629
-4677
-3443
-2138
-1157
-470
-8
467
1272
2326
3412
4246
4575
4470
4221
3982
4112
4460
4785
4884
4623
4088
3682
3577
3921
4588
5329
5813
4982
2367
-1011
-4347
-5949
-5423
-3791
-1811
-1295
-2918
-5864
-8821
-9532
-7491
-3732
354
3120
3599
2000
74
-626
925
4087
7326
9327
9077
6869
3819
1304
555
1404
2712
3365
2246
-368
-3526
-6145
-7400
-7156
-6006
-4893
-4356
-4593
-5063
-5457
-5255
-4266
-2779
-987
624
1611
2215
2360
2439
2567
2747
3208
3682
3906
3727
2919
1628
299
-884
-1700
-2144
-2394
-2867
-3610
-4610
-5518
-5998
-5942
-5083
-3841
-2659
-1761
-1388
-1005
-569
237
1530
2905
3965
4411
4349
3970
3662
3683
4085
4628
4896
4650
4174
3695
3380
3465
3874
4647
5396
5766
5035
2760
-232
-3476
-5347
-5217
-3904
-2065
-1300
-2459
-5102
-8132
-9375
-8158
-4895
-839
2124
3055
1711
-325
-1463
-483
2424
5803
8343
8698
6893
4054
1420
463
1105
2466
3415
2691
522
-2553
-5440
-6904
-6978
-5949
-4718
-4158
-4392
-5106
-5701
-5763
-4853
-3240
-1417
75
909
1519
1578
1707
2154
2653
3317
3789
3824
3555
2845
1831
868
-65
-663
-1273
-1919
-2622
-3496
-4429
-5168
-5519
-5417
-4809
-4090
-3332
-2625
-2076
-1464
-820
207
1400
2447
3422
3718
3844
3815
3768
4131
4578
5019
5115
4800
4272
3777
3676
4116
4633
5212
5654
5771
5045
3002
358
-2441
-4246
-4507
-3745
-2460
-1767
-2636
-4677
-7265
-8575
-7767
-5286
-1861
1033
2420
1804
408
-551
-16
2148
4999
7463
8276
7148
4890
2422
1037
1132
2068
3004
2782
1064
-1688
-4559
-6548
-7144
-6469
-5273
-4462
-4491
-5120
-5868
-6234
-5675
-4169
-2231
-496
514
926
1052
1034
1345
2006
2818
3587
3738
3303
2397
1466
616
-107
-484
-779
-1375
-2382
-3398
-4470
-5238
-5440
-5300
-4580
-3836
-3283
-2819
-2494
-1960
-1147
-69
1236
2449
3311
3649
3712
3673
3700
3997
4566
5126
5293
5073
4536
4069
3806
4057
4688
5391
5997
6228
5876
4161
1611
-1224
-3479
-3972
-3405
-2317
-1460
-2162
-4151
-6858
-8656
-8228
-6054
-2801
270
1916
1585
268
-818
-541
1563
4406
7028
8325
7537
5553
3142
1566
1585
2444
3479
3606
2081
-523
-3482
-5649
-6506
-6192
-5237
-4407
-4397
-5179
-6061
-6645
-6357
-5162
-3537
-1825
-663
-59
188
210
568
1164
1882
2796
3296
3265
2670
1781
962
181
-242
-553
-868
-1498
-2437
-3510
-4336
-4869
-4927
-4461
-3902
-3302
-2857
-2579
-2237
-1749
-917
220
1412
2474
3069
3392
3509
3479
3763
4204
4854
5412
5501
5379
5162
4908
4970
5320
6054
6797
6975
5568
2811
-508
-3590
-4818
-4408
-2932
-1479
-1718
-3749
-6767
-9263
-9357
-7130
-3430
125
2080
1852
259
-1190
-986
1319
4659
7757
9230
8320
6013
3427
1842
2085
3347
4686
4743
2997
38
-3140
-5396
-6161
-5737
-4797
-4205
-4478
-5387
-6320
-6844
-6619
-5541
-3937
-2323
-1140
-429
53
264
485
858
1551
2505
3353
3851
3745
3049
1776
437
-565
-909
-915
-877
-1266
-2308
-3697
-5105
-5827
-5633
-4685
-3507
-2596
-2264
-2309
-2554
-2379
-1481
26
1701
3024
3665
3674
3517
3458
3786
4461
5283
5813
6095
6118
5910
5735
5784
6082
6526
6414
4859
2224
-1050
-3680
-4504
-4114
-2663
-1616
-2370
-4586
-7663
-9670
-9211
-6670
-2907
353
1769
1106
-611
-1906
-1163
1597
5153
8155
9198
8130
5674
3011
1818
2408
3939
5360
5171
3214
138
-3098
-5216
-5786
-5108
-4003
-3486
-3902
-4925
-6045
-6857
-6725
-5607
-3919
-2026
-801
-132
109
-85
-188
37
943
2392
3585
4234
3962
2933
1539
180
-454
-426
-191
-41
-594
-1763
-3114
-4420
-5044
-4773
-3884
-2884
-2242
-2150
-2344
-2474
-2154
-1218
113
1555
2509
3034
3213
3302
3574
3990
4687
5236
5724
5968
6104
6345
6617
6958
7219
6457
4212
1252
-1812
-3546
-3614
-2681
-1561
-1614
-3472
-6442
-9347
-10361
-8889
-5710
-2106
258
422
-1051
-2715
-3136
-1260
2197
5923
8310
8349
6514
4083
2370
2430
3908
5648
6490
5267
2501
-769
-3247
-4317
-4140
-3353
-2936
-3363
-4593
-5906
-6571
-6547
-5807
-4712
-3686
-2727
-1883
-1012
-281
196
388
314
571
1322
2397
3463
3842
3242
1758
129
-840
-827
-20
812
941
-88
-2073
-4028
-4941
-4523
-3170
-1741
-1079
-1539
-2693
-3648
-3467
-2062
15
1966
3022
3061
2497
2157
2669
4064
5738
7080
7634
7400
6792
6500
6936
7927
8352
7168
4478
600
-2700
-4111
-3871
-2507
-1579
-2392
-4902
-8444
-10932
-10839
-8405
-4762
-1633
-265
-963
-2495
-3548
-2591
282
3863
6939
8189
7545
5797
3922
3265
3953
5353
6467
6127
4312
1548
-1098
-3024
-3939
-4048
-3813
-3900
-4588
-5496
-6231
-6722
-6627
-6144
-5257
-4091
-3096
-2039
-1111
-425
157
510
936
1571
2151
2727
2963
2573
1907
1151
671
622
689
777
276
-709
-1832
-2823
-3108
-2882
-2497
-2172
-2323
-2725
-3123
-3131
-2440
-1403
-221
779
1255
1505
1769
2369
3352
4394
5394
6044
6499
6697
6946
7487
8179
8893
8886
7221
4398
881
-2014
-2981
-2661
-1553
-1006
-2126
-4794
-8233
-10603
-10526
-8158
-4625
-1676
-300
-1001
-2579
-3824
-3178
-383
3196
6388
7746
7063
5246
3427
2712
3486
5137
6668
6656
4891
1912
-948
-2853
-3601
-3368
-3013
-3022
-3934
-5430
-6675
-7286
-7009
-6112
-5098
-4113
-3510
-3074
-2657
-2115
-1243
-313
686
1499
2075
2393
2239
1667
954
388
275
534
890
1021
524
-477
-1797
-2915
-3250
-2886
-2009
-1302
-1156
-1578
-2345
-2871
-2681
-1656
-124
1255
1932
2035
1751
1777
2313
3352
4681
5928
6702
6867
6741
6972
7654
8516
8257
6531
3474
41
-2019
-2631
-1791
-615
-491
-2205
-5439
-8746
-10202
-9182
-6076
-2559
-321
-196
-1647
-3465
-4049
-2251
1038
4759
7019
7208
5769
3674
2273
2561
4071
5945
6868
6123
3932
1222
-944
-2096
-2239
-2159
-2121
-2713
-3793
-4909
-5788
-6042
-5911
-5662
-5269
-4802
-4020
-3084
-2276
-1743
-1552
-1393
-1026
-243
977
2155
2724
2442
1429
399
-141
118
810
1416
1413
546
-822
-2121
-2803
-2566
-1881
-1341
-1205
-1632
-2230
-2449
-2079
-1230
-126
793
1243
1256
1182
1492
2254
3117
3904
4459
4795
5050
5410
6123
7068
7878
7469
5733
2983
296
-1080
-1126
-241
481
129
-1680
-4552
-7288
-8390
-7560
-5217
-2668
-1079
-1134
-2265
-3369
-3689
-2298
161
2873
4684
4990
4241
3017
2328
2677
3767
4972
5507
5024
3618
1918
516
-190
-357
-440
-727
-1488
-2460
-3375
-4005
-4355
-4496
-4509
-4431
-4421
-4325
-4055
-3654
-3192
-2821
-2365
-1840
-1160
-354
315
685
749
766
854
1143
1565
1949
2034
1646
854
-31
-608
-635
-315
-132
-264
-824
-1597
-2309
-2439
-1891
-971
-14
569
673
383
178
332
964
1934
2799
3444
3802
3840
3882
4230
4921
5869
6561
6483
5298
3190
1078
-103
-178
609
1417
1134
-304
-2664
-4950
-6036
-5710
-4136
-2257
-1103
-1265
-2486
-3767
-4135
-3098
-1128
1023
2374
2599
1958
988
396
866
2102
3574
4541
4239
3039
1522
535
243
437
732
734
203
-488
-1149
-1726
-2187
-2528
-2790
-3089
-3283
-3310
-3070
-2756
-2718
-2954
-3333
-3589
-3304
-2443
-1435
-643
-332
-473
-630
-528
-31
806
1668
2063
1801
1142
393
-70
27
401
815
862
453
-253
-904
-1194
-1010
-466
102
510
484
131
-242
-328
-121
313
797
1137
1236
1135
1055
1099
1469
2017
2697
3429
4088
4371
4070
3122
1991
1257
1191
1856
2791
3258
2743
1357
-447
-1650
-1905
-1218
-161
540
558
-248
-1546
-2666
-2991
-2430
-1320
-207
325
45
-790
-1705
-2022
-1570
-530
528
1086
975
327
-444
-925
-837
-140
681
1224
1279
872
135
-605
-1063
-1088
-734
-156
251
216
-310
-1136
-1877
-2216
-2074
-1631
-1039
-692
-717
-990
-1320
-1469
-1284
-791
-100
447
639
368
-168
-655
-806
-502
45
551
733
511
-53
-655
-999
-900
-426
58
333
185
-305
-854
-1149
-1160
-887
-409
-63
88
3
-122
-148
57
510
1002
1406
1636
1720
1963
2251
2541
2824
3072
3262
3239
3113
2986
2869
2696
2464
2184
1906
1577
1276
1003
673
402
146
-61
-299
-523
-672
-768
-772
-659
-533
-500
-514
-662
-728
-639
-377
-54
124
174
78
-119
-282
-402
-457
-475
-513
-530
-563
-594
-701
-982
-1370
-1574
-1635
-1535
-1303
-1250
-1332
-1675
-1918
-1955
-1686
-1130
-556
-178
-107
-354
-692
-868
-696
-214
310
725
701
375
-118
-505
-722
-707
-400
-179
-244
-441
-723
-1079
-1322
-1359
-1270
-1066
-988
-947
-800
-646
-393
-164
129
385
651
966
1366
1802
2210
2569
2758
2857
2978
3065
3157
3321
3464
3504
3400
3074
2608
2097
1734
1467
1254
1229
1151
944
443
-144
-693
-1022
-990
-716
-410
-260
-425
-811
-1162
-1333
-1152
-717
-211
59
-8
-313
-633
-739
-625
-351
-31
118
15
-342
-678
-876
-837
-636
-500
-519
-870
-1249
-1662
-1826
-1718
-1469
-1168
-1120
-1117
-1205
-1278
-1196
-984
-786
-596
-347
-176
-26
50
29
22
-90
-160
-156
-57
-4
-15
-183
-497
-810
-1073
-1121
-971
-713
-577
-642
-891
-1144
-1191
-941
-420
196
611
699
579
430
530
987
1647
2249
2647
2558
2142
1744
1474
1633
2097
2430
2546
2275
1682
1101
747
855
1195
1466
1511
1193
592
51
-203
-33
432
777
851
589
158
-185
-309
-79
249
447
412
217
-59
-235
-239
-188
15
100
85
-162
-421
-641
-794
-806
-679
-555
-597
-739
-1089
-1538
-1843
-2010
-1911
-1564
-1195
-958
-972
-1120
-1508
-1792
-1782
-1283
-557
147
587
555
184
-343
-736
-743
-315
266
805
843
366
-379
-1117
-1570
-1575
-1050
-444
-84
-151
-658
-1265
-1651
-1571
-1026
-191
545
899
798
393
89
101
543
1189
1851
2125
1870
1497
1036
772
832
1044
1353
1422
1120
666
156
-142
-236
-162
-22
46
10
-121
-217
-172
48
404
738
1008
1088
1051
1079
1131
1250
1428
1533
1430
1292
1089
969
898
830
841
699
478
149
-159
-317
-377
-359
-302
-339
-522
-775
-1066
-1301
-1424
-1398
-1234
-1032
-933
-928
-1032
-1249
-1405
-1414
-1147
-782
-374
-155
-125
-295
-491
-604
-566
-287
-59
106
56
-168
-517
-844
-1045
-1051
-978
-817
-715
-763
-858
-998
-1034
-863
-601
-270
39
206
298
340
365
456
627
812
932
1007
1012
937
876
835
838
802
711
643
532
370
225
50
13
-63
-212
-282
-330
-404
-480
-449
-256
7
271
415
464
427
433
486
723
941
1151
1166
1012
801
696
710
863
954
863
776
557
350
190
191
235
236
64
-197
-430
-598
-635
-520
-367
-325
-420
-693
-930
-1070
-1034
-806
-471
-235
-261
-486
-737
-897
-813
-592
-290
70
183
33
-252
-517
-650
-640
-432
-272
-177
-251
-566
-904
-1101
-1121
-841
-440
-162
-21
-61
-251
-376
-279
-49
285
561
695
662
529
372
281
369
531
687
776
711
661
556
359
260
167
135
122
134
141
118
87
-92
-238
-272
-192
-82
86
218
258
153
80
71
167
416
617
764
800
750
632
538
545
648
782
849
847
781
611
436
259
90
-10
-27
-47
-56
-69
-21
-10
37
-68
-275
-403
-584
-581
-441
-191
22
14
-144
-458
-746
-899
-817
-498
-215
-61
-137
-418
-804
-961
-872
-610
-299
-108
-201
-535
-870
-1139
-1135
-906
-601
-273
-175
-233
-393
-577
-503
-313
-21
211
309
272
177
110
196
328
410
484
452
339
323
407
533
707
814
686
503
313
343
461
668
847
830
665
367
81
-20
95
311
513
619
528
272
30
-82
74
327
597
790
784
569
336
199
259
508
714
800
723
392
-17
-304
-420
-322
-94
156
233
205
-43
-339
-552
-649
-590
-473
-229
-122
-80
-254
-440
-594
-664
-637
-474
-358
-332
-362
-480
-577
-556
-460
-316
-233
-180
-260
-379
-491
-588
-511
-404
-316
-304
-340
-472
-599
-664
-546
-346
-140
11
-40
-268
-531
-650
-539
-297
8
215
198
-11
-273
-443
-340
18
499
836
962
803
544
368
433
769
1127
1467
1410
1147
672
216
62
193
491
730
704
420
-10
-397
-527
-343
12
370
438
326
24
-263
-329
-176
113
406
505
423
213
-116
-313
-288
-41
231
502
604
487
221
-38
-241
-264
-114
62
169
197
18
-240
-490
-646
-591
-497
-389
-369
-517
-671
-798
-789
-628
-401
-215
-61
-62
-271
-410
-477
-362
-81
198
355
296
45
-224
-322
-252
-44
202
344
278
21
-273
-546
-638
-580
-355
-223
-207
-342
-585
-725
-730
-583
-304
-19
118
201
212
269
456
692
917
1045
1030
915
836
767
717
803
760
681
503
312
162
93
105
153
168
168
63
-39
-105
-147
-83
-36
11
-16
-41
-107
-138
-119
-109
-91
30
130
285
366
410
392
288
299
261
302
337
288
202
55
-32
-73
-166
-205
-267
-393
-501
-566
-494
-467
-475
-437
-501
-546
-553
-561
-405
-268
-119
-9
5
28
106
163
201
254
249
229
222
194
114
107
16
-85
-222
-362
-454
-538
-540
-641
-719
-728
-715
-687
-612
-440
-378
-285
-185
-102
89
317
556
668
678
631
564
504
629
773
884
800
510
185
-116
-168
-46
129
170
78
-214
-518
-689
-653
-401
-166
-59
-155
-314
-569
-622
-463
-243
34
268
338
308
251
235
316
546
687
744
726
603
496
381
286
149
-27
-163
-355
-460
-498
-559
-611
-689
-770
-811
-834
-742
-660
-589
-439
-331
-274
-204
-154
-43
139
292
518
620
682
636
586
557
590
520
403
324
225
79
-75
-248
-400
-559
-647
-676
-704
-686
-764
-723
-641
-557
-432
-210
4
203
364
461
606
642
701
753
813
873
908
969
928
770
539
321
147
89
133
195
143
-33
-306
-624
-798
-827
-706
-482
-333
-351
-518
-682
-756
-635
-347
-22
299
453
515
439
423
481
578
778
943
1016
905
731
562
361
143
-11
-150
-302
-526
-643
-787
-917
-1026
-1135
-1238
-1265
-1247
-1186
-1049
-875
-748
-608
-481
-303
-115
11
269
446
573
725
850
889
835
746
556
383
253
190
39
-87
-192
-391
-588
-690
-762
-805
-759
-734
-633
-523
-431
-323
-183
-19
167
353
504
671
756
889
946
1055
1101
1118
1110
1020
892
715
681
613
523
413
178
-28
-205
-344
-400
-438
-472
-521
-567
-674
-795
-783
-667
-509
-320
-151
30
175
290
346
471
666
868
1004
1106
1051
977
885
883
845
813
694
441
179
-65
-293
-494
-635
-813
-973
-1097
-1218
-1276
-1268
-1190
-1068
-1018
-975
-889
-773
-547
-259
61
328
517
620
606
624
683
782
796
727
584
386
134
-108
-261
-282
-380
-481
-673
-874
-1041
-1093
-942
-746
-590
-514
-473
-429
-273
-71
159
460
696
829
880
959
1089
1262
1388
1524
1482
1323
1171
1033
986
963
1012
882
660
287
-58
-323
-457
-496
-455
-479
-650
-898
-1122
-1124
-1009
-749
-472
-169
6
49
114
233
434
715
1001
1193
1299
1283
1218
1109
1006
970
879
775
583
359
103
-184
-475
-796
-963
-1054
-1130
-1169
-1141
-1133
-1142
-1147
-1172
-1179
-1057
-781
-453
-130
82
246
288
292
323
398
511
693
646
577
468
220
-14
-241
-344
-478
-613
-730
-889
-970
-1013
-1054
-1006
-1012
-930
-799
-668
-469
-274
-80
88
198
335
497
649
801
971
1118
1271
1363
1346
1252
1111
1021
898
837
742
603
389
121
-129
-381
-576
-672
-688
-693
-743
-817
-893
-961
-928
-780
-530
-287
-50
178
304
455
643
856
977
1141
1280
1361
1366
1309
1250
1026
863
715
514
280
88
-163
-387
-619
-781
-938
-1034
-1042
-1013
-946
-902
-819
-794
-729
-635
-487
-251
-35
201
385
483
553
535
485
500
511
537
506
404
281
65
-120
-388
-614
-740
-790
-844
-858
-860
-964
-1090
-1201
-1172
-993
-676
-325
-75
70
137
115
184
343
631
971
1224
1284
1252
1127
968
917
909
1000
1025
935
681
347
21
-189
-335
-413
-463
-584
-712
-906
-1032
-1096
-1076
-961
-805
-677
-547
-499
-372
-184
52
298
506
734
928
1032
1095
1140
1160
1194
1094
1030
929
838
639
383
124
-137
-308
-471
-555
-550
-582
-642
-728
-796
-769
-654
-540
-292
-57
51
111
154
206
336
544
750
869
846
684
486
356
287
384
459
407
147
-215
-595
-810
-901
-833
-735
-697
-843
-1016
-1113
-1156
-948
-725
-447
-295
-261
-208
-200
-76
149
477
751
939
941
907
827
826
919
1016
1066
1042
836
570
333
175
87
-15
-121
-280
-398
-553
-664
-763
-835
-837
-790
-746
-650
-513
-419
-228
-43
133
295
505
750
952
1099
1154
1207
1177
1201
1191
1141
1028
848
633
320
112
-67
-230
-338
-463
-625
-811
-900
-992
-984
-869
-741
-570
-473
-452
-373
-246
-12
205
469
611
691
735
691
684
713
780
752
707
595
429
191
-22
-183
-296
-409
-546
-730
-840
-986
-1050
-1037
-1000
-889
-807
-732
-634
-513
-345
-104
116
320
474
588
643
747
820
994
1113
1230
1201
1096
975
841
759
682
637
546
437
182
-36
-221
-401
-502
-570
-546
-623
-654
-732
-730
-656
-563
-370
-172
45
219
422
554
637
734
781
897
974
993
1059
947
828
636
412
204
25
-106
-297
-409
-543
-726
-943
-1068
-1149
-1159
-1070
-976
-895
-846
-774
-686
-578
-408
-234
-68
58
172
298
384
480
562
559
577
463
363
298
219
149
67
-87
-222
-383
-605
-701
-735
-702
-684
-633
-658
-712
-723
-662
-498
-264
-41
174
231
274
294
395
614
779
925
1036
1049
938
907
804
795
772
764
740
598
430
266
90
-10
-133
-255
-364
-431
-460
-451
-400
-365
-351
-272
-222
-124
75
307
517
641
759
772
831
861
866
905
913
887
782
630
434
242
17
-155
-241
-393
-573
-722
-818
-965
-1016
-1043
-1074
-1067
-999
-871
-726
-569
-444
-389
-308
-232
-60
150
396
616
708
732
588
477
432
397
428
510
468
257
-22
-254
-439
-611
-639
-620
-626
-646
-758
-873
-961
-922
-826
-608
-391
-244
-104
-32
75
223
436
585
749
903
979
1074
1060
1054
1027
1022
946
908
768
665
567
453
275
69
-129
-320
-397
-457
-440
-457
-457
-467
-446
-443
-366
-266
-89
75
218
354
457
545
597
660
728
805
862
830
761
633
399
237
81
-65
-236
-445
-679
-970
-1260
-1511
-1734
-1946
-2072
-2049
-1843
-1509
-1132
-866
-680
-347
14
467
827
896
879
776
697
787
873
829
622
351
149
60
18
-183
-485
-805
-1006
-1077
-1059
-973
-909
-940
-882
-852
-701
-504
-422
-317
-134
188
476
682
636
539
470
602
838
1104
1163
1044
902
802
765
765
829
797
701
541
454
247
135
-78
-62
-9
-73
-24
-84
-187
-148
-127
-39
-66
-67
10
196
419
599
671
573
560
616
768
980
1059
1054
938
806
698
525
488
418
340
158
-1
-191
-339
-437
-591
-648
-723
-778
-822
-803
-689
-553
-453
-395
-303
-310
-361
-343
-142
182
388
485
348
106
1
143
420
625
610
461
226
100
-78
-182
-244
-187
-200
-316
-471
-717
-764
-816
-835
-851
-728
-516
-234
-14
53
-38
-41
104
423
762
948
1052
1083
1123
1087
1117
1040
1092
1096
1003
829
537
300
66
-21
-114
-210
-327
-480
-633
-840
-1028
-1016
-948
-685
-444
-333
-290
-237
5
200
363
548
655
725
883
975
947
908
842
799
746
668
530
357
125
-80
-317
-514
-637
-702
-811
-931
-1001
-1024
-1012
-954
-861
-772
-668
-563
-364
-195
-28
94
227
217
212
256
339
411
418
463
398
301
132
-56
-160
-221
-244
-301
-410
-529
-705
-863
-905
-881
-741
-640
-539
-465
-423
-412
-385
-192
79
341
514
654
703
738
781
938
1046
1177
1174
1083
981
789
618
436
336
177
133
72
-85
-287
-458
-666
-744
-707
-686
-603
-590
-591
-537
-486
-383
-201
78
312
455
537
585
602
669
696
755
796
802
784
632
418
235
87
-25
-5
-105
-248
-447
-705
-896
-960
-976
-929
-830
-748
-708
-746
-730
-690
-479
-239
-55
72
148
152
97
133
249
349
444
460
313
182
-59
-233
-241
-171
-81
-96
-244
-495
-682
-849
-850
-713
-576
-416
-422
-418
-418
-447
-351
-176
4
216
422
605
747
761
814
837
907
965
1008
1022
963
868
667
477
339
307
158
74
-42
-201
-310
-447
-538
-549
-570
-614
-613
-571
-535
-394
-202
-33
68
125
231
311
467
696
852
977
920
797
621
491
460
447
514
444
308
24
-278
-428
-555
-642
-602
-582
-594
-673
-767
-846
-879
-800
-717
-591
-494
-355
-233
-145
-30
86
128
127
215
253
304
328
222
106
-40
-149
-230
-232
-296
-465
-592
-788
-914
-949
-887
-779
-649
-579
-660
-724
-734
-686
-516
-267
-86
62
200
207
247
345
523
694
788
915
850
778
719
663
632
588
482
362
234
150
59
-35
-146
-273
-453
-578
-618
-631
-567
-492
-408
-297
-218
-121
-28
62
145
336
471
662
837
845
803
663
581
474
440
410
388
306
190
0
-206
-388
-427
-424
-386
-356
-430
-541
-687
-743
-687
-613
-504
-424
-369
-300
-303
-271
-173
8
163
286
343
310
266
225
211
224
167
109
30
-125
-351
-509
-536
-653
-724
-783
-816
-837
-849
-808
-795
-778
-733
-616
-445
-300
-166
-47
62
135
235
372
497
647
733
815
816
771
697
676
634
574
553
456
292
91
-105
-304
-441
-520
-570
-557
-563
-538
-521
-490
-424
-336
-253
-187
-21
147
298
510
609
674
664
563
546
557
604
614
614
527
407
212
27
-50
-120
-187
-252
-294
-429
-493
-535
-532
-528
-533
-516
-552
-497
-441
-445
-412
-351
-210
-102
-27
81
172
232
255
225
238
265
300
325
260
204
76
-68
-257
-354
-501
-508
-487
-503
-538
-687
-780
-821
-772
-695
-494
-300
-163
-56
-47
-10
46
157
273
373
485
581
631
644
643
584
571
563
537
524
379
278
157
53
14
-64
-122
-174
-229
-282
-299
-259
-286
-293
-266
-178
-101
-43
99
116
188
280
267
249
284
341
316
317
306
315
247
210
142
69
-11
-106
-143
-266
-307
-350
-413
-473
-552
-594
-577
-555
-488
-483
-452
-416
-417
-386
-333
-180
-42
37
122
142
94
93
131
177
206
274
256
126
-13
-166
-274
-344
-325
-336
-364
-449
-576
-664
-688
-560
-419
-307
-181
-120
-100
-45
26
97
210
332
408
474
579
616
616
565
489
476
443
409
436
416
385
269
184
77
-11
-67
-115
-135
-193
-201
-136
-175
-257
-307
-263
-146
-64
49
106
110
89
137
213
240
242
276
287
362
370
309
267
201
141
73
-13
-87
-154
-216
-226
-269
-319
-389
-428
-487
-560
-559
-557
-533
-539
-608
-558
-562
-533
-477
-393
-292
-247
-93
-63
-50
31
68
99
156
144
47
-39
-104
-168
-203
-207
-189
-232
-342
-474
-521
-529
-488
-422
-354
-337
-366
-370
-346
-248
-186
-7
139
236
273
282
310
348
432
554
628
622
569
447
423
396
367
332
292
194
111
68
-59
-106
-127
-159
-170
-182
-256
-314
-290
-252
-168
-144
-90
-34
-36
3
39
158
234
304
401
395
333
268
227
182
171
156
149
108
38
-26
-76
-157
-247
-306
-367
-426
-432
-446
-484
-434
-437
-442
-422
-413
-385
-403
-366
-341
-297
-216
-146
-127
-156
-141
-193
-222
-169
-156
-112
-105
-181
-231
-243
-220
-271
-301
-323
-313
-300
-297
-294
-340
-314
-247
-156
-106
-55
15
26
48
129
194
306
402
491
484
453
435
426
408
463
448
415
378
336
313
241
235
227
227
137
106
86
57
51
49
54
27
34
23
-2
-23
7
32
35
160
148
201
232
197
187
135
142
186
214
228
220
200
163
67
66
60
40
7
-52
-128
-259
-291
-345
-321
-288
-243
-245
-338
-438
-539
-505
-444
-333
-224
-237
-257
-292
-306
-323
-271
-204
-145
-141
-131
-159
-179
-243
-240
-248
-275
-295
-312
-295
-361
-374
-409
-404
-431
-390
-393
-303
-310
-322
-231
-220
-155
-45
48
153
246
275
258
250
282
345
375
372
321
281
196
141
172
157
135
178
167
63
34
-31
-54
9
31
50
56
-58
-121
-180
-180
-57
81
136
167
144
119
121
144
215
248
355
316
260
156
95
65
16
55
36
26
-47
-137
-211
-258
-280
-291
-300
-299
-313
-368
-346
-374
-400
-390
-299
-224
-185
-154
-150
-98
-126
-98
-43
-69
0
92
82
40
-46
-75
-95
7
-2
-42
-111
-240
-316
-350
-313
-332
-286
-294
-304
-293
-268
-189
-173
-85
4
71
161
135
173
223
195
308
338
355
341
284
271
186
144
151
103
50
80
56
-1
-82
-144
-165
-153
-177
-133
-149
-192
-182
-191
-170
-151
-58
-27
2
23
20
29
51
111
184
179
201
208
209
190
137
107
68
124
21
-62
-71
-118
-176
-171
-219
-268
-270
-354
-364
-380
-369
-341
-327
-307
-318
-284
-217
-180
-72
-8
52
120
136
139
118
92
69
136
119
105
77
56
11
-68
-108
-96
-142
-197
-228
-243
-288
-336
-297
-276
-191
-133
-123
-50
-18
62
144
234
356
364
373
439
482
499
504
474
470
408
386
313
232
226
210
168
145
79
17
-23
-29
-54
-73
-36
-50
-60
-89
-113
-111
-53
12
43
78
97
87
173
238
266
265
312
308
310
248
175
163
113
80
19
-71
-113
-82
-138
-171
-230
-271
-270
-294
-299
-346
-388
-352
-328
-313
-277
-216
-193
-150
-74
-12
91
111
134
140
191
172
132
166
177
154
97
-8
-49
-81
-75
-79
-140
-175
-249
-299
-278
-259
-197
-119
-79
-46
-41
-36
21
139
232
284
358
395
350
312
324
362
405
432
445
334
244
202
182
210
180
149
42
-38
-173
-236
-229
-210
-181
-153
-142
-164
-224
-267
-233
-119
-22
3
62
55
92
60
70
143
143
213
135
112
147
82
52
11
-35
-67
-89
-116
-192
-240
-308
-343
-417
-369
-339
-387
-334
-360
-406
-415
-384
-324
-237
-180
-106
-58
-64
-67
-52
6
86
147
135
156
86
-23
-46
-32
11
7
-38
-83
-109
-124
-184
-191
-187
-168
-166
-133
-87
-98
-33
-5
53
147
211
258
229
306
277
270
320
315
366
319
313
319
297
238
217
216
240
227
200
138
89
85
28
47
43
30
61
60
-10
-29
-41
8
41
56
77
68
56
51
83
139
153
144
143
155
127
74
36
45
62
50
33
-2
-74
-97
-160
-228
-343
-363
-372
-408
-399
-387
-375
-379
-348
-374
-321
-249
-208
-126
-82
-26
-28
-84
-80
-35
5
-43
4
44
-54
-59
-81
-100
-78
-103
-138
-181
-211
-222
-241
-236
-237
-215
-190
-181
-128
-68
-13
-10
2
-33
77
169
146
171
234
258
269
274
261
243
247
253
212
238
266
227
172
118
100
61
52
7
24
20
21
46
56
78
144
94
51
153
138
185
243
291
287
289
237
209
207
227
257
227
224
227
170
98
71
61
89
80
38
42
0
-44
-96
-164
-192
-152
-135
-102
-132
-190
-172
-189
-154
-116
-113
-92
-68
-68
-87
-70
-92
-20
-7
1
54
-5
-66
-69
-98
-101
-115
-114
-83
-102
-109
-131
-158
-173
-196
-139
-132
-161
-147
-119
-85
-75
-32
11
80
145
176
144
144
178
196
243
261
285
276
216
163
184
186
187
171
149
82
24
6
-39
-42
-26
16
-13
-3
11
-27
-41
-15
63
149
181
212
205
244
257
260
316
304
337
333
317
278
234
137
92
121
80
84
-8
-85
-118
-208
-239
-289
-269
-242
-260
-258
-257
-288
-287
-282
-238
-238
-194
-94
-16
23
9
-85
-63
-64
27
59
85
83
-33
-75
-135
-88
-144
-98
-99
-69
-152
-236
-265
-312
-305
-345
-293
-268
-274
-271
-267
-257
-210
-97
4
30
59
78
3
63
119
160
205
235
247
151
133
150
142
130
148
134
107
57
31
-7
-66
-49
-61
-63
-23
-73
-82
-36
-23
38
44
78
112
92
152
205
223
250
274
278
257
239
212
196
137
105
93
49
4
-6
-21
-118
-178
-235
-241
-272
-297
-310
-323
-325
-327
-354
-307
-243
-216
-136
-92
-26
-20
-21
52
60
17
81
110
173
148
70
58
7
27
17
26
18
-56
-139
-191
-235
-211
-224
-245
-248
-250
-193
-159
-155
-99
3
92
111
138
200
291
312
372
400
355
340
340
342
334
316
289
212
134
46
-7
13
5
-81
-100
-158
-204
-148
-115
-117
-126
-113
-90
-14
20
47
78
131
182
258
297
339
295
274
260
258
262
280
280
244
195
122
-13
-78
-68
-109
-139
-200
-182
-220
-232
-271
-285
-281
-261
-179
-177
-163
-151
-129
-123
-26
34
67
98
59
86
72
57
72
80
88
68
45
-36
-89
-103
-145
-163
-203
-221
-262
-304
-313
-368
-325
-279
-262
-212
-182
-150
-140
-90
14
9
95
189
244
288
304
278
238
297
323
289
324
272
206
149
80
80
-16
-30
-23
-70
-101
-157
-189
-171
-151
-136
-169
-130
-110
-114
-105
-48
50
94
158
181
158
172
209
192
234
290
272
233
162
75
-52
-5
-1
-70
-67
-82
-197
-270
-332
-391
-341
-321
-267
-246
-241
-256
-297
-226
-181
-163
-59
21
25
16
27
43
45
93
85
93
106
24
-83
-190
-167
-188
-227
-265
-264
-303
-322
-326
-334
-377
-368
-326
-273
-278
-294
-223
-198
-166
-85
18
15
81
147
189
211
227
278
302
299
296
258
226
200
163
101
106
45
50
21
-56
-95
-118
-77
-49
-51
-26
-11
-25
-13
-30
18
28
79
125
111
162
150
170
196
202
253
198
187
207
118
13
-19
36
0
-45
-46
-138
-197
-282
-318
-304
-327
-301
-324
-345
-340
-348
-333
-321
-238
-163
-112
-61
9
44
6
36
4
28
81
8
46
57
-9
-59
-86
-183
-188
-232
-240
-231
-276
-273
-313
-253
-259
-221
-201
-188
-113
-95
-87
-31
66
111
157
149
198
250
270
336
385
401
357
376
341
310
285
250
174
203
124
109
83
49
82
-38
-9
-34
-21
10
-10
-10
28
94
119
157
137
150
197
231
314
321
303
347
355
339
285
228
