551
619
620
609
658
659
736
728
779
771
758
733
682
659
652
570
544
500
433
333
259
241
201
129
85
47
-40
-87
-162
-168
-235
-268
-319
-382
-404
-455
-477
-564
-566
-541
-614
-597
-654
-692
-643
-683
-659
-680
-713
-693
-734
-705
-701
-682
-684
-703
-678
-647
-639
-602
-567
-545
-530
-457
-428
-392
-393
-351
-260
-245
-194
-137
-86
-70
-60
-12
-8
25
34
45
59
57
90
131
132
109
105
129
103
56
102
88
69
73
55
47
50
45
34
29
41
58
45
39
56
-27
7
42
28
59
39
53
97
68
90
55
72
93
143
124
145
225
193
192
195
244
266
285
285
324
322
314
361
406
460
454
477
516
495
500
516
502
497
486
508
502
505
521
474
451
469
391
352
371
321
232
138
70
74
43
-5
-26
-95
-112
-160
-218
-291
-312
-366
-366
-423
-489
-480
-474
-498
-522
-522
-532
-532
-543
-542
-569
-543
-564
-562
-552
-510
-544
-519
-487
-507
-479
-451
-419
-433
-364
-333
-332
-311
-253
-250
-161
-138
-114
-89
-119
-46
-43
-23
-3
33
49
55
64
75
81
33
57
101
106
83
48
37
36
34
27
-22
-30
-172
-436
-536
-423
14
176
137
90
6
42
13
13
25
77
34
-233
-450
-517
-342
-170
-46
53
85
105
-23
31
91
165
179
243
320
246
291
233
263
378
388
381
350
331
351
332
398
414
467
462
430
464
460
451
397
449
472
415
411
364
366
387
311
271
199
155
155
131
97
51
4
-114
-115
-130
-135
-270
-343
-284
-302
-337
-470
-413
-353
-348
-476
-492
-523
-390
-450
-477
-394
-470
-474
-563
-488
-470
-384
-443
-391
-321
-460
-246
-323
-364
-312
-215
-172
-272
-358
-194
49
-6
-113
-193
19
120
20
-89
-3
72
58
-61
-44
217
207
93
-75
80
261
239
119
35
136
107
-25
-7
46
86
-119
-167
-86
-304
-446
-416
-146
63
103
60
232
366
402
311
295
343
396
226
140
215
136
163
179
187
232
192
198
203
262
290
250
260
305
392
412
306
364
358
351
385
397
481
540
584
519
531
415
518
465
486
353
299
334
226
225
121
209
186
85
-18
-72
-30
-135
-191
-318
-276
-264
-384
-428
-501
-407
-510
-584
-573
-484
-555
-591
-575
-618
-531
-652
-556
-545
-609
-521
-632
-634
-461
-487
-399
-529
-536
-454
-539
-373
-425
-424
-298
-272
-358
-354
-172
-216
-191
-228
-384
-112
-177
-104
-186
-350
-120
-213
94
-61
-138
-91
-141
-147
-82
-148
-146
-250
-68
59
-123
-215
-265
-134
-193
-212
-8
-209
46
-358
-130
-273
-270
-31
-242
-95
-238
-97
-182
-94
32
-51
-153
-70
9
-27
-33
-181
-36
158
299
150
10
261
127
327
335
445
505
476
382
534
439
566
708
695
667
565
760
852
888
686
896
841
1010
947
845
720
616
530
638
434
368
240
95
110
37
180
-62
-199
-429
-190
-50
-314
-467
-500
-313
-279
-436
-301
-484
-603
-440
-512
-369
-468
-652
-549
-587
-310
-409
-543
-488
-563
-502
-354
-379
-528
-544
-499
-237
-376
-299
-558
-469
-404
-366
-126
-302
-277
-266
-443
-198
-425
-42
-250
-358
-396
-350
40
-214
-210
-489
-183
25
194
-272
-321
-250
-107
195
20
-193
-261
-259
48
184
-129
-18
-290
69
-77
64
119
-222
-146
-205
-29
387
76
-347
-382
137
537
195
-3
-97
320
279
405
298
531
569
440
568
761
1120
784
613
830
1434
1584
1414
1339
1278
1675
1427
1340
1059
1128
1029
1035
971
809
660
171
-5
-136
-28
46
-241
-565
-687
-740
-522
-607
-614
-786
-758
-537
-698
-605
-825
-725
-602
-577
-407
-602
-617
-706
-682
-461
-248
-64
-197
-414
-429
-168
-94
-198
-522
-427
-256
-189
-292
-412
-335
-564
-441
-475
-449
-477
-382
-590
-783
-733
-532
-697
-648
-826
-711
-530
-734
-862
-863
-777
-565
-671
-689
-789
-570
-764
-840
-749
-573
-359
-462
-418
-355
-332
-173
-419
-255
46
144
101
-43
-197
11
193
411
540
-156
-109
97
459
376
336
50
548
392
828
1023
972
812
502
745
1136
1666
1468
1616
1160
1652
2235
2549
2485
2047
1985
1920
2088
1705
1521
1118
1064
946
930
677
58
-657
-911
-804
-649
-523
-937
-1185
-1558
-1405
-1275
-1120
-1161
-1218
-1187
-1036
-776
-771
-806
-798
-544
-184
131
98
-156
-296
-112
206
478
485
355
281
341
363
329
241
203
82
137
246
227
-46
-388
-426
-384
-180
-351
-434
-714
-967
-1123
-1066
-1135
-1299
-1338
-1463
-1393
-1521
-1536
-1692
-1649
-1560
-1417
-1335
-1351
-1287
-1234
-1070
-985
-726
-662
-620
-483
-367
-299
-306
-315
-129
89
281
196
16
-192
-26
121
318
466
321
332
241
370
501
806
847
756
746
1054
1490
1472
1324
1294
1624
1950
2122
2294
2449
2656
2892
3217
3560
3776
3545
2846
2100
1582
1520
1784
1794
1395
586
-394
-979
-1280
-1349
-1299
-1349
-1591
-1848
-1990
-2163
-2436
-2513
-2182
-1705
-1283
-1131
-1163
-1285
-1204
-888
-382
160
597
651
523
415
396
638
839
1117
1268
1219
1042
870
716
506
455
549
613
587
336
-73
-491
-765
-764
-694
-653
-821
-1097
-1485
-1729
-1921
-2027
-2082
-2093
-2023
-1976
-2007
-2157
-2261
-2206
-1980
-1655
-1425
-1260
-1220
-1206
-1098
-792
-466
-259
-130
-79
31
77
152
165
282
404
490
592
522
356
194
77
253
486
673
622
506
393
479
723
912
1204
1327
1373
1353
1506
1802
2107
2389
2545
2774
3154
3594
4051
4190
4235
4202
3596
2582
1650
1247
1530
1788
1417
306
-1065
-2059
-2516
-2700
-2597
-2523
-2590
-2890
-3417
-3545
-3684
-3491
-3079
-2431
-1667
-1239
-1148
-1387
-1410
-980
-66
840
1453
1561
1344
1124
1023
1239
1554
1901
2118
1943
1765
1306
903
667
410
472
499
441
194
-396
-1049
-1354
-1507
-1407
-1273
-1373
-1682
-2068
-2429
-2636
-2566
-2449
-2228
-1988
-1851
-1832
-1902
-2014
-1849
-1418
-946
-533
-389
-307
-326
-351
-221
-32
286
578
556
343
209
124
200
221
259
336
280
161
-40
-100
-8
247
483
540
585
625
737
872
1071
1420
1729
1868
1987
2129
2333
2653
2928
3186
3496
3899
4127
4245
4138
4060
3809
3104
2015
1075
1069
1336
1172
351
-1157
-2319
-2797
-2890
-2595
-2570
-2785
-3002
-3365
-3453
-3425
-3221
-2635
-2174
-1670
-1094
-667
-507
-618
-435
265
1165
1910
2226
2018
1589
1292
1307
1628
2038
2127
1892
1371
761
468
236
-21
-249
-327
-351
-514
-1001
-1645
-2013
-2168
-1958
-1749
-1703
-1802
-2146
-2445
-2555
-2437
-2071
-1660
-1382
-1207
-1146
-1130
-1100
-860
-558
-173
141
210
230
142
114
202
282
435
593
528
427
106
-135
-237
-227
-26
29
-43
-210
-383
-395
-193
147
606
865
941
1048
1056
1277
1482
1723
2109
2385
2569
2643
2701
2795
3008
3315
3636
3993
4231
4373
4430
4409
3962
2731
1155
-94
-205
486
937
491
-1144
-3086
-4336
-4622
-3943
-3122
-2828
-2945
-3435
-3796
-3839
-3615
-2972
-2117
-1121
-227
301
441
170
1
374
1347
2534
3253
3287
2579
1573
1096
1147
1590
1954
1811
1328
473
-331
-982
-1424
-1637
-1675
-1627
-1607
-1838
-2421
-3070
-3484
-3394
-2927
-2320
-1884
-1811
-2141
-2483
-2491
-2144
-1473
-745
-247
-35
-126
-357
-364
-236
214
694
1023
1089
833
411
90
-25
45
289
495
382
30
-478
-843
-936
-716
-307
-14
15
-126
-261
-169
200
723
1296
1700
1867
1932
2014
2135
2457
2832
3175
3364
3460
3598
3787
3934
4112
4350
4603
4704
4401
3383
1807
279
-539
-141
133
-159
-1158
-2874
-4219
-4941
-4899
-4154
-3721
-3499
-3528
-3873
-3963
-3834
-3316
-2301
-1335
-359
439
770
825
735
1016
1742
2662
3388
3681
3398
2612
1917
1574
1515
1678
1597
1268
747
-162
-922
-1613
-2126
-2242
-2270
-2158
-2182
-2544
-3002
-3395
-3528
-3175
-2552
-1943
-1536
-1553
-1746
-1827
-1636
-1212
-591
-48
260
388
199
72
23
94
382
576
690
599
216
-206
-461
-524
-422
-372
-410
-559
-863
-1152
-1276
-1201
-1033
-817
-646
-497
-427
-334
-41
296
744
1274
1631
1834
1950
2082
2354
2689
2957
3185
3340
3525
3635
3850
4070
4182
4432
4631
4816
4771
4142
2731
1075
-240
-458
10
107
-414
-1876
-3652
-4745
-5244
-4797
-3828
-3320
-3144
-3483
-4015
-4015
-3643
-2863
-1542
-377
512
899
743
674
895
1460
2407
3166
3577
3681
3049
2060
1442
1181
1371
1551
1433
1035
73
-1086
-1956
-2472
-2519
-2194
-2063
-2116
-2420
-2916
-3321
-3415
-3073
-2321
-1567
-1049
-889
-1103
-1315
-1234
-861
-174
533
972
1039
672
201
70
149
372
610
643
424
62
-350
-693
-782
-711
-505
-573
-784
-1114
-1443
-1552
-1453
-1275
-999
-863
-856
-891
-913
-606
-145
297
662
1028
1252
1377
1519
1737
2111
2495
2813
2941
2980
2999
2978
3247
3609
3877
4167
4323
4515
4622
4389
4188
3144
1588
263
-576
-196
21
-408
-1393
-3205
-4475
-5013
-4842
-3875
-3330
-3213
-3391
-3765
-3674
-3314
-2636
-1613
-664
122
711
1077
1114
1283
1627
2097
2820
3386
3492
3143
2238
1510
1026
895
1116
1035
719
-103
-1228
-2086
-2633
-2719
-2487
-2359
-2396
-2552
-2886
-3143
-3170
-2950
-2413
-1806
-1214
-717
-482
-485
-544
-455
-3
694
1215
1373
1200
710
321
169
292
468
453
224
-54
-473
-865
-1029
-1153
-1039
-1014
-1053
-1089
-1322
-1492
-1591
-1504
-1290
-1083
-987
-923
-886
-786
-600
-294
79
498
850
1080
1232
1271
1406
1670
2019
2385
2596
2789
2865
2866
2871
2966
3300
3604
3881
4110
4289
4276
4153
3832
2868
1572
297
-564
-309
-121
-415
-1175
-2799
-4034
-4734
-4704
-3747
-3054
-2739
-2809
-3266
-3265
-2875
-2242
-1141
-137
646
1213
1442
1434
1472
1651
2153
2895
3397
3500
2973
1939
1111
666
632
800
567
123
-727
-1733
-2438
-2724
-2727
-2590
-2493
-2595
-2746
-2915
-3026
-2913
-2653
-2124
-1505
-972
-527
-351
-342
-299
-100
343
934
1302
1319
1095
577
124
50
101
263
290
-8
-282
-700
-1047
-1148
-1231
-1177
-1156
-1224
-1315
-1577
-1755
-1802
-1667
-1342
-1062
-863
-907
-976
-903
-624
-107
397
797
1121
1289
1318
1470
1600
1971
2352
2593
2692
2735
2760
2771
2875
3001
3194
3462
3737
4006
4020
4061
3987
3676
3075
1851
563
-553
-802
-537
-621
-1085
-2355
-3798
-4599
-4834
-4081
-3242
-2800
-2626
-2932
-3089
-2773
-2221
-1223
-190
561
1224
1564
1603
1625
1699
1958
2531
2997
3242
2984
2077
1170
524
194
261
243
-50
-662
-1608
-2328
-2726
-2943
-2806
-2729
-2608
-2496
-2407
-2494
-2561
-2395
-2048
-1365
-714
-169
189
206
268
378
535
891
1185
1341
1264
864
386
88
-175
-218
-209
-361
-524
-905
-1316
-1613
-1813
-1818
-1697
-1633
-1515
-1563
-1807
-1867
-1708
-1414
-1032
-786
-629
-509
-363
-58
360
773
1259
1577
1753
1852
1888
2033
2208
2357
2573
2662
2632
2616
2587
2598
2671
2780
2984
3184
3261
3377
3489
3516
3510
3142
2049
825
-377
-812
-520
-479
-584
-1549
-2907
-3789
-4250
-3810
-2950
-2410
-2058
-2185
-2383
-2221
-1973
-1294
-351
432
1192
1635
1565
1479
1343
1465
1965
2425
2732
2622
1871
991
292
-108
19
133
-37
-531
-1399
-2120
-2492
-2579
-2444
-2316
-2177
-2048
-2022
-2069
-2066
-1923
-1566
-1034
-449
79
499
531
430
313
380
644
929
1101
1001
683
210
-192
-605
-854
-853
-784
-723
-908
-1338
-1821
-2221
-2251
-2008
-1644
-1274
-1230
-1423
-1663
-1724
-1465
-952
-405
9
309
478
616
791
1044
1478
1895
2261
2394
2298
2200
2169
2186
2303
2491
2632
2641
2493
2399
2302
2406
2554
2775
2965
3128
3241
3371
3500
3471
2718
1423
133
-698
-437
-130
-82
-642
-2027
-3194
-3942
-3787
-2935
-2237
-1828
-1935
-2279
-2363
-2159
-1603
-792
-9
627
1170
1279
1141
1108
1106
1392
1870
2257
2442
1955
1055
296
-130
-79
18
-5
-371
-1057
-1778
-2194
-2258
-2172
-1972
-1907
-1882
-1873
-1892
-1841
-1707
-1484
-1111
-582
-154
216
230
36
8
70
253
539
693
597
297
-83
-475
-634
-768
-835
-870
-983
-1123
-1462
-1705
-1885
-1965
-1795
-1564
-1426
-1382
-1550
-1580
-1496
-1126
-553
-141
161
279
384
597
826
1173
1524
1791
1972
2000
1945
1956
1900
1908
2029
2180
2287
2195
2006
1905
1949
2033
2167
2234
2365
2442
2560
2809
3189
3490
3504
2876
1670
462
-279
-60
344
521
125
-1077
-2253
-3143
-3255
-2595
-1963
-1498
-1590
-1908
-2015
-1997
-1767
-1213
-608
66
600
766
739
514
368
509
1006
1525
1902
1725
1023
259
-267
-326
-37
146
51
-403
-972
-1352
-1569
-1557
-1525
-1510
-1441
-1347
-1316
-1353
-1434
-1553
-1502
-1183
-851
-405
-303
-524
-718
-945
-955
-824
-630
-393
-463
-747
-1031
-1316
-1389
-1265
-1098
-1035
-980
-1103
-1367
-1531
-1519
-1296
-1077
-805
-616
-693
-648
-619
-473
-109
155
495
741
895
952
1008
1180
1398
1619
1821
1874
1794
1660
1584
1584
1671
1816
1824
1787
1657
1535
1538
1591
1790
2016
2213
2497
2760
2998
3213
3526
3696
3179
2207
962
465
687
909
1100
316
-951
-1978
-2776
-2562
-2030
-1700
-1711
-2093
-2407
-2467
-2383
-2140
-1695
-1329
-872
-377
-110
-57
-209
-305
27
637
1240
1559
1295
700
266
171
525
810
904
633
163
-276
-495
-434
-493
-642
-838
-1001
-1034
-1143
-1230
-1454
-1736
-1785
-1817
-1656
-1554
-1653
-1852
-2085
-2137
-1996
-1757
-1505
-1433
-1521
-1570
-1545
-1388
-1172
-1072
-968
-920
-911
-898
-778
-741
-699
-560
-389
-167
-95
-42
6
80
271
440
648
784
933
977
968
1120
1201
1343
1423
1361
1287
1239
1249
1220
1274
1229
1220
1374
1467
1641
1684
1718
1815
1843
2148
2498
2791
3151
3440
3769
4050
3968
3394
2324
1424
1241
1389
1446
1141
185
-849
-1635
-2143
-2013
-1980
-2117
-2235
-2551
-2605
-2600
-2673
-2542
-2403
-2055
-1470
-929
-677
-666
-842
-769
-306
347
1015
1154
946
676
551
759
1124
1333
1306
996
598
484
513
502
303
-63
-375
-540
-706
-799
-992
-1506
-1951
-2258
-2327
-2176
-2227
-2430
-2692
-2948
-2949
-2826
-2611
-2397
-2251
-2107
-1964
-1739
-1687
-1606
-1394
-1163
-810
-508
-353
-252
-332
-368
-171
133
420
529
585
490
444
437
552
766
935
1003
942
888
877
878
949
1089
1046
1050
1023
1056
1015
1062
1085
1102
1298
1360
1535
1588
1520
1623
1752
2083
2478
2772
3043
3248
3464
3505
3378
2885
2256
1902
1716
1788
1696
1145
357
-506
-1153
-1370
-1438
-1392
-1469
-1855
-2157
-2404
-2512
-2527
-2500
-2321
-1985
-1710
-1490
-1430
-1482
-1400
-1122
-680
-121
285
382
263
110
328
698
1034
1290
1235
1084
955
876
959
983
834
581
243
-22
-235
-435
-744
-1101
-1492
-1787
-2012
-2190
-2366
-2641
-2845
-3049
-3120
-3051
-2936
-2775
-2597
-2435
-2314
-2114
-1889
-1662
-1369
-1076
-756
-468
-321
-183
-64
39
166
354
485
576
566
518
547
490
497
542
571
606
659
694
645
516
405
362
393
540
665
690
635
595
596
753
880
1042
1163
1168
1234
1268
1447
1570
1696
1925
2028
2279
2475
2704
2962
3188
3389
3419
3270
2835
2393
2094
1905
1833
1632
1289
863
300
-180
-522
-813
-1069
-1327
-1604
-1774
-1909
-1984
-2054
-2171
-2279
-2253
-2072
-1803
-1472
-1283
-1153
-1079
-933
-562
-206
193
515
633
690
782
832
901
995
1122
1182
1124
957
665
353
92
-113
-362
-504
-752
-1080
-1436
-1776
-2003
-2237
-2379
-2412
-2393
-2389
-2471
-2515
-2431
-2271
-2094
-1904
-1734
-1505
-1377
-1144
-934
-833
-771
-681
-398
-156
18
71
119
166
214
291
446
475
518
509
600
457
519
455
471
434
367
459
286
320
84
-18
-170
96
226
200
187
-53
-13
-16
150
481
483
616
601
607
732
826
1089
1276
1369
1360
1458
1540
1576
1639
1781
1930
1998
2068
2188
2329
2390
2429
2386
2183
1942
1702
1425
1169
879
607
440
265
-101
-341
-489
-726
-778
-831
-792
-750
-818
-795
-795
-816
-705
-588
-497
-411
-326
-247
-197
-123
-91
-40
-54
-47
-159
-224
-228
-410
-479
-561
-611
-623
-768
-913
-1016
-1330
-1344
-1408
-1364
-1345
-1421
-1538
-1580
-1566
-1581
-1455
-1423
-1302
-1201
-1158
-1097
-1139
-1148
-1020
-1039
-842
-753
-634
-640
-544
-597
-566
-339
-302
-52
69
115
143
64
209
317
565
512
523
505
377
503
507
559
736
634
461
489
393
408
439
295
295
284
191
220
106
316
261
228
212
187
312
285
478
523
657
681
718
675
855
934
1103
1338
1376
1321
1307
1135
1202
1258
1359
1507
1512
1424
1270
1160
1141
1175
1319
1430
1442
1223
1084
841
761
745
701
777
611
502
336
132
-41
-67
-160
-207
-223
-276
-311
-485
-540
-668
-667
-544
-442
-463
-569
-697
-771
-872
-831
-575
-648
-715
-816
-948
-908
-982
-954
-890
-925
-982
-1067
-1176
-1258
-1262
-1376
-1191
-1252
-1116
-1161
-1167
-1126
-1182
-1006
-835
-689
-590
-501
-535
-353
-389
-126
49
111
299
277
369
249
382
298
520
499
484
531
285
315
311
122
14
-87
-111
-102
-111
-164
-261
-258
-354
-278
-184
-142
-106
-186
-76
68
178
356
352
342
383
542
639
754
785
713
681
621
683
769
895
934
874
749
729
720
703
792
715
775
717
536
570
462
457
529
456
510
466
440
487
360
250
235
294
280
336
371
260
253
109
192
322
212
275
163
13
49
15
32
177
129
43
-53
-256
-308
-315
-271
-321
-422
-405
-599
-603
-751
-832
-861
-842
-739
-811
-683
-688
-744
-627
-664
-554
-361
-291
-203
-199
-69
-30
85
165
235
334
393
356
330
409
394
484
495
564
409
359
257
194
130
73
-34
-144
-114
-213
-207
-207
-359
-285
-320
-306
-180
-141
-124
-138
-35
58
139
135
77
210
100
345
389
308
371
228
141
144
64
171
178
232
199
72
23
-47
-7
85
106
110
127
67
41
36
70
155
263
293
379
387
474
395
399
383
463
532
544
570
368
300
116
213
130
146
138
33
-249
-267
-406
-254
-168
-116
-269
-343
-426
-454
-537
-506
-389
-504
-330
-399
-406
-468
-485
-592
-293
-382
-185
-155
-98
-189
-64
-178
-1
6
123
177
193
234
196
222
162
83
248
221
232
186
93
49
105
35
38
82
-92
-62
-126
-90
-134
-47
-228
-81
-132
-39
-56
97
-115
222
51
320
362
401
522
499
607
478
550
440
476
478
497
406
401
99
86
-112
-168
-61
-211
-102
-338
-308
-516
-416
-489
-388
-285
-293
-349
-316
-271
-268
-159
-111
-64
107
172
134
317
201
308
322
384
533
444
552
238
409
117
250
65
102
-58
29
-142
-334
-288
-437
-349
-286
-283
-442
-404
-650
-597
-664
-468
-413
-350
-325
-309
-341
-299
-299
-219
77
102
214
200
240
197
277
310
273
349
289
407
280
361
137
279
41
207
-38
67
-145
-144
-242
-389
-202
-287
-209
-401
-278
-462
-333
-261
-216
-203
-226
-90
-11
49
259
136
444
278
664
471
787
635
734
709
754
780
717
711
522
587
315
457
245
259
14
19
-177
-191
-348
-373
-461
-412
-574
-464
-616
-504
-452
-374
-312
-200
-171
-159
-101
-17
132
140
258
430
422
475
257
485
261
511
368
429
287
16
0
-185
-228
-242
-243
-355
-371
-553
-696
-562
-784
-534
-601
-607
-569
-678
-699
-686
-506
-593
-272
-379
-77
-225
16
-27
51
265
215
425
490
545
614
424
455
457
684
607
584
412
381
157
238
78
78
-27
-123
-300
-387
-392
-304
-309
-365
-350
-323
-327
-242
-240
-248
-147
-372
3
-125
242
33
325
273
319
478
461
786
657
791
693
702
706
581
677
524
575
331
521
290
60
120
-121
-8
-294
-167
-439
-429
-586
-569
-491
-538
-454
-521
-289
-455
-294
-275
-247
-155
-54
185
22
302
190
271
207
210
336
323
490
311
483
319
57
53
-22
-226
-4
-167
-52
-417
-330
-775
-372
-697
-345
-630
-512
-622
-696
-481
-759
-363
-602
-116
-455
-80
-356
-148
-111
-133
113
173
409
136
625
158
437
340
471
246
408
178
159
209
31
90
60
55
-218
-96
-203
-299
-292
-74
-139
1
-246
-52
-312
-143
-179
104
63
226
-7
178
153
226
335
443
418
486
639
464
594
299
630
211
680
405
645
378
368
146
109
146
-15
231
-137
-82
-295
-394
-340
-415
-295
-272
-314
-286
-381
-362
-292
-313
-221
-61
-79
-29
45
-184
26
-72
220
219
348
228
24
189
-147
242
41
258
-118
71
-444
-181
-482
-203
-320
-387
-136
-552
-166
-667
-199
-550
-148
-476
-119
-335
-369
-442
-461
-22
-293
199
-88
-16
61
-85
197
77
339
90
487
107
408
228
96
277
-24
220
22
241
-275
94
-307
-194
104
-220
69
-276
27
-362
117
-156
74
119
40
141
95
225
103
307
218
433
451
415
468
304
498
355
407
620
490
542
500
480
285
448
297
334
308
197
258
-70
149
-21
-81
206
-182
-72
-133
-170
-227
76
-197
-119
155
-267
132
-130
30
-17
-61
-54
-106
-26
-7
92
-140
323
-63
-49
-121
-137
-227
-130
-52
-361
5
-550
-362
-547
-468
-624
-372
-455
-475
-425
-678
-435
-739
-455
-509
-496
-339
-550
-277
-497
-246
-490
-58
-81
58
159
-21
53
182
296
248
488
274
304
188
154
176
183
242
114
45
193
-134
87
14
-102
-111
-24
-186
-170
-92
-223
-8
-160
53
-98
181
-73
23
106
126
254
272
372
180
433
280
200
314
158
207
180
464
84
593
57
415
216
335
381
144
316
53
364
-123
368
-149
250
-40
54
-27
17
-88
-81
48
-353
-23
-161
-212
-65
-174
-48
-304
-248
-353
-140
-276
-30
-167
-242
-74
-391
-178
-442
-250
-409
-110
-367
-310
-426
-557
-380
-460
-473
-325
-339
-483
-339
-530
-329
-277
-519
-394
-485
-453
-429
-315
-380
-324
-431
-369
-135
-225
27
-313
-173
-140
40
115
267
29
42
89
139
168
274
136
224
242
174
255
214
138
7
144
140
170
184
39
-52
-200
-95
0
28
147
-50
-20
-12
-35
-82
136
-211
160
-86
52
6
-15
-64
153
83
129
307
253
224
189
372
302
483
306
441
428
371
338
477
184
287
193
61
426
152
83
171
-154
-84
-150
-58
-351
-176
-391
-290
-365
-495
-469
-353
-297
-557
-158
-560
-358
-522
-471
-290
-369
-159
-352
-173
-474
-103
-402
-157
-371
-398
-330
-106
-350
-323
-19
-552
-240
-193
-387
-368
-432
-440
-378
-427
-525
-474
-348
-468
-387
-154
-476
-300
-342
-254
26
1
-80
246
51
5
287
352
380
422
514
391
583
534
329
479
332
217
385
232
326
138
130
226
-119
126
210
-131
147
-171
-139
20
-107
-164
63
-85
-67
23
-126
-35
-82
268
-149
313
102
213
215
423
284
578
427
450
507
500
552
394
730
345
368
185
363
0
287
-7
75
-187
-299
-386
-403
-281
-579
-520
-560
-883
-638
-623
-638
-711
-460
-660
-493
-337
-419
-252
-165
-163
35
242
-97
302
-18
134
40
120
90
125
-51
65
-39
-276
-270
-366
-442
-450
-455
-590
-479
-603
-776
-376
-548
-540
-425
-423
-486
-352
-389
-443
-156
-199
87
47
97
167
233
268
474
493
431
551
499
588
431
533
436
487
366
473
446
347
242
206
104
-13
150
-46
-61
-83
-407
-84
-29
-157
-170
-177
-31
-72
151
-31
39
-115
107
262
455
221
259
254
272
757
515
564
604
473
620
873
617
498
552
192
454
397
108
-15
-63
-213
-304
-340
-516
-554
-714
-706
-525
-793
-898
-816
-667
-607
-727
-637
-747
-438
-485
-249
-174
-29
-245
32
119
115
215
148
271
142
191
80
328
7
20
-72
134
-89
-31
-233
-380
-352
-435
-278
-260
-620
-730
-674
-525
-470
-395
-471
-444
-376
-329
-52
-110
-187
-218
185
161
398
226
228
205
430
572
651
356
268
201
456
603
432
325
275
218
200
405
102
34
-129
-16
110
195
63
-166
-56
-92
95
391
158
57
38
186
303
312
300
111
114
351
557
566
385
265
268
540
628
620
351
162
80
268
346
269
18
-209
-116
-283
-39
-331
-440
-570
-514
-533
-496
-715
-962
-911
-754
-606
-506
-659
-872
-748
-613
-470
-297
-267
-314
-251
-224
-87
-70
-14
-10
118
22
-1
-62
108
123
128
47
49
91
-94
-233
-330
-410
-390
-211
-262
-329
-519
-615
-576
-299
-304
-276
-273
-427
-275
-129
-139
-91
61
1
141
372
315
217
116
188
368
479
479
495
282
124
242
252
276
272
143
99
66
-20
-48
-21
-53
-127
36
108
21
-120
-135
-47
119
225
292
350
257
147
322
468
666
636
586
518
449
576
723
677
530
539
677
662
615
484
390
400
413
651
597
455
222
120
180
260
211
195
143
117
48
99
148
75
110
129
125
66
163
227
191
-3
125
263
217
370
297
176
98
30
106
170
-59
-346
-359
-412
-479
-526
-612
-889
-1143
-1187
-1163
-1143
-1354
-1557
-1593
-1672
-1627
-1578
-1581
-1618
-1665
-1530
-1376
-1332
-1414
-1384
-1224
-1044
-765
-692
-741
-811
-765
-482
-444
-399
-363
-350
-273
-182
-139
-54
-131
-7
232
360
449
312
341
457
671
875
989
1050
1062
1135
1356
1567
1740
1817
1870
2009
2149
2330
2464
2523
2737
3039
3337
3715
3868
3844
3862
3538
3106
2678
2303
2358
2342
2052
1455
565
-319
-789
-878
-835
-888
-1380
-1956
-2370
-2631
-2592
-2519
-2399
-2372
-2326
-2257
-2265
-2324
-2246
-1901
-1476
-991
-677
-665
-782
-827
-663
-205
258
344
110
-207
-459
-426
-337
-209
-439
-791
-1105
-1370
-1684
-1752
-1967
-2229
-2324
-2492
-2562
-2786
-2950
-3014
-2866
-2658
-2455
-2423
-2489
-2341
-2050
-1620
-1174
-954
-840
-677
-408
-132
258
607
984
1084
1402
1625
1727
2068
2193
2482
2719
2841
2995
3061
3182
3519
3890
4312
4778
5112
5282
5388
4785
3827
2940
2681
3218
3280
2996
1910
101
-967
-1317
-1035
-662
-1032
-1929
-2670
-3209
-3225
-2950
-2686
-2412
-2200
-2065
-1833
-1830
-1945
-1562
-881
30
864
1058
640
363
249
906
1766
2159
2099
1530
1025
763
866
1091
1212
914
458
34
-459
-767
-1018
-1194
-1295
-1548
-1834
-2336
-2958
-3284
-3324
-3260
-3106
-3294
-3673
-3961
-4019
-3653
-3040
-2658
-2412
-2295
-2208
-1877
-1460
-962
-396
42
224
350
333
417
704
1062
1475
1619
1466
1334
1254
1418
1851
2206
2423
2374
2249
2134
2409
2875
3489
4289
4707
5096
5396
5342
4374
3320
2453
2819
3741
3674
2881
1033
-1059
-1810
-1553
-870
-651
-1774
-3022
-3986
-4205
-3769
-3295
-2878
-2675
-2707
-2626
-2462
-2479
-2189
-1262
-216
860
1192
875
556
607
1238
2428
3166
3094
2439
1679
1685
1871
2365
2620
2222
1618
978
581
365
253
145
-94
-420
-932
-1629
-2277
-2591
-2680
-2637
-2674
-3031
-3691
-4191
-4290
-3949
-3435
-3070
-3035
-3145
-3085
-2713
-2131
-1517
-938
-621
-449
-306
-159
138
604
1038
1348
1448
1238
1081
1239
1628
2005
2325
2401
2219
2199
2244
2524
2971
3432
3834
4282
4626
5017
5421
5827
5237
3855
2745
2119
2952
3263
2648
1265
-997
-2272
-2480
-2080
-1723
-2545
-3808
-4681
-5021
-4810
-4397
-4042
-3720
-3391
-3350
-3254
-3098
-2968
-2070
-782
263
882
531
316
603
1191
2390
3126
3109
2495
1754
1700
2160
2587
2695
2349
1662
778
534
448
410
259
-82
-343
-814
-1302
-1713
-2005
-2137
-2231
-2560
-2856
-3282
-3671
-3654
-3304
-3061
-2857
-2869
-2929
-2735
-2401
-1731
-1076
-773
-496
-350
-191
240
568
986
1260
1241
1249
1069
1114
1423
1697
1880
1913
1807
1779
1858
2034
2313
2551
2671
2888
3418
3924
4534
5138
5715
5749
4600
3201
2158
2380
3640
3734
2671
693
-1667
-2442
-2103
-1343
-1329
-2596
-3994
-4880
-5106
-4736
-4051
-3616
-3382
-3510
-3697
-3650
-3505
-2860
-1452
-315
202
47
-457
-255
318
1470
2640
2793
2219
1393
1046
1363
1953
2281
2363
1836
744
221
46
77
379
226
-79
-625
-1396
-1770
-1844
-1705
-1532
-1832
-2363
-3098
-3634
-3535
-3116
-2674
-2428
-2630
-3015
-2972
-2543
-1766
-925
-510
-466
-397
-279
137
679
1075
1384
1374
1231
1132
1028
1282
1607
1788
1700
1474
1397
1428
1781
2108
2356
2393
2351
2570
3173
3900
4570
5267
5723
5887
4768
3377
2418
2597
3933
4223
3268
1240
-1362
-2158
-1686
-839
-505
-1752
-3432
-4570
-4894
-4295
-3356
-2897
-2753
-3056
-3492
-3425
-3153
-2393
-1018
-60
416
111
-296
-154
513
1634
2595
2696
2119
1281
932
1302
1833
2154
2004
1332
350
-198
-376
-283
-173
-402
-748
-1308
-1944
-2100
-2252
-2151
-1881
-2180
-2646
-3177
-3673
-3563
-3155
-2726
-2520
-2810
-3138
-3107
-2633
-1913
-1190
-943
-881
-843
-624
-34
499
993
1065
1029
992
934
1073
1354
1642
1676
1643
1678
1675
1744
1989
2266
2548
2634
2809
3195
3778
4494
5091
5824
6391
6220
5106
3705
2957
3336
4438
4493
3180
970
-1316
-1818
-1291
-633
-744
-2138
-3718
-4746
-4853
-4246
-3528
-3233
-3244
-3587
-3989
-3940
-3510
-2554
-1288
-500
-262
-480
-763
-401
417
1470
2290
2296
1713
1115
989
1417
2142
2461
2191
1437
440
2
-19
292
465
11
-593
-1327
-1868
-1952
-1941
-1729
-1789
-2279
-2909
-3461
-3794
-3692
-3292
-3044
-3045
-3371
-3653
-3522
-3054
-2404
-1763
-1550
-1520
-1375
-895
-247
259
691
734
772
826
914
1038
1247
1477
1438
1447
1542
1549
1596
1812
2055
2397
2595
2737
3024
3644
4333
5038
5866
6346
6166
5055
3760
3045
3528
4599
4661
3348
1092
-1128
-1812
-1377
-683
-749
-2037
-3716
-4955
-5176
-4512
-3659
-3179
-3265
-3800
-4297
-4197
-3512
-2467
-1260
-600
-448
-620
-679
-241
614
1643
2443
2477
1888
1339
1226
1663
2397
2834
2601
1811
844
305
280
607
667
295
-376
-1067
-1660
-1909
-1821
-1798
-1720
-2030
-2628
-3197
-3667
-3678
-3327
-2962
-2811
-2964
-3401
-3573
-3314
-2735
-1921
-1502
-1341
-1410
-1407
-1031
-400
255
685
666
601
453
400
687
1120
1321
1379
1510
1484
1498
1600
1921
2325
2746
3056
3345
3758
4296
4923
5861
6655
6725
5901
4398
3239
3146
4181
4816
3991
2007
-504
-1947
-1986
-1324
-756
-1352
-2941
-4699
-5609
-5235
-4020
-3037
-2747
-3217
-4101
-4354
-3761
-2540
-1089
-170
107
12
-282
-31
754
1773
2753
3035
2793
2159
1731
1730
2287
2964
3177
2661
1597
584
88
324
839
843
208
-775
-1821
-2133
-2078
-1761
-1561
-2065
-2730
-3309
-3709
-3699
-3500
-3234
-3033
-3031
-3304
-3591
-3682
-3316
-2498
-1733
-1232
-1305
-1568
-1569
-1028
-71
689
1043
939
422
294
576
1038
1469
1541
1531
1269
1122
1211
1453
1849
2151
2469
2692
2938
3304
3904
4707
5646
6247
6236
5364
3954
3059
3135
4104
4656
3819
2006
-288
-1782
-1939
-1218
-437
-781
-2349
-4272
-5299
-4983
-3767
-2494
-2108
-2736
-3799
-4278
-3697
-2393
-906
-3
53
-305
-489
-75
800
1814
2447
2620
2455
2091
1827
1941
2289
2596
2656
2424
1816
1125
619
426
574
629
419
-250
-1066
-1646
-1805
-1729
-1572
-1660
-2136
-2663
-3364
-3801
-3694
-3366
-3070
-3131
-3583
-4029
-4089
-3780
-3082
-2475
-2234
-2081
-2092
-1857
-1358
-707
-95
237
394
377
381
571
833
1107
1383
1583
1616
1666
1728
1863
2220
2550
2922
3330
3788
4271
4764
5317
5884
6216
6295
5731
4643
3731
3273
3377
3575
3223
2089
297
-1361
-2267
-2358
-1902
-1769
-2403
-3521
-4629
-5052
-4733
-3950
-3138
-2874
-3108
-3227
-3128
-2547
-1587
-791
-201
175
503
830
1122
1445
1698
1858
2174
2430
2599
2592
2408
1954
1601
1482
1487
1627
1510
1095
439
-211
-571
-531
-432
-434
-827
-1415
-1907
-2185
-2264
-2275
-2424
-2857
-3293
-3535
-3591
-3611
-3512
-3462
-3557
-3470
-3326
-3075
-2658
-2245
-1780
-1348
-996
-725
-501
-240
188
489
724
873
982
1028
1183
1406
1653
1958
2086
2205
2226
2287
2582
3073
3690
4234
4632
5033
5392
5656
5758
5467
4806
3981
3249
2882
2745
2573
2136
1211
-35
-1232
-2050
-2353
-2344
-2344
-2605
-3054
-3474
-3740
-3792
-3586
-3404
-3205
-2864
-2536
-2054
-1668
-1360
-1060
-773
-406
-32
338
776
1052
1246
1333
1345
1437
1462
1606
1526
1378
1317
1166
1193
1051
772
513
271
68
76
72
-100
-430
-755
-961
-1056
-1065
-1227
-1485
-1913
-2279
-2574
-2614
-2530
-2465
-2418
-2599
-2796
-2930
-2847
-2513
-1935
-1387
-1059
-864
-834
-707
-345
76
480
735
740
655
661
790
1051
1325
1459
1493
1413
1343
1378
1607
1919
2155
2404
2629
2745
3052
3401
3769
4128
4106
3760
3227
2696
2256
1989
1758
1482
1106
677
242
-78
-268
-557
-794
-913
-1090
-1199
-1326
-1406
-1338
-1236
-1074
-979
-1054
-1150
-1127
-980
-795
-716
-652
-620
-651
-621
-634
-639
-696
-750
-676
-625
-693
-758
-824
-831
-813
-849
-837
-858
-895
-855
-730
-572
-489
-464
-497
-424
-351
-201
-23
35
24
-178
-356
-460
-415
-390
-403
-465
-689
-963
-1086
-1008
-881
-741
-730
-922
-1068
-1113
-1111
-949
-850
-850
-859
-901
-925
-848
-664
-415
-154
7
109
257
411
818
1199
1532
1786
2134
2522
2892
3255
3585
3864
3951
3930
3831
3567
3218
2863
2447
2137
1804
1604
1391
1152
881
686
524
294
71
-323
-554
-670
-715
-643
-721
-878
-1129
-1262
-1218
-1195
-1192
-1263
-1387
-1492
-1445
-1409
-1431
-1506
-1468
-1373
-1183
-1093
-1115
-1126
-1150
-1108
-1003
-927
-902
-947
-935
-785
-580
-471
-560
-582
-528
-465
-371
-261
-211
-182
-150
-104
-135
-159
-228
-289
-331
-409
-536
-690
-769
-745
-672
-595
-752
-934
-1088
-1111
-937
-817
-719
-794
-888
-883
-749
-553
-252
-40
-1
105
262
542
974
1295
1547
1789
2045
2420
2811
3196
3532
3778
3909
3970
3798
3527
3253
2975
2690
2350
1959
1626
1420
1269
1193
1021
788
460
118
-96
-240
-294
-301
-329
-584
-811
-966
-993
-930
-966
-1090
-1189
-1280
-1374
-1490
-1541
-1595
-1693
-1629
-1542
-1443
-1471
-1510
-1587
-1647
-1571
-1474
-1447
-1487
-1406
-1213
-965
-899
-987
-1153
-1202
-1046
-762
-500
-432
-523
-624
-551
-404
-248
-197
-196
-157
-253
-326
-479
-580
-594
-480
-370
-392
-587
-879
-973
-879
-567
-317
-274
-440
-599
-695
-499
-219
49
216
218
258
322
515
827
1218
1571
1777
1828
1963
2099
2394
2870
3327
3668
3751
3657
3460
3332
3261
3246
3029
2540
2097
1623
1393
1392
1419
1292
1052
701
328
136
87
171
145
-82
-325
-567
-593
-503
-497
-561
-636
-781
-885
-931
-1037
-1170
-1237
-1258
-1194
-1158
-1261
-1433
-1644
-1702
-1664
-1609
-1565
-1705
-1808
-1704
-1485
-1291
-1253
-1350
-1442
-1385
-1267
-1059
-940
-892
-800
-763
-623
-573
-479
-391
-300
-233
-299
-366
-415
-329
-261
-195
-225
-388
-541
-593
-536
-484
-429
-438
-499
-574
-580
-542
-455
-394
-261
-70
-18
-18
42
227
507
828
1094
1210
1262
1338
1583
1980
2334
2678
2853
3052
3162
3249
3274
3270
3173
2990
2688
2271
1872
1573
1392
1312
1228
1086
818
493
327
249
272
206
-20
-230
-327
-435
-393
-401
-486
-528
-603
-656
-766
-972
-1084
-1125
-1116
-1059
-1043
-1158
-1349
-1541
-1645
-1668
-1652
-1648
-1726
-1738
-1734
-1653
-1603
-1519
-1458
-1350
-1274
-1280
-1302
-1262
-1062
-912
-821
-785
-803
-768
-704
-591
-465
-420
-411
-454
-471
-514
-509
-546
-522
-528
-453
-524
-560
-539
-562
-429
-340
-217
-204
-190
-209
-161
-43
128
273
420
524
586
696
753
1008
1210
1379
1500
1514
1719
2005
2248
2550
2771
2791
2829
2859
2857
2836
2752
2614
2397
2073
1744
1544
1351
1201
1182
1143
1110
960
783
598
481
461
421
308
159
-51
-170
-114
-140
-195
-340
-585
-727
-758
-701
-709
-749
-936
-1106
-1246
-1334
-1428
-1434
-1486
-1522
-1555
-1682
-1678
-1664
-1533
-1330
-1159
-1167
-1262
-1351
-1295
-1167
-993
-856
-866
-862
-790
-764
-641
-585
-554
-408
-413
-418
-503
-559
-575
-635
-629
-647
-670
-712
-759
-754
-707
-626
-597
-603
-644
-673
-601
-461
-373
-298
-252
-208
-105
55
231
377
519
647
805
914
1096
1340
1553
1897
2058
2221
2375
2645
2783
2919
3010
2953
2785
2510
2321
2156
2049
1903
1737
1422
1228
1039
938
983
932
913
686
426
245
158
127
119
56
-186
-320
-504
-558
-475
-445
-414
-453
-550
-674
-739
-801
-834
-856
-873
-982
-1172
-1389
-1431
-1344
-1167
-973
-990
-1074
-1259
-1363
-1273
-1180
-1103
-1104
-1099
-1137
-1106
-998
-908
-823
-780
-802
-820
-840
-804
-755
-759
-748
-793
-901
-952
-890
-796
-711
-682
-717
-748
-744
-633
-466
-368
-380
-460
-449
-467
-337
-194
-87
-93
-105
-41
105
307
470
617
721
862
959
1157
1392
1620
1944
2257
2657
2850
2869
2842
2779
2780
2842
2831
2653
2441
2121
1829
1660
1608
1626
1461
1241
981
669
492
376
288
154
-60
-305
-551
-749
-814
-801
-823
-928
-1021
-1082
-1124
-1115
-1041
-951
-808
-808
-934
-1074
-1225
-1180
-1086
-1007
-885
-881
-899
-795
-735
-621
-508
-480
-538
-606
-685
-782
-690
-580
-484
-454
-556
-585
-606
-660
-630
-612
-662
-744
-805
-802
-809
-760
-747
-832
-928
-964
-974
-885
-764
-734
-720
-819
-817
-760
-689
-590
-605
-612
-622
-517
-393
-146
99
238
363
441
560
655
834
1060
1332
1546
1731
1963
2208
2487
2770
2914
2909
2843
2684
2493
2312
2180
2047
1807
1569
1339
1085
896
758
658
414
114
-144
-428
-604
-726
-865
-1002
-1131
-1272
-1377
-1454
-1550
-1570
-1548
-1500
-1439
-1368
-1303
-1198
-1116
-998
-849
-773
-680
-608
-650
-668
-684
-615
-413
-172
58
145
94
35
31
80
42
30
-58
-145
-154
-142
-55
-1
-76
-240
-399
-443
-511
-516
-457
-506
-549
-702
-788
-847
-846
-834
-890
-953
-1021
-992
-876
-808
-827
-882
-905
-798
-694
-541
-432
-321
-272
-122
163
438
607
701
813
934
1124
1319
1597
1819
2121
2404
2664
2949
3185
3349
3360
3277
3107
2889
2635
2360
2070
1943
1757
1384
991
600
314
54
-263
-663
-1019
-1349
-1604
-1758
-1915
-2000
-2119
-2189
-2233
-2301
-2217
-2157
-2129
-2026
-1856
-1697
-1590
-1445
-1289
-1123
-948
-799
-692
-520
-387
-208
-7
77
189
187
215
357
425
510
605
684
722
612
338
95
-18
-6
-26
-49
-115
-277
-418
-493
-611
-711
-908
-1060
-1165
-1215
-1239
-1247
-1262
-1347
-1439
-1491
-1525
-1474
-1346
-1173
-1039
-969
-873
-717
-558
-391
-139
123
431
775
1132
1400
1497
1600
1725
1913
2230
2530
2776
3016
3196
3452
3817
4303
4732
4809
4525
3857
3212
2837
2751
2749
2502
1953
1233
425
-361
-907
-1336
-1712
-2050
-2470
-2819
-2961
-3132
-3287
-3436
-3659
-3816
-3776
-3499
-3027
-2629
-2495
-2563
-2649
-2417
-1953
-1379
-858
-636
-649
-559
-323
103
510
696
786
901
1026
1181
1411
1435
1401
1336
1235
1245
1229
1118
843
550
291
128
-34
-256
-504
-836
-1229
-1527
-1704
-1910
-2156
-2407
-2591
-2766
-2868
-2803
-2782
-2717
-2689
-2567
-2354
-2040
-1656
-1322
-1066
-826
-519
-122
323
745
1096
1330
1559
1764
2104
2471
2787
3006
3024
3136
3263
3462
3827
4250
4653
5015
5295
5504
5621
5324
4566
3651
3110
3089
3220
3124
2392
1040
-438
-1558
-1892
-1764
-1716
-2193
-3216
-4172
-4755
-4748
-4446
-4101
-4053
-4322
-4468
-4299
-3753
-3254
-2911
-2666
-2324
-1798
-1154
-715
-477
-419
-342
118
808
1459
1759
1575
1230
1098
1283
1816
2253
2209
1738
1132
776
853
1145
1247
880
259
-390
-795
-885
-913
-1066
-1614
-2236
-2683
-2901
-2927
-3032
-3296
-3500
-3589
-3596
-3442
-3224
-3041
-2848
-2540
-2051
-1542
-1151
-879
-681
-305
208
824
1369
1691
1813
1903
2163
2609
3106
3361
3370
3321
3289
3443
3798
4316
4831
5073
5217
5430
5724
5915
5461
4552
3541
3217
3527
3685
3247
1867
104
-1321
-1798
-1428
-1099
-1615
-3159
-4764
-5545
-5251
-4354
-3705
-3754
-4624
-5451
-5481
-4574
-3282
-2573
-2459
-2622
-2626
-2022
-1149
-369
90
161
216
588
1168
1606
1714
1609
1646
1864
2252
2357
2082
1654
1241
1155
1412
1657
1446
715
-51
-490
-511
-434
-637
-1343
-2248
-3025
-3270
-3096
-2989
-3223
-3839
-4382
-4520
-4168
-3678
-3318
-3247
-3269
-3015
-2482
-1757
-1159
-800
-600
-261
321
944
1410
1684
1857
2034
2369
2903
3359
3363
3288
3247
3375
3726
4093
4308
4496
4746
5016
5496
5971
6063
5239
4078
3177
3359
4040
4181
3387
1517
-325
-1266
-1146
-341
-260
-1435
-3447
-4938
-5040
-4110
-3161
-3126
-3864
-5054
-5657
-4906
-3494
-2345
-2284
-2710
-3004
-2641
-1509
-462
178
194
-28
-31
449
1261
1720
1836
1726
1668
1787
1949
1942
1797
1660
1503
1450
1339
1046
656
389
249
262
12
-462
-1229
-1960
-2241
-2245
-2251
-2554
-3284
-4042
-4378
-4274
-3794
-3452
-3549
-3872
-3997
-3638
-2924
-2231
-1717
-1477
-1430
-1098
-424
256
716
936
1091
1353
1734
2167
2470
2709
2813
2833
3011
3190
3386
3413
3625
4077
4539
5020
5352
5594
5600
4888
4045
3350
3608
4141
3905
2953
1325
-38
-655
-526
-100
-453
-1758
-3417
-4302
-4063
-3338
-2894
-3246
-4077
-4884
-4873
-4002
-2906
-2273
-2619
-2975
-2864
-2110
-1023
-239
33
-184
-310
7
699
1403
1681
1549
1330
1373
1540
1767
1892
1788
1644
1383
1192
995
812
715
579
539
275
-179
-689
-1114
-1295
-1396
-1560
-2038
-2704
-3263
-3489
-3444
-3332
-3378
-3593
-3931
-3912
-3468
-2790
-2329
-2182
-2097
-1936
-1413
-752
-146
232
293
351
652
1134
1627
1957
2100
2138
2287
2438
2638
2840
2917
3005
3234
3628
4067
4398
4777
5149
5454
5109
4302
3483
3283
3924
4120
3539
2150
470
-410
-458
115
193
-872
-2557
-3812
-3769
-3085
-2462
-2671
-3553
-4423
-4758
-4025
-2975
-2364
-2496
-2958
-3016
-2511
-1508
-733
-405
-457
-583
-319
214
934
1277
1307
1181
1162
1360
1610
1833
1778
1611
1381
1107
1016
959
1021
967
712
340
-91
-477
-605
-665
-909
-1381
-2046
-2558
-2800
-2792
-2736
-2924
-3378
-3752
-3880
-3580
-3095
-2695
-2577
-2606
-2545
-2117
-1456
-844
-382
-216
-121
17
379
948
1450
1620
1617
1752
1937
2197
2491
2717
2770
2735
2813
3119
3624
4104
4514
4976
5269
5291
4642
3843
3369
3647
4310
4051
2899
1252
-81
-393
-57
297
-316
-1882
-3446
-3963
-3429
-2752
-2557
-3268
-4210
-4736
-4471
-3561
-2790
-2545
-2895
-3076
-2647
-1896
-1041
-539
-338
-381
-262
179
777
1273
1389
1356
1312
1410
1593
1799
1842
1641
1453
1307
1139
1126
1096
1051
776
395
26
-285
-323
-439
-639
-1087
-1692
-2196
-2540
-2434
-2424
-2649
-3122
-3628
-3762
-3534
-3000
-2671
-2578
-2755
-2883
-2496
-1772
-996
-600
-504
-568
-443
30
734
1342
1527
1540
1513
1711
2143
2512
2745
2741
2631
2587
2891
3407
3903
4226
4483
4779
4984
4948
4277
3658
3246
3596
3997
3442
2228
734
-197
-244
16
-41
-1099
-2655
-3830
-3902
-3256
-2790
-3080
-3989
-4654
-4810
-4214
-3304
-2821
-2888
-3241
-3086
-2496
-1676
-920
-490
-321
-326
-68
382
914
1361
1497
1525
1520
1512
1608
1742
1743
1624
1389
1124
960
892
927
835
608
216
-210
-426
-513
-603
-828
-1339
-1885
-2326
-2425
-2360
-2441
-2783
-3285
-3630
-3577
-3270
-2853
-2708
-2842
-2891
-2719
-2033
-1298
-826
-671
-666
-561
-152
580
1179
1475
1470
1378
1541
1944
2403
2682
2754
2615
2577
2738
3132
3638
3950
4105
4309
4537
4880
4935
4409
3741
3133
3305
3633
3144
2089
791
-143
-417
-281
-359
-1172
-2538
-3623
-3714
-3269
-2900
-3127
-3820
-4361
-4486
-3992
-3165
-2760
-2766
-3029
-2926
-2327
-1549
-813
-439
-294
-307
3
441
989
1338
1434
1401
1303
1387
1559
1700
1668
1423
1089
853
755
844
886
708
409
15
-273
-377
-379
-397
-776
-1305
-1802
-2146
-2144
-2141
-2277
-2579
-3094
-3346
-3192
-2877
-2678
-2696
-2781
-2780
-2413
-1812
-1267
-984
-900
-801
-541
21
518
927
1131
1107
1187
1521
1985
2312
2467
2411
2416
2471
2832
3236
3567
3688
3838
4089
4571
4988
5163
4635
3752
3022
3034
3719
3548
2536
1141
-69
-466
-275
-159
-793
-2151
-3382
-3823
-3350
-2818
-2874
-3602
-4294
-4526
-4196
-3310
-2727
-2717
-2942
-2993
-2493
-1754
-1024
-506
-338
-281
-244
190
726
1254
1440
1338
1214
1097
1276
1538
1672
1493
1080
700
488
642
879
830
397
-172
-490
-577
-349
-309
-622
-1254
-1834
-2081
-2122
-1998
-2086
-2424
-2933
-3239
-3172
-2881
-2707
-2764
-2781
-2724
-2374
-1884
-1417
-1130
-1057
-886
-504
-38
417
709
897
982
1180
1531
1869
2138
2187
2203
2293
2488
2758
2983
3127
3223
3548
3880
4332
4702
4856
4844
4150
3473
3074
3420
3812
3248
2151
818
-102
-233
44
4
-943
-2333
-3393
-3475
-2909
-2479
-2707
-3524
-4032
-4162
-3643
-2787
-2447
-2521
-2865
-2742
-2142
-1441
-730
-354
-289
-354
-320
104
761
1235
1347
1107
846
747
1031
1405
1514
1205
724
403
355
679
782
589
122
-366
-533
-431
-252
-298
-759
-1354
-1784
-1992
-1953
-1793
-1947
-2407
-2911
-3164
-3063
-2873
-2655
-2604
-2697
-2681
-2537
-2171
-1621
-1203
-998
-834
-630
-396
47
459
761
914
1133
1329
1643
1931
2170
2298
2398
2530
2684
2956
3127
3412
3479
3732
4062
4518
4793
4949
4502
3615
3029
2956
3511
3400
2551
1287
145
-207
-83
-29
-532
-1612
-2724
-3204
-2848
-2414
-2441
-3008
-3542
-3730
-3511
-2833
-2418
-2387
-2535
-2519
-2089
-1532
-882
-518
-373
-453
-380
-27
533
999
1055
923
669
683
946
1272
1391
1156
654
375
339
589
732
569
143
-290
-474
-406
-227
-220
-586
-1193
-1624
-1811
-1794
-1631
-1770
-2254
-2859
-3217
-3115
-2870
-2529
-2501
-2770
-2944
-2960
-2500
-1811
-1304
-1138
-1228
-1216
-857
-249
321
653
776
782
853
1207
1700
2093
2263
2220
2210
2357
2638
2942
3105
3166
3183
3427
3782
4248
4500
4618
4238
3452
2897
2671
3229
3372
2699
1470
271
-255
-111
237
-32
-1161
-2483
-3116
-2749
-2170
-1964
-2536
-3315
-3682
-3569
-2810
-2161
-2092
-2363
-2678
-2404
-1847
-1181
-604
-480
-637
-747
-505
23
486
662
615
508
344
512
808
1077
997
603
397
293
364
552
625
477
140
-132
-253
-252
-204
-298
-650
-1043
-1373
-1619
-1587
-1641
-1873
-2237
-2675
-2816
-2812
-2709
-2658
-2764
-2813
-2821
-2514
-2058
-1721
-1597
-1583
-1443
-1092
-506
-102
195
308
324
570
957
1518
1802
1756
1812
1888
2209
2541
2708
2767
2708
2740
2919
3241
3648
3983
4149
4252
4312
3654
3162
2841
3128
3529
3015
2072
945
171
193
445
466
-363
-1743
-2590
-2497
-1978
-1664
-2043
-2971
-3358
-3365
-2785
-2125
-2054
-2291
-2674
-2570
-1939
-1303
-813
-793
-995
-1020
-725
-209
284
517
340
336
318
523
818
909
931
714
568
601
710
780
759
513
233
99
92
140
103
-111
-576
-963
-1083
-1146
-1218
-1391
-1863
-2335
-2641
-2658
-2446
-2452
-2584
-2838
-3004
-2865
-2548
-2106
-1845
-1774
-1770
-1544
-1153
-778
-399
-46
175
290
453
763
1074
1389
1575
1654
1745
1878
2089
2325
2512
2496
2325
2413
2649
3000
3379
3603
3793
3916
4116
3677
3167
2667
2854
3360
3170
2438
1303
426
231
497
690
158
-1130
-2285
-2543
-2020
-1547
-1717
-2508
-3205
-3439
-3048
-2229
-1885
-2067
-2566
-2749
-2242
-1541
-900
-746
-972
-1143
-1007
-411
204
425
247
72
72
441
888
1104
879
512
377
577
939
987
802
361
94
104
257
357
174
-216
-592
-798
-802
-911
-1108
-1406
-1680
-1989
-2188
-2161
-2256
-2367
-2523
-2523
-2468
-2367
-2171
-1946
-1796
-1703
-1594
-1262
-895
-604
-338
-189
-60
65
349
706
994
1102
1161
1218
1354
1584
1832
1979
2035
1967
1886
2056
2210
2513
2825
3077
3221
3427
3701
4187
3989
3490
2929
2814
3387
3435
2979
2000
963
518
570
735
398
-637
-1792
-2331
-2077
-1709
-1611
-2254
-2923
-3361
-3295
-2654
-2230
-2136
-2451
-2672
-2386
-1900
-1392
-1003
-894
-939
-886
-614
-100
269
295
386
420
553
759
934
1054
937
878
836
759
838
843
714
610
409
253
163
59
-69
-205
-476
-692
-963
-1197
-1266
-1382
-1539
-1799
-2051
-2169
-2251
-2226
-2174
-2199
-2234
-2228
-2123
-1946
-1690
-1419
-1227
-1108
-1038
-791
-507
-128
177
235
229
364
610
914
1218
1330
1358
1295
1367
1566
1763
1998
2037
2023
2030
2219
2571
2976
3418
3770
3823
3980
3694
3326
3127
3147
3634
3444
2640
1653
850
585
763
763
239
-882
-2046
-2330
-2032
-1724
-1810
-2550
-3176
-3433
-3097
-2392
-2108
-2327
-2673
-2739
-2249
-1563
-1065
-912
-996
-1016
-842
-381
211
565
501
363
416
607
969
1122
1122
1004
819
925
924
922
934
794
654
536
431
376
325
262
153
-107
-345
-580
-825
-723
-778
-1045
-1433
-1758
-1855
-1890
-1879
-1915
-2099
-2261
-2221
-2115
-1770
-1547
-1492
-1435
-1321
-1068
-789
-534
-309
-107
-10
139
300
554
732
889
1098
1176
1358
1490
1640
1739
1882
1997
2119
2175
2266
2487
2808
3130
3444
3709
3888
3941
3467
3001
2641
2894
3105
2757
1994
1031
355
173
222
88
-519
-1570
-2326
-2402
-2223
-2002
-2313
-2928
-3197
-3174
-2818
-2398
-2399
-2584
-2642
-2352
-1874
-1381
-1080
-1097
-1054
-851
-501
-76
196
228
256
324
515
811
953
1082
971
878
876
1019
1064
1070
1082
936
866
785
810
815
796
644
443
210
74
-122
-308
-500
-763
-1016
-1322
-1499
-1660
-1787
-1916
-2066
-2171
-2211
-2212
-2057
-1859
-1803
-1761
-1710
-1369
-1069
-945
-776
-577
-356
-151
82
390
581
774
898
1094
1403
1539
1717
1801
1839
1997
2180
2287
2346
2282
2276
2412
2736
3069
3325
3435
3479
3420
3058
2655
2343
2623
2783
2395
1659
682
-39
-179
-4
-55
-670
-1724
-2593
-2727
-2373
-1999
-2209
-2834
-3341
-3581
-3144
-2454
-2149
-2244
-2574
-2582
-2115
-1439
-918
-752
-961
-1080
-799
-261
355
530
462
276
302
705
1123
1335
1202
926
905
1159
1332
1436
1272
1029
911
879
874
846
738
568
334
163
21
-222
-381
-571
-772
-1087
-1396
-1582
-1702
-1831
-1944
-2064
-2189
-2183
-2065
-1914
-1880
-1887
-1831
-1606
-1312
-1062
-895
-737
-609
-532
-230
168
451
544
591
649
859
1111
1354
1548
1577
1516
1512
1660
1833
1885
1948
1875
1875
2070
2331
2620
2774
2936
3037
3066
2775
2468
2177
2173
2301
2085
1564
802
253
26
16
-110
-599
-1437
-2155
-2251
-2051
-1786
-1931
-2380
-2718
-2836
-2568
-2081
-1797
-1945
-2205
-2219
-1793
-1156
-723
-538
-662
-883
-790
-434
14
223
161
-15
-136
157
517
741
765
542
338
358
656
839
811
662
475
378
458
581
578
418
131
-179
-354
-311
-259
-297
-549
-820
-1090
-1178
-1055
-992
-960
-1133
-1327
-1363
-1225
-1081
-1003
-949
-992
-1024
-969
-835
-609
-524
-442
-386
-425
-429
-277
7
238
311
353
402
526
777
1019
1207
1256
1258
1322
1481
1690
1891
1989
2069
2175
2375
2667
2977
3145
3222
2935
2550
2194
2148
2372
2201
1626
727
-94
-471
-477
-433
-667
-1234
-2007
-2310
-2170
-1795
-1508
-1753
-1999
-2212
-2095
-1565
-1104
-981
-1166
-1284
-1050
-666
-330
-206
-284
-446
-534
-302
52
218
71
-145
-247
-153
27
163
52
-186
-374
-423
-274
-103
-58
-251
-423
-426
-246
-9
141
73
-64
-106
8
149
209
143
8
-198
-249
-136
-140
-207
-339
-468
-630
-726
-765
-725
-732
-797
-926
-1034
-1051
-1003
-895
-882
-879
-875
-831
-678
-480
-327
-152
-40
64
239
447
623
789
864
967
1049
1158
1299
1334
1393
1412
1478
1625
1751
1818
1922
2112
2300
2577
2752
2820
2707
2390
2068
1840
1909
1765
1378
728
108
-372
-605
-560
-692
-971
-1495
-1877
-1841
-1607
-1371
-1465
-1601
-1683
-1553
-1280
-1016
-840
-846
-776
-619
-423
-189
-111
-82
-73
7
95
198
217
141
76
91
91
107
-41
-270
-402
-403
-291
-226
-284
-449
-597
-571
-314
-82
-39
-121
-300
-417
-304
-78
37
-149
-446
-649
-684
-554
-472
-511
-731
-928
-1058
-995
-828
-743
-765
-945
-1017
-1001
-863
-602
-470
-412
-454
-505
-382
-275
-90
147
239
168
114
143
414
725
865
833
664
656
774
1066
1191
1157
997
887
944
1181
1474
1481
1440
1402
1546
1905
2207
2455
2504
2515
2425
2233
2039
1791
1793
1678
1278
699
120
-256
-397
-462
-635
-948
-1293
-1512
-1404
-1218
-1118
-1181
-1285
-1284
-1052
-766
-536
-376
-434
-435
-340
-174
6
-4
-62
-134
-142
-48
52
3
-83
-225
-257
-312
-313
-415
-555
-679
-645
-627
-654
-646
-681
-682
-676
-546
-455
-417
-423
-390
-400
-406
-400
-475
-452
-425
-431
-511
-581
-594
-572
-557
-593
-709
-825
-812
-729
-571
-483
-512
-604
-562
-425
-219
-100
-110
-105
-51
42
212
376
404
399
447
475
622
743
732
702
626
664
707
761
749
755
689
641
638
733
866
883
893
938
987
1160
1394
1702
1978
2016
2085
2088
1965
1749
1602
1556
1414
1190
811
422
135
-18
-149
-167
-368
-540
-655
-746
-675
-603
-593
-566
-512
-390
-268
-310
-339
-327
-244
-114
-10
-83
-273
-495
-561
-440
-285
-280
-473
-747
-1033
-1089
-1021
-882
-886
-1059
-1248
-1305
-1201
-991
-800
-733
-710
-650
-534
-422
-371
-326
-269
-204
-192
-192
-227
-287
-333
-346
-356
-414
-471
-565
-558
-533
-498
-462
-443
-345
-316
-238
-206
-163
-74
-83
-42
-56
-75
4
16
63
99
62
-47
-7
41
93
172
180
137
51
97
191
221
256
249
287
345
372
457
496
575
664
785
963
1146
1283
1422
1650
1836
2097
2310
2391
2462
2372
2103
1767
1592
1466
1349
1083
726
315
-24
-138
-113
-93
-100
-255
-383
-438
-444
-449
-499
-480
-460
-366
-349
-386
-559
-664
-726
-780
-804
-850
-973
-1162
-1221
-1291
-1280
-1278
-1283
-1283
-1243
-1218
-1320
-1268
-1252
-1123
-917
-750
-645
-616
-527
-447
-226
-75
-60
-41
-43
37
135
197
155
89
59
29
47
62
21
-60
-167
-215
-207
-171
-114
-168
-221
-307
-346
-344
-334
-357
-337
-451
-500
-467
-416
-314
-346
-386
-398
-307
-243
-166
-89
-77
-45
22
150
279
338
366
402
468
556
649
675
778
919
1016
1090
1158
1291
1408
1586
1680
1820
1976
2098
2261
2459
2565
2556
2539
2380
2139
1892
1618
1399
1152
881
615
379
123
-169
-450
-596
-628
-717
-700
-774
-915
-1050
-1161
-1073
-974
-902
-926
-1029
-1110
-1162
-1166
-1184
-1187
-1205
-1277
-1271
-1205
-1057
-1025
-1018
-1049
-1084
-961
-817
-648
-570
-524
-467
-370
-247
-56
95
166
231
233
247
323
352
350
323
261
205
141
60
-85
-248
-360
-413
-488
-615
-679
-728
-794
-841
-884
-902
-913
-935
-939
-946
-942
-935
-897
-809
-768
-665
-598
-519
-424
-333
-223
-151
-39
44
227
366
497
617
668
734
798
918
974
1057
1109
1152
1248
1310
1404
1465
1509
1554
1601
1708
1824
1898
1929
1938
1964
2023
2034
1946
1912
1742
1548
1350
976
706
371
56
-239
-378
-475
-606
-772
-935
-1099
-1167
-1086
-992
-1000
-1109
-1089
-1020
-853
-705
-738
-778
-847
-773
-704
-656
-612
-661
-740
-761
-687
-602
-538
-557
-612
-631
-510
-384
-384
-391
-441
-404
-277
-182
-113
-117
-163
-203
-205
-194
-175
-247
-297
-370
-448
-542
-602
-651
-738
-791
-858
-915
-991
-1041
-1052
-1070
-1068
-1056
-973
-941
-974
-911
-823
-737
-618
-545
-455
-358
-217
-30
116
280
363
460
589
756
862
918
932
890
952
972
1070
1079
1029
1008
936
912
893
931
912
862
760
678
623
605
609
650
585
522
481
493
571
651
638
582
614
721
870
866
851
752
644
480
414
324
255
207
79
44
-3
28
-4
-72
0
-1
19
-43
-82
-109
-139
-95
-96
-91
-204
-369
-457
-514
-500
-524
-602
-642
-654
-633
-658
-684
-696
-747
-749
-754
-760
-794
-817
-821
-825
-822
-799
-812
-864
-900
-895
-882
-873
-818
-822
-827
-809
-703
-604
-543
-536
-536
-612
-580
-432
-328
-285
-382
-367
-290
-144
25
108
76
87
159
260
373
524
555
527
527
559
637
677
662
591
583
544
515
524
434
370
226
173
162
81
48
-60
-113
-162
-195
-151
-169
-135
-99
-47
38
165
301
460
580
715
831
952
960
1090
1260
1354
1548
1601
1634
1626
1574
1656
1762
1718
1549
1328
1160
1006
927
837
623
433
253
159
58
-58
-185
-397
-497
-579
-649
-701
-804
-938
-1050
-1148
-1147
-1170
-1217
-1227
-1278
-1306
-1271
-1200
-1154
-1033
-1026
-1025
-972
-874
-847
-801
-764
-728
-719
-716
-636
-544
-480
-439
-452
-481
-374
-292
-161
-110
-134
-210
-221
-156
-49
50
28
-68
-187
-201
-137
-31
7
-125
-279
-281
-282
-233
-239
-359
-478
-594
-592
-510
-504
-495
-523
-562
-451
-406
-336
-309
-261
-288
-255
-139
-64
109
213
235
270
274
405
539
635
696
701
665
708
858
1018
1162
1224
1216
1120
1129
1242
1373
1420
1373
1285
1179
1136
1234
1279
1263
1138
959
817
754
776
737
652
442
192
35
-84
-209
-328
-479
-582
-659
-716
-661
-648
-715
-723
-675
-632
-549
-511
-492
-511
-465
-376
-299
-277
-337
-309
-359
-326
-288
-266
-291
-332
-392
-401
-358
-392
-422
-452
-489
-582
-516
-447
-440
-514
-622
-665
-706
-653
-625
-660
-807
-909
-976
-979
-884
-877
-959
-1071
-1114
-1153
-1097
-1039
-971
-936
-987
-980
-849
-670
-531
-475
-457
-392
-284
-108
112
258
320
341
321
471
566
704
787
729
689
727
817
893
963
867
806
736
768
794
820
825
771
667
628
706
718
704
637
538
473
460
481
484
501
464
396
353
420
461
453
450
404
331
314
354
456
470
412
404
446
507
587
600
561
518
533
557
587
575
532
498
424
351
329
318
259
152
103
47
6
-58
-147
-206
-306
-372
-540
-645
-664
-712
-772
-937
-1008
-1109
-1181
-1175
-1258
-1340
-1434
-1465
-1452
-1470
-1477
-1454
-1504
-1495
-1439
-1323
-1253
-1261
-1180
-1085
-1017
-921
-883
-821
-712
-658
-589
-455
-369
-291
-240
-248
-184
-89
1
54
73
124
158
159
220
244
307
318
334
288
283
361
445
488
416
381
388
406
427
406
384
368
346
369
405
469
397
347
342
361
392
320
303
265
288
312
399
458
412
402
454
552
640
648
628
627
663
695
790
788
737
697
751
779
765
768
714
700
645
645
589
523
465
433
414
406
374
304
268
225
178
97
-36
-98
-163
-243
-284
-266
-294
-364
-398
-448
-492
-526
-568
-552
-563
-609
-675
-711
-793
-786
-745
-777
-805
-817
-822
-825
-796
-709
-765
-787
-766
-721
-694
-681
-731
-779
-794
-828
-807
-742
-763
-810
-842
-844
-756
-716
-701
-745
-781
-777
-752
-721
-666
-642
-638
-597
-561
-460
-406
-390
-288
-232
-200
-132
-130
-94
-79
-92
-58
61
85
89
144
204
269
376
470
498
536
539
579
616
679
716
708
700
670
623
590
547
530
502
412
363
370
362
436
387
339
324
331
373
435
468
411
370
353
439
473
499
497
478
518
564
639
728
717
686
688
661
656
650
670
631
536
516
427
391
324
326
338
286
274
223
224
237
207
183
151
109
77
29
-25
-53
-109
-193
-257
-289
-327
-421
-444
-521
-558
-624
-683
-675
-805
-876
-878
-898
-927
-968
-999
-940
-890
-926
-933
-1037
-1047
-1056
-967
-824
-827
-804
-771
-731
-692
-594
-614
-564
-514
-545
-437
-370
-306
-311
-283
-294
-260
-201
-175
-134
-150
-135
-135
-110
-34
-1
14
26
-4
-9
39
42
33
-30
-75
-95
-148
-100
-38
-31
1
15
23
120
156
213
321
398
425
447
460
490
544
556
574
545
522
567
647
697
673
698
705
715
724
741
698
654
584
560
555
523
558
580
528
451
445
447
525
512
502
431
373
383
398
398
401
385
294
271
225
184
147
79
-7
-38
-34
-38
-90
-105
-164
-190
-182
-171
-220
-251
-275
-308
-314
-344
-270
-260
-259
-293
-322
-263
-242
-222
-233
-245
-265
-260
-254
-289
-303
-355
-392
-418
-360
-355
-380
-426
-467
-433
-464
-406
-388
-399
-427
-473
-468
-457
-433
-426
-426
-412
-410
-396
-385
-331
-345
-376
-396
-451
-435
-436
-405
-402
-449
-442
-474
-447
-374
-328
-320
-299
-306
-276
-246
-173
-115
-76
-75
-39
17
73
149
121
121
125
245
331
367
405
430
467
517
586
559
568
561
553
565
515
525
525
519
510
460
468
467
475
496
496
472
431
381
310
285
257
249
227
200
153
55
34
19
12
78
37
23
0
65
104
114
115
106
40
7
62
77
92
80
89
48
8
31
-4
-5
-34
-79
-70
-62
-38
-49
-64
-80
-129
-173
-148
-149
-172
-209
-146
-51
-17
-54
-140
-163
-111
-47
-42
-54
-106
-164
-67
-64
-47
-39
-90
-128
-181
-153
-179
-189
-189
-176
-152
-100
-108
-102
-104
-99
-68
-23
-51
-84
-54
-80
-81
-62
-47
-53
-28
-38
-42
-64
-52
-27
11
4
-80
-88
-84
-76
-67
-74
-94
-119
-177
-191
-184
-203
-178
-184
-215
-273
-254
-279
-297
-302
-315
-339
-394
-426
-448
-472
-455
-423
-394
-346
-307
-250
-212
-161
-158
-125
-104
-42
-5
13
88
128
107
54
93
100
153
178
274
232
208
255
260
336
323
283
242
229
191
161
166
204
187
211
174
88
95
131
146
141
93
61
30
88
186
176
164
135
126
109
197
243
225
159
138
161
186
238
208
195
203
188
169
178
185
205
202
151
152
143
129
122
143
148
128
19
-27
15
82
66
88
76
67
40
13
22
-17
2
6
-15
-56
-20
-41
-107
-128
-145
-144
-129
-116
-149
-214
-232
-217
-179
-169
-219
-240
-275
-309
-310
-219
-220
-203
-197
-220
-227
-182
-131
-132
-125
-122
-159
-73
-16
5
-8
-13
-8
-36
49
48
27
70
-39
-83
-19
0
-36
-31
-58
-80
-53
-61
-55
-96
-145
-165
-179
-119
-125
-203
-175
-209
-188
-139
-94
-87
-155
-124
-173
-72
27
108
156
121
104
187
309
317
384
370
345
350
292
371
424
391
413
409
344
391
434
365
344
276
187
128
148
107
125
106
86
88
67
112
90
34
15
21
64
11
-85
-84
-140
-165
-122
-169
-206
-246
-274
-235
-199
-144
-127
-114
-88
-84
-62
-16
-30
5
-29
-21
7
61
87
-24
-30
-50
-28
13
29
50
44
22
14
21
74
123
116
82
82
117
131
201
242
133
86
54
25
129
166
153
68
-30
-39
-22
74
30
-63
-114
-194
-148
-100
-106
-121
-214
-272
-255
-212
-187
-170
-208
-248
-243
-190
-156
-178
-127
-110
-148
-118
-58
44
67
54
74
58
84
171
179
172
149
117
111
105
155
210
178
134
131
147
135
116
79
21
27
5
19
12
-51
-42
-110
-80
-51
-63
-39
-29
-66
-86
-146
-170
-150
-141
-106
-116
-176
-182
-180
-186
-143
-137
-186
-171
-191
-175
-126
-140
-197
-225
-292
-236
-195
-163
-118
-141
-167
-166
-155
-169
-170
-162
-154
-76
-18
-22
9
-18
21
28
58
124
178
172
140
158
175
210
214
168
154
107
121
121
96
40
31
78
99
88
84
24
2
40
50
84
74
35
21
87
55
64
77
102
110
121
95
84
121
94
96
88
77
55
70
63
33
80
29
-17
11
52
78
47
0
-64
-95
-149
-116
-177
-212
-250
-319
-333
-338
-342
-375
-379
-414
-413
-403
-385
-389
-333
-339
-408
-405
-383
-286
-279
-320
-365
-334
-339
-292
-264
-236
-227
-203
-149
-74
-73
-134
-151
-119
-56
-34
-17
-81
-65
-51
-35
-4
-55
-88
-120
-101
-47
-14
-7
-2
-3
-5
-3
1
23
44
61
37
40
25
20
61
55
70
23
14
51
25
77
117
136
146
165
186
196
232
215
189
218
249
232
248
199
215
182
177
203
178
173
167
203
179
183
210
197
171
169
157
190
202
218
213
208
211
225
234
207
146
150
220
192
119
71
32
42
93
51
-42
-93
-128
-146
-161
-122
-158
-204
-208
-193
-162
-144
-130
-127
-163
-183
-150
-91
-26
-28
-26
-43
-77
-79
-89
-81
-68
-56
-82
-121
-150
-94
-112
-124
-163
-214
-220
-247
-260
-228
-202
-261
-306
-271
-236
-231
-227
-265
-270
-272
-234
-215
-210
-217
-211
-210
-205
-118
-83
-124
-174
-129
-65
-47
-6
-36
-46
-13
3
60
81
122
169
229
271
296
347
337
345
365
371
426
416
366
346
308
313
305
347
387
381
350
315
315
294
276
240
173
166
153
134
158
167
149
156
101
79
113
25
28
54
33
27
0
-14
13
30
6
42
20
42
49
36
47
16
-3
15
39
10
32
4
-11
-16
0
29
-8
-15
-8
-48
-69
-71
-47
-83
-103
-121
-175
-159
-134
-137
-136
-162
-214
-247
-243
-202
-175
-238
-246
-282
-273
-285
-248
-200
-246
-189
-204
-187
-120
-107
-93
-82
-84
-112
-120
-75
-40
-39
-16
-23
-22
26
90
153
130
130
168
201
231
249
237
224
228
220
234
204
203
221
224
230
212
191
189
243
228
200
191
195
172
189
174
85
64
60
122
57
14
21
-29
-43
37
54
42
38
44
66
60
101
112
127
156
130
156
216
211
238
299
356
331
351
348
328
322
302
315
302
280
244
227
134
120
100
48
-13
-48
-123
-161
-156
-218
-198
-241
-284
-282
-273
-314
-365
-320
-316
-372
-332
-329
-340
-354
-306
-267
-258
-235
-281
-308
-293
-282
-246
-219
-279
-295
-247
-188
-168
-174
-164
-130
-85
-30
-15
-44
-26
-26
-7
-15
-16
24
42
10
34
23
-44
-25
-59
-64
-71
-64
-14
-10
10
7
-21
-18
-39
19
23
59
49
67
73
97
137
153
203
130
162
172
213
218
195
228
189
197
192
182
224
201
198
201
278
312
375
412
384
388
326
373
403
376
404
389
357
334
287
273
253
210
150
72
76
16
-14
-33
-117
-160
-219
-267
-319
-297
-278
-326
-289
-291
-343
-342
-323
-284
-260
-246
-230
-171
-195
-180
-193
-188
-167
-152
-124
-139
-113
-140
-129
-140
-95
-111
-124
-147
-188
-182
-135
-129
-136
-142
-191
-200
-171
-163
-192
-184
-183
-205
-188
-224
-177
-169
-206
-180
-210
-209
-161
-111
-73
-71
-95
-70
-31
3
54
127
121
126
170
184
232
261
305
284
279
318
317
309
372
323
308
346
341
387
368
375
320
296
323
322
346
352
323
279
291
298
308
378
327
296
219
195
177
164
156
107
90
21
27
33
87
12
-40
-76
-68
-71
-68
-122
-146
-175
-177
-154
-109
-117
-154
-129
-123
-140
-148
-92
-132
-126
-156
-112
-113
-122
-103
-113
-164
-176
-152
-205
-151
-206
-280
-262
-218
-240
-267
-268
-309
-304
-362
-363
-339
-358
-384
-413
-423
-439
-435
-418
-420
-423
-361
-318
-248
-236
-192
-161
-97
-79
-28
3
29
27
67
148
169
214
201
222
204
228
247
224
255
255
291
239
292
338
334
277
313
328
286
278
314
310
305
298
276
294
316
308
341
325
280
294
255
297
296
335
262
244
219
247
262
297
256
245
238
187
198
230
223
201
229
185
202
180
205
194
192
178
179
89
35
38
6
13
-50
-75
-71
-94
-110
-149
-195
-189
-171
-170
-256
-267
-271
-263
-305
-342
-321
-364
-399
-400
-422
-448
-446
-483
-485
-445
-464
-492
-498
-467
-428
-446
-469
-440
-455
-424
-384
-368
-349
-336
-307
-329
-267
-189
-145
-149
-159
-125
-73
-34
-38
19
4
2
-17
-14
-32
-61
-72
-23
-9
14
18
19
1
-45
-34
-52
18
12
35
39
39
63
43
50
118
164
183
198
214
241
270
318
319
318
343
343
357
340
357
425
429
436
434
428
459
442
377
408
440
383
358
327
298
263
263
244
200
182
134
99
56
12
-68
-141
-153
-182
-205
-219
-259
-291
-303
-381
-415
-438
-436
-401
-426
-399
-410
-448
-424
-424
-370
-350
-317
-321
-334
-290
-275
-233
-215
-191
-209
-177
-160
-110
-95
-87
-108
-115
-90
-94
-37
-50
-31
-63
-17
-25
-47
0
-31
-56
-31
-50
-62
-64
-101
-105
-161
-172
-157
-157
-184
-143
-145
-222
-215
-203
-196
-253
-207
-186
-155
-137
-114
-81
-32
-31
-67
-23
29
52
99
189
206
227
164
217
299
325
318
295
379
408
441
454
462
477
491
473
488
524
492
486
477
397
385
397
375
341
271
257
181
157
117
111
34
-15
-65
-124
-109
-169
-171
-238
-289
-298
-276
-249
-242
-285
-291
-258
-240
-197
-189
-134
-205
-204
-198
-151
-98
-72
-95
-97
-65
-67
-67
-49
-18
-15
24
-15
-43
6
27
-37
-50
-124
-193
-209
-204
-145
-205
-250
-281
-275
-262
-284
-265
-277
-307
-349
-340
-299
-313
-344
-358
-355
-346
-359
-326
-325
-303
-294
-279
-237
-243
-217
-198
-171
-164
-138
-99
-85
-80
-55
-36
63
51
71
129
174
197
222
234
257
279
248
267
297
322
359
345
316
262
289
325
315
336
355
327
303
276
266
256
280
292
210
224
216
200
210
203
197
180
133
125
100
114
119
70
66
48
88
42
64
55
15
44
56
50
22
-23
-44
-33
8
-21
-33
-38
-56
-81
-98
-96
-26
-56
-85
-85
-92
-44
-83
-69
-93
-123
-160
-150
-149
-175
-159
-194
-146
-148
-158
-144
-184
-191
-219
-237
-265
-257
-300
-229
-253
-248
-271
-292
-261
-235
-217
-286
-214
-228
-201
-192
-210
-154
-176
-205
-161
-171
-167
-163
-137
-164
-112
-113
-82
-40
-40
-7
9
22
86
87
67
91
62
141
143
227
201
228
256
263
326
276
280
259
274
299
291
269
276
272
236
245
273
287
247
261
241
244
194
130
144
121
114
68
84
26
33
7
-17
-13
-42
-97
-97
-80
-99
-139
-149
-145
-170
-155
-199
-222
-237
-227
-230
-276
-235
-250
-236
-265
-261
-303
-283
-219
-260
-227
-225
-214
-211
-209
-192
-175
-161
-115
-157
-164
-159
-153
-134
-168
-172
-165
-196
-155
-163
-119
-157
-184
-169
-189
-172
-177
-150
-167
-163
-129
-170
-175
-188
-179
-120
-168
-158
-147
-126
-140
-101
-24
-114
-81
-79
-57
-61
-75
-18
-47
-29
-25
27
67
86
89
107
108
121
140
155
192
181
201
237
230
223
280
252
170
195
230
264
256
246
238
225
240
220
242
230
170
161
188
178
162
107
61
73
48
73
40
22
3
-53
11
-12
-18
-62
-93
-111
-161
-175
-176
-138
-164
-155
-143
-194
-206
-187
-204
-205
-179
-167
-182
-154
-147
-147
-150
-173
-169
-117
-100
-112
-127
-140
-158
-155
-149
-150
-132
-181
-244
-230
-263
-248
-267
-232
-280
-332
-287
-311
-281
-284
-294
-285
-310
-315
-300
-246
-239
-281
-254
-281
-219
-188
-158
-160
-91
-76
-81
-23
17
18
4
37
61
104
141
185
191
177
160
240
221
258
239
256
301
270
297
282
260
273
259
296
299
270
265
235
218
196
203
157
154
105
60
25
14
8
-4
-9
-34
-86
-103
-76
-95
-99
-69
-82
-106
-105
-133
-137
-142
-139
-147
-173
-167
-148
-132
-203
-143
-108
-95
-50
-86
-58
-50
-27
-81
-88
-28
-41
-84
-114
-76
-105
-57
-6
-47
-62
-71
-63
-66
-101
-108
-86
-99
-163
-133
-174
-198
-165
-143
-134
-150
-141
-126
-111
-151
-116
-92
-128
-104
-87
-79
-104
-41
-4
-6
13
5
39
92
95
99
137
141
118
105
117
138
124
142
114
76
140
128
168
165
108
109
153
82
82
85
62
73
47
22
31
55
-13
4
-21
-51
-79
-111
-112
-63
-69
-80
-51
-31
-27
-62
-36
22
49
39
8
34
58
75
30
57
50
54
44
40
62
43
103
56
70
90
89
101
102
101
102
97
65
55
40
60
16
24
60
40
56
38
2
-6
32
-2
25
-13
-25
-31
8
17
6
-23
-60
-41
-66
-28
-54
-92
-77
-35
-36
-19
-26
-50
-3
7
-20
-8
40
41
49
91
102
56
84
90
99
121
127
118
108
132
158
151
136
120
131
155
148
122
106
93
117
100
62
60
67
49
31
45
-16
30
40
48
59
60
68
19
20
71
94
34
13
-1
67
55
41
70
32
67
59
63
94
104
72
45
42
33
70
67
58
72
67
71
61
52
34
21
23
6
-11
-22
-47
-74
-88
-97
-79
-92
-108
-97
-113
-115
-121
-138
-114
-108
-100
-118
-77
-82
-116
-98
-73
-34
-44
-3
-8
-16
-8
56
78
113
99
84
82
107
50
79
89
73
104
81
83
69
91
82
61
56
54
34
35
61
48
5
27
8
22
-58
-30
-8
5
-9
-30
3
16
-3
-22
-25
-43
3
-54
-36
-15
-24
-10
-21
20
2
13
47
35
24
43
55
108
121
112
102
136
127
127
131
108
87
68
94
101
80
95
70
49
67
23
10
-1
12
8
-61
-33
-80
-50
-20
-61
-88
-111
-89
-69
-61
-51
-110
-110
-110
-94
-92
0
2
-44
26
-1
49
27
50
65
30
81
59
74
80
108
77
56
120
107
120
126
123
91
105
117
100
69
75
49
31
-8
-6
-33
-83
-22
-66
-40
-20
-57
-76
-63
-64
-100
-102
-62
-20
-48
-32
-44
-26
-67
-24
23
27
53
78
58
20
34
29
65
39
63
104
52
80
109
120
84
72
92
75
86
86
98
80
93
66
88
86
65
52
54
51
26
23
9
10
-39
-34
-21
-22
9
-19
-66
-60
-23
-36
-28
-31
-62
-63
-101
-92
-72
-44
-6
-14
-41
-22
-39
-15
37
2
21
23
-11
40
59
119
139
117
133
130
112
161
114
134
122
110
94
102
82
57
42
37
37
14
0
8
-39
-32
-9
-40
-29
-77
-36
-31
-21
-28
-25
-29
-22
-8
-10
-1
6
-16
-37
-17
-42
-40
-25
-27
-35
-24
-6
-25
-7
9
-24
19
51
21
13
16
6
0
55
41
44
37
21
37
57
44
-20
-4
-30
25
8
-40
-24
-66
-38
-40
-54
-55
-75
-169
-108
-111
-171
-124
-119
-122
-133
-156
-116
-112
-99
-65
-85
-60
-44
-5
-6
21
-4
-12
47
47
55
76
29
9
31
78
58
32
1
13
21
5
7
-4
1
-61
-16
11
-30
-4
-20
-22
-54
-58
14
-22
-20
-47
-92
-79
-3
16
-28
8
-12
10
10
-25
-57
-21
-31
-49
-27
-40
-34
3
9
44
54
41
87
100
88
64
109
99
99
122
105
109
88
95
48
21
40
81
132
184
156
125
152
113
53
57
82
76
93
105
76
62
2
0
3
-11
-2
12
-6
17
93
106
76
22
67
89
65
61
38
50
95
72
92
91
103
98
76
93
73
73
62
38
54
54
12
41
23
12
-12
-40
-32
-1
13
-18
-31
-93
-48
-9
-46
-115
-122
-95
-97
-79
-113
-126
-81
-90
-62
-106
-117
-112
-106
-88
-102
-46
-27
-18
-15
22
40
79
83
41
92
81
104
101
129
125
74
173
166
174
201
160
210
245
204
199
206
158
155
179
188
171
155
163
136
120
112
159
159
171
141
153
161
105
119
51
55
51
38
30
9
3
40
58
31
59
-5
-7
-20
-6
57
24
16
3
16
-33
-63
-10
11
20
-28
-25
-35
-20
-22
-17
-36
-67
-61
-87
-78
-48
-72
-112
-132
-108
-114
-164
-156
-161
-112
-166
-178
-126
-118
-128
-122
-117
-134
-125
-123
-146
-147
-158
-169
-151
-135
-156
-147
-143
-144
-159
-109
-75
-67
-54
-39
31
59
24
78
93
148
172
160
146
192
215
200
196
232
184
163
172
161
191
153
200
198
167
175
136
176
174
96
127
123
95
98
85
95
143
141
174
184
198
216
192
199
192
185
152
169
161
192
235
197
143
128
90
83
97
95
101
55
93
20
17
106
61
92
57
35
63
92
77
79
74
53
17
3
19
-39
-67
-51
-32
-26
-47
1
20
1
-42
-14
16
-40
-61
-32
-14
-32
1
-6
-54
-30
-63
-67
-45
-56
-54
-43
-44
-31
-20
-29
-43
-57
-30
-57
-83
-68
-55
-102
-68
-63
-29
-25
-20
-13
-23
34
35
51
35
43
32
40
-18
29
24
6
17
19
67
63
89
105
110
86
121
107
70
115
117
189
200
179
238
224
219
215
255
248
247
292
276
301
339
307
333
289
257
269
269
324
296
296
296
280
