-520
-492
-506
-483
-473
-461
-461
-432
-413
-376
-354
-378
-309
-292
-269
-236
-205
-158
-139
-112
-91
-61
-80
-55
-50
-30
-7
31
-3
-63
-78
-44
-3
11
34
17
-15
-43
-24
-35
-5
-23
-16
-11
-22
-16
-3
-21
-56
-48
-78
-77
-30
-28
-46
-30
-34
-19
-12
-21
5
9
22
29
27
30
34
35
67
83
94
133
139
150
198
196
197
202
181
196
187
236
291
301
294
313
300
258
319
325
333
362
352
325
286
259
294
331
291
274
229
265
240
227
215
192
203
157
163
114
99
38
-1
18
21
-17
-1
-65
-141
-128
-209
-228
-223
-264
-274
-260
-316
-343
-387
-360
-395
-422
-434
-465
-488
-512
-507
-532
-498
-513
-478
-524
-534
-474
-504
-497
-460
-420
-438
-403
-395
-403
-410
-372
-326
-324
-311
-311
-272
-280
-268
-232
-200
-204
-202
-175
-165
-159
-128
-159
-160
-139
-164
-137
-162
-140
-118
-190
-163
-117
-130
-95
-99
-103
-79
-48
-7
-28
31
28
10
44
49
30
-18
-3
25
9
5
58
60
20
-89
-153
-112
52
234
305
301
391
385
381
328
316
391
397
389
322
215
79
139
227
210
175
136
103
111
130
152
156
159
140
115
81
96
82
102
65
91
81
61
12
-105
-237
-379
-357
-194
-130
-69
26
119
204
187
121
147
170
130
161
132
60
8
-36
-45
-18
-32
-54
-93
-43
-47
-67
-71
-65
-40
-47
-95
-79
-172
-135
-159
-141
-92
-102
-180
-133
-120
-115
-85
-88
-59
-172
-111
-141
-156
-82
-230
-159
-62
-196
-178
-82
-201
-162
-167
-229
-90
-179
-88
-145
-131
-138
-129
-68
-42
-116
38
0
-60
-27
-113
-12
37
1
126
22
54
0
11
118
8
160
34
70
99
106
93
-39
-26
137
151
119
38
55
85
6
140
43
60
237
28
140
141
-21
238
146
54
76
83
274
22
85
22
-96
110
49
-36
112
-199
10
31
-132
16
-46
-12
-39
-36
-2
-154
-54
-58
4
35
-96
-45
44
-210
-76
-56
-102
-42
-305
-53
-69
-35
-286
-215
-123
-94
-143
-201
-108
-226
-184
-154
-147
-114
-77
-195
-17
-197
16
-119
-203
85
-26
-58
-85
-63
162
-14
-218
256
124
137
39
-165
250
-50
-62
204
44
-22
-69
-200
133
141
-168
127
-46
-147
237
-68
34
16
-207
80
-33
5
6
-326
-193
60
16
-39
-170
-112
-59
-139
-72
2
-109
-131
-122
56
57
-160
-45
-81
-42
48
176
-85
0
-32
117
199
-74
-1
122
59
-18
-89
-20
-111
-484
-387
-93
103
-154
-20
50
135
22
41
293
495
300
136
215
107
430
261
156
331
197
130
183
77
68
-111
53
101
-1
-177
-186
-241
-137
-219
-252
-233
-304
-93
-316
-255
-302
-208
-269
-192
-206
-162
-121
-184
-114
-95
-141
-67
9
38
130
44
16
26
124
91
55
107
198
313
190
197
177
136
184
-126
-35
-82
-18
-68
-236
-187
-425
-158
15
202
349
359
543
678
420
366
306
304
281
152
156
2
107
7
121
-5
-38
-52
-62
-2
-84
-63
-300
-204
-214
-7
-195
-385
-224
-367
-116
-73
4
-50
-238
-272
-38
91
-107
-193
-276
33
-39
28
-91
-233
-122
-124
106
165
44
-109
-121
130
162
218
31
12
256
340
349
265
43
190
78
298
265
236
321
62
293
173
314
270
125
250
157
345
291
191
61
117
411
342
386
323
304
94
188
257
298
343
187
246
207
327
293
336
238
356
416
375
177
144
200
293
195
40
70
-31
17
-68
9
-70
-118
-260
-229
-45
-18
-130
-360
-281
-321
-338
-369
-218
-348
-471
-554
-489
-369
-539
-560
-605
-457
-316
-477
-464
-540
-597
-292
-200
-200
-257
-688
-676
-312
-231
-69
-187
-418
-470
-482
-255
-114
-251
-432
-505
-396
49
-152
-336
-503
-283
8
113
3
-23
87
27
132
172
658
402
424
211
378
611
628
603
562
704
608
665
711
1001
953
809
885
912
1167
957
940
993
1031
1129
1255
1337
1435
1349
1093
1212
1214
1323
1078
836
629
637
321
150
-148
-319
-545
-811
-718
-947
-1088
-1502
-1513
-1495
-1593
-1585
-1615
-1581
-1604
-1588
-1471
-1314
-1228
-1198
-1123
-890
-775
-695
-695
-645
-494
-371
-167
-185
-99
-78
-79
2
57
114
28
-86
-137
-91
-177
-320
-411
-466
-479
-642
-784
-792
-875
-1034
-1126
-1185
-1017
-1079
-1178
-1190
-1152
-1066
-1008
-985
-966
-805
-896
-750
-543
-352
-211
-338
-280
-195
-103
-60
6
2
185
251
272
328
266
265
273
583
594
555
610
639
771
826
836
940
1136
1156
1138
1392
1476
1570
1449
1449
1909
2144
2290
2258
2438
2703
2768
2739
2693
2753
2789
2395
1906
1493
1119
904
807
552
139
-510
-1092
-1342
-1612
-1780
-1958
-2047
-1995
-2157
-2251
-2474
-2528
-2385
-2140
-1730
-1454
-1294
-1249
-1234
-888
-605
-434
-114
180
382
452
515
599
673
688
789
991
1152
1103
820
581
474
433
348
271
220
61
-249
-534
-742
-1001
-1125
-1293
-1416
-1478
-1687
-1877
-2035
-2151
-2088
-2077
-2009
-1839
-1673
-1610
-1570
-1424
-1191
-807
-528
-243
-104
-5
46
164
364
587
712
688
792
830
830
660
594
550
691
767
757
702
552
393
417
561
693
834
809
757
790
1004
1273
1395
1463
1637
1784
1967
2230
2408
2748
3056
3329
3680
4013
4205
4185
3715
2877
2016
1442
1647
1995
1793
969
-248
-1290
-1864
-2155
-2227
-2256
-2459
-2591
-2848
-3106
-3321
-3484
-3485
-3098
-2310
-1611
-1274
-1492
-1675
-1534
-1113
-275
596
1121
1255
1096
1006
1179
1268
1433
1611
1800
1912
1882
1637
1070
585
336
372
541
538
240
-388
-1102
-1623
-1853
-1875
-1921
-2127
-2399
-2631
-2999
-3287
-3433
-3450
-3221
-2721
-2248
-2100
-2136
-2199
-2029
-1596
-953
-340
61
212
212
262
361
548
819
1030
1250
1314
1277
1067
808
641
612
798
905
950
759
432
208
245
413
825
1028
1115
1181
1163
1229
1299
1605
1880
2162
2502
2748
2979
3104
3319
3748
4164
4664
4913
4821
3974
2721
1464
894
1258
1643
1457
471
-1094
-2366
-3167
-3545
-3405
-3252
-3136
-3320
-3646
-3873
-4032
-4100
-3929
-3270
-2179
-1209
-709
-702
-852
-873
-426
550
1534
2324
2503
2119
1777
1607
1644
1856
1976
2149
2141
1780
1278
658
-34
-531
-635
-563
-417
-649
-1386
-2276
-3067
-3409
-3348
-3066
-2904
-2977
-3274
-3636
-3676
-3536
-3205
-2649
-2030
-1446
-1072
-958
-891
-732
-484
124
824
1320
1494
1336
1019
818
798
1016
1267
1334
1173
799
419
74
-60
-71
140
358
433
345
192
204
334
623
1040
1461
1794
1901
1963
2128
2378
2656
3084
3512
3922
4119
4274
4612
4985
5166
4912
3870
2442
1088
477
896
1180
809
-470
-2266
-3434
-4159
-4310
-4028
-3893
-3848
-4011
-4251
-4201
-4121
-3975
-3505
-2648
-1581
-530
46
153
179
300
964
2086
3008
3536
3573
3110
2709
2427
2407
2515
2418
2169
1846
1364
825
79
-828
-1470
-1831
-1923
-1824
-2023
-2706
-3552
-4264
-4523
-4299
-3859
-3453
-3300
-3468
-3485
-3468
-3089
-2406
-1816
-1111
-494
-5
232
265
340
590
957
1403
1832
1877
1584
1088
647
577
647
643
585
387
3
-440
-730
-716
-643
-491
-260
-46
127
239
350
621
993
1447
1959
2473
2860
2986
3075
3258
3704
4252
4837
5221
5514
5636
5532
5335
4317
2901
1444
454
696
931
586
-572
-2618
-4169
-5173
-5509
-4924
-4481
-4349
-4600
-5039
-5148
-4888
-4467
-3843
-2926
-1851
-826
-109
222
391
573
963
2059
3171
4089
4315
3691
2997
2519
2424
2744
2860
2645
2022
1123
424
-183
-811
-1540
-2126
-2441
-2442
-2529
-2934
-3553
-4262
-4763
-4629
-4059
-3415
-2984
-2980
-3103
-3165
-2801
-2056
-1238
-400
163
408
558
710
901
1152
1339
1600
1867
1856
1600
1122
536
241
176
263
356
128
-439
-999
-1380
-1445
-1241
-934
-662
-531
-525
-467
-322
77
626
1067
1723
2091
2406
2653
2617
2867
3224
3637
4289
4754
5142
5277
5159
5170
5055
4435
3310
1824
511
200
270
-18
-758
-2392
-3982
-5042
-5643
-5211
-4655
-4537
-4684
-4987
-5018
-4668
-4100
-3353
-2490
-1719
-858
-5
585
971
1221
1525
2281
3174
3856
4220
3819
3226
2659
2296
2412
2428
2114
1596
883
115
-487
-1299
-1995
-2469
-2859
-2938
-3000
-3199
-3576
-4095
-4529
-4415
-3928
-3309
-2637
-2366
-2339
-2373
-2287
-1680
-893
-56
635
912
896
819
809
986
1212
1367
1528
1479
1230
794
389
46
-136
-107
-87
-199
-389
-703
-1130
-1262
-1193
-911
-561
-328
-250
-125
12
223
714
1202
1700
2064
2298
2464
2652
2841
2993
3127
3412
3839
4278
4695
4806
4897
4769
4605
4032
2904
1628
263
-145
-5
-167
-743
-2301
-3930
-5002
-5674
-5281
-4590
-4200
-4136
-4450
-4596
-4390
-3809
-3042
-2116
-1215
-356
456
878
1164
1341
1526
2251
3066
3738
4108
3713
3043
2252
1736
1753
1867
1683
1222
479
-367
-1188
-1923
-2485
-2908
-3113
-3093
-3065
-3224
-3533
-4001
-4399
-4221
-3549
-2623
-1822
-1621
-1656
-1815
-1814
-1244
-379
473
1143
1282
1100
925
791
892
1120
1244
1413
1315
1115
743
242
-71
-245
-317
-270
-249
-429
-693
-969
-1088
-946
-747
-519
-330
-133
81
232
613
964
1298
1545
1719
1917
2073
2356
2605
2758
2827
2991
3223
3516
3759
4014
4333
4572
4645
4460
3487
2017
549
-492
-385
-26
-189
-1010
-2718
-4251
-5184
-5521
-4802
-4030
-3557
-3499
-3797
-3975
-3722
-3145
-2382
-1402
-341
650
1316
1398
1376
1528
1855
2699
3452
4066
4125
3333
2396
1690
1333
1416
1483
1260
745
-151
-1142
-2079
-2729
-3038
-3110
-3049
-3001
-3053
-3427
-3865
-4254
-4173
-3517
-2615
-1783
-1414
-1489
-1710
-1752
-1336
-485
427
1053
1255
1122
764
632
717
903
1127
1242
1286
989
520
63
-318
-491
-488
-386
-280
-369
-676
-1045
-1276
-1216
-928
-507
-156
-3
55
-54
122
425
959
1477
1752
1926
1841
1822
1880
2036
2356
2598
2772
2985
3116
3346
3594
3812
4126
4365
4302
3607
2358
806
-496
-733
-429
-288
-696
-2004
-3558
-4801
-5393
-4919
-4013
-3393
-3122
-3350
-3618
-3522
-3150
-2341
-1315
-311
582
1279
1525
1594
1704
1885
2519
3294
3944
4125
3564
2770
1909
1361
1219
1238
1155
709
-51
-1036
-1921
-2631
-2994
-3134
-3122
-3043
-3027
-3328
-3671
-3869
-3800
-3262
-2599
-1864
-1451
-1281
-1328
-1369
-1084
-553
123
737
1094
1149
990
783
648
749
968
1216
1300
999
563
105
-317
-408
-350
-222
-117
-350
-648
-1019
-1207
-1133
-959
-612
-349
-95
-42
-96
16
363
814
1344
1685
1729
1752
1691
1809
2039
2322
2598
2809
2994
3057
3142
3377
3550
3969
4299
4449
4334
3476
2130
614
-559
-624
-217
-189
-707
-2202
-3781
-4992
-5335
-4697
-3786
-3170
-3161
-3439
-3705
-3486
-2939
-2127
-1070
-107
668
1233
1427
1629
1764
2070
2653
3220
3769
3951
3424
2551
1791
1188
1025
1046
972
609
-252
-1302
-2251
-2856
-3111
-3052
-2967
-2893
-2979
-3297
-3522
-3724
-3617
-3134
-2426
-1691
-1267
-1123
-1219
-1246
-1000
-452
204
802
1141
1075
831
567
563
740
1017
1251
1172
829
385
-107
-432
-592
-580
-370
-429
-693
-1075
-1446
-1515
-1432
-1240
-929
-657
-541
-498
-399
-131
211
668
1099
1363
1694
1748
1768
1908
2003
2263
2599
2838
2977
3166
3296
3562
3757
3956
4259
4278
4093
3235
1875
474
-437
-470
-323
-329
-1054
-2466
-3889
-4835
-4934
-4352
-3595
-3198
-3225
-3376
-3433
-3190
-2674
-1947
-1066
-218
604
1189
1502
1676
1718
1953
2505
3249
3787
3801
3254
2384
1646
1244
1188
1241
1079
435
-426
-1356
-2099
-2525
-2826
-2853
-2845
-2823
-2853
-3134
-3394
-3497
-3368
-2974
-2316
-1693
-1253
-1122
-1237
-1185
-931
-426
173
719
974
1022
892
787
853
904
1121
1110
1110
863
418
113
-132
-279
-372
-473
-503
-723
-992
-1153
-1383
-1368
-1265
-951
-604
-330
-152
-98
87
372
689
1210
1544
1776
1958
1958
2076
2244
2532
2781
3153
3448
3654
3792
3781
3909
4069
4288
4362
3871
2848
1393
157
-330
-292
-158
-509
-1701
-3036
-4249
-4780
-4485
-3970
-3531
-3462
-3594
-3735
-3573
-3231
-2688
-1914
-1095
-220
488
902
1141
1263
1499
2100
2842
3441
3681
3319
2744
2197
1818
1666
1603
1489
1103
464
-310
-1075
-1797
-2254
-2478
-2500
-2420
-2518
-2818
-3225
-3600
-3718
-3427
-2817
-2096
-1631
-1512
-1672
-1723
-1581
-1122
-402
271
798
922
796
737
688
953
1167
1338
1438
1334
1071
704
411
69
-116
-181
-188
-318
-608
-1013
-1356
-1528
-1399
-1060
-724
-479
-453
-453
-355
-111
396
973
1373
1632
1730
1831
2029
2272
2598
2915
3188
3433
3646
3862
3993
4100
4260
4442
4787
4893
4243
2980
1247
63
-133
145
377
-241
-1621
-3238
-4573
-4926
-4510
-3864
-3518
-3643
-4012
-4251
-4082
-3680
-3022
-2233
-1391
-520
172
587
893
1009
1400
2146
2999
3725
3974
3679
2987
2387
2108
2174
2290
2120
1672
843
-34
-816
-1478
-1939
-2242
-2321
-2393
-2610
-2995
-3537
-4024
-4206
-3906
-3354
-2781
-2461
-2449
-2523
-2463
-2058
-1399
-557
117
564
750
845
984
1199
1412
1650
1886
1911
1832
1477
1101
777
487
322
215
0
-379
-870
-1274
-1436
-1394
-1235
-1101
-1062
-1123
-1146
-1001
-500
1
445
752
895
1145
1414
1753
2163
2513
2773
3106
3398
3739
3984
4234
4423
4607
4941
5194
5276
4589
3387
1992
859
776
850
792
116
-1489
-2999
-4269
-4703
-4369
-4078
-3982
-4279
-4622
-4795
-4703
-4330
-3704
-2956
-2146
-1303
-607
-149
203
456
1023
1969
2940
3756
4022
3722
3267
2883
2890
3102
3109
2944
2400
1624
846
135
-554
-1120
-1595
-1934
-2128
-2555
-2994
-3554
-4146
-4382
-4284
-3905
-3487
-3309
-3270
-3332
-3220
-2772
-2032
-1199
-479
-13
260
562
896
1308
1691
2023
2204
2261
2148
1960
1730
1433
1205
951
751
511
73
-530
-1007
-1247
-1237
-1114
-1109
-1219
-1389
-1432
-1282
-832
-304
-9
270
489
741
1131
1491
2016
2428
2801
3186
3566
3885
4116
4410
4651
4924
5306
5573
5697
5116
3977
2598
1155
878
971
927
570
-925
-2543
-3968
-4870
-4623
-4322
-4157
-4261
-4790
-5027
-5070
-4847
-4239
-3488
-2760
-1864
-989
-551
-197
27
574
1569
2497
3417
3971
3808
3387
3057
3030
3416
3612
3556
3084
2237
1480
785
285
-166
-717
-1192
-1623
-2057
-2597
-3260
-3865
-4258
-4356
-4249
-3966
-3772
-3823
-4000
-4037
-3662
-2892
-2095
-1333
-783
-419
-172
226
844
1371
1831
2192
2311
2248
1980
1813
1591
1466
1333
1183
1005
556
-33
-571
-904
-1000
-890
-762
-777
-1061
-1328
-1365
-1141
-803
-374
5
249
412
557
856
1204
1663
2143
2616
3103
3372
3498
3599
3751
4000
4434
4781
5015
5223
5076
4385
3417
2160
1350
1203
1139
1134
464
-928
-2312
-3604
-4098
-3865
-3659
-3616
-3888
-4363
-4662
-4745
-4611
-4055
-3454
-2764
-1956
-1430
-1045
-797
-487
110
884
1739
2560
2904
2825
2631
2434
2437
2714
2941
2962
2731
2160
1513
852
348
55
-207
-524
-850
-1400
-1924
-2513
-3144
-3556
-3784
-3774
-3653
-3579
-3561
-3690
-3786
-3592
-3151
-2416
-1754
-1207
-896
-678
-318
90
645
1092
1399
1501
1462
1520
1591
1584
1549
1536
1440
1198
836
583
375
190
141
68
-22
-172
-389
-567
-626
-511
-312
-28
148
162
180
322
599
979
1409
1735
1989
2149
2243
2385
2499
2586
2813
3014
3291
3551
3596
3617
3638
3560
3323
2792
2050
1522
1181
988
906
449
-331
-1299
-2207
-2615
-2705
-2651
-2684
-2877
-3232
-3423
-3506
-3404
-3114
-2812
-2366
-1948
-1572
-1136
-883
-736
-384
31
591
1127
1405
1469
1385
1305
1332
1480
1609
1583
1404
1084
743
455
216
-36
-361
-602
-908
-1188
-1443
-1761
-2079
-2334
-2489
-2572
-2560
-2544
-2582
-2628
-2609
-2478
-2126
-1709
-1302
-1015
-796
-624
-331
-3
290
619
957
1188
1296
1297
1241
1087
893
884
907
942
811
572
321
37
-127
-193
-69
64
37
-115
-260
-407
-405
-199
1
257
338
448
539
667
831
1006
1165
1224
1398
1532
1648
1722
1580
1471
1462
1571
1865
1973
1978
1969
1769
1842
2094
2231
2353
2060
1584
1134
913
864
875
727
517
63
-317
-528
-807
-875
-995
-1083
-1053
-1059
-977
-965
-1127
-1255
-1301
-1164
-851
-572
-424
-562
-736
-828
-769
-536
-352
-265
-305
-373
-450
-553
-559
-495
-456
-408
-422
-432
-595
-759
-862
-943
-839
-831
-796
-787
-1001
-1072
-1146
-1037
-788
-617
-497
-464
-425
-427
-411
-262
-25
111
224
261
112
-50
-213
-315
-193
-201
-161
-129
-317
-531
-766
-879
-683
-480
-348
-317
-264
-411
-338
-182
70
255
397
682
718
814
769
889
1024
1126
1199
1357
1364
1183
1003
896
871
901
899
874
765
453
282
128
141
197
221
161
132
-11
-42
83
244
503
755
1034
1236
1384
1431
1514
1458
1472
1691
1873
2121
2145
1917
1681
1447
1207
1169
1090
878
594
254
40
-234
-571
-826
-1039
-1223
-1381
-1546
-1673
-1793
-1956
-2025
-1951
-1904
-1710
-1595
-1528
-1453
-1429
-1318
-1109
-747
-602
-463
-430
-285
-22
103
363
397
428
572
606
648
674
592
580
498
561
470
305
63
-221
-463
-604
-693
-697
-789
-1058
-1214
-1592
-1531
-1558
-1502
-1337
-1404
-1378
-1370
-1250
-1028
-763
-528
-178
73
412
616
796
920
1171
1380
1689
1856
1873
1779
1690
1489
1528
1524
1293
1248
835
632
389
185
70
-18
-317
-503
-842
-1004
-1046
-1074
-1049
-1010
-882
-838
-654
-493
-408
-250
9
370
783
1149
1438
1613
1815
2064
2348
2496
2661
2774
2711
2558
2387
2212
2048
1818
1567
1327
1011
589
239
-155
-457
-782
-908
-1007
-1188
-1415
-1662
-1759
-1861
-1845
-1633
-1443
-1150
-1020
-1002
-856
-767
-451
-223
17
359
412
501
551
517
612
696
852
903
742
623
418
139
-70
-299
-443
-471
-612
-783
-1054
-1389
-1642
-1803
-1883
-1802
-1738
-1747
-1798
-1956
-1972
-1872
-1598
-1227
-856
-511
-438
-263
-117
105
465
642
947
1196
1346
1247
1238
1125
1134
1118
1181
1234
1057
712
465
254
173
77
-133
-381
-580
-913
-1004
-993
-997
-921
-979
-937
-939
-837
-735
-569
-554
-232
43
359
604
731
781
917
1036
1239
1519
1751
1839
1808
1683
1552
1434
1372
1395
1333
1240
1016
877
567
346
216
122
157
76
18
-149
-322
-359
-376
-167
-101
6
91
112
118
255
355
593
756
858
1053
1151
1108
1112
1100
1158
1232
1243
1265
1087
875
564
349
210
98
10
-139
-432
-626
-878
-1048
-1248
-1422
-1480
-1449
-1511
-1555
-1687
-1737
-1720
-1646
-1446
-1230
-851
-765
-441
-505
-282
-164
55
270
487
432
559
523
454
513
575
477
507
403
234
120
-48
-142
-175
-380
-623
-639
-801
-904
-861
-932
-1017
-809
-1025
-758
-860
-769
-709
-478
-332
-38
68
169
204
268
355
476
616
740
855
755
786
660
721
628
584
429
469
355
255
57
-147
-299
-370
-299
-319
-275
-319
-426
-429
-444
-353
-182
-3
75
114
173
287
491
667
886
974
1099
1206
1247
1299
1260
1170
1304
1224
1254
1339
1032
994
640
527
475
503
406
290
23
-142
-406
-555
-589
-678
-640
-707
-717
-948
-827
-970
-784
-790
-589
-400
-270
-160
-134
-55
-21
191
246
553
373
500
332
302
258
217
185
78
-29
-189
-252
-475
-457
-517
-691
-702
-744
-862
-862
-832
-828
-734
-699
-741
-547
-493
-419
-280
-174
-47
241
317
368
505
447
487
669
624
702
812
759
706
608
539
399
349
186
131
27
-55
-355
-478
-617
-572
-560
-515
-545
-645
-682
-696
-661
-521
-350
-270
-128
-18
-111
77
200
372
496
645
729
841
954
870
998
900
967
978
1101
894
992
647
528
281
287
195
232
182
-58
-138
-419
-532
-583
-585
-546
-493
-613
-597
-702
-787
-646
-512
-388
-268
-54
-104
49
-12
81
148
238
395
447
471
296
204
78
112
124
275
75
-21
-280
-397
-500
-491
-500
-652
-710
-878
-924
-904
-860
-842
-756
-651
-628
-471
-496
-298
-374
-106
-57
230
282
486
362
533
493
555
631
686
792
631
701
445
531
293
315
81
48
-139
-178
-292
-395
-524
-618
-652
-705
-680
-701
-646
-728
-653
-598
-469
-356
-250
-125
-44
83
212
324
473
554
519
662
677
678
790
701
829
798
821
746
632
460
355
335
273
280
75
13
-183
-328
-492
-467
-591
-623
-582
-727
-716
-709
-715
-648
-596
-598
-503
-355
-255
-276
-190
-70
-134
99
73
265
236
226
182
39
241
128
309
-63
134
-382
-148
-278
-312
-374
-456
-660
-787
-544
-901
-507
-864
-611
-816
-546
-752
-434
-567
-437
-443
-317
-58
4
306
205
404
197
433
284
482
590
552
569
545
433
375
289
166
139
-5
-9
-47
-212
-238
-359
-324
-450
-333
-478
-258
-391
-197
-268
-241
-145
-153
16
-19
183
129
488
254
584
233
579
490
785
661
673
712
478
769
385
735
326
636
208
577
93
280
41
-88
-35
-248
-102
-339
-156
-619
-291
-612
-327
-438
-324
-358
-405
-249
-363
-88
-250
-8
-50
19
-15
153
64
136
76
39
86
138
51
48
-107
-256
-312
-412
-241
-349
-387
-399
-542
-550
-633
-560
-654
-552
-592
-475
-421
-424
-369
-346
-183
-201
100
20
237
197
305
280
487
409
498
536
415
505
244
392
140
416
-22
218
-159
-160
-271
-323
-251
-333
-333
-540
-305
-604
-347
-476
-324
-293
-334
-47
-102
117
35
232
143
327
419
517
588
618
599
588
747
618
672
592
625
486
696
506
439
245
222
30
-34
69
-238
100
-346
-184
-432
-261
-472
-305
-381
-216
-184
-160
-99
-140
1
-30
137
197
351
501
449
433
488
336
497
467
501
405
454
165
354
31
104
-197
-144
-330
-305
-462
-426
-663
-621
-756
-715
-723
-673
-667
-795
-631
-688
-314
-501
-101
-311
81
-8
253
239
446
442
594
573
648
783
625
728
639
627
617
486
354
254
139
60
-12
-102
-114
-343
-401
-483
-696
-481
-656
-517
-463
-471
-567
-230
-491
-129
13
118
229
311
332
267
565
267
734
524
912
705
875
539
531
483
593
664
451
643
186
165
-295
-166
-324
-245
-270
-416
-370
-724
-630
-879
-546
-773
-404
-441
-441
-246
-421
-113
-162
227
65
433
407
574
512
594
649
519
773
616
637
572
422
320
246
248
221
236
-136
-10
-293
-467
-511
-718
-565
-668
-485
-782
-460
-804
-515
-663
-491
-459
-350
-219
-239
-81
-172
220
93
482
238
649
421
453
646
656
635
540
686
368
465
171
154
-72
127
-120
-213
-124
-456
-348
-547
-317
-515
-237
-484
-265
-434
-223
-93
-211
166
-28
487
308
666
592
806
562
953
881
820
1051
818
908
757
822
510
692
309
414
300
257
-98
-112
-376
-475
-297
-502
-404
-610
-544
-857
-644
-872
-729
-696
-736
-481
-437
-330
-235
-80
-128
149
309
410
417
561
368
522
613
641
597
613
438
299
320
256
110
20
-160
-297
-293
-395
-429
-615
-603
-727
-718
-554
-556
-532
-524
-461
-635
-352
-343
-128
-96
42
25
67
308
153
508
464
520
484
621
476
345
464
276
447
202
289
-18
-95
-342
-255
-237
-364
-341
-674
-607
-825
-545
-752
-390
-552
-488
-376
-358
-306
-148
58
13
360
345
464
542
671
627
799
919
818
751
751
662
564
657
335
225
376
145
90
279
-218
-228
-255
-453
-387
-375
-541
-698
-720
-766
-754
-703
-688
-720
-403
-472
-248
-252
-101
-159
144
86
316
377
339
459
444
343
430
590
329
400
187
120
-7
100
-270
-213
-444
-334
-468
-429
-618
-898
-815
-878
-773
-828
-467
-779
-462
-644
-459
-410
-76
-192
71
189
258
339
357
649
518
821
622
897
582
822
479
514
414
434
359
63
214
-269
171
-403
-44
-432
-307
-479
-525
-546
-707
-464
-684
-236
-346
-310
-289
-49
-119
310
244
401
585
556
556
839
784
850
976
873
774
898
967
583
708
604
387
504
166
32
57
86
-311
-292
-291
-642
-508
-464
-492
-528
-489
-657
-560
-432
-276
-225
0
8
-47
89
410
292
459
625
392
476
632
455
504
496
294
503
261
275
19
67
-210
-259
-433
-286
-535
-791
-815
-767
-807
-790
-657
-894
-830
-848
-787
-665
-521
-557
-463
-156
-469
-163
40
-41
129
327
186
422
538
390
596
397
353
566
802
435
420
297
90
242
224
107
-232
-138
-387
-288
-153
-211
-586
-448
-451
-541
-44
-172
-337
-233
-245
-173
198
77
228
199
329
389
746
771
558
595
494
681
649
872
656
569
427
440
526
493
419
5
-47
-85
-45
-58
-186
-378
-571
-451
-255
-203
-239
-451
-496
-380
-168
19
150
-37
-193
-64
104
261
377
330
233
156
234
309
281
237
106
182
188
333
159
95
-203
-269
-251
-113
-97
-324
-440
-710
-532
-516
-338
-397
-521
-700
-563
-402
-269
-158
-384
-279
-340
-103
-114
-42
-103
-46
55
237
311
39
87
128
111
315
544
335
240
161
25
115
270
256
201
222
97
33
191
112
56
219
320
262
313
112
-49
-52
151
287
386
361
112
63
86
237
389
430
304
352
265
211
305
168
182
216
299
222
156
24
-72
-153
-16
91
157
143
-37
-185
-158
23
206
223
130
-69
-141
117
152
172
60
-57
-142
53
102
-35
-101
-78
-89
65
-58
-283
-319
-385
-282
-118
-3
-276
-466
-491
-386
-298
-158
-153
-323
-363
-382
-254
-140
-173
-176
-218
-158
-201
-54
-49
-49
-126
-81
-33
-21
34
-49
74
-24
17
105
107
-51
-92
75
270
357
322
236
65
43
276
489
557
461
340
264
347
531
545
714
758
756
839
885
728
707
941
1096
1234
1111
865
803
728
754
861
897
643
542
425
297
217
160
15
-18
-74
-280
-465
-672
-868
-827
-684
-732
-947
-1107
-1206
-1267
-1128
-1009
-1033
-1090
-1154
-1148
-1078
-977
-862
-777
-764
-824
-772
-808
-837
-763
-701
-679
-622
-718
-763
-836
-854
-724
-597
-596
-617
-630
-692
-573
-450
-333
-242
-141
-272
-103
69
303
498
602
723
748
901
964
1186
1263
1485
1710
1718
1794
1949
2146
2398
2736
3002
3299
3281
3178
2822
2393
2132
2147
2221
2182
1638
840
101
-384
-405
-610
-707
-1132
-1712
-2125
-2225
-2312
-2280
-2270
-2253
-2133
-2159
-2108
-2095
-1951
-1775
-1335
-915
-659
-708
-839
-670
-323
112
378
446
214
99
124
237
403
396
269
93
-151
-277
-392
-508
-598
-821
-947
-1107
-1358
-1581
-1626
-1640
-1566
-1570
-1783
-1868
-1942
-1799
-1516
-1245
-1135
-1073
-1016
-788
-596
-284
83
214
435
626
701
927
1184
1441
1668
1746
1870
1933
2060
2135
2257
2390
2482
2604
2787
2987
3169
3459
3801
4227
4310
3651
2807
2137
2190
2785
2919
2144
1097
-440
-992
-965
-875
-829
-1656
-2522
-3129
-3422
-3294
-3144
-3202
-3102
-3164
-3104
-3149
-3188
-2901
-2470
-1755
-1179
-1018
-1093
-1196
-994
-318
419
951
1009
722
576
646
1122
1570
1773
1656
1252
957
926
978
1026
992
740
474
-21
-392
-637
-870
-913
-1126
-1458
-1912
-2410
-2703
-2754
-2585
-2437
-2509
-2724
-2808
-2744
-2425
-1945
-1487
-1175
-991
-832
-613
-164
327
749
1120
1364
1467
1620
1807
2140
2510
2775
2874
2805
2737
2746
2833
3057
3251
3406
3486
3604
3783
4027
4368
4707
4614
3779
2875
2051
2147
2792
2639
1820
477
-1063
-1442
-1567
-1370
-1246
-2279
-3162
-3924
-4135
-3688
-3632
-3389
-3126
-3233
-3381
-3501
-3337
-2724
-2066
-1367
-902
-1003
-1281
-1348
-743
110
758
877
696
296
152
450
928
1345
1174
941
526
254
159
307
426
428
134
-225
-689
-977
-1065
-976
-863
-1076
-1520
-2027
-2354
-2549
-2389
-2163
-2080
-2268
-2532
-2636
-2476
-2152
-1737
-1295
-1181
-1192
-1080
-790
-299
224
509
620
702
812
1065
1437
1815
1970
2091
2123
2232
2422
2632
2901
3045
3186
3343
3548
3900
4300
4621
5047
5348
5632
5125
4085
3256
2936
3610
3990
3199
1833
155
-896
-802
-817
-629
-1398
-2761
-3678
-4136
-3918
-3579
-3622
-3585
-3604
-3958
-4012
-3947
-3388
-2581
-1872
-1421
-1413
-1505
-1443
-881
102
880
983
752
574
648
1013
1470
1716
1757
1415
910
663
576
616
644
502
192
-327
-964
-1285
-1395
-1409
-1506
-1822
-2283
-2880
-3149
-3287
-3308
-3194
-3226
-3299
-3364
-3334
-3078
-2740
-2269
-1959
-1654
-1283
-1029
-673
-133
447
846
1018
1133
1317
1515
1931
2288
2447
2480
2397
2415
2560
2818
2834
2845
2854
2930
3149
3553
3967
4174
4540
4875
5039
4516
3628
2873
2873
3595
3764
3026
1647
115
-483
-346
-151
-103
-1059
-2301
-3214
-3472
-2933
-2625
-2577
-2807
-3059
-3285
-3417
-3161
-2535
-1839
-1459
-1290
-1317
-1446
-1270
-747
34
683
723
385
182
242
680
1158
1476
1463
1104
739
464
563
854
1016
870
488
36
-408
-642
-611
-620
-771
-1219
-1857
-2305
-2533
-2599
-2617
-2600
-2845
-3209
-3516
-3541
-3194
-2938
-2592
-2443
-2347
-2189
-1969
-1546
-979
-541
-234
-84
74
328
633
1033
1416
1715
1807
1797
1891
2167
2405
2552
2703
2792
2946
3200
3577
4106
4472
4680
4884
5063
4767
3935
3139
2836
3313
3593
3065
1713
122
-720
-916
-641
-395
-1001
-2240
-3361
-3926
-3446
-2762
-2432
-2585
-2985
-3316
-3419
-2950
-2195
-1456
-1035
-1013
-1026
-805
-528
-38
529
1023
1121
960
784
750
1004
1271
1421
1468
1288
791
374
209
360
561
471
135
-346
-869
-1196
-1167
-1075
-1080
-1448
-2027
-2459
-2636
-2667
-2561
-2494
-2579
-2768
-3059
-3128
-2851
-2473
-2172
-1876
-1759
-1685
-1561
-1182
-609
-74
237
277
363
448
717
1022
1412
1612
1646
1552
1559
1742
1915
2097
2180
2406
2532
2710
3055
3576
4040
4430
4801
4929
4780
4160
3385
2966
3287
3756
3565
2457
892
-468
-1038
-925
-535
-635
-1719
-3151
-4304
-4368
-3688
-2880
-2654
-3238
-4014
-4446
-4155
-3199
-2098
-1488
-1521
-1781
-1816
-1353
-534
134
698
943
826
724
793
1121
1535
1870
2027
1957
1654
1217
934
1026
1259
1350
1107
679
90
-418
-624
-557
-510
-707
-1238
-1986
-2490
-2768
-2711
-2542
-2451
-2680
-3168
-3542
-3634
-3243
-2636
-2159
-2064
-2089
-2140
-1929
-1324
-526
56
337
329
282
415
839
1412
1781
1987
1876
1817
1835
2039
2283
2532
2768
2869
2931
3138
3507
3969
4399
4795
5044
4815
4138
3268
2642
2747
3213
3193
2428
1028
-604
-1571
-1827
-1347
-966
-1345
-2555
-4024
-4797
-4592
-3643
-2752
-2538
-3121
-3984
-4427
-4052
-2858
-1630
-1070
-1138
-1536
-1736
-1397
-711
174
718
917
737
532
607
861
1296
1534
1698
1619
1411
1133
915
949
1012
1037
972
861
526
77
-253
-504
-595
-651
-734
-1053
-1494
-2124
-2505
-2442
-2319
-2264
-2417
-2736
-3055
-3009
-2723
-2279
-1953
-1809
-1769
-1661
-1277
-739
-302
0
203
405
709
984
1344
1592
1725
1790
1944
2144
2270
2412
2481
2583
2602
2752
3158
3663
4049
4370
4588
4659
4595
4179
3655
3185
2934
2882
2768
2368
1631
420
-623
-1378
-1689
-1643
-1696
-2027
-2740
-3446
-3894
-3937
-3735
-3365
-3080
-3111
-3213
-3148
-2930
-2482
-2067
-1695
-1342
-960
-665
-401
-125
36
161
292
518
756
1063
1077
966
719
481
423
570
719
755
540
198
-41
-181
-166
-169
-220
-500
-795
-918
-996
-1080
-1264
-1559
-1781
-1873
-1926
-1920
-1951
-2028
-2204
-2307
-2207
-1962
-1679
-1419
-1200
-911
-732
-577
-343
-96
224
488
755
921
1042
1108
1185
1299
1510
1708
1767
1712
1712
1687
1652
1838
2027
2348
2472
2620
2851
3125
3419
3574
3606
3413
2941
2411
2065
1875
1830
1610
1273
822
182
-354
-743
-972
-1119
-1320
-1523
-1714
-1879
-1972
-1938
-1883
-1860
-1856
-1846
-1827
-1646
-1492
-1338
-1096
-951
-872
-743
-608
-596
-557
-533
-467
-369
-246
-234
-295
-349
-369
-456
-478
-514
-638
-672
-757
-706
-642
-635
-724
-874
-929
-867
-805
-757
-808
-874
-959
-1053
-1088
-1050
-967
-899
-847
-951
-1074
-1115
-1063
-828
-560
-398
-380
-494
-553
-492
-282
-60
45
71
-29
-102
-77
117
466
696
762
720
732
771
974
1338
1607
1844
1966
2107
2396
2651
2996
3297
3557
3594
3444
3271
3017
2754
2542
2326
2041
1803
1409
1082
866
644
481
239
-50
-271
-568
-804
-878
-912
-923
-1015
-1100
-1166
-1197
-1206
-1209
-1237
-1188
-1212
-1256
-1250
-1235
-1233
-1229
-1128
-1041
-984
-984
-1026
-1042
-977
-910
-923
-969
-1071
-1151
-1078
-956
-853
-817
-946
-974
-1003
-1007
-969
-916
-886
-855
-869
-995
-1017
-1031
-983
-892
-853
-978
-1085
-1120
-1079
-867
-649
-514
-571
-668
-674
-560
-371
-193
-62
-47
-68
-43
113
347
546
713
897
990
996
1123
1354
1660
1921
2091
2274
2523
2793
3132
3408
3595
3716
3724
3548
3390
3179
2978
2756
2408
2115
1809
1451
1187
970
762
607
404
236
-151
-385
-563
-702
-710
-853
-975
-1050
-1038
-1090
-1003
-1094
-1212
-1299
-1349
-1373
-1389
-1457
-1515
-1464
-1426
-1350
-1368
-1456
-1551
-1491
-1425
-1364
-1290
-1286
-1269
-1228
-1161
-1104
-1121
-1141
-1083
-979
-887
-831
-843
-805
-708
-575
-513
-512
-539
-586
-618
-534
-549
-623
-696
-765
-747
-656
-564
-594
-687
-760
-723
-599
-432
-331
-352
-348
-348
-204
-91
28
211
259
291
458
699
877
1154
1277
1290
1297
1469
1745
1966
2252
2451
2556
2566
2774
2958
3069
3074
2986
2852
2571
2300
2011
1760
1503
1289
1053
779
599
427
247
183
49
-83
-308
-596
-726
-809
-774
-835
-924
-1001
-1039
-991
-955
-983
-1106
-1205
-1253
-1155
-1123
-1160
-1250
-1308
-1352
-1261
-1234
-1270
-1397
-1468
-1353
-1174
-970
-1001
-1079
-1186
-1148
-1005
-941
-897
-935
-960
-988
-931
-807
-750
-659
-625
-668
-717
-768
-803
-694
-555
-476
-500
-613
-730
-802
-652
-525
-392
-408
-535
-617
-628
-547
-418
-329
-289
-254
-307
-298
-228
-52
239
421
560
561
577
711
848
1085
1285
1373
1483
1632
1794
2016
2267
2515
2620
2685
2644
2539
2425
2432
2398
2296
1995
1690
1357
1088
983
925
921
735
435
142
27
-53
-88
-181
-389
-578
-690
-774
-823
-813
-830
-829
-805
-823
-873
-939
-993
-1004
-966
-985
-1043
-1165
-1325
-1349
-1262
-1164
-1143
-1234
-1264
-1185
-1133
-1083
-1090
-1069
-1079
-1139
-1143
-1105
-1065
-976
-871
-817
-806
-844
-942
-871
-721
-598
-585
-631
-685
-729
-678
-605
-512
-462
-514
-527
-514
-469
-416
-330
-244
-221
-108
-154
-212
-160
-92
78
144
161
197
209
286
461
628
703
708
767
754
852
930
1121
1326
1592
1747
1840
1994
2118
2272
2440
2572
2542
2387
2244
2124
2021
1950
1783
1604
1364
1122
1042
948
766
612
418
235
86
-142
-273
-440
-585
-662
-683
-689
-797
-968
-1063
-1052
-1045
-992
-992
-1060
-1174
-1293
-1381
-1430
-1513
-1561
-1506
-1472
-1420
-1407
-1392
-1286
-1178
-1150
-1147
-1176
-1159
-1142
-1083
-931
-897
-791
-681
-643
-570
-485
-447
-394
-329
-260
-221
-202
-213
-198
-203
-148
-113
-110
-107
-136
-84
-75
-44
-27
-13
-22
-25
-19
-89
-133
-112
-45
-21
1
-22
5
76
168
260
263
313
318
385
504
624
696
804
1000
1160
1476
1750
1944
2116
2240
2349
2409
2470
2374
2280
2190
2038
1869
1728
1472
1331
1189
1036
893
608
370
63
-105
-265
-377
-577
-798
-938
-1083
-1114
-1175
-1208
-1218
-1239
-1286
-1331
-1277
-1264
-1240
-1163
-1092
-1102
-1209
-1284
-1297
-1189
-1043
-943
-860
-834
-789
-756
-695
-698
-697
-687
-694
-620
-611
-595
-591
-599
-558
-538
-498
-467
-457
-439
-430
-443
-457
-436
-474
-451
-414
-380
-358
-343
-270
-267
-199
-194
-178
-123
-84
-75
-58
-23
-72
33
50
100
169
202
242
245
315
476
570
590
610
606
737
844
935
1070
1242
1457
1642
1861
2113
2351
2514
2575
2513
2357
2233
2100
2050
1969
1754
1475
1249
1008
822
713
624
458
137
-184
-417
-623
-752
-842
-941
-936
-1053
-1115
-1121
-1187
-1179
-1192
-1105
-1136
-1193
-1178
-1089
-938
-807
-702
-670
-736
-855
-903
-873
-730
-599
-444
-367
-367
-421
-466
-507
-557
-589
-634
-635
-605
-568
-502
-433
-436
-412
-374
-364
-370
-372
-307
-252
-219
-206
-203
-159
-158
-183
-224
-221
-216
-224
-242
-271
-283
-264
-234
-231
-270
-344
-307
-291
-248
-240
-222
-171
-166
-110
-50
53
166
252
344
403
455
573
716
962
1175
1424
1687
1923
2166
2468
2639
2679
2642
2516
2349
2263
2164
1997
1879
1587
1305
1021
789
606
403
199
-87
-392
-709
-905
-1025
-1099
-1168
-1188
-1249
-1335
-1400
-1462
-1517
-1503
-1474
-1429
-1304
-1201
-1073
-942
-832
-704
-609
-585
-657
-687
-703
-606
-359
-224
-113
-16
-59
-125
-249
-357
-341
-390
-326
-273
-186
-184
-176
-120
-132
-239
-341
-340
-339
-342
-281
-345
-420
-472
-524
-502
-580
-581
-644
-630
-669
-635
-645
-612
-525
-465
-425
-423
-368
-338
-216
-136
-50
29
124
200
293
437
605
750
833
916
1038
1099
1210
1342
1552
1824
2126
2478
2725
2945
3097
3161
3065
2857
2535
2348
2261
2106
1930
1743
1487
1144
769
391
63
-244
-582
-908
-1097
-1158
-1201
-1293
-1395
-1614
-1764
-1883
-1914
-1835
-1815
-1790
-1716
-1603
-1467
-1306
-1211
-1192
-1155
-1118
-998
-806
-571
-353
-179
-137
-111
-57
1
129
250
324
379
401
456
509
479
425
274
162
10
10
38
-53
-173
-344
-476
-680
-834
-946
-1018
-1140
-1214
-1246
-1308
-1301
-1359
-1414
-1489
-1457
-1353
-1207
-1037
-888
-734
-677
-580
-448
-238
15
205
382
502
685
909
1162
1387
1550
1625
1696
1808
1956
2154
2293
2480
2696
2914
3193
3486
3758
3944
3788
3359
2770
2326
2236
2334
2353
2146
1578
730
-193
-779
-1000
-978
-1087
-1426
-1852
-2208
-2457
-2599
-2585
-2664
-2672
-2642
-2516
-2233
-2027
-1996
-2019
-2013
-1778
-1306
-878
-518
-399
-431
-518
-495
-194
257
595
744
690
588
602
708
854
875
879
832
793
810
832
691
453
221
189
229
204
79
-190
-570
-917
-1133
-1165
-1143
-1234
-1469
-1790
-2066
-2141
-2075
-1979
-1812
-1715
-1637
-1548
-1417
-1164
-931
-711
-475
-223
84
320
574
742
922
1170
1383
1641
1836
2007
2091
2136
2201
2325
2487
2553
2695
2903
3102
3378
3687
3970
4221
4188
3737
3100
2425
2386
2583
2603
2271
1383
301
-724
-1313
-1297
-1128
-1181
-1873
-2811
-3541
-3754
-3557
-3168
-2823
-2964
-3364
-3640
-3505
-2922
-2443
-2122
-1871
-1739
-1407
-1132
-826
-615
-407
-160
182
593
824
829
724
658
835
1127
1426
1465
1189
883
654
746
957
1143
1010
615
193
-33
-3
100
16
-231
-701
-1202
-1470
-1515
-1460
-1666
-2034
-2327
-2348
-2299
-2142
-2121
-2169
-2147
-1934
-1542
-1080
-791
-709
-585
-390
142
651
1025
1216
1189
1190
1383
1893
2323
2532
2460
2320
2325
2490
2757
3040
3151
3145
3212
3447
3842
4277
4552
4578
4009
3271
2505
2426
2912
2999
2537
1300
-97
-1058
-1333
-974
-682
-1191
-2396
-3700
-4266
-3941
-3198
-2812
-3009
-3607
-4238
-4326
-3691
-2659
-2016
-2028
-2218
-2390
-2002
-1306
-644
-180
-69
-54
3
274
720
931
963
1035
1185
1267
1279
1096
913
892
992
1207
1246
965
513
30
-64
226
446
358
-212
-902
-1388
-1506
-1294
-1045
-1279
-1886
-2505
-2918
-2802
-2381
-2091
-2032
-2245
-2356
-2212
-1882
-1296
-902
-645
-546
-314
31
444
827
1111
1356
1525
1820
2059
2271
2416
2508
2613
2782
2975
3007
3018
3121
3350
3690
3999
4346
4617
4737
4694
4088
3447
2873
3080
3433
3261
2526
1103
-128
-702
-622
-183
-329
-1362
-2799
-3871
-3759
-3048
-2428
-2500
-3167
-4062
-4413
-3819
-2797
-1904
-1870
-2395
-2663
-2503
-1604
-692
-185
-266
-686
-723
-320
245
798
938
750
614
586
657
804
847
777
765
732
769
599
359
167
78
163
142
-69
-500
-927
-1177
-1257
-1187
-1126
-1387
-1854
-2304
-2507
-2463
-2345
-2279
-2257
-2299
-2303
-2114
-1814
-1547
-1234
-967
-720
-389
-124
68
304
638
1027
1448
1724
1788
1784
1961
2162
2446
2694
2811
2844
2785
2873
3179
3522
3893
4119
4310
4514
4788
4838
4262
3629
3068
3369
3636
3416
2550
1143
39
-312
-124
228
-275
-1563
-2931
-3565
-3064
-2287
-2053
-2616
-3531
-4209
-4026
-3135
-2234
-1862
-2362
-2838
-2754
-2144
-1123
-584
-517
-823
-1113
-847
-183
431
720
575
357
438
584
760
888
829
694
602
562
544
444
265
245
200
135
-167
-504
-770
-933
-994
-1159
-1497
-1807
-2149
-2317
-2287
-2382
-2503
-2692
-2833
-2744
-2442
-2138
-1924
-1893
-1826
-1560
-1169
-662
-297
-110
-11
92
448
882
1381
1630
1598
1587
1752
2029
2354
2562
2602
2565
2492
2609
2861
3236
3593
3855
4055
4229
4449
4561
4050
3563
3040
3265
3631
3356
2547
1317
363
103
253
381
-175
-1410
-2597
-3061
-2607
-2039
-1985
-2626
-3337
-3798
-3601
-2818
-2264
-2166
-2581
-2866
-2559
-1988
-1241
-888
-900
-1054
-1046
-690
-203
163
353
341
359
474
668
711
782
767
735
814
779
759
585
438
461
355
317
91
-180
-388
-626
-812
-1006
-1267
-1507
-1694
-1889
-2038
-2335
-2602
-2678
-2666
-2462
-2320
-2327
-2260
-2229
-2002
-1618
-1168
-782
-662
-548
-437
-108
373
854
1141
1203
1136
1157
1495
1921
2241
2366
2246
2110
2100
2246
2588
2888
3124
3172
3248
3575
3909
4316
4628
4168
3539
2836
2863
3563
3496
2848
1570
471
119
269
540
229
-895
-2191
-2890
-2603
-2030
-1817
-2382
-3056
-3560
-3517
-2880
-2354
-2060
-2269
-2679
-2529
-1961
-1344
-981
-945
-934
-996
-764
-297
73
350
315
240
255
432
570
753
834
792
679
441
406
485
504
535
414
184
-97
-355
-385
-460
-606
-879
-1215
-1527
-1694
-1814
-1970
-2254
-2537
-2579
-2547
-2441
-2396
-2433
-2348
-2199
-1962
-1567
-1318
-1137
-1026
-775
-447
-101
256
500
705
811
1016
1303
1534
1792
1839
1842
1991
2053
2212
2368
2434
2430
2414
2585
2860
3258
3628
3960
4155
4285
3775
3222
2830
2958
3650
3496
2745
1501
465
159
498
719
285
-1075
-2346
-2891
-2422
-1798
-1656
-2443
-3323
-3772
-3647
-2800
-2172
-1995
-2421
-2881
-2575
-1946
-1258
-904
-1024
-1051
-1105
-800
-278
167
280
182
131
214
500
712
769
745
626
577
562
637
714
607
455
380
268
119
-23
-111
-196
-383
-569
-853
-1145
-1328
-1458
-1608
-1812
-1997
-2184
-2228
-2181
-2160
-2091
-2006
-1896
-1702
-1506
-1317
-1183
-987
-640
-309
4
184
301
416
621
988
1321
1543
1589
1575
1604
1784
2028
2265
2402
2294
2158
2099
2265
2721
3105
3349
3520
3615
3823
4051
3700
3319
2819
2965
3419
3136
2416
1354
511
346
500
391
-243
-1398
-2330
-2560
-2087
-1717
-1977
-2833
-3420
-3613
-3225
-2535
-2153
-2152
-2537
-2773
-2363
-1843
-1321
-1047
-989
-1033
-1116
-902
-515
-205
0
145
140
146
151
122
354
534
574
517
349
294
309
366
480
428
178
-30
-124
-82
-66
-144
-382
-660
-807
-895
-1010
-1154
-1486
-1705
-1783
-1729
-1660
-1754
-1839
-1887
-1775
-1605
-1349
-1135
-1055
-929
-745
-514
-270
2
229
478
680
788
881
1037
1224
1450
1645
1730
1687
1641
1676
1840
2029
2174
2205
2105
2167
2489
3017
3525
3865
4020
3721
2943
2654
2623
3385
3704
3084
1893
599
204
477
846
729
-385
-1846
-2739
-2569
-1852
-1535
-2028
-3043
-3630
-3657
-2989
-2293
-2129
-2431
-2906
-2876
-2331
-1820
-1364
-1230
-1290
-1407
-1332
-1005
-534
-196
-139
-229
-297
-275
-98
313
588
576
397
138
104
396
728
929
773
458
167
159
446
705
671
239
-278
-522
-509
-263
-231
-603
-1214
-1625
-1647
-1405
-1189
-1354
-1625
-1867
-1895
-1590
-1149
-840
-916
-1045
-920
-642
-224
97
252
301
345
481
782
1007
1185
1175
1223
1393
1538
1634
1641
1674
1674
1742
1872
2059
2289
2544
2891
3109
3451
3746
4081
3667
3156
2749
2924
3614
3440
2757
1585
706
506
652
761
178
-1058
-2136
-2517
-2126
-1850
-1954
-2751
-3398
-3646
-3403
-2807
-2577
-2797
-3116
-3181
-2758
-2292
-1831
-1690
-1704
-1694
-1634
-1236
-838
-497
-405
-376
-367
-297
-8
331
606
554
400
355
397
648
862
1006
930
762
660
707
875
1001
855
669
370
143
56
38
-10
-339
-796
-1162
-1319
-1294
-1269
-1419
-1697
-1923
-2037
-1839
-1490
-1219
-1244
-1431
-1350
-1095
-750
-455
-290
-220
-206
-157
98
531
775
819
809
848
1061
1257
1466
1619
1584
1574
1611
1903
2166
2311
2486
2711
2985
3377
3823
4247
4218
3568
3088
2782
3356
3779
3343
2311
1036
394
426
756
641
-367
-1759
-2725
-2714
-2250
-1976
-2427
-3269
-3794
-3935
-3528
-3048
-2864
-2976
-3267
-3255
-2766
-2312
-1889
-1642
-1617
-1602
-1484
-1187
-654
-320
-194
-146
-232
-127
188
521
772
837
743
719
906
1124
1288
1369
1319
1283
1255
1365
1499
1372
1184
902
720
612
475
404
160
-210
-696
-1006
-1125
-1174
-1225
-1427
-1650
-1830
-1886
-1682
-1496
-1440
-1543
-1578
-1467
-1212
-861
-634
-482
-456
-465
-306
57
369
624
698
775
953
1114
1398
1672
1824
1803
1738
1841
2060
2271
2471
2636
2770
3009
3325
3654
3980
4253
4170
3494
3069
2770
3280
3575
3071
2020
799
172
209
416
218
-769
-2091
-2979
-2967
-2415
-2219
-2754
-3563
-4019
-4079
-3559
-3048
-2867
-3094
-3432
-3267
-2641
-2071
-1729
-1565
-1492
-1434
-1150
-821
-430
-170
-62
210
378
581
686
858
1106
1301
1443
1464
1535
1568
1811
1945
1933
1835
1586
1552
1568
1566
1492
1130
669
272
91
70
-165
-531
-1026
-1498
-1725
-1866
-1919
-2005
-2210
-2454
-2537
-2497
-2320
-2090
-1969
-1901
-1890
-1729
-1484
-1120
-730
-498
-392
-299
-86
326
738
948
1111
1205
1372
1610
1888
2101
2122
2072
2020
2096
2213
2363
2360
2379
2506
2763
3073
3373
3620
3809
3596
3056
2598
2280
2786
2964
2447
1344
238
-311
-310
-130
-389
-1290
-2509
-3297
-3190
-2708
-2394
-2761
-3565
-4003
-4054
-3474
-2801
-2569
-2703
-3043
-2944
-2410
-1743
-1184
-978
-1005
-1034
-760
-326
281
607
753
833
902
1114
1400
1703
1907
1905
1821
1758
1844
1888
1973
1937
1755
1618
1435
1337
1233
991
743
387
145
-172
-463
-593
-901
-1236
-1738
-2092
-2303
-2345
-2440
-2640
-2799
-2951
-2981
-2821
-2558
-2266
-2195
-2108
-1931
-1590
-1217
-871
-555
-376
-159
71
433
817
1113
1230
1301
1419
1539
1768
1951
2029
2027
1927
1937
1964
1981
2071
2144
2133
2125
2240
2425
2661
2951
3178
3364
3248
2606
2158
1789
2275
2502
2013
1068
-83
-649
-637
-355
-433
-1230
-2327
-3176
-3040
-2462
-2131
-2424
-3230
-3590
-3553
-2912
-2249
-2041
-2188
-2467
-2249
-1628
-915
-484
-459
-488
-381
71
481
854
950
970
1033
1102
1318
1500
1581
1552
1427
1393
1338
1399
1394
1288
1181
960
872
739
661
588
383
133
-164
-382
-528
-667
-894
-1239
-1616
-1946
-2108
-2182
-2265
-2379
-2537
-2639
-2678
-2613
-2374
-2140
-1941
-1838
-1661
-1414
-1117
-749
-455
-172
-26
114
349
653
958
1051
1137
1229
1334
1602
1740
1905
1921
1751
1760
1879
1982
2036
1944
1771
1719
1724
1863
2052
2177
2211
2365
2616
2777
2923
2596
2138
1710
1649
2095
2116
1685
616
-218
-539
-392
-117
-385
-1205
-2264
-2733
-2382
-1867
-1517
-1973
-2511
-2763
-2644
-1947
-1424
-1131
-1307
-1524
-1360
-904
-284
35
155
44
11
150
371
821
923
871
805
780
860
958
1112
1137
1006
750
520
552
635
759
698
433
132
-174
-198
-117
-137
-296
-642
-995
-1307
-1293
-1236
-1348
-1633
-2048
-2287
-2354
-2177
-2009
-1990
-2166
-2303
-2153
-1876
-1467
-1162
-1081
-1007
-923
-651
-259
106
345
435
467
640
893
1165
1473
1476
1420
1387
1399
1628
1738
1731
1636
1433
1317
1281
1356
1418
1328
1163
1077
1079
1206
1435
1661
1801
1814
1909
2143
2422
2257
1951
1442
1466
1828
1797
1476
703
71
-170
-122
69
-143
-727
-1452
-1636
-1308
-975
-891
-1300
-1603
-1772
-1613
-1211
-910
-823
-1046
-1104
-831
-403
-35
2
-25
-236
-241
-85
144
296
186
35
-94
-82
-14
74
102
34
-82
-165
-194
-125
-140
-148
-223
-305
-429
-556
-495
-448
-477
-629
-841
-970
-1021
-923
-921
-988
-1168
-1268
-1297
-1173
-1048
-1065
-1091
-1105
-993
-785
-549
-377
-309
-240
-213
-60
75
119
176
162
211
233
280
369
403
367
419
528
612
649
609
633
623
697
773
819
838
802
840
871
937
997
1069
1196
1396
1619
1778
2072
2254
2471
2520
2306
1961
1665
1976
2101
2033
1432
633
182
165
581
778
422
-366
-1147
-1103
-575
-33
-124
-844
-1370
-1496
-1025
-485
-214
-470
-1079
-1275
-1046
-485
-177
-264
-602
-994
-983
-723
-361
-262
-550
-866
-1010
-904
-760
-758
-768
-895
-939
-951
-916
-830
-728
-654
-598
-491
-533
-609
-527
-353
-130
-166
-358
-513
-516
-299
-118
-97
-263
-494
-480
-241
78
232
110
-63
-93
22
263
439
347
176
-66
-135
-55
36
-35
-183
-385
-483
-439
-373
-278
-292
-334
-330
-281
-157
-68
55
165
270
428
534
624
776
961
1068
1231
1351
1466
1645
2013
2381
2711
2975
3100
3247
3077
2892
2606
2622
2739
2546
2109
1437
884
542
494
499
226
-334
-1005
-1268
-1046
-765
-789
-1121
-1336
-1560
-1504
-1105
-860
-875
-1134
-1315
-1174
-889
-638
-697
-741
-890
-878
-773
-692
-601
-763
-782
-806
-697
-587
-722
-806
-930
-869
-745
-658
-584
-678
-683
-578
-298
-36
43
2
-53
27
321
574
683
618
480
367
457
617
654
572
351
145
95
120
130
19
-186
-381
-516
-540
-573
-711
-878
-1016
-1062
-1049
-1095
-1120
-1152
-1138
-1094
-1084
-958
-891
-792
-574
-396
-217
-80
29
105
333
617
822
945
964
1020
1114
1378
1594
1661
1740
1807
1967
2290
2641
2908
3064
3128
3227
3312
3215
2972
2625
2471
2342
2036
1551
867
259
-186
-346
-398
-722
-1219
-1866
-2111
-2001
-1708
-1653
-1931
-2128
-2275
-2032
-1631
-1268
-1124
-1234
-1306
-1123
-739
-402
-327
-343
-452
-445
-251
-59
-23
-204
-196
-134
-35
-6
-193
-281
-308
-186
-60
36
-43
-263
-313
-143
101
283
224
64
-51
33
232
372
295
44
-146
-248
-181
-153
-210
-405
-622
-757
-827
-828
-805
-838
-956
-1083
-1135
-1112
-1028
-925
-883
-910
-920
-885
-815
-672
-530
-397
-273
-221
-160
-37
182
381
520
596
675
682
778
956
1137
1198
1201
1258
1294
1417
1436
1550
1606
1652
1779
1885
2061
2184
2318
2424
2600
2688
2594
2319
1962
1509
1394
1359
1158
679
-110
-729
-1066
-1008
-895
-932
-1293
-1771
-2048
-1907
-1518
-1201
-1157
-1257
-1310
-1241
-930
-586
-309
-140
-98
-171
-136
-16
41
122
194
236
214
40
-132
-167
-105
-27
34
-119
-416
-577
-609
-404
-206
-192
-366
-599
-625
-524
-336
-201
-248
-395
-548
-513
-432
-341
-359
-489
-626
-712
-638
-615
-637
-678
-685
-692
-672
-662
-655
-638
-601
-549
-498
-471
-448
-424
-387
-276
-189
-109
-136
-33
5
70
185
256
379
443
510
508
596
639
653
733
812
811
775
787
753
732
774
899
987
997
924
921
984
1145
1393
1490
1588
1609
1666
1897
2120
2298
2189
1780
1322
1209
1263
1286
1039
504
-86
-403
-417
-194
-98
-265
-632
-919
-914
-704
-388
-273
-305
-469
-445
-305
-158
-65
-64
-1
-31
-74
-195
-334
-450
-477
-403
-383
-518
-759
-949
-1000
-917
-839
-851
-949
-1097
-1163
-1007
-793
-668
-668
-688
-694
-642
-487
-439
-387
-408
-404
-355
-296
-243
-284
-395
-421
-370
-326
-365
-434
-523
-612
-563
-450
-408
-395
-432
-536
-453
-357
-264
-207
-204
-227
-180
-50
63
97
129
147
230
328
372
370
290
313
423
527
567
510
437
449
518
616
691
613
544
536
706
863
945
1042
1060
1207
1319
1560
1734
1882
2062
2215
2406
2481
2433
2243
2016
1785
1666
1562
1348
898
476
163
-106
-208
-222
-312
-473
-650
-818
-882
-939
-909
-886
-844
-747
-797
-848
-955
-966
-915
-912
-930
-1025
-1187
-1346
-1371
-1377
-1288
-1264
-1267
-1345
-1347
-1385
-1293
-1171
-1060
-961
-932
-839
-746
-581
-487
-375
-361
-321
-238
-160
-88
-127
-122
-169
-127
-58
-19
-77
-223
-330
-396
-354
-325
-373
-488
-555
-655
-652
-599
-496
-457
-567
-673
-720
-660
-499
-352
-313
-313
-373
-354
-290
-75
103
132
82
78
136
348
630
683
628
523
475
593
783
874
898
763
700
720
929
1059
1079
1130
1055
1143
1294
1457
1668
1821
1950
2005
2080
2226
2315
2376
2304
2130
1773
1474
1246
1045
887
633
243
-169
-534
-704
-767
-803
-902
-1103
-1192
-1267
-1305
-1366
-1322
-1289
-1263
-1240
-1226
-1210
-1235
-1213
-1175
-1161
-1157
-1112
-1063
-1007
-974
-928
-890
-837
-794
-728
-659
-540
-518
-517
-505
-449
-309
-206
-125
-71
-39
-5
-21
-72
-151
-183
-116
-56
-77
-168
-336
-489
-567
-570
-534
-630
-775
-977
-1072
-1027
-976
-973
-975
-1041
-1039
-987
-912
-741
-634
-509
-459
-396
-291
-132
84
219
358
471
544
639
711
838
940
1006
967
907
896
908
913
975
980
862
804
719
794
859
950
973
921
907
1000
1147
1322
1433
1408
1414
1488
1604
1774
1834
1724
1685
1503
1429
1272
932
644
296
17
-137
-297
-409
-591
-848
-1104
-1249
-1163
-1083
-984
-1055
-1101
-1106
-1007
-921
-843
-830
-895
-858
-840
-833
-827
-773
-793
-754
-739
-726
-673
-653
-598
-511
-463
-473
-539
-582
-479
-314
-226
-304
-323
-347
-394
-376
-331
-299
-379
-454
-549
-651
-647
-668
-599
-644
-724
-839
-980
-1048
-1049
-983
-1021
-953
-990
-982
-901
-805
-682
-576
-555
-601
-531
-329
-128
4
45
49
126
230
406
502
509
448
415
526
618
703
648
546
463
479
493
500
472
426
381
412
450
492
444
337
351
401
534
596
673
627
621
674
783
911
938
908
915
897
1002
1115
1233
1240
1224
1229
1153
1107
1005
904
622
370
155
-17
-84
-153
-156
-278
-442
-544
-559
-516
-455
-450
-519
-510
-529
-471
-332
-316
-299
-425
-508
-529
-514
-441
-434
-400
-439
-547
-563
-510
-463
-496
-589
-697
-813
-837
-858
-870
-891
-977
-1058
-1090
-1124
-1079
-1068
-1033
-1028
-987
-911
-841
-745
-715
-670
-657
-622
-625
-575
-543
-516
-502
-473
-431
-414
-421
-368
-283
-221
-229
-254
-197
-116
9
88
65
97
107
213
378
405
412
337
321
369
425
486
454
431
424
385
423
433
422
467
487
494
512
536
572
600
662
759
800
784
768
779
805
928
996
1000
978
1017
1062
1176
1275
1225
1155
1046
1115
1107
1123
1058
905
778
559
485
373
245
169
79
-15
-43
-67
-39
-123
-230
-202
-239
-250
-221
-224
-313
-426
-529
-587
-636
-698
-766
-849
-866
-907
-894
-914
-921
-992
-1095
-1123
-1130
-1130
-1117
-1117
-1178
-1181
-1137
-1094
-1034
-974
-957
-1027
-1043
-986
-839
-793
-785
-770
-745
-734
-729
-665
-694
-646
-655
-657
-658
-632
-603
-578
-571
-558
-491
-510
-445
-437
-407
-308
-229
-161
-101
-61
13
113
218
272
336
385
400
430
425
473
525
626
635
651
627
608
655
663
703
688
717
733
673
677
725
769
798
833
810
743
769
782
838
854
845
819
804
714
743
824
881
832
781
711
705
836
918
908
778
694
639
606
573
495
389
306
262
266
253
234
143
42
10
-19
-61
-112
-204
-291
-376
-426
-456
-520
-588
-691
-736
-779
-850
-813
-793
-852
-917
-964
-1011
-1017
-1024
-1028
-1116
-1199
-1267
-1290
-1251
-1234
-1231
-1269
-1324
-1363
-1330
-1288
-1229
-1189
-1178
-1220
-1210
-1209
-1168
-1084
-974
-988
-975
-921
-872
-712
-587
-505
-521
-534
-457
-327
-158
-74
-65
-61
31
149
316
377
390
376
388
521
640
641
592
558
575
643
700
720
682
616
630
650
680
707
633
619
628
630
644
601
537
451
415
522
549
541
459
410
477
543
614
629
622
642
607
671
753
819
842
878
858
803
828
880
905
894
931
900
888
899
953
966
969
938
878
740
641
637
588
479
371
258
132
24
-51
-128
-197
-275
-371
-431
-475
-502
-599
-678
-792
-915
-967
-1026
-1061
-1158
-1244
-1325
-1419
-1409
-1412
-1447
-1441
-1493
-1503
-1444
-1361
-1326
-1287
-1267
-1246
-1173
-1025
-958
-922
-853
-815
-705
-547
-473
-419
-372
-337
-233
-125
-29
5
90
115
128
241
250
260
297
296
289
304
351
346
332
295
269
268
235
182
132
166
224
231
222
250
217
215
250
285
328
295
308
298
373
403
437
442
418
423
439
479
535
602
640
645
665
752
710
807
859
870
892
925
872
839
829
872
894
898
858
807
825
804
828
772
749
720
685
686
606
528
446
341
343
312
288
163
62
-20
-69
-59
-34
-63
-163
-184
-247
-257
-287
-317
-350
-407
-387
-470
-485
-446
-449
-477
-500
-521
-562
-543
-544
-533
-578
-627
-643
-724
-712
-659
-666
-649
-681
-704
-612
-600
-578
-543
-581
-581
-587
-559
-544
-516
-624
-667
-662
-671
-587
-646
-671
-688
-690
-637
-617
-572
-541
-540
-586
-609
-519
-447
-382
-340
-341
-341
-266
-202
-97
-28
-3
85
164
195
247
286
321
341
364
388
404
409
467
540
562
591
571
617
586
574
576
597
560
576
516
523
548
484
441
418
378
355
386
358
386
385
325
298
305
320
336
319
274
195
217
256
304
373
390
366
319
365
428
422
443
430
441
446
480
482
433
407
400
384
334
290
190
176
152
138
135
118
68
54
39
-8
-10
-48
-76
-111
-178
-171
-279
-383
-424
-388
-408
-417
-516
-657
-736
-808
-833
-785
-781
-875
-971
-1027
-979
-876
-839
-825
-844
-815
-796
-735
-627
-551
-503
-493
-466
-416
-329
-301
-264
-228
-196
-158
-136
-141
-101
-104
-88
-72
-78
-9
0
-29
-119
-116
-120
-115
-141
-181
-212
-238
-187
-195
-243
-264
-284
-300
-248
-191
-117
-81
-115
-138
-153
-154
-115
-58
-3
21
52
41
67
93
201
284
304
315
352
382
465
536
555
585
529
456
479
547
603
610
605
574
516
556
594
632
588
548
468
472
493
482
474
355
240
228
240
259
272
172
134
118
120
104
50
35
2
-14
-57
-25
-42
-66
-94
-121
-135
-103
-118
-154
-184
-173
-134
-54
-32
-42
8
15
54
51
91
134
96
118
120
178
212
199
191
90
130
143
126
76
27
20
-23
-47
-44
-75
-156
-217
-268
-275
-327
-362
-415
-441
-492
-522
-531
-540
-568
-605
-647
-671
-656
-632
-600
-588
-588
-610
-601
-572
-476
-426
-397
-330
-309
-268
-223
-190
-168
-130
-124
-75
-84
-113
-58
-10
-9
-68
-118
-139
-138
-102
-137
-179
-177
-189
-209
-191
-161
-174
-180
-152
-114
-97
-13
14
-4
-10
79
95
146
120
169
188
138
203
220
237
198
179
174
192
171
244
232
234
235
277
347
340
398
419
421
423
411
410
446
430
420
388
362
348
354
354
313
288
218
178
123
169
136
94
159
184
176
181
192
171
93
72
39
10
-12
-80
-111
-149
-207
-233
-235
-272
-223
-244
-252
-261
-248
-246
-287
-255
-274
-282
-290
-264
-222
-182
-148
-159
-133
-141
-134
-100
-74
-52
-57
-51
-73
-109
-116
-148
-136
-172
-218
-187
-230
-239
-243
-295
-318
-350
-364
-373
-406
-436
-449
-479
-495
-475
-445
-439
-472
-477
-433
-412
-346
-312
-269
-264
-223
-156
-129
-126
-43
-10
-11
-11
8
1
35
117
79
100
105
61
117
141
151
112
92
139
154
183
175
131
90
140
138
193
195
188
147
119
166
230
253
200
201
189
190
194
232
260
254
207
145
208
260
248
244
180
138
112
142
146
135
61
-13
-96
-98
-53
-73
-94
-153
-168
-171
-204
-220
-136
-90
-59
-92
-119
-81
-89
-69
15
-33
-62
-25
-86
-85
-120
-153
-152
-163
-186
-191
-241
-311
-273
-265
-236
-266
-297
-283
-292
-289
-305
-274
-263
-311
-319
-284
-247
-177
-143
-104
-126
-95
-12
9
102
109
144
123
110
174
195
252
319
327
255
259
294
334
374
389
334
251
186
203
199
172
158
20
-53
-72
-99
-70
-54
-139
-238
-256
-253
-234
-175
-161
-161
-226
-217
-197
-172
-145
-89
-84
-94
-13
4
54
74
85
65
49
82
98
123
106
67
30
53
26
80
50
-10
-25
-32
13
30
-2
-23
8
-44
-31
17
13
15
-42
-88
-68
-23
-62
-63
-114
-141
-154
-177
-131
-180
-182
-175
-237
-265
-296
-293
-273
-280
-243
-207
-247
-291
-315
-285
-235
-210
-232
-216
-190
-218
-216
-254
-233
-144
-117
-97
-46
-30
18
55
99
94
136
123
141
191
237
274
285
262
268
289
318
340
361
412
374
355
328
323
313
303
258
158
145
162
182
181
182
138
109
101
78
145
137
151
123
161
157
169
218
134
135
84
92
109
94
108
78
104
45
8
17
23
33
-9
0
-3
18
38
43
44
10
38
-2
-35
-88
-30
-30
-59
-102
-119
-165
-263
-267
-340
-379
-359
-361
-405
-399
-405
-450
-478
-468
-457
-415
-351
-384
-368
-334
-354
-287
-288
-306
-331
-299
-269
-232
-208
-208
-212
-229
-190
-173
-125
-150
-206
-252
-160
-151
-112
-89
-96
-100
-47
14
3
33
31
37
84
85
122
162
169
161
214
179
182
229
276
302
255
218
258
263
286
288
293
275
297
360
360
375
357
376
397
432
395
396
399
382
375
365
331
325
272
288
281
253
261
207
180
212
280
281
269
236
176
170
148
163
193
250
232
216
253
242
238
214
174
165
214
118
78
63
28
23
-1
-22
-20
-86
-132
-130
-131
-163
-139
-170
-171
-178
-169
-162
-185
-177
-245
-170
-170
-150
-171
-283
-300
-267
-217
-225
-252
-273
-318
-317
-298
-275
-301
-344
-375
-394
-383
-361
-385
-409
-366
-405
-402
-413
-427
-417
-396
-407
-407
-388
-359
-319
-291
-281
-280
-268
-281
-278
-276
-214
-173
-165
-126
-92
-91
-28
27
84
175
167
128
175
220
268
310
279
299
283
307
288
323
320
308
257
220
209
188
198
169
146
163
157
127
110
153
146
130
101
133
176
168
241
217
214
192
187
173
160
192
177
120
142
182
190
174
191
179
134
152
96
59
36
32
-8
-72
-161
-190
-185
-176
-195
-193
-220
-216
-267
-314
-313
-314
-341
-329
-317
-350
-366
-346
-338
-388
-343
-325
-317
-368
-356
-366
-362
-343
-299
-269
-306
-333
-317
-275
-268
-254
-251
-232
-194
-214
-180
-173
-160
-177
-169
-115
-86
-75
-62
-74
-89
-23
4
42
-42
-9
1
42
114
151
189
188
191
181
195
195
200
210
181
193
194
178
112
103
119
135
158
172
153
146
210
152
156
216
196
215
269
263
232
229
216
213
293
256
247
315
314
316
316
351
326
302
270
284
272
280
278
219
133
88
77
72
119
90
44
28
-46
-79
-129
-178
-235
-308
-300
-371
-399
-387
-448
-485
-489
-471
-501
-477
-490
-534
-524
-530
-522
-480
-458
-421
-417
-389
-362
-305
-323
-324
-276
-301
-274
-269
-249
-218
-229
-221
-226
-189
-203
-171
-103
-95
-77
-71
-58
-33
-1
-12
-2
-19
11
66
69
42
91
79
53
13
15
56
65
75
91
89
101
76
78
115
116
127
118
153
110
165
191
158
198
219
206
300
351
351
397
395
425
412
455
427
384
387
369
430
427
403
415
431
432
455
478
467
436
405
371
288
290
290
281
280
193
134
135
123
68
-15
-41
-119
-179
-180
-171
-190
-283
-332
-335
-406
-461
-420
-451
-464
-504
-515
-472
-481
-464
-416
-381
-412
-384
-347
-332
-324
-285
-262
-255
-247
-279
-279
-226
-192
-200
-177
-213
-183
-169
-169
-138
-199
-227
-227
-225
-190
-162
-149
-154
-146
-66
-57
-43
-42
-39
-2
9
48
36
17
37
41
48
55
19
33
-1
-24
20
9
28
60
78
95
118
182
191
193
245
290
288
290
346
353
404
398
405
429
417
418
431
403
421
468
479
442
412
338
351
368
342
338
308
284
275
270
288
278
215
207
157
107
108
87
79
13
-88
-100
-95
-80
-84
-129
-188
-222
-203
-227
-242
-314
-355
-302
-326
-304
-340
-313
-285
-305
-289
-323
-297
-303
-276
-241
-242
-218
-199
-217
-227
-207
-229
-206
-233
-198
-173
-200
-175
-169
-215
-180
-209
-250
-202
-255
-255
-227
-257
-260
-214
-203
-171
-176
-138
-170
-136
-78
-117
-97
-66
-57
-37
-38
-38
-53
-55
0
17
70
10
50
78
40
93
111
170
156
139
158
184
258
286
305
288
264
289
309
381
432
422
392
368
406
431
465
422
399
363
330
377
399
406
387
371
341
300
338
394
340
297
313
255
227
209
178
174
143
118
39
13
29
14
0
-44
-75
-76
-87
-97
-97
-98
-150
-198
-223
-204
-244
-229
-194
-221
-239
-216
-258
-215
-148
-200
-193
-214
-216
-216
-195
-176
-183
-189
-225
-234
-206
-234
-256
-241
-256
-249
-258
-231
-194
-194
-220
-244
-290
-249
-264
-312
-326
-371
-332
-332
-338
-389
-341
-331
-311
-304
-305
-302
-276
-210
-243
-224
-218
-167
-170
-161
-102
-118
-80
-95
-85
-31
4
94
148
163
187
186
303
371
340
366
373
417
507
541
570
589
588
586
611
677
639
638
638
614
604
599
581
592
522
481
435
424
402
346
276
271
221
177
208
151
115
109
96
62
-12
-38
-58
-57
-88
-122
-129
-168
-221
-210
-218
-241
-305
-362
-327
-289
-339
-350
-322
-330
-304
-321
-317
-325
-332
-302
-245
-235
-256
-299
-276
-251
-306
-274
-277
-237
-243
-262
-296
-338
-358
-368
-342
-387
-437
-458
-453
-428
-430
-479
-490
-490
-488
-456
-449
-465
-498
-475
-452
-454
-448
-468
-450
-405
-397
-368
-366
-359
-283
-257
-267
-214
-192
-148
-99
-109
-102
-77
-46
13
106
146
200
241
235
262
335
366
367
382
433
470
458
463
481
487
454
450
473
478
500
506
505
483
463
484
467
425
376
324
337
241
235
267
227
203
145
97
50
32
21
-22
-45
-27
-25
-77
-151
-171
-202
-182
-221
-190
-169
-240
-206
-184
-190
-208
-215
-204
-226
-229
-235
-218
-186
-235
-217
-236
-243
-230
-197
-208
-209
-216
-249
-227
-277
-245
-250
-277
-304
-296
-300
-332
-322
-327
-336
-350
-332
-371
-358
-328
-293
-262
-296
-337
-318
-278
-241
-217
-241
-178
-106
-148
-103
-49
-39
-63
-33
1
35
59
75
112
111
117
148
197
190
193
233
285
295
303
334
359
404
396
418
429
472
480
511
526
498
491
455
447
496
469
465
477
413
384
383
347
330
330
271
223
180
169
153
161
123
60
29
18
38
6
-27
-36
-35
-36
-82
-127
-119
-145
-143
-118
-139
-87
-109
-134
-140
-127
-153
-106
-83
-129
-163
-154
-155
-108
-131
-131
-132
-161
-128
-117
-142
-174
-175
-155
-149
-169
-191
-185
-209
-218
-213
-260
-297
-318
-270
-303
-324
-322
-324
-313
-297
-316
-334
-292
-275
-237
-233
-233
-208
-163
-170
-180
-171
-194
-138
-138
-117
-150
-118
-112
-58
-58
-49
-60
-39
-46
-72
-12
-21
34
37
43
93
126
146
164
120
141
110
178
141
143
146
150
183
176
187
174
209
178
117
145
181
130
169
133
178
190
172
173
157
166
147
167
146
148
134
150
153
130
116
100
70
37
59
41
24
-22
-4
-6
-59
-40
-63
-87
-88
-26
-68
-62
-82
-122
-94
-106
-61
-61
-73
-77
-73
-97
-60
-90
-96
-107
-109
-85
-112
-40
-78
-106
-120
-103
-64
-77
-92
-67
-57
-108
-92
-71
-109
-151
-102
-152
-127
-109
-38
-53
-57
-51
-71
-10
-23
-7
25
-48
-33
20
-50
-37
5
0
-13
-16
-22
-37
-35
-42
-47
-77
-109
-91
-72
-83
-112
-35
-48
-70
-20
-9
30
46
23
46
20
27
77
79
109
86
77
45
74
75
70
62
-18
6
14
-10
3
39
42
13
-9
-6
67
95
72
57
9
-14
24
0
-2
6
-27
-30
-36
-44
-68
-49
-21
-73
-125
-123
-71
-75
-114
-86
-65
-27
-50
-1
24
38
35
20
54
28
81
82
34
45
57
75
75
62
52
53
28
1
20
32
18
-22
-8
-13
-49
-43
-61
-19
-47
-91
-58
-51
-26
-54
-55
-39
-90
3
-16
-8
14
-55
-21
0
21
10
19
-17
-59
-63
-69
-90
-66
-44
-44
-83
-46
5
16
5
-12
55
50
66
67
90
111
125
102
90
72
151
147
159
192
178
209
179
192
183
153
119
182
137
114
129
129
103
117
173
126
164
154
159
163
131
157
120
128
154
100
129
118
98
94
52
73
50
4
30
50
73
93
28
28
53
72
74
83
87
110
119
112
110
114
98
114
120
89
90
103
103
88
85
60
89
64
59
-7
-15
7
-41
-45
-47
-37
-84
-82
-38
-98
-145
-124
-164
-212
-151
-171
-193
-157
-220
-207
-132
-104
-153
-128
-103
-102
-90
-67
-82
-42
-29
-46
-26
-44
8
45
58
138
82
96
92
97
106
95
109
93
136
94
100
116
58
81
115
80
117
74
84
85
47
48
24
38
72
66
61
91
58
81
97
60
34
23
69
63
56
82
46
28
23
30
21
60
87
24
80
67
91
124
116
88
88
101
73
77
66
56
93
83
64
77
76
73
70
95
78
50
46
20
16
-37
-44
-2
-43
-28
-35
-35
-7
15
-23
-28
-62
-62
-62
-48
4
-19
-61
-43
-14
-17
-15
-66
-85
-107
-93
-41
-12
43
34
29
45
53
93
73
79
107
145
135
136
127
193
177
149
155
139
184
171
217
145
171
180
125
186
186
172
135
143
137
115
104
136
128
112
116
114
98
78
103
62
28
39
3
30
7
-6
19
5
11
-18
-20
-2
4
-2
6
-2
33
37
14
6
-1
-14
-36
-14
-47
-20
16
18
27
1
10
40
19
42
39
35
5
-8
-1
1
28
50
41
28
57
48
24
35
23
10
3
4
18
46
24
-9
-38
-10
-5
-28
-16
-26
-5
5
-1
1
-13
-7
37
55
-8
7
61
66
111
116
78
98
99
141
153
138
180
143
176
166
140
131
139
190
165
130
127
104
96
122
127
155
139
166
151
123
152
115
121
109
118
77
54
56
20
-14
-4
-4
-36
-39
-64
-97
-101
-148
-126
-133
-132
-152
-191
-138
-145
-140
-158
-159
-141
-169
-123
-153
-105
-102
-137
-102
-84
-75
-83
-57
-48
-20
-39
-14
-50
12
-21
-25
-36
-33
9
0
21
9
15
-10
34
13
70
73
50
66
85
64
86
113
95
94
86
119
105
100
34
45
108
111
93
123
112
155
130
117
137
113
115
100
106
125
92
87
47
42
85
84
74
22
17
30
56
52
51
17
3
35
-19
-19
-23
2
-33
-45
-21
-108
-95
-106
-106
-98
-45
-58
-83
-128
-120
-70
-83
-117
-139
-123
-97
-154
-158
-138
-225
-229
-222
-236
-200
-186
-167
-212
-179
-164
-185
-163
-175
-167
-194
-169
-163
-153
-93
-105
-88
-84
-138
-81
-73
-80
-76
-57
-75
-74
-68
-70
-49
-46
-36
-10
-5
20
40
29
54
63
65
95
121
86
122
119
87
95
167
130
162
136
145
164
140
169
155
197
171
193
208
200
154
201
199
143
157
149
140
195
184
144
127
113
140
111
91
87
70
69
57
36
24
67
97
91
117
60
72
38
59
60
21
5
-20
-5
-51
-29
-31
-48
-33
-33
-14
-18
-9
12
-2
10
7
11
-6
-51
-42
-40
-36
-36
-33
-3
-42
-116
-114
-95
-93
-93
-82
-102
-105
-71
-124
-115
-95
-103
-112
-114
-91
-117
-76
-102
-87
-100
-117
-84
-139
-107
-119
-85
-72
-52
-51
-49
-23
-37
-70
-54
1
-31
-6
15
12
13
51
102
33
51
77
62
89
83
80
161
141
152
165
167
222
205
195
214
194
179
179
158
151
150
157
156
154
164
150
160
128
78
124
90
95
107
89
62
20
31
75
59
72
31
-33
-17
28
30
-47
-37
-55
-23
-24
-84
-97
-73
-48
-72
-57
-75
-93
-78
-38
-64
-84
-83
-66
-61
-88
-62
-62
-61
-73
-79
-88
-114
-121
-148
-131
-109
-90
-110
-110
-98
-90
-99
-93
-116
-111
-100
-89
-82
-59
-63
-58
-75
-77
-50
-95
-109
-65
-71
-65
-76
-56
-61
-53
-7
-55
-45
-55
-85
-59
-52
-36
-45
-25
-28
-18
-19
10
3
9
33
61
46
33
59
56
46
27
0
40
89
64
23
18
42
6
11
4
2
7
17
35
17
34
-9
-3
1
14
13
-21
-5
-25
-3
10
13
8
16
55
26
16
32
32
-42
-34
-7
34
30
-13
-25
14
2
-45
-62
-82
-48
-110
-95
-92
-8
-34
-75
-67
-89
-65
-63
-81
-39
-23
-100
-101
-135
-106
-113
-150
-169
-163
-179
-157
-127
-123
-166
-153
-118
-148
-166
-163
-167
-156
-176
-186
-201
-144
-165
-159
-177
-164
-117
-188
-143
-138
-128
-106
-97
-122
-144
-169
-176
-186
-113
-77
-73
-54
-41
-3
-29
-28
5
8
14
50
43
67
109
89
86
82
122
124
152
161
124
112
145
178
190
199
171
165
192
199
213
251
267
268
244
234
207
240
213
220
212
252
266
239
276
284
321
303
296
258
279
285
252
214
225
241
230
194
179
190
137
127
130
144
111
93
97
95
83
16
9
50
66
66
33
5
34
0
5
3
-19
-63
-86
-59
-60
-85
-99
-107
-105
-99
-96
-120
-154
-132
-112
-74
-59
-115
-90
-82
-109
-96
-63
-72
-108
-112
-85
-96
-74
-114
-116
-150
-135
-121
-130
-140
-183
-150
-165
-152
-145
-118
-99
-95
-87
-70
-83
-93
-64
-7
24
52
43
66
24
40
132
99
123
158
139
144
127
127
119
94
149
128
134
148
192
237
240
223
256
200
186
217
229
251
238
224
201
205
202
224
174
188
169
131
117
168
178
138
110
79
121
54
46
49
22
3
33
16
-45
-50
-61
-48
-62
-71
-88
-71
-85
-91
-100
-116
-118
-133
-153
-144
-141
-129
-147
-156
-108
-155
-206
-195
-216
-241
-221
-218
-219
-248
-230
-230
-223
-241
-293
-271
-225
-205
-243
-267
-308
-280
-257
-277
-268
-276
-243
-290
-319
-262
-250
-259
-233
-237
-176
-152
-146
-148
-91
-76
-74
-25
26
58
39
32
56
45
82
102
151
169
161
215
232
226
259
279
