1195
1281
1389
1419
1435
1383
1333
1253
1195
1199
1131
1109
1097
1102
1161
1202
1229
1285
1348
1338
1221
1011
609
132
-329
-792
-1208
-1536
-1649
-1639
-1591
-1487
-1258
-1035
-812
-635
-469
-296
-206
-99
41
262
487
697
846
903
896
798
569
297
22
-274
-509
-738
-897
-1054
-1114
-1142
-1171
-1172
-1103
-1179
-1291
-1332
-1376
-1342
-1259
-1041
-811
-599
-418
-271
-179
-138
-95
-78
-145
-193
-262
-359
-360
-423
-443
-384
-459
-577
-659
-767
-882
-936
-849
-749
-646
-469
-346
-192
-91
46
105
225
269
369
423
428
548
658
839
901
1063
1051
1124
1173
1192
1212
1175
1266
1290
1374
1487
1587
1666
1717
1740
1754
1740
1788
1875
1931
2026
2128
2189
2259
2245
2039
1662
1033
210
-651
-1502
-2132
-2389
-2364
-2087
-1791
-1488
-1292
-1260
-1252
-1289
-1234
-1083
-818
-521
-172
161
554
850
1145
1339
1386
1371
1147
821
400
67
-256
-481
-547
-561
-547
-582
-673
-886
-1130
-1358
-1608
-1675
-1616
-1461
-1175
-925
-693
-503
-432
-351
-356
-334
-315
-245
-147
-59
33
122
252
207
149
31
-114
-231
-364
-448
-461
-472
-416
-385
-350
-340
-305
-235
-279
-258
-281
-286
-315
-267
-181
-83
-16
34
77
87
12
-37
-89
-208
-253
-307
-274
-201
-111
-62
-17
8
9
34
48
139
206
309
462
679
837
999
1140
1190
1300
1265
1287
1288
1321
1404
1444
1496
1554
1558
1591
1523
1464
1437
1327
1240
1107
955
837
704
508
364
231
113
-24
-101
-193
-294
-380
-425
-463
-475
-468
-530
-625
-626
-638
-671
-668
-658
-628
-628
-615
-631
-619
-621
-624
-642
-623
-665
-675
-670
-725
-709
-697
-673
-705
-715
-653
-707
-748
-800
-861
-834
-847
-810
-754
-684
-636
-546
-473
-423
-367
-340
-365
-407
-403
-373
-386
-315
-194
-114
-43
-18
-52
-59
-146
-186
-158
-180
-155
-163
-109
-122
-128
-115
-138
-138
-145
-196
-189
-179
-180
-117
-93
-30
14
71
100
102
118
102
119
124
144
171
195
226
275
290
345
381
374
405
527
565
613
689
800
939
1028
1078
1175
1229
1253
1305
1371
1440
1453
1544
1558
1573
1567
1473
1427
1242
1104
885
729
612
470
355
224
153
36
-53
-160
-322
-448
-527
-590
-678
-740
-768
-799
-782
-780
-739
-779
-789
-820
-847
-891
-875
-870
-880
-851
-833
-747
-722
-679
-675
-632
-624
-631
-657
-647
-601
-562
-532
-504
-447
-447
-388
-397
-377
-400
-399
-333
-358
-366
-379
-325
-298
-254
-289
-309
-263
-297
-275
-276
-237
-225
-183
-180
-177
-130
-158
-100
-138
-161
-181
-203
-173
-190
-203
-201
-225
-257
-242
-221
-227
-243
-260
-254
-274
-236
-178
-121
-37
59
152
187
243
296
324
326
374
458
540
601
671
746
813
910
936
992
1044
1121
1140
1137
1310
1313
1410
1471
1512
1554
1545
1555
1514
1410
1294
1128
957
815
684
572
396
241
165
43
-25
-133
-229
-331
-406
-520
-653
-678
-710
-694
-715
-696
-691
-721
-771
-816
-894
-976
-998
-1042
-1050
-1017
-1031
-1143
-1245
-1453
-1668
-1813
-1797
-1584
-1272
-872
-437
-211
-115
-188
-466
-627
-824
-898
-837
-581
-292
-94
36
69
-49
-200
-350
-458
-499
-426
-245
-64
100
96
100
-39
-258
-415
-521
-583
-517
-382
-241
-103
-96
-97
-133
-272
-436
-522
-500
-424
-295
-160
-59
19
-14
-49
-99
-196
-257
-204
-101
-22
153
262
325
353
334
330
275
300
376
422
530
645
756
863
905
1027
1032
1047
1036
1147
1219
1322
1388
1491
1654
1704
1790
1813
1827
1787
1752
1643
1495
1253
968
671
330
44
-199
-380
-420
-465
-479
-532
-597
-701
-840
-947
-1009
-960
-868
-664
-430
-199
3
124
83
23
-140
-303
-437
-546
-632
-618
-577
-523
-455
-444
-412
-522
-673
-766
-888
-888
-856
-834
-738
-717
-665
-634
-615
-586
-624
-698
-725
-807
-847
-792
-755
-679
-598
-597
-512
-528
-577
-645
-736
-804
-947
-1043
-1094
-1147
-1119
-870
-526
-117
213
375
462
297
67
-78
-148
13
173
375
459
382
190
-90
-325
-514
-489
-342
-59
156
263
294
171
-27
-163
-200
-84
149
579
936
1183
1391
1412
1527
1658
1905
2180
2389
2488
2443
2351
2260
2260
2421
2700
3033
3290
3268
3078
2618
1968
1232
364
-507
-1310
-1925
-2317
-2384
-2267
-2114
-1982
-1931
-1982
-2143
-2240
-2248
-2151
-1888
-1477
-895
-221
464
1168
1576
1790
1743
1624
1387
1068
820
562
389
292
274
170
33
-290
-758
-1309
-1869
-2333
-2688
-2861
-2859
-2727
-2472
-2171
-1952
-1766
-1633
-1614
-1599
-1578
-1506
-1326
-1025
-728
-371
-11
266
461
401
239
-36
-334
-557
-722
-782
-777
-734
-688
-702
-746
-850
-912
-1006
-1097
-1140
-1066
-881
-624
-331
-25
249
439
558
650
694
626
617
610
684
768
946
1083
1225
1264
1236
1212
1136
1116
1083
1150
1206
1400
1596
1848
2151
2385
2516
2616
2672
2704
2845
2984
3203
3475
3684
3833
3915
3819
3590
3049
2105
836
-749
-2338
-3635
-4331
-4427
-4111
-3449
-2987
-2639
-2615
-2860
-3053
-3135
-2892
-2476
-1820
-958
-30
918
1790
2383
2884
3100
3074
2903
2476
1894
1302
874
596
522
553
550
279
-235
-1014
-1902
-2698
-3328
-3656
-3753
-3583
-3255
-2832
-2400
-2010
-1731
-1572
-1416
-1345
-1289
-1203
-1088
-894
-539
-162
294
740
909
822
459
-1
-502
-951
-1204
-1319
-1214
-1074
-929
-855
-906
-1027
-1221
-1395
-1526
-1515
-1376
-1195
-969
-642
-306
19
393
589
715
707
620
540
526
579
682
889
1074
1247
1365
1429
1347
1288
1230
1181
1270
1441
1695
1967
2321
2658
2928
3174
3370
3564
3719
3806
3850
3894
3927
3927
3888
3472
2680
1438
-250
-1957
-3482
-4315
-4559
-4307
-3687
-3090
-2702
-2612
-2711
-2842
-2903
-2779
-2426
-1888
-1164
-321
526
1362
2071
2701
3117
3314
3260
2896
2307
1554
855
408
170
201
377
375
88
-479
-1240
-2110
-2917
-3493
-3775
-3683
-3368
-2946
-2471
-2123
-1886
-1736
-1621
-1421
-1376
-1305
-1242
-1186
-1046
-761
-312
119
515
749
707
472
127
-375
-815
-1160
-1298
-1259
-1111
-910
-818
-827
-1001
-1162
-1295
-1408
-1331
-1183
-977
-773
-526
-250
19
308
695
918
952
971
875
819
733
777
816
983
1264
1466
1647
1633
1586
1479
1424
1489
1653
1984
2340
2683
3045
3305
3498
3671
3817
3854
3907
3884
3825
3623
3008
2102
757
-715
-2162
-3242
-3696
-3688
-3225
-2701
-2294
-2131
-2283
-2438
-2658
-2744
-2636
-2410
-1815
-1032
-161
665
1390
1978
2356
2569
2676
2602
2270
1757
1091
518
42
-211
-168
-90
13
-31
-340
-787
-1470
-2172
-2837
-3207
-3242
-2997
-2492
-1904
-1418
-1101
-944
-941
-959
-1016
-1093
-1131
-1040
-943
-766
-501
-238
65
322
448
438
261
-72
-558
-1026
-1416
-1641
-1592
-1380
-1039
-706
-492
-441
-509
-722
-960
-1141
-1176
-1007
-700
-266
133
490
738
875
836
690
547
314
155
52
-74
1
88
285
476
656
802
862
822
806
864
926
1249
1518
1961
2411
2909
3383
3780
4095
4255
4370
4370
4308
3946
3351
2575
1443
133
-1134
-2134
-2745
-2958
-2739
-2365
-2033
-1787
-1843
-2094
-2443
-2827
-3018
-2904
-2466
-1685
-743
305
1170
1785
2144
2258
2248
2158
2043
1812
1614
1349
1097
900
764
657
563
429
207
-153
-627
-1116
-1663
-2122
-2443
-2603
-2514
-2243
-1844
-1472
-1156
-931
-892
-960
-1034
-1107
-1126
-1023
-829
-589
-314
-62
97
154
97
-42
-180
-422
-683
-849
-1046
-1181
-1221
-1232
-1168
-1076
-971
-841
-733
-669
-625
-612
-614
-514
-480
-314
-59
232
433
598
601
483
287
-2
-259
-474
-616
-626
-565
-402
-182
-25
123
260
324
383
497
679
925
1232
1609
2042
2494
2935
3333
3710
4061
4328
4554
4652
4667
4551
4236
3653
2769
1544
150
-1179
-2321
-2990
-3245
-3083
-2709
-2361
-2181
-2180
-2474
-2774
-3041
-3187
-3053
-2638
-1845
-886
93
927
1627
2074
2340
2420
2444
2357
2150
1846
1547
1264
1067
966
847
704
472
169
-209
-706
-1194
-1731
-2324
-2703
-2951
-2981
-2854
-2584
-2275
-1983
-1655
-1410
-1203
-1103
-1009
-879
-789
-674
-477
-223
-33
43
96
83
38
-26
-142
-301
-524
-784
-1049
-1273
-1451
-1499
-1448
-1332
-1160
-979
-822
-623
-567
-530
-530
-537
-408
-227
46
250
382
457
417
313
105
-27
-204
-298
-335
-299
-179
-45
131
267
391
496
621
854
1101
1418
1845
2264
2775
3307
3747
4124
4466
4717
4939
5079
5213
5067
4655
3829
2530
868
-979
-2692
-3933
-4487
-4511
-4071
-3524
-3034
-2767
-2739
-2821
-2892
-2852
-2611
-2215
-1650
-927
-155
684
1529
2355
3145
3825
4272
4330
3939
3200
2280
1347
556
196
83
36
56
-43
-387
-907
-1482
-2097
-2682
-3047
-3270
-3330
-3269
-3116
-2864
-2405
-1731
-967
-214
338
697
767
614
365
154
38
100
229
300
299
170
-74
-443
-766
-1089
-1374
-1606
-1847
-2069
-2275
-2426
-2401
-2201
-1802
-1271
-732
-273
-60
9
15
-9
121
243
492
697
771
733
560
315
7
-164
-282
-292
-305
-286
-196
-156
-97
41
235
506
846
1281
1669
2093
2548
3014
3590
4124
4623
5041
5379
5624
5697
5757
5559
5098
4042
2470
524
-1625
-3527
-4975
-5666
-5797
-5451
-4967
-4503
-4035
-3576
-2969
-2357
-1777
-1206
-773
-494
-181
427
1244
2292
3425
4500
5269
5610
5298
4517
3472
2363
1316
317
-414
-1153
-1843
-2403
-2763
-2808
-2703
-2502
-2406
-2523
-2792
-3204
-3586
-3703
-3417
-2826
-1906
-862
108
878
1400
1736
1876
1904
1764
1471
1018
451
-254
-947
-1488
-1744
-1894
-1880
-1906
-2044
-2231
-2513
-2723
-2834
-2724
-2540
-2217
-1840
-1440
-975
-440
137
663
1040
1291
1323
1191
1005
768
554
391
203
13
-266
-497
-682
-803
-715
-562
-336
-75
-28
-28
-28
173
538
1070
1833
2572
3348
4062
4743
5400
5898
6355
6595
6633
6523
6135
5427
4250
2582
460
-1774
-3802
-5377
-6314
-6781
-6876
-6667
-6260
-5580
-4643
-3505
-2313
-1351
-644
-188
199
656
1310
2222
3241
4234
5143
5713
5814
5536
4981
4170
3167
2021
694
-807
-2240
-3420
-4151
-4384
-4233
-3919
-3620
-3372
-3225
-2986
-2665
-2260
-1847
-1474
-1156
-754
-217
466
1308
2147
2781
3166
3226
2945
2352
1684
869
88
-668
-1403
-2112
-2803
-3357
-3798
-3902
-3807
-3515
-3203
-2919
-2637
-2344
-1911
-1389
-745
-138
388
817
1220
1552
1791
1914
1842
1599
1200
726
200
-259
-686
-1055
-1388
-1646
-1827
-1910
-1831
-1563
-1138
-722
-282
59
272
598
950
1444
2147
2860
3631
4373
5160
5848
6458
7038
7290
7296
7039
6374
5305
3766
1680
-729
-3100
-5137
-6589
-7470
-7833
-7859
-7495
-6726
-5515
-4193
-2739
-1434
-474
241
731
1237
1819
2535
3413
4291
5059
5642
5896
5950
5642
5094
4257
3032
1430
-375
-2163
-3713
-4766
-5250
-5300
-5171
-4836
-4434
-3868
-3135
-2263
-1483
-906
-521
-341
-154
195
830
1541
2295
2954
3336
3455
3345
3029
2534
1868
1039
-67
-1242
-2315
-3296
-4035
-4528
-4766
-4857
-4725
-4458
-4027
-3318
-2589
-1821
-1021
-377
284
848
1381
1876
2140
2281
2225
1990
1634
1222
811
401
16
-483
-998
-1418
-1839
-2021
-2143
-2109
-1863
-1630
-1283
-851
-418
141
682
1219
1684
2159
2650
3153
3837
4573
5284
5961
6498
6972
7213
7171
6942
6236
4939
3039
619
-2083
-4444
-6328
-7662
-8401
-8685
-8428
-7712
-6509
-4903
-3143
-1437
-58
861
1480
1971
2349
2896
3543
4193
4733
5152
5428
5545
5557
5320
4813
3848
2288
391
-1601
-3461
-4872
-5781
-6300
-6417
-6273
-5791
-4873
-3648
-2230
-960
20
629
930
1003
1144
1496
1982
2444
2783
2940
3049
3134
3134
2908
2442
1689
525
-867
-2214
-3382
-4365
-4995
-5471
-5729
-5712
-5433
-4764
-3756
-2583
-1502
-495
269
955
1552
2111
2551
2844
2891
2653
2241
1753
1274
823
424
-35
-527
-1129
-1601
-1992
-2253
-2360
-2355
-2307
-2195
-1881
-1462
-770
-48
724
1435
1992
2441
2888
3382
3916
4615
5315
5982
6516
6985
7238
7270
7062
6474
5345
3382
858
-1949
-4553
-6731
-8398
-9470
-10008
-9861
-9034
-7615
-5664
-3540
-1445
346
1523
2321
2866
3236
3566
3931
4247
4523
4741
4947
5112
5176
5084
4670
3798
2396
591
-1334
-3190
-4774
-6039
-6857
-7249
-7268
-6723
-5607
-3976
-2076
-298
1093
2058
2607
2857
2990
3028
2955
2859
2638
2401
2352
2385
2508
2540
2265
1561
462
-899
-2331
-3659
-4773
-5637
-6303
-6679
-6700
-6233
-5348
-4006
-2541
-1097
176
1129
1913
2465
2852
3111
3160
2932
2558
2149
1632
1044
668
264
-200
-742
-1281
-1753
-2136
-2382
-2523
-2615
-2583
-2445
-2141
-1566
-805
3
783
1528
2177
2779
3317
3848
4395
4940
5455
6036
6551
6977
7255
7367
7125
6283
4711
2471
-220
-3013
-5456
-7545
-9086
-10087
-10447
-10042
-9000
-7352
-5144
-2769
-505
1356
2516
3332
3840
4109
4242
4419
4502
4455
4481
4470
4546
4594
4417
3946
2892
1417
-300
-2174
-3810
-5266
-6385
-7085
-7321
-7066
-6314
-5003
-3176
-1214
658
2234
3400
4154
4517
4675
4581
4203
3612
2777
2041
1494
1208
1086
952
679
129
-637
-1649
-2786
-3850
-4845
-5783
-6528
-6995
-6973
-6380
-5212
-3643
-1847
-155
1324
2551
3443
4024
4222
4033
3548
2797
1849
1083
444
-23
-334
-692
-966
-1201
-1546
-1889
-2096
-2329
-2526
-2604
-2582
-2379
-1990
-1340
-457
529
1498
2362
3159
3881
4495
5005
5509
5927
6250
6562
6770
6931
7014
6967
6458
5163
3150
469
-2436
-5016
-7318
-9120
-10270
-10878
-10645
-9747
-8202
-5901
-3299
-732
1367
2864
3877
4437
4780
4883
4834
4703
4507
4271
3939
3805
3723
3626
3382
2639
1420
-142
-1928
-3683
-5188
-6392
-7123
-7485
-7334
-6676
-5444
-3673
-1619
431
2280
3660
4621
5147
5305
5314
5001
4426
3482
2446
1516
754
284
-18
-294
-688
-1243
-1978
-2787
-3602
-4378
-5093
-5779
-6266
-6366
-6048
-5194
-3758
-2182
-427
1116
2383
3515
4186
4608
4632
4243
3505
2331
1178
80
-763
-1281
-1613
-1806
-1991
-1973
-1975
-1950
-1815
-1804
-1711
-1719
-1747
-1569
-1200
-561
206
1019
1911
2792
3625
4419
5188
5872
6380
6783
6936
6903
6761
6553
6318
5806
4868
3250
1034
-1500
-4084
-6390
-8363
-9738
-10623
-10799
-10181
-9041
-6986
-4361
-1659
803
2632
4004
4789
5105
5236
5077
4865
4456
3989
3504
3046
2905
2773
2626
2198
1235
24
-1617
-3386
-4879
-6091
-6924
-7322
-7307
-6826
-5805
-4251
-2245
-144
1961
3691
4798
5476
5733
5668
5319
4706
3775
2640
1585
593
-90
-520
-857
-1076
-1514
-2071
-2694
-3354
-3945
-4526
-5007
-5376
-5646
-5541
-4964
-3839
-2306
-682
941
2278
3405
4161
4610
4731
4432
3830
2817
1542
286
-769
-1549
-2048
-2301
-2369
-2347
-2252
-2125
-1883
-1594
-1324
-1086
-943
-773
-518
-95
552
1195
1978
2743
3486
4256
4912
5628
6381
6904
7293
7378
7208
7016
6458
5516
4006
1815
-765
-3496
-5881
-7998
-9450
-10292
-10649
-10267
-9456
-7892
-5686
-3238
-577
1658
3323
4527
5090
5398
5332
5177
5015
4509
3892
3187
2638
2273
1960
1590
1046
93
-1231
-2794
-4346
-5737
-6782
-7360
-7623
-7449
-6713
-5389
-3555
-1314
1047
3282
4930
5991
6487
6343
5932
5251
4285
3127
1927
771
-283
-929
-1358
-1608
-1845
-2182
-2641
-3258
-3963
-4579
-5111
-5400
-5389
-5164
-4595
-3642
-2226
-559
1069
2554
3726
4431
4662
4550
4158
3531
2697
1595
469
-511
-1313
-1870
-2140
-2172
-2092
-2050
-2010
-2043
-1959
-1800
-1657
-1386
-1154
-860
-401
231
998
1859
2814
3653
4304
4863
5287
5694
6225
6640
6878
6971
6920
6738
6236
5543
4265
2360
-6
-2738
-5242
-7556
-9260
-10272
-10750
-10339
-9470
-8041
-5828
-3293
-581
1865
3699
5088
5728
5870
5669
5315
4897
4338
3743
3088
2511
2047
1560
1181
608
-194
-1317
-2838
-4354
-5757
-6846
-7403
-7562
-7302
-6463
-5226
-3494
-1338
1003
3298
5203
6473
7062
7019
6476
5564
4441
3070
1681
329
-890
-1785
-2289
-2508
-2503
-2560
-2722
-2988
-3525
-4044
-4572
-4922
-4947
-4812
-4220
-3313
-2022
-407
1255
2876
4189
5020
5262
5001
4323
3385
2195
937
-304
-1306
-2134
-2622
-2742
-2645
-2245
-1869
-1508
-1269
-1209
-1103
-1013
-963
-734
-439
-28
447
1050
1815
2628
3401
4136
4701
5104
5518
5787
6006
6187
6186
6130
5984
5739
5355
4413
2871
929
-1664
-4123
-6422
-8490
-9624
-10364
-10206
-9363
-8173
-6077
-3643
-952
1631
3599
5156
5969
6174
5862
5234
4608
3881
3078
2321
1682
1183
827
534
202
-379
-1185
-2423
-3962
-5344
-6530
-7227
-7418
-7172
-6264
-4924
-3265
-1217
991
3255
5214
6515
7163
7053
6428
5379
3985
2546
974
-463
-1707
-2618
-3148
-3399
-3332
-3203
-3255
-3444
-3869
-4327
-4707
-4977
-4799
-4331
-3652
-2608
-1315
236
1812
3309
4624
5380
5510
5048
4059
2766
1413
64
-1106
-2036
-2668
-3012
-2996
-2655
-2065
-1414
-911
-521
-390
-406
-381
-423
-357
-178
136
533
1035
1675
2413
3245
3967
4560
4914
5140
5383
5523
5697
5872
5890
5848
5667
5331
4516
3038
1081
-1423
-3858
-6164
-8199
-9383
-10090
-9827
-8994
-7670
-5503
-3047
-433
2024
3969
5412
6053
5858
5374
4569
3855
3132
2416
1764
1191
803
350
54
-251
-778
-1500
-2688
-4195
-5618
-6857
-7559
-7651
-7204
-6022
-4441
-2569
-347
1864
4083
5900
7010
7421
6952
5915
4517
2915
1335
-117
-1363
-2414
-3191
-3657
-3830
-3873
-3867
-3978
-4154
-4438
-4806
-4931
-4799
-4258
-3391
-2248
-893
512
1875
3108
4026
4627
4760
4342
3429
2165
853
-325
-1369
-2025
-2317
-2291
-2095
-1768
-1218
-666
-99
224
351
274
57
-173
-336
-312
-78
392
897
1380
2023
2673
3384
4096
4618
5054
5305
5422
5421
5280
5221
5221
5240
5202
4613
3348
1544
-925
-3249
-5434
-7383
-8398
-9065
-8889
-8074
-6960
-4932
-2566
-6
2389
4118
5338
5754
5433
4833
4018
3345
2695
2063
1499
973
615
202
-82
-317
-837
-1566
-2824
-4295
-5693
-6928
-7470
-7443
-6789
-5463
-3830
-1920
154
2194
4197
5779
6730
7031
6546
5466
4080
2519
1037
-253
-1366
-2370
-3150
-3701
-4098
-4326
-4509
-4632
-4781
-5031
-5169
-5128
-4704
-3850
-2705
-1317
104
1451
2572
3331
3778
3836
3477
2800
1746
630
-391
-1153
-1488
-1506
-1120
-606
-83
421
774
962
987
753
340
-105
-566
-914
-952
-694
-169
606
1400
2256
3022
3650
4179
4512
4700
4733
4653
4601
4513
4443
4610
4900
5352
5440
4684
3315
1056
-1358
-3789
-6152
-7541
-8516
-8662
-8127
-7321
-5534
-3356
-980
1484
3276
4700
5224
4797
4130
3291
2586
2121
1883
1778
1749
1721
1461
1190
855
274
-591
-2085
-3833
-5494
-7081
-7915
-7992
-7394
-5972
-4288
-2408
-465
1345
3051
4342
5078
5324
5034
4332
3285
2183
1337
693
150
-403
-981
-1682
-2459
-3294
-4085
-4750
-5258
-5665
-5796
-5710
-5206
-4259
-3095
-1583
-203
1011
1949
2316
2447
2243
1762
1318
731
199
-207
-424
-285
89
703
1335
1773
2012
1931
1627
1174
569
-87
-631
-1001
-1163
-975
-536
252
1121
2012
2808
3334
3664
3715
3594
3474
3241
3117
3201
3370
3706
3958
4298
4591
4902
4783
4072
2880
841
-1014
-3081
-4814
-5558
-6154
-5784
-5183
-4488
-3074
-1901
-543
665
1408
2093
2022
1646
1261
892
844
1017
1580
2180
2566
2721
2460
2076
1408
512
-485
-1873
-3199
-4452
-5480
-5744
-5623
-4834
-3612
-2480
-1200
-281
391
994
1370
1543
1538
1335
1114
918
801
867
1055
1186
1143
690
-102
-1067
-2161
-3180
-4035
-4578
-4781
-4625
-4173
-3420
-2471
-1434
-556
143
595
703
518
175
-183
-394
-486
-447
-65
404
968
1491
1930
2325
2472
2325
1924
1299
562
6
-344
-541
-469
-214
108
536
888
1263
1515
1550
1584
1387
1145
921
727
653
737
1031
1406
1963
2530
3123
3651
4012
4267
4443
4469
4357
3858
2970
1860
772
-256
-1019
-1451
-1746
-1795
-1873
-2005
-1904
-1831
-1796
-1681
-1572
-1405
-1405
-1520
-1533
-1311
-892
-369
136
703
1094
1145
998
857
676
464
241
-14
-136
-365
-547
-508
-285
-101
47
160
240
152
-82
-252
-369
-503
-668
-802
-864
-871
-884
-848
-791
-783
-821
-967
-1179
-1381
-1629
-1850
-2013
-2046
-1917
-1752
-1531
-1187
-936
-630
-437
-244
-78
-131
-154
-217
-258
-308
-319
-221
-128
13
122
244
372
518
594
678
659
659
652
567
593
688
837
851
819
765
658
514
408
236
203
135
-20
-113
-146
-78
11
140
366
602
852
1058
1270
1597
1940
2251
2577
2870
3054
3250
3462
3587
3519
3297
2854
2297
1743
1225
763
466
277
64
-118
-314
-502
-688
-909
-1125
-1353
-1660
-2005
-2320
-2578
-2731
-2714
-2367
-1952
-1558
-1131
-911
-719
-495
-336
-228
-87
78
236
327
451
694
981
1206
1450
1624
1567
1386
1073
673
248
-208
-700
-1110
-1505
-1810
-2065
-2211
-2271
-2358
-2423
-2454
-2371
-2265
-2205
-2027
-1851
-1613
-1302
-933
-604
-216
158
372
481
452
407
264
115
61
-7
-26
54
145
319
534
680
763
828
773
707
570
419
203
53
9
4
41
-10
43
86
122
105
-4
-51
-85
-231
-289
-285
-173
-35
176
362
599
789
894
986
1033
1032
953
971
1018
1150
1260
1438
1632
1844
2028
2168
2330
2505
2588
2500
2399
2208
1863
1552
1292
952
622
256
-144
-666
-1137
-1546
-1850
-2013
-2152
-2166
-2155
-2047
-1868
-1606
-1286
-953
-588
-272
69
281
451
624
780
960
1030
1073
1055
966
831
612
402
150
-103
-420
-784
-1164
-1428
-1751
-1954
-2050
-2002
-1933
-1888
-1764
-1669
-1485
-1310
-1145
-981
-735
-581
-494
-499
-500
-505
-520
-506
-450
-351
-336
-329
-315
-271
-116
54
217
382
496
536
606
579
598
600
551
519
421
349
284
319
342
412
428
433
393
301
293
276
255
235
242
225
166
110
110
99
172
241
263
360
420
428
531
663
777
842
944
1086
1094
1314
1472
1598
1754
1764
1737
1585
1380
1207
911
583
206
-194
-531
-821
-1034
-1147
-1141
-1111
-1042
-915
-691
-506
-305
-87
71
239
410
558
698
890
1006
1102
1176
1178
1062
907
650
378
129
-127
-382
-669
-967
-1150
-1244
-1389
-1433
-1445
-1423
-1325
-1281
-1230
-1155
-1132
-1061
-1020
-899
-772
-633
-537
-446
-399
-450
-419
-443
-493
-573
-693
-683
-690
-733
-631
-568
-456
-306
-158
73
183
203
283
262
321
339
266
301
327
331
362
426
545
552
569
538
485
460
384
322
246
140
50
-97
-175
-131
-110
-43
56
185
255
282
317
359
418
467
489
509
554
592
747
921
1106
1252
1309
1374
1204
1074
828
560
255
-128
-509
-827
-1125
-1309
-1326
-1248
-1004
-823
-605
-364
-198
-5
257
493
733
899
1096
1197
1287
1383
1410
1412
1371
1255
1036
771
468
175
-100
-304
-468
-553
-661
-710
-720
-672
-644
-613
-588
-670
-741
-817
-878
-943
-927
-956
-878
-698
-557
-384
-308
-243
-176
-202
-259
-345
-464
-569
-685
-706
-678
-630
-439
-256
-88
53
137
182
147
117
126
172
158
151
227
287
381
463
495
595
550
466
379
168
42
-32
-65
-22
-35
13
124
208
309
486
553
617
577
411
319
246
250
274
326
402
522
671
752
926
1081
1175
1170
1118
982
756
570
302
85
-147
-397
-662
-809
-952
-934
-876
-789
-628
-520
-380
-256
-113
75
261
493
704
871
943
1000
1023
999
974
861
732
519
353
197
88
64
50
65
26
-6
-34
-67
-74
-108
-203
-266
-382
-569
-660
-705
-728
-704
-734
-642
-470
-393
-340
-294
-309
-310
-351
-429
-524
-656
-726
-736
-702
-591
-453
-242
-77
51
179
279
309
295
271
238
152
108
45
-24
15
3
26
38
-12
-75
-215
-383
-411
-402
-337
-261
-167
-20
126
278
438
588
739
749
707
577
458
352
257
240
329
407
519
651
725
772
842
874
891
858
742
617
427
295
191
76
-32
-143
-292
-430
-465
-484
-472
-477
-422
-305
-224
-120
40
113
188
394
443
451
445
374
288
191
126
47
-21
-11
-40
38
95
200
255
219
168
81
0
-80
-111
-153
-143
-243
-381
-466
-480
-419
-330
-265
-211
-170
-205
-256
-283
-278
-284
-289
-338
-445
-555
-719
-690
-630
-562
-389
-325
-221
-82
5
146
296
413
529
530
513
521
478
354
208
100
22
-91
-225
-367
-448
-482
-528
-476
-456
-358
-287
-266
-179
-113
-13
86
259
370
451
495
492
507
483
527
586
661
708
769
810
862
825
802
810
832
759
673
594
553
476
400
315
252
136
-39
-225
-298
-398
-494
-512
-507
-480
-375
-319
-195
26
176
292
310
307
330
288
215
136
117
191
232
286
407
486
616
703
675
651
540
343
157
-13
-198
-331
-398
-457
-446
-471
-525
-482
-410
-322
-267
-260
-246
-232
-290
-275
-269
-329
-384
-481
-572
-604
-683
-640
-548
-533
-439
-260
-123
40
150
352
547
658
748
735
685
600
454
243
41
-147
-296
-417
-446
-489
-492
-435
-387
-319
-299
-302
-286
-295
-280
-281
-207
-138
-73
58
93
192
269
353
392
463
443
470
487
442
496
498
577
627
703
685
671
600
564
448
367
303
136
6
-138
-252
-339
-345
-405
-394
-406
-406
-391
-391
-322
-320
-230
-196
-189
-162
-168
-150
-118
-41
23
61
117
213
310
433
502
577
622
616
558
478
357
209
88
32
-23
-149
-274
-343
-416
-437
-428
-389
-328
-279
-229
-270
-240
-333
-408
-499
-606
-767
-892
-960
-1013
-985
-865
-721
-566
-449
-281
-63
116
346
511
623
687
639
640
487
371
280
182
82
-59
-168
-260
-309
-314
-312
-239
-249
-305
-308
-345
-325
-264
-224
-160
-51
-13
27
38
90
159
295
439
512
591
600
632
605
629
577
606
605
561
540
482
479
440
424
351
325
277
178
103
46
-4
-51
-31
-34
-11
-31
-63
-76
-104
-159
-184
-200
-215
-257
-264
-204
-231
-177
-86
-53
30
94
166
224
284
307
272
273
274
248
247
287
243
227
200
137
48
7
-46
-74
-92
-163
-135
-94
-69
-86
-123
-165
-268
-407
-537
-701
-803
-863
-917
-840
-733
-561
-351
-171
116
319
481
603
679
698
666
502
420
331
183
70
3
-27
-48
-49
-60
-10
-47
-65
-89
-142
-248
-315
-324
-284
-292
-229
-132
-130
-8
22
83
173
237
293
340
349
396
447
472
470
458
504
483
475
388
349
316
225
206
192
175
192
219
209
217
257
253
257
209
204
184
125
34
-22
-105
-133
-226
-271
-284
-316
-324
-323
-272
-288
-282
-232
-191
-151
-125
-88
-26
-8
51
130
187
244
288
315
331
324
267
223
159
61
5
-87
-147
-168
-207
-173
-192
-256
-268
-335
-389
-473
-545
-603
-684
-688
-652
-654
-574
-392
-234
-16
201
317
469
589
679
691
654
575
420
275
87
-81
-173
-256
-247
-255
-197
-186
-169
-129
-220
-237
-282
-383
-378
-374
-340
-306
-246
-99
4
110
242
326
420
464
461
492
484
445
450
368
333
316
272
299
287
298
287
299
286
286
300
282
317
342
344
311
337
344
341
237
113
103
-41
-170
-298
-368
-424
-459
-450
-422
-355
-366
-318
-273
-220
-214
-217
-139
-141
-70
-36
20
21
67
163
223
296
305
337
361
372
293
216
116
24
-87
-184
-223
-225
-170
-174
-107
-105
-116
-137
-259
-299
-331
-379
-417
-406
-344
-250
-115
34
179
349
513
630
660
730
683
580
460
320
235
128
62
1
6
-15
-14
-13
-14
23
-17
2
-79
-199
-256
-307
-298
-311
-269
-150
-103
-43
37
133
197
234
279
324
343
325
338
324
334
342
295
273
249
257
218
239
280
257
261
261
263
268
292
309
290
230
194
202
164
50
-60
-144
-246
-353
-489
-505
-498
-519
-432
-384
-241
-124
-28
58
93
115
134
104
131
171
170
180
204
225
234
272
216
223
188
99
10
-119
-229
-307
-352
-386
-407
-302
-186
-135
-77
1
68
49
-15
-127
-218
-294
-337
-371
-342
-338
-287
-132
7
93
173
314
308
343
349
235
156
105
58
-3
-18
18
33
66
96
76
92
92
83
9
-88
-172
-239
-260
-327
-280
-265
-224
-170
-132
-60
-56
13
60
133
177
202
191
235
236
278
327
329
334
321
353
336
310
337
349
314
299
290
258
207
241
190
92
28
-73
-202
-390
-489
-635
-664
-747
-776
-735
-705
-617
-533
-390
-285
-184
-120
-56
-53
9
44
85
87
77
116
161
198
207
261
245
241
216
163
53
-34
-165
-238
-313
-360
-355
-401
-352
-288
-233
-169
-157
-111
-92
-113
-75
-135
-166
-169
-209
-250
-189
-144
-99
9
85
116
220
306
350
354
349
313
316
320
275
280
264
311
333
346
320
323
314
269
181
86
2
-66
-143
-178
-178
-199
-147
-147
-133
-52
-29
12
89
161
224
246
262
269
282
301
264
241
206
180
151
208
255
333
401
464
513
517
496
485
409
298
198
48
-52
-163
-256
-357
-363
-462
-520
-505
-502
-491
-501
-406
-350
-313
-310
-300
-289
-292
-285
-218
-155
-82
10
37
32
78
125
188
234
271
310
266
258
236
180
79
67
4
-78
-55
-111
-109
-110
-70
-34
-94
-75
-104
-145
-195
-216
-220
-274
-297
-303
-348
-253
-195
-136
-45
6
41
75
87
98
113
122
167
105
132
-68
-429
-532
-645
-230
295
714
977
850
513
101
-115
-62
159
385
463
361
76
-238
-375
-343
-191
-72
104
34
-53
-213
-378
-441
-508
-487
-504
-583
-592
-385
-34
391
770
1000
1064
1042
1099
1067
1061
979
857
642
379
150
-85
-243
-454
-567
-693
-852
-863
-864
-783
-725
-807
-826
-827
-744
-523
-399
-318
-395
-413
-358
-214
-28
123
225
167
137
-117
-352
-578
-802
-714
-556
-244
24
154
119
-4
-146
-163
-107
44
202
307
236
171
69
35
82
127
175
155
72
-47
-290
-404
-490
-497
-349
-332
-314
-436
-532
-590
-408
-170
152
391
531
632
615
673
781
960
990
985
901
774
646
588
608
503
476
384
243
110
47
12
17
8
25
28
13
-51
-69
-97
-82
-12
11
76
145
186
272
333
510
644
762
895
961
998
939
954
931
868
828
621
417
146
-80
-289
-369
-384
-435
-409
-486
-499
-571
-595
-542
-452
-536
-661
-759
-816
-820
-749
-593
-529
-473
-525
-527
-486
-308
-96
86
250
281
231
151
220
299
302
281
255
92
-26
-88
-190
-183
-134
-58
-53
-74
-59
-86
-86
-53
18
99
158
174
215
189
205
155
154
199
262
376
429
500
489
461
436
447
533
525
541
540
525
501
492
564
576
624
649
625
566
522
497
510
516
527
467
413
314
172
94
82
62
-13
-67
-159
-230
-289
-330
-309
-276
-297
-336
-343
-379
-392
-332
-333
-325
-285
-235
-201
-184
-237
-340
-413
-500
-622
-703
-800
-930
-1017
-1119
-1090
-1098
-1051
-1026
-990
-948
-953
-933
-942
-959
-1016
-1004
-972
-951
-922
-822
-685
-584
-378
-207
-44
67
176
310
394
542
690
793
909
956
1027
1099
1139
1314
1433
1577
1695
1801
1931
2080
2219
2466
2710
2989
3191
3333
3355
3195
2684
1825
971
128
-312
-482
-507
-740
-1413
-2446
-3541
-4195
-4141
-3503
-2707
-2130
-2082
-2460
-2906
-2925
-2204
-997
187
1054
1245
958
568
613
1168
2139
2905
3108
2632
1587
545
-139
-309
-80
23
-364
-1256
-2432
-3406
-3908
-3896
-3545
-3322
-3429
-3667
-3984
-3990
-3563
-2847
-2081
-1488
-1066
-807
-562
-143
314
712
1029
1100
1040
950
993
999
1017
921
730
597
463
493
569
570
537
470
388
386
479
793
1118
1353
1569
1807
2247
2873
3757
4696
5482
6009
6374
6073
4803
3150
1172
174
133
327
790
222
-1537
-3983
-6360
-7176
-6311
-4540
-2753
-1972
-2554
-4037
-5226
-4984
-3074
-207
2140
3457
3109
1758
627
363
1911
4021
5666
6034
4707
2516
451
-522
-135
984
1605
1259
-290
-2331
-3998
-4744
-4416
-3501
-2905
-3074
-3720
-4601
-5004
-4684
-3863
-2761
-2015
-1610
-1499
-1416
-929
-260
362
888
1158
1376
1549
1575
1638
1421
1073
604
143
-31
-58
-68
-249
-579
-971
-1209
-1128
-618
82
642
997
1005
1081
1301
1866
2671
3591
4297
4530
4586
4756
5322
6173
7307
8266
8908
7934
5365
2202
-912
-2107
-1883
-853
71
-633
-3351
-7005
-10105
-10795
-8825
-5638
-2508
-1296
-2101
-4360
-5974
-5602
-2577
1531
4849
6604
5745
3700
1714
1314
2983
5592
7401
7619
5660
2399
-612
-2409
-2225
-1212
-554
-964
-2532
-4775
-6579
-7399
-7129
-6028
-4918
-4267
-4106
-4152
-3976
-3332
-2409
-1207
-177
663
1317
1633
1951
1726
1314
890
656
907
1345
1563
1337
483
-761
-1950
-2579
-2202
-1467
-915
-1102
-1913
-2961
-3715
-3548
-2362
-705
646
1270
1157
925
994
1693
3018
4507
5547
5775
5374
4789
4739
5175
6231
7402
8255
8534
8363
7240
4728
1872
-1369
-3157
-3462
-2828
-1921
-2022
-4011
-7103
-10259
-11628
-9943
-6768
-2810
-314
25
-1631
-3484
-3973
-1674
2341
6166
8669
8459
6403
3735
2039
2303
4371
6184
6746
5045
1552
-2071
-4892
-5760
-5083
-4076
-3675
-4460
-6123
-7652
-8477
-8224
-6822
-5091
-3552
-2481
-1930
-1357
-698
-74
699
1554
2354
3177
3492
3626
3109
2080
872
-182
-537
-350
-174
-413
-1213
-2557
-3905
-4840
-4597
-3545
-2377
-1786
-1882
-2460
-2934
-2770
-1714
49
1822
2856
3017
2771
2553
2802
3599
4879
5862
6055
5510
4556
3921
3753
4270
5039
5767
6126
6018
5771
5489
3934
1480
-1515
-4156
-4730
-4161
-2778
-1499
-2011
-4276
-7267
-9491
-8667
-5543
-1213
2375
3727
2620
217
-1452
-818
2406
6190
8989
9474
7419
4215
1429
300
1560
3365
4332
3570
659
-3001
-6021
-7498
-6993
-5600
-4417
-4135
-5073
-6287
-6952
-6787
-5509
-3539
-1677
-359
262
594
1040
1493
2050
2425
2401
2475
2260
2065
1960
1383
301
-1050
-2293
-2629
-2482
-2158
-1844
-2195
-2880
-3785
-4226
-3778
-2682
-1490
-728
-606
-942
-1338
-1307
-475
809
2102
2807
2904
2730
2527
2639
3173
3919
4484
4562
4209
3650
3277
3388
3979
4830
5701
6435
6678
6436
4646
1853
-1318
-4017
-4503
-3509
-2003
-815
-1535
-4098
-7250
-9635
-8839
-5692
-1343
2318
3632
2514
53
-1772
-1261
1791
5683
8685
9333
7378
4105
1097
-265
834
2820
4129
3768
1018
-2585
-5819
-7538
-7103
-5616
-4132
-3522
-4217
-5399
-6226
-6144
-4970
-3078
-1248
60
695
891
1123
1288
1589
1906
2132
2313
2219
1861
1380
397
-781
-2163
-3092
-3226
-3070
-2810
-2828
-3318
-4004
-4724
-4689
-3843
-2595
-1471
-891
-779
-971
-1015
-564
486
1776
2746
3101
2957
2707
2750
3174
3950
4577
4838
4545
3868
3254
3089
3568
4554
5416
5967
6211
6144
5519
3437
764
-2166
-4273
-4304
-3277
-1808
-939
-2174
-4738
-7725
-9284
-7714
-4180
212
3330
3965
2308
-121
-1448
-260
3120
6716
8974
8677
5987
2713
153
-419
1089
2821
3584
2368
-772
-4135
-6733
-7555
-6628
-5056
-3817
-3543
-4193
-4936
-5054
-4365
-2942
-1282
182
1230
1723
2014
2360
2483
2435
2333
2089
2155
2039
1583
919
-261
-1812
-3338
-4227
-4151
-3511
-3048
-2920
-3406
-4151
-4672
-4357
-3101
-1432
-138
417
235
-233
-431
-104
955
2169
2902
2972
2492
1958
1762
2208
3001
3694
3908
3534
2969
2481
2549
3289
4400
5446
6203
6621
6744
5974
3727
919
-2158
-3939
-3671
-2492
-904
-460
-2381
-5404
-8647
-9867
-7978
-4214
144
2863
2923
809
-1701
-2669
-934
2730
6513
8659
8135
5420
2198
-256
-420
1271
3046
3946
2638
-339
-3584
-6094
-6714
-5942
-4520
-3304
-3067
-3642
-4311
-4614
-4270
-3183
-1677
-202
1006
1737
2228
2550
2575
2465
2071
1724
1548
1395
1216
833
-80
-1458
-2828
-3811
-3954
-3533
-2845
-2456
-2603
-3163
-3779
-3781
-2837
-1525
-325
336
168
-207
-564
-368
526
1641
2486
2715
2527
2201
2161
2630
3422
4175
4461
4228
3704
3227
3159
3646
4563
5437
6183
6544
6484
5337
2573
-504
-3695
-5247
-4626
-3364
-1790
-1590
-3713
-6787
-9880
-10431
-7958
-3845
596
3134
3068
1061
-1162
-1725
278
4076
7578
9403
8606
5585
2345
-92
-275
1295
2841
3524
1996
-1157
-4509
-7146
-7882
-7035
-5407
-4040
-3652
-4230
-4965
-5225
-4782
-3520
-1794
-49
1280
1960
2285
2336
2184
2097
1964
2088
2456
2378
2070
1235
-52
-1607
-3012
-3636
-3440
-2931
-2601
-2832
-3616
-4534
-5086
-4577
-3093
-1376
-187
141
-154
-494
-459
391
1814
3117
3707
3456
2754
2127
2126
2832
3740
4332
4292
3595
2622
1897
1937
2753
3874
4894
5473
5565
5431
4973
3249
975
-1603
-3765
-3932
-3121
-1876
-1044
-2211
-4701
-7632
-9400
-8103
-4823
-757
2280
2951
1426
-798
-2038
-889
2524
6098
8358
8251
5793
2750
361
-256
1158
2797
3623
2586
-314
-3519
-6039
-7002
-6392
-5118
-4037
-3695
-4219
-4901
-5134
-4705
-3697
-2298
-1008
116
939
1569
2162
2328
2302
1999
1670
1843
2098
2247
2073
1098
-519
-2449
-3772
-4105
-3703
-2978
-2849
-3286
-4294
-5318
-5445
-4438
-2676
-1083
-120
-2
-304
-499
-128
972
2393
3374
3598
3200
2650
2530
3003
3950
4705
5019
4718
3986
3305
3180
3792
4728
5625
6128
6217
5910
4781
2377
-292
-3158
-4774
-4394
-3404
-1998
-1752
-3506
-6077
-8764
-9297
-7035
-3215
917
3337
3412
1720
-285
-776
1136
4687
7775
9272
8296
5416
2400
162
30
1404
2524
2709
1006
-2057
-5065
-7265
-7751
-7018
-5718
-4656
-4442
-4749
-5131
-5063
-4446
-3307
-1802
-320
993
1852
2528
2905
2900
2639
2217
2156
2363
2543
2486
1773
354
-1611
-3590
-4766
-4869
-4398
-3898
-3905
-4637
-5486
-6146
-5901
-4488
-2637
-991
-247
-97
-202
-91
743
2024
3405
4166
4070
3489
2939
2907
3554
4395
4999
5017
4283
3366
2657
2722
3451
4450
5359
5774
5668
5075
3277
722
-1833
-4056
-4324
-3528
-2320
-1223
-1920
-3965
-6424
-8244
-7484
-4707
-961
2295
3636
2870
896
-649
-514
1924
5092
7610
8291
6693
3960
1191
-373
-15
1190
2255
2102
59
-2666
-5464
-7136
-7176
-6254
-4844
-3801
-3751
-4258
-4740
-4875
-4381
-3129
-1566
89
1307
1867
2094
1916
1743
1629
1571
1993
2375
2380
1822
600
-933
-2514
-3654
-3908
-3675
-3376
-3381
-3996
-4659
-5281
-5177
-4227
-2765
-1447
-714
-516
-560
-285
444
1556
2833
3652
3677
3190
2682
2590
3117
4008
4684
4809
4259
3413
2738
2643
3353
4454
5362
5800
5790
5453
4377
2062
-382
-2854
-3880
-3392
-2473
-1150
-1152
-2874
-5357
-7806
-8077
-5957
-2556
1043
3104
3050
1346
-467
-970
797
3954
6869
8440
7653
5253
2416
255
79
1211
2454
2918
1469
-1261
-4193
-6520
-7213
-6650
-5305
-4070
-3757
-4165
-4884
-5304
-5034
-3938
-2362
-594
830
1541
1889
1869
1778
1806
1857
2333
2831
2805
2478
1380
34
-1328
-2544
-3128
-3239
-3189
-3325
-3880
-4597
-5290
-5488
-4929
-3700
-2315
-1328
-980
-947
-798
-280
858
2195
3464
4001
3780
3241
2799
2916
3688
4611
5153
5073
4291
3267
2656
2722
3602
4681
5614
5899
5513
3916
1211
-1586
-4024
-4423
-3445
-2174
-963
-1457
-3528
-6064
-8164
-7816
-5432
-1911
1399
2929
2592
992
-318
-347
1617
4467
6947
8092
7056
4840
2359
583
432
1343
2354
2599
1087
-1354
-4096
-6230
-6959
-6475
-5183
-4015
-3563
-3814
-4406
-4973
-4898
-3878
-2288
-435
1097
1848
2090
1808
1533
1474
1713
2464
2997
3077
2457
1164
-353
-1671
-2520
-2775
-2738
-2743
-3013
-3754
-4645
-5391
-5390
-4656
-3398
-2133
-1185
-735
-870
-934
-533
571
2082
3376
4106
4107
3419
2590
2281
2772
3851
4808
5107
4623
3667
2730
2486
3028
4215
5567
6344
5983
3678
650
-2430
-4507
-4138
-2785
-1089
-304
-1632
-4186
-7099
-8476
-7253
-4416
-765
1856
2503
1417
-262
-1095
-140
2469
5232
7302
7587
6080
3931
1818
918
1492
2483
3343
2888
833
-1662
-4171
-5607
-5817
-5168
-4144
-3490
-3531
-3985
-4561
-4964
-4653
-3507
-2002
-385
828
1475
1633
1299
1031
1022
1515
2355
2974
3073
2438
1118
-420
-1777
-2459
-2505
-2227
-2112
-2538
-3359
-4435
-5278
-5355
-4518
-3160
-1857
-988
-804
-1052
-1283
-953
190
1899
3531
4429
4492
3920
3108
2716
3170
4262
5386
5905
5640
4801
3872
3389
3799
4854
6017
6303
4554
1553
-2024
-4624
-4894
-3833
-1901
-707
-1709
-4115
-7093
-8756
-7704
-4863
-1218
1456
2339
1466
-195
-1111
-167
2419
5197
7147
7414
6126
4063
2074
1308
1930
2701
3388
2891
1131
-1120
-3577
-5042
-5425
-5010
-4223
-3668
-3665
-4062
-4599
-5045
-4895
-4079
-2699
-1105
118
809
895
545
248
375
1191
2280
3029
3149
2265
808
-564
-1494
-1617
-1322
-972
-1152
-2026
-3276
-4312
-4759
-4359
-3402
-2421
-1692
-1514
-1666
-1693
-1392
-622
396
1545
2564
3182
3411
3401
3505
3640
3898
4319
4803
5120
5237
5143
4865
4684
4737
5037
5425
4861
3021
480
-2527
-3963
-4044
-3185
-1749
-1620
-3033
-5325
-7740
-8200
-6607
-3707
-415
1337
1405
56
-1254
-1422
464
3378
6031
7344
6679
4868
2753
1417
1725
2864
3912
4039
2424
116
-2232
-3859
-4415
-4256
-3703
-3523
-3830
-4464
-4947
-5210
-5015
-4387
-3576
-2555
-1542
-804
-258
109
110
55
253
959
1822
2587
2755
2087
922
-405
-1092
-997
-332
228
0
-995
-2484
-3738
-4194
-3590
-2377
-1310
-968
-1386
-2126
-2511
-1964
-642
968
2167
2605
2497
2174
2282
3011
4006
5078
5599
5546
5213
4955
5059
5665
6366
6811
6241
4096
1444
-1460
-3124
-3142
-2453
-1444
-1361
-2884
-5273
-7671
-8571
-7348
-4912
-1976
-125
174
-893
-2074
-2303
-869
1850
4532
6485
6643
5346
3661
2261
2130
3158
4233
4828
3980
1960
-506
-2776
-3904
-3963
-3429
-2887
-3063
-3915
-4862
-5656
-5951
-5450
-4527
-3432
-2523
-1839
-1314
-946
-709
-511
-226
251
1003
1850
2530
2554
1960
769
-210
-560
-253
398
782
522
-559
-2019
-3283
-3624
-2970
-1850
-965
-777
-1333
-2191
-2711
-2393
-1111
596
2032
2664
2604
2123
1903
2386
3581
5004
6108
6522
6287
5709
5439
5810
6480
6862
5627
3334
161
-2368
-3114
-2762
-1487
-809
-1914
-4202
-7003
-8557
-7825
-5607
-2502
-310
203
-838
-2297
-2868
-1646
1033
3868
5831
6079
4966
3372
2126
2040
3108
4212
4817
4102
2221
23
-1989
-2995
-3205
-3021
-2860
-3155
-3806
-4517
-4983
-5201
-4973
-4476
-3786
-3038
-2374
-1788
-1307
-1028
-713
-352
158
890
1319
1729
1567
1026
331
-165
-128
314
705
608
-60
-1104
-2192
-2793
-2480
-1718
-1067
-1021
-1465
-2247
-2723
-2475
-1475
-101
971
1364
1153
875
960
1633
2830
3917
4625
4839
4695
4714
4987
5810
6785
7417
6772
4657
2013
-765
-2121
-2006
-1056
-29
-333
-2250
-4993
-7525
-8211
-6787
-4208
-1446
-2
-209
-1672
-3060
-3255
-1517
1341
4121
5722
5412
4025
2227
1268
1783
3241
4743
5339
4305
2282
-130
-2024
-2600
-2377
-1687
-1379
-1823
-2944
-4195
-5099
-5350
-4808
-3867
-2812
-2169
-1913
-2024
-2199
-2248
-1929
-1212
-74
1022
1630
1796
1073
122
-775
-1046
-440
669
1477
1467
651
-842
-2245
-2863
-2451
-1358
-301
36
-450
-1594
-2679
-2918
-2089
-617
940
1816
1754
1110
413
415
1274
2647
3945
4811
5055
4881
4653
4868
5667
6289
5904
4548
2153
-58
-1136
-1358
-656
-88
-680
-2355
-4779
-6614
-6693
-5522
-3357
-1466
-739
-1195
-2225
-2866
-2302
-397
1880
3836
4434
3997
3118
2284
2201
2961
3972
4633
4436
3400
1983
524
-308
-736
-887
-987
-1476
-2134
-2794
-3300
-3639
-3762
-3854
-3775
-3530
-3088
-2567
-2073
-1711
-1684
-1729
-1599
-1040
-186
741
1180
1059
568
31
-138
64
512
841
725
157
-649
-1294
-1439
-1237
-879
-758
-1035
-1536
-2138
-2146
-1477
-453
364
682
546
327
350
810
1753
2783
3482
3568
3353
3215
3515
4429
5521
6394
6145
4689
2439
201
-731
-445
430
1098
582
-1260
-3713
-5912
-6532
-5410
-3412
-1506
-890
-1554
-2768
-3711
-3382
-1722
591
2729
3724
3279
2186
1254
1141
2011
3381
4635
5005
4038
2312
650
-380
-325
204
669
568
-350
-1644
-2841
-3503
-3402
-2873
-2431
-2253
-2466
-2826
-3080
-3187
-2985
-2470
-1738
-1009
-571
-436
-503
-730
-906
-745
-155
713
1365
1429
953
103
-704
-1157
-939
-253
400
529
-63
-1127
-2038
-2354
-1921
-829
237
828
803
343
-130
-92
618
1698
2652
3023
2932
2687
2639
2936
3704
4718
5355
5156
4039
2298
547
-356
-225
549
1206
1047
-218
-2175
-4093
-5058
-4634
-3293
-1661
-768
-999
-2044
-3196
-3559
-2660
-861
1179
2561
2674
1915
695
64
465
1659
3003
3785
3590
2579
1091
-114
-455
-121
521
877
591
-313
-1296
-2036
-2319
-2100
-1711
-1502
-1492
-1857
-2312
-2628
-2660
-2431
-2045
-1617
-1392
-1274
-1252
-1420
-1547
-1506
-1133
-398
303
777
876
645
164
-145
-200
145
602
854
708
201
-354
-748
-652
-214
367
747
760
416
101
102
470
1078
1587
1809
1548
1121
886
970
1529
2283
2854
3089
2996
2708
2248
1640
1086
634
644
935
1295
1411
939
47
-991
-1735
-1941
-1527
-812
-138
93
-349
-1186
-2027
-2195
-1647
-553
486
886
641
-111
-834
-1101
-698
79
793
1101
818
142
-575
-946
-840
-389
101
292
268
44
-168
-330
-419
-421
-435
-443
-504
-531
-536
-514
-614
-896
-1238
-1454
-1497
-1428
-1144
-920
-941
-1126
-1347
-1360
-1027
-451
21
246
206
-72
-358
-543
-358
42
415
623
598
445
279
212
268
414
506
473
372
232
106
107
69
3
-167
-371
-548
-596
-484
-224
55
214
266
349
478
670
1109
1715
2316
2723
2866
2751
2510
2259
2120
2254
2506
2635
2400
1917
1320
773
380
182
158
162
98
-121
-313
-563
-894
-1191
-1334
-1313
-1109
-871
-808
-957
-1232
-1372
-1298
-1044
-575
-166
1
-135
-439
-595
-593
-390
-104
175
267
36
-239
-455
-607
-528
-419
-444
-516
-790
-1085
-1319
-1499
-1516
-1399
-1325
-1290
-1268
-1216
-1090
-903
-882
-865
-846
-785
-556
-282
25
164
133
-27
-148
-188
-122
34
175
205
25
-218
-432
-571
-461
-274
-213
-226
-355
-430
-369
-144
250
660
943
1123
1263
1399
1617
2059
2543
2926
3097
3024
2797
2555
2461
2486
2539
2467
2189
1780
1222
716
441
350
294
240
-44
-436
-824
-1151
-1202
-1112
-930
-864
-983
-1190
-1330
-1384
-1279
-956
-668
-475
-495
-608
-746
-719
-597
-361
-64
168
244
131
-46
-273
-377
-476
-374
-283
-322
-545
-977
-1304
-1595
-1632
-1521
-1328
-1165
-1154
-1312
-1460
-1440
-1283
-1098
-810
-429
-140
98
192
198
107
42
47
116
352
627
713
580
198
-290
-724
-856
-633
-248
69
116
-182
-670
-1005
-999
-506
213
958
1371
1287
997
792
884
1444
2273
2979
3271
3124
2693
2179
1997
2186
2486
2661
2539
2108
1417
810
474
469
524
438
143
-245
-632
-929
-949
-779
-530
-435
-546
-750
-879
-847
-714
-554
-462
-444
-429
-471
-418
-235
-96
-6
-4
-72
-75
-92
-63
-136
-250
-420
-600
-639
-609
-637
-785
-1061
-1375
-1611
-1664
-1363
-1052
-836
-910
-1264
-1672
-1827
-1562
-915
-185
288
375
41
-510
-752
-678
-217
372
664
603
206
-354
-850
-1074
-965
-642
-348
-142
-175
-428
-753
-907
-803
-435
33
512
818
936
855
741
704
794
1074
1468
1705
1771
1677
1341
1044
882
982
1218
1410
1471
1234
901
560
298
267
364
607
696
532
246
-83
-189
-80
154
422
534
471
294
117
-14
11
132
178
210
152
79
162
182
202
126
30
-85
-77
13
70
114
-53
-361
-700
-918
-946
-870
-701
-650
-780
-1020
-1286
-1426
-1415
-1262
-1046
-898
-879
-962
-1094
-1075
-929
-666
-418
-243
-134
-153
-250
-363
-304
-210
-112
-84
-224
-359
-497
-608
-609
-540
-394
-244
-189
-113
-110
-127
-119
-3
179
392
657
775
769
652
510
470
624
834
1061
1091
1000
770
569
460
433
604
786
842
664
428
152
-7
-53
90
293
399
407
288
147
64
88
234
448
661
733
732
602
418
312
358
461
674
849
818
651
378
203
127
234
416
559
478
147
-259
-629
-801
-701
-407
-116
-8
-229
-746
-1231
-1493
-1465
-1033
-509
-141
-85
-442
-963
-1295
-1282
-835
-165
353
568
295
-231
-591
-676
-421
96
533
564
289
-217
-660
-824
-699
-302
69
275
191
-50
-303
-466
-327
-56
230
395
412
378
210
58
54
103
281
414
506
496
415
305
229
246
234
267
303
353
339
238
101
-10
-102
-71
37
82
75
-30
-135
-164
-128
57
221
371
346
231
156
157
301
396
524
535
462
343
296
347
427
545
506
326
99
-57
-79
-45
50
99
47
-96
-182
-243
-311
-398
-449
-453
-433
-384
-334
-284
-245
-293
-454
-573
-596
-436
-220
-30
57
-20
-196
-280
-239
-129
52
75
0
-187
-341
-362
-296
-189
16
13
-111
-217
-282
-177
-20
132
103
-37
-202
-294
-186
17
267
364
284
127
-15
-35
107
407
701
823
616
390
198
178
404
754
1001
954
769
347
41
-51
-14
159
327
403
253
-15
-232
-379
-280
-63
158
303
376
302
178
115
67
149
356
570
653
545
276
47
-109
-138
65
344
471
449
239
-64
-333
-540
-350
-71
93
116
-150
-430
-726
-810
-664
-356
-135
-81
-272
-628
-928
-899
-593
-187
153
290
160
-180
-400
-507
-399
-103
282
452
348
65
-248
-425
-315
-27
240
401
318
31
-297
-472
-491
-312
-52
122
187
17
-121
-225
-223
16
317
592
722
749
685
626
592
738
982
1272
1345
1223
875
510
244
176
238
389
426
265
2
-366
-574
-594
-399
-147
8
93
14
-200
-298
-253
-108
73
268
297
191
34
-140
-185
-100
76
290
444
457
321
129
-81
-142
-71
74
175
170
-4
-279
-515
-649
-640
-583
-449
-392
-470
-641
-812
-843
-762
-602
-377
-204
-107
-189
-243
-316
-241
-61
195
421
442
335
99
-78
-73
77
232
386
337
93
-241
-520
-573
-480
-374
-318
-350
-461
-654
-706
-556
-234
88
304
399
390
416
461
777
1113
1423
1541
1414
1239
946
851
825
888
954
853
606
235
-79
-245
-272
-114
-30
-92
-198
-430
-495
-475
-335
-163
-93
-68
-95
-149
-227
-174
-87
85
209
278
352
358
319
222
178
198
228
339
380
344
177
-120
-299
-451
-462
-385
-356
-443
-633
-833
-1041
-1054
-855
-642
-483
-445
-575
-676
-683
-584
-283
22
261
282
205
86
22
158
302
429
477
390
233
23
-88
-185
-284
-308
-386
-410
-469
-514
-603
-718
-751
-701
-516
-358
-133
69
163
226
300
491
729
1062
1270
1325
1207
1101
1034
1065
1156
1155
1097
832
459
260
183
237
392
362
207
-127
-378
-434
-446
-251
19
70
25
-257
-483
-478
-297
23
290
510
507
418
300
235
266
471
632
695
654
557
473
321
161
38
-64
-195
-254
-341
-350
-358
-443
-588
-708
-837
-845
-686
-494
-297
-300
-359
-449
-440
-300
-89
180
397
466
442
312
171
228
323
414
361
280
88
-123
-369
-481
-507
-527
-471
-556
-643
-735
-850
-887
-817
-632
-395
-206
-36
119
208
223
317
483
732
935
989
1060
1161
1123
1020
915
908
822
751
668
560
418
256
152
-15
-173
-231
-313
-399
-385
-412
-445
-512
-512
-468
-389
-221
-60
127
318
437
471
523
580
646
745
848
858
829
713
617
524
441
374
198
-76
-327
-525
-629
-660
-635
-654
-787
-1005
-1181
-1239
-1123
-847
-565
-385
-370
-387
-473
-366
-135
237
598
774
779
617
414
302
253
335
411
353
124
-245
-495
-716
-753
-725
-755
-730
-820
-1000
-1074
-993
-773
-563
-387
-255
-152
-92
3
188
395
561
756
867
906
922
904
929
898
893
829
740
711
635
529
339
130
-84
-214
-240
-277
-294
-350
-484
-679
-800
-786
-613
-390
-170
-14
26
56
113
286
539
752
937
1015
1010
1000
915
906
894
901
807
643
443
211
5
-172
-310
-512
-679
-808
-921
-1001
-1003
-1031
-1050
-982
-956
-895
-779
-565
-387
-260
-148
7
179
256
433
532
534
482
357
263
153
79
25
-48
-200
-430
-615
-779
-870
-803
-735
-616
-605
-685
-698
-628
-452
-218
-50
94
128
220
343
432
620
794
915
1020
1022
1061
1028
995
968
919
871
755
696
548
368
195
-33
-213
-292
-345
-364
-430
-512
-668
-760
-790
-725
-433
-220
-27
82
176
237
287
496
714
976
1137
1181
1103
1063
935
912
875
760
726
464
236
-48
-292
-530
-716
-828
-963
-1061
-1151
-1207
-1208
-1135
-1048
-940
-807
-668
-522
-366
-186
10
191
382
473
519
522
487
449
411
381
293
181
94
20
-235
-432
-671
-704
-677
-685
-701
-694
-746
-840
-809
-734
-516
-291
-75
5
92
105
141
290
519
771
997
1064
1066
989
981
990
969
988
967
926
802
582
351
138
-56
-204
-325
-390
-502
-609
-752
-853
-893
-905
-831
-643
-462
-362
-276
-171
-71
80
292
482
709
836
903
939
860
806
808
785
663
571
405
299
85
-118
-326
-565
-712
-839
-859
-885
-871
-929
-963
-904
-884
-750
-562
-381
-229
-144
-23
95
217
357
447
516
553
482
390
322
326
343
272
135
-46
-249
-414
-504
-544
-535
-531
-641
-720
-849
-837
-681
-466
-229
-98
-1
2
-18
124
328
524
792
983
1081
1003
953
914
981
1027
1113
1040
905
741
470
276
75
-33
-180
-302
-419
-619
-750
-866
-930
-964
-916
-823
-809
-711
-610
-489
-346
-143
50
235
424
574
745
818
874
862
909
874
811
714
616
519
367
190
-27
-201
-405
-476
-534
-562
-622
-754
-717
-744
-736
-587
-440
-301
-232
-168
-105
-4
165
332
465
498
537
405
335
339
370
461
438
307
111
-115
-309
-405
-393
-388
-422
-507
-680
-833
-860
-822
-614
-400
-331
-226
-238
-225
-84
156
451
679
796
848
863
882
959
1054
1183
1267
1224
1052
864
634
464
405
366
275
111
-36
-244
-471
-656
-782
-769
-691
-651
-626
-635
-616
-588
-460
-248
-13
216
422
564
592
695
735
840
992
1063
1083
972
774
539
384
271
131
31
-143
-361
-600
-866
-970
-984
-951
-901
-866
-856
-852
-879
-871
-753
-580
-403
-209
-38
47
7
-20
-6
89
237
313
441
344
222
9
-167
-303
-367
-424
-449
-469
-627
-802
-929
-1027
-989
-862
-712
-624
-577
-516
-476
-388
-205
92
318
522
634
685
705
739
814
962
1065
1118
1031
898
762
653
538
414
339
268
107
-38
-205
-363
-471
-615
-703
-698
-674
-616
-575
-583
-516
-440
-322
-85
119
317
445
449
444
484
535
600
489
211
-245
-611
-730
-550
-162
13
-70
-465
-894
-1124
-1051
-763
-501
-366
-457
-546
-610
-529
-383
-258
-60
75
103
87
-71
-277
-371
-297
-44
178
277
98
-277
-524
-537
-383
-112
3
34
-120
-374
-611
-894
-851
-629
-303
-55
-59
-312
-657
-778
-625
-271
195
465
501
392
104
47
170
440
741
904
894
834
872
980
1112
1170
1128
1088
1040
1096
1075
946
649
327
34
-197
-213
-246
-206
-193
-256
-409
-512
-583
-426
15
419
661
747
661
572
629
754
946
1105
1283
1286
1096
941
769
755
690
624
505
339
255
69
-176
-494
-679
-799
-810
-674
-623
-602
-640
-711
-705
-670
-490
-201
84
351
451
489
453
402
451
502
630
726
692
556
386
236
115
84
6
-14
-175
-386
-542
-624
-607
-577
-540
-631
-687
-631
-529
-300
-94
90
191
174
254
368
469
658
855
888
914
907
842
890
904
796
592
425
355
341
295
305
183
-5
-200
-366
-405
-343
-329
-330
-296
-357
-367
-359
-208
50
257
422
437
407
386
363
471
645
839
927
851
645
486
292
146
66
66
-29
-112
-295
-562
-803
-999
-993
-950
-809
-813
-844
-897
-945
-887
-741
-544
-332
-169
-82
-4
-16
45
193
284
387
442
459
375
293
261
133
14
-57
-160
-260
-395
-603
-778
-936
-939
-912
-892
-865
-872
-903
-898
-824
-679
-437
-255
-116
-17
3
95
266
405
542
635
605
574
508
469
490
498
501
394
337
208
33
-81
-169
-222
-335
-352
-377
-466
-545
-654
-642
-561
-427
-232
-116
11
75
166
220
380
563
784
923
939
876
714
549
473
525
566
501
316
118
-137
-306
-385
-298
-206
-173
-304
-589
-798
-930
-796
-528
-285
-136
-110
-213
-246
-180
-36
231
483
606
672
636
565
503
375
332
212
162
121
2
-41
-178
-307
-442
-511
-487
-472
-408
-389
-406
-454
-464
-432
-393
-262
-106
32
97
128
219
280
363
504
645
719
808
839
806
829
696
607
553
529
494
406
374
242
104
-79
-263
-350
-362
-300
-282
-311
-362
-454
-512
-490
-311
-120
102
240
297
372
439
510
604
669
811
831
863
852
737
655
507
395
250
112
40
-62
-205
-380
-560
-654
-725
-731
-646
-604
-569
-552
-554
-515
-430
-318
-155
11
149
142
179
269
307
392
472
456
365
250
90
8
-52
-35
-57
-154
-311
-453
-543
-627
-667
-622
-529
-498
-424
-386
-491
-499
-534
-366
-105
133
435
486
493
493
446
491
654
854
1031
1065
986
770
521
335
244
253
293
227
50
-166
-461
-561
-633
-584
-486
-471
-528
-608
-628
-697
-582
-365
-148
18
177
211
291
356
387
471
525
575
534
470
365
216
77
-40
-201
-342
-437
-476
-560
-657
-727
-748
-783
-763
-718
-702
-652
-731
-738
-680
-546
-361
-262
-182
-146
-113
-88
-1
104
214
236
268
232
185
120
27
36
8
-41
-123
-254
-404
-456
-492
-443
-376
-318
-260
-276
-272
-197
-123
-46
33
114
270
364
486
527
625
692
710
736
741
784
807
844
735
622
520
465
364
304
206
104
37
-113
-289
-372
-414
-433
-441
-402
-322
-227
-123
-34
49
118
190
265
329
438
537
578
599
592
511
460
382
342
319
357
364
220
161
-35
-245
-423
-505
-576
-561
-551
-544
-614
-713
-756
-770
-643
-584
-440
-321
-208
-107
-46
-1
66
106
129
150
174
182
208
272
256
195
112
47
-97
-134
-183
-204
-300
-358
-428
-425
-417
-431
-400
-357
-283
-193
-56
24
128
272
396
508
615
749
847
920
935
914
863
791
789
775
800
753
682
516
358
250
151
87
63
12
-4
-21
-143
-188
-215
-181
-114
12
149
220
273
274
248
283
376
478
544
543
518
476
454
382
354
415
362
267
108
-17
-84
-185
-173
-200
-295
-400
-469
-546
-568
-556
-567
-527
-483
-440
-375
-392
-358
-292
-243
-174
-140
-72
43
116
132
181
172
155
154
145
135
14
-82
-234
-356
-427
-545
-565
-577
-560
-538
-571
-578
-588
-553
-445
-251
-109
19
66
113
117
166
331
432
561
600
647
584
562
626
652
750
697
585
469
269
100
-25
-45
-84
-133
-178
-267
-305
-333
-314
-248
-209
-110
-64
-68
102
210
315
408
432
440
469
503
544
534
504
450
350
278
187
156
73
27
39
-38
-173
-274
-312
-349
-380
-398
-392
-440
-433
-463
-461
-435
-372
-313
-284
-265
-214
-53
62
122
159
134
120
74
65
50
50
33
-49
-174
-327
-521
-567
-570
-592
-524
-554
-500
-525
-507
-519
-510
-431
-399
-268
-207
-93
-16
83
145
118
178
207
263
371
465
535
606
578
473
385
331
251
276
271
262
207
85
54
-35
-80
-103
-35
17
3
-31
-67
-49
-16
24
93
143
165
223
274
249
274
348
463
540
531
493
423
331
302
295
284
286
226
126
-34
-167
-256
-285
-266
-277
-239
-293
-331
-356
-411
-407
-329
-279
-247
-229
-210
-218
-137
-51
49
114
118
163
38
13
31
102
84
-37
-182
-304
-379
-417
-351
-392
-387
-490
-600
-609
-568
-480
-365
-340
-350
-310
-283
-226
-100
37
145
211
214
254
235
244
336
416
405
360
334
267
239
227
252
278
221
189
80
-4
21
50
14
-39
-47
-84
-128
-157
-123
-67
-18
67
116
105
137
160
167
202
230
267
339
358
346
282
207
185
165
116
140
166
145
69
-10
-9
-63
-66
-120
-147
-238
-298
-340
-392
-408
-347
-319
-300
-238
-202
-134
-67
-37
-8
36
29
61
71
77
4
-73
-90
-126
-66
-111
-131
-150
-238
-265
-354
-358
-383
-357
-272
-300
-300
-311
-264
-238
-193
-76
-4
99
77
110
158
191
210
244
286
324
362
336
319
275
285
218
188
134
97
128
108
58
7
-54
-81
-123
-104
-77
-72
-73
-103
-55
-66
-30
29
90
67
48
36
49
68
96
165
205
216
213
214
212
193
179
145
86
3
-59
-99
-174
-244
-286
-360
-424
-449
-399
-367
-381
-390
-338
-365
-366
-289
-315
-313
-272
-222
-169
-95
-60
-35
-48
-53
-36
-3
44
37
25
-36
-88
-67
-126
-137
-159
-171
-164
-163
-162
-201
-213
-204
-123
-44
26
125
202
188
231
271
291
313
320
408
457
556
600
613
582
529
465
400
392
400
433
370
356
341
294
214
153
81
21
3
7
-1
64
56
18
1
-5
0
-9
32
52
105
155
140
143
180
171
228
296
303
253
139
99
81
53
93
145
77
-13
-134
-201
-218
-244
-212
-220
-221
-238
-290
-286
-285
-264
-257
-206
-248
-231
-152
-97
-76
-35
-34
-48
-44
-2
43
88
132
104
82
43
17
-10
21
2
-11
-57
-90
-160
-186
-123
-30
32
109
147
101
195
197
206
258
307
328
349
375
328
370
395
435
435
441
402
387
321
264
296
210
193
108
76
68
31
-18
-7
-63
-33
22
-33
16
12
-12
-32
-42
-17
-6
-7
4
24
53
105
165
209
250
197
139
92
45
33
23
37
9
-26
-83
-187
-280
-355
-360
-322
-370
-281
-280
-303
-339
-385
-358
-306
-297
-304
-278
-253
-183
-113
-26
25
20
-2
-4
13
86
76
56
27
-32
-60
-62
-99
-106
-98
-121
-160
-165
-245
-258
-199
-191
-106
-60
-7
74
131
162
220
217
216
244
287
352
340
380
407
423
375
327
237
224
176
178
223
197
186
85
48
-17
-92
-104
-64
-26
-28
-16
-40
-89
-107
-140
-67
-21
-16
-3
26
38
60
77
114
169
197
244
231
227
208
218
191
154
125
66
18
-117
-195
-252
-294
-335
-321
-273
-230
-316
-384
-378
-370
-323
-289
-252
-247
-176
-177
-101
-31
21
50
56
32
-15
-66
-55
-44
-25
-37
-94
-91
-150
-129
-115
-86
-120
-184
-223
-243
-212
-185
-132
-82
-33
-18
7
40
63
150
258
304
341
327
309
333
377
411
391
407
385
315
285
254
237
234
207
124
90
50
-31
41
36
95
151
95
84
19
43
72
106
169
227
251
250
267
236
259
272
302
347
360
347
276
254
204
125
121
74
42
33
-10
-108
-139
-159
-204
-166
-145
-172
-198
-247
-315
-271
-284
-274
-208
-174
-130
-45
-48
-70
-74
-13
12
64
67
55
41
-45
-62
-82
-95
-133
-93
-143
-167
-229
-274
-263
-227
-182
-151
-150
-127
-85
-96
-38
0
27
86
105
123
132
173
234
262
313
367
386
362
319
280
253
206
161
140
139
137
114
51
-18
-34
-4
-20
5
-16
-39
-74
-68
-18
-44
17
19
33
109
152
145
196
210
184
251
239
218
165
99
97
76
83
109
46
-24
-108
-170
-240
-319
-304
-304
-282
-269
-330
-370
-381
-389
-394
-369
-280
-225
-175
-215
-265
-217
-220
-158
-100
-4
-3
-70
-58
-99
-78
-84
-96
-127
-156
-200
-252
-320
-355
-337
-331
-353
-370
-319
-305
-341
-251
-221
-168
-149
-85
-22
-12
8
74
153
137
157
112
117
185
252
206
169
157
178
211
198
164
174
150
85
20
0
-15
18
31
72
65
31
68
44
21
67
154
151
158
187
196
196
199
226
162
198
247
184
139
134
135
93
70
30
7
-22
-39
-33
3
-41
-110
-143
-160
-151
-161
-113
-25
-16
-18
-35
-6
73
99
87
106
125
68
103
126
182
213
237
150
40
58
-17
3
18
1
-15
-37
-74
-121
-120
-172
-139
-87
-63
-56
-73
-43
-6
-5
51
85
116
172
221
239
235
263
236
239
232
269
242
175
178
131
124
109
123
76
33
23
-52
-77
-72
-34
-12
9
-22
-55
-111
-135
-58
4
57
34
42
80
91
75
148
183
204
198
190
215
186
178
146
95
88
73
37
49
28
-19
-56
-141
-187
-187
-239
-232
-239
-193
-205
-235
-226
-234
-176
-101
-90
-35
-34
-31
6
-14
-16
6
29
39
-3
-40
0
-4
-20
5
-9
-62
-86
-78
-91
-115
-137
-201
-223
-176
-208
-186
-171
-156
-162
-126
-55
-8
49
19
-12
20
59
95
141
184
197
138
105
130
110
106
118
155
130
85
1
-22
-58
-31
2
9
29
-28
-63
-96
-52
14
47
111
64
20
65
65
101
100
102
144
154
144
91
82
120
84
59
29
-5
-81
-120
-100
-59
-56
-147
-164
-190
-238
-190
-177
-138
-138
-191
-249
-259
-215
-195
-94
-33
4
7
-23
-6
34
47
99
135
96
78
22
-28
-8
17
31
32
14
6
-49
-64
-87
-99
-70
-69
12
-39
15
55
40
69
94
143
195
232
279
292
246
293
312
364
363
349
328
274
285
248
230
269
200
130
103
83
55
22
12
-15
-59
-69
-93
-71
-30
9
60
76
123
115
105
105
117
138
165
210
187
166
145
96
137
143
104
90
38
-27
-7
-60
-78
-124
-172
-157
-254
-264
-285
-314
-299
-249
-255
-245
-240
-244
-227
-284
-193
-103
-76
-42
-52
-25
1
45
83
113
91
44
30
-65
-56
-55
-35
-70
-84
-126
-185
-192
-211
-235
-190
-124
-63
-51
-9
-26
-20
66
77
145
118
160
191
245
296
311
286
247
258
223
218
248
218
215
189
137
118
86
129
97
60
-11
-10
-64
-33
-1
2
52
16
49
42
84
108
148
184
195
147
156
153
134
196
204
175
187
174
133
85
-14
-82
-85
-71
-116
-146
-154
-244
-317
-362
-385
-339
-288
-219
-238
-237
-249
-254
-244
-201
-127
-47
-16
-30
-14
-54
-46
-41
-42
16
23
47
-69
-129
-122
-128
-91
-77
-119
-154
-182
-210
-242
-284
-198
-163
-106
-43
-33
-44
-6
-3
68
167
228
329
309
265
261
341
332
334
382
373
379
312
281
239
200
174
159
173
132
99
32
19
59
52
89
143
150
117
111
100
145
175
181
284
281
301
315
274
268
299
293
318
353
339
304
212
162
140
105
103
91
-45
-87
-121
-153
-228
-246
-210
-203
-179
-193
-215
-213
-170
-128
-61
-86
-23
36
6
23
33
19
44
85
52
58
41
-8
1
-95
-103
-72
-126
-145
-152
-171
-192
-190
-211
-172
-195
-174
-142
-123
-86
-50
-3
3
73
139
188
210
252
249
206
264
257
302
306
274
259
222
219
145
110
111
94
51
61
47
5
-28
-74
-70
-75
-45
-19
4
