-139
-116
-113
-136
-119
-126
-115
-109
-115
-76
-76
-98
-94
-78
-87
-63
-84
-65
-64
-59
-36
-54
-50
-71
-86
-71
-59
-76
-46
-139
-103
-98
-168
-151
-159
-161
-157
-137
-132
-92
-80
-94
-101
-139
-109
-149
-111
-63
-117
-130
-136
-138
-150
-115
-143
-136
-106
-123
-144
-147
-196
-177
-162
-192
-188
-155
-159
-163
-143
-172
-167
-174
-162
-171
-125
-111
-128
-126
-126
-151
-149
-149
-168
-156
-167
-191
-200
-173
-176
-146
-168
-188
-119
-108
-115
-116
-125
-94
-94
-104
-78
-50
-48
-64
-54
-72
-51
-54
-51
-49
-59
-73
-58
-76
-74
-58
-112
-88
-60
-77
-36
-53
-84
-43
-61
-118
-115
-87
-40
-36
-49
-77
-112
-111
-74
-5
-54
-62
-39
-97
-80
-126
-114
-125
-145
-168
-173
-141
-162
-161
-167
-167
-191
-139
-180
-210
-176
-179
-159
-149
-147
-133
-222
-207
-174
-175
-180
-138
-125
-125
-136
-131
-109
-127
-121
-101
-74
-66
-66
-70
-59
-84
-63
-95
-103
-86
-116
-103
-126
-128
-96
-79
-70
-80
-107
-61
-78
-49
-53
-91
-95
-113
-123
-142
-165
-223
-282
-428
-657
-742
-885
-988
-789
-494
-79
222
541
807
826
679
520
213
-148
-445
-628
-679
-703
-509
-251
-3
204
371
425
285
199
-66
-311
-508
-702
-749
-751
-682
-529
-321
-87
66
162
277
208
113
-31
-195
-304
-361
-412
-406
-276
-181
-53
87
170
194
220
159
10
-121
-294
-422
-463
-403
-312
-230
-101
51
130
185
189
160
101
-2
-91
-231
-283
-369
-405
-374
-250
-269
-254
-244
-333
-338
-305
-231
-148
-9
131
313
433
537
624
590
478
317
140
-41
-178
-306
-296
-253
-138
17
86
176
247
224
142
-26
-198
-287
-438
-512
-530
-474
-419
-286
-192
-52
90
137
231
221
210
186
87
83
16
-57
-90
-188
-182
-240
-203
-168
-196
-124
-16
18
49
53
68
110
53
32
-6
-32
-26
-28
-59
-52
-9
20
14
16
-1
10
-65
-106
-77
-139
-131
-83
-78
-63
-63
-106
-77
-138
-130
-163
-142
-155
-156
-111
-75
-33
14
20
15
8
-64
-120
-192
-174
-251
-258
-232
-232
-200
-221
-163
-153
-154
-171
-191
-209
-201
-228
-240
-207
-181
-173
-197
-130
-159
-165
-116
-125
-90
-69
-39
2
-18
15
41
23
2
-40
-111
-179
-234
-298
-309
-348
-383
-479
-673
-721
-930
-962
-858
-660
-250
97
512
888
955
1061
901
669
334
-37
-208
-396
-415
-327
-155
-60
108
158
80
-100
-386
-580
-862
-997
-996
-916
-758
-584
-334
-53
122
98
-25
-221
-549
-770
-887
-720
-430
19
643
1087
1353
1545
1548
1238
791
223
-348
-923
-1316
-1513
-1483
-1252
-854
-363
53
317
493
540
406
208
-48
-320
-496
-635
-583
-429
-178
50
373
582
611
633
474
298
18
-157
-295
-323
-300
-262
-123
-78
-18
26
71
24
-58
-109
-229
-371
-480
-459
-332
-160
25
203
307
335
265
187
101
-42
-112
-202
-276
-329
-329
-291
-171
-44
34
100
51
64
-85
-189
-272
-387
-389
-408
-356
-333
-349
-407
-534
-655
-866
-1020
-1055
-992
-812
-558
-205
323
759
1147
1517
1569
1502
1171
760
341
-161
-505
-759
-864
-1016
-876
-710
-694
-513
-475
-356
-384
-517
-550
-641
-653
-517
-380
-56
206
473
742
922
932
909
799
556
388
169
35
-175
-286
-360
-414
-441
-491
-502
-557
-596
-682
-722
-689
-576
-506
-367
-313
-225
-89
-8
120
129
172
157
98
-35
-87
-178
-284
-287
-263
-186
-140
-114
-111
-179
-234
-211
-281
-413
-425
-479
-456
-425
-407
-269
-244
-96
-28
-29
51
42
21
-16
-41
-110
-61
-38
-4
29
-28
-1
-47
-114
-231
-273
-339
-386
-430
-530
-527
-683
-670
-629
-584
-513
-459
-339
-234
-151
-14
110
153
215
172
200
144
71
29
40
19
55
26
-23
-13
-94
-58
-67
-63
9
14
-26
12
69
107
183
265
367
428
449
474
451
429
425
319
301
254
163
144
-2
-95
-90
-136
-150
-162
-124
-138
-151
-201
-245
-220
-225
-243
-333
-358
-447
-532
-568
-567
-632
-643
-711
-731
-771
-812
-777
-775
-790
-791
-750
-765
-747
-730
-783
-766
-824
-838
-863
-925
-945
-936
-891
-826
-752
-708
-654
-656
-600
-555
-561
-528
-584
-562
-518
-570
-530
-506
-507
-427
-315
-240
-86
34
157
282
301
464
510
601
738
846
915
970
1040
1046
1137
1151
1250
1325
1439
1552
1713
1957
2105
2319
2523
2662
2736
2817
2782
2777
2687
2451
2356
2029
1644
1164
424
-432
-1550
-2780
-3832
-4694
-5117
-5024
-4552
-3611
-2494
-1324
-173
760
1546
2132
2442
2644
2620
2360
1981
1544
1098
706
395
97
-301
-787
-1400
-2119
-2814
-3486
-3982
-4201
-4166
-3750
-3216
-2472
-1614
-803
-82
467
900
1068
995
735
318
-131
-546
-971
-1250
-1484
-1759
-1990
-2164
-2286
-2239
-2110
-1852
-1581
-1315
-1058
-788
-559
-370
-117
63
225
260
255
54
-123
-280
-296
-204
-56
133
334
446
542
549
563
478
308
190
4
-98
-226
-297
-206
-100
62
322
502
719
869
969
1132
1258
1420
1765
1889
2072
2301
2242
2416
2621
2866
3426
3838
4427
5104
5547
6070
5835
4456
2162
-1405
-5143
-8433
-11106
-11846
-11207
-9192
-6055
-3213
-312
2125
3735
5140
5881
6097
5954
4936
3679
2270
832
146
-225
-121
256
274
-96
-1222
-2903
-4604
-6179
-7109
-7246
-6640
-5268
-3558
-1700
142
1893
3559
4781
5528
5539
4766
3460
1679
-243
-1821
-2931
-3420
-3474
-3508
-3397
-3454
-3485
-3410
-3351
-2971
-2432
-1854
-1130
-560
15
708
1165
1685
2054
1904
1539
793
-127
-973
-1655
-1911
-1729
-1241
-672
-100
261
525
659
590
429
130
-206
-606
-959
-1250
-1309
-1038
-502
162
789
1302
1727
1926
1986
2081
2138
2192
2273
2315
2358
2356
2455
2642
2972
3510
4159
4756
5220
5648
5953
5629
4032
1220
-2664
-6792
-10380
-12853
-13402
-12101
-9381
-5641
-1883
1509
4389
6456
8057
8765
8569
7709
5806
3486
1037
-1134
-2358
-2881
-2696
-2170
-1995
-2202
-3159
-4578
-5775
-6653
-6835
-6317
-5206
-3509
-1567
446
2526
4467
6210
7364
7637
6820
5050
2724
99
-2246
-3961
-4989
-5244
-5065
-4859
-4627
-4439
-4234
-3827
-3332
-2741
-2118
-1392
-573
220
1089
1973
2777
3363
3444
2911
1831
330
-1215
-2496
-3403
-3645
-3306
-2544
-1585
-679
136
782
1238
1306
1120
596
-85
-831
-1543
-1902
-1812
-1341
-564
317
1095
1698
2103
2211
2185
2149
2097
1918
1818
1650
1563
1615
1747
2186
2703
3333
4115
4935
5673
6254
6484
6452
5800
4155
1383
-2451
-6893
-10756
-13495
-14310
-13121
-10408
-6349
-2011
2008
5568
8137
9811
10734
10382
9211
7020
4071
1162
-1640
-3535
-4356
-4550
-4116
-3746
-3744
-4132
-4998
-5794
-6093
-5883
-4987
-3636
-1930
47
2069
4080
5838
7132
7852
7669
6367
4170
1380
-1385
-3860
-5540
-6475
-6594
-6022
-5339
-4549
-3737
-2987
-2190
-1518
-1002
-515
-311
100
677
1285
2058
2642
2919
2810
1989
722
-775
-2304
-3340
-3931
-3938
-3410
-2706
-1725
-752
224
976
1469
1633
1296
688
-126
-1012
-1610
-1845
-1620
-1050
-334
427
1048
1408
1597
1582
1353
1150
837
603
493
507
701
1029
1493
2026
2498
2918
3258
3581
3964
4350
4855
5464
5903
6186
6029
5229
3529
551
-3480
-7857
-11622
-13982
-14525
-13095
-10081
-5969
-1436
2790
6490
9376
11208
11942
11281
9394
6421
2779
-627
-3447
-5171
-5751
-5622
-4926
-4220
-3975
-3938
-4189
-4365
-4144
-3652
-2786
-1636
-284
1365
3169
4906
6338
7260
7406
6545
4620
2004
-955
-3679
-5819
-7204
-7709
-7460
-6613
-5450
-4092
-2657
-1314
43
1095
1736
2193
2175
2112
1968
1722
1597
1118
384
-422
-1615
-2675
-3451
-3907
-3741
-3314
-2590
-1636
-638
355
1162
1632
1905
1822
1232
348
-751
-1672
-2262
-2398
-2087
-1331
-381
562
1338
1810
2132
2207
2021
1732
1308
878
585
316
186
369
829
1373
2064
2720
3421
4174
4817
5538
6197
6646
6889
6595
5521
3271
-190
-4378
-8792
-12257
-14119
-14157
-12172
-8879
-4724
-258
3794
7499
10207
11874
12498
11514
9222
5855
1963
-1564
-4338
-5924
-6320
-6069
-5392
-4804
-4524
-4416
-4331
-4082
-3574
-2850
-1904
-870
296
1769
3333
4991
6407
7199
7100
5977
3841
1094
-1779
-4236
-5939
-6876
-7059
-6731
-5989
-4941
-3712
-2334
-1017
282
1304
1820
1978
1760
1521
1512
1409
1358
1247
755
139
-815
-1790
-2597
-3163
-3240
-3043
-2656
-2052
-1368
-576
249
846
1229
1306
1010
445
-389
-1028
-1423
-1419
-1015
-433
254
903
1535
1883
1968
1905
1595
1030
262
-520
-1044
-1263
-1038
-469
424
1488
2610
3501
4217
4827
5359
5955
6332
6622
6593
6181
5595
4249
1925
-1244
-5382
-9491
-12608
-14432
-14198
-12095
-8761
-4331
101
4320
8160
10820
12545
13123
12009
9656
5991
1702
-2064
-5164
-6928
-7497
-7325
-6491
-5650
-5043
-4518
-4022
-3342
-2402
-1416
-382
544
1468
2584
3770
4930
5939
6413
6098
4815
2737
201
-2397
-4623
-6132
-6936
-7050
-6588
-5760
-4572
-3200
-1603
26
1382
2372
2659
2422
1780
1016
531
64
-190
-478
-876
-1318
-1968
-2528
-3002
-3054
-2755
-2321
-1786
-1299
-748
-208
295
731
1007
1010
735
142
-626
-1317
-1615
-1577
-1231
-551
200
883
1428
1691
1802
1688
1291
673
-146
-920
-1405
-1614
-1280
-626
321
1587
2706
3865
4726
5357
6055
6503
6802
6892
6577
6004
4894
2827
-85
-3913
-8108
-11687
-14126
-14800
-13510
-10795
-6842
-2314
2111
6426
9889
12336
13728
13425
11616
8442
4229
172
-3376
-5932
-7115
-7577
-7367
-6813
-6338
-5747
-5093
-4280
-3124
-1971
-845
191
1173
2350
3651
5065
6347
7052
7049
6061
4048
1472
-1208
-3561
-5262
-6323
-6789
-6631
-5967
-4927
-3453
-1714
46
1697
2842
3150
2753
1775
658
-169
-696
-974
-1127
-1314
-1486
-1756
-1931
-2030
-2057
-1761
-1399
-1141
-916
-789
-549
-148
248
579
664
457
13
-645
-1233
-1552
-1471
-1023
-346
376
1010
1564
1946
2074
2039
1712
1071
283
-524
-1112
-1366
-1133
-377
613
1775
3083
4048
4911
5655
6179
6676
6875
6841
6429
5581
4147
1708
-1701
-5772
-9934
-12970
-14642
-14396
-12237
-8945
-4479
131
4474
8620
11642
13605
14311
13107
10645
6857
2269
-1817
-5244
-7391
-8182
-8431
-7946
-7238
-6605
-5713
-4927
-3790
-2469
-1392
-227
748
1617
2851
4188
5466
6509
6895
6493
5137
2928
350
-2148
-4209
-5644
-6555
-6927
-6732
-6006
-4769
-3213
-1376
444
1845
2667
2702
2058
1084
164
-533
-866
-1090
-1270
-1370
-1590
-1642
-1631
-1477
-1241
-1040
-935
-954
-1078
-1167
-1022
-852
-545
-438
-474
-622
-997
-1199
-1130
-767
-191
441
1172
1676
2036
2299
2313
2177
1802
1112
285
-680
-1464
-1791
-1719
-988
65
1223
2696
3861
4923
5973
6681
7285
7472
7140
6525
5226
3147
218
-3641
-7949
-11764
-14417
-15327
-14104
-11296
-7143
-2346
2291
6670
10283
12674
14037
13766
11993
9018
4722
361
-3594
-6667
-8339
-8863
-8602
-7711
-6727
-5710
-4606
-3621
-2414
-1195
-183
812
1625
2439
3534
4573
5638
6279
6150
5337
3711
1524
-857
-3115
-4891
-6004
-6563
-6513
-5869
-4708
-3200
-1508
103
1581
2630
2900
2624
1714
663
-155
-821
-1166
-1294
-1461
-1406
-1338
-1255
-1028
-842
-604
-515
-601
-847
-1061
-1209
-1177
-1106
-1057
-960
-1033
-1167
-1317
-1257
-935
-393
236
890
1535
2035
2468
2670
2619
2386
1871
1041
80
-914
-1622
-1787
-1481
-712
417
1711
3024
4294
5515
6689
7590
8067
8104
7393
6006
3464
-242
-4593
-9366
-13089
-15356
-15954
-14118
-10919
-6523
-1253
3485
8073
11745
13843
14935
14015
11338
7679
2961
-1458
-5053
-7784
-9034
-9321
-8793
-7396
-5984
-4401
-2808
-1548
-341
422
699
1020
1310
1846
2815
3722
4560
5115
4970
4245
2794
853
-1110
-3074
-4724
-5984
-6650
-6643
-5859
-4361
-2436
-347
1473
2793
3367
3139
2330
1064
-316
-1399
-2291
-2822
-3039
-2802
-2183
-1364
-397
477
1042
1326
1111
611
-38
-791
-1224
-1577
-1844
-1996
-2189
-2320
-2302
-2170
-1746
-1087
-346
401
994
1569
2087
2545
2905
3076
2865
2310
1535
532
-464
-1259
-1572
-1441
-844
92
1355
2714
4146
5609
6904
7962
8458
8247
7277
5239
1910
-2230
-7090
-11535
-14447
-15848
-15035
-12430
-8764
-3826
1080
5665
9941
12709
14279
14228
11996
8677
4260
-412
-4126
-7026
-8661
-9056
-8962
-8014
-6665
-5223
-3360
-1679
-134
1160
1726
1902
1822
1717
2164
2735
3330
3778
3693
3042
1863
309
-1335
-2788
-4029
-4919
-5528
-5700
-5359
-4342
-2766
-887
992
2525
3514
3627
2903
1727
256
-1131
-2136
-2877
-3300
-3325
-2998
-2235
-1219
-72
980
1738
2080
1971
1408
663
2
-674
-1260
-1809
-2246
-2573
-2803
-2804
-2565
-2035
-1228
-370
469
1191
1864
2440
2761
2904
2825
2437
1858
1151
338
-293
-721
-922
-621
-35
897
2085
3307
4635
5874
6806
7373
7494
6959
5796
3383
-260
-4703
-9480
-13138
-15164
-15311
-13234
-9795
-5389
-392
4136
8339
11715
13692
14411
13202
10143
6056
1148
-3326
-6654
-8874
-9603
-9391
-8400
-6825
-5267
-3519
-1624
-21
1494
2524
2769
2727
2536
2467
2686
2964
3157
3105
2501
1438
-22
-1652
-3137
-4285
-5071
-5451
-5529
-5166
-4201
-2709
-910
883
2426
3422
3814
3455
2459
1067
-398
-1794
-2912
-3677
-4125
-3954
-3291
-2293
-1061
81
1061
1761
1932
1849
1433
904
386
-373
-1173
-2022
-2773
-3256
-3431
-3180
-2614
-1841
-878
17
805
1680
2430
2962
3214
3048
2623
1861
1015
267
-314
-523
-457
-163
354
1068
2036
3166
4332
5565
6537
6929
7082
6576
5632
3911
922
-2757
-7134
-11062
-13704
-14814
-13729
-10913
-6907
-2030
2678
6929
10631
12931
13956
13446
11037
7328
2586
-2284
-6243
-9132
-10485
-10440
-9520
-7675
-5541
-3367
-1134
832
2431
3445
3656
3436
3021
2610
2471
2523
2593
2557
2086
1161
-118
-1672
-3152
-4482
-5545
-6222
-6379
-5986
-4938
-3330
-1226
994
2873
4169
4712
4514
3444
1907
146
-1607
-2992
-4010
-4580
-4460
-3775
-2579
-1052
265
1415
2067
2199
1970
1344
786
322
-226
-745
-1373
-1935
-2246
-2515
-2529
-2261
-1863
-1199
-455
165
836
1529
2189
2798
3040
2954
2527
1718
861
55
-556
-739
-606
-67
788
1822
3124
4420
5684
6895
7434
7423
7040
5884
4055
1204
-2676
-6886
-10718
-13388
-14401
-13596
-11048
-7296
-2831
1771
6094
9884
12501
13810
13491
11332
7833
3373
-1311
-5294
-8318
-9999
-10451
-10104
-8850
-6910
-4645
-2095
330
2386
3910
4527
4452
3970
3422
3202
3041
2904
2686
2053
1060
-259
-1652
-2990
-4178
-5206
-5992
-6522
-6545
-5909
-4531
-2424
-96
2098
3837
4794
4894
4252
2910
1181
-589
-2257
-3615
-4634
-5056
-4744
-3764
-2301
-734
567
1590
2066
1941
1449
717
52
-500
-981
-1409
-1717
-1906
-1833
-1586
-1290
-889
-481
-153
126
339
527
836
1150
1477
1496
1344
1010
622
246
17
-7
45
493
1126
1921
3039
4161
5340
6403
7048
7286
7087
6415
5185
2992
-364
-4431
-8923
-12482
-14539
-14863
-12910
-9592
-5281
-418
4065
8270
11702
13749
14538
13469
10413
6308
1305
-3460
-7104
-9662
-10665
-10604
-9824
-8143
-6171
-3921
-1278
1080
3151
4491
4786
4594
4183
3733
3546
3423
3322
3024
2198
978
-498
-2013
-3341
-4484
-5442
-6155
-6576
-6456
-5619
-4094
-2002
302
2310
3841
4632
4574
3818
2485
838
-773
-2256
-3487
-4320
-4560
-4126
-3169
-1878
-605
492
1219
1518
1386
940
424
-111
-708
-1248
-1722
-1951
-1857
-1639
-1201
-588
-45
341
539
545
555
601
590
604
500
309
110
-137
-367
-359
-210
60
538
1146
1927
2843
3837
4872
5824
6579
6948
7109
6820
6148
5140
3230
272
-3452
-7868
-11690
-14077
-14979
-13555
-10447
-6400
-1491
3173
7471
11366
13761
14840
14217
11463
7527
2552
-2516
-6450
-9430
-10887
-10967
-10370
-8723
-6644
-4496
-1986
298
2135
3499
3978
3945
3776
3493
3559
3665
3684
3500
2755
1608
227
-1368
-2872
-4302
-5556
-6464
-6971
-6932
-6110
-4541
-2438
-220
1662
3044
3760
3782
3222
2102
691
-559
-1804
-2713
-3245
-3441
-2929
-2108
-1339
-486
75
385
490
156
-155
-371
-598
-730
-960
-1117
-1198
-1134
-847
-512
-154
197
437
491
537
470
514
601
428
397
179
-82
-189
-281
-161
160
587
1188
1949
2665
3502
4271
4940
5600
5997
6202
6129
5661
5103
4096
2406
-127
-3483
-7300
-10587
-12749
-13434
-12189
-9491
-5810
-1420
2970
7085
10645
12980
13994
13342
10827
6974
2266
-2438
-6224
-8950
-10421
-10612
-9861
-8205
-6021
-3658
-1139
1102
2698
3668
3812
3504
3155
2835
2829
3030
3160
3031
2477
1583
573
-633
-1857
-3118
-4297
-5336
-6018
-6081
-5410
-4029
-2229
-310
1340
2401
2857
2799
2126
1115
5
-1040
-1864
-2403
-2649
-2353
-1663
-828
31
559
833
735
246
-293
-909
-1401
-1610
-1809
-1903
-1927
-1769
-1378
-928
-558
-17
413
636
803
785
865
919
888
761
443
105
-211
-647
-823
-793
-566
-4
726
1486
2481
3508
4464
5288
5799
6119
6221
5921
5432
4758
3640
1941
-728
-4273
-8039
-11253
-13015
-13286
-11745
-8729
-4978
-667
3539
7441
10808
12957
13862
12995
10196
6182
1407
-3211
-6834
-9417
-10691
-10623
-9792
-8121
-5907
-3374
-699
1647
3308
4208
4212
3721
3176
2763
2649
2635
2576
2285
1633
814
-98
-1088
-2094
-3098
-4092
-4883
-5398
-5345
-4580
-3251
-1486
237
1591
2424
2696
2391
1542
394
-796
-1809
-2484
-2806
-2753
-2168
-1201
-188
644
1060
1201
903
257
-509
-1262
-1783
-2149
-2440
-2502
-2349
-2026
-1510
-1010
-504
36
436
662
788
902
1064
1201
1160
1045
811
552
204
-114
-348
-486
-348
-14
539
1457
2444
3566
4693
5499
6180
6634
6634
6423
5807
4912
3516
1144
-2062
-5953
-9819
-12563
-13838
-13349
-10908
-7437
-3168
1381
5559
9453
12409
13984
14096
12285
8827
4467
-403
-4669
-7758
-9756
-10422
-10111
-9001
-7119
-4853
-2382
100
2041
3363
3945
3774
3387
3059
2898
2953
2927
2658
2146
1368
362
-630
-1606
-2617
-3631
-4547
-5149
-5253
-4755
-3576
-1938
-221
1292
2277
2696
2625
2045
1039
-184
-1412
-2371
-2926
-3065
-2603
-1707
-549
618
1276
1703
1683
1154
508
-263
-1012
-1498
-1980
-2301
-2498
-2493
-2118
-1668
-1167
-667
-197
198
566
797
965
1209
1344
1379
1219
1005
645
299
56
-149
-233
-102
328
890
1777
2837
3951
5150
6025
6647
7130
6977
6587
5730
4076
1558
-2061
-6313
-10603
-13786
-15361
-14949
-12541
-8764
-4112
911
5728
10069
13331
15096
15172
13229
9542
4813
-350
-4881
-8170
-10262
-10927
-10661
-9529
-7572
-5268
-2689
-150
1882
3263
3778
3680
3497
3384
3500
3635
3651
3335
2588
1489
194
-1123
-2403
-3588
-4809
-5720
-6221
-6107
-5161
-3580
-1549
476
2057
3122
3462
3221
2564
1290
-166
-1579
-2784
-3531
-3712
-3303
-2177
-929
332
1265
1657
1854
1561
1011
366
-383
-1013
-1510
-2026
-2335
-2398
-2280
-2017
-1756
-1338
-868
-444
138
622
1052
1457
1643
1671
1541
1378
1076
664
342
70
-54
91
337
951
1754
2643
3736
4692
5769
6684
7223
7502
7144
6305
4847
2032
-1612
-5890
-10488
-13814
-15732
-15822
-13519
-9981
-5223
216
5173
10040
13681
15505
15895
13924
10312
5783
417
-4205
-7672
-10152
-11062
-11010
-10026
-7949
-5674
-3130
-622
1293
2718
3410
3487
3564
3735
4061
4468
4604
4443
3817
2704
1246
-286
-1899
-3602
-5199
-6562
-7273
-7182
-6234
-4402
-2122
193
2231
3569
4200
4232
3582
2509
807
-940
-2386
-3523
-3926
-3657
-2753
-1417
-146
899
1557
1740
1869
1425
726
75
-727
-1334
-1744
-2035
-2123
-2113
-1960
-1803
-1624
-1232
-743
-233
275
805
1264
1527
1622
1715
1648
1426
1046
615
207
-61
-81
147
759
1637
2692
3807
4842
5966
6878
7534
7765
7310
6389
4702
1872
-1797
-6134
-10508
-13753
-15633
-15606
-13346
-9843
-5285
-150
4678
9350
12857
14680
15003
13202
9814
5553
554
-3732
-6949
-9301
-10362
-10632
-10022
-8344
-6273
-3967
-1565
451
1905
2623
2864
3223
3741
4407
4952
5156
4923
4186
2895
1332
-302
-1998
-3716
-5432
-6803
-7598
-7615
-6641
-4829
-2655
-388
1596
3007
3837
4062
3612
2646
1284
-286
-1708
-2844
-3370
-3116
-2476
-1393
-328
525
1258
1514
1608
1348
790
235
-458
-1123
-1527
-1805
-1853
-1867
-1834
-1657
-1479
-1185
-666
-221
311
784
1011
1175
1239
1282
1361
1382
1190
972
615
436
419
572
1039
1836
2687
3626
4652
5712
6894
7742
8104
7848
6849
4723
1235
-3127
-7985
-12275
-15099
-16488
-15524
-12663
-8599
-3382
1842
6869
11411
14186
15308
14439
11551
7691
2951
-1739
-5294
-7880
-9273
-9771
-9701
-8576
-6966
-5109
-2985
-1185
229
1191
1629
2112
2818
3744
4880
5770
6099
5818
4785
3205
1349
-659
-2775
-4805
-6508
-7697
-8074
-7651
-6162
-3981
-1728
416
2104
3196
3753
3554
2829
1638
260
-809
-1964
-2510
-2462
-2136
-1350
-592
86
713
1040
1225
1316
1055
741
288
-237
-564
-845
-1058
-1186
-1381
-1650
-1807
-1743
-1373
-781
-17
699
1220
1548
1628
1583
1568
1481
1377
1108
736
385
201
310
656
1246
2176
3110
4084
5076
6159
7196
7924
8052
7522
6159
3074
-951
-5876
-10948
-14367
-16540
-16628
-14165
-10773
-5781
-406
4587
9869
13433
15298
15541
13184
9490
4819
-348
-4219
-7182
-9044
-9589
-9715
-8927
-7461
-6034
-4078
-2167
-739
434
927
1343
2115
3089
4341
5567
6360
6489
5849
4417
2618
587
-1784
-4083
-6113
-7729
-8424
-8342
-7212
-5122
-2799
-585
1175
2404
3203
3254
2658
1754
439
-766
-1661
-2360
-2396
-1950
-1364
-634
-174
190
512
547
711
685
447
254
-87
-369
-533
-592
-667
-810
-1101
-1406
-1616
-1652
-1242
-677
18
708
1146
1435
1513
1438
1391
1289
1051
797
457
341
353
477
842
1414
2234
3196
4274
5440
6555
7427
8057
8086
7531
6097
3001
-989
-5939
-11047
-14530
-16799
-16739
-14234
-10742
-5691
-412
4578
9722
13172
15178
15397
13134
9495
4859
-87
-3902
-6795
-8631
-9290
-9539
-8856
-7667
-6346
-4581
-2760
-1318
-247
377
1013
2038
3337
4807
6250
7085
7198
6431
4852
2950
668
-1780
-4227
-6368
-7933
-8618
-8448
-7217
-5215
-3150
-965
759
1870
2739
2871
2522
1871
817
149
-670
-1119
-1033
-1004
-562
-311
-166
-44
-141
-130
-157
-270
-216
-262
-331
-250
-214
-166
-281
-400
-619
-904
-1076
-1036
-807
-455
59
569
973
1244
1431
1547
1645
1614
1460
1300
1093
1003
943
871
1025
1345
1828
2609
3549
4778
6223
7344
8141
8349
7876
6385
2971
-1303
-6542
-11637
-14932
-17042
-16329
-13512
-9786
-4486
582
5682
10524
13404
15017
14679
12043
8355
3609
-914
-4118
-6537
-7780
-8273
-8437
-7838
-7060
-6142
-4749
-3489
-2373
-1448
-756
244
1731
3529
5483
7208
8073
7985
6846
4921
2606
8
-2690
-5189
-7202
-8537
-8895
-8327
-6741
-4682
-2616
-709
634
1511
1931
1877
1521
1148
573
146
-85
-191
9
46
56
5
-274
-525
-731
-839
-773
-467
-107
113
307
338
205
-65
-543
-1023
-1490
-1778
-1757
-1495
-893
-233
555
1230
1733
2072
2103
2247
2192
1920
1661
1227
923
767
680
765
1009
1410
2009
2741
3712
4911
6153
7266
7862
7998
7528
5474
1895
-2508
-8010
-12437
-15487
-16853
-15214
-12303
-8099
-2896
1845
6872
11070
13374
14602
13500
10681
6981
2340
-1380
-4136
-6165
-7074
-7534
-7655
-7239
-6821
-6122
-5024
-4097
-3161
-2236
-1145
395
2384
4547
6713
8221
8644
8164
6531
4338
1886
-995
-3680
-6037
-7856
-8775
-8896
-7893
-6141
-4257
-2386
-984
51
818
1126
1211
1141
1074
919
685
640
661
583
391
21
-481
-1002
-1382
-1524
-1469
-1068
-538
-69
444
684
693
487
11
-594
-1239
-1849
-2030
-1816
-1424
-667
83
841
1532
1984
2286
2464
2572
2573
2416
2088
1882
1703
1515
1439
1353
1369
1577
1984
2708
3731
5002
6195
7023
7578
7512
6722
4452
819
-3618
-8754
-12783
-15332
-15874
-13794
-10492
-6102
-1238
3150
7575
10795
12519
13060
11651
8899
5206
1277
-1789
-3906
-5228
-5834
-6251
-6522
-6695
-6830
-6538
-5863
-4957
-3955
-2669
-1078
927
3279
5672
7829
9031
8993
7821
5730
3160
465
-2181
-4449
-6241
-7540
-8126
-7990
-7084
-5522
-3879
-2508
-1425
-864
-306
20
382
1043
1488
1913
2125
2007
1805
1423
803
78
-860
-1609
-2245
-2526
-2246
-1597
-767
86
761
1016
896
486
-71
-680
-1288
-1639
-1761
-1606
-1090
-443
283
961
1499
1761
1846
1963
2070
2193
2215
2126
2104
2062
1845
1583
1507
1481
1561
1950
2514
3505
4762
5827
6788
7417
7444
6820
4462
799
-3657
-8742
-12567
-15015
-15281
-13058
-9772
-5465
-921
3227
7198
9899
11343
11603
10159
7491
4131
850
-1497
-3053
-3916
-4308
-4732
-5355
-6067
-6748
-7023
-6698
-6073
-5039
-3591
-1732
698
3406
6111
8480
9635
9382
7934
5514
2838
44
-2506
-4428
-5967
-6896
-7376
-7259
-6449
-5292
-4151
-3325
-2725
-2296
-1859
-1146
-19
1254
2503
3344
3754
3585
2925
2107
968
-228
-1350
-2382
-3084
-3278
-2931
-2117
-1098
-133
533
715
522
140
-351
-734
-948
-1039
-1003
-753
-411
46
359
640
790
711
788
972
1382
1957
2379
2699
2807
2587
2165
1703
1380
1229
1396
1766
2528
3733
4975
6153
7060
7551
7512
6230
3081
-830
-5803
-10454
-13430
-15124
-13824
-10952
-7353
-2825
1010
4678
7767
9265
10161
9681
7736
5342
2448
248
-1029
-1920
-2125
-2523
-3434
-4675
-6160
-7422
-7944
-7719
-6999
-5488
-3598
-1106
1686
4526
7348
9205
9667
8833
6729
4092
1541
-912
-2632
-3889
-4843
-5424
-5952
-6070
-5780
-5499
-5005
-4586
-4241
-3568
-2732
-1431
247
1837
3280
4073
4260
4005
3041
1846
749
-277
-1077
-1748
-2208
-2246
-2000
-1557
-1157
-925
-810
-790
-952
-1043
-785
-426
44
495
804
986
914
708
475
232
82
-27
251
778
1390
2122
2505
2764
2859
2492
2017
1610
1333
1296
1556
2028
2857
3846
4857
5711
6168
6375
6183
5255
2838
-168
-4167
-8163
-10767
-12444
-11594
-9316
-6385
-2632
368
3147
5483
6604
7485
7354
6065
4476
2276
639
-320
-981
-1008
-1263
-2050
-3266
-4791
-6183
-6821
-6730
-5998
-4560
-2968
-1017
1156
3276
5399
6922
7388
6939
5445
3447
1468
-316
-1420
-2270
-2884
-3451
-4163
-4744
-5092
-5176
-5030
-4654
-4163
-3546
-2613
-1521
-196
1136
2271
3014
3313
3107
2536
1781
1081
524
-60
-547
-1045
-1511
-1757
-1933
-2023
-1956
-1962
-1967
-1938
-1738
-1224
-600
125
788
1248
1434
1282
931
547
252
-119
-307
-308
1
492
960
1530
2016
2309
2390
2211
2153
2216
2372
2698
3177
3920
4635
5250
5646
5888
5877
5688
4540
2006
-989
-5169
-9057
-11614
-12947
-11720
-9272
-6146
-2388
620
3388
5502
6522
7256
6987
5845
4349
2455
1159
417
-98
-229
-784
-2042
-3649
-5636
-7326
-8135
-8039
-7044
-5326
-3319
-982
1430
3578
5542
6739
7100
6557
5073
3309
1627
278
-447
-942
-1466
-2018
-2957
-3987
-4937
-5771
-6169
-6141
-5716
-4727
-3491
-1940
-159
1396
2560
3255
3284
2942
2262
1565
1127
657
416
178
-163
-515
-907
-1349
-1770
-2052
-2294
-2445
-2460
-2140
-1591
-831
-1
761
1365
1575
1448
1191
829
362
-70
-386
-441
-152
211
676
1263
1635
1962
1974
1876
1922
1882
2114
2480
3011
3747
4385
4992
5465
5721
5851
5727
5409
4355
1996
-953
-4750
-8432
-10746
-11940
-10868
-8611
-5721
-2448
220
2573
4276
5102
5666
5601
4887
4017
2739
1864
1524
1208
1007
375
-910
-2665
-4748
-6679
-7709
-7807
-6953
-5383
-3547
-1288
838
2696
4250
5216
5503
5106
4058
2846
1718
820
359
35
-228
-669
-1676
-2906
-4330
-5482
-6056
-6275
-5807
-4723
-3275
-1767
-378
905
1750
2248
2372
2130
1928
1644
1448
1409
1314
1181
738
113
-694
-1502
-2173
-2700
-2929
-2845
-2547
-2022
-1336
-612
60
575
886
892
776
538
186
-65
-192
-102
91
283
453
785
1119
1256
1435
1407
1545
1645
1717
2224
2713
3452
4116
4569
4976
5099
5125
4970
4740
4528
3891
2048
-366
-3551
-6969
-9127
-10583
-9969
-8018
-5654
-2641
-345
1466
2987
3518
3979
4223
3882
3574
2916
2315
2121
1796
1624
1196
100
-1463
-3378
-5293
-6549
-6942
-6453
-5057
-3388
-1507
243
1444
2446
3062
3230
3161
2646
2119
1529
1042
848
798
867
652
-94
-1362
-2811
-4166
-5172
-5504
-5216
-4435
-3292
-2252
-1179
-393
78
454
658
829
1022
1198
1522
1894
2077
2159
1984
1457
564
-514
-1646
-2432
-2867
-2916
-2642
-2173
-1534
-1057
-658
-405
-219
-17
28
130
194
270
452
586
774
909
925
934
831
813
775
853
1053
1359
1884
2413
3087
3661
4149
4477
4505
4472
4256
3979
3624
3315
3129
2967
2097
347
-1798
-4769
-7157
-8824
-9286
-7787
-5870
-3371
-1098
437
1739
2316
2627
3016
3017
2883
2492
1853
1509
1377
1428
1584
1311
401
-907
-2699
-4369
-5191
-5293
-4507
-3394
-2251
-1086
-332
271
843
1192
1471
1435
1074
859
633
693
1012
1331
1549
1273
432
-735
-1921
-2856
-3468
-3625
-3435
-3006
-2531
-2160
-1858
-1613
-1153
-754
-283
157
599
1194
1708
2136
2465
2472
2115
1321
266
-615
-1393
-1855
-2014
-1953
-1734
-1607
-1577
-1601
-1576
-1382
-1203
-956
-611
-242
130
483
851
1083
1245
1146
878
611
385
371
619
1150
1837
2552
3104
3495
3622
3607
3449
3173
2890
2617
2477
2356
2415
2548
2860
3163
3170
2375
607
-1863
-4712
-6813
-8049
-7735
-6329
-4552
-2426
-943
179
883
1032
1143
1274
1198
1313
1284
1459
2083
2787
3590
3963
3530
2350
571
-1571
-3423
-4647
-4953
-4512
-3854
-3061
-2296
-1882
-1520
-1288
-1032
-806
-715
-390
-69
503
1314
2181
3113
3586
3387
2514
1110
-487
-1919
-3043
-3695
-3885
-3785
-3403
-3114
-2756
-2286
-1812
-1290
-798
-336
127
646
1205
1723
2150
2319
2310
1891
1175
305
-619
-1280
-1869
-2234
-2450
-2542
-2424
-2313
-1998
-1589
-1202
-810
-416
-91
171
426
628
820
1079
1320
1566
1726
1905
2217
2503
2791
3031
3112
3063
2919
2667
2291
1937
1890
1887
2056
2345
2613
2917
3139
3383
3432
2736
1221
-1079
-3780
-5836
-7172
-7114
-5894
-4278
-2364
-1152
-517
-302
-433
-375
-33
524
1198
1958
2594
3325
4061
4768
5122
4684
3424
1539
-825
-2931
-4306
-4883
-4571
-4112
-3640
-3358
-3358
-3366
-3299
-2976
-2396
-1723
-945
85
1161
2404
3645
4649
5144
4822
3785
2140
200
-1425
-2556
-3205
-3354
-3326
-3135
-2960
-3001
-2940
-2705
-2326
-1774
-1292
-711
-2
728
1582
2275
2729
2824
2472
1677
698
-328
-1041
-1560
-1775
-1832
-1941
-1979
-2049
-2014
-1869
-1678
-1456
-1144
-886
-646
-348
97
721
1343
1910
2294
2458
2480
2438
2362
2351
2336
2298
2187
2042
1882
1774
1788
1821
1881
1963
2022
2122
2283
2575
2961
3338
3489
2907
1573
-681
-3269
-5260
-6724
-6844
-6091
-5121
-3672
-2724
-1984
-1397
-1158
-585
-14
673
1745
2535
3303
4061
4541
4973
5082
4516
3512
2035
88
-1608
-3252
-4388
-4791
-4929
-4550
-4226
-4082
-3962
-4047
-3794
-3229
-2439
-1176
159
1503
2714
3501
3944
4018
3746
3159
2306
1156
-6
-1107
-1956
-2331
-2294
-2002
-1707
-1494
-1560
-1835
-2173
-2375
-2376
-2016
-1305
-525
175
605
725
660
461
334
142
3
-47
-243
-400
-544
-570
-478
-477
-601
-847
-1226
-1572
-1693
-1438
-937
-224
465
918
1223
1256
1089
977
920
952
956
978
953
954
1086
1264
1478
1753
1955
1968
1959
1850
1793
1975
2291
2668
3012
3323
3408
3392
3268
2842
2051
799
-815
-2669
-4391
-5560
-5774
-5144
-3854
-2428
-1293
-472
-272
-360
-647
-683
-389
167
1175
2105
2828
3197
3080
2576
1846
1038
245
-578
-1260
-1805
-2079
-2065
-1770
-1236
-679
-175
65
-24
-409
-949
-1420
-1583
-1391
-881
-319
256
547
475
64
-526
-1002
-1277
-1309
-1027
-437
162
793
1138
1324
1214
906
444
-185
-641
-935
-1057
-1021
-877
-661
-394
-300
-395
-650
-918
-1236
-1378
-1351
-1264
-1006
-754
-403
5
357
657
746
756
743
692
711
759
790
782
716
518
229
-212
-653
-974
-1301
-1496
-1569
-1474
-1326
-1137
-953
-756
-534
-278
-4
251
571
792
934
972
918
761
665
494
366
351
319
423
517
670
912
1201
1486
1728
1897
1966
2022
1956
1828
1634
1490
1302
990
580
134
-309
-734
-1089
-1406
-1629
-1791
-1881
-1831
-1708
-1434
-1067
-709
-352
25
326
571
700
708
605
475
284
181
57
-123
-335
-554
-769
-977
-1056
-1023
-952
-707
-484
-299
-80
-51
-173
-366
-627
-849
-1041
-981
-729
-374
-41
207
318
305
200
-11
-265
-544
-682
-727
-655
-525
-297
-125
94
303
423
554
629
712
778
825
832
826
740
630
452
308
101
-106
-360
-653
-930
-1159
-1188
-1133
-877
-561
-233
64
184
177
67
-76
-175
-275
-346
-441
-538
-637
-756
-812
-771
-596
-410
-192
39
270
527
741
917
1134
1278
1427
1470
1387
1173
948
674
349
154
-96
-261
-471
-666
-819
-831
-688
-537
-358
-144
82
340
577
840
1073
1268
1308
1245
1182
1102
950
761
622
511
478
439
384
337
313
283
266
243
243
218
166
-25
-242
-529
-825
-1100
-1217
-1246
-1173
-1019
-817
-634
-492
-329
-369
-408
-617
-748
-799
-902
-870
-762
-551
-310
-89
95
227
265
262
189
85
99
156
248
428
452
437
284
71
-173
-501
-768
-947
-1097
-1153
-1045
-855
-580
-253
22
158
200
93
-100
-321
-423
-463
-462
-404
-380
-389
-380
-358
-280
-122
40
168
283
549
782
1066
1339
1476
1604
1601
1494
1289
988
740
555
351
358
368
396
408
370
370
380
396
416
525
637
718
757
804
855
891
863
803
649
389
14
-326
-658
-896
-933
-826
-603
-300
-21
95
115
29
-68
-96
-146
-133
-139
-184
-262
-329
-363
-361
-221
-101
58
84
-22
-256
-474
-708
-894
-941
-899
-827
-785
-812
-942
-951
-916
-825
-687
-561
-493
-416
-347
-257
-107
142
280
333
265
40
-189
-431
-652
-793
-799
-846
-837
-785
-692
-528
-353
-190
-77
-64
-168
-364
-490
-543
-531
-407
-317
-239
-241
-292
-284
-278
-205
-91
-32
142
344
564
722
800
821
688
443
55
-267
-427
-542
-550
-654
-789
-825
-820
-774
-753
-639
-520
-497
-411
-209
16
351
675
944
1159
1311
1322
1242
1249
1267
1377
1510
1721
1848
1939
2063
2198
2424
2659
2752
2666
2322
1729
874
-31
-778
-1344
-1628
-1725
-1771
-1726
-1714
-1734
-1617
-1503
-1284
-1043
-806
-509
-286
-55
209
488
705
835
878
749
558
338
93
-30
-75
-75
-25
-37
-85
-156
-272
-516
-712
-937
-1080
-1190
-1280
-1232
-1185
-1161
-1134
-1104
-1020
-958
-920
-817
-722
-597
-583
-562
-533
-517
-457
-449
-531
-607
-698
-765
-744
-697
-536
-353
-160
10
137
155
200
232
125
44
-66
-140
-178
-261
-338
-362
-409
-427
-448
-399
-414
-445
-425
-425
-392
-292
-209
-134
-75
-21
-25
-87
-130
-216
-190
-200
-151
24
220
507
792
1073
1335
1617
1832
2025
2216
2364
2391
2265
2176
2007
1909
1850
1757
1762
1835
1811
1772
1596
1264
950
364
-276
-916
-1404
-1691
-1852
-1769
-1591
-1409
-1419
-1474
-1530
-1640
-1590
-1397
-1065
-677
-194
254
666
1001
1229
1227
1202
1090
946
818
685
605
448
377
167
-86
-392
-813
-1176
-1528
-1846
-2026
-2187
-2229
-2213
-2021
-1843
-1637
-1499
-1437
-1402
-1389
-1292
-1072
-728
-290
224
646
951
1000
917
790
628
423
241
10
-243
-525
-805
-997
-1147
-1237
-1289
-1296
-1339
-1397
-1443
-1356
-1210
-927
-555
-201
109
322
421
476
461
357
243
-12
-232
-442
-590
-646
-569
-357
-98
191
496
746
994
1204
1318
1377
1294
1215
1082
1072
995
973
1027
1092
1263
1309
1410
1444
1502
1540
1513
1612
1668
1931
2295
2639
2970
3113
3009
2487
1655
548
-723
-1784
-2610
-3031
-3043
-2752
-2425
-2093
-1946
-1887
-1984
-2106
-2121
-1981
-1514
-868
-71
698
1365
1780
1937
1933
1779
1495
1185
936
735
580
459
368
235
-66
-380
-852
-1467
-2072
-2603
-2937
-3008
-2802
-2370
-1838
-1297
-827
-560
-477
-553
-649
-702
-664
-525
-338
-158
-54
-31
-137
-262
-404
-511
-644
-775
-820
-775
-645
-449
-296
-133
-41
-85
-251
-519
-726
-860
-892
-885
-811
-781
-790
-839
-825
-767
-645
-402
-193
83
353
546
679
720
636
512
367
212
111
20
-64
-62
-26
10
70
150
211
298
405
569
796
1077
1391
1714
2019
2298
2467
2605
2683
2688
2701
2631
2539
2476
2489
2480
2462
2384
2183
1732
965
-37
-1123
-2125
-2808
-3044
-2815
-2435
-1988
-1701
-1633
-1700
-1949
-2122
-2110
-1872
-1456
-825
-182
424
878
1132
1249
1194
1049
874
714
637
661
746
918
954
953
842
507
80
-551
-1160
-1770
-2222
-2434
-2432
-2244
-2070
-1955
-1946
-1983
-2067
-2088
-2001
-1690
-1269
-740
-173
392
826
1093
1238
1216
1081
866
687
405
160
-43
-218
-376
-453
-554
-686
-863
-1058
-1190
-1329
-1313
-1209
-968
-686
-370
-93
112
248
298
268
156
11
-198
-329
-356
-307
-300
-237
-175
-211
-242
-260
-276
-244
-184
-4
197
423
637
775
872
999
1039
1084
1060
1044
1048
1022
1067
1134
1271
1329
1408
1474
1534
1612
1688
1725
1662
1562
1488
1391
1319
1232
1229
1265
1155
897
490
17
-571
-1057
-1449
-1673
-1723
-1663
-1434
-1308
-1173
-1093
-1087
-1042
-1008
-802
-484
-179
143
399
574
606
619
582
479
386
311
249
88
-139
-413
-712
-963
-1134
-1264
-1313
-1310
-1233
-1189
-1152
-1071
-1059
-942
-884
-772
-706
-676
-604
-558
-517
-441
-405
-348
-296
-327
-307
-321
-373
-409
-381
-278
-183
-89
8
73
22
-142
-404
-598
-745
-936
-1063
-1105
-1091
-1039
-959
-826
-719
-580
-486
-482
-475
-452
-393
-277
-172
2
187
338
401
381
340
168
16
-109
-205
-208
-174
-85
55
262
399
553
656
714
726
662
582
486
395
389
415
494
624
766
855
950
1005
937
928
939
1051
1219
1420
1638
1799
1863
1744
1645
1435
1239
1127
1027
977
810
697
479
195
-97
-398
-635
-793
-903
-987
-1083
-1198
-1201
-1156
-1099
-985
-841
-702
-558
-443
-344
-231
-102
-42
9
40
127
248
359
456
479
419
232
52
-168
-301
-316
-362
-430
-532
-659
-832
-984
-1064
-1116
-1098
-1060
-1126
-1221
-1290
-1334
-1267
-1146
-897
-615
-399
-172
-12
54
71
68
20
24
20
-34
-62
-99
-146
-290
-466
-664
-831
-951
-1075
-1072
-1023
-924
-824
-697
-552
-380
-232
-101
23
57
-26
-171
-323
-456
-450
-451
-390
-374
-340
-291
-272
-153
-81
25
170
375
512
654
778
885
1097
1177
1316
1287
1232
1153
1010
802
705
698
718
827
887
917
901
832
747
697
590
592
616
711
853
1075
1296
1507
1612
1690
1577
1311
916
454
-5
-405
-721
-1052
-1051
-1035
-1106
-1085
-1148
-1296
-1437
-1575
-1677
-1609
-1462
-1143
-747
-387
-104
75
182
144
60
-18
-123
-206
-203
-201
-167
-158
-90
-84
-180
-257
-431
-612
-775
-925
-976
-908
-820
-752
-630
-579
-543
-635
-760
-886
-1048
-1145
-1172
-1201
-1071
-829
-670
-457
-235
-64
-3
41
44
-51
-204
-311
-466
-564
-659
-772
-798
-886
-950
-1036
-1174
-1290
-1374
-1381
-1264
-1020
-713
-336
-85
152
333
447
597
665
709
701
664
649
591
590
549
497
510
492
394
296
117
-9
-131
-215
-231
-148
-8
243
486
683
926
1047
1236
1341
1438
1433
1518
1459
1383
1414
1338
1349
1314
1341
1299
1212
1116
1018
1003
993
1054
1087
1024
927
691
345
-79
-528
-934
-1256
-1511
-1614
-1594
-1628
-1623
-1607
-1577
-1564
-1542
-1427
-1271
-1060
-917
-680
-420
-233
-7
186
359
453
591
651
568
507
370
136
-29
-153
-306
-401
-521
-678
-785
-901
-1013
-1135
-1222
-1271
-1337
-1370
-1417
-1405
-1432
-1357
-1317
-1251
-1181
-1079
-967
-870
-724
-569
-454
-393
-303
-259
-225
-214
-218
-206
-201
-278
-380
-423
-495
-479
-474
-448
-366
-289
-214
-177
-115
-138
-192
-260
-317
-485
-593
-637
-646
-564
-379
-185
-85
80
108
157
244
336
427
513
548
574
615
653
637
603
576
593
641
670
700
786
826
945
1022
1021
1094
1132
1192
1124
1154
1035
1005
927
849
851
896
947
965
991
880
828
755
722
569
341
53
-270
-598
-780
-795
-639
-385
-264
-286
-419
-648
-918
-1017
-1040
-917
-719
-487
-266
-136
-40
3
66
107
167
141
83
-8
-124
-213
-296
-300
-244
-193
-257
-331
-494
-694
-888
-1012
-988
-921
-812
-838
-855
-941
-1052
-1141
-1199
-1205
-1206
-1172
-1153
-1061
-885
-617
-293
7
215
333
376
342
229
113
-60
-202
-336
-483
-544
-598
-580
-551
-474
-458
-504
-474
-446
-458
-403
-329
-260
-198
-146
-115
-138
-171
-243
-317
-373
-378
-328
-215
14
169
386
531
587
639
648
662
611
580
560
584
510
551
615
655
700
728
740
674
630
532
470
462
485
572
662
782
870
854
825
770
660
560
562
582
681
837
930
1025
1096
1100
1074
994
894
765
592
392
266
72
-108
-230
-359
-485
-620
-688
-784
-856
-926
-981
-925
-865
-779
-647
-450
-349
-275
-227
-275
-328
-442
-483
-534
-562
-494
-364
-264
-124
-4
25
71
47
-32
-127
-277
-431
-601
-798
-921
-977
-1012
-983
-914
-872
-774
-703
-624
-525
-438
-322
-206
-149
-44
45
103
149
75
-43
-180
-315
-430
-496
-548
-487
-449
-541
-508
-489
-508
-504
-461
-475
-463
-457
-437
-392
-396
-336
-243
-132
-91
-71
17
47
92
172
249
369
438
440
420
371
353
333
338
344
303
248
196
209
237
286
400
537
663
718
754
764
751
761
719
697
624
533
480
356
364
305
273
294
372
382
401
459
484
572
655
685
712
711
689
651
574
560
438
332
157
68
-39
-153
-214
-239
-184
-189
-231
-242
-290
-293
-355
-483
-702
-924
-1102
-1251
-1250
-1142
-927
-675
-447
-321
-331
-229
-165
-62
100
211
302
309
294
270
169
46
-47
-129
-241
-385
-494
-567
-635
-683
-718
-696
-670
-615
-581
-603
-556
-570
-602
-614
-624
-674
-626
-653
-566
-470
-368
-272
-195
-153
-121
-5
-7
-3
-41
-89
-165
-220
-302
-414
-506
-543
-626
-664
-632
-618
-524
-434
-270
-88
16
114
149
206
234
199
176
133
119
106
108
80
44
81
129
174
201
263
278
310
351
354
325
290
281
187
112
13
-137
-126
-131
-111
19
135
285
426
500
569
634
602
633
644
619
606
535
498
408
307
164
18
-40
-147
-197
-203
-124
-50
66
161
253
312
231
180
111
87
23
-46
-118
-144
-168
-132
-110
-32
4
7
65
22
5
-52
-33
-49
-78
-63
-89
-110
-163
-244
-316
-379
-487
-567
-621
-619
-594
-507
-383
-221
-43
55
135
148
25
-71
-197
-327
-382
-386
-438
-473
-511
-478
-477
-449
-449
-444
-473
-559
-577
-640
-592
-534
-547
-515
-489
-583
-615
-631
-642
-570
-490
-410
-309
-198
-93
-22
101
176
207
210
114
103
-19
-166
-281
-404
-409
-435
-344
-338
-208
-123
-56
86
147
268
322
340
339
309
216
176
92
22
80
19
11
-11
-10
-24
-4
74
102
225
282
334
298
292
313
256
231
190
117
42
37
23
24
78
107
145
102
57
15
-29
-16
-5
21
83
150
191
231
277
327
282
218
214
179
126
124
134
133
190
181
208
231
160
142
70
-65
-177
-275
-314
-285
-253
-162
-105
-43
-6
-62
-41
-106
-128
-127
-259
-335
-400
-472
-561
-623
-697
-763
-825
-843
-813
-814
-763
-649
-508
-399
-312
-259
-234
-167
-175
-214
-215
-242
-331
-459
-557
-614
-664
-699
-655
-622
-580
-478
-368
-301
-273
-203
-148
-173
-165
-215
-308
-363
-413
-416
-490
-511
-564
-563
-489
-408
-301
-182
10
152
266
307
382
418
369
366
347
316
267
205
219
229
200
244
261
263
208
137
77
85
114
83
150
144
138
124
118
192
195
245
309
341
340
378
364
487
572
639
715
736
705
656
577
481
382
338
313
279
294
367
467
497
581
681
765
780
720
684
592
505
371
252
149
-6
-104
-233
-329
-389
-436
-458
-461
-404
-309
-202
-79
39
133
202
219
235
191
174
67
-6
-116
-243
-321
-406
-446
-458
-437
-408
-383
-435
-465
-483
-515
-536
-515
-502
-498
-491
-538
-552
-654
-730
-798
-878
-910
-905
-913
-916
-800
-783
-728
-723
-677
-645
-633
-619
-629
-619
-644
-621
-587
-460
-364
-266
-128
-126
-173
-138
-159
-140
-210
-146
-121
-145
-142
-160
-105
-135
-157
-170
-143
-82
-126
-82
-17
71
110
168
205
202
213
121
100
58
35
4
-19
5
76
142
262
349
500
607
703
812
857
899
931
901
826
726
591
491
345
252
180
141
105
45
10
-21
-37
13
97
142
200
254
311
338
370
338
348
367
387
404
407
357
327
346
345
347
374
331
286
290
223
182
90
85
61
6
-57
-123
-151
-200
-200
-179
-165
-118
-120
-143
-137
-173
-220
-239
-270
-299
-329
-386
-470
-545
-569
-622
-652
-630
-580
-535
-506
-451
-453
-463
-470
-516
-532
-549
-568
-614
-640
-651
-697
-729
-770
-762
-730
-666
-575
-442
-332
-171
-33
3
36
85
62
-11
-18
-39
-78
-120
-129
-111
-128
-205
-196
-193
-222
-164
-108
-95
-36
17
84
139
137
132
116
79
28
17
-3
-9
60
97
143
215
255
278
308
337
362
333
341
283
204
213
183
183
226
229
197
224
235
177
181
195
206
260
299
348
382
326
326
335
384
347
359
412
426
409
418
463
515
532
482
488
441
382
312
265
204
149
75
17
-30
-45
-135
-156
-168
-141
-123
-135
-79
-68
6
27
144
161
182
189
163
117
53
-51
-134
-193
-266
-278
-366
-422
-455
-463
-391
-355
-258
-185
-116
-12
-33
-55
-88
-104
-163
-242
-229
-280
-256
-160
-100
-30
58
75
72
98
59
79
118
150
191
148
119
86
31
-75
-163
-259
-260
-231
-285
-242
-263
-225
-197
-170
-203
-241
-255
-317
-341
-406
-430
-412
-427
-373
-387
-313
-249
-215
-125
-87
-26
44
11
-2
59
30
-4
17
12
9
-10
-86
-124
-198
-154
-128
-88
-18
61
103
105
119
88
106
48
43
-2
-21
-42
-55
-60
-43
3
29
112
162
131
169
184
256
274
283
299
234
163
51
13
-49
-129
-170
-223
-245
-256
-244
-231
-187
-61
-34
26
103
181
251
252
224
176
163
65
2
0
-37
-50
-102
-114
-136
-146
-111
-52
14
84
135
179
145
134
94
44
11
-9
-58
-43
-60
-42
-30
21
57
79
183
173
203
219
165
237
266
187
164
120
60
55
28
24
89
82
101
54
93
21
-51
-96
-138
-109
-183
-229
-309
-318
-306
-319
-289
-249
-189
-178
-137
-51
-10
73
163
215
267
224
182
151
43
-68
-181
-265
-370
-428
-497
-420
-365
-349
-231
-203
-177
-148
-163
-130
-121
-98
-119
-123
-111
-116
-141
-198
-269
-358
-382
-413
-385
-365
-339
-264
-152
-66
25
82
128
119
141
92
14
-71
-156
-185
-226
-265
-346
-280
-298
-247
-229
-171
-120
-107
5
18
92
114
119
178
135
91
122
81
94
116
128
117
121
108
100
99
105
106
77
99
72
7
-57
-45
13
24
80
160
204
224
250
308
391
439
468
493
488
458
427
383
338
218
157
130
95
90
95
82
106
132
173
193
238
270
305
285
316
314
209
149
5
-87
-178
-239
-291
-349
-353
-367
-331
-283
-227
-210
-121
-80
-37
20
0
31
-14
-47
-73
-118
-169
-247
-335
-390
-367
-400
-373
-318
-261
-216
-197
-112
-103
-76
26
57
44
59
4
-44
-47
-113
-193
-207
-185
-226
-231
-219
-189
-218
-226
-210
-248
-232
-286
-318
-278
-289
-323
-376
-410
-434
-416
-360
-339
-293
-282
-268
-234
-219
-180
-158
-208
-204
-233
-312
-320
-360
-338
-303
-215
-174
-117
-28
16
56
102
131
142
174
155
106
55
32
-38
-38
-49
-49
-28
-30
1
39
107
134
239
315
325
371
469
504
493
483
462
426
423
382
317
257
182
120
108
51
-13
-27
-41
-56
-20
-40
-80
-20
27
3
-59
0
7
-60
-61
-68
-119
-91
-134
-70
-7
22
38
79
140
136
160
130
139
97
66
38
-5
-28
-55
-33
-40
-28
-1
-15
10
39
36
-3
-11
-53
-114
-160
-173
-147
-170
-174
-139
-105
-129
-107
-27
10
23
74
80
82
46
-26
-90
-178
-226
-330
-397
-445
-496
-562
-592
-571
-513
-473
-398
-370
-315
-239
-181
-101
-43
-5
-88
-55
-72
-151
-115
-153
-193
-165
-173
-187
-173
-217
-173
-142
-134
-64
-18
-4
-9
58
64
71
69
35
-36
-56
-49
-75
-31
-15
32
87
133
175
191
183
172
168
148
95
34
-27
-102
-137
-111
-115
-67
-78
-70
-18
11
11
65
122
93
73
49
33
1
-25
-42
-25
-32
-19
-17
-30
36
26
32
42
32
43
98
101
90
98
40
1
15
-47
-64
-100
-111
-74
-121
-106
-99
-45
-19
-27
-53
-57
-30
-48
-60
-77
-54
-45
-54
-99
-136
-150
-180
-231
-257
-250
-252
-204
-157
-109
-99
-102
-97
-198
-207
-193
-166
-222
-280
-263
-254
-310
-322
-300
-310
-303
-288
-284
-280
-236
-235
-203
-186
-130
-126
-126
-95
-79
-69
-47
-48
-49
-41
-37
-24
26
33
34
13
18
-26
-98
-110
-136
-157
-189
-203
-199
-208
-174
-92
-86
-65
2
33
36
88
133
117
123
166
100
139
184
158
149
114
115
99
97
61
69
74
57
72
71
120
124
150
157
166
115
59
35
26
43
51
67
65
99
104
168
183
181
