-1129
-1110
-1060
-953
-890
-845
-763
-716
-685
-627
-601
-516
-476
-480
-409
-386
-328
-258
-216
-193
-171
-139
-107
-81
-34
-33
-15
24
57
75
90
117
131
118
117
140
125
120
84
94
59
34
18
50
55
-10
1
34
-16
10
34
53
68
78
119
118
194
283
289
356
456
597
723
860
999
1073
1199
1296
1382
1464
1567
1590
1661
1679
1642
1652
1658
1607
1547
1473
1417
1327
1203
1087
989
902
822
729
565
538
468
393
296
215
172
119
11
13
-81
-196
-316
-426
-445
-559
-622
-767
-857
-940
-1035
-1067
-1129
-1172
-1233
-1280
-1243
-1263
-1253
-1313
-1297
-1259
-1263
-1269
-1266
-1229
-1215
-1199
-1181
-1160
-1106
-1040
-961
-943
-897
-842
-785
-709
-702
-626
-567
-508
-438
-351
-298
-244
-207
-169
-143
-102
-29
-9
-4
52
99
73
115
165
162
142
148
159
157
174
136
126
106
103
76
77
61
4
-23
-6
35
-20
-73
-60
-20
-72
-29
7
0
25
46
74
138
181
254
321
408
475
609
711
807
898
945
1073
1172
1262
1342
1400
1450
1479
1497
1506
1484
1461
1424
1361
1306
1239
1082
983
950
825
744
652
541
470
413
326
267
219
105
94
-17
-96
-153
-244
-315
-365
-416
-520
-612
-707
-790
-834
-935
-979
-1050
-1107
-1153
-1191
-1243
-1254
-1237
-1266
-1263
-1234
-1276
-1232
-1221
-1167
-1139
-1109
-1055
-998
-921
-937
-888
-832
-731
-692
-634
-628
-585
-507
-478
-415
-344
-297
-260
-180
-94
-49
-54
-19
39
46
72
80
80
90
115
113
106
124
116
147
161
133
150
127
108
77
41
9
-9
0
-62
-60
-58
-99
-37
-64
-64
-29
-3
6
-23
51
49
86
158
221
302
408
416
533
625
691
815
889
1018
1081
1199
1279
1358
1427
1493
1559
1599
1563
1559
1519
1486
1462
1344
1267
1134
1044
915
803
705
572
477
451
336
261
222
137
102
61
-25
-75
-119
-235
-303
-406
-514
-644
-684
-730
-825
-917
-999
-1014
-1084
-1082
-1111
-1157
-1164
-1171
-1163
-1195
-1209
-1203
-1195
-1186
-1194
-1170
-1165
-1084
-1000
-975
-960
-873
-768
-730
-659
-593
-512
-481
-443
-387
-387
-388
-283
-224
-197
-152
-99
-60
-42
32
21
54
76
87
90
109
143
141
118
84
95
87
107
108
112
81
75
58
59
41
11
23
-28
-35
-83
-68
-76
-87
-91
-100
-73
-84
-21
5
74
120
118
175
203
249
367
404
453
543
622
701
845
930
984
1065
1101
1223
1272
1319
1346
1396
1414
1389
1381
1339
1256
1232
1122
1014
888
803
722
649
554
464
410
299
224
189
116
45
-6
-56
-161
-154
-223
-312
-398
-482
-512
-627
-676
-729
-786
-854
-916
-956
-1036
-1045
-1089
-1077
-1104
-1101
-1124
-1162
-1142
-1149
-1131
-1098
-1058
-1044
-1010
-1016
-987
-899
-841
-796
-709
-648
-587
-547
-517
-485
-461
-460
-375
-308
-249
-220
-215
-175
-188
-101
-119
-130
-76
-63
-85
-70
-52
-82
-61
-104
-99
-104
-138
-136
-174
-146
-181
-186
-203
-196
-190
-195
-176
-201
-179
-143
-170
-197
-168
-116
-123
-70
-33
-14
37
90
156
195
216
284
366
453
525
616
700
779
855
941
1056
1176
1256
1302
1426
1458
1496
1508
1522
1561
1549
1491
1476
1370
1309
1150
1068
1003
887
829
695
609
494
435
346
300
196
128
88
22
-93
-123
-229
-325
-354
-463
-561
-690
-743
-865
-922
-980
-1020
-1048
-1115
-1172
-1179
-1173
-1229
-1199
-1227
-1243
-1238
-1223
-1151
-1156
-1121
-1071
-1068
-1031
-1003
-947
-887
-808
-733
-664
-615
-620
-548
-434
-408
-330
-328
-302
-260
-236
-164
-168
-124
-87
-45
-21
-22
7
19
29
64
59
25
24
40
7
4
-18
-4
-3
-29
-79
-70
-43
-67
-61
-108
-93
-109
-58
-82
-81
-9
-10
-3
9
32
33
83
115
150
163
245
290
345
380
411
519
593
681
753
892
963
1056
1137
1230
1301
1336
1399
1420
1484
1487
1465
1459
1414
1281
1196
1085
1031
895
795
704
594
510
390
336
296
187
89
17
-41
-65
-146
-201
-280
-332
-390
-466
-532
-640
-682
-753
-812
-892
-919
-963
-1012
-1080
-1099
-1193
-1299
-1357
-1417
-1428
-1420
-1361
-1308
-1281
-1232
-1217
-1200
-1071
-1011
-968
-879
-829
-750
-664
-579
-500
-404
-334
-255
-205
-185
-132
-112
-115
-68
-107
-115
-135
-156
-154
-122
-82
-131
-164
-127
-155
-207
-239
-256
-310
-307
-323
-332
-388
-452
-488
-600
-628
-731
-760
-734
-680
-594
-419
-156
54
334
485
634
802
969
1080
1228
1364
1554
1770
1940
2179
2299
2561
2831
3094
3363
3588
3748
3842
3818
3593
3220
2658
1948
1138
275
-553
-1303
-2061
-2542
-2883
-2966
-2810
-2566
-2168
-1687
-1224
-862
-569
-310
-100
-70
-58
-44
-5
108
294
579
941
1316
1695
1995
2193
2279
2212
1920
1423
819
154
-596
-1258
-1880
-2335
-2590
-2715
-2605
-2408
-2094
-1682
-1295
-1051
-871
-820
-815
-969
-1120
-1356
-1575
-1625
-1736
-1670
-1555
-1357
-1163
-942
-746
-619
-538
-582
-632
-732
-826
-922
-976
-936
-845
-679
-504
-302
-71
103
240
331
329
379
397
444
572
656
921
1184
1522
1881
2237
2687
3023
3280
3566
3762
3970
4134
4263
4472
4695
4860
4966
4998
4949
4803
4188
3189
2030
522
-1121
-2771
-4334
-5473
-6436
-7182
-7268
-6842
-5957
-4632
-3228
-1632
-58
1139
2211
3070
3600
3985
3921
3702
3499
3162
2932
2868
2740
2622
2580
2296
1831
1302
604
-272
-1371
-2601
-3907
-5003
-5895
-6532
-6727
-6515
-5902
-5082
-4033
-2670
-1258
59
1216
2068
2783
3204
3292
3232
3011
2743
2437
1961
1547
1188
800
346
-164
-860
-1564
-2377
-3319
-4112
-4832
-5356
-5642
-5728
-5522
-4989
-4260
-3408
-2501
-1538
-615
187
857
1368
1837
2091
2263
2312
2302
2303
2160
1935
1647
1311
823
344
-248
-713
-1106
-1381
-1466
-1372
-1012
-420
346
1149
2108
3148
4156
5159
6006
6800
7356
7525
7539
7286
6571
5361
3883
1953
-157
-2192
-4289
-5846
-7174
-8302
-8751
-8666
-8081
-6979
-5608
-4002
-2241
-858
457
1738
2650
3527
3965
4163
4406
4346
4304
4337
4290
4228
4041
3652
3165
2476
1566
505
-769
-2145
-3458
-4736
-5825
-6608
-7028
-6928
-6430
-5585
-4504
-3189
-1725
-347
946
1977
2752
3359
3559
3515
3278
2881
2521
2020
1368
797
150
-546
-1205
-1884
-2596
-3295
-3956
-4543
-4960
-5176
-5238
-4997
-4501
-3875
-2976
-2099
-1088
-70
903
1728
2352
2810
3131
3193
3074
2924
2586
2178
1747
1231
784
445
71
-163
-258
-230
-29
240
632
1164
1755
2429
3115
3858
4627
5295
5803
6102
6170
6045
5325
4098
2618
602
-1529
-3535
-5324
-6760
-7941
-8626
-8611
-8022
-6917
-5260
-3430
-1484
356
1731
3013
3919
4464
4751
4591
4269
3783
3173
2670
2289
2101
1947
1685
1310
818
233
-510
-1334
-2370
-3444
-4484
-5423
-6061
-6226
-5932
-5170
-4007
-2630
-1102
517
2125
3491
4550
5138
5288
5009
4348
3476
2461
1391
355
-710
-1751
-2623
-3446
-4095
-4647
-5020
-5268
-5432
-5480
-5278
-4787
-4143
-3253
-2262
-1110
67
1179
2185
3123
3772
4174
4306
4074
3635
3105
2463
1798
1075
442
-144
-669
-1007
-1277
-1435
-1395
-1219
-917
-415
95
817
1699
2605
3500
4450
5461
6427
7151
7605
7877
7742
7110
5800
3944
1709
-1007
-3662
-6153
-8339
-9824
-10991
-11378
-10770
-9548
-7626
-5259
-2793
-201
1928
3607
5115
6010
6436
6447
5937
5352
4540
3632
2907
2240
1611
996
313
-465
-1283
-2207
-3135
-4211
-5272
-6221
-6902
-7246
-7120
-6429
-5282
-3687
-1834
115
2110
4020
5508
6615
7171
7101
6590
5552
4332
2974
1524
112
-1198
-2406
-3374
-4232
-4970
-5417
-5763
-5948
-5897
-5831
-5434
-4783
-3901
-2780
-1540
-179
1178
2433
3461
4267
4742
4929
4676
4135
3397
2468
1449
518
-274
-1026
-1562
-2024
-2247
-2350
-2400
-2220
-1897
-1393
-681
190
1147
2127
3198
4307
5389
6510
7500
8333
8914
9144
9024
8560
7451
5518
3064
147
-3223
-6329
-9146
-11343
-12641
-13512
-13335
-12016
-10020
-7166
-3981
-827
2303
4685
6413
7837
8508
8638
8190
7138
5994
4636
3173
2013
936
-18
-891
-1960
-2953
-3904
-4886
-5751
-6592
-7268
-7585
-7629
-7206
-6161
-4566
-2602
-309
1981
4118
6049
7558
8532
8862
8508
7581
6145
4205
2327
467
-1356
-2921
-4296
-5353
-6117
-6586
-6846
-6941
-6866
-6477
-5978
-5317
-4193
-2898
-1441
265
1900
3449
4898
5883
6562
6854
6494
5811
4739
3377
2052
595
-646
-1638
-2481
-2959
-3123
-3249
-3180
-2967
-2763
-2420
-1944
-1367
-507
514
1612
2858
4178
5503
6723
7981
9024
9762
10249
10260
9742
8701
7187
4789
1852
-1324
-5059
-8488
-11402
-13652
-14573
-14894
-14360
-12416
-9887
-6682
-2952
472
3873
6587
8282
9589
10074
9837
9150
7705
6071
4393
2445
741
-644
-1924
-3015
-4140
-5254
-6109
-6969
-7627
-7941
-8080
-7862
-7229
-6176
-4643
-2595
-232
2232
4602
6571
8104
9120
9359
9027
7992
6285
4260
1823
-581
-2805
-4785
-6275
-7396
-8142
-8467
-8487
-8195
-7591
-6793
-5732
-4527
-3140
-1647
17
1787
3468
4918
6100
6954
7182
6958
6292
5204
3778
2123
506
-995
-2265
-3098
-3552
-3675
-3428
-2933
-2361
-1695
-1122
-654
-204
63
519
1056
1627
2538
3441
4450
5687
6793
7894
8850
9393
9764
9717
8979
7925
6389
4221
1332
-1945
-5260
-8722
-11593
-13585
-14531
-14441
-13705
-11897
-8977
-5689
-1991
1736
4979
7882
9608
10429
10825
10223
9173
7634
5442
3427
1325
-816
-2443
-3836
-4972
-5822
-6793
-7418
-7797
-8133
-8020
-7650
-7031
-5938
-4664
-2994
-849
1450
3801
5982
7732
8898
9539
9405
8681
7327
5428
3149
602
-1939
-4157
-6001
-7466
-8278
-8662
-8645
-8262
-7524
-6495
-5371
-4179
-2815
-1444
-58
1395
2774
4052
5173
5963
6422
6422
5934
5118
3899
2473
843
-889
-2348
-3560
-4374
-4711
-4568
-4020
-3164
-2113
-1079
-149
680
1212
1509
1736
1807
2013
2368
2832
3492
4340
5282
6159
7024
7711
8212
8441
8233
7672
6739
5372
3756
1942
-589
-3227
-5830
-8648
-10700
-12079
-12678
-12161
-11177
-9484
-6671
-3825
-551
2935
5804
8455
10046
10561
10696
9891
8519
6813
4484
2186
-107
-2472
-4216
-5464
-6347
-6797
-7258
-7422
-7272
-7052
-6504
-5714
-4820
-3728
-2531
-1159
539
2316
4166
5889
7222
7991
8225
7883
6912
5555
3646
1388
-1026
-3465
-5586
-7273
-8447
-9019
-8985
-8612
-7857
-6814
-5504
-4020
-2544
-1033
404
1621
2611
3637
4471
5090
5452
5385
5044
4291
3250
2117
679
-763
-2049
-3231
-3999
-4329
-4246
-3666
-2875
-1856
-688
203
1057
1676
1986
2166
2141
2154
2116
2272
2732
3253
4040
4935
5718
6568
7205
7587
7869
7541
6875
5962
4491
2929
842
-1830
-4181
-6887
-9361
-10789
-11691
-11547
-10601
-9359
-6884
-4057
-1156
2288
5173
7661
9474
10004
10042
9501
8076
6563
4518
2231
260
-1962
-3716
-4888
-5725
-6113
-6416
-6608
-6512
-6368
-6034
-5352
-4543
-3616
-2624
-1458
-5
1654
3428
4993
6341
7165
7403
7049
6122
4871
3203
1083
-1178
-3421
-5462
-6999
-8070
-8482
-8349
-7855
-7122
-6244
-5099
-3793
-2468
-1184
53
1004
1796
2582
3191
3719
4060
4081
3643
3003
2175
1152
42
-1004
-1852
-2628
-3225
-3350
-3097
-2502
-1598
-705
235
992
1509
1786
1861
1896
1788
1782
1779
2002
2592
3292
4151
5125
6015
6817
7374
7678
7810
7404
6681
5601
4111
2256
-205
-2762
-5295
-7980
-9864
-11045
-11472
-10872
-9816
-7794
-5048
-2231
1016
4188
6688
8897
9963
10193
10064
9022
7579
5710
3433
1355
-815
-2858
-4260
-5418
-6169
-6606
-6933
-6915
-6698
-6358
-5721
-4889
-3884
-2783
-1571
-157
1409
3011
4594
5916
6750
7161
7053
6348
5166
3674
1872
-234
-2419
-4386
-6111
-7281
-7921
-7980
-7587
-6980
-6132
-5062
-3852
-2561
-1280
-116
875
1674
2402
2967
3415
3663
3649
3377
2755
1883
961
-111
-1187
-1979
-2665
-3230
-3390
-3216
-2661
-1767
-813
74
879
1394
1705
1795
1696
1570
1419
1367
1490
1835
2462
3362
4273
5360
6279
6932
7517
7707
7585
7134
6187
4944
3022
373
-2016
-4888
-7711
-9626
-11139
-11570
-11128
-10371
-8162
-5358
-2572
952
3961
6532
8764
9656
9984
9858
8763
7477
5611
3399
1516
-622
-2483
-3787
-4886
-5625
-6200
-6679
-6798
-6759
-6611
-6001
-5199
-4214
-3059
-1726
-197
1557
3285
4806
6220
6987
7262
7074
6223
4945
3393
1474
-633
-2696
-4558
-5939
-7019
-7547
-7437
-7053
-6371
-5573
-4576
-3539
-2543
-1443
-425
442
1274
2061
2636
3139
3577
3712
3496
2990
2195
1263
103
-864
-1685
-2439
-2841
-3055
-2867
-2333
-1671
-864
-59
574
1026
1071
1049
916
699
674
809
1154
1751
2625
3453
4538
5630
6639
7420
7752
7966
7703
6941
5928
4509
2161
-502
-3252
-6500
-9109
-10903
-12011
-11913
-11371
-9883
-7203
-4456
-1201
2431
5259
7834
9474
10001
10271
9604
8369
6930
4813
2860
921
-1256
-2774
-3838
-4791
-5423
-6058
-6501
-6565
-6682
-6444
-5747
-4932
-3888
-2583
-1144
589
2439
4123
5693
6883
7459
7495
6889
5752
4341
2508
408
-1602
-3532
-5086
-6269
-7082
-7250
-7027
-6598
-5948
-5078
-4122
-3181
-2181
-1128
-223
678
1519
2212
2866
3305
3465
3283
2834
2224
1390
436
-519
-1346
-1891
-2227
-2222
-1861
-1306
-557
160
865
1378
1550
1603
1353
976
624
329
304
598
1107
2011
2911
3875
5110
6085
6902
7550
7743
7601
6974
5945
4525
2077
-542
-3360
-6764
-9240
-11003
-12052
-11814
-11156
-9383
-6529
-3728
-271
3200
5895
8314
9435
9665
9663
8602
7214
5521
3398
1579
-287
-2152
-3221
-4160
-4904
-5474
-6047
-6281
-6495
-6556
-6274
-5617
-4669
-3519
-2195
-642
1278
3180
4886
6349
7316
7684
7444
6594
5356
3788
1786
-300
-2294
-4094
-5321
-6326
-6821
-6673
-6422
-5875
-5352
-4676
-3656
-2825
-1918
-807
46
1001
1818
2528
3304
3601
3684
3421
2728
1914
882
-214
-1213
-2030
-2583
-2742
-2653
-2010
-1224
-447
364
1012
1533
1687
1592
1429
1160
886
779
735
1139
1784
2558
3516
4479
5368
6163
6768
7154
7329
7082
6469
5683
4352
2030
-258
-3075
-6380
-8663
-10600
-11618
-11589
-11362
-9593
-6985
-4433
-748
2606
5439
8000
9015
9430
9548
8426
7139
5365
3016
1260
-882
-2798
-3823
-4708
-5257
-5632
-6066
-6068
-6049
-6069
-5556
-4854
-3976
-2943
-1871
-452
1301
2943
4470
5840
6683
6959
6710
5807
4647
3156
1317
-593
-2542
-4221
-5366
-6226
-6528
-6239
-5888
-5301
-4703
-4030
-2977
-2121
-1252
-71
750
1507
2265
2794
3410
3702
3574
3181
2429
1504
510
-616
-1527
-2101
-2642
-2764
-2544
-2000
-1109
-273
652
1570
2048
2370
2364
2143
2024
1764
1582
1586
1703
2260
2868
3463
4400
5170
5835
6423
6523
6544
6245
5486
4264
1977
-338
-3163
-6565
-8842
-10589
-11554
-11334
-10959
-9105
-6328
-3683
-39
3302
6036
8501
9325
9565
9445
8223
6937
5077
3006
1339
-797
-2567
-3526
-4503
-5231
-5798
-6436
-6693
-6963
-7145
-6765
-6010
-4892
-3608
-2022
-115
1964
3904
5501
6976
7709
7782
7226
5909
4401
2553
373
-1664
-3584
-5149
-6132
-6838
-6921
-6428
-5841
-5187
-4562
-3714
-2940
-2359
-1440
-510
306
1254
1974
2782
3498
3912
4073
3759
3154
2299
983
-341
-1379
-2283
-2922
-3180
-2980
-2503
-1711
-791
223
1168
1972
2485
2671
2694
2575
2475
2418
2410
2689
3035
3411
3944
4551
5134
5558
5914
5985
5860
5484
4907
4345
3088
1040
-748
-3306
-6112
-7822
-9492
-10144
-9889
-9632
-7885
-5768
-3480
-94
2714
5239
7453
8139
8552
8443
7361
6378
4675
2727
1099
-999
-2687
-3696
-4632
-5206
-5727
-6223
-6387
-6552
-6466
-5940
-5130
-4053
-2746
-1278
401
2362
4099
5663
7018
7629
7650
6937
5618
4111
2126
10
-2024
-4026
-5564
-6706
-7462
-7430
-7027
-6425
-5666
-5046
-4122
-3188
-2369
-1275
-180
862
1800
2661
3566
4197
4612
4637
4191
3435
2320
985
-357
-1572
-2481
-3139
-3531
-3423
-2961
-2181
-1281
-289
763
1580
2171
2529
2828
2992
3174
3319
3554
4001
4469
4862
5258
5755
6091
6256
6334
6115
5651
4975
4196
2843
707
-1216
-3810
-6641
-8386
-9813
-10311
-9901
-9342
-7365
-5049
-2724
608
3410
5813
7876
8333
8542
8227
7087
6032
4287
2505
1050
-945
-2549
-3479
-4401
-5081
-5822
-6470
-6817
-7208
-7280
-6811
-5955
-4769
-3285
-1563
411
2636
4576
6358
7765
8376
8335
7541
6080
4428
2320
-46
-2204
-4356
-5965
-7045
-7724
-7670
-7188
-6542
-5923
-5207
-4301
-3518
-2573
-1551
-573
444
1402
2383
3346
4084
4683
4786
4383
3767
2685
1488
245
-946
-1873
-2722
-3271
-3471
-3306
-2682
-2039
-1236
-359
300
913
1601
2180
2877
3610
4150
4805
5385
5926
6352
6554
6742
6718
6438
6033
5383
4686
3931
2721
795
-1161
-3511
-6323
-8350
-9794
-10552
-10286
-9763
-8036
-5421
-2865
505
3622
6126
8425
9278
9364
9148
7967
6582
4846
2883
1360
-447
-2103
-2994
-3800
-4502
-5160
-5918
-6466
-6883
-7254
-7130
-6626
-5754
-4452
-2857
-911
1438
3561
5489
7157
8102
8542
8158
6953
5497
3609
1334
-771
-3034
-4806
-6009
-7041
-7379
-7195
-6964
-6463
-6058
-5547
-4685
-3971
-2913
-1685
-563
753
1887
2910
3985
4613
4968
4792
4048
3214
2015
643
-470
-1442
-2289
-2791
-3087
-3051
-2663
-2195
-1570
-899
-344
229
734
1215
1979
2827
3651
4635
5520
6449
7178
7711
8176
8254
8018
7400
6476
5399
4028
2384
-163
-2460
-4983
-8016
-9747
-10897
-11266
-10405
-9557
-7499
-4496
-1948
1510
4446
6688
8818
9175
9094
8821
7558
6351
4647
2802
1422
-329
-1779
-2574
-3403
-4135
-4937
-5860
-6454
-6926
-7149
-6923
-6178
-5140
-3807
-2102
-171
2111
4066
5688
6944
7369
7351
6762
5524
4198
2463
510
-1275
-3075
-4246
-5078
-5789
-5891
-5870
-5755
-5422
-5057
-4411
-3817
-3132
-2324
-1624
-705
287
1156
1938
2624
3144
3264
3191
2958
2486
1947
1202
465
-108
-732
-1167
-1455
-1631
-1744
-1784
-1735
-1555
-1242
-744
-77
598
1653
2600
3596
4649
5602
6538
7182
7583
7806
7802
7555
7157
6395
5352
4316
2166
-512
-2845
-6034
-8680
-10456
-11776
-11617
-11018
-9820
-7015
-4232
-1003
2645
5167
7694
9136
9075
8998
8067
6830
5508
3530
1975
605
-918
-1830
-2500
-3199
-3891
-4778
-5645
-6262
-6685
-6805
-6360
-5619
-4495
-2936
-1275
896
3092
4740
6209
6912
6895
6517
5447
4141
2786
999
-560
-2146
-3476
-4050
-4653
-4815
-4610
-4662
-4541
-4389
-4163
-3632
-3327
-2809
-2196
-1651
-831
42
844
1640
2174
2470
2470
2308
2068
1773
1288
848
365
-181
-499
-829
-1003
-1042
-1188
-1337
-1378
-1400
-1117
-664
-170
714
1529
2447
3538
4231
5175
5879
6235
6689
6693
6722
6633
6237
5999
5301
4438
2587
158
-2037
-5226
-7851
-9569
-11045
-10943
-10480
-9292
-6478
-3950
-684
2627
4849
7194
8049
7889
7776
6649
5507
4156
2526
1449
224
-850
-1389
-1908
-2475
-3236
-4135
-5030
-5759
-6195
-6343
-5846
-4969
-3743
-2042
-246
2013
3979
5276
6483
6595
6148
5403
3907
2541
1032
-550
-1744
-2868
-3491
-3644
-3777
-3493
-3133
-3047
-3010
-2978
-2861
-2677
-2502
-2133
-1634
-1094
-385
343
957
1568
1978
1991
1859
1516
1086
765
321
38
-141
-471
-592
-706
-806
-784
-891
-989
-915
-799
-544
-94
547
1374
2249
3179
4032
4899
5455
5814
6017
5977
5946
5771
5412
5211
4753
4284
3618
1669
-120
-2427
-5659
-7634
-9363
-10373
-10070
-9736
-8104
-5579
-3181
159
2949
5041
6923
7193
6947
6503
5301
4188
2874
1511
569
-472
-1316
-1627
-2019
-2625
-3324
-4335
-5362
-5963
-6423
-6341
-5650
-4731
-3163
-1422
479
2780
4494
5748
6598
6372
5862
4737
3235
1904
267
-1051
-2247
-3182
-3471
-3766
-3783
-3546
-3507
-3327
-3352
-3324
-2928
-2686
-2169
-1570
-920
-31
768
1457
2032
2339
2336
2130
1651
1170
751
308
-18
-267
-387
-527
-687
-822
-920
-1173
-1400
-1516
-1549
-1215
-818
-84
915
1802
2987
4060
4893
5716
6057
6128
6075
5691
5409
5034
4626
4428
4138
3671
3379
2230
379
-1340
-4052
-6668
-8405
-9897
-10125
-9583
-8689
-6282
-3832
-1087
2118
4233
6163
7153
6714
6320
5375
4043
2990
1677
673
-97
-1064
-1566
-1977
-2637
-3424
-4486
-5695
-6545
-7202
-7354
-6624
-5557
-3973
-1886
158
2495
4539
5829
6800
6856
6207
5359
3840
2318
909
-563
-1595
-2630
-3270
-3547
-4011
-4157
-4124
-4364
-4343
-4365
-4173
-3600
-2964
-2000
-989
38
1106
1930
2510
2948
2939
2772
2261
1724
1267
752
335
53
-195
-421
-683
-1028
-1361
-1685
-1979
-2167
-2094
-1757
-1130
-270
833
2084
3252
4248
5134
5648
6005
6040
5877
5565
5214
4899
4621
4556
4387
4139
3768
3008
1032
-1000
-3401
-6434
-8229
-9731
-10350
-9500
-8583
-6362
-3605
-1121
2029
4270
5764
6804
6323
5611
4756
3583
2745
1792
987
506
-164
-825
-1301
-2201
-3408
-4780
-6349
-7532
-8124
-8321
-7519
-6036
-4214
-1836
498
2829
4950
6138
6928
6950
6172
5329
3978
2678
1585
449
-407
-1229
-2044
-2576
-3462
-4350
-4935
-5620
-6052
-6142
-5841
-5038
-3991
-2700
-1155
208
1515
2493
3005
3388
3380
3086
2714
2356
2010
1619
1249
965
506
-101
-632
-1373
-2070
-2668
-3199
-3363
-3184
-2607
-1757
-547
845
2231
3582
4571
5415
6011
6201
6258
6065
5855
5516
5227
5046
4821
4778
4582
4130
3547
2516
321
-1795
-4254
-7072
-8754
-9865
-9961
-8836
-7520
-5183
-2405
0
2791
4592
5661
6311
5692
4923
4235
3376
2856
2326
1816
1514
725
-115
-1094
-2505
-4126
-5848
-7577
-8742
-9170
-9071
-7840
-6062
-3952
-1469
741
2883
4628
5516
6123
6200
5604
5022
4168
3375
2648
1792
1050
-51
-1216
-2401
-3873
-5318
-6305
-7102
-7539
-7256
-6626
-5609
-4242
-2739
-1201
144
1346
2271
2743
3146
3398
3357
3403
3395
3250
2986
2406
1808
876
-272
-1311
-2413
-3404
-4102
-4485
-4449
-3912
-2992
-1870
-530
931
2155
3280
4176
5042
5689
6036
6292
6250
6215
6073
5730
5526
5106
4647
4234
3619
3010
2243
1268
-690
-2501
-4592
-7111
-8330
-9096
-9010
-7757
-6652
-4553
-2221
-301
2211
3696
4752
5550
5100
4769
4491
3902
3779
3391
2916
2428
1424
292
-1047
-2673
-4434
-6082
-7730
-8744
-8886
-8573
-7252
-5437
-3480
-1267
621
2385
3857
4592
5360
5536
5258
5211
4634
4063
3550
2630
1595
157
-1514
-2963
-4648
-6047
-6837
-7514
-7511
-7058
-6388
-5167
-4000
-2606
-1187
-101
1139
2043
2607
3257
3634
3880
4081
4010
3795
3185
2224
1159
-126
-1414
-2444
-3445
-4113
-4351
-4361
-3898
-3085
-2050
-723
424
1575
2681
3486
4350
5133
5548
6085
6119
6104
6222
5887
5716
5282
4683
4268
3598
2947
2518
1849
1254
-405
-2145
-3924
-6375
-7597
-8307
-8355
-7397
-6412
-4624
-2583
-741
1534
3151
4219
5075
4896
4535
4433
4209
4147
3961
3597
2972
1922
582
-805
-2416
-4226
-5840
-7502
-8480
-8527
-8104
-6793
-5040
-3199
-1214
512
2118
3535
4311
5073
5507
5285
5291
5019
4435
3986
2989
1746
156
-1687
-3305
-5048
-6296
-6963
-7537
-7484
-6969
-6333
-5229
-4053
-2739
-1489
-432
714
1577
2376
3237
3907
4387
4702
4692
4135
3257
2119
821
-588
-1942
-3078
-4011
-4546
-4586
-4270
-3650
-2711
-1724
-659
439
1423
2390
3204
3965
4630
5066
5399
5665
5849
5855
5715
5460
4991
4539
3999
3478
3049
2746
2301
1639
242
-1447
-3086
-5427
-6967
-7840
-8207
-7590
-6768
-5488
-3508
-1743
267
2012
3100
4045
4195
4044
4265
4308
4347
4439
4122
3637
2753
1481
121
-1486
-3335
-4992
-6516
-7473
-7626
-7401
-6399
-4968
-3508
-1810
-431
839
2209
3029
3763
4441
4613
4851
4934
4620
4272
3470
2228
741
-1070
-2721
-4309
-5682
-6319
-6755
-6939
-6435
-5890
-4991
-3955
-3014
-1915
-1102
-116
912
1818
2985
3956
4503
4851
4755
4139
3151
1990
699
-828
-2109
-3076
-3751
-4037
-3726
-3327
-2773
-2055
-1434
-713
143
949
1607
2321
2996
3503
4087
4630
5050
5228
5181
4916
4506
4118
3706
3397
3078
2977
2827
2737
2644
2372
1277
-353
-2055
-4640
-6555
-7667
-8271
-7662
-6870
-5638
-3808
-2252
-342
1088
1994
2838
2867
2713
2994
3372
3870
4306
4435
4323
3603
2508
1216
-372
-2186
-3829
-5459
-6465
-6601
-6385
-5393
-4130
-2973
-1800
-914
-12
874
1449
2282
2872
3285
3735
4034
4209
3993
3338
2310
803
-855
-2263
-3682
-4672
-5280
-5591
-5597
-5206
-4587
-3977
-3436
-2801
-2152
-1592
-772
251
1291
2338
3192
3670
3861
3714
3134
2108
1028
-133
-1295
-2173
-2468
-2475
-2310
-1980
-1673
-1336
-941
-536
-108
257
753
1267
1591
2231
2890
3370
3765
4061
4046
3809
3575
3370
3159
2962
2851
2710
2676
2862
2906
3023
3025
2773
1877
272
-1208
-3231
-5187
-6153
-6697
-6497
-5753
-4952
-3618
-2483
-1335
-253
262
794
1217
1369
1892
2725
3403
4152
4590
4774
4411
3491
2432
1062
-633
-2066
-3281
-4217
-4469
-4359
-3954
-3349
-2768
-2305
-1887
-1467
-943
-526
-12
655
1237
1934
2525
2849
2862
2475
1734
850
-193
-1077
-1869
-2570
-2919
-3114
-3195
-3048
-2927
-2756
-2643
-2592
-2270
-1908
-1287
-475
225
897
1371
1569
1552
1336
812
152
-405
-785
-967
-872
-495
-49
347
572
693
688
615
482
388
518
793
1141
1494
1930
2217
2224
2292
2185
1958
1856
1761
1847
2084
2371
2642
2929
3282
3475
3456
3379
3251
3124
2492
1265
296
-1519
-3342
-4431
-5344
-5463
-5401
-5331
-4807
-4412
-3819
-2972
-2369
-1384
-496
102
1138
2328
3393
4471
5055
5299
5132
4193
3201
2071
703
-419
-1449
-2258
-2579
-2926
-2983
-3008
-3180
-3311
-3601
-3752
-3629
-3414
-2781
-1745
-804
262
1282
1813
2193
2168
1784
1432
738
126
-348
-783
-898
-1103
-1126
-1016
-1205
-1382
-1644
-1989
-2045
-2136
-2148
-1950
-1825
-1647
-1507
-1350
-1056
-852
-733
-517
-347
31
543
1063
1675
2069
2223
2255
2045
1924
1767
1511
1355
1107
1009
959
755
631
459
130
-57
-205
-125
102
350
936
1542
1993
2579
3032
3338
3589
3722
3805
3839
3845
3927
3981
3268
2290
1019
-1020
-2637
-4134
-5308
-5786
-6179
-6019
-5543
-4858
-3596
-2428
-1361
-81
592
1224
2134
2734
3474
3934
4136
4313
4037
3678
3313
2519
1772
987
-53
-789
-1509
-2090
-2567
-3224
-3665
-3976
-4249
-4176
-3919
-3506
-2815
-2104
-1370
-569
-57
393
642
623
723
783
813
960
1043
1096
1196
1198
1200
808
261
-509
-1556
-2374
-3022
-3445
-3584
-3624
-3383
-3118
-2684
-2082
-1515
-942
-365
155
714
1336
1945
2628
3077
3308
3323
3090
2775
2430
1931
1470
961
401
-33
-387
-640
-773
-932
-953
-794
-616
-147
371
922
1553
2078
2586
3164
3627
4166
4560
4794
4982
4975
4906
4782
4016
2714
1333
-821
-2874
-4346
-5481
-5722
-5678
-5461
-4749
-4172
-3344
-2391
-1990
-1262
-809
-552
190
1025
2141
3206
3910
4421
4547
4221
3767
3056
2153
1217
276
-593
-1177
-1708
-2135
-2601
-3283
-3737
-4260
-4597
-4527
-4356
-3844
-3206
-2599
-1869
-1249
-556
29
387
789
1120
1408
1757
2054
2152
2021
1572
906
108
-799
-1614
-2455
-3089
-3393
-3582
-3423
-3098
-2675
-2236
-1949
-1552
-1172
-891
-521
-102
352
906
1400
1870
2232
2340
2355
2133
1832
1489
1033
645
285
-3
-249
-381
-333
-369
-352
-270
-112
90
306
683
1021
1348
1690
2028
2378
2615
2814
3023
3008
3080
3236
3388
3607
3708
3790
3856
3135
2324
1261
-418
-1553
-2630
-3205
-3272
-3437
-3239
-3128
-3064
-2638
-2496
-2213
-1761
-1475
-863
-205
630
1572
2091
2450
2604
2383
2050
1817
1423
1149
973
713
574
310
-33
-446
-1216
-1997
-2605
-3206
-3414
-3466
-3263
-2753
-2255
-1619
-1056
-769
-485
-519
-695
-647
-812
-756
-635
-673
-512
-512
-483
-381
-414
-479
-565
-718
-710
-673
-512
-309
-337
-373
-584
-837
-892
-942
-890
-802
-777
-625
-421
-179
81
161
85
-3
-63
29
218
468
842
1086
1244
1440
1511
1530
1577
1490
1390
1326
1247
1234
1219
1152
1109
959
980
1055
1163
1452
1664
2012
2440
2773
3223
3586
3861
4065
3940
3369
2699
1712
482
-375
-1178
-1481
-1581
-1914
-1866
-2101
-2383
-2527
-2984
-3164
-3231
-3336
-2903
-2335
-1531
-660
-50
594
1017
1258
1416
1490
1390
1336
1347
1295
1393
1393
1240
916
359
-90
-545
-922
-1189
-1531
-1903
-2200
-2404
-2617
-2698
-2851
-2941
-3002
-2834
-2569
-2080
-1455
-1034
-605
-330
-149
113
304
374
435
285
159
51
28
107
-1
-96
-350
-641
-910
-1153
-1305
-1362
-1387
-1451
-1332
-1112
-859
-666
-418
-178
-30
256
552
811
1052
1194
1204
1229
1241
1139
1127
1101
1057
1024
1009
1048
1141
1270
1314
1386
1522
1630
1776
2034
2183
2317
2629
2696
2908
3172
3334
3525
3654
3686
3473
2882
2113
962
-270
-1154
-1934
-2321
-2607
-2880
-2985
-3112
-3091
-3008
-2898
-2651
-2432
-2002
-1452
-842
-189
326
663
904
1090
1158
1372
1539
1611
1761
1778
1760
1552
1218
748
104
-621
-1221
-1713
-2031
-2188
-2318
-2245
-2151
-1996
-1736
-1510
-1381
-1257
-1176
-1177
-1134
-1056
-983
-989
-1024
-1085
-1110
-1022
-999
-884
-799
-716
-582
-444
-262
-170
-167
-241
-306
-413
-404
-280
-199
-166
-117
-61
-36
-72
-135
-243
-403
-499
-589
-574
-492
-384
-242
-101
56
321
561
727
960
1112
1335
1638
1887
2079
2148
2096
2029
1871
1836
2000
2122
2315
2428
2493
2555
2524
2430
2231
2001
1762
1526
1422
1443
1304
1049
640
16
-484
-919
-1140
-1034
-1001
-878
-758
-656
-596
-660
-863
-1013
-1198
-1191
-946
-697
-376
-122
-42
-55
-151
-370
-569
-686
-790
-672
-436
-81
329
618
869
1010
979
1009
958
905
798
613
351
108
-200
-640
-1016
-1506
-1972
-2459
-2740
-2848
-2899
-2919
-2853
-2766
-2646
-2352
-1955
-1439
-950
-510
-88
373
783
1009
1154
1174
1109
886
617
416
207
-157
-548
-957
-1349
-1605
-1779
-1857
-1851
-1802
-1692
-1464
-1162
-780
-399
-69
224
577
958
1297
1643
1902
2153
2376
2597
2742
2902
2965
2835
2597
2324
2074
1635
1037
544
-6
-401
-646
-700
-522
-282
2
323
795
1215
1766
2220
2554
2786
2822
2717
2586
2297
1894
1606
1217
744
394
-23
-469
-959
-1491
-1954
-2361
-2685
-2815
-2810
-2583
-2254
-1829
-1326
-807
-329
112
501
802
1184
1486
1701
1833
1860
1730
1458
1028
553
45
-514
-975
-1423
-1732
-1967
-2129
-2269
-2342
-2274
-2157
-2002
-1819
-1468
-1148
-745
-371
-36
308
473
598
600
521
380
200
-60
-301
-619
-919
-1191
-1471
-1666
-1736
-1826
-1883
-1857
-1722
-1520
-1271
-1003
-714
-426
-191
107
351
639
865
1033
1176
1248
1272
1380
1366
1389
1377
1263
1112
817
471
145
-183
-472
-609
-716
-674
-500
-255
-16
308
547
807
1027
1202
1494
1778
2080
2362
2542
2748
2868
2835
2746
2561
2225
1962
1725
1477
1178
926
579
146
-159
-447
-540
-433
-334
-226
-74
27
188
330
366
449
409
389
351
235
124
-171
-531
-968
-1360
-1738
-1981
-2196
-2275
-2244
-2140
-1872
-1592
-1213
-930
-633
-312
30
501
973
1503
1938
2125
2235
2078
1720
1335
883
318
-259
-753
-1210
-1589
-1918
-2196
-2446
-2650
-2824
-2872
-2836
-2670
-2355
-2063
-1706
-1314
-844
-383
-44
308
517
717
865
965
1057
1065
1020
937
776
538
244
-61
-307
-564
-790
-993
-1067
-1065
-1000
-879
-642
-374
-206
-42
60
139
381
533
850
1127
1289
1541
1601
1536
1472
1379
1111
813
412
76
-116
-326
-485
-455
-459
-359
-209
-31
229
534
830
1078
1463
1858
2277
2707
3139
3361
3441
3368
3162
2817
2255
1691
1030
342
-233
-762
-1192
-1571
-1913
-2186
-2362
-2531
-2499
-2357
-2167
-1822
-1392
-915
-444
12
469
748
947
1107
1125
1101
993
816
574
384
162
-89
-342
-580
-722
-833
-925
-997
-1081
-1135
-1136
-1135
-1029
-955
-866
-623
-500
-338
-173
-59
-67
-140
-272
-375
-594
-808
-911
-1112
-1249
-1428
-1568
-1624
-1650
-1582
-1581
-1483
-1292
-1183
-937
-621
-333
-40
297
466
750
835
942
1115
1191
1181
1214
1120
953
689
304
81
-220
-663
-898
-1036
-1280
-1477
-1407
-1344
-1309
-1210
-1136
-757
-473
-214
329
734
1027
1435
1748
1951
2082
2034
2002
1861
1691
1419
1152
984
718
482
257
98
21
-118
-258
-199
-223
-221
-80
133
436
811
1186
1529
1830
1989
1975
1949
1699
1356
1065
741
463
231
-44
-224
-351
-613
-762
-816
-979
-1080
-1107
-1115
-1095
-953
-702
-533
-266
14
278
525
644
676
628
534
459
297
105
-94
-326
-495
-642
-785
-975
-1170
-1326
-1521
-1662
-1680
-1633
-1603
-1449
-1297
-1121
-809
-471
-96
118
318
547
569
676
770
790
723
633
552
365
111
6
-160
-500
-743
-962
-1192
-1369
-1451
-1348
-1325
-1313
-981
-704
-622
-390
-47
86
87
256
501
536
486
656
616
471
394
384
303
20
-8
-74
-459
-503
-377
-632
-510
-475
-483
-264
-130
224
469
585
815
1048
933
1087
1109
1007
1017
850
727
659
572
520
431
353
304
178
100
66
89
-5
-12
75
219
277
426
736
868
963
1143
1273
1350
1263
1233
1155
951
665
607
440
189
77
-5
-159
-314
-461
-610
-789
-938
-974
-1106
-1074
-927
-811
-594
-447
-232
-92
-92
48
115
199
179
249
330
269
248
268
67
-105
-198
-530
-700
-917
-1168
-1207
-1263
-1315
-1132
-1047
-890
-778
-636
-479
-439
-472
-362
-254
-412
-207
-120
-80
11
35
128
93
-25
-68
-205
-372
-393
-648
-568
-536
-710
-592
-504
-375
-287
-80
20
-6
55
184
111
314
331
255
399
273
345
239
287
150
-74
-174
-147
-288
-395
-292
-304
-172
-238
-170
-29
29
61
304
413
620
778
841
1078
1076
1139
1103
1037
1005
945
707
670
412
294
261
106
-133
-59
-220
-347
-397
-448
-399
-601
-560
-507
-443
-334
-128
-46
24
104
332
382
537
643
522
530
515
326
275
303
154
-92
-217
-225
-423
-557
-433
-569
-617
-673
-704
-712
-646
-518
-695
-643
-554
-636
-452
-240
-187
-25
149
250
268
371
338
195
117
151
-127
-57
-70
-138
-80
-66
-26
-147
-109
-65
-162
-93
-43
-82
121
216
259
412
343
332
264
166
91
-85
-76
-242
-329
-257
-366
-395
-231
-408
-400
-289
-367
-358
-283
-128
-162
-91
196
139
258
398
474
513
561
644
496
416
553
469
415
559
516
416
370
348
95
-5
-31
-333
-338
-228
-435
-252
-230
-292
-213
-48
14
106
232
160
188
370
214
74
373
269
180
370
208
260
252
216
166
31
-227
-250
-269
-416
-531
-425
-531
-590
-535
-527
-336
-269
-234
-170
8
-122
-140
-31
10
-128
-120
-46
-120
0
69
98
13
52
-55
-94
47
50
-59
222
225
141
249
182
191
223
190
159
145
35
3
-47
-53
-60
-50
-168
-118
-12
-90
111
98
100
130
101
-110
17
-89
-139
-211
-10
-194
-63
87
65
128
92
153
131
295
254
399
416
567
632
622
693
610
522
243
355
-8
-20
16
-57
-111
28
65
-48
17
2
-164
-116
-110
-278
-170
-268
-144
-114
19
0
211
113
131
169
145
-27
-33
-104
-367
-382
-407
-489
-360
-329
-329
-57
-176
-193
-81
-7
-176
-7
-99
-192
3
-140
-272
-68
31
-273
-14
37
-129
-132
-74
-102
-183
47
-178
136
207
110
233
391
191
113
227
122
-156
-131
-210
-384
-291
-317
-131
-174
-78
-75
-263
-21
-83
-213
-22
94
-108
123
220
116
265
219
167
114
133
49
67
-111
-160
-59
-142
1
34
279
156
375
248
326
427
164
218
182
90
-17
126
5
79
190
91
213
122
91
203
83
128
200
152
211
218
194
218
266
240
148
199
-61
-119
-195
-278
-359
-456
-441
-692
-328
-406
-648
-198
-389
-377
-213
-257
-209
-80
-102
-147
-132
-39
-247
-143
-115
-287
-194
-153
-92
-166
3
-57
-23
115
-79
201
210
67
285
215
185
225
350
126
185
156
-123
-61
-256
-229
-131
-204
-130
-273
-252
-173
-369
-99
-250
-139
-70
-101
-151
31
-3
15
80
42
162
-25
8
89
39
-9
164
94
117
311
318
309
503
345
319
417
223
71
158
-235
-188
-149
-274
-278
-62
-236
-85
-46
-157
3
-58
103
-14
250
256
240
395
427
310
360
273
271
162
31
111
-149
-33
-103
-87
-190
-63
-153
-213
-5
-172
-45
40
150
-105
261
233
-139
266
-78
-108
-35
-189
-339
-54
-208
-303
-166
-163
-282
-65
68
-89
93
272
27
114
297
-218
105
127
-160
30
315
-10
169
227
62
-41
6
86
-262
40
99
-343
257
59
-205
271
57
-235
110
-34
-294
-17
-10
-213
-153
-134
-36
-95
37
204
78
363
645
364
774
761
601
683
589
339
359
272
-5
121
-104
-213
-252
-249
-177
-253
-236
-166
-254
-110
-24
-88
54
23
16
79
133
-18
42
126
-143
-58
-49
-273
-208
-316
-147
-359
-145
-206
-267
-176
127
-98
19
267
-45
64
155
110
40
162
93
-206
-39
49
-203
-244
-81
-178
-286
27
-96
-130
104
-89
-214
-144
-226
-276
-185
-306
-342
-231
-368
-243
-148
-62
-46
-50
-46
86
-67
88
141
49
58
157
-64
74
195
77
170
160
-2
3
-62
-149
-383
-359
-452
-577
-407
-369
-315
-129
202
-7
265
513
489
403
693
668
318
561
587
311
370
634
95
140
380
-53
-107
192
-221
-255
-15
-55
-347
61
-8
-110
-3
43
-102
-183
142
-252
-230
-7
-152
-482
-192
-217
-565
-490
-181
-540
-396
-94
-130
-115
63
-30
-24
143
-42
-52
-87
51
-198
-124
-45
-29
-108
-4
182
-7
13
139
-10
-113
-51
-192
-397
-229
-303
-460
-294
-412
-356
-311
-316
-211
-89
-191
98
67
99
247
331
350
329
360
425
242
290
560
250
293
503
209
-3
323
-5
-215
26
-193
-391
-231
-157
-351
-208
-141
-156
-123
51
210
57
359
284
327
281
354
345
232
337
398
353
321
475
419
300
174
328
256
2
96
317
107
40
278
303
226
215
288
116
-5
1
-164
-246
-247
-304
-426
-328
-425
-315
-422
-269
-350
-412
-433
-129
-257
-222
83
11
-13
65
247
78
286
197
252
250
436
143
94
318
131
-176
-55
-156
-394
-568
-468
-367
-710
-560
-482
-587
-556
-318
-480
-300
-241
-282
-199
-110
22
10
194
236
389
216
471
473
315
388
424
382
253
341
376
290
34
165
42
-61
5
1
-63
-42
-24
-9
-88
116
141
-134
37
144
25
-39
138
202
0
56
207
74
107
242
261
142
222
256
247
196
306
402
270
314
562
419
519
582
543
410
335
276
176
-24
-60
-50
-420
-259
-333
-451
-385
-423
-446
-424
-491
-378
-322
-516
-303
-116
-245
-124
108
174
117
344
370
337
385
481
398
239
239
88
-168
-132
-151
-403
-527
-523
-530
-721
-718
-803
-660
-801
-609
-536
-433
-386
-400
-268
-284
-160
-138
-70
-144
70
26
16
35
48
65
-80
55
120
50
74
180
64
228
242
240
290
346
332
287
255
291
271
14
226
205
-48
101
222
-48
-88
18
9
-154
-112
48
-157
-131
-25
-30
-43
-78
112
270
85
210
551
466
246
572
597
390
237
421
282
14
155
188
-135
-219
109
-105
-333
-207
-67
-390
-516
-141
-324
-504
-384
-130
-315
-350
-8
17
-201
45
175
159
126
279
315
109
14
144
67
-260
-123
-77
-323
-515
-198
-278
-435
-332
-112
-385
-424
-108
-107
-296
-38
152
-5
91
220
201
112
168
71
103
-94
-123
-64
-339
-331
-389
-319
-445
-410
-271
-211
-325
-169
40
-158
6
175
191
132
193
430
179
180
293
171
240
310
240
400
113
38
264
-94
-104
13
2
-281
46
27
-33
40
266
214
122
423
490
280
253
512
371
302
346
445
316
285
298
299
207
66
50
-97
-158
-428
-301
-268
-547
-391
-115
-367
-254
89
-67
-5
230
272
179
341
474
392
320
391
259
207
23
-67
-37
-260
-372
-236
-435
-691
-432
-571
-658
-646
-453
-475
-588
-426
-209
-378
-249
53
-88
43
165
202
78
247
55
113
-261
-98
-182
-493
-293
-134
-343
-374
-60
-295
-220
-184
-78
-139
-229
-55
-58
-47
14
137
153
112
146
241
147
149
199
142
104
29
-10
1
18
-232
-86
-14
-162
51
159
132
202
268
282
390
427
352
504
408
464
401
558
512
525
557
585
545
626
298
380
483
-103
42
165
-167
-297
27
-105
-228
-167
9
69
1
254
272
195
347
458
218
368
544
285
196
450
279
-11
45
95
-95
-86
-219
-70
-135
-471
-231
-269
-476
-453
-311
-392
-455
-251
-270
-251
-84
-90
-119
42
-10
-68
37
-104
-128
-24
-121
-129
-41
-210
-249
-54
-160
-232
36
-1
-235
-156
9
-224
-290
-43
-79
-179
-127
52
-41
-120
49
66
-96
-94
-75
-291
-84
-21
-165
-54
-53
-30
49
17
114
113
-8
196
157
45
369
175
88
419
294
220
400
398
301
283
407
359
90
255
147
-114
38
-62
-154
-169
-175
-224
-7
-96
-26
73
42
-3
222
343
175
347
539
464
336
409
465
394
164
192
202
39
56
163
80
71
134
0
89
49
-73
19
21
-98
98
82
-9
18
70
177
50
35
147
-101
-167
-42
-53
-288
-104
-60
-237
-118
-65
-127
-154
-61
-116
-123
-111
-113
-22
-75
-47
108
56
-21
7
133
-81
-120
49
-17
-272
-149
-32
-298
-201
-309
-312
-253
-233
-318
-143
-199
-261
-132
-203
-80
-113
-36
58
143
143
268
343
451
488
484
505
466
457
449
443
376
225
82
182
78
7
58
20
-45
66
105
-33
205
159
165
300
315
312
383
