-54
-38
-42
-47
-67
-53
-36
-39
-21
-48
-18
-54
-32
-75
-85
-81
-147
-133
-199
-182
-265
-372
-425
-543
-629
-689
-615
-393
-79
264
449
509
425
250
90
88
266
464
547
512
311
90
-107
-127
-82
35
149
129
54
-44
-136
-198
-163
-73
-17
-16
-89
-174
-226
-250
-237
-145
-84
-44
12
6
40
9
-27
-54
-79
-104
-115
-105
-39
-41
-31
-88
-127
-128
-141
-126
-111
-114
-118
-139
-174
-109
-92
-50
-71
-100
-163
-256
-287
-291
-261
-223
-180
-178
-149
-155
-100
12
121
197
262
380
416
434
412
317
157
73
-13
-19
-24
10
25
6
-11
-100
-129
-120
-109
-39
15
86
39
-36
-82
-144
-191
-191
-88
-50
-33
-62
-121
-213
-254
-320
-285
-210
-93
32
12
-8
-50
-106
-186
-154
-118
-127
-118
-208
-256
-211
-123
-26
66
69
23
17
-19
45
138
168
215
206
197
82
43
26
47
92
91
119
11
-27
-45
-47
-36
-29
-85
-108
-173
-179
-206
-286
-305
-379
-260
-219
-140
-103
-138
-79
-180
-119
26
131
224
242
241
214
109
-17
-113
-121
-81
-2
12
-36
-152
-269
-270
-302
-249
-252
-238
-233
-328
-480
-625
-851
-1054
-1099
-1261
-1309
-1325
-1372
-1214
-1059
-864
-505
-161
171
536
808
1021
1106
995
925
782
720
678
569
383
53
-382
-760
-1135
-1400
-1505
-1650
-1568
-1402
-1223
-866
-445
-99
256
546
662
778
910
951
1117
1153
1114
1063
906
847
711
672
652
503
387
241
25
-50
-64
-154
-232
-254
-367
-426
-409
-406
-447
-453
-457
-484
-405
-378
-294
-153
-135
-58
12
19
-67
-96
-150
-141
-11
4
-6
-125
-272
-343
-332
-243
-175
-166
-248
-336
-368
-403
-406
-434
-434
-438
-475
-464
-478
-516
-425
-443
-405
-384
-448
-379
-374
-313
-171
-154
-126
-151
-215
-282
-313
-216
-162
-66
-25
-65
-2
-29
30
131
213
272
282
115
100
106
230
512
773
950
967
982
1022
1155
1259
1428
1529
1571
1502
1444
1487
1602
1733
1756
1715
1603
1474
1442
1543
1707
1820
1893
1840
1714
1637
1492
1392
1319
1217
1142
914
592
291
-3
-397
-702
-1031
-1307
-1390
-1372
-1283
-1250
-1258
-1325
-1412
-1419
-1302
-1110
-856
-590
-402
-333
-340
-360
-352
-258
-74
14
41
31
-39
-88
-190
-290
-345
-455
-511
-543
-611
-621
-695
-880
-1110
-1359
-1537
-1649
-1718
-1771
-1813
-1825
-1785
-1650
-1516
-1420
-1331
-1277
-1273
-1152
-1049
-938
-817
-701
-653
-678
-638
-601
-592
-468
-369
-259
-107
-49
-65
-106
-103
-64
-15
66
134
86
156
140
89
83
49
114
246
353
546
697
816
849
853
905
988
1111
1221
1305
1288
1321
1321
1345
1470
1542
1623
1754
1863
2042
2256
2538
2774
2905
2998
2806
2340
1761
1044
369
97
133
341
531
379
-104
-805
-1497
-1867
-1943
-1698
-1299
-909
-637
-583
-695
-896
-1023
-1132
-1064
-792
-422
-40
177
215
106
-122
-357
-497
-576
-520
-357
-168
-52
50
-15
-223
-498
-693
-750
-612
-329
-164
-32
-99
-237
-384
-519
-525
-463
-350
-249
-164
-121
-147
-217
-332
-466
-508
-469
-369
-209
-159
-151
-114
-221
-293
-355
-438
-466
-430
-311
-205
-141
-192
-313
-465
-540
-520
-421
-299
-212
-172
-265
-334
-432
-490
-566
-607
-580
-558
-484
-453
-415
-529
-620
-695
-722
-689
-609
-431
-353
-311
-236
-220
-243
-168
-78
45
144
264
377
436
464
491
510
529
579
639
766
800
860
872
945
1022
1027
1129
1129
1209
1279
1369
1485
1511
1580
1603
1528
1550
1403
1293
1215
1143
1111
1028
1001
882
702
463
277
88
6
-62
-23
-3
-43
-121
-236
-322
-460
-483
-492
-485
-444
-466
-444
-544
-629
-734
-842
-898
-929
-879
-888
-875
-843
-855
-871
-875
-895
-811
-752
-698
-617
-596
-540
-535
-469
-392
-353
-351
-295
-258
-180
-110
-78
-23
1
-28
-104
-136
-216
-303
-282
-228
-142
-58
-23
-47
-188
-310
-416
-461
-364
-308
-219
-190
-262
-324
-446
-486
-494
-405
-355
-271
-259
-257
-331
-368
-340
-280
-237
-207
-104
-59
19
0
12
51
107
158
195
241
318
391
553
624
739
821
892
923
987
921
886
866
911
1111
1226
1423
1507
1644
1652
1677
1894
1988
2125
2147
1956
1655
1331
1024
847
765
751
743
660
458
99
-278
-573
-681
-715
-602
-535
-544
-543
-638
-628
-712
-758
-741
-700
-605
-434
-263
-148
-107
-176
-320
-422
-443
-364
-221
-165
-105
-122
-184
-214
-368
-432
-470
-485
-449
-468
-389
-430
-501
-471
-546
-543
-465
-388
-312
-262
-332
-413
-560
-756
-779
-754
-634
-472
-434
-509
-688
-904
-973
-983
-854
-675
-567
-543
-645
-738
-905
-970
-930
-798
-637
-422
-330
-388
-468
-550
-507
-522
-398
-276
-154
-61
-34
-61
-114
-97
-114
-72
53
293
422
485
581
592
652
829
1014
1215
1438
1514
1548
1632
1756
1916
1995
2058
2196
2334
2656
3011
3375
3651
3721
3669
3382
2771
1890
928
149
-276
-280
-37
62
-232
-1003
-1916
-2694
-3092
-3012
-2608
-2057
-1585
-1264
-1132
-1171
-1293
-1442
-1430
-1142
-561
91
786
1196
1340
1230
1046
838
729
817
994
1132
1214
1154
831
387
-92
-489
-786
-948
-1036
-1070
-1226
-1356
-1598
-1783
-1955
-2084
-1994
-1888
-1567
-1348
-1207
-1278
-1530
-1690
-1774
-1660
-1358
-928
-519
-321
-355
-503
-669
-724
-656
-471
-197
-114
-181
-385
-705
-962
-1161
-1205
-1178
-1047
-862
-740
-632
-536
-546
-500
-361
-184
72
380
686
882
1046
1102
1178
1304
1433
1668
1863
2048
2171
2281
2357
2441
2611
2833
3075
3309
3566
3835
4243
4766
5255
5727
6086
6134
5553
4128
1872
-527
-2155
-2694
-2050
-986
-596
-1419
-3288
-5449
-6692
-6739
-5709
-4194
-2925
-1935
-1258
-890
-679
-430
-210
283
1037
2019
3168
3988
4319
4172
3609
2775
1939
1200
707
568
525
367
-214
-1267
-2531
-3636
-4271
-4333
-4036
-3684
-3461
-3464
-3457
-3391
-3216
-2814
-2324
-1721
-976
-164
579
1169
1461
1453
1195
772
509
423
575
891
1001
676
-69
-1019
-1802
-2250
-2291
-2090
-1972
-1987
-2160
-2352
-2395
-2357
-2177
-1910
-1548
-1060
-515
53
500
742
788
917
1068
1286
1505
1641
1823
1855
1836
1678
1443
1229
1019
1009
1115
1318
1441
1412
1425
1446
1648
2071
2511
3009
3654
4323
5078
5725
6274
6660
6467
5585
3896
1575
-424
-1575
-1752
-1003
-253
-434
-1696
-3883
-5920
-6853
-6650
-5477
-4033
-2822
-2027
-1608
-1499
-1353
-1125
-733
28
1064
2240
3306
3932
4172
4073
3576
2954
2275
1656
1375
1264
1314
1222
666
-449
-1777
-2917
-3527
-3545
-3269
-2844
-2735
-2995
-3261
-3446
-3448
-3185
-2787
-2240
-1622
-929
-271
302
615
602
396
153
50
220
610
975
1008
619
3
-696
-1219
-1462
-1366
-1250
-1261
-1484
-1846
-2124
-2240
-2190
-2044
-1736
-1478
-1119
-768
-398
-80
133
287
481
622
844
1118
1302
1447
1422
1349
1182
1049
981
1104
1288
1559
1735
1731
1698
1653
1745
2029
2463
2945
3461
4001
4506
5041
5560
5747
5340
4258
2530
606
-792
-1295
-830
19
568
41
-1501
-3628
-5365
-5949
-5441
-4057
-2772
-1907
-1656
-1821
-2022
-2081
-1793
-1254
-465
547
1616
2488
2992
2958
2616
1995
1536
1281
1169
1220
1213
1221
1004
548
-166
-962
-1738
-2171
-2185
-1797
-1431
-1193
-1311
-1754
-2132
-2365
-2273
-1991
-1579
-1164
-763
-437
-157
20
-5
-206
-457
-605
-517
-273
-25
65
-94
-489
-920
-1196
-1286
-1149
-911
-745
-754
-810
-942
-1054
-1047
-911
-700
-503
-271
-136
-77
-139
-181
-239
-315
-218
-85
30
96
117
95
24
-156
-371
-491
-464
-222
97
391
552
545
418
342
422
600
924
1373
1864
2437
2947
3383
3725
3995
4256
4331
4126
3496
2490
1523
903
876
1284
1733
1619
761
-610
-2011
-2943
-3150
-2799
-2296
-1941
-1931
-2072
-2305
-2391
-2409
-2323
-2085
-1712
-1017
-183
658
1213
1370
1144
823
666
789
1137
1478
1751
1805
1638
1255
768
316
-14
-127
-9
148
178
-9
-427
-961
-1411
-1599
-1541
-1460
-1368
-1288
-1231
-1129
-1106
-1127
-1230
-1306
-1345
-1267
-975
-584
-319
-330
-642
-1130
-1409
-1359
-1086
-715
-450
-420
-570
-816
-990
-1040
-943
-696
-505
-282
-124
-20
-75
-201
-308
-370
-273
-101
66
144
108
-116
-205
-259
-278
-215
-226
-182
-147
-102
9
134
196
164
165
262
429
863
1323
1855
2318
2693
3144
3655
4323
4964
5267
5078
4224
2766
1309
389
343
1109
1912
2156
1318
-515
-2532
-3997
-4463
-3908
-2822
-2027
-1759
-1993
-2431
-2649
-2760
-2645
-2310
-1738
-843
358
1473
2225
2301
1774
1215
870
1164
1858
2603
2991
2832
2169
1322
630
77
-206
-301
-285
-288
-465
-892
-1485
-2173
-2653
-2873
-2774
-2489
-2202
-1896
-1713
-1574
-1485
-1464
-1438
-1427
-1215
-676
-45
492
600
187
-388
-1009
-1297
-1238
-1004
-796
-725
-926
-1246
-1553
-1829
-2080
-2171
-1995
-1624
-1102
-664
-381
-387
-489
-577
-526
-305
76
460
703
785
709
449
197
53
102
294
624
779
767
693
531
579
732
1110
1634
2126
2609
3143
3774
4486
5103
5729
6339
6809
6789
5805
3862
1357
-686
-1635
-1248
-74
585
-142
-2233
-4927
-6906
-7407
-6565
-4955
-3475
-2606
-2340
-2331
-2266
-1967
-1526
-766
272
1548
2880
3915
4468
4427
3849
3106
2616
2413
2487
2718
2824
2431
1459
31
-1539
-2762
-3369
-3245
-2780
-2505
-2598
-3122
-3759
-4119
-4100
-3676
-2888
-2120
-1252
-426
242
677
885
970
1034
1146
1462
1931
2241
2454
2198
1598
501
-669
-1683
-2433
-2728
-2837
-2932
-3180
-3753
-4414
-4923
-5060
-4678
-3978
-2938
-1956
-1201
-635
-235
114
501
1016
1553
2120
2502
2596
2455
2045
1575
1235
945
885
840
797
689
473
196
-156
-221
-152
233
886
1559
2446
3205
3998
4726
5390
6257
7014
7350
6604
4727
2041
-434
-1890
-1953
-879
-77
-528
-2300
-4919
-7078
-7819
-7188
-5492
-3705
-2465
-1942
-1780
-1765
-1482
-769
238
1538
2771
3764
4428
4726
4578
4186
3462
2760
2215
1855
1788
1698
1253
262
-1159
-2607
-3805
-4377
-4269
-3685
-3034
-2737
-2810
-3242
-3593
-3461
-2831
-1670
-495
461
1058
1295
1406
1557
1758
1869
1994
1861
1604
1359
971
397
-501
-1663
-2902
-3847
-4324
-4409
-4252
-4202
-4310
-4516
-4590
-4396
-3863
-2989
-1976
-1018
-153
436
843
1173
1396
1588
1794
2014
2155
2186
2007
1674
1332
1045
788
599
477
349
294
299
348
484
620
900
1349
1973
2843
3803
4739
5563
6345
7167
7936
7928
6651
4137
734
-1908
-3055
-2507
-959
-138
-1037
-3514
-6755
-9037
-9392
-7817
-4986
-2332
-789
-627
-1289
-2049
-1862
-730
1130
3221
4676
5472
5569
5024
4227
3384
2563
2224
1999
1855
1753
1110
20
-1519
-3193
-4600
-5237
-5017
-4113
-3119
-2694
-2883
-3441
-3838
-3594
-2633
-1251
216
1327
2008
2149
1971
1808
1876
2143
2418
2534
2252
1740
952
74
-924
-2320
-3626
-4668
-5259
-5085
-4640
-4179
-3917
-4121
-4332
-4298
-3789
-2582
-1111
248
1236
1708
1654
1472
1378
1532
1928
2276
2501
2339
1866
1328
874
752
928
1187
1443
1415
1121
806
577
746
1221
1808
2485
3080
3699
4514
5271
6089
7072
7565
6820
4859
1935
-916
-2463
-2823
-1926
-802
-1074
-2723
-5396
-7898
-8749
-7948
-5893
-3289
-1560
-908
-1010
-1430
-1227
-191
1283
2993
4262
4712
4811
4662
4298
3905
3303
2553
1989
1367
920
379
-608
-1790
-3122
-4283
-4808
-4662
-4067
-3324
-2985
-3088
-3359
-3499
-2891
-1635
-150
1343
2301
2575
2496
2244
2201
2590
3100
3429
3240
2457
1479
391
-746
-1687
-2733
-3726
-4370
-4931
-5107
-5030
-4995
-4827
-4751
-4520
-3822
-2880
-1711
-564
85
416
509
627
927
1416
1899
2206
2223
1913
1403
823
496
449
730
1267
1576
1704
1597
1237
1016
964
1109
1724
2453
3376
4459
5114
5519
5628
5720
5828
5074
3615
1628
-507
-1894
-2639
-2541
-2223
-2632
-3960
-5885
-7525
-7998
-7141
-5263
-2876
-1197
-549
-632
-926
-699
374
2015
3795
5052
5396
5066
4306
3408
2830
2511
2346
2012
1233
208
-939
-2151
-3336
-4298
-4975
-5211
-4987
-4475
-3874
-3407
-3324
-3354
-3271
-2824
-1663
-76
1602
2860
3372
3322
2964
2749
2875
3310
3719
3645
2867
1436
-197
-1551
-2415
-2949
-3382
-3840
-4417
-4917
-5141
-4952
-4370
-3609
-2875
-2241
-1673
-898
-159
447
1106
1582
1794
1872
1814
1741
1766
1678
1518
1175
724
366
197
342
707
1086
1396
1427
1288
1368
1611
2215
3139
4103
5091
5909
6440
6935
7153
6968
5643
3431
1169
-926
-1919
-2025
-1726
-1577
-2929
-5307
-7640
-9071
-8645
-6895
-4670
-2688
-1799
-1870
-2186
-1935
-735
1275
3414
5011
5803
5490
4721
3918
3265
3250
3340
3193
2800
1745
324
-1168
-2798
-4140
-4902
-5198
-5022
-4567
-4165
-3955
-4065
-4328
-4297
-3755
-2598
-951
518
1643
2332
2427
2465
2502
2826
3407
3917
4105
3651
2677
1363
101
-1003
-1844
-2472
-3178
-3911
-4646
-5082
-5073
-4709
-4084
-3415
-2810
-2172
-1501
-715
92
811
1501
1987
2337
2433
2202
1972
1718
1321
1055
746
400
104
-153
-229
-285
-248
-39
166
424
778
1284
1925
2758
3593
4509
5505
6359
7243
7768
7343
5766
3537
1328
-428
-1120
-978
-689
-987
-2877
-5463
-7650
-8704
-8015
-6366
-4149
-2455
-2082
-2487
-2875
-2407
-957
1032
2994
4402
4950
4607
3980
3414
3036
3195
3290
3119
2518
1440
309
-1025
-2363
-3299
-4035
-4429
-4367
-4180
-3796
-3579
-3638
-3705
-3528
-2988
-2045
-893
169
1085
1661
1942
2106
2203
2411
2667
2828
2866
2454
1673
429
-812
-1972
-2978
-3404
-3853
-4122
-4299
-4583
-4555
-4432
-3930
-3142
-2420
-1550
-496
396
1270
1948
2365
2610
2762
2728
2625
2561
2427
2180
1704
1153
561
-30
-340
-396
-233
81
177
328
399
495
1023
1784
2789
3848
4761
5776
6410
6902
6525
4730
2927
914
-473
-435
-117
333
-259
-2510
-4928
-6821
-7401
-6329
-4616
-2892
-1850
-2010
-2622
-2737
-1966
-232
1883
3431
4453
4533
3893
3404
2845
2696
2995
3036
2863
2236
1085
-170
-1583
-2844
-3524
-3924
-4051
-3857
-3654
-3474
-3377
-3463
-3346
-2862
-2163
-1081
-15
784
1557
1871
2091
2366
2561
2741
2681
2444
1943
1311
633
-56
-1091
-2022
-3216
-4677
-5300
-5746
-5739
-5230
-4974
-4661
-4311
-3982
-3104
-2285
-1068
384
1287
2219
2837
3087
3446
3573
3434
3416
3057
2659
2241
1626
1215
717
316
88
-97
-107
-61
-55
161
498
805
1433
2312
3207
4253
5260
5935
6502
6382
4875
3236
1509
-65
-272
-40
591
564
-1349
-3542
-5514
-6587
-5983
-4793
-3180
-1895
-1850
-2432
-2751
-2162
-742
1128
2639
3759
3991
3327
3010
2750
2807
3409
3456
3169
2371
954
-246
-1399
-2379
-2841
-3212
-3597
-3655
-3777
-3831
-3806
-3902
-3686
-3137
-2400
-1285
-193
695
1513
1710
1940
2389
2722
3215
3547
3497
3098
2290
1312
290
-800
-1801
-2890
-4233
-4991
-5634
-5856
-5482
-5446
-5203
-4998
-4689
-3955
-3084
-1715
-334
620
1531
2119
2476
2995
3414
3723
3855
3695
3340
3007
2594
2406
2217
1938
1632
1091
714
448
354
568
956
1334
1894
2413
2960
3707
4539
5211
5624
4601
2731
1219
-527
-980
-557
-173
298
-1142
-3560
-5329
-6554
-5891
-4116
-2462
-1100
-1196
-2234
-2776
-2263
-666
1533
3244
3926
3957
3030
2346
2408
2522
3242
3638
3273
2609
1132
-254
-1349
-2275
-2535
-2570
-2799
-3040
-3303
-3684
-3874
-3967
-3886
-3289
-2576
-1619
-534
220
935
1261
1283
1638
2249
3084
3865
4180
3958
3087
1670
288
-546
-1510
-1897
-2173
-3103
-3774
-4770
-5538
-5714
-5593
-4703
-4096
-3544
-2756
-2468
-1899
-1142
-417
510
1114
1615
2025
2234
2431
2673
2740
2882
2961
2829
2767
2728
2738
2749
2444
2196
2130
2007
2139
2431
2730
3092
3423
3775
4002
4266
3678
1890
357
-1331
-2124
-1698
-1297
-703
-1485
-3556
-5249
-6466
-6123
-4530
-2783
-1259
-843
-1463
-2159
-2041
-1126
717
2770
4102
4863
4242
3197
2669
2153
2400
2984
3150
3050
2025
526
-886
-2254
-2953
-2984
-2830
-2638
-2567
-2967
-3341
-3654
-3793
-3317
-2511
-1500
-393
285
714
910
859
1191
1756
2474
3163
3513
3481
2671
1398
454
-527
-1104
-1116
-1459
-1760
-2337
-3395
-4149
-4490
-4153
-3510
-3006
-2475
-2283
-2326
-1953
-1523
-957
-26
614
964
1165
1043
1122
1173
1342
1823
2055
2325
2495
2360
2367
2396
2397
2680
2903
3085
3362
3444
3756
4132
4584
5033
5189
4636
2716
874
-861
-2127
-1950
-1606
-1272
-1674
-3692
-5475
-6770
-6930
-5584
-3995
-2351
-1548
-1798
-2340
-2348
-1582
-84
1780
3143
4129
4172
3396
2943
2511
2410
2780
2762
2611
2028
813
-352
-1675
-2587
-2912
-3110
-3190
-3034
-3031
-3176
-3320
-3426
-3042
-2266
-1319
-315
512
935
1265
1311
1545
2136
2701
3304
3414
3087
2268
1158
207
-398
-708
-920
-1257
-2089
-3267
-4328
-4847
-4738
-4155
-3363
-2851
-2603
-2424
-2244
-1763
-925
-54
657
1114
1451
1541
1609
1839
1980
2123
2177
2182
2076
1902
1837
1912
2116
2190
2240
2248
2150
2161
2450
2835
3418
4003
4480
4968
5120
4772
3114
1287
-168
-1519
-1451
-905
-469
-673
-2710
-4831
-6324
-6739
-5302
-3404
-1677
-930
-1686
-2683
-2941
-1942
-103
2021
3405
3712
3221
2120
1727
1825
2183
2860
2821
2204
1230
-99
-1124
-1971
-2581
-2777
-2983
-3154
-3259
-3458
-3593
-3576
-3422
-2946
-2017
-989
43
744
1026
1280
1371
1758
2605
3255
3779
3798
3236
2361
1236
499
90
-255
-607
-1248
-2129
-3136
-3990
-4417
-4437
-4069
-3423
-2893
-2554
-2234
-2045
-1743
-1182
-410
448
1177
1640
1746
1598
1680
1826
2049
2363
2551
2635
2482
2183
2070
2170
2288
2580
2808
2886
2899
3010
3219
3736
4423
5103
5617
5593
5036
3204
1265
-72
-1295
-1025
-514
-516
-1112
-3380
-5594
-6897
-7130
-5713
-3779
-2227
-1519
-2150
-3221
-3530
-2586
-704
1752
3650
4371
4150
2821
2026
1943
2170
3117
3567
3252
2251
517
-1093
-2329
-3000
-3096
-3119
-3355
-3564
-3964
-4532
-4734
-4626
-4058
-2914
-1859
-776
-31
268
610
880
1470
2439
3226
3808
3871
3396
2578
1588
1016
547
175
-367
-1121
-2224
-3467
-4266
-4670
-4447
-3853
-3270
-2911
-2966
-3038
-2715
-2125
-1097
50
843
1417
1617
1577
1571
1777
2140
2318
2414
2404
2188
1841
1646
1651
1779
1776
1804
1820
1708
1879
2175
2771
3648
4444
5247
5759
6063
6017
4828
3120
1848
391
-32
355
364
145
-1726
-4305
-6032
-6962
-6373
-4738
-3409
-2567
-2886
-4068
-4421
-3612
-1994
291
2084
2977
3135
2325
1901
2313
2656
3553
4128
3793
3282
2029
630
-448
-1476
-1915
-2106
-2525
-2796
-3261
-4062
-4578
-4894
-4775
-3940
-3092
-2190
-1493
-1140
-675
-244
326
1264
2107
2735
3255
3260
3123
2742
2280
1692
803
101
-974
-1946
-2510
-3294
-3738
-4090
-4414
-4536
-4582
-4319
-3953
-3205
-2354
-1605
-819
-181
375
830
1304
1930
2478
3033
3267
3134
2965
2535
2180
2164
2339
2536
2637
2442
1899
1495
1275
1306
1728
2326
3045
3767
4278
4637
5039
5394
5489
4445
3172
2000
513
293
441
501
153
-1682
-3724
-5165
-5981
-5427
-4234
-3181
-2532
-2941
-3651
-3629
-2852
-1484
328
1707
2435
2504
1940
1928
2155
2474
3297
3613
3385
2678
1338
56
-773
-1353
-1458
-1634
-2152
-2664
-3375
-3958
-4076
-3930
-3481
-2928
-2524
-2109
-1750
-1260
-590
20
663
1340
1705
2111
2569
2735
2652
2314
1773
1187
-11
-834
-1359
-2752
-3023
-3513
-4389
-4321
-4742
-4906
-4729
-4524
-3793
-3347
-2494
-1455
-1138
-368
297
669
1534
2125
2580
2995
3009
2967
2944
2726
2669
2725
2809
3035
2939
2671
2372
1800
1758
2030
2368
3113
3629
3974
4195
4491
5011
5631
5088
3689
2273
188
-808
-476
-40
568
-454
-2732
-4556
-6143
-6158
-4820
-3406
-1975
-1978
-3104
-3590
-3338
-2178
-197
1625
2683
2984
2386
1904
2088
2344
3243
3899
3595
3094
1791
396
-468
-1148
-1217
-1402
-1975
-2564
-3333
-4042
-4159
-3977
-3618
-2998
-2798
-2614
-2267
-1768
-1025
-331
365
1148
1540
1817
2317
2558
2804
2660
2272
1743
769
-21
-738
-1861
-2384
-2938
-3864
-4171
-4666
-4975
-4878
-4722
-4235
-3937
-3564
-2958
-2750
-2038
-1110
-609
229
825
1217
1676
1986
2354
2755
2935
3070
3000
3018
3185
3215
3316
3302
3036
2856
2748
2738
3072
3348
3709
4101
4585
5129
5500
4769
3019
1559
-378
-1292
-733
-196
473
-640
-3113
-5061
-6593
-6427
-4791
-3189
-1760
-1761
-2993
-3676
-3511
-2252
-80
1973
3141
3367
2606
2001
2265
2716
3715
4506
4255
3730
2390
908
138
-497
-451
-456
-951
-1573
-2641
-3734
-4114
-4050
-3547
-2844
-2583
-2548
-2547
-2529
-2139
-1461
-624
456
970
1306
1734
1895
2019
2012
1909
1697
1081
655
60
-794
-1198
-2071
-2868
-3142
-3565
-3630
-3494
-3471
-3423
-3618
-3663
-3435
-3240
-2443
-1672
-1205
-654
-518
-446
-136
324
1010
1644
2038
2346
2334
2458
2758
2862
3078
3265
3278
3393
3437
3508
3838
4018
4328
4605
4880
5339
5540
4605
2860
1411
-440
-1183
-683
-319
-143
-1629
-4023
-5754
-6764
-6183
-4502
-3074
-2013
-2338
-3654
-4062
-3439
-1942
352
2223
3145
3075
2180
1687
1957
2551
3719
4557
4422
3854
2424
955
134
-305
-141
-12
-393
-1025
-2132
-3146
-3493
-3476
-3069
-2445
-2281
-2365
-2477
-2656
-2241
-1624
-885
-29
366
628
929
1030
1087
935
688
518
147
102
66
-422
-1012
-1918
-2773
-2979
-2934
-2573
-2327
-2387
-2769
-3467
-3595
-3200
-2571
-1782
-1116
-907
-914
-952
-690
-139
565
1270
1688
1816
1885
1940
2159
2507
2801
3055
3089
3122
3189
3310
3599
3960
4440
4761
5006
5388
5600
4695
3088
1740
-61
-935
-603
-311
-142
-1358
-3693
-5484
-6619
-6321
-4797
-3434
-2411
-2538
-3734
-4074
-3512
-2118
7
1773
2824
2862
2121
1682
1879
2472
3566
4254
4075
3614
2552
1211
469
-14
-101
-85
-470
-881
-1656
-2503
-2808
-2883
-2647
-2084
-1762
-1657
-1534
-1508
-1292
-973
-452
291
726
1000
1398
1511
1512
1543
1274
707
270
-59
-641
-710
-1195
-1905
-2333
-2979
-3066
-2935
-2745
-2329
-2404
-2451
-2368
-2491
-2024
-1502
-1064
-478
-359
-255
-70
158
478
765
1083
1385
1566
1798
2156
2388
2560
2589
2460
2478
2572
2693
2987
3048
3239
3469
3628
4112
4603
5193
5321
3909
2465
825
-794
-594
-180
265
166
-1908
-4008
-5441
-6030
-4930
-3525
-2438
-1885
-2909
-3922
-3836
-3071
-1343
536
1758
2170
1726
868
609
884
1601
2796
3166
3075
2479
960
-36
-512
-585
-46
100
-93
-531
-1319
-1824
-1974
-1734
-1097
-583
-560
-568
-607
-624
-374
-75
336
687
632
763
925
917
818
116
-488
-1070
-1734
-1746
-1639
-1884
-2029
-2644
-3259
-3140
-2786
-2155
-1642
-1463
-1381
-1766
-1747
-1312
-960
-194
124
-29
-121
-185
-102
19
311
681
848
1021
1300
1373
1633
1822
1999
2375
2563
2886
3172
3367
3806
4163
4471
5019
5555
5980
5890
4307
2708
1201
-544
-587
-266
-107
-218
-2271
-4528
-5851
-6486
-5443
-3961
-2937
-2287
-3191
-4202
-3991
-3197
-1516
466
1653
2227
1945
1212
1157
1390
1972
2811
2888
2601
2173
976
72
-505
-973
-808
-964
-1118
-1291
-1917
-2244
-2303
-2202
-1595
-878
-439
-159
12
50
197
447
903
1441
1543
1664
1646
1383
1175
809
268
-273
-780
-1588
-2073
-2313
-2755
-2941
-3209
-3321
-3155
-2770
-2181
-1856
-1516
-1214
-1048
-747
-427
-91
353
498
547
589
397
345
84
94
345
470
691
779
790
875
883
1156
1702
2109
2481
2670
2816
3119
3542
4188
4906
5580
6176
6653
6255
4679
3253
1486
62
165
282
549
-82
-2504
-4575
-6080
-6435
-5279
-4064
-2884
-2517
-3739
-4559
-4408
-3498
-1523
352
1554
1937
1436
794
783
1163
1955
2851
2836
2501
1762
481
-291
-657
-682
-371
-551
-826
-1307
-2008
-2099
-1995
-1544
-812
-416
-287
-200
-153
28
486
929
1406
1464
1248
1257
1196
1203
1114
656
-64
-1017
-1730
-2360
-2568
-2490
-2726
-3014
-3276
-3277
-3043
-2440
-1753
-1322
-969
-903
-736
-308
220
884
1278
1314
1232
914
670
551
577
785
783
689
650
452
439
570
670
1182
1498
1739
1880
1948
2251
2647
3328
4212
4874
5594
6162
6256
5099
3552
2279
645
552
989
1105
1030
-868
-3056
-4463
-5066
-4066
-2681
-1610
-1075
-2111
-3475
-3705
-3169
-1625
282
1406
1679
903
-170
-708
-634
56
882
1096
570
-260
-1560
-2510
-2596
-2318
-1530
-1140
-1254
-1475
-1948
-1862
-1280
-380
791
1514
1590
1493
1457
1489
1879
2241
2450
2409
1818
1212
804
325
-32
-627
-1255
-1853
-2345
-3105
-3697
-3913
-4755
-4495
-3968
-3645
-2450
-1977
-1703
-1255
-909
-95
422
1238
1908
1712
1846
1602
976
975
816
307
53
-353
-626
-925
-1026
-719
-723
-371
1
33
480
749
1011
1640
2075
2604
3172
3658
4410
5043
5619
6262
6916
6541
4731
3345
1599
201
429
419
476
-387
-2759
-4577
-5562
-5182
-3347
-1978
-951
-829
-2115
-2593
-1988
-747
1272
2571
2901
2507
1369
590
352
520
935
1021
244
-917
-2114
-3219
-3380
-3050
-2505
-1836
-1916
-2150
-2289
-2206
-1119
-14
1032
1849
1854
1661
1583
1846
2268
2650
2636
2224
1591
870
390
-14
-425
-899
-1622
-2270
-2597
-2744
-2716
-3020
-3370
-3402
-3547
-2750
-1577
-930
-103
-155
-488
-329
81
1069
1804
2136
2006
1062
347
-3
-308
-87
-98
-487
-933
-1440
-1745
-1750
-1494
-882
-489
-71
448
611
1077
1529
1928
2648
3380
3803
4175
4430
4705
5240
5639
6076
6538
6033
4143
2479
630
-850
-742
-874
-844
-1436
-3436
-4737
-5372
-4722
-2968
-1773
-792
-421
-969
-904
-60
926
2156
2865
2717
2372
1631
993
625
57
-231
-646
-1323
-1704
-2137
-2541
-2702
-2698
-2532
-2131
-1782
-1283
-751
-326
327
657
913
1439
1582
1720
1811
1766
1678
1376
988
381
-269
-649
-958
-1198
-1403
-1776
-2166
-2626
-2788
-2678
-2200
-1750
-1687
-1397
-1502
-1399
-749
-483
205
671
381
358
261
323
427
238
177
-223
-762
-980
-1306
-1337
-1226
-1534
-1642
-1646
-1689
-1439
-1176
-726
-101
430
1105
1528
1833
2261
2446
2850
3325
3604
4252
4661
5022
5395
5387
5312
5308
4518
2800
1712
13
-1118
-1095
-1595
-1472
-2242
-3696
-4260
-4637
-3711
-2196
-1179
-106
243
-81
130
733
1411
2323
2672
2608
2183
1267
503
-310
-923
-939
-1110
-1390
-1585
-2068
-2505
-2732
-2494
-1879
-1252
-766
-498
-355
-170
359
845
1344
1626
1515
1266
1019
902
773
511
96
-521
-1172
-1467
-1558
-1570
-1616
-1877
-2179
-2311
-2083
-1455
-828
-647
-490
-781
-1075
-499
-167
380
958
718
314
-264
-427
-403
-458
-270
-536
-1039
-1367
-1769
-1975
-1792
-1655
-1559
-1341
-1277
-1185
-1002
-561
20
550
1174
1569
1740
1932
2122
2435
2957
3122
3355
3311
3183
3457
3720
3973
4180
4240
4238
3457
1800
680
-749
-1560
-1186
-1288
-1183
-1742
-3166
-3734
-3667
-2522
-888
151
922
1022
540
543
982
1514
2213
2356
1978
1385
493
-58
-650
-1091
-1061
-1359
-1656
-1957
-2314
-2455
-2440
-2219
-1717
-1141
-711
-443
-208
156
579
815
1068
1180
984
918
714
684
603
201
-228
-728
-1036
-1089
-1091
-965
-875
-1048
-1130
-1186
-985
-527
-118
100
199
-147
-308
-326
-689
-187
9
-440
-504
-1114
-1400
-1282
-1258
-1003
-1043
-1005
-1246
-1597
-1280
-1052
-1078
-841
-815
-839
-649
-539
-364
-75
232
641
1014
1479
1828
1871
2032
2044
2289
2717
2869
3073
3223
3232
3309
3529
3872
4199
3593
1955
661
-816
-1565
-1207
-1076
-685
-1338
-2679
-3233
-3284
-2125
-521
482
1255
1253
733
667
802
1263
1967
2167
2084
1584
776
62
-756
-1339
-1357
-1478
-1587
-1749
-2225
-2547
-2769
-2527
-1924
-1362
-934
-735
-628
-291
169
509
883
1009
961
842
786
855
776
447
38
-376
-573
-372
-247
-243
-487
-956
-1278
-1322
-917
-307
119
214
-259
-741
-927
-1149
-698
-289
-402
-524
-1142
-1586
-1671
-1472
-1091
-899
-576
-671
-990
-856
-720
-565
-305
-156
-203
-194
-171
-274
-283
-118
232
455
700
891
913
1044
1213
1411
1696
1986
2171
2421
2611
2918
3286
3391
3717
4046
4270
3711
2325
1213
-193
-895
-624
-621
-378
-905
-2056
-2562
-2588
-1524
-133
780
1389
1303
899
922
1233
1668
2210
2235
1818
1109
118
-534
-1204
-1727
-1815
-2129
-2431
-2809
-3351
-3506
-3458
-2929
-2179
-1614
-1090
-811
-606
-154
440
832
1313
1521
1686
1798
1646
1609
1274
851
615
308
122
-49
-452
-754
-1136
-1269
-1160
-1170
-1107
-1049
-1023
-823
-919
-936
-764
-1243
-1066
-885
-1174
-779
-959
-1167
-989
-973
-643
-524
-255
-30
-219
-123
-143
-434
-274
-99
-188
-164
-239
-596
-716
-801
-512
-130
100
422
353
385
594
880
1413
1940
2120
2242
2209
2260
2701
3239
3888
4360
4466
4345
2933
1682
814
-306
3
200
78
-47
-1315
-2144
-2200
-1592
1
1063
1532
1674
1021
589
662
958
1507
1717
1401
678
-412
-1423
-1983
-2630
-2726
-2734
-3123
-3293
-3787
-3893
-3571
-3135
-2253
-1540
-1146
-651
-365
182
1011
1653
2174
2380
2274
2090
1877
1642
1457
971
548
165
-405
-713
-1146
-1548
-1709
-2020
-2034
-1771
-1613
-1261
-994
-825
-543
-553
-617
-359
-554
-425
-149
-518
-221
-327
-673
-513
-602
-499
-535
-634
-545
-821
-780
-683
-927
-879
-850
-1060
-1003
-917
-886
-725
-579
-290
-12
233
550
789
1030
1359
1611
1897
2072
2180
2274
2388
2595
2860
3230
3443
3684
3894
4036
3240
2013
1150
-34
-98
354
416
751
-137
-1083
-1309
-1213
42
966
1343
1561
972
398
259
205
437
520
200
-202
-920
-1677
-2200
-2945
-3274
-3053
-3054
-2782
-2683
-2765
-2509
-2276
-1507
-510
237
963
1255
1242
1402
1528
1716
1826
1768
1575
1195
653
123
-398
-907
-999
-1243
-1449
-1624
-2090
-2084
-2048
-1832
-1263
-982
-530
-231
-2
332
350
633
612
440
645
423
93
40
-464
-708
-726
-824
-890
-1193
-1383
-1496
-1492
-1259
-1152
-1242
-1276
-1276
-1190
-802
-536
-298
-95
-163
-57
158
498
952
1305
1512
1512
1560
1651
1607
1722
1976
2089
2204
2471
2537
2760
3081
3343
3766
4257
4132
2948
2133
1159
590
842
727
950
611
-379
-727
-1187
-842
-126
-97
283
221
-255
-442
-824
-971
-778
-727
-645
-679
-1186
-1662
-2168
-2568
-2229
-1756
-1373
-1007
-1208
-1202
-1040
-884
-149
280
608
854
558
433
326
280
326
372
334
220
-159
-683
-1055
-1382
-1453
-1233
-1096
-964
-1060
-1211
-1188
-1085
-654
-117
348
686
823
784
660
482
599
469
169
92
-335
-792
-1021
-1420
-1582
-1513
-1566
-1550
-1635
-1500
-1374
-1368
-1154
-1008
-886
-635
-479
-301
-109
-203
-258
-304
-304
-11
331
451
503
429
411
537
859
1376
1654
1849
1921
1908
2164
2543
2951
3402
3696
4020
4129
4291
4429
3614
2801
1870
641
512
348
305
413
-610
-1330
-1799
-2120
-1351
-792
-365
-77
-429
-631
-761
-829
-405
67
373
605
334
-261
-784
-1317
-1443
-1172
-966
-773
-1032
-1428
-1670
-1754
-1442
-909
-714
-524
-576
-801
-701
-665
-413
-143
95
252
123
-143
-410
-520
-478
-303
-235
-335
-436
-710
-670
-544
-353
-95
17
112
277
410
557
628
592
276
-222
-443
-852
-868
-755
-1207
-1257
-1474
-1672
-1394
-1313
-1047
-717
-641
-519
-505
-407
-343
-470
-330
-277
-350
-330
-526
-718
-691
-569
-341
28
380
595
794
919
1212
1587
1926
2242
2308
2391
2417
2419
2522
2680
3092
3333
3495
3568
3541
3335
2438
1557
677
141
232
71
157
-61
-728
-1037
-1256
-1077
-405
30
514
636
416
295
30
-19
230
442
560
373
-230
-981
-1535
-1931
-2076
-1974
-1913
-1923
-2122
-2202
-2124
-2071
-1875
-1593
-1335
-1014
-700
-465
-127
69
346
490
407
398
310
284
282
188
-55
-465
-749
-847
-757
-449
-298
-341
-540
-779
-717
-359
130
538
553
174
-223
-564
-540
-326
-265
-331
-686
-1103
-1259
-1393
-1376
-1217
-1180
-1095
-1053
-1073
-1058
-1083
-1045
-914
-750
-461
-238
-199
-229
-195
-237
-131
69
208
480
640
733
748
637
655
798
959
1220
1384
1342
1279
1348
1492
1830
2347
2655
2896
2943
2934
3110
3301
3188
2725
1900
1209
931
695
704
716
415
109
-206
-427
-393
-429
-318
-38
117
189
8
-318
-594
-712
-606
-434
-324
-542
-951
-1390
-1786
-1937
-1856
-1657
-1548
-1532
-1515
-1436
-1399
-1355
-1257
-1187
-1034
-835
-624
-304
-73
37
-9
-87
-159
-261
-264
-271
-199
-53
-23
-57
-125
-209
-187
-197
-169
-102
-2
59
3
-107
-200
-337
-414
-354
-385
-465
-589
-811
-1034
-1120
-1095
-956
-784
-699
-633
-615
-653
-680
-623
-517
-427
-306
-233
-220
-356
-514
-518
-490
-416
-422
-550
-725
-886
-975
-905
-684
-394
-62
179
265
334
492
767
1206
1594
1936
2139
2143
2177
2274
2519
2817
3063
3172
3158
2938
2568
2215
1961
1688
1598
1500
1411
1463
1156
912
650
400
410
403
350
230
-32
-190
-215
-323
-322
-570
-966
-1275
-1517
-1471
-1334
-1297
-1432
-1730
-1791
-1679
-1531
-1253
-1142
-1166
-1227
-1329
-1134
-793
-663
-546
-603
-690
-778
-841
-680
-523
-433
-377
-494
-598
-706
-794
-764
-510
-212
-99
-54
-84
-115
-111
65
246
441
530
401
191
-111
-384
-578
-601
-539
-529
-527
-641
-682
-700
-652
-513
-366
-299
-277
-348
-349
-270
-293
-357
-565
-697
-666
-595
-417
-206
-86
22
133
290
566
770
1010
1138
1219
1314
1342
1341
1304
1329
1388
1475
1638
1769
1924
2131
2351
2538
2668
2589
2277
1978
1664
1484
1556
1601
1718
1604
1249
905
464
282
139
13
-69
-204
-303
-339
-550
-799
-1082
-1315
-1392
-1445
-1348
-1131
-959
-833
-918
-1003
-990
-968
-790
-684
-673
-632
-647
-691
-691
-823
-950
-1043
-1092
-1125
-1206
-1098
-1065
-1028
-1013
-1032
-882
-750
-542
-283
-5
171
213
207
194
217
338
465
519
529
378
178
-17
-217
-299
-451
-606
-786
-1008
-1113
-1181
-1089
-973
-946
-862
-871
-915
-832
-706
-553
-365
-245
-236
-139
-158
-137
-45
95
263
371
383
310
209
100
57
161
318
461
442
414
404
307
279
492
765
954
1149
1281
1566
1782
2056
2382
2587
2827
3046
3189
3191
2815
2410
1981
1673
1705
1719
1717
1370
728
198
-245
-338
-215
-218
-273
-564
-922
-898
-661
-403
-255
-359
-530
-798
-939
-834
-693
-613
-600
-702
-851
-1147
-1339
-1409
-1439
-1374
-1445
-1515
-1527
-1585
-1517
-1349
-1150
-841
-602
-394
-147
-13
74
123
116
295
441
600
659
538
343
138
-36
-76
-56
-23
-110
-287
-501
-643
-603
-562
-670
-860
-1045
-1196
-1119
-934
-700
-458
-364
-320
-228
-209
-209
-140
-52
-1
-97
-110
-189
-312
-542
-828
-1009
-975
-777
-690
-654
-747
-781
-731
-645
-352
-64
215
410
418
427
545
706
942
1096
1198
1213
1246
1332
1488
1713
1902
2069
2102
2229
2503
2779
3000
2957
2598
2222
1804
1604
1757
1824
1895
1628
1049
652
314
256
271
213
48
-212
-470
-573
-671
-725
-827
-1054
-1179
-1408
-1454
-1459
-1456
-1316
-1242
-1192
-1111
-1145
-1223
-1218
-1072
-825
-616
-466
-450
-545
-604
-575
-428
-241
-162
-159
-157
-217
-182
-160
-213
-282
-393
-430
-423
-443
-437
-376
-444
-449
-349
-180
-121
-94
-49
-116
-143
-182
-237
-171
-90
-127
-150
-340
-537
-554
-555
-476
-516
-603
-736
-919
-882
-770
-676
-574
-623
-650
-669
-624
-445
-322
-128
48
102
160
203
199
274
301
379
418
380
392
378
376
579
848
1144
1327
1329
1377
1537
1877
2306
2797
3055
3162
3173
3137
3164
3108
2911
2557
2043
1614
1204
964
805
517
231
-172
-549
-794
-1008
-1028
-896
-826
-615
-538
-545
-605
-661
-629
-536
-393
-265
-334
-478
-550
-637
-595
-562
-599
-689
-846
-947
-995
-1066
-995
-976
-972
-919
-860
-742
-696
-669
-608
-483
-301
-77
67
134
85
-60
-53
41
190
287
347
245
27
-167
-341
-393
-366
-451
-592
-773
-973
-1112
-1203
-1181
-1084
-1074
-1003
-1004
-986
-847
-713
-544
-368
-358
-351
-368
-406
-415
-389
-288
-288
-266
-334
-414
-447
-373
-272
-192
-120
-147
-57
86
248
356
464
534
588
735
936
1192
1396
1547
1598
1681
1745
1830
1963
2108
2300
2428
2521
2457
2367
2369
2337
2093
1831
1557
1230
1067
964
968
922
762
585
405
339
329
309
304
292
183
185
246
120
2
-233
-395
-517
-726
-822
-934
-991
-1087
-1155
-1167
-1230
-1281
-1248
-1171
-947
-746
-609
-468
-504
-449
-477
-413
-252
-211
-202
-240
-274
-307
-324
-320
-356
-390
-436
-507
-531
-519
-500
-570
-542
-546
-562
-586
-706
-763
-787
-760
-698
-663
-644
-705
-721
-736
-753
-632
-556
-439
-386
-365
-358
-316
-313
-301
-346
-365
-315
-350
-384
-336
-288
-196
-190
-208
-70
58
174
254
278
281
284
311
423
493
596
651
716
782
782
710
772
796
915
1089
1166
1311
1452
1636
1767
1950
2178
2324
2461
2549
2536
2348
2158
1917
1618
1557
1466
1445
1388
1157
932
540
241
111
-5
3
-14
-117
-205
-304
-346
-437
-452
-467
-541
-619
-698
-653
-560
-455
-504
-524
-593
-752
-779
-790
-788
-814
-854
-847
-868
-871
-866
-879
-857
-862
-888
-829
-726
-644
-624
-622
-649
-696
-727
-713
-656
-546
-530
-469
-551
-732
-850
-883
-837
-744
-681
-674
-672
-742
-701
-654
-535
-395
-378
-356
-328
-273
-188
-112
-6
9
10
-35
-82
-135
-134
-166
-181
-199
-274
-315
-395
-357
-236
-50
74
119
127
71
136
205
350
484
615
706
710
738
781
863
970
1088
1246
1377
1407
1478
1496
1627
1852
1950
2086
2239
2238
2306
2442
2393
2227
2020
1639
1350
1285
1247
1353
1174
980
704
396
345
271
311
285
87
-99
-92
-76
-87
-171
-383
-608
-809
-908
-944
-891
-853
-878
-958
-1123
-1254
-1313
-1314
-1182
-1099
-1059
-1020
-1139
-1185
-1208
-1147
-1039
-1034
-1028
-1011
-1069
-1032
-912
-810
-780
-839
-834
-824
-748
-602
-524
-474
-518
-609
-686
-690
-667
-638
-624
-686
-769
-766
-748
-677
-599
-575
-618
-662
-603
-513
-400
-220
-148
-182
-182
-220
-263
-317
-302
-295
-267
-213
-171
-119
-147
-158
-150
-82
24
104
228
240
261
252
216
214
219
225
292
350
423
466
486
555
712
866
1007
1104
1245
1325
1486
1666
1818
2094
2230
2326
2453
2645
2662
2520
2320
2053
1713
1524
1453
1398
1305
1072
818
549
265
76
-101
-214
-363
-549
-491
-444
-392
-457
-596
-726
-919
-1028
-1121
-1055
-928
-901
-889
-879
-925
-997
-1051
-1086
-1065
-984
-930
-866
-822
-821
-853
-934
-991
-1013
-956
-851
-747
-651
-689
-784
-827
-795
-707
-555
-443
-405
-439
-443
-430
-356
-217
-186
-259
-344
-380
-414
-327
-268
-240
-223
-275
-320
-397
-348
-291
-248
-141
-93
-114
-174
-210
-248
-221
-126
-124
-97
-144
-215
-265
-239
-167
-126
-73
-17
26
0
-24
-64
-115
-76
-27
31
143
315
415
507
586
656
763
900
1018
1179
1370
1465
1499
1547
1586
1651
1744
1852
1964
2048
2132
2214
2277
2197
2062
1816
1518
1329
1275
1255
1226
1043
813
624
371
258
160
130
62
-57
-27
-84
-119
-211
-396
-482
-580
-646
-749
-863
-887
-917
-1086
-1150
-1280
-1406
-1512
-1551
-1516
-1512
-1532
-1599
-1576
-1613
-1597
-1447
-1292
-1203
-1189
-1090
-1015
-888
-668
-571
-514
-486
-462
-418
-432
-467
-424
-460
-532
-459
-390
-354
-377
-441
-417
-434
-445
-475
-533
-624
-556
-465
-364
-268
-301
-323
-410
-409
-348
-293
-209
-172
-213
-227
-332
-399
-410
-432
-425
-441
-405
-378
-338
-195
-70
80
140
178
140
133
156
189
272
321
310
307
314
316
410
482
548
593
659
653
752
855
1011
1158
1296
1471
1611
1878
2016
2203
2444
2647
2704
2697
2546
2238
1967
1764
1682
1640
1531
1271
973
656
471
318
176
2
-187
-340
-443
-491
-606
-747
-972
-1102
-1223
-1254
-1182
-1258
-1248
-1274
-1310
-1239
-1272
-1225
-1212
-1246
-1155
-1154
-1078
-1099
-1079
-1071
-1069
-1063
-1059
-1034
-982
-922
-947
-946
-882
-779
-711
-580
-498
-430
-409
-398
-396
-371
-298
-254
-185
-138
-143
-217
-230
-264
-253
-195
-225
-206
-157
-155
-117
-151
-94
-4
21
82
100
137
203
242
177
171
79
7
-108
-210
-253
-350
-403
-479
-505
-577
-612
-688
-762
-756
-654
-593
-517
-504
-454
-322
-146
58
200
401
502
607
752
907
1112
1215
1268
1296
1296
1322
1396
1461
1544
1604
1668
1745
1812
1930
1976
2035
1976
1771
1687
1490
1300
1133
1029
984
883
734
594
353
183
83
4
90
95
55
38
-4
-128
-258
-424
-584
-665
-771
-810
-919
-1052
-1257
-1464
-1540
-1591
-1507
-1471
-1451
-1471
-1493
-1502
-1409
-1264
-1128
-959
-954
-936
-953
-965
-931
-862
-704
-682
-668
-701
-683
-675
-638
-526
-426
-318
-217
-152
-130
-47
-11
-25
21
39
18
114
151
123
61
-56
-83
-179
-335
-325
-439
-507
-518
-581
-605
-738
-784
-831
-805
-732
-667
-586
-511
-428
-346
-321
-267
-198
-224
-153
-84
-54
-95
-94
-128
-189
-134
-123
-90
-19
49
116
170
233
325
417
543
681
841
985
1067
1094
1140
1210
1367
1553
1646
1724
1733
1786
1888
2026
2112
2195
2181
2014
1859
1652
1479
1390
1271
1181
1023
814
586
356
188
25
-107
-190
-302
-364
-400
-478
-522
-620
-698
-832
-943
-1027
-1060
-1090
-1146
-1166
-1228
-1291
-1357
-1357
-1342
-1348
-1333
-1347
-1305
-1241
-1135
-1024
-963
-915
-806
-702
-609
-537
-516
-384
-274
-223
-172
-190
-224
-216
-235
-161
-206
-267
-338
-422
-462
-494
-386
-328
-335
-376
-386
-354
-281
-178
-115
-29
-1
-14
-13
-30
-28
-91
-152
-274
-354
-469
-557
-603
-677
-767
-844
-835
-840
-867
-818
-706
-625
-582
-499
-447
-360
-186
-126
-86
-40
33
94
207
390
462
521
523
533
618
684
806
909
1006
1042
1111
1236
1331
1356
1414
1423
1503
1635
1745
1860
1911
1958
2019
2017
1981
1922
1794
1583
1373
1238
1125
1049
916
759
603
345
168
15
-152
-250
-322
-358
-390
-430
-487
-617
-774
-804
-854
-906
-894
-976
-1029
-1040
-1067
-1090
-1175
-1285
-1380
-1398
-1358
-1343
-1293
-1311
-1377
-1306
-1243
-1120
-1026
-953
-901
-816
-686
-541
-394
-258
-132
-62
-74
-29
-29
24
60
-3
-87
-225
-287
-346
-350
-346
-385
-432
-482
-560
-560
-569
-538
-450
-471
-488
-491
-468
-461
-464
-388
-368
-448
-457
-487
-495
-506
-599
-623
-671
-701
-644
-620
-571
-567
-519
-524
-483
-418
-332
-208
-153
-40
93
235
349
446
470
538
587
686
789
877
975
1022
1089
1053
1134
1134
1165
1262
1307
1381
1384
1430
1478
1534
1632
1718
1784
1865
1925
1926
1873
1718
1585
1373
1267
1201
1025
908
678
437
207
40
-83
-221
-388
-520
-632
-740
-776
-822
-855
-942
-1012
-1088
-1114
-1097
-1133
-1159
-1143
-1109
-1075
-1056
-1051
-1065
-1143
-1177
-1115
-1045
-1007
-994
-1034
-1073
-1114
-1025
-931
-851
-828
-839
-811
-754
-671
-555
-400
-326
-236
-205
-143
-133
-69
-22
-26
-31
-73
-51
-92
-129
-188
-283
-370
-429
-438
-471
-554
-614
-633
-628
-647
-690
-650
-631
-656
-717
-680
-676
-638
-565
-479
-351
-340
-314
-311
-337
-319
-283
-243
-200
-181
-164
-192
-179
-131
-88
-20
79
216
329
474
626
740
900
1010
1148
1273
1369
1452
1535
1609
1589
1646
1664
1621
1616
1555
1525
1543
1505
1562
1558
1515
1518
1484
1473
1297
1123
983
906
907
870
880
833
718
538
375
231
152
62
41
-70
-174
-355
-529
-597
-742
-865
-931
-1040
-1172
-1220
-1306
-1329
-1353
-1334
-1332
-1319
-1301
-1340
-1278
-1232
-1169
-1058
-998
-945
-899
-845
-791
-805
-777
-754
-741
-711
-712
-682
-689
-614
-542
-522
-486
-524
-575
-587
-551
-500
-445
-418
-440
-403
-379
-385
-384
-434
-447
-449
-419
-358
-335
-380
-400
-467
-543
-569
-592
-591
-571
-569
-556
-547
-514
-459
-399
-333
-267
-204
-72
12
110
200
246
305
333
337
391
423
416
492
517
589
573
583
607
632
704
736
786
837
901
926
990
969
1011
1039
1072
1076
1119
1160
1156
1198
1184
1262
1207
1272
1302
1315
1387
1402
1431
1366
1372
1257
1132
1025
942
838
698
596
526
414
228
143
-44
-161
-291
-371
-395
-484
-507
-603
-683
-790
-939
-1004
-1081
-1138
-1101
-1131
-1175
-1212
-1306
-1284
-1297
-1287
-1270
-1230
-1178
-1107
-1084
-1077
-1039
-1010
-1000
-984
-958
-936
-817
-830
-822
-828
-866
-824
-802
-798
-803
-821
-851
-823
-791
-808
-762
-695
-711
-651
-576
-466
-343
-348
-342
-319
-305
-287
-233
-144
-112
-90
-89
-124
-99
-104
0
53
86
83
112
166
190
285
281
318
328
318
329
321
324
338
408
468
448
492
504
489
480
556
601
667
734
681
634
692
706
808
886
918
1015
967
897
870
915
1006
1105
1126
1153
1132
1185
1228
1228
1179
1188
1206
1158
1156
1080
1014
895
781
643
521
449
369
243
129
34
-46
-118
-243
-345
-439
-546
-618
-678
-721
-755
-869
-933
-1003
-1037
-1051
-1096
-1165
-1168
-1216
-1241
-1166
-1132
-1179
-1201
-1146
-1162
-1115
-1109
-1131
-1162
-1142
-1113
-1113
-1098
-1107
-1092
-1081
-998
-956
-919
-820
-828
-819
-704
-621
-518
-423
-428
-428
-354
-313
-304
-199
-162
-177
-161
-141
-175
-173
-119
-68
6
67
86
50
106
149
181
278
335
376
451
511
540
535
522
527
575
587
594
575
488
465
432
429
431
478
455
487
526
611
653
670
740
786
871
880
907
964
1017
1011
1019
994
1000
957
952
996
987
1025
1041
1015
953
914
854
797
748
761
744
730
715
654
632
612
561
536
468
327
297
229
173
102
19
-89
-191
-287
-394
-468
-482
-541
-582
-658
-704
-746
-784
-822
-895
-943
-1024
-1069
-1149
-1142
-1166
-1144
-1143
-1125
-1055
-1035
-979
-994
-965
-953
-853
-833
-814
-771
-797
-797
-790
-790
-806
-786
-762
-727
-696
-642
-662
-642
-598
-620
-557
-416
-358
-219
-141
-77
26
68
144
201
230
287
326
355
329
347
351
338
381
337
362
316
336
366
400
441
510
559
591
643
721
747
788
824
789
802
843
854
776
789
729
731
696
728
692
624
616
608
554
582
627
651
662
668
687
684
690
721
731
767
766
730
734
688
662
620
640
674
635
594
498
439
383
396
375
369
424
368
353
318
303
282
248
191
80
46
-57
-142
-227
-308
-392
-385
-462
-592
-648
-731
-816
-852
-882
-910
-925
-939
-1004
-1035
-1122
-1200
-1194
-1222
-1184
-1122
-1077
-1081
-1065
-1075
-1082
-1004
-971
-933
-893
-853
-794
-737
-714
-637
-560
-534
-477
-427
-367
-318
-302
-221
-115
-33
12
83
148
203
304
364
441
521
555
615
670
632
681
668
701
691
632
628
612
602
570
513
446
439
415
424
429
355
352
332
318
342
389
448
472
440
429
395
379
426
419
403
348
391
340
331
339
341
370
295
269
280
297
305
374
442
432
431
382
393
516
606
710
720
699
637
583
609
623
627
619
568
519
462
416
396
324
270
186
136
46
-35
-31
-108
-156
-205
-219
-280
-377
-375
-436
-469
-486
-553
-588
-704
-754
-793
-862
-875
-911
-910
-975
-1018
-1037
-1044
-1023
-992
-1000
-986
-949
-943
-901
-891
-790
-748
-733
-573
-542
-425
-343
-265
-198
-151
-60
-16
-8
97
156
183
232
226
204
245
348
341
365
381
413
496
520
567
556
579
606
598
598
581
582
631
645
637
605
559
531
476
447
394
370
323
247
174
165
136
201
249
174
175
146
154
189
199
230
258
296
314
318
355
364
362
399
455
431
401
351
323
327
335
318
303
261
262
235
237
258
278
237
266
266
200
239
237
249
259
274
245
201
142
97
91
30
22
-5
-52
-71
-94
-182
-204
-220
-287
-286
-342
-427
-441
-419
-440
-432
-417
-493
-504
-481
-472
-430
-431
-441
-444
-470
-464
-478
-434
-434
-433
-395
-358
-298
-268
-269
-230
-248
-245
-223
-167
-136
-120
-117
-111
-128
-112
-84
-57
-7
-56
-111
-11
1
-38
17
35
15
11
28
51
45
10
31
68
54
25
33
-53
-51
-39
-25
-19
-8
32
22
35
64
56
60
13
35
89
53
107
59
55
66
81
92
103
128
87
90
101
46
10
44
83
90
79
115
129
150
134
149
202
228
234
198
176
130
91
119
163
150
141
106
163
128
110
159
128
153
136
165
211
216
242
218
217
188
153
135
138
142
111
62
18
12
18
24
39
46
37
20
-15
-32
42
70
68
110
57
59
65
28
31
17
64
48
70
77
1
-14
-38
-51
-61
-103
-72
-132
-184
-111
-99
-54
-80
-77
-95
-96
-74
-86
-89
-97
-119
-149
-188
-169
-201
-209
-176
-214
-163
-199
-206
-173
-187
-186
-160
-132
-107
-138
-126
-118
-123
-75
-89
-91
-102
-108
-93
-70
-70
-68
-53
-98
-101
-64
-29
13
-6
-40
-56
-17
-54
-77
-32
-19
-31
-36
-24
-59
-73
-72
-68
-131
-147
-82
-77
-30
-30
-32
-32
-1
57
89
117
136
162
185
212
207
219
151
123
193
248
234
252
242
254
247
260
332
343
410
482
468
482
470
412
428
388
419
433
397
384
340
269
265
231
202
206
175
130
103
104
129
173
150
122
133
129
151
158
159
109
22
38
88
103
48
16
-11
-63
-71
-121
-137
-167
-196
-229
-230
-232
-290
-241
-266
-292
-308
-351
-379
-382
-355
-344
-399
-409
-423
-439
-426
-434
-426
-406
-360
-371
-359
-325
-378
-348
-296
-275
-235
-217
-233
-219
-267
-298
-290
-325
-320
-330
-362
-400
-428
-468
-450
-428
-397
-421
-422
-367
-363
-334
-275
-241
-287
-237
-195
-165
-195
-220
-211
-199
-174
-172
-139
-120
-127
-130
-120
-76
-12
55
83
100
161
213
269
300
396
441
445
522
564
601
586
591
578
606
591
488
554
547
555
497
408
441
457
413
412
417
358
362
301
321
284
285
300
313
331
287
310
274
268
233
247
172
134
65
55
34
-40
-120
-148
-128
-201
-202
-216
-220
-257
-232
-276
-288
-257
-227
-220
-201
-144
-180
-151
-64
-54
-80
-54
-48
-46
-56
-93
-104
-77
-99
-137
-124
-135
-149
-162
-206
-228
-244
-246
-246
-249
-245
-298
-299
-284
-297
-309
-281
-293
-340
-300
-357
-341
-359
-426
-448
-486
-497
-475
-523
-518
-529
-554
-547
-567
-530
-484
-486
-479
-461
-402
-356
-331
-273
-300
-279
-235
-209
-178
-147
-159
-122
-104
-86
-28
-3
6
-26
-20
72
142
143
165
193
256
309
343
415
441
510
543
578
655
663
704
659
655
704
676
635
625
570
573
518
459
465
411
325
288
251
254
199
155
119
75
91
74
81
82
51
0
-5
-21
16
35
22
-18
-45
-54
-95
-98
-76
-102
-119
-117
-135
-159
-164
-109
-74
-99
-38
-33
-36
-1
29
46
68
115
100
130
138
97
106
76
45
34
5
0
-61
-76
-89
-132
-122
-129
-151
-188
-218
-188
-193
-195
-202
-227
-259
-260
-280
-310
-331
-322
-313
-367
-398
-410
-422
-469
-484
-571
-544
-562
-540
-534
-512
-499
-542
-496
-444
-339
-326
-256
-203
-108
-73
-58
1
34
63
106
106
111
143
136
157
188
148
165
226
212
242
256
247
277
315
337
365
402
438
402
399
428
414
390
370
416
425
395
367
364
304
254
213
230
212
133
134
29
-42
-74
-81
-89
-68
-63
-70
-84
-81
-72
-72
-35
-57
-52
-64
-35
-50
-46
-17
-15
-20
-40
-68
-80
-50
-22
-22
-24
10
-8
16
4
50
61
85
102
114
134
147
118
124
124
122
118
85
86
69
46
17
-36
-98
-136
-134
-178
-179
-230
-241
-265
-311
-278
-306
-340
-321
-295
-271
-270
-239
-237
-240
-234
-232
-286
-291
-272
-295
-315
-350
-374
-429
-418
-415
-416
-438
-384
-389
-360
-319
-324
-254
-221
-198
-171
-148
-107
-59
-12
47
25
73
128
136
103
82
90
56
117
140
140
152
171
147
118
143
149
160
188
222
209
201
234
238
249
274
253
228
211
221
170
143
116
70
58
42
2
1
-31
-59
-46
-54
-57
-98
-37
-59
-65
-62
-74
-24
-38
9
26
19
-16
-34
5
7
32
45
38
36
20
21
-31
-38
-59
-51
-21
-19
22
24
-25
-24
6
61
115
122
161
165
199
191
167
165
125
135
92
74
40
-31
-63
-105
-165
-186
-216
-252
-267
-304
-268
-222
-247
-275
-263
-261
-199
-213
-181
-103
-81
-93
-82
-86
-91
-88
-81
-31
-3
8
36
29
4
-31
-78
-51
-6
38
43
91
121
124
177
206
249
303
273
308
341
325
307
352
412
390
357
339
350
343
307
286
287
236
240
237
164
156
188
177
139
168
121
144
154
123
165
159
152
130
115
85
88
134
43
86
112
85
114
91
85
43
29
12
70
93
116
99
100
139
140
156
188
222
219
235
239
222
215
199
169
223
192
225
234
180
107
50
85
86
39
-24
-47
-23
-34
-79
-116
-128
-92
-112
-128
-73
-70
-122
-148
-78
-42
-84
-81
-98
-79
-104
-126
-117
-111
-120
-119
-165
-137
-177
-215
-191
-205
-159
-104
-102
-70
-83
-83
-110
-99
-44
-17
2
55
85
96
128
130
153
197
181
188
226
231
251
265
281
251
222
202
246
279
276
256
278
308
252
203
211
213
197
246
271
215
219
207
184
205
191
167
199
182
155
133
120
103
123
118
116
147
89
63
77
93
107
108
127
101
66
82
54
37
44
41
67
15
-28
-29
-27
-49
-47
-63
-55
-102
-119
-96
-106
-60
-52
-42
-4
-20
-8
45
44
36
-25
29
21
-3
20
2
-9
2
16
52
36
15
-9
4
-54
-66
11
2
56
68
7
-34
-19
-7
-30
-43
-42
-61
-36
-52
-51
-59
-94
-71
-103
-129
-119
-135
-96
-81
-81
-70
-26
-94
-76
-35
11
19
25
11
36
81
84
94
117
128
72
76
116
207
180
192
234
229
258
204
271
256
270
273
250
278
276
270
291
331
303
342
329
330
384
351
338
377
330
311
334
296
252
276
307
291
233
197
168
171
126
111
153
83
103
66
9
33
-14
8
38
70
54
60
68
57
76
70
61
39
9
-8
-38
-27
-46
-56
-73
-102
-92
-56
-75
-67
-81
-122
-56
-58
-65
-53
-33
-49
-62
-49
-20
33
-4
20
-38
-63
-83
-59
-90
-125
-86
-110
-147
-211
-138
-153
-109
-60
-64
-54
-59
-17
12
35
54
43
80
115
100
120
103
85
99
109
105
102
116
147
131
159
142
150
180
167
222
254
253
237
224
216
215
236
262
253
265
293
273
265
251
235
201
256
330
298
283
270
278
296
289
254
252
220
215
214
190
211
225
198
161
146
132
168
221
193
160
204
192
223
230
218
208
211
223
182
178
183
158
128
103
80
23
36
5
-1
2
-4
-7
-61
-32
-17
-59
-70
-54
-74
-58
-72
-95
-68
-84
-98
-103
-114
-141
-161
-162
-109
-128
-140
-124
-146
-185
-230
-179
-171
-208
-139
-156
-163
-143
-151
-141
-96
-59
-59
-58
-50
-58
-50
-12
-13
-44
-45
3
3
-30
-29
-20
-24
-19
1
-28
5
16
-20
-31
22
49
56
70
52
46
42
95
127
117
150
167
157
131
155
147
138
178
153
153
162
180
189
167
217
214
228
258
264
302
278
286
339
335
318
363
365
378
397
389
329
316
346
319
296
254
221
177
178
163
194
123
97
78
66
48
59
50
26
67
48
68
72
101
112
130
72
59
52
73
53
12
-11
-16
4
-30
-15
-53
-126
-75
-98
-166
-144
-99
-161
-162
-54
-97
-119
-131
-84
-93
-91
-63
-60
-43
-46
-43
-41
-48
-31
1
9
3
-19
17
35
-27
29
39
71
118
87
94
97
81
83
104
138
118
112
110
119
146
120
102
172
97
93
111
99
133
128
128
138
178
143
153
184
190
201
210
165
197
213
202
231
246
250
248
272
225
222
218
241
234
200
212
197
204
161
156
113
137
163
124
137
133
106
142
172
159
130
116
171
209
193
166
172
148
126
99
90
36
68
70
10
-20
-23
31
23
24
-6
32
9
-16
-58
-19
29
3
12
-9
15
15
-18
-51
-80
-40
-57
-59
-93
-130
-153
-155
-107
-135
-112
-111
-111
-90
-96
-99
-79
-68
-88
-75
-55
-58
-40
-13
-7
-1
50
42
-6
-22
29
20
71
99
80
93
97
123
136
203
161
182
216
167
191
195
223
239
242
268
239
267
219
200
223
205
228
214
182
141
167
120
170
136
106
131
143
140
107
122
117
111
91
100
97
125
79
72
91
88
71
85
15
4
12
-63
-9
-39
-18
-38
-61
1
-55
-61
-34
-61
-66
-61
-50
-35
-23
-11
5
-17
-19
23
16
44
76
81
47
3
12
20
51
18
16
-34
-31
-15
-28
-25
-67
-68
-37
-105
-133
-68
-56
-41
-55
-55
-31
-11
-23
26
27
-19
16
-12
-33
38
33
16
36
11
29
15
23
40
41
56
62
88
115
130
166
165
191
218
219
257
265
293
293
274
264
340
297
251
256
208
226
193
168
177
197
142
131
167
130
156
183
146
140
117
145
155
160
175
191
152
129
135
130
101
95
104
16
46
1
6
-73
-57
-40
-114
-115
-146
-168
-190
-154
-120
-113
-122
-103
-101
-73
-74
-24
-1
-12
23
-6
-11
-31
-28
-51
-44
-25
-40
-61
-88
-47
-58
-55
-34
-29
-43
-30
-56
-72
-88
-89
-56
-56
-65
-94
-96
-130
-114
-90
-126
-118
-114
-77
-63
-96
-125
-93
-119
-99
-94
-75
-65
-74
-17
0
28
20
36
71
114
116
141
121
164
209
191
191
219
195
223
226
224
246
247
299
287
310
316
298
299
298
328
298
319
344
343
327
321
343
311
320
318
307
297
274
284
280
223
191
194
202
179
157
177
144
139
126
83
122
72
9
-10
16
-4
-46
-30
-18
-57
-49
-61
-106
-84
-95
-47
-84
-65
-67
-95
-109
-156
-150
-120
-70
-125
-103
-62
-54
-83
-91
-85
-97
-81
-43
-50
-13
-26
-61
-28
-58
-56
-41
-23
-41
-41
-20
-13
9
-34
-9
-35
-15
-23
-37
-31
-67
-76
-77
-47
-81
-39
-30
-1
-18
-5
6
-19
3
7
15
46
43
36
48
88
80
62
97
88
116
140
105
120
170
205
248
260
240
249
208
214
200
220
216
217
223
235
212
198
183
205
186
210
191
177
200
218
249
192
194
174
190
137
190
196
158
157
130
56
56
96
45
32
49
22
35
2
-7
-3
-13
-13
-20
-23
-49
-63
-89
-110
-120
-161
-145
-145
-124
-112
-145
-151
-144
-169
-154
-138
-173
-147
-151
-171
-168
-162
-147
-176
-177
-134
-129
-131
-144
-108
-69
-85
-86
-119
-146
-98
-99
-92
-92
-109
-39
-65
-84
-33
-56
-76
-55
-40
-35
-45
-58
-87
-69
-85
-40
16
7
19
16
41
-13
-4
57
77
85
117
102
