-18
-1
8
-42
-11
9
-24
-28
0
4
0
-11
36
25
1
33
31
33
3
-19
-21
-78
-96
-70
-84
-78
-7
-31
-58
-59
-77
-74
-45
-46
-58
-79
-34
-36
-38
-8
-65
-46
-48
-39
-28
-44
-11
-66
-32
-54
-101
-17
1
36
14
30
7
-1
-26
-39
-14
13
9
32
26
12
2
-34
14
-5
-43
2
-12
11
15
-24
-14
-5
-23
-50
-46
-60
-60
-75
-77
-33
-30
-21
-18
-41
-46
-106
-99
-67
-70
-74
-35
-33
-43
-51
-105
-55
-36
-62
0
-1
-27
4
-11
4
-16
17
4
-14
0
-19
-23
1
-14
37
35
11
59
-5
14
-9
18
31
21
42
38
33
61
14
25
70
23
70
38
24
19
7
30
7
37
34
47
57
56
55
70
72
2
34
55
46
78
73
67
80
15
-20
40
49
45
23
-19
18
-5
-1
2
3
17
17
11
26
2
-15
-32
-18
48
45
3
17
59
69
34
37
32
40
44
44
41
33
-5
-8
30
15
9
-1
-16
-86
-53
4
-9
-25
-7
-36
-30
-33
-9
-25
-53
-72
-32
-17
-70
-10
-22
-5
-27
-21
5
-25
-25
-18
-74
-57
-40
-40
-20
1
-1
-31
14
42
52
45
48
-9
-53
22
22
66
43
45
64
27
33
60
34
-16
23
2
14
53
-17
24
-46
-64
-82
-63
-30
-70
-11
-36
-49
-70
-62
-17
-62
-85
-90
-99
-39
-39
-18
-11
-55
-25
-58
-28
-9
-33
-42
-36
-15
-38
-21
-19
-13
14
11
29
10
25
18
3
16
-3
26
44
48
36
59
53
48
82
78
77
94
86
38
53
51
39
73
24
-18
-8
-4
-23
28
0
10
-28
-29
-25
-16
14
-15
-21
-10
25
20
11
-37
32
18
-24
41
30
24
-27
3
-31
-44
-39
-42
-11
-42
-19
-25
-79
-122
-206
-309
-337
-404
-478
-467
-376
-213
82
363
609
602
448
254
13
-150
-70
133
250
315
268
139
-64
-180
-156
-73
61
174
196
76
-67
-207
-218
-151
-78
-2
11
-46
-192
-235
-260
-244
-128
-46
24
-5
-64
-135
-168
-129
-97
-40
32
85
59
6
-56
-61
-99
-66
-60
-99
-119
-128
-122
-163
-153
-134
-70
-74
-86
-173
-152
-81
-9
172
332
468
494
444
315
226
234
244
291
285
234
105
-5
-101
-157
-133
-81
-19
-20
-87
-165
-226
-234
-193
-182
-131
-70
-118
-178
-199
-250
-236
-208
-213
-160
-94
-30
-71
-62
-71
-94
-76
-67
-31
-70
-34
4
84
116
163
136
87
95
93
129
150
210
243
240
199
168
198
232
191
234
169
193
161
108
164
150
116
50
35
-3
5
42
97
98
56
27
-45
-56
-38
-33
34
70
19
-33
-84
-66
-7
29
92
115
119
82
47
50
40
93
103
99
82
-37
-55
-43
-45
49
55
19
-40
-177
-224
-226
-240
-228
-184
-263
-325
-285
-374
-468
-541
-555
-522
-270
84
383
596
586
551
437
322
348
331
331
248
175
74
43
116
30
53
-23
-6
89
43
19
-157
-342
-327
-275
-146
-34
-4
-73
-226
-316
-357
-286
-172
-111
-128
-158
-173
-167
-153
-130
-85
-88
-57
-17
19
79
84
84
135
151
196
169
57
-142
-205
-239
-211
-69
-29
55
-30
-94
-119
-155
-129
-35
-64
-11
-41
-219
-308
-445
-640
-926
-1116
-1217
-1115
-838
-389
11
208
235
211
242
220
366
482
569
632
586
602
481
376
205
28
-25
-16
25
-74
-349
-718
-1110
-1220
-1042
-541
98
489
569
375
61
-14
299
754
1171
1212
903
343
-125
-201
-25
295
434
289
-53
-482
-694
-563
-283
-11
157
3
-239
-536
-586
-432
-216
23
108
116
125
87
182
294
366
512
443
321
162
-169
-268
-381
-473
-465
-489
-430
-337
-209
-172
-149
-201
-236
-303
-202
21
204
238
131
1
-197
-264
-179
2
80
88
26
-127
-275
-226
-163
-93
-109
-203
-313
-381
-333
-170
-8
71
35
-140
-271
-321
-230
-53
37
55
5
-111
-196
-136
-58
7
2
51
22
-47
-9
17
65
48
96
12
-69
-72
-85
13
55
148
179
141
81
74
150
312
545
628
636
616
611
706
832
1075
1063
1118
1070
967
1046
1069
1169
1234
1258
1274
1229
1198
1193
1225
1275
1319
1358
1279
1250
1203
1205
1265
1234
1188
1029
868
630
474
358
186
81
-100
-317
-567
-773
-926
-918
-942
-978
-1062
-1173
-1238
-1222
-1128
-1039
-985
-1025
-1016
-987
-917
-860
-786
-814
-809
-846
-887
-884
-890
-869
-897
-1006
-1091
-1173
-1209
-1221
-1176
-1110
-1129
-1179
-1249
-1213
-1177
-1137
-991
-955
-923
-874
-807
-721
-536
-399
-329
-229
-217
-187
-84
-29
35
150
186
269
320
432
580
683
701
752
799
974
1088
1238
1384
1301
1272
1168
1235
1395
1567
1758
1812
1904
1744
1671
1639
1615
1816
1968
2208
2347
2370
2395
2405
2539
2573
2437
2229
1819
1229
642
50
-390
-657
-719
-730
-807
-1008
-1421
-1858
-2194
-2309
-2108
-1700
-1370
-1131
-1014
-986
-991
-976
-881
-734
-552
-322
-114
47
143
221
210
71
-3
-108
-181
-232
-209
-117
-79
-160
-280
-481
-695
-876
-1003
-1001
-937
-834
-757
-737
-743
-806
-878
-930
-1025
-957
-845
-695
-537
-461
-436
-598
-706
-749
-733
-645
-514
-334
-283
-324
-437
-522
-519
-525
-458
-366
-263
-231
-236
-211
-265
-340
-307
-254
-168
-141
-42
-31
-72
-21
-56
-90
-154
-184
-126
-45
38
102
85
-42
-93
-96
13
181
349
508
595
680
717
783
843
900
961
1060
1200
1335
1525
1602
1675
1701
1692
1803
1951
2180
2287
2278
2211
2064
1781
1436
1154
935
859
752
670
522
225
-58
-387
-637
-778
-867
-897
-843
-845
-847
-854
-860
-804
-766
-758
-765
-655
-531
-373
-249
-129
-97
-154
-214
-309
-299
-306
-201
-137
-104
-118
-217
-360
-532
-652
-735
-753
-696
-621
-561
-583
-635
-679
-767
-903
-881
-885
-759
-592
-570
-557
-644
-744
-825
-829
-744
-625
-494
-446
-435
-500
-541
-468
-415
-369
-287
-200
-251
-183
-160
-147
-57
-100
-107
-154
-142
-100
-14
70
174
158
148
74
30
36
102
187
226
210
217
224
184
309
345
439
437
495
592
684
765
903
986
1039
1106
1245
1412
1668
1914
2038
2206
2297
2452
2587
2770
2860
2740
2381
1777
1191
679
405
361
353
332
114
-321
-873
-1423
-1772
-1895
-1796
-1595
-1391
-1230
-1110
-1026
-985
-956
-863
-820
-707
-484
-173
169
422
513
505
334
156
-17
-174
-162
-37
114
159
153
6
-231
-488
-707
-848
-870
-864
-871
-850
-910
-1029
-1245
-1374
-1461
-1575
-1433
-1305
-1145
-1075
-1155
-1162
-1185
-1172
-1053
-916
-788
-634
-538
-455
-410
-432
-500
-518
-517
-463
-338
-176
-65
-29
-70
-190
-228
-274
-200
-139
-111
-118
-191
-143
-59
63
279
400
572
728
867
978
1151
1331
1392
1475
1506
1605
1752
1937
2227
2409
2524
2629
2767
3003
3331
3750
4215
4680
5021
5159
4749
3677
2064
320
-962
-1458
-1138
-440
-80
-557
-1860
-3498
-4665
-4998
-4612
-3744
-2838
-2104
-1482
-1115
-823
-592
-540
-385
-80
466
1243
2060
2645
3071
3049
2590
1879
1077
448
206
245
559
760
533
-93
-1046
-1937
-2478
-2690
-2569
-2297
-2071
-1883
-1826
-1842
-1993
-2146
-2219
-2154
-1864
-1449
-1019
-671
-491
-500
-543
-650
-681
-620
-490
-293
-115
-103
-332
-740
-1172
-1431
-1490
-1408
-1255
-1091
-1042
-1016
-1013
-988
-994
-854
-637
-343
-19
172
251
163
98
146
327
628
907
1175
1343
1418
1428
1281
1187
1161
1195
1348
1540
1815
1972
2134
2411
2620
2856
3252
3660
4174
4765
5326
5891
6275
6192
5294
3415
1143
-879
-2176
-2062
-1124
-199
-132
-1301
-3339
-5322
-6295
-6115
-4911
-3484
-2265
-1386
-943
-685
-481
-295
36
449
987
1772
2655
3462
3999
4174
3866
3068
1950
768
-19
-254
72
530
582
72
-1119
-2507
-3538
-3969
-3701
-3170
-2709
-2369
-2245
-2264
-2332
-2352
-2343
-2229
-1963
-1562
-986
-471
-98
184
130
-75
-293
-406
-310
-69
267
424
200
-292
-904
-1408
-1642
-1611
-1428
-1184
-1003
-971
-1013
-1049
-1063
-909
-586
-215
213
561
749
804
763
666
736
987
1291
1605
1858
1960
1918
1783
1470
1296
1158
1268
1592
1880
2250
2503
2594
2679
2867
3108
3538
4080
4673
5307
5927
6359
6118
5170
3217
704
-1376
-2677
-2547
-1411
-323
-48
-1130
-3233
-5335
-6605
-6521
-5279
-3718
-2282
-1332
-974
-791
-744
-588
-373
35
726
1502
2456
3236
3839
4024
3765
3146
2195
1171
372
-15
158
631
1013
860
-59
-1340
-2602
-3366
-3360
-2862
-2252
-1737
-1597
-1729
-1987
-2240
-2377
-2356
-2209
-1885
-1483
-991
-473
-131
-47
-140
-406
-659
-595
-414
-85
224
267
130
-236
-772
-1186
-1431
-1432
-1243
-966
-765
-669
-672
-762
-816
-718
-477
-202
56
307
469
532
572
566
681
780
896
1146
1392
1595
1692
1692
1522
1391
1371
1478
1677
1910
2138
2265
2547
2865
3311
3753
4137
4558
5067
5456
5373
4470
2744
652
-1153
-1881
-1425
-309
602
536
-842
-2854
-4603
-5504
-5173
-4045
-2750
-1723
-1266
-1152
-1120
-1132
-1018
-790
-387
195
993
1843
2548
3134
3182
2910
2289
1468
741
208
86
349
766
1019
824
129
-880
-1891
-2443
-2484
-2058
-1491
-1037
-904
-1073
-1306
-1552
-1789
-1891
-1885
-1693
-1290
-807
-445
-373
-704
-1157
-1487
-1447
-1070
-545
-56
99
-129
-486
-777
-847
-779
-672
-545
-451
-420
-347
-367
-356
-405
-485
-397
-193
9
257
433
407
299
119
20
29
114
325
593
820
972
965
787
581
448
498
797
1233
1598
1609
1563
1456
1463
1771
2258
2860
3339
3715
4028
4450
4890
4983
4506
3337
1729
216
-595
-424
476
1295
1423
447
-1455
-3333
-4576
-4720
-3968
-2896
-2079
-1700
-1816
-2085
-2179
-2136
-1824
-1450
-972
-338
485
1346
2049
2409
2277
1810
1137
580
331
490
868
1254
1431
1168
489
-367
-1112
-1525
-1490
-1165
-829
-605
-670
-907
-1206
-1568
-1774
-1896
-1976
-1912
-1685
-1356
-869
-551
-482
-820
-1390
-1777
-1830
-1362
-590
60
310
112
-423
-921
-1202
-1118
-776
-383
-124
-76
-192
-369
-595
-822
-912
-898
-661
-253
56
262
239
53
-140
-266
-193
126
521
832
947
880
639
407
304
352
656
952
1234
1240
1138
1016
954
1124
1386
1781
2271
2690
3153
3674
4209
4804
5286
5372
4843
3603
1899
397
-453
-345
576
1340
1303
-11
-2115
-4045
-5152
-5003
-4041
-2982
-2312
-2215
-2471
-2589
-2337
-1903
-1470
-1175
-816
-232
724
1924
2938
3343
3134
2454
1559
1127
1103
1476
2001
2206
2052
1473
495
-518
-1259
-1691
-1663
-1386
-1128
-1075
-1334
-1822
-2297
-2648
-2766
-2591
-2300
-1863
-1313
-746
-233
-108
-317
-751
-1146
-1193
-836
-101
661
1014
782
30
-945
-1601
-1758
-1570
-1235
-941
-903
-1140
-1505
-1927
-2173
-2235
-1997
-1463
-813
-114
224
350
274
216
299
516
869
1230
1549
1764
1874
1810
1725
1425
1215
1192
1332
1753
2074
2223
2207
2042
1924
2182
2769
3618
4485
5354
6080
6458
6105
4712
2439
-133
-2087
-2700
-1853
-201
852
349
-1848
-4833
-7016
-7631
-6483
-4353
-2351
-1147
-886
-1199
-1429
-1378
-1018
-341
462
1473
2583
3660
4441
4785
4351
3496
2370
1234
708
620
1053
1477
1560
905
-556
-2330
-3887
-4633
-4448
-3553
-2579
-1942
-1853
-2355
-2967
-3341
-3242
-2684
-1779
-739
289
1080
1478
1556
1152
507
-67
-328
-110
546
1259
1569
1076
-120
-1592
-2765
-3244
-2990
-2332
-1761
-1671
-2172
-2971
-3567
-3726
-3303
-2500
-1615
-764
-162
337
597
792
1013
1281
1654
2080
2541
3008
3286
3301
3133
2731
2287
1944
1866
2003
2225
2333
2357
2291
2213
2379
2835
3523
4290
5125
5878
6555
6583
5605
3500
544
-2150
-3623
-3357
-1774
-166
93
-1397
-4317
-7080
-8450
-7928
-5807
-3319
-1259
-101
83
-315
-786
-925
-558
509
1984
3502
4785
5367
5225
4434
3283
2125
970
250
24
173
446
434
-249
-1646
-3473
-5104
-5875
-5558
-4437
-3116
-2169
-1990
-2203
-2541
-2646
-2302
-1603
-695
318
1223
1918
2311
2080
1489
630
-98
-387
-133
497
1090
1110
331
-1032
-2455
-3351
-3492
-2870
-2145
-1592
-1561
-2021
-2751
-3321
-3338
-2845
-1882
-825
-12
448
617
499
567
833
1276
1897
2427
2844
3073
3067
2840
2570
2396
2166
2044
2084
2169
2316
2434
2572
2665
2828
3313
3893
4630
5480
6289
6753
6204
4416
1466
-1778
-4060
-4623
-3416
-1509
-498
-1319
-3907
-7020
-8941
-8911
-7014
-4186
-1719
-260
110
-158
-515
-441
118
1246
2602
3822
4792
5360
5481
5289
4518
3276
1840
493
-263
-336
-11
188
-387
-1867
-3804
-5492
-6273
-5962
-4848
-3562
-2698
-2532
-2694
-2869
-2704
-2027
-972
190
1184
1760
1859
1745
1437
1206
1060
723
454
204
56
98
-72
-521
-1275
-2198
-2853
-3016
-2702
-2261
-1995
-2156
-2508
-2808
-2811
-2386
-1720
-1031
-549
-183
-3
130
339
704
1312
1822
2334
2531
2542
2454
2292
2368
2480
2646
2709
2643
2686
2774
2872
2995
3169
3592
4260
5112
6071
7016
7648
7295
5663
2866
-553
-3277
-4402
-3659
-1782
-332
-766
-3229
-6831
-9726
-10425
-8897
-5660
-2381
-202
573
-46
-1083
-1614
-1258
89
2119
4155
5608
6184
5923
5122
3992
2857
1912
1112
600
578
616
365
-578
-2273
-4369
-6194
-7057
-6699
-5348
-3841
-2832
-2775
-3469
-4330
-4633
-3970
-2336
-306
1464
2304
2203
1598
753
281
244
520
897
1044
937
574
-108
-1029
-1930
-2612
-2817
-2501
-1913
-1415
-1286
-1664
-2249
-2671
-2602
-2009
-1057
-39
568
769
596
379
290
536
1160
1994
2703
3037
2783
2286
1837
1536
1700
2088
2495
2752
2737
2592
2558
2743
3191
3895
4650
5476
6395
7267
7386
6199
3660
83
-2873
-4162
-3586
-1538
11
-440
-2831
-6510
-9497
-10262
-8830
-5703
-2391
-341
136
-746
-1952
-2352
-1593
242
2579
4306
5141
5133
4526
3868
3184
2392
1782
1294
824
822
703
193
-833
-2534
-4434
-5852
-6273
-5495
-3925
-2397
-1712
-2147
-3333
-4298
-4481
-3481
-1504
523
1983
2357
1744
663
-104
-339
11
676
995
971
442
-312
-1028
-1700
-2109
-2336
-2351
-2172
-1902
-1602
-1417
-1455
-1571
-1752
-1659
-1235
-427
382
1128
1468
1335
1100
943
1124
1652
2308
2765
2763
2442
1999
1571
1441
1487
1575
1654
1664
1735
1943
2266
2774
3346
3931
4539
5387
6227
6392
5381
3226
270
-2033
-2858
-2094
-303
718
-4
-2466
-5793
-8106
-8504
-6908
-4060
-1448
-66
-161
-1244
-2421
-2475
-1250
879
3085
4282
4437
3857
2942
2273
1965
1793
1687
1436
893
195
-674
-1492
-2232
-3014
-3685
-4178
-4339
-3948
-3121
-2430
-1999
-2124
-2449
-2390
-1751
-617
745
1669
1973
1736
996
521
267
278
289
-19
-545
-1160
-1853
-2382
-2755
-3174
-3384
-3448
-3278
-2846
-2373
-1961
-1698
-1567
-1310
-881
-228
556
1183
1621
1780
1851
1913
2131
2400
2677
2875
2836
2734
2486
2274
2181
2106
1877
1517
1086
631
337
323
564
1050
1666
2330
2932
3457
4153
4983
5764
5509
4102
1839
-773
-2003
-1786
-491
1102
1081
-851
-3760
-6716
-7677
-6641
-4220
-1278
321
227
-1179
-2800
-3360
-2090
310
2859
4519
4526
3414
2222
1283
1180
1656
2018
2269
1635
490
-665
-1852
-2558
-3007
-3482
-3748
-3855
-3676
-3220
-2768
-2577
-2587
-2585
-2387
-1550
-357
922
2024
2274
1944
1267
748
953
1516
2007
1780
518
-1340
-2889
-3761
-3725
-3204
-2975
-3035
-3578
-4285
-4521
-4276
-3627
-2612
-1720
-1089
-625
-308
94
596
1113
1619
2011
2413
2766
2956
3057
3037
2838
2658
2533
2450
2558
2706
2545
2098
1497
888
631
692
1104
1673
2215
2690
3040
3420
4154
5388
6459
6176
4247
1190
-1947
-3317
-2837
-985
1044
981
-1323
-4807
-8012
-8869
-7109
-3806
-321
1354
743
-1305
-3216
-3416
-1441
1791
4645
5925
5288
3560
1929
895
1123
2062
2875
3008
1935
239
-1360
-2706
-3412
-3607
-3800
-3907
-3805
-3603
-3237
-2889
-2818
-2889
-2896
-2598
-1541
-7
1545
2695
2926
2430
1726
1396
1785
2541
3061
2908
1545
-361
-2065
-3179
-3254
-2664
-2224
-2287
-3036
-4117
-4881
-4952
-4184
-2922
-1732
-959
-809
-932
-836
-506
275
1194
1924
2431
2618
2552
2420
2257
2188
2292
2434
2674
2795
2768
2523
1975
1446
1000
765
941
1369
1854
2319
2546
2609
2920
3546
4783
6371
6929
5556
2904
-680
-3394
-3756
-2749
-408
1010
-344
-3358
-7236
-9749
-9323
-6738
-2982
122
1042
-26
-1923
-3164
-2452
22
2894
5215
6051
5060
3666
2244
1473
2011
2609
2962
2592
1234
-181
-1437
-2460
-3017
-3461
-3827
-3904
-3837
-3505
-2946
-2596
-2628
-2681
-2739
-2207
-924
427
2010
2853
2728
2231
1515
1268
1718
2312
2603
2145
765
-800
-2140
-2894
-2826
-2528
-2427
-2647
-3298
-3932
-4065
-3608
-2699
-1756
-1252
-1092
-1126
-1184
-779
-38
842
1575
1853
1710
1350
1054
1074
1346
1808
2211
2389
2424
2203
1825
1424
1141
1054
1189
1519
1857
2214
2351
2352
2506
2841
3469
4539
5724
6714
6556
4620
2180
-877
-3141
-3193
-2318
-537
57
-1907
-4921
-8171
-9724
-8755
-6099
-2611
-156
235
-1053
-2572
-3015
-1783
957
3619
5576
6133
4978
3525
2094
1407
1895
2363
2707
2362
1141
-156
-1715
-3056
-3773
-4053
-4033
-3765
-3291
-2941
-2630
-2701
-2995
-2926
-2582
-1581
-192
1148
2310
2758
2467
1971
1471
1460
2030
2474
2590
2076
659
-992
-2513
-3515
-3473
-3136
-2729
-2550
-3081
-3630
-4020
-3843
-3036
-2035
-1030
-391
-83
77
86
430
989
1440
1878
1845
1601
1336
1113
1274
1461
1795
2087
1994
1777
1353
976
887
1045
1434
1802
2086
2240
2236
2332
2768
3561
4649
5932
6845
7060
5536
2978
240
-2495
-3050
-2332
-927
244
-1153
-3904
-7145
-9570
-9432
-7396
-4271
-1369
-215
-962
-2531
-3250
-2502
-127
2766
4911
5996
5220
3694
2422
1704
2238
3058
3402
3128
1793
35
-1571
-2832
-3350
-3411
-3361
-3374
-3343
-3373
-3445
-3356
-3330
-2943
-2323
-1567
-442
472
1392
2087
2174
2123
1952
1992
2307
2633
2601
2007
965
-407
-1482
-2168
-2446
-2317
-2491
-2993
-3655
-4242
-4303
-3842
-2947
-1914
-1239
-848
-778
-830
-494
127
982
1896
2468
2524
2208
1724
1318
1387
1674
2157
2553
2604
2395
1841
1445
1152
1048
1436
1631
1887
2168
2219
2527
2974
3624
4557
5550
6249
6001
4224
2042
-384
-2222
-2101
-1305
-67
12
-2049
-4829
-7434
-8488
-7468
-5049
-2302
-502
-594
-2058
-3378
-3413
-1844
921
3418
4897
4930
3500
1937
879
828
1766
2647
2985
2358
713
-1170
-2783
-3593
-3548
-3152
-2771
-2610
-2652
-2969
-3239
-3176
-2930
-2178
-1298
-391
569
1125
1538
1621
1455
1514
1635
1924
2208
2117
1610
793
-232
-1141
-1527
-1918
-2239
-2648
-3353
-3747
-3884
-3588
-2871
-2186
-1529
-1136
-1101
-795
-505
-46
680
1198
1617
1734
1606
1452
1186
966
802
757
898
1129
1490
1728
1695
1470
1196
964
1064
1601
2197
2715
3073
3117
3354
3618
4159
5200
6304
7169
6918
4932
2380
-421
-2541
-2466
-1528
-288
-5
-2198
-5117
-7862
-9161
-8004
-5432
-2472
-511
-525
-2055
-3325
-3224
-1516
1371
3986
5236
5055
3393
1873
1102
1150
2291
3023
2932
1853
-135
-2057
-3344
-3809
-3543
-2987
-2762
-2780
-3038
-3537
-3689
-3514
-3021
-1926
-811
108
804
987
1036
869
695
978
1542
2033
2349
1986
933
-270
-1495
-2078
-2033
-1740
-1556
-1934
-2948
-3838
-4182
-3807
-2586
-1284
-219
195
43
-101
-151
214
980
1643
2081
2002
1525
962
455
140
130
335
528
715
839
1042
1113
1216
1244
1273
1467
1826
2388
2980
3525
3893
4214
4459
4910
5713
6680
7346
6370
4130
1677
-1216
-2249
-1533
-521
834
-171
-2984
-5818
-7923
-7400
-4966
-2093
346
678
-1019
-3081
-3878
-2646
132
3171
4796
4677
2905
560
-799
-1148
-118
1286
1781
1406
-126
-2065
-3497
-4137
-3726
-2736
-1763
-1156
-965
-1188
-1435
-1308
-1058
-369
563
1235
1763
1750
1500
1104
448
136
111
167
167
-227
-1029
-1990
-2919
-3430
-3251
-2858
-2478
-2390
-2810
-3340
-3358
-2880
-1733
-171
893
1370
1106
594
454
509
1164
1924
2117
1933
1190
341
-252
-581
-576
-482
-352
-137
-56
75
324
485
762
1194
1525
2096
2712
3009
3592
3952
4281
4987
5320
5852
6680
7097
6921
4944
2533
1
-2337
-2267
-1488
-176
235
-1776
-4356
-6759
-7273
-5404
-2564
469
2049
1434
-431
-2029
-1919
-142
2601
4731
5068
3768
1222
-925
-1949
-1849
-654
60
-90
-1152
-2930
-4394
-5240
-4904
-3729
-2419
-1323
-889
-766
-852
-787
-306
386
1422
2279
2665
2727
2212
1543
776
222
103
127
66
-403
-1355
-2678
-3782
-4377
-4202
-3396
-2776
-2449
-2856
-3556
-3720
-3340
-2006
-335
983
1691
1461
900
441
314
858
1468
1868
1817
1147
346
-430
-726
-697
-480
-216
-80
-50
-120
-108
176
694
1276
1900
2345
2725
2842
2910
3159
3440
4047
4667
5046
5458
5746
5834
5870
4803
2815
986
-1358
-2387
-2022
-1468
-459
-1173
-3130
-4895
-6041
-5014
-2475
246
2529
2906
1614
135
-389
445
2359
4233
4765
3890
1720
-720
-2161
-2647
-2047
-1270
-1365
-2013
-3328
-4622
-5101
-4767
-3631
-2271
-1247
-603
-246
27
353
907
1328
1846
2374
2448
2465
2121
1524
1050
286
-261
-539
-866
-1190
-1635
-2440
-3284
-3681
-3818
-3374
-2643
-2372
-2222
-2498
-2853
-2502
-1960
-737
422
872
980
391
-281
-437
-368
97
450
415
118
-577
-1144
-1361
-1374
-1022
-538
-68
275
453
607
906
1319
1750
2428
2905
3268
3497
3435
3564
3662
3759
4118
4322
4649
5147
5382
5373
4064
1930
31
-2255
-2893
-2096
-1207
-30
-834
-2790
-4450
-5348
-4028
-1453
1157
3168
3320
1964
545
105
973
2577
3896
4058
2916
909
-1082
-2212
-2476
-2052
-1537
-1833
-2614
-3634
-4456
-4505
-3820
-2538
-1311
-496
-70
2
87
294
762
1283
1740
2231
2252
1897
1221
325
-284
-805
-882
-802
-847
-1038
-1573
-2314
-2898
-3001
-2795
-2168
-1527
-1296
-1288
-1609
-1824
-1578
-1140
-313
408
519
273
-277
-737
-959
-924
-648
-578
-636
-881
-1282
-1495
-1502
-1365
-1202
-995
-661
-378
-20
515
1070
1621
2110
2458
2704
2857
3066
3337
3600
3891
4102
4068
3969
4000
4074
4338
4698
4972
3917
1966
-52
-2323
-2990
-2329
-1290
-290
-949
-2668
-4133
-4806
-3515
-959
1512
3234
3308
1953
671
256
982
2564
3731
3921
2811
733
-1211
-2430
-2712
-2278
-1629
-1565
-2065
-2928
-3765
-3963
-3460
-2389
-1119
-182
387
609
635
634
779
1129
1413
1735
1649
1311
780
29
-595
-1100
-1366
-1390
-1474
-1632
-1881
-2405
-2669
-2661
-2451
-1917
-1437
-1187
-1081
-1110
-1115
-818
-477
-80
205
206
71
-261
-601
-873
-1076
-1218
-1374
-1574
-1699
-1804
-1809
-1697
-1580
-1377
-1087
-696
-241
198
782
1304
1802
2323
2699
2943
3050
3071
3203
3389
3665
3762
3822
3832
3889
4239
4516
4816
4301
2417
474
-1649
-2866
-2265
-1354
-273
-288
-1888
-3572
-4651
-4180
-2014
489
2489
3172
2241
823
-27
164
1481
2947
3574
3143
1517
-383
-1943
-2642
-2412
-1821
-1260
-1396
-2000
-2777
-3308
-3049
-2304
-1201
-158
502
738
695
560
650
918
1268
1664
1743
1520
998
292
-372
-773
-1054
-1129
-1201
-1307
-1530
-1818
-2082
-2223
-2064
-1790
-1431
-1045
-982
-1083
-1052
-1022
-762
-391
-8
153
24
-249
-663
-1090
-1265
-1263
-1319
-1252
-1246
-1304
-1321
-1365
-1300
-1162
-916
-484
-80
494
998
1301
1624
1876
2081
2285
2424
2622
2776
2884
2943
2921
3065
3270
3661
4218
4689
5087
4612
2815
929
-1128
-2295
-1676
-691
327
250
-1490
-3445
-4663
-4334
-2296
102
1995
2618
1549
-20
-938
-716
687
2208
2986
2788
1360
-354
-1748
-2356
-1991
-1487
-925
-995
-1706
-2443
-2967
-2767
-1901
-858
202
752
665
351
-10
70
534
1189
1709
1923
1523
821
28
-668
-991
-938
-697
-588
-739
-1055
-1512
-1945
-2041
-1969
-1487
-1008
-731
-733
-1093
-1403
-1501
-1208
-706
-213
3
-285
-794
-1332
-1632
-1572
-1410
-1270
-1272
-1488
-1570
-1532
-1249
-912
-593
-291
-62
229
589
1073
1593
1989
2173
2179
2119
2217
2317
2488
2669
2722
2775
2861
2979
3410
3897
4454
4996
4917
3487
1662
-69
-1486
-1239
-573
294
449
-1122
-2890
-4219
-4185
-2426
-282
1441
2094
1267
-168
-993
-736
589
2137
2885
2644
1278
-370
-1553
-2084
-1717
-1076
-698
-800
-1537
-2290
-2741
-2646
-1890
-928
-95
383
249
-50
-234
-140
411
1000
1505
1698
1381
726
63
-475
-645
-577
-406
-318
-492
-833
-1248
-1627
-1654
-1461
-1105
-747
-579
-707
-1285
-1532
-1503
-1281
-667
-350
-229
-556
-1109
-1542
-1883
-1743
-1457
-1355
-1331
-1481
-1594
-1448
-1180
-880
-587
-363
-200
106
478
1043
1525
1714
1847
1693
1632
1736
1908
2262
2561
2693
2719
2772
2869
3198
3729
4336
5007
5199
4065
2376
686
-1001
-1171
-523
156
419
-954
-2738
-4131
-4413
-2937
-933
656
1411
790
-555
-1332
-1097
215
1741
2519
2369
1082
-464
-1539
-2036
-1700
-1004
-593
-620
-1369
-2166
-2672
-2709
-1916
-942
-115
348
290
-82
-331
-278
226
797
1234
1450
1181
622
100
-308
-435
-344
-297
-303
-536
-755
-1029
-1239
-1157
-1166
-1124
-915
-806
-850
-1031
-1183
-1178
-1036
-714
-373
-206
-380
-831
-1308
-1621
-1643
-1352
-1095
-953
-986
-1147
-1195
-1150
-892
-532
-183
122
424
633
824
1093
1255
1444
1616
1739
1776
1815
1879
1967
2092
2312
2573
2860
3209
3602
4073
4630
5053
4886
3568
2146
640
-492
-145
362
725
298
-1442
-3156
-4138
-3746
-1974
-230
835
770
-495
-1689
-1905
-1128
372
1625
1879
1264
-160
-1390
-1858
-1857
-1169
-570
-583
-966
-1863
-2543
-2567
-2166
-1208
-378
107
141
-212
-536
-521
-90
597
1231
1469
1398
880
392
27
-183
-58
21
-26
-287
-608
-814
-990
-1111
-1097
-1158
-1151
-1140
-1131
-1139
-1360
-1334
-1257
-1095
-781
-549
-472
-708
-994
-1081
-1109
-916
-660
-673
-693
-855
-906
-824
-658
-439
-210
-95
53
223
260
481
749
937
1142
1292
1318
1293
1338
1478
1680
2038
2321
2528
2785
3036
3492
3983
4505
5020
5321
4577
3087
1751
193
-186
262
496
680
-399
-2146
-3432
-3857
-2731
-977
294
775
262
-829
-1435
-1211
-184
1057
1711
1479
491
-841
-1624
-1933
-1767
-1063
-895
-1113
-1890
-2752
-2941
-2679
-1855
-840
-240
-72
-321
-758
-685
-150
684
1451
1778
1707
1303
634
298
213
317
442
226
-152
-559
-854
-980
-1211
-1360
-1522
-1684
-1659
-1506
-1338
-1336
-1496
-1776
-1751
-1399
-872
-485
-429
-654
-1066
-1277
-1087
-645
-188
14
-94
-368
-670
-730
-536
-125
267
417
311
121
-16
115
390
770
1086
1180
998
773
799
1057
1527
2159
2588
2667
2758
2919
3251
3876
4597
5149
5510
4647
3301
2032
449
-14
24
-15
207
-739
-2030
-2899
-3265
-2301
-1098
-138
428
129
-467
-650
-444
338
1349
1646
1452
550
-681
-1281
-1675
-1483
-1007
-1204
-1550
-2280
-2923
-2853
-2584
-1818
-1027
-742
-594
-735
-736
-252
368
1004
1522
1580
1482
1293
983
887
769
642
380
-37
-377
-625
-818
-1076
-1385
-1694
-1911
-1983
-1881
-1746
-1695
-1827
-1978
-1953
-1655
-1117
-645
-454
-690
-966
-1141
-1073
-560
16
281
193
-335
-761
-847
-648
-111
320
410
263
-58
-432
-473
-226
288
699
883
958
755
571
626
967
1589
2227
2536
2634
2610
2766
3091
3619
4268
4868
5434
5293
3938
2431
724
-592
-464
-106
402
300
-1166
-2707
-3744
-3560
-1955
-283
1005
1413
631
-326
-752
-374
835
1846
2125
1592
246
-994
-1761
-2143
-1780
-1443
-1551
-1815
-2519
-2955
-2937
-2702
-1939
-1303
-830
-420
-353
-154
278
790
1323
1705
1854
1846
1509
1133
827
597
356
105
-182
-531
-901
-1246
-1551
-1879
-2037
-2186
-2157
-2046
-1881
-1758
-1724
-1642
-1469
-1111
-764
-499
-308
-332
-326
-244
-191
57
186
16
-174
-345
-318
-176
-61
-8
-98
-370
-594
-733
-554
-162
79
329
481
354
268
300
594
1267
1793
2215
2272
2093
2112
2240
2731
3448
4134
4559
4623
4537
4321
3231
2031
1046
-108
-125
97
-29
-283
-1715
-3074
-3584
-3110
-1249
418
1198
1240
191
-723
-759
-35
1307
2334
2338
1479
-113
-1632
-2175
-2201
-1629
-988
-1158
-1609
-2562
-3441
-3419
-2928
-1791
-635
-62
208
-13
-198
170
798
1637
2269
2324
1981
1413
828
527
434
262
24
-451
-907
-1311
-1626
-1820
-2137
-2289
-2285
-2194
-1820
-1467
-1395
-1396
-1480
-1335
-812
-259
196
417
247
-35
-243
-234
103
367
404
176
-231
-553
-770
-781
-626
-640
-685
-721
-783
-670
-539
-457
-295
-135
146
539
869
1175
1366
1389
1343
1461
1705
2174
2637
2932
3097
3015
2844
2905
3138
3560
4298
4458
3314
1963
387
-874
-717
-335
326
500
-702
-1818
-2679
-2366
-798
514
1506
1553
759
-11
-424
-193
577
1108
957
413
-689
-1470
-1928
-2234
-1921
-1827
-1915
-1985
-2466
-2492
-2201
-1915
-1050
-407
48
390
348
416
720
995
1329
1534
1495
1342
800
159
-315
-629
-755
-831
-988
-1291
-1746
-2179
-2413
-2323
-1961
-1585
-1424
-1382
-1437
-1386
-1121
-649
-2
384
533
396
86
-98
32
303
487
452
93
-457
-887
-1135
-1062
-887
-736
-678
-792
-885
-879
-760
-550
-259
92
416
598
683
735
765
939
1229
1615
2040
2203
2166
2004
1885
1989
2351
2871
3442
3810
4008
4123
3468
2207
1279
236
-240
353
610
740
1
-1575
-2490
-2735
-1578
244
1304
1589
731
-658
-1370
-1230
-221
1093
1560
1034
-185
-1907
-2717
-2616
-2152
-1139
-820
-1254
-1936
-2883
-2906
-2263
-1296
-61
343
299
6
-445
-292
379
1151
1655
1546
963
266
-311
-483
-357
-321
-381
-757
-1289
-1657
-1854
-1744
-1519
-1569
-1525
-1667
-1634
-1277
-1030
-702
-554
-384
-289
-158
184
352
384
214
-29
-191
-208
-109
-51
-48
-194
-579
-860
-1010
-959
-712
-568
-432
-490
-619
-730
-684
-384
-33
435
684
620
678
870
1160
1484
1696
1764
1843
2030
2156
2448
2773
3066
3298
3311
3515
3868
4132
3539
2504
1445
211
31
270
424
594
-383
-1458
-2028
-1982
-767
253
699
673
-82
-606
-619
-270
497
884
568
-104
-937
-1514
-1364
-1287
-1174
-1064
-1527
-1857
-2299
-2391
-1873
-1454
-843
-447
-450
-341
-344
-262
148
574
920
1003
773
629
363
147
46
-102
-312
-459
-721
-1059
-1261
-1547
-1638
-1665
-1560
-1363
-1374
-1399
-1495
-1422
-1062
-583
-165
114
126
-58
-133
-193
58
343
436
380
4
-390
-643
-846
-846
-668
-629
-731
-883
-1068
-1170
-1048
-818
-440
-3
433
611
635
639
698
899
1311
1710
1955
2217
2247
2213
2244
2364
2741
3219
3626
3937
4013
4105
3813
2688
1869
841
230
587
538
623
165
-1259
-2221
-2650
-1967
-469
554
945
534
-439
-1018
-969
-445
552
1180
984
296
-916
-1676
-1867
-1959
-1432
-1188
-1397
-1669
-2375
-2608
-2382
-1989
-1135
-702
-562
-541
-703
-480
69
661
1166
1274
942
678
419
346
411
306
140
-231
-667
-970
-1243
-1311
-1235
-1343
-1354
-1350
-1361
-1125
-978
-742
-623
-532
-281
-72
251
557
659
610
486
304
201
223
121
-72
-263
-548
-808
-1083
-1157
-1188
-1113
-984
-830
-600
-457
-312
-174
14
217
498
772
1027
1413
1756
1918
1935
1849
1804
1889
2066
2446
2832
3059
3135
3091
3167
3333
3782
3727
2890
2092
802
54
106
24
367
44
-897
-1490
-1809
-1071
-62
376
470
122
-334
-320
-60
348
776
513
-153
-859
-1630
-1743
-1674
-1738
-1569
-1974
-2362
-2580
-2927
-2516
-1986
-1480
-899
-774
-690
-587
-510
-68
479
892
1143
1062
781
552
318
150
30
-219
-451
-716
-1030
-1184
-1330
-1288
-1212
-1263
-1248
-1226
-1159
-1000
-749
-479
-177
190
329
416
385
261
154
13
-70
-196
-300
-467
-685
-900
-1104
-1337
-1365
-1259
-995
-743
-666
-660
-638
-506
-271
201
716
1167
1416
1387
1345
1369
1577
1828
2038
2175
2277
2318
2216
2190
2306
2509
2835
3167
3502
3805
4068
3585
2480
1594
501
299
691
815
1089
277
-1051
-1802
-1959
-806
472
1042
1129
314
-541
-963
-914
-358
267
340
-144
-977
-2001
-2349
-2532
-2464
-1960
-1896
-1906
-2210
-2670
-2529
-2136
-1450
-602
-324
-229
-259
-335
-99
275
684
942
781
431
203
-5
-62
-134
-351
-410
-577
-713
-738
-991
-995
-1053
-1003
-730
-578
-379
-195
-150
0
164
203
386
431
264
82
-156
-468
-590
-830
-931
-1033
-1112
-1111
-1127
-1081
-1108
-1110
-988
-820
-592
-294
-27
208
354
487
499
665
832
912
941
1037
1163
1211
1326
1323
1341
1505
1527
1686
1916
2047
2365
2539
2766
3073
3397
3734
3897
3263
2473
1675
700
731
712
699
770
-184
-886
-1215
-1229
-417
-30
100
74
-565
-867
-945
-962
-642
-489
-725
-938
-1395
-1820
-1907
-2083
-1978
-1739
-1690
-1631
-1753
-1906
-1672
-1418
-916
-427
-279
-230
-351
-452
-287
-74
220
387
247
95
-156
-346
-353
-391
-326
-272
-399
-502
-726
-761
-641
-600
-478
-384
-431
-340
-282
-219
-113
-104
-173
-355
-494
-549
-611
-654
-650
-751
-792
-919
-972
-941
-926
-889
-820
-631
-413
-228
-169
-122
-128
-40
67
289
564
568
471
242
187
330
528
746
828
984
1068
1111
1262
1351
1548
1753
1912
2206
2568
2944
3218
3345
3470
3624
3746
3209
2630
2041
1125
1039
748
560
593
-290
-888
-1518
-1766
-1097
-725
-486
-485
-984
-1207
-1427
-1522
-1107
-676
-453
-334
-698
-1230
-1501
-1806
-1600
-1217
-1069
-904
-1233
-1644
-1720
-1691
-1172
-668
-485
-377
-627
-776
-663
-477
-40
345
396
363
142
-71
-29
19
112
143
14
-111
-314
-541
-569
-648
-622
-628
-710
-659
-714
-654
-619
-618
-494
-427
-388
-358
-409
-437
-375
-410
-369
-268
-206
-236
-318
-360
-331
-362
-315
-244
-284
-253
-357
-428
-398
-356
-127
-16
-23
0
2
18
102
371
714
996
1106
1143
1253
1366
1646
1887
2064
2226
2190
2239
2490
2835
3294
3547
3642
3685
3108
2386
1716
1014
905
826
476
206
-635
-1452
-1796
-1868
-1244
-653
-508
-634
-1066
-1309
-1222
-1077
-607
-203
-17
11
-370
-984
-1361
-1408
-1251
-948
-927
-1048
-1348
-1743
-1783
-1548
-1167
-750
-699
-817
-911
-921
-607
-243
126
420
543
607
543
370
247
161
64
26
-82
-290
-472
-727
-824
-774
-699
-551
-516
-442
-367
-347
-416
-294
-201
-109
48
62
193
216
59
-121
-250
-406
-343
-314
-380
-461
-623
-791
-865
-740
-630
-454
-511
-660
-776
-772
-637
-423
-141
23
120
76
143
379
632
925
1143
1298
1333
1405
1475
1629
1850
1994
2075
2101
2224
2482
2772
3007
3142
3175
3165
2699
2063
1408
744
530
410
87
-98
-792
-1478
-1706
-1711
-1152
-646
-428
-476
-764
-1027
-930
-695
-324
76
194
57
-364
-903
-1190
-1145
-1046
-932
-1012
-1326
-1572
-1766
-1759
-1524
-1324
-1113
-1025
-1036
-893
-711
-369
-80
0
60
106
152
243
266
206
125
-40
-124
-225
-270
-319
-333
-353
-387
-443
-501
-543
-480
-304
-184
-100
-62
-89
-127
-171
-272
-343
-415
-484
-535
-506
-517
-536
-655
-740
-837
-842
-859
-835
-794
-874
-923
-873
-713
-507
-243
-121
-13
69
185
291
488
746
835
959
971
1024
1111
1181
1338
1489
1574
1504
1473
1369
1411
1612
1805
1995
2043
1959
1901
1964
2091
2157
2128
1837
1258
726
404
269
349
440
366
113
-292
-487
-454
-310
-83
2
-54
-228
-423
-405
-465
-424
-440
-625
-706
-874
-1055
-1078
-1188
-1319
-1376
-1425
-1348
-1124
-927
-840
-948
-1065
-1250
-1232
-1005
-734
-451
-222
-188
-321
-483
-589
-426
-257
-128
-72
-116
-163
-229
-199
-114
-55
-54
-88
-88
-52
-83
-116
-163
-111
-118
-168
-138
-179
-311
-600
-861
-979
-978
-891
-781
-814
-911
-1063
-1191
-1118
-867
-563
-354
-322
-440
-548
-471
-347
-105
146
237
174
40
-173
-218
-140
47
226
368
416
295
150
52
175
421
718
962
1077
1017
872
813
1052
1409
1838
2142
2234
2245
2326
2445
2557
2699
2624
2443
2119
1749
1435
1320
1345
1169
999
710
394
202
25
-196
-350
-605
-722
-681
-614
-530
-682
-1007
-1319
-1503
-1382
-1124
-949
-945
-1222
-1493
-1553
-1495
-1294
-1099
-1105
-1161
-1269
-1314
-1210
-1113
-999
-947
-894
-759
-671
-505
-382
-352
-418
-378
-229
-49
181
333
332
207
59
-69
-51
44
86
46
-79
-284
-446
-629
-688
-717
-737
-725
-815
-758
-747
-676
-586
-515
-405
-271
-96
89
184
182
254
177
195
283
254
212
198
93
-56
-164
-222
-210
-157
-117
-85
-87
-55
-16
90
300
473
625
677
759
820
918
1133
1415
1724
1994
2212
2296
2350
2400
2526
2514
2405
2268
1888
1522
1298
1184
1177
1131
899
690
343
114
-51
-205
-255
-446
-561
-537
-522
-556
-675
-820
-952
-1087
-1061
-953
-913
-928
-1150
-1297
-1324
-1327
-1250
-1191
-1163
-1077
-1130
-1136
-1171
-1171
-1042
-896
-709
-533
-343
-214
-150
-63
40
127
160
155
94
24
25
47
53
-52
-198
-370
-468
-415
-380
-305
-366
-499
-645
-828
-902
-874
-824
-724
-630
-541
-479
-479
-453
-398
-302
-122
12
2
-24
-117
-279
-386
-426
-336
-335
-402
-512
-636
-684
-620
-523
-308
-82
40
80
24
47
274
558
800
981
1044
1034
997
1033
1139
1331
1596
1817
1898
1925
2002
2094
2263
2458
2683
2711
2558
2342
1935
1526
1380
1314
1463
1455
1176
892
397
71
-175
-232
-179
-197
-316
-401
-679
-864
-1090
-1266
-1203
-1250
-1070
-993
-1097
-1146
-1317
-1371
-1329
-1147
-880
-744
-714
-684
-808
-847
-734
-657
-467
-335
-210
-226
-314
-237
-222
-107
-32
-33
-53
-77
-82
-78
-61
-46
-35
-143
-206
-221
-337
-401
-383
-362
-315
-349
-342
-427
-562
-556
-552
-602
-502
-475
-497
-476
-501
-512
-573
-589
-578
-547
-561
-583
-623
-666
-618
-547
-424
-324
-284
-286
-308
-304
-243
-134
-17
64
150
220
240
265
253
262
414
483
569
683
734
834
978
1174
1428
1577
1750
1909
2027
2193
2413
2628
2780
2846
2701
2507
2375
2140
1851
1625
1393
1123
854
521
231
-17
-157
-269
-484
-639
-793
-846
-657
-622
-593
-584
-713
-740
-675
-578
-405
-344
-382
-458
-601
-583
-674
-688
-659
-679
-668
-749
-842
-854
-867
-767
-641
-579
-429
-370
-304
-253
-227
-138
-102
-75
5
-20
-44
-130
-252
-370
-433
-417
-487
-522
-654
-797
-882
-887
-822
-791
-841
-945
-1052
-1119
-1058
-936
-790
-777
-745
-698
-729
-642
-565
-420
-280
-251
-302
-361
-475
-487
-468
-430
-337
-311
-327
-360
-373
-354
-244
-98
60
133
181
281
477
636
759
869
1039
1245
1323
1467
1523
1575
1665
1815
2025
2107
2149
2107
2059
2075
2198
2323
2354
2255
1939
1567
1243
969
854
842
822
798
595
382
101
-5
8
-1
109
94
3
-89
-182
-261
-363
-438
-431
-628
-727
-861
-909
-871
-872
-906
-940
-1046
-1145
-1162
-1026
-811
-638
-546
-584
-619
-631
-579
-503
-385
-327
-301
-329
-393
-463
-532
-596
-655
-593
-527
-528
-533
-633
-751
-805
-765
-670
-552
-491
-514
-623
-661
-635
-576
-535
-550
-612
-635
-633
-638
-628
-609
-654
-723
-715
-739
-657
-623
-580
-618
-639
-682
-580
-464
-348
-210
-209
-219
-201
-25
150
336
452
474
434
398
421
538
685
756
818
773
723
628
684
772
846
936
970
973
985
1135
1332
1539
1731
1921
2050
2130
2296
2356
2214
2069
1914
1652
1514
1420
1420
1411
1165
885
541
241
155
64
32
62
-88
-224
-315
-376
-421
-508
-563
-627
-703
-722
-753
-738
-743
-827
-840
-987
-993
-920
-968
-953
-1023
-1110
-1178
-1213
-1173
-1124
-1041
-985
-896
-873
-808
-727
-676
-609
-588
-530
-503
-471
-391
-358
-343
-445
-536
-673
-810
-788
-806
-833
-910
-1089
-1209
-1229
-1183
-1032
-898
-833
-853
-880
-821
-708
-451
-290
-115
-51
-31
-18
7
76
155
184
163
146
96
9
-35
-4
-14
69
74
20
-35
-58
-53
57
200
342
414
475
549
612
699
763
891
994
1085
1137
1222
1283
1355
1392
1484
1644
1738
1868
1929
1943
1980
2049
2112
2125
2035
1790
1446
1259
1193
1304
1433
1374
1164
756
434
237
153
180
194
177
55
-202
-433
-617
-832
-933
-989
-1025
-1007
-1071
-1096
-1122
-1189
-1141
-1115
-1019
-953
-870
-785
-798
-779
-667
-645
-576
-612
-714
-759
-818
-784
-748
-741
-847
-969
-1050
-1076
-1052
-1016
-971
-964
-948
-927
-855
-864
-877
-912
-907
-776
-673
-497
-424
-422
-370
-343
-280
-232
-227
-118
-104
-90
2
68
87
39
-60
-210
-280
-307
-274
-261
-235
-223
-249
-268
-267
-243
-107
75
153
216
259
214
248
331
383
380
381
428
444
523
504
501
500
497
522
723
868
998
1149
1218
1335
1424
1571
1765
2041
2306
2484
2487
2514
2439
2244
2046
1825
1574
1338
1134
996
920
692
462
162
-67
-188
-239
-211
-217
-287
-316
-322
-282
-296
-403
-498
-701
-801
-747
-681
-635
-670
-887
-1038
-1211
-1295
-1302
-1292
-1244
-1303
-1381
-1444
-1488
-1470
-1474
-1459
-1357
-1299
-1179
-1091
-1034
-984
-979
-942
-890
-819
-655
-564
-559
-545
-549
-561
-561
-533
-502
-504
-508
-546
-541
-467
-463
-398
-377
-357
-334
-308
-277
-287
-277
-214
-129
-72
-79
-157
-190
-134
-142
-61
56
39
33
-27
-58
-104
-98
5
28
12
-27
-53
-76
-143
-122
-75
16
173
379
538
595
703
764
870
994
1162
1294
1340
1341
1289
1291
1344
1385
1412
1389
1415
1470
1531
1630
1669
1746
1746
1687
1620
1491
1351
1349
1316
1289
1251
1090
881
606
360
265
182
96
-61
-323
-471
-615
-680
-701
-819
-987
-1180
-1314
-1338
-1259
-1155
-1106
-1173
-1296
-1404
-1456
-1403
-1289
-1222
-1197
-1227
-1275
-1269
-1215
-1143
-1061
-1008
-990
-1030
-955
-844
-731
-674
-621
-563
-485
-402
-377
-368
-363
-411
-452
-503
-501
-462
-390
-333
-294
-317
-389
-425
-389
-261
-213
-166
-147
-147
-115
-73
-30
-45
-111
-188
-227
-134
-77
-48
-75
-126
-165
-146
-17
26
134
132
150
136
127
198
307
350
332
310
247
249
270
325
333
328
332
376
450
508
595
722
786
904
992
1054
1120
1213
1379
1538
1723
1878
1971
2001
2035
1999
1917
1766
1499
1338
1073
908
792
689
572
452
309
56
-54
-125
-141
-191
-272
-358
-450
-472
-486
-533
-641
-854
-1038
-1111
-1119
-1036
-1035
-1111
-1174
-1212
-1277
-1257
-1261
-1221
-1165
-1142
-1039
-1020
-978
-989
-968
-938
-865
-752
-686
-658
-698
-680
-696
-668
-546
-444
-430
-423
-550
-676
-664
-627
-605
-623
-622
-676
-652
-593
-559
-490
-406
-249
-92
-14
-21
0
-36
-19
81
169
255
197
131
12
-26
-15
63
75
45
1
-3
-49
-135
-110
-47
-10
26
-2
-22
-95
-128
-73
-18
112
187
222
259
309
356
500
636
785
824
828
826
841
938
1029
1148
1126
1130
1112
1170
1251
1391
1502
1611
1675
1687
1683
1634
1637
1471
1335
1172
990
861
763
585
425
210
86
-50
-201
-251
-327
-430
-479
-515
-546
-561
-638
-689
-791
-874
-866
-877
-850
-791
-806
-830
-903
-1005
-1035
-1036
-1066
-974
-969
-954
-958
-1031
-1007
-1017
-987
-882
-840
-800
-783
-749
-700
-678
-655
-565
-471
-395
-342
-363
-336
-281
-244
-216
-170
-85
-64
-65
-49
-7
19
-6
-15
33
-7
8
13
-1
15
42
0
-46
-56
-74
-36
-12
-31
-75
-82
-160
-210
-191
-167
-141
-149
-181
-152
-108
-101
-43
-43
-6
45
50
127
209
243
276
332
410
492
583
745
817
928
950
962
1057
1139
1230
1277
1368
1431
1483
1487
1436
1427
1397
1393
1439
1406
1384
1278
1151
987
876
842
762
746
604
536
421
289
210
194
152
119
37
-118
-207
-323
-426
-560
-656
-774
-880
-966
-1103
-1157
-1213
-1267
-1334
-1367
-1338
-1278
-1281
-1210
-1127
-1085
-1015
-1008
-887
-837
-803
-765
-778
-722
-676
-671
-549
-456
-441
-429
-453
-412
-382
-270
-219
-220
-199
-266
-255
-243
-162
-158
-164
-149
-162
-173
-172
-145
-160
-153
-161
-157
-157
-189
-276
-287
-307
-285
-248
-211
-185
-215
-244
-304
-282
-298
-266
-309
-254
-239
-219
-112
-11
53
34
54
67
65
120
238
270
338
451
462
518
470
456
485
511
517
611
763
766
790
851
840
908
1004
1078
1193
1289
1362
1417
1441
1472
1490
1499
1532
1524
1483
1330
1176
1005
857
728
583
443
334
180
51
-58
-220
-349
-445
-495
-437
-451
-482
-503
-662
-719
-744
-768
-776
-767
-805
-890
-1041
-1054
-1083
-1073
-1027
-1005
-1012
-1000
-981
-970
-951
-924
-853
-829
-797
-701
-667
-607
-539
-572
-551
-532
-498
-443
-423
-415
-423
-482
-487
-445
-404
-398
-342
-370
-360
-327
-311
-266
-241
-257
-253
-213
-147
-81
-55
-50
-52
-129
-182
-173
-117
-102
-109
-140
-176
-199
-245
-247
-218
-170
-167
-172
-258
-335
-380
-342
-288
-159
-100
-98
-92
-115
-12
104
263
421
479
531
580
674
704
793
866
995
1036
1035
1003
944
919
971
1070
1113
1181
1134
1103
1120
1142
1211
1283
1317
1327
1349
1396
1356
1384
1268
1125
969
856
829
762
673
524
361
204
67
-9
-31
-105
-188
-286
-371
-432
-424
-483
-579
-651
-705
-858
-890
-886
-900
-835
-880
-860
-910
-963
-1008
-994
-948
-917
-893
-876
-873
-916
-863
-792
-761
-688
-574
-507
-479
-450
-408
-313
-266
-249
-181
-145
-124
-151
-129
-118
-32
-40
-71
-78
-118
-111
-127
-135
-197
-183
-232
-247
-342
-397
-406
-435
-438
-464
-461
-467
-416
-369
-388
-330
-282
-293
-252
-212
-192
-179
-114
-73
18
-14
-54
-21
-22
4
112
231
294
287
343
351
396
514
650
755
789
812
892
908
1004
1097
1144
1212
1205
1242
1278
1272
1319
1347
1340
1385
1339
1316
1244
1202
1134
1110
1051
972
887
920
823
733
690
544
418
267
228
107
62
-70
-182
-277
-396
-428
-451
-441
-503
-558
-604
-639
-658
-718
-775
-805
-816
-832
-827
-752
-751
-820
-804
-846
-883
-822
-716
-690
-677
-631
-609
-596
-575
-541
-497
-486
-552
-518
-577
-602
-568
-568
-540
-557
-597
-624
-632
-642
-551
-480
-451
-461
-465
-458
-454
-451
-471
-403
-418
-444
-462
-506
-552
-587
-573
-566
-503
-514
-488
-446
-443
-388
-367
-348
-370
-364
-286
-178
-78
-28
1
-18
18
58
61
172
270
316
389
442
524
616
689
781
806
856
935
1023
1121
1232
1210
1272
1260
1237
1237
1161
1188
1156
1152
1122
1065
1011
947
892
817
809
779
737
730
697
660
659
654
629
567
544
470
421
412
276
203
169
141
106
58
-31
-111
-187
-275
-303
-311
-333
-383
-511
-569
-655
-669
-695
-741
-726
-790
-824
-858
-840
-890
-852
-860
-856
-837
-833
-805
-825
-796
-786
-784
-714
-641
-606
-588
-615
-634
-657
-654
-617
-572
-591
-618
-589
-635
-625
-564
-536
-550
-553
-535
-550
-518
-500
-459
-410
-488
-509
-507
-512
-450
-399
-379
-353
-404
-470
-427
-350
-277
-234
-134
-51
23
82
106
192
297
372
438
495
548
585
636
656
754
759
808
821
822
768
771
781
804
876
925
932
902
937
908
890
833
870
936
969
961
925
842
812
873
906
896
899
909
867
869
832
799
806
810
818
806
818
789
704
563
490
357
347
268
252
170
-3
-138
-270
-340
-401
-431
-474
-561
-677
-782
-835
-863
-875
-878
-844
-839
-908
-1016
-1078
-1065
-1074
-1073
-994
-1019
-1072
-1064
-1046
-977
-912
-851
-892
-961
-940
-912
-909
-871
-876
-875
-914
-971
-942
-922
-959
-926
-966
-979
-912
-857
-781
-718
-659
-655
-611
-573
-507
-428
-358
-313
-327
-263
-269
-268
-169
-137
-101
-85
-141
-106
-56
4
31
127
212
238
276
325
398
460
486
512
522
535
571
624
654
681
677
671
728
732
770
806
787
811
806
781
808
929
978
933
862
841
929
965
1046
1059
1093
1028
1052
1035
975
1046
944
936
853
875
803
730
733
664
539
400
334
287
299
264
215
127
1
-97
-159
-198
-251
-301
-343
-451
-539
-596
-631
-665
-687
-653
-726
-755
-782
-934
-878
-846
-880
-899
-993
-1047
-1082
-1103
-1101
-1027
-1001
-988
-1007
-1042
-1048
-1003
-949
-904
-866
-894
-852
-830
-798
-773
-738
-722
-700
-685
-666
-676
-641
-602
-609
-581
-518
-488
-462
-416
-431
-336
-286
-249
-223
-137
-50
25
105
125
184
214
281
317
359
379
441
522
500
569
624
618
622
590
600
564
608
620
647
681
738
757
762
787
848
828
827
890
888
903
913
919
915
919
879
858
788
759
703
674
652
646
659
654
615
604
591
579
561
519
509
479
424
406
340
349
368
299
288
230
129
105
57
37
-22
-74
-91
-219
-321
-403
-425
-439
-511
-507
-560
-653
-647
-676
-688
-720
-726
-734
-782
-804
-897
-926
-973
-1053
-1019
-1054
-1086
-1064
-1139
-1149
-1162
-1145
-1136
-1084
-1051
-1066
-1069
-1038
-1056
-979
-937
-854
-802
-796
-735
-740
-706
-630
-588
-560
-485
-475
-425
-376
-347
-305
-237
-196
-85
6
71
118
147
171
180
231
358
429
515
564
600
591
631
667
731
807
817
880
844
846
829
833
838
844
839
860
821
812
763
728
691
720
682
687
684
610
600
578
584
611
577
533
541
568
551
516
475
425
350
312
306
313
368
351
298
246
227
157
153
196
185
215
189
92
104
133
143
138
154
117
73
24
-54
-72
-135
-193
-283
-433
-484
-540
-614
-645
-704
-752
-816
-846
-845
-854
-833
-837
-900
-937
-893
-936
-938
-921
-946
-1010
-1068
-1064
-1094
-1013
-984
-1022
-1019
-1053
-1063
-1032
-972
-922
-900
-881
-825
-814
-737
-633
-545
-433
-369
-293
-222
-140
-46
36
77
139
174
262
348
354
406
414
434
465
553
573
545
539
502
536
588
624
626
642
650
654
603
579
604
607
606
564
594
619
596
546
528
491
440
441
447
416
410
422
428
322
292
320
310
358
363
397
354
370
364
342
363
426
386
337
330
323
371
361
376
350
347
269
184
140
146
123
100
120
62
-1
-69
-82
-86
-111
-128
-142
-172
-153
-149
-167
-167
-251
-264
-276
-379
-381
-412
-473
-575
-651
-629
-692
-689
-708
-788
-817
-781
-812
-821
-813
-813
-761
-742
-685
-673
-675
-658
-634
-598
-548
-413
-401
-377
-365
-353
-387
-345
-330
-261
-201
-182
-168
-172
-98
-92
-50
26
87
123
170
195
178
214
225
240
317
320
316
318
342
331
302
294
324
306
315
349
318
296
275
279
260
247
263
232
213
200
224
264
267
275
296
275
234
290
305
273
274
277
297
257
245
243
243
251
230
239
260
240
206
214
250
278
313
343
292
252
239
259
311
313
326
298
169
191
151
133
204
149
23
-32
-41
-118
-98
-103
-151
-138
-195
-241
-284
-309
-292
-272
-250
-292
-264
-250
-287
-288
-277
-274
-278
-268
-250
-294
-310
-291
-309
-330
-327
-348
-348
-340
-335
-299
-282
-222
-192
-133
-96
-128
-65
-58
-81
-61
-45
-18
-26
16
12
3
-7
-33
3
-37
-23
-47
-92
-119
-59
-43
-59
-21
-4
-8
-52
-3
-43
-16
19
38
44
-25
-6
-8
-38
-52
-70
-109
-125
-150
-227
-275
-227
-238
-218
-199
-189
-128
-113
-101
-104
-85
-64
-32
38
90
97
129
145
145
143
167
154
253
277
226
231
280
298
281
319
282
290
219
192
181
151
124
139
153
125
140
120
51
87
102
82
90
78
59
55
59
89
108
142
227
140
136
106
146
85
37
6
-6
31
-51
-45
-47
-45
-32
12
21
16
-8
24
24
39
67
84
114
118
123
87
83
66
47
81
111
71
28
-5
-78
-20
-17
-11
-21
-17
-12
16
95
97
164
215
242
180
155
109
150
88
38
40
-23
-85
-135
-155
-138
-128
-188
-217
-234
-259
-228
-234
-249
-266
-231
-191
-172
-121
-136
-151
-137
-144
-163
-136
-102
-84
-93
-81
-85
-68
-45
-43
-20
-33
-17
-40
-2
-14
-72
-49
-57
-20
0
-20
-48
-49
-13
-2
-27
-7
36
38
66
84
119
178
187
201
241
246
269
260
261
288
259
279
261
263
197
190
206
217
310
289
261
299
296
301
279
317
287
288
330
330
387
403
402
375
311
303
267
220
252
220
219
255
221
255
290
267
262
228
204
252
289
281
269
273
335
290
253
266
247
241
195
189
121
108
84
31
-14
-42
-54
-90
-113
-92
-86
-115
-132
-145
-94
-88
-85
-63
-60
-69
-44
-114
-143
-96
-101
-122
-140
-126
-96
-117
-132
-115
-118
-151
-144
-120
-109
-135
-193
-238
-273
-255
-239
-213
-205
-235
-270
-240
-272
-240
-218
-209
-164
-143
-181
-184
-146
-167
-168
-146
-130
-169
-186
-128
-168
-149
-104
-57
-46
-34
-15
-20
-4
14
64
73
127
141
188
196
177
210
232
261
287
269
296
345
354
364
379
426
421
416
413
420
448
437
393
403
441
484
425
403
377
402
376
366
431
398
381
357
307
257
230
181
202
223
176
161
118
86
87
92
52
44
40
42
58
77
85
92
32
69
63
49
63
57
25
-49
-51
-83
-52
-50
-61
-2
20
-49
-23
-26
-17
-14
-9
-32
-88
-100
-110
-78
-86
-107
-93
-69
-105
-97
-100
-139
-119
-124
-129
-195
-241
-207
-276
-325
-372
-383
-342
-299
-334
-362
-384
-358
-342
-371
-336
-344
-335
-325
-309
-338
-344
-341
-333
-279
-233
-232
-270
-258
-293
-249
-273
-266
-203
-208
-148
-106
-108
-77
-35
14
62
96
137
144
132
218
221
224
310
322
359
356
364
375
378
431
457
435
459
456
458
497
526
586
598
590
591
552
583
579
582
533
516
501
481
460
448
425
376
343
327
307
257
231
188
165
177
130
67
19
-7
-47
-45
-16
14
73
65
91
46
17
20
7
53
49
96
76
32
10
7
-26
12
40
17
40
20
49
59
83
59
71
87
75
96
108
102
76
40
73
127
115
118
62
44
120
62
76
88
-9
20
-20
-50
-68
-120
-109
-120
-151
-134
-134
-158
-210
-188
-213
-214
-211
-208
-196
-230
-167
-173
-127
-135
-136
-150
-144
-154
-205
-228
-249
-229
-216
-176
-196
-192
-135
-125
-78
-51
-24
45
92
101
107
169
166
196
239
236
249
194
198
275
239
253
244
224
254
280
266
242
264
270
300
272
238
288
257
275
273
248
263
235
208
157
148
133
148
109
154
111
96
76
40
22
-28
34
-38
-35
-70
-41
-3
-15
-25
-29
-41
-65
-56
-63
-29
32
7
28
44
6
25
42
47
32
45
17
51
55
47
55
40
39
41
12
30
31
42
17
19
60
31
33
52
59
34
36
12
-28
-34
-29
-31
-57
-59
-111
-156
-137
-179
-166
-148
-176
-178
-199
-192
-222
-257
-210
-217
-206
-172
-158
-138
-129
-147
-147
-128
-132
-91
-113
-68
-13
-3
-27
-91
-89
-70
-53
-32
12
31
78
36
17
78
122
149
195
202
216
218
224
281
292
265
246
270
282
237
247
227
182
168
148
133
104
113
125
137
133
111
137
172
159
139
164
164
152
135
138
176
152
130
132
101
72
79
121
139
94
101
111
70
129
116
94
83
124
168
175
175
151
245
210
197
211
210
231
206
182
202
225
183
212
130
79
107
124
182
187
191
135
61
103
63
69
89
64
27
3
-10
-29
0
-10
-34
22
4
-19
-11
-10
-24
-41
-20
18
-38
-52
-42
-61
-81
-105
-25
-15
8
37
92
89
82
132
146
186
226
266
277
248
262
248
228
239
267
282
267
273
282
303
280
290
315
294
300
297
324
329
285
284
283
253
290
293
239
209
175
198
216
203
222
202
186
122
88
101
92
54
46
25
15
-2
9
29
3
2
11
3
17
28
25
37
19
-4
-24
-45
-37
-15
8
24
10
48
-9
-5
-21
46
128
88
151
93
82
77
64
34
38
70
71
66
62
73
69
94
63
52
18
68
11
-23
2
-11
11
-39
-53
-135
-136
-176
-131
-127
-121
-175
-163
-146
-221
-186
-178
-169
-116
-99
-126
-136
-173
-185
-162
-153
-174
-117
-85
-104
-158
-118
-70
-83
-38
-46
-41
-3
-29
-10
-15
3
58
107
141
167
223
200
222
215
225
255
229
248
245
276
267
284
292
244
256
268
273
256
275
252
215
227
214
190
191
167
149
142
152
159
181
131
83
134
121
136
211
137
119
84
97
121
108
113
88
105
76
81
79
63
49
51
36
49
86
84
95
77
71
47
32
7
65
73
77
72
69
52
58
64
25
28
11
-4
-58
-69
-61
-14
-47
-60
-65
-56
-63
-58
-59
-46
-24
-44
-6
-24
-44
-51
-62
-67
-71
-61
-83
-155
-183
-168
-116
-104
-137
-167
-167
-155
-121
-127
-124
-100
-76
-73
-65
-83
-115
-95
-68
-9
33
27
-2
1
34
6
77
109
115
104
99
97
101
114
137
146
85
79
118
156
149
131
112
180
148
171
220
160
186
151
145
152
195
184
181
188
175
156
184
144
151
134
141
202
145
150
176
152
142
127
111
128
117
123
119
93
112
72
91
88
62
38
32
27
12
45
40
47
37
43
17
-38
-36
-29
-41
-28
-26
-8
-21
-25
-19
-41
-45
-44
-61
-4
-51
-20
-59
-74
-45
-42
-62
-95
-88
-118
-69
-139
-226
-169
-182
-186
-156
-193
-142
-144
-140
-147
-163
-143
-133
-79
-71
-70
-42
-46
-35
-43
-40
0
-9
12
22
-32
6
15
27
3
2
-64
-10
14
22
76
87
121
88
130
125
114
95
129
154
183
185
166
195
189
229
229
222
201
221
199
216
222
234
263
232
226
210
245
188
191
149
185
204
201
224
183
189
134
161
146
119
149
105
139
125
83
62
78
5
27
29
31
18
-47
-28
-44
-42
-93
-49
-72
-87
-27
-13
-36
-25
-52
-80
-89
-75
-70
-118
-41
-65
-105
-160
-176
-159
-158
-164
-209
-184
-208
-274
-249
-264
-341
-342
-261
-293
-250
-195
-211
-202
-214
-240
-232
-242
-259
-244
-197
-170
-136
-174
-220
-157
-180
-167
-119
-102
-83
-59
-35
-87
-88
-69
-57
-42
-15
15
11
9
16
52
40
32
67
94
44
-3
-15
74
125
154
158
133
146
127
166
195
186
170
200
199
221
195
204
207
253
266
245
222
232
220
197
222
189
171
133
156
168
201
190
176
172
126
97
111
141
99
97
103
99
108
94
48
47
50
37
47
18
6
27
-16
-85
-68
-45
-72
-47
-56
-86
-96
-139
-97
-95
-147
-177
-165
-139
-167
-149
-157
-180
-223
-199
-221
-241
-192
-213
-191
-192
-233
-257
-271
-289
-279
-249
-273
-261
-264
-234
-239
-225
-212
-207
-206
-161
-120
-101
-77
-88
-91
-116
-70
-114
-112
-77
-21
-6
-6
28
16
37
32
39
84
97
86
51
85
105
22
99
143
118
141
125
128
125
136
163
120
153
174
161
148
152
178
149
172
185
165
197
166
142
141
122
95
110
151
171
152
125
130
93
104
102
126
113
96
85
15
36
52
21
-11
-49
-51
-29
-78
-26
-60
-91
-88
-129
-117
-131
-159
-152
-151
-146
-125
-129
-123
-138
-104
-130
-150
-110
-120
-115
-131
-107
-129
-152
-145
-125
-121
-128
-109
-151
-128
-118
-161
-189
-189
-207
-182
-151
-137
-162
-134
-132
-136
-156
-133
-30
-77
-121
-112
-91
-88
-101
-106
-71
-70
-67
-46
-32
-35
-81
-112
-72
-15
6
-2
9
3
32
39
62
104
140
137
82
109
75
112
80
93
87
45
29
42
80
57
75
60
48
40
62
75
105
50
39
67
85
102
78
45
94
87
59
56
67
36
-5
17
-23
-63
-59
-70
-58
-48
-60
-81
-54
-63
-104
-108
-61
-120
-139
-177
-160
-173
-220
-174
-155
-147
-158
-211
-230
-195
-122
-147
-180
-147
-168
-154
-195
-184
-210
-202
-148
-183
-184
-179
-147
-139
-152
-145
-110
-124
-104
-112
-158
-131
-125
-78
-104
-117
-157
-145
-130
-158
-139
-135
-102
-84
-134
-121
-99
-82
-81
-68
-58
-57
-91
-114
-30
-35
-7
-1
7
19
52
44
21
55
105
88
106
130
81
114
135
136
145
113
150
192
145
183
155
172
222
187
204
160
137
189
181
165
168
173
176
186
179
160
149
138
125
119
108
73
43
28
28
6
-25
-6
-41
-61
-37
-36
-16
-51
-65
-64
-80
-105
-97
-108
-88
-111
-141
-121
-150
-150
-172
-138
-160
-156
-139
-162
-156
-165
-168
-182
-166
-197
-181
-155
-143
-110
-83
-96
-58
-41
-80
-41
-67
-98
-63
-96
-89
-93
-70
-69
-108
-121
-121
-133
-156
-193
-177
-133
-182
-162
-147
-116
-105
-140
-104
-85
-49
19
-1
5
8
41
62
74
65
101
63
32
79
115
146
133
139
102
109
146
121
126
166
144
155
136
136
191
198
205
249
205
214
208
196
209
182
197
174
199
182
161
143
123
128
172
139
118
100
77
39
-15
3
22
5
-35
-32
-8
-26
-19
-27
-10
-57
-92
-94
-91
-72
-90
-83
-71
-79
-82
-124
-160
-132
-115
-115
-155
-183
-204
-214
-151
-148
-143
-149
-155
-166
-158
-147
-205
-193
-212
-170
-131
-127
-135
-187
-179
-206
-220
-233
-222
-217
-176
-200
-199
-168
-193
-153
-130
-135
-116
