78
89
72
36
69
104
92
61
93
73
88
94
79
94
92
131
108
95
105
78
87
66
80
92
48
70
111
104
130
158
171
170
193
172
216
227
242
258
248
314
350
376
396
398
420
445
448
507
561
556
581
604
586
627
603
638
638
637
591
620
668
634
613
577
601
657
673
718
687
678
678
626
597
544
552
532
443
408
320
236
113
120
77
-12
-57
-125
-206
-274
-303
-370
-410
-413
-456
-464
-488
-576
-591
-651
-674
-684
-708
-706
-749
-718
-712
-738
-708
-748
-743
-703
-667
-660
-595
-545
-541
-535
-506
-470
-477
-411
-395
-366
-326
-287
-278
-242
-190
-182
-139
-126
-85
-93
-111
-68
-63
-33
-61
-58
-38
24
-13
14
-25
-19
-15
-8
46
4
16
40
46
31
89
60
69
62
60
78
63
85
56
59
52
49
39
33
94
103
101
117
114
151
184
206
207
186
196
224
215
249
276
245
249
281
348
342
342
374
423
448
473
470
451
494
497
514
535
597
500
484
576
543
555
582
555
573
595
582
588
569
536
570
533
500
469
431
390
351
300
273
204
110
88
-5
-90
-121
-183
-236
-298
-361
-382
-442
-461
-477
-470
-512
-538
-521
-564
-590
-639
-661
-649
-682
-750
-703
-691
-704
-680
-637
-623
-620
-596
-557
-503
-514
-498
-508
-515
-514
-467
-486
-393
-335
-337
-336
-311
-241
-203
-168
-194
-141
-169
-178
-159
-166
-141
-152
-132
-118
-124
-105
-91
-64
-34
-12
-20
-34
-44
-17
-33
-10
-51
-65
-60
-29
-57
-6
-34
-79
-31
-18
-15
-44
18
35
53
72
71
90
119
153
166
180
197
214
238
234
220
247
228
291
293
274
269
243
226
234
329
357
387
412
420
380
431
482
511
496
507
530
558
571
561
564
609
572
621
664
621
649
623
608
593
551
569
567
497
447
372
359
304
187
142
104
20
1
-33
-64
-69
-154
-143
-190
-244
-276
-344
-385
-421
-414
-416
-495
-493
-560
-551
-573
-614
-585
-616
-620
-644
-640
-642
-593
-616
-639
-616
-623
-678
-617
-603
-620
-548
-567
-511
-496
-557
-542
-525
-465
-429
-459
-405
-437
-400
-368
-377
-347
-334
-307
-337
-303
-261
-259
-230
-193
-250
-243
-216
-186
-167
-215
-146
-152
-117
-118
-85
-64
-42
-42
-20
31
9
49
56
72
40
73
83
58
100
91
87
119
98
107
122
131
127
147
165
138
156
176
202
189
227
227
207
200
216
243
265
308
332
382
391
416
419
455
461
438
463
493
500
524
555
551
553
606
624
591
609
610
621
595
629
560
580
551
486
490
448
385
277
220
186
150
70
47
-29
-104
-96
-169
-191
-211
-275
-289
-324
-328
-332
-360
-394
-429
-445
-447
-536
-552
-554
-616
-645
-627
-575
-575
-604
-614
-590
-597
-609
-628
-668
-671
-645
-620
-615
-598
-536
-509
-524
-473
-443
-444
-384
-346
-346
-311
-297
-246
-244
-232
-238
-197
-193
-182
-122
-100
-106
-125
-75
-95
-116
-60
-73
-88
-48
-68
-24
-33
7
20
-14
47
13
26
31
60
79
52
51
40
37
57
91
83
62
57
77
92
86
118
70
59
111
109
106
129
163
191
226
267
283
264
323
318
308
366
376
416
420
440
477
456
476
503
567
554
568
578
560
639
618
628
647
659
653
636
608
569
561
510
480
392
348
322
238
164
124
81
9
-43
-117
-161
-231
-273
-296
-310
-405
-463
-509
-511
-482
-559
-569
-592
-621
-652
-639
-650
-632
-649
-680
-621
-687
-690
-734
-751
-691
-659
-661
-639
-639
-632
-580
-601
-554
-504
-474
-438
-436
-436
-400
-425
-426
-353
-343
-356
-267
-261
-281
-268
-235
-245
-235
-146
-140
-145
-163
-140
-132
-172
-124
-95
-45
-12
-28
5
-6
12
0
-20
7
21
15
-9
-1
-1
-9
13
33
39
53
71
32
13
93
95
84
77
119
116
128
137
122
176
181
176
193
251
263
324
271
0
-11
-152
-275
-124
-55
45
161
141
126
150
185
266
351
410
465
544
598
606
634
673
708
707
702
688
617
598
603
533
500
433
375
305
291
228
131
87
23
-27
-172
-203
-267
-390
-455
-525
-546
-590
-613
-593
-580
-552
-525
-527
-559
-581
-721
-824
-970
-1081
-1106
-1092
-929
-842
-779
-623
-632
-570
-441
-347
-204
-30
55
108
159
144
144
143
137
55
43
-54
-105
-229
-300
-383
-447
-475
-563
-596
-611
-596
-531
-443
-356
-292
-142
17
156
292
372
541
618
669
705
761
754
751
732
725
708
666
634
623
635
683
709
820
862
1001
1137
1264
1522
1589
1789
1986
2079
2267
2390
2539
2765
2875
3009
3199
3338
3444
3458
3335
2982
2416
1559
446
-814
-2137
-3338
-4376
-5144
-5567
-5691
-5335
-4572
-3591
-2333
-1125
35
1065
1842
2390
2727
2867
2824
2662
2402
2196
2086
1908
1737
1517
1162
695
21
-770
-1761
-2705
-3652
-4598
-5204
-5528
-5487
-5063
-4275
-3226
-1981
-745
377
1447
2300
2884
3122
3140
2934
2561
2195
1755
1268
782
295
-241
-813
-1559
-2340
-3100
-3916
-4562
-5185
-5402
-5286
-4892
-4150
-3162
-1912
-634
546
1610
2428
2931
3154
3100
2884
2472
1884
1294
684
130
-295
-809
-1182
-1532
-1902
-2273
-2533
-2684
-2762
-2717
-2522
-2153
-1614
-853
-83
773
1589
2354
2960
3434
3769
3902
4064
4016
3895
3852
3672
3550
3483
3384
3386
3347
3234
3135
2854
2573
2131
1528
382
-1014
-2588
-4521
-5900
-7096
-7600
-7419
-7176
-6105
-4421
-2487
-93
2084
3867
5319
5990
6144
5962
5359
4583
3419
2062
811
-277
-1059
-1671
-2086
-2564
-3147
-3766
-4392
-4866
-5100
-5376
-5371
-5073
-4562
-3351
-1878
-139
1823
3426
4752
5755
6173
6237
5679
4474
3070
1285
-474
-1936
-3180
-4068
-4584
-4794
-4821
-4583
-4307
-3935
-3542
-3245
-2942
-2642
-2228
-1628
-807
133
1102
1974
2746
3400
3629
3613
3308
2546
1567
445
-801
-1760
-2546
-3174
-3465
-3528
-3438
-3082
-2744
-2410
-1954
-1781
-1409
-1215
-903
-326
67
667
1187
1626
2043
2201
2303
2228
1866
1516
1005
634
436
352
506
719
1018
1442
1760
2209
2607
2868
3110
3198
3487
3769
4044
4502
4774
4985
5116
4839
4163
2623
638
-1918
-4814
-7100
-9010
-9887
-9835
-9382
-7649
-5119
-2252
1194
4145
6609
8321
8632
8375
7363
5849
4290
2235
368
-1119
-2304
-2894
-3087
-3021
-2931
-3208
-3685
-4274
-4788
-5050
-5177
-4989
-4302
-3222
-1588
390
2626
4878
6362
7239
7259
6467
5201
3202
1026
-1170
-3383
-5069
-6184
-6524
-6098
-5296
-4209
-3057
-2119
-1372
-841
-411
-154
-49
114
436
932
1708
2299
2844
3098
2736
2249
1158
-74
-1164
-2644
-3734
-4428
-4783
-4223
-3389
-2295
-852
174
1106
1684
1695
1673
1180
384
-344
-1031
-1480
-1704
-1624
-1391
-1067
-736
-578
-496
-351
-325
-320
-212
-32
333
884
1602
2343
3045
3674
3971
4046
4040
3901
3615
3324
3070
2865
2917
3007
3363
3813
3990
4090
3954
3368
2280
482
-1796
-4276
-6683
-8418
-9188
-8969
-7771
-5975
-3470
-556
2442
5233
7243
8366
8425
7466
5916
4055
2210
510
-1141
-2402
-3199
-3663
-3675
-3506
-3395
-3420
-3782
-4272
-4516
-4495
-3994
-3062
-1763
-216
1457
3250
4807
5977
6468
6034
4865
3111
1035
-1028
-2908
-4403
-5418
-5876
-5649
-4898
-3778
-2481
-1251
-390
62
225
208
92
-32
-83
-95
-82
231
677
1010
1423
1458
1145
502
-342
-1070
-1821
-2369
-2666
-2792
-2576
-2096
-1465
-684
-111
256
440
270
-6
-370
-720
-1084
-1436
-1654
-1710
-1658
-1464
-1227
-1049
-835
-657
-436
-142
308
814
1213
1639
2003
2340
2649
2813
2984
3041
2951
3054
3176
3404
3742
3911
4140
4359
4368
4582
4479
4144
3722
2759
1481
-351
-2541
-4634
-6580
-7917
-8328
-7898
-6547
-4640
-2205
603
3234
5617
7322
8138
8111
7186
5747
4095
2304
672
-915
-2322
-3290
-4074
-4620
-4902
-5031
-5111
-5252
-5141
-4629
-3745
-2415
-863
933
2713
4215
5460
6185
6311
5795
4502
2736
647
-1470
-3247
-4694
-5586
-5903
-5742
-5050
-4006
-2778
-1531
-403
442
1016
1391
1557
1573
1532
1345
1085
839
158
-128
-270
-718
-789
-1019
-1338
-1451
-1757
-1601
-1368
-1244
-759
-668
-475
-105
-114
50
-58
-232
-306
-720
-971
-1086
-1267
-1346
-1488
-1513
-1368
-1322
-1065
-824
-642
-266
17
373
836
1163
1533
1632
1631
1662
1539
1463
1547
1644
1995
2473
3017
3908
4480
5149
5560
5647
5625
5111
4493
3645
2653
1317
-431
-2614
-4812
-6930
-8392
-8794
-8368
-6927
-5011
-2579
212
3025
5683
7778
8924
9163
8357
6862
5088
3144
1379
-369
-2014
-3472
-4633
-5407
-5922
-6044
-5978
-5809
-5417
-4700
-3440
-1737
196
2182
3966
5320
6180
6388
6040
5171
3669
1774
-481
-2546
-4199
-5336
-5920
-5947
-5505
-4808
-3877
-2746
-1472
-257
727
1480
2040
2339
2469
2516
2424
2131
1595
682
-500
-1511
-2469
-3097
-3254
-3216
-2684
-1843
-915
213
1234
1992
2267
2077
1570
824
-41
-806
-1480
-2014
-2297
-2480
-2480
-2325
-2167
-1897
-1752
-1567
-1264
-944
-508
-39
449
827
1152
1240
1296
1201
919
797
583
429
509
599
1067
1596
2237
3047
3675
4432
4944
5261
5455
5363
5345
5024
4521
4259
3539
2449
737
-1859
-4427
-7245
-9256
-9813
-9438
-7622
-5211
-2340
1107
4205
7059
9204
9946
9744
8228
5807
3450
1086
-718
-2149
-3429
-4250
-4926
-5381
-5463
-5411
-5098
-4865
-4533
-3815
-2561
-736
1440
3669
5570
6808
7177
6719
5608
3993
1791
-618
-3014
-5162
-6552
-7209
-6937
-5947
-4692
-3308
-2029
-846
314
1311
2166
2857
3283
3378
3218
2992
2705
2307
1604
486
-946
-2550
-4036
-5128
-5737
-5380
-4594
-3321
-1566
142
1969
3237
3948
4200
3506
2520
1218
-145
-1086
-1772
-2195
-2431
-2476
-2457
-2409
-2292
-2170
-2066
-1814
-1486
-978
-251
496
1159
1478
1456
1130
605
26
-414
-616
-442
-66
639
1690
2833
3928
4897
5568
5836
5810
5575
5130
4564
4260
3904
3595
3500
3272
2535
831
-1940
-4847
-8286
-10860
-11535
-11039
-8631
-5483
-1904
2340
5760
8805
10897
11189
10521
8353
5227
2395
-94
-1672
-2580
-3339
-3699
-4213
-4793
-5234
-5551
-5562
-5510
-5200
-4341
-2779
-393
2346
5146
7467
8719
8695
7433
5518
3159
512
-1955
-4202
-5887
-6805
-6944
-6243
-5012
-3712
-2668
-1944
-1410
-821
-45
961
2141
3249
3995
4320
4185
3789
3088
1926
347
-1520
-3450
-5006
-5945
-5901
-5074
-3654
-1844
-344
1078
2282
2912
3120
2758
1952
980
-150
-1116
-1607
-1852
-1921
-2135
-2456
-2615
-2875
-2849
-2460
-1731
-765
149
1108
1906
2395
2514
2068
1142
-78
-1239
-2048
-2250
-1716
-675
755
2209
3583
4681
5443
5827
5817
5635
5222
4785
4574
4565
4696
4672
4395
3777
2095
-823
-4187
-8040
-11490
-12921
-12637
-10259
-6357
-2101
2449
6217
8918
10745
10967
9977
8145
5321
2615
394
-1034
-1573
-1946
-2343
-3034
-4306
-5749
-6980
-7673
-7595
-6660
-4924
-2376
779
4036
6944
9041
9867
9150
7091
4295
1365
-1308
-3287
-4560
-5233
-5343
-5235
-4874
-4395
-4023
-3723
-3621
-3401
-2757
-1528
332
2485
4674
6296
6903
6394
4930
2892
603
-1642
-3570
-5120
-6015
-6064
-5381
-4094
-2439
-766
245
977
1309
1370
1586
1728
2000
2008
1696
1187
303
-618
-1558
-2582
-3465
-4064
-4217
-3806
-2823
-1481
76
1302
2093
2399
2084
1558
727
-158
-820
-1336
-1358
-930
-122
1060
2066
2949
3599
3920
4215
4435
4748
5216
5635
6113
6426
6462
6176
5476
4154
1772
-1678
-5381
-9314
-12338
-13057
-12061
-8917
-4784
-803
3230
6114
8051
9300
9140
8346
6901
4826
3212
1970
1260
914
11
-1308
-3266
-5703
-7815
-9124
-9234
-8186
-6265
-3614
-387
2969
5862
8077
9073
8698
7178
4796
2497
572
-856
-1560
-2220
-2774
-3405
-4201
-4932
-5515
-5908
-5964
-5594
-4576
-2795
-405
2317
4757
6538
7099
6419
4932
2975
1040
-678
-1935
-2689
-3139
-3310
-3214
-3079
-2855
-2672
-2807
-2839
-2741
-2060
-860
648
2545
3793
4290
3937
2779
1264
-387
-1940
-3104
-3847
-3947
-3538
-2869
-1850
-950
-354
-44
-110
-254
-351
-426
-167
132
395
628
623
627
637
692
918
1220
1756
2338
2986
3800
4603
5319
5769
5966
5959
5795
5375
4898
4245
2960
882
-2138
-5327
-8702
-10933
-11114
-9923
-7073
-3791
-736
2368
4515
6221
7359
7445
7165
6209
4916
3893
3069
2467
1715
291
-1705
-4201
-6753
-8692
-9402
-8886
-7257
-4927
-2250
673
3225
5192
6578
6879
6383
5212
3684
2588
1731
1233
757
-163
-1412
-3086
-4851
-6294
-7169
-7295
-6707
-5476
-3651
-1466
791
2839
4236
4816
4473
3417
2118
964
247
41
150
36
-445
-1201
-2278
-3603
-4392
-4778
-4920
-4086
-2710
-1214
927
2702
3752
4220
3596
2476
965
-326
-1112
-1828
-1819
-1864
-2033
-1814
-1966
-1952
-1720
-1401
-912
-290
393
963
1298
1501
1405
926
531
269
24
383
806
1391
2287
2927
3730
4275
4784
5223
5382
5734
5913
5974
5826
5136
3614
822
-2434
-6012
-9311
-10696
-10645
-8908
-5910
-3127
-351
1779
3187
4300
4855
5326
5603
5397
5390
5263
4934
4183
2703
373
-2481
-5369
-7908
-9064
-8960
-7740
-5763
-3760
-1472
544
2007
3310
4040
4423
4549
4330
4452
4630
4502
4086
2904
963
-1431
-3836
-5833
-7003
-7321
-6813
-5853
-4641
-3114
-1724
-389
805
1701
2245
2478
2598
2729
2748
2716
2500
1856
639
-816
-2120
-3466
-4242
-4246
-4303
-3603
-2708
-1882
-625
249
1167
1616
1861
2150
1969
1967
1840
1368
811
-122
-1080
-1977
-2629
-2887
-2983
-2782
-2407
-1995
-1529
-1064
-644
-316
-106
92
241
478
782
1191
1588
1757
2022
2073
2077
2416
2637
3014
3527
4033
4491
5013
5496
5590
5548
4902
3912
2460
384
-1814
-4349
-6324
-7544
-7890
-6724
-5004
-2993
-1251
-41
952
1624
2507
3578
4653
5633
6151
6253
5633
4545
2828
662
-1524
-3786
-5491
-6481
-6640
-5916
-4916
-3873
-2898
-2145
-1424
-593
458
1793
3137
4230
4981
5254
5014
4256
3014
1474
-79
-1709
-2964
-3765
-4053
-3969
-3864
-3711
-3614
-3476
-3273
-2789
-1931
-973
-36
803
1272
1521
1529
1330
1176
795
139
-235
-723
-1068
-870
-878
-681
-354
-236
-4
-2
-35
-108
-491
-646
-874
-1115
-1012
-1091
-1104
-1028
-1145
-1033
-974
-810
-605
-454
-48
288
678
972
1020
1019
864
898
1016
1170
1342
1402
1363
1304
1571
1854
2514
3434
4266
5247
5888
6368
6410
5892
4566
2192
-734
-3676
-6142
-7088
-6635
-5406
-3821
-2938
-2637
-2515
-2199
-1111
665
2867
5121
6665
7458
7649
7033
5916
4341
2284
210
-1733
-3289
-4139
-4717
-5193
-5761
-6638
-7185
-7071
-6067
-4077
-1615
693
2564
3794
4412
4785
4944
5067
5007
4535
3875
2873
1574
204
-1307
-2995
-4590
-5891
-6557
-6465
-5729
-4604
-3594
-2890
-2493
-2306
-1933
-1115
97
1391
2405
2851
2558
1813
858
25
-356
-579
-535
-568
-469
-468
-565
-656
-978
-1141
-1244
-1246
-1087
-650
-407
-465
-701
-1198
-1616
-1847
-1724
-1229
-485
255
654
832
838
728
710
832
1110
1537
1948
2166
2223
2096
1506
1129
739
527
769
1278
2102
2974
3894
4618
4894
5051
4639
3452
1776
-214
-2056
-3429
-3732
-3503
-3169
-3122
-3736
-4516
-5006
-4578
-3167
-1123
1323
3387
4543
5198
5429
5478
5337
5171
4738
4000
3027
1743
473
-1091
-2810
-4550
-6080
-6875
-6919
-6203
-4952
-3780
-2872
-2311
-1696
-794
537
2324
4103
5384
5926
5710
4868
3756
2578
1616
590
-385
-1227
-2041
-2788
-3326
-3797
-4202
-4475
-4621
-4494
-4028
-3260
-2389
-1966
-1914
-1896
-2258
-1973
-1161
-226
1108
1715
1829
1559
1180
1039
1116
1645
2010
1988
1797
1031
71
-648
-1364
-1930
-2287
-2570
-2806
-2924
-2898
-2937
-2902
-2716
-2394
-1613
-630
674
1988
3202
4110
4598
4979
5134
5237
5108
4858
4380
3617
2969
2144
1777
1559
1172
1142
835
86
-1027
-2367
-3496
-4019
-3966
-2929
-1782
-1006
-830
-1451
-2064
-2236
-1837
-722
711
1791
2380
2385
2234
2402
2719
3321
4044
4322
4224
3587
2580
1436
132
-1070
-2218
-3120
-3670
-4056
-4223
-4316
-4504
-4750
-4610
-4113
-3060
-1540
35
1394
2316
2801
3055
3277
3684
4153
4425
4074
3236
2003
537
-717
-1667
-2334
-2949
-3469
-4005
-4455
-4609
-4374
-4096
-3741
-3342
-3082
-2580
-2050
-1380
-663
-152
213
399
678
965
1238
1536
1615
1470
1244
934
877
1015
1063
1022
688
104
-584
-1206
-1623
-1808
-1872
-1859
-2006
-2138
-2108
-1911
-1246
-414
550
1664
2540
3307
4184
4903
5727
6447
6932
7376
7374
6950
6171
5104
3576
1545
-707
-2708
-4337
-5374
-5602
-5743
-6029
-6655
-7484
-7515
-6603
-4771
-2341
-117
1492
2087
2074
2157
2620
3330
4327
4995
5012
4669
3790
2983
2402
1940
1766
1425
995
456
-368
-1251
-2250
-3087
-3672
-3899
-3996
-3910
-3823
-3915
-3875
-3727
-3133
-2208
-1160
-183
538
993
1268
1529
1991
2572
3109
3594
3581
3206
2530
1507
538
-295
-853
-1339
-1961
-2481
-3164
-3858
-4235
-4359
-4221
-3660
-3111
-2598
-2079
-1818
-1503
-1178
-751
-163
387
801
963
976
1075
1091
1293
1641
1807
1840
1659
1322
978
764
605
544
462
386
64
-156
-323
-507
-465
-328
5
380
982
1542
2253
3070
3815
4668
5334
5847
5863
5198
4018
2760
1691
831
495
87
-733
-2103
-3916
-5401
-6166
-6185
-5607
-5004
-4547
-4294
-4002
-3262
-2044
-519
987
2172
2627
2812
2836
3055
3518
3868
4078
3765
3183
2519
1641
1046
714
448
198
-144
-603
-1064
-1378
-1512
-1529
-1574
-1550
-1700
-2036
-2302
-2490
-2447
-2205
-1893
-1471
-1118
-957
-828
-751
-803
-792
-836
-640
-349
-37
452
582
611
558
393
339
159
72
-6
-261
-581
-932
-1052
-1029
-907
-747
-664
-815
-972
-1094
-1297
-1258
-1183
-1082
-970
-803
-631
-588
-452
-215
-77
256
504
826
1160
1465
1683
1941
2322
2608
3027
3398
3650
3744
3803
3800
3864
3960
3829
3698
3232
2560
1895
1208
856
450
71
-338
-1232
-2202
-3152
-3746
-3705
-3492
-3188
-3048
-3226
-3471
-3517
-3382
-2840
-2310
-1970
-1543
-1203
-626
242
1203
2161
2664
2771
2691
2370
2164
2326
2333
2404
2426
2174
1905
1472
1073
673
203
-257
-773
-1180
-1477
-1635
-1672
-1572
-1474
-1484
-1518
-1582
-1693
-1845
-1898
-1895
-1914
-1897
-1856
-1814
-1626
-1319
-992
-830
-741
-751
-900
-773
-503
-198
235
568
714
780
779
664
660
632
564
376
193
-1
-257
-338
-449
-501
-438
-452
-521
-540
-633
-705
-679
-593
-386
-174
-48
134
348
571
934
1341
1695
1997
2328
2702
3160
3756
4326
4772
4958
4744
4252
3820
3313
2858
2367
1550
567
-641
-1660
-2133
-2207
-2081
-2137
-2630
-3361
-4254
-4760
-4657
-4220
-3622
-3222
-2940
-2606
-2276
-1740
-1081
-580
-303
-276
-433
-338
-32
520
1217
1713
2074
2273
2297
2348
2342
2265
2098
1694
1308
1192
1198
1420
1655
1636
1409
799
67
-546
-973
-1220
-1424
-1698
-2065
-2566
-2853
-2943
-2862
-2578
-2296
-2204
-2212
-2175
-2025
-1802
-1433
-1142
-1060
-1008
-896
-666
-287
54
310
349
265
244
384
710
1086
1276
1339
1341
1233
1317
1418
1610
1709
1529
1231
825
520
374
416
555
698
715
645
553
491
662
1076
1606
2131
2717
3153
3507
3706
3337
3176
3110
2652
2631
2406
1781
1217
409
65
41
-188
-323
-952
-1870
-2430
-2934
-2969
-2750
-2880
-2887
-3001
-3160
-2815
-2475
-2141
-1909
-2027
-2050
-2025
-1718
-1068
-526
-16
334
375
377
390
361
464
348
325
323
256
499
766
984
1251
1254
1192
1222
1102
1190
1184
1070
994
676
381
29
-169
-205
-400
-518
-728
-1228
-1610
-1898
-2108
-2074
-2214
-2259
-2470
-2552
-2228
-1963
-1482
-1041
-921
-914
-1000
-1050
-936
-850
-708
-565
-373
-42
170
453
622
619
682
793
989
1337
1664
1816
1961
1927
1963
1983
1957
1845
1585
1358
1158
1049
1194
1429
1736
2208
2439
2778
3050
3180
3351
3005
2688
2787
2639
2779
3051
2550
1877
899
-119
-349
-661
-854
-1121
-1899
-2206
-2426
-2410
-1902
-1922
-2114
-2295
-2621
-2408
-1986
-1545
-1168
-1149
-1245
-1446
-1712
-1570
-1398
-1330
-1173
-1226
-1226
-1027
-794
-436
-150
-21
197
194
345
715
769
835
719
422
410
395
572
698
638
651
608
516
634
680
617
548
287
18
-234
-622
-917
-1147
-1481
-1806
-2220
-2483
-2454
-2458
-2293
-2132
-2086
-1907
-1718
-1346
-861
-526
-207
-91
79
387
500
685
553
177
-175
-573
-575
-395
-218
1
5
73
278
678
1352
2009
2561
2901
2987
2940
2917
2878
2875
2742
2574
2463
2436
2538
2752
2891
3003
2587
2086
2070
1830
1932
2321
2124
1754
1272
540
514
304
32
-245
-1098
-1660
-2104
-2373
-2201
-2353
-2612
-2694
-3029
-2883
-2467
-2133
-1549
-1326
-1115
-1006
-1132
-875
-615
-531
-388
-566
-757
-775
-803
-690
-651
-699
-768
-938
-880
-482
-191
85
256
265
297
275
426
736
865
950
919
759
685
435
322
208
-101
-282
-503
-835
-803
-753
-845
-946
-1174
-1414
-1628
-1788
-1869
-1972
-2025
-2076
-2022
-1699
-1421
-1217
-1011
-939
-912
-765
-574
-355
-132
-19
75
233
403
551
638
736
651
582
538
591
730
857
867
1018
1182
1441
1918
2347
2832
3090
3252
3392
3545
3707
3818
3875
3723
3572
2838
2363
2187
1740
1721
1791
1414
1013
523
-14
147
122
136
60
-515
-772
-990
-1107
-998
-1268
-1563
-1779
-2276
-2302
-2248
-2303
-2078
-2145
-2102
-2078
-1893
-1367
-947
-628
-382
-468
-522
-411
-272
39
-32
-235
-572
-999
-1052
-905
-799
-656
-703
-725
-549
-288
63
413
620
729
832
873
936
881
1006
879
706
499
154
-186
-434
-706
-987
-1297
-1641
-1892
-1992
-2024
-1999
-1955
-1942
-2090
-1975
-1824
-1856
-1611
-1542
-1557
-1337
-1112
-834
-416
14
493
742
1032
1179
1286
1537
1549
1714
1790
1723
1671
1532
1311
1155
1087
1092
1044
1135
1316
1314
1428
1739
2063
2613
3130
3614
4117
4397
4566
4320
4177
3768
3152
2698
2068
1319
690
-42
-657
-719
-1175
-1354
-1621
-2188
-2127
-2123
-2078
-1706
-1564
-1472
-1197
-1123
-786
-745
-824
-694
-1018
-1243
-1490
-1852
-1783
-1872
-1925
-1769
-1804
-1591
-1327
-1106
-803
-813
-747
-674
-596
-279
-67
-44
35
8
-11
74
24
50
-58
-145
-168
-191
-105
-4
59
70
-39
-205
-389
-602
-710
-789
-952
-975
-1199
-1393
-1428
-1644
-1668
-1692
-1817
-1847
-1864
-1928
-1814
-1684
-1545
-1298
-1069
-848
-707
-520
-322
-157
166
474
752
1184
1423
1695
1953
2171
2467
2624
2770
2808
2658
2528
2291
2022
1851
1656
1611
1508
1519
1710
1877
2029
2173
2167
2265
2284
2353
2626
2794
2937
2974
2690
2420
1936
1273
959
385
-219
-763
-1441
-1809
-2124
-2332
-2301
-2433
-2456
-2409
-2445
-2273
-2034
-1781
-1352
-1037
-717
-406
-269
-70
-73
-187
-347
-712
-996
-1218
-1465
-1577
-1735
-1806
-1688
-1594
-1422
-1289
-1127
-938
-779
-469
-184
81
352
529
607
577
456
304
105
-87
-306
-536
-821
-1010
-1139
-1363
-1421
-1451
-1526
-1588
-1615
-1706
-1638
-1572
-1462
-1285
-1166
-1017
-907
-768
-707
-629
-635
-599
-552
-524
-509
-534
-451
-417
-160
104
374
721
898
1114
1359
1677
1985
2235
2431
2709
2784
2842
3041
3083
3101
3187
3087
2832
2588
2311
2134
1943
1795
1628
1383
1312
1170
1237
1419
1232
1116
950
501
501
549
498
652
424
118
2
-443
-658
-884
-1401
-1570
-1846
-1993
-1840
-1882
-1728
-1652
-1707
-1584
-1578
-1404
-1043
-810
-457
-215
-134
50
173
164
59
-145
-311
-476
-549
-642
-864
-1057
-1317
-1561
-1610
-1586
-1489
-1354
-1215
-1006
-856
-620
-383
-221
-157
-126
-124
-111
-162
-190
-257
-532
-790
-999
-1136
-1191
-1244
-1239
-1257
-1268
-1303
-1359
-1331
-1182
-969
-861
-620
-520
-602
-455
-373
-343
-136
-34
-54
284
415
429
605
674
653
781
947
959
1093
1229
1348
1587
1675
1818
1906
1826
2138
2151
2247
2490
2457
2624
2687
2582
2650
2444
2099
1920
1581
1407
1212
910
544
94
-229
-318
-429
-403
-481
-744
-795
-863
-767
-595
-588
-637
-698
-888
-916
-976
-1020
-999
-1028
-1034
-1148
-1249
-1344
-1400
-1362
-1302
-1259
-1196
-1098
-922
-712
-571
-539
-588
-566
-483
-426
-399
-383
-423
-443
-477
-564
-614
-761
-821
-971
-1109
-1148
-1276
-1288
-1212
-1049
-833
-629
-514
-365
-268
-253
-137
-48
-75
72
68
49
9
-156
-284
-392
-620
-736
-865
-940
-790
-888
-699
-536
-528
-175
-61
-31
406
390
665
816
792
878
765
782
866
783
733
655
467
530
596
582
673
730
688
992
1054
1375
1749
1839
2094
2276
2279
2476
2388
2331
2294
1985
1690
1404
1129
867
708
493
193
-100
-375
-686
-811
-908
-911
-864
-799
-703
-696
-685
-602
-555
-518
-463
-492
-526
-503
-501
-508
-532
-618
-727
-856
-1029
-1159
-1233
-1284
-1333
-1385
-1362
-1399
-1364
-1191
-1139
-1181
-1150
-1171
-1014
-798
-635
-482
-450
-323
-299
-127
-12
-48
6
-137
-337
-327
-579
-571
-461
-571
-433
-437
-602
-542
-564
-530
-510
-372
-176
-217
-48
-95
-74
-53
-121
-115
-146
-242
-281
-365
-309
-322
-340
-281
-411
-228
-178
67
283
394
600
668
732
720
784
720
734
695
667
680
734
780
660
728
753
643
619
797
841
1082
1361
1465
1735
1769
1810
1838
1787
1800
1707
1594
1546
1352
1116
938
673
443
217
57
-200
-414
-468
-510
-437
-230
-110
-56
-83
-158
-221
-210
-172
-36
24
-53
-140
-289
-319
-421
-529
-691
-842
-1045
-1256
-1271
-1304
-1303
-1301
-1452
-1600
-1514
-1487
-1362
-1244
-1200
-1070
-1038
-772
-631
-506
-280
-559
-515
-434
-529
-203
-51
-44
91
68
-169
-48
-15
-317
-268
-428
-687
-554
-616
-587
-569
-441
-570
-544
-488
-752
-394
-430
-528
-58
-401
-334
-261
-426
-375
-428
-546
-606
-566
-486
-400
-208
-88
-193
131
-67
116
392
234
618
635
608
828
612
899
912
745
911
576
481
641
479
638
867
637
933
916
883
1062
1020
955
1028
911
922
1024
1040
1017
863
786
430
322
262
253
298
294
220
213
346
372
475
693
683
673
814
731
806
910
776
623
472
-11
-193
-277
-653
-646
-673
-1051
-1035
-935
-1190
-1006
-1078
-1204
-1094
-959
-1055
-773
-615
-763
-553
-585
-474
-336
-410
-377
-362
-457
-356
-307
-254
-173
-245
-188
-289
-280
-470
-488
-537
-648
-512
-871
-891
-908
-1206
-965
-912
-964
-678
-777
-570
-438
-339
-216
-265
-134
-199
-285
-279
-441
-431
-650
-562
-489
-762
-368
-432
-337
84
-129
-79
76
39
303
666
746
864
939
898
901
794
924
709
632
726
374
471
572
402
443
364
326
161
316
339
456
664
458
611
607
387
490
457
282
420
372
246
471
438
444
687
669
607
733
758
633
869
786
748
1023
702
797
823
314
495
107
-117
13
-261
-349
-333
-571
-481
-425
-520
-259
-360
-330
-131
-179
-133
45
-55
-15
166
-47
-80
174
-333
-58
-57
-539
-81
-433
-466
-267
-469
-471
-541
-556
-602
-562
-614
-683
-728
-1019
-1135
-1110
-1389
-1351
-1088
-1349
-886
-650
-978
-321
-456
-537
22
-355
-190
-27
-191
-27
121
68
5
131
-237
-108
-3
-347
-160
-258
-348
-156
67
-79
328
537
429
704
806
640
762
870
576
651
582
124
295
216
-206
96
-174
-292
-169
-27
-208
-14
196
-256
422
375
214
924
660
648
967
502
521
804
392
491
780
421
369
681
401
306
856
272
424
704
173
536
467
53
257
74
-182
-151
-254
-369
-398
-521
-582
-391
-476
-189
-305
-63
57
-141
455
153
224
605
258
493
510
335
398
270
194
148
74
-69
-155
-149
-142
-261
-198
-396
-449
-303
-521
-297
-457
-542
-506
-754
-696
-931
-890
-691
-639
-478
-239
-188
-231
147
17
83
414
212
384
552
326
498
623
145
391
286
-259
215
-181
-293
126
-304
-156
-16
-46
180
273
420
375
418
457
420
526
495
319
375
230
-69
153
-214
-13
12
-312
247
-81
97
398
115
640
637
664
929
857
815
1037
761
928
935
438
870
213
314
416
-145
253
-1
-268
112
-257
-44
62
-292
118
-191
-259
-21
-338
-96
-94
-438
-20
-356
-382
-181
-311
-147
-20
57
97
352
249
416
519
417
410
407
271
272
173
244
143
-84
-73
-265
-310
-432
-425
-594
-702
-645
-659
-729
-540
-645
-655
-560
-580
-609
-452
-363
-408
-233
-124
-158
199
157
265
436
226
597
495
527
714
569
489
548
177
277
254
114
81
-18
-77
-356
-101
-212
-284
113
-138
-84
205
159
440
613
708
607
674
608
486
603
565
581
391
411
223
165
189
292
167
363
423
172
665
453
635
957
653
857
810
534
776
475
382
535
126
66
-72
-321
-368
-438
-534
-518
-554
-548
-601
-419
-494
-430
-40
-439
51
48
-134
236
-39
-26
-55
-45
-184
-27
-18
38
-15
179
58
97
276
10
107
138
108
154
-6
-48
-108
-402
-203
-453
-522
-505
-723
-865
-845
-842
-853
-653
-611
-549
-534
-277
-378
-127
71
-77
445
351
324
645
474
495
755
519
617
592
337
385
454
-28
345
-38
-279
77
-398
-84
-55
-273
-148
-71
-149
-96
44
-129
175
281
197
538
516
561
595
728
577
528
773
351
457
631
158
531
519
121
618
407
217
635
343
313
697
367
630
867
561
687
680
408
387
361
132
13
-19
-167
-227
-259
-329
-304
-486
-305
-471
-279
-141
-437
42
-221
-16
143
-41
188
177
42
216
118
49
254
-22
180
-58
133
67
-221
108
-251
-247
21
-407
-168
-38
-594
-43
-362
-453
-57
-684
-381
-479
-641
-431
-578
-570
-501
-609
-514
-456
-269
-303
3
-141
129
179
64
503
285
369
510
284
301
561
170
314
285
-150
-91
-144
-419
-321
-110
-529
-444
-52
-732
-206
-106
-531
35
-119
-310
180
55
10
478
172
185
511
191
320
615
189
502
463
111
558
324
260
489
397
324
439
240
298
363
226
523
132
619
293
379
690
107
291
185
-150
110
-56
-198
63
-559
-311
-478
-697
-406
-493
-536
-125
-371
-305
176
-147
204
281
270
210
441
175
309
405
189
230
288
-116
53
1
-408
-103
-356
-525
-260
-539
-487
-87
-509
-175
-106
-480
-111
-360
-292
-168
-265
-201
-235
-164
-238
-147
-56
-136
-71
62
-175
214
192
112
445
144
189
227
33
125
154
-200
138
-235
-238
30
-346
-77
-151
-477
-324
-284
-608
-192
-288
-287
34
-20
62
163
60
117
118
23
377
63
293
282
99
281
185
58
144
-34
18
172
-59
67
-2
107
112
50
214
69
136
272
122
497
416
106
614
57
15
400
-380
-66
-202
-607
-328
-394
-756
-434
-573
-715
-500
-530
-412
-345
-201
-169
-84
102
62
230
445
120
395
385
178
435
327
151
534
65
209
177
-127
155
-59
-55
-88
-160
-152
-142
-194
-77
-116
-53
-105
-164
-12
-90
26
40
54
43
86
-59
38
64
-23
239
123
136
217
186
117
320
25
216
0
-33
121
-35
-3
-74
-138
-264
-296
-166
-388
-266
-262
-481
-75
-315
-185
-121
-175
-64
78
-37
208
-9
202
138
76
367
27
254
33
-149
96
-122
-13
122
-161
165
62
-107
77
-35
-177
148
-215
-4
-228
-109
-247
-277
-188
-405
-321
-375
-339
-413
-143
-384
-253
-365
-377
-374
-305
-375
-312
-301
-414
-271
-256
-297
-128
-217
-63
-30
10
107
-116
211
-49
121
268
25
268
253
-30
267
57
-28
278
-195
109
-17
-230
-56
-215
-174
-148
-104
-148
27
-151
22
-17
80
234
118
411
117
345
256
174
331
301
97
352
376
41
562
151
271
326
49
170
171
32
121
1
15
-75
-65
-104
-100
30
-125
-25
-127
-85
-128
128
-7
6
171
-135
244
197
101
288
33
216
82
139
217
113
116
25
-45
-76
-127
-98
-145
-194
31
-176
95
-36
-249
-1
-234
-211
17
-338
-219
-142
-448
-154
-454
-397
-347
-492
-336
-457
-431
-336
-458
-284
-309
-244
-178
-56
-39
13
111
168
104
271
101
78
316
-3
229
101
90
131
115
194
-1
202
-103
-4
-18
-197
-40
-141
-194
-27
-117
-229
-79
-271
-149
-29
-143
176
-12
106
179
161
304
255
395
294
511
331
391
342
64
157
65
-20
218
-41
104
63
-89
173
-51
48
41
-3
-72
-68
-194
-214
-206
-113
-296
-204
-193
-376
-59
-138
-55
54
11
117
200
224
368
274
312
303
306
224
205
104
52
40
-34
-123
-184
-247
-362
-395
-432
-514
-474
-256
-456
-232
-105
-432
-170
-146
-346
-34
-118
-213
-109
-271
-306
-232
-400
-304
-263
-290
-240
-216
-265
-74
-95
-53
239
43
173
177
32
119
206
40
143
-23
-120
-32
-234
-233
-330
-135
-355
-45
-167
-275
23
-136
-133
186
-137
26
164
-126
293
-36
80
231
13
171
188
121
229
174
90
180
320
138
246
345
36
263
363
19
364
-13
-1
138
-19
-54
100
-27
-42
156
-122
-12
-131
-209
-336
-156
-444
-241
-190
-459
-41
-267
-231
15
-217
-130
21
-144
-25
58
-8
176
120
147
65
-98
-123
-289
-180
-371
-389
-412
-624
-590
-643
-843
-668
-850
-738
-550
-656
-452
-376
-557
-342
-347
-312
-183
-186
-71
-279
34
-266
-167
-36
-334
-156
-171
-269
-204
-66
-376
-5
-73
-45
92
132
98
80
410
-14
354
261
-91
297
-96
-45
87
-263
-163
-127
-257
-172
2
-261
-83
-54
-87
119
32
87
85
209
324
283
400
359
451
343
433
406
210
450
229
195
242
203
81
180
62
0
212
-75
69
36
-107
-150
-47
-213
-257
130
-303
18
87
-234
92
10
-231
86
-62
-191
46
-167
52
-27
38
18
-30
110
-31
62
3
-132
-97
-169
-194
-236
-321
-485
-485
-625
-582
-679
-731
-572
-795
-589
-542
-736
-563
-488
-575
-376
-249
-401
-109
-181
-109
8
90
-15
-3
311
-44
260
160
74
140
101
-45
8
66
-206
183
34
29
259
13
249
294
239
271
353
216
242
325
190
306
198
132
-113
36
-202
-189
57
-166
17
80
163
76
270
-1
176
219
250
375
345
462
410
542
456
642
393
619
413
391
541
246
499
317
174
298
122
5
155
-56
-54
153
-179
43
-40
-88
120
151
173
15
168
-67
-13
119
-16
-12
122
-81
-128
100
-176
-171
-7
-348
-222
-220
-338
-463
-152
-454
-364
-278
-657
-497
-604
-618
-766
-426
-814
-656
-694
-763
-713
-681
-792
-685
-526
-701
-533
-482
-620
-416
-278
-424
-128
-245
-155
-73
43
-79
190
117
-58
141
-32
-171
28
-61
-73
49
-76
-21
1
-87
-26
64
-16
119
27
10
144
140
119
157
130
-11
115
-22
-81
-5
-185
12
-284
72
-40
-197
155
-29
-69
99
13
123
332
151
448
309
348
288
385
393
279
476
254
212
438
216
262
464
38
180
407
-134
195
75
-127
165
82
106
142
148
175
268
87
322
-38
80
146
-96
262
-30
-25
-37
-138
-63
-189
-174
-233
-324
-409
-261
-299
-407
-245
-441
-272
-296
-263
-312
-244
-122
-469
-98
-319
-470
-187
-333
-512
-209
-360
-637
28
-631
-376
-60
-561
-233
-43
-170
103
157
-34
292
337
162
346
461
40
370
253
78
273
133
94
138
286
40
213
81
92
245
155
364
27
253
238
154
358
197
124
119
111
11
387
82
144
292
68
331
260
384
208
317
393
164
491
369
228
491
297
336
343
167
296
238
251
341
257
231
191
103
404
329
54
323
41
-88
102
31
47
10
-81
1
-43
-20
-130
-1
-101
-157
-48
-129
-94
-73
4
-29
40
-315
-14
-213
-456
-114
-359
-240
-301
-223
-409
-207
-320
-268
-14
-297
-241
-75
-208
-333
-9
-298
-195
-275
-401
-180
-179
-186
-267
-172
-186
-206
36
44
-4
22
245
291
350
314
387
421
479
576
417
465
285
214
317
335
82
204
150
-93
253
85
104
156
83
188
283
278
263
339
269
346
341
308
199
212
284
395
466
243
337
308
301
458
422
294
338
354
210
485
387
281
501
199
253
356
151
171
288
167
136
269
85
77
227
194
119
283
124
-1
121
69
20
141
-16
-221
-110
-320
-308
-188
-363
-293
-217
-319
-364
-217
-381
-334
-106
-311
-324
-205
-446
-332
-134
-354
-241
-321
-484
-402
-368
-346
-286
-281
-322
-325
-464
-432
-262
-323
-135
-169
-321
-220
-268
-291
107
-10
-204
-73
-295
-253
18
97
77
248
49
22
242
43
199
327
223
183
227
-43
-47
82
-55
228
195
-90
-21
-133
-193
218
273
209
193
26
32
281
371
297
368
210
152
330
259
322
389
376
500
496
456
325
307
445
353
467
369
109
223
246
266
401
185
109
74
76
158
357
336
264
332
175
206
189
211
199
246
261
136
196
32
-116
87
-54
-63
-120
-255
-343
-389
-288
-369
-320
-417
-451
-355
-404
-386
-319
-384
-367
-270
-371
-334
-282
-444
-310
-329
-385
-306
-396
-439
-415
-374
-527
-471
-451
-373
-208
-242
-209
-275
-228
-242
-165
65
-4
50
70
31
81
67
-25
101
149
32
137
28
6
41
28
59
-5
-48
-96
-112
-69
-75
-10
-20
-110
-82
-120
-68
-50
-33
163
125
156
288
226
211
339
310
321
431
336
416
483
485
524
522
484
393
440
394
468
494
381
430
370
375
394
334
283
243
250
193
211
198
157
224
230
240
288
274
229
252
117
86
131
85
84
43
-46
-141
-130
-261
-340
-310
-384
-432
-387
-532
-550
-543
-579
-472
-458
-455
-483
-437
-438
-402
-318
-358
-415
-424
-451
-426
-399
-515
-586
-579
-616
-603
-540
-597
-552
-471
-496
-342
-293
-261
-162
-107
-100
-56
-83
-92
4
79
145
166
117
101
76
112
132
185
135
95
108
132
276
412
477
446
429
482
570
637
758
820
910
1030
1095
1045
1000
1065
994
1039
1113
1037
1004
989
957
1051
902
881
917
792
825
756
621
542
499
357
314
203
63
-50
-177
-303
-450
-590
-852
-957
-1038
-1113
-1207
-1311
-1367
-1391
-1334
-1319
-1278
-1270
-1317
-1264
-1226
-1140
-1074
-1085
-1056
-1035
-995
-965
-956
-989
-954
-895
-890
-846
-856
-769
-639
-591
-395
-418
-379
-290
-176
-80
22
39
62
188
360
520
574
641
740
788
932
1062
1070
1204
1291
1529
1703
1932
2223
2505
2740
2993
3198
3264
3273
3063
2946
2884
2766
2563
2248
1826
1344
863
529
196
-289
-631
-1141
-1543
-1775
-2045
-2142
-2318
-2429
-2478
-2584
-2591
-2405
-2301
-2045
-1875
-1794
-1519
-1384
-1126
-779
-557
-434
-308
-165
-11
181
368
433
448
476
482
523
579
515
474
376
291
255
170
78
-90
-230
-398
-546
-655
-812
-1062
-1210
-1300
-1474
-1531
-1538
-1621
-1605
-1561
-1480
-1395
-1242
-1135
-980
-797
-601
-373
-198
62
238
415
714
895
1116
1355
1502
1652
1842
1962
2099
2202
2367
2532
2720
2922
3180
3470
3619
3790
3729
3469
3129
2823
2629
2475
2341
1946
1298
544
-88
-398
-568
-907
-1336
-1981
-2484
-2647
-2683
-2597
-2718
-2871
-3044
-2990
-2767
-2511
-2204
-2019
-1828
-1654
-1428
-1149
-766
-414
-201
-35
96
143
366
607
735
974
956
898
919
873
1002
1021
830
636
430
240
230
202
119
-144
-386
-587
-795
-792
-978
-1172
-1363
-1488
-1491
-1520
-1458
-1520
-1524
-1465
-1305
-1079
-933
-727
-524
-323
-151
108
362
613
792
982
1133
1281
1504
1606
1730
1825
1895
1930
2001
2054
2070
2198
2294
2429
2643
2795
3080
3308
3532
3584
3263
2793
2634
2340
2276
2253
1764
1178
369
-232
-475
-708
-981
-1425
-2158
-2590
-2830
-2880
-2724
-2914
-3125
-3248
-3334
-3086
-2755
-2471
-2286
-2249
-2106
-1802
-1484
-1062
-713
-511
-349
-232
-39
212
454
718
797
677
700
725
812
992
914
746
434
238
160
109
133
-34
-448
-674
-827
-935
-999
-1154
-1348
-1561
-1584
-1489
-1419
-1397
-1440
-1429
-1308
-1123
-807
-692
-495
-380
-247
47
274
574
758
961
1143
1337
1535
1692
1837
1943
2044
1976
1956
1985
1945
2034
2095
2163
2211
2297
2417
2702
2960
3198
3424
3353
3068
2744
2595
2348
2287
2131
1772
1241
539
93
-183
-408
-680
-1126
-1718
-2087
-2223
-2171
-2149
-2315
-2522
-2647
-2624
-2395
-2165
-2033
-1885
-1874
-1730
-1436
-1145
-822
-649
-588
-526
-488
-248
-6
172
274
200
120
133
236
397
429
337
65
-173
-305
-282
-241
-390
-561
-871
-1062
-1078
-1101
-1071
-1245
-1417
-1517
-1604
-1430
-1364
-1392
-1463
-1440
-1329
-1219
-963
-794
-733
-661
-476
-250
-19
206
431
592
705
915
1063
1252
1424
1542
1430
1505
1596
1661
1785
1804
1845
1770
1842
1808
1941
2063
2186
2415
2568
2832
2900
2890
2753
2592
2312
2181
2201
2013
1707
1200
580
283
58
-111
-297
-788
-1222
-1536
-1748
-1714
-1789
-1944
-2059
-2243
-2118
-1929
-1829
-1669
-1624
-1559
-1401
-1174
-891
-656
-567
-522
-423
-234
15
164
189
122
74
109
200
287
229
147
32
-160
-186
-151
-190
-379
-628
-790
-871
-885
-890
-955
-1065
-1254
-1282
-1184
-1095
-989
-1000
-1088
-1110
-1118
-954
-764
-725
-688
-671
-534
-345
-76
97
157
138
221
406
598
755
839
850
783
742
920
1006
1018
1063
924
949
997
1058
1226
1310
1348
1444
1638
1912
2163
2382
2478
2440
2325
2269
2205
2179
2182
2074
1773
1426
1098
920
717
513
169
-251
-563
-737
-815
-966
-1055
-1302
-1468
-1567
-1491
-1433
-1416
-1391
-1531
-1539
-1379
-1173
-965
-859
-932
-1019
-966
-794
-597
-417
-415
-437
-438
-461
-343
-231
-189
-255
-319
-385
-351
-266
-291
-339
-425
-459
-480
-475
-435
-435
-534
-689
-723
-805
-757
-694
-676
-714
-802
-742
-719
-575
-467
-445
-432
-353
-242
-128
-16
81
87
82
176
268
334
379
420
467
515
573
678
759
801
864
922
997
1107
1094
1169
1229
1274
1340
1456
1603
1613
1754
1942
2067
2098
2043
1959
1762
1674
1564
1513
1435
1270
1007
700
515
357
229
-20
-234
-512
-654
-751
-819
-977
-1190
-1373
-1440
-1427
-1396
-1330
-1371
-1443
-1458
-1353
-1183
-1044
-966
-914
-931
-813
-653
-525
-340
-314
-300
-321
-316
-224
-143
-116
-175
-236
-332
-279
-201
-186
-236
-333
-443
-430
-394
-349
-406
-504
-557
-624
-559
-528
-505
-606
-701
-677
-644
-549
-484
-528
-605
-622
-571
-439
-400
-377
-408
-510
-427
-324
-180
-77
-54
-25
18
183
338
454
461
566
583
709
909
1021
1082
1058
1086
1073
1141
1172
1185
1195
1193
1242
1291
1362
1394
1455
1460
1436
1384
1223
1230
1261
1221
1138
927
759
627
534
411
227
39
-129
-257
-423
-478
-519
-602
-653
-698
-644
-620
-620
-641
-655
-684
-637
-525
-474
-440
-404
-419
-411
-423
-430
-411
-411
-434
-473
-447
-441
-405
-436
-406
-398
-424
-378
-335
-339
-296
-272
-271
-283
-303
-258
-287
-289
-298
-282
-288
-262
-239
-297
-269
-306
-297
-217
-150
-124
-134
-109
-71
-56
-50
38
18
-6
30
18
47
58
55
51
29
1
42
52
97
86
-22
-18
32
145
185
172
181
209
204
231
333
357
438
434
456
534
665
739
818
848
849
880
929
966
942
1007
966
959
869
885
910
857
746
666
562
427
344
262
219
64
-29
-169
-272
-348
-443
-486
-557
-665
-727
-739
-812
-824
-817
-804
-847
-815
-733
-708
-684
-657
-657
-617
-623
-598
-605
-626
-627
-612
-588
-572
-472
-450
-412
-380
-264
-193
-170
-105
-78
-22
54
95
122
205
160
213
223
237
211
152
184
165
131
37
-9
-59
-30
28
4
-8
-48
-83
-47
-31
31
38
10
-33
-33
53
108
167
170
116
76
118
181
209
225
229
203
205
255
340
352
390
460
484
486
531
542
536
549
534
492
485
490
495
493
427
362
280
281
200
192
65
16
-43
-106
-160
-251
-319
-385
-389
-398
-436
-484
-481
-578
-612
-610
-606
-569
-542
-559
-601
-558
-533
-513
-511
-550
-482
-479
-451
-385
-318
-289
-242
-180
-130
-33
20
59
89
114
208
221
236
250
293
294
258
310
304
274
259
274
204
206
197
142
134
115
79
33
8
-3
-7
-21
-62
-106
-151
-181
-132
-124
-142
-184
-189
-181
-148
-140
-102
-91
-73
-38
-51
63
174
192
191
220
255
340
344
381
401
340
297
280
306
313
270
241
199
132
121
166
167
116
83
19
-2
68
27
-18
-26
-76
-90
-132
-128
-127
-187
-183
-183
-183
-169
-155
-145
-171
-169
-181
-149
-175
-123
-57
-68
-49
-27
9
52
66
61
40
55
70
143
166
150
186
180
204
223
276
269
281
184
246
366
328
340
316
313
254
222
260
213
152
79
15
-3
-45
-92
-129
-151
-260
-303
-343
-362
-352
-387
-433
-493
-489
-529
-488
-426
-402
-421
-430
-447
-358
-313
-319
-280
-340
-321
-281
-247
-237
-191
-199
-219
-198
-181
-166
-176
-163
-206
-179
-193
-145
-66
-81
-69
-53
12
17
2
8
-9
-13
15
21
32
-33
-3
25
30
54
68
34
42
71
51
130
166
188
189
125
130
172
192
144
149
166
128
135
161
187
186
204
189
219
230
250
258
283
261
263
261
270
331
325
372
310
286
297
324
330
294
253
197
127
70
129
125
70
8
-68
-112
-136
-129
-150
-193
-254
-299
-311
-348
-324
-350
-405
-426
-478
-433
-422
-403
-403
-458
-431
-436
-372
-303
-288
-266
-210
-206
-234
-175
-144
-103
-77
-83
-42
-102
-55
2
1
-40
-71
-21
-50
11
26
-6
-58
-52
-4
-25
3
-22
-48
-49
-47
42
17
80
26
23
-7
-14
23
48
52
45
34
10
21
26
11
-32
-24
-18
-9
17
19
60
105
102
143
154
227
239
266
308
290
251
312
300
305
255
224
226
201
207
199
204
177
162
82
66
95
82
35
-27
-50
-122
-121
-124
-158
-147
-157
-172
-183
-195
-180
-159
-183
-220
-258
-257
-163
-164
-146
-177
-206
-212
-183
-160
-177
-132
-178
-166
-160
-135
-141
-118
-141
-162
-140
-181
-158
-155
-77
-42
-86
-78
-120
-176
-131
-74
-81
-104
-128
-72
-103
-75
-78
-105
-156
-210
-160
-163
-181
-198
-217
-235
-232
-202
-190
-248
-216
-223
-221
-201
-182
-161
-167
-128
-102
-38
-11
35
68
108
160
205
238
256
310
366
383
393
421
436
499
510
565
528
484
484
484
466
456
421
341
295
188
197
178
123
64
-3
-77
-82
-107
-113
-130
-180
-194
-243
-250
-209
-181
-158
-165
-197
-248
-184
-208
-203
-159
-207
-229
-235
-225
-215
-164
-175
-252
-261
-274
-243
-259
-240
-274
-325
-322
-315
-244
-253
-279
-226
-251
-173
-109
-95
-77
-88
-63
-80
-54
-16
-3
25
-9
-46
-51
-16
-23
-44
16
-34
-67
-65
-39
-47
-41
-90
-154
-159
-98
-73
-74
-75
-63
-83
-72
-60
-69
-68
-69
-63
-64
2
-19
19
17
25
61
15
74
96
141
154
182
228
162
198
257
268
267
279
248
202
185
196
199
178
184
140
100
51
37
78
22
-43
-114
-96
-119
-122
-169
-209
-249
-300
-284
-309
-300
-359
-367
-343
-370
-364
-381
-375
-361
-468
-520
-500
-521
-392
-215
-39
68
58
93
-29
-85
-127
-148
-117
-26
93
184
187
112
61
-31
-90
-72
-51
-66
19
20
-7
-83
-190
-287
-324
-342
-293
-196
-235
-184
-199
-277
-287
-319
-337
-327
-253
-242
-212
-173
-208
-218
-212
-266
-265
-216
-122
-23
15
57
66
38
75
125
207
344
347
384
371
336
383
358
317
198
180
225
231
267
294
277
207
178
103
93
99
100
138
173
185
102
107
74
37
15
32
11
8
88
52
44
64
-3
-17
-9
-32
-45
-80
-103
-71
-33
-79
-97
-121
-248
-229
-281
-214
-65
141
209
236
209
-111
-380
-588
-754
-705
-373
46
387
572
598
358
15
-276
-409
-457
-333
-33
173
310
296
121
-170
-412
-550
-581
-473
-270
-30
56
-32
-207
-477
-632
-698
-693
-556
-413
-293
-214
-167
-232
-295
-408
-453
-430
-351
-222
-122
-56
-45
-59
-139
-186
-178
-63
33
104
139
192
194
128
102
58
18
67
173
269
342
309
269
107
-10
-41
-44
-10
21
49
41
35
-12
-54
-138
-154
-150
-88
-12
28
71
9
57
9
-153
-300
-337
-394
-294
-110
124
247
350
402
325
231
29
-7
-71
5
153
213
215
134
83
-19
-114
-106
-90
-68
-19
39
99
86
78
-49
-155
-211
-295
-258
-251
-156
-173
-200
-163
-282
-323
-388
-388
-351
-355
-239
-188
-139
-102
-144
-227
-279
-279
-267
-209
-268
-347
-436
-539
-522
-380
-234
-38
169
276
361
325
254
178
99
35
213
386
513
577
566
426
294
193
9
-80
-122
-111
-64
-105
-119
-201
-345
-422
-476
-484
-446
-324
-204
-133
-107
-56
-22
-91
-136
-174
-200
-136
-78
4
75
53
57
13
-26
-44
-79
-29
-36
20
86
112
171
158
127
109
133
135
206
252
261
296
325
323
293
239
186
162
117
73
101
104
87
53
-8
-83
-176
-160
-202
-182
-216
-238
-180
-189
-235
-280
-272
-322
-295
-211
-151
-135
-143
-82
-128
-123
-105
-112
-71
-70
-75
-11
-13
-36
13
43
33
63
72
117
140
152
149
50
55
10
-58
-26
-56
-44
-82
-109
-105
-137
-148
-161
-220
-213
-211
-213
-162
-152
-137
-122
-164
-233
-274
-275
-291
-268
-249
-215
-219
-204
-129
-150
-138
-104
-49
-55
0
27
51
127
145
135
197
203
210
214
275
292
293
383
404
398
390
428
349
323
370
332
347
343
326
273
199
114
-2
-23
-54
-33
5
5
-26
-54
-92
-167
-196
-269
-265
-221
-176
-160
-174
-135
-221
-203
-203
-203
-155
-142
-125
-144
-161
-134
-87
-99
-78
-21
-35
2
21
7
-79
-152
-167
-175
-192
-156
-200
-284
-280
-311
-299
-339
-276
-251
-247
-216
-222
-286
-331
-329
-354
-333
-331
-357
-375
-438
-474
-542
-558
-515
-563
-492
-457
-369
-323
-275
-239
-193
-18
-12
132
158
254
324
319
340
363
367
321
299
297
340
322
272
230
170
118
135
126
84
140
103
94
96
53
89
84
136
171
228
257
335
339
318
295
299
355
350
386
363
323
304
271
149
110
72
-16
-69
-50
-123
-137
-111
-189
-238
-299
-364
-382
-398
-340
-298
-277
-262
-238
-197
-197
-199
-212
-199
-219
-158
-103
-83
-25
-75
-104
-27
-12
43
9
-29
-32
-84
-62
-85
-109
-104
-144
-158
-143
-174
-169
-235
-251
-288
-249
-247
-227
-166
-175
-190
-203
-215
-279
-285
-276
-242
-219
-158
-115
-173
-155
-223
-244
-242
-199
-241
-257
-254
-182
-155
-122
-37
-15
24
35
60
62
43
68
128
128
119
139
134
134
113
51
12
14
72
6
7
-50
-146
-123
-135
-147
-162
-167
-169
-206
-231
-227
-235
-242
-253
-220
-230
-184
-111
-115
-168
-172
-118
-90
-31
-8
22
66
54
92
128
183
204
157
128
122
184
314
389
462
546
597
626
671
740
795
762
786
801
852
915
911
959
918
896
819
845
781
622
510
426
287
199
111
-18
-134
-324
-439
-530
-634
-768
-911
-955
-1001
-1050
-1069
-1125
-1128
-1172
-1214
-1160
-1137
-1063
-1026
-915
-825
-747
-699
-608
-561
-611
-534
-492
-439
-426
-397
-424
-473
-531
-581
-615
-630
-695
-703
-730
-774
-768
-773
-734
-733
-702
-675
-611
-501
-396
-281
-119
53
268
407
585
774
911
1019
1194
1340
1464
1592
1635
1733
1732
1784
1807
1725
1854
1911
1999
2205
2285
2464
2562
2576
2441
2164
1855
1271
706
63
-493
-902
-1265
-1471
-1613
-1822
-2012
-2213
-2324
-2406
-2325
-2137
-1875
-1507
-1127
-617
-117
375
708
923
1143
1229
1366
1523
1654
1728
1737
1618
1411
1181
842
469
-2
-421
-802
-1131
-1396
-1599
-1774
-1943
-2091
-2270
-2420
-2500
-2417
-2351
-2087
-1867
-1561
-1132
-860
-588
-368
-269
-249
-243
-220
-155
-72
73
123
136
126
-5
-158
-390
-586
-774
-912
-939
-894
-839
-739
-650
-653
-555
-548
-448
-325
-136
124
436
768
1085
1349
1616
1893
2048
2342
2513
2758
3055
3398
3777
4160
4500
4726
4684
4209
3242
1889
435
-954
-1914
-2473
-2775
-2955
-3189
-3369
-3639
-3788
-3883
-3909
-3702
-3412
-2763
-1893
-764
502
1616
2487
2980
3269
3287
3197
3192
3245
3242
3138
2910
2566
2060
1358
486
-452
-1455
-2454
-3298
-3777
-4029
-4056
-3845
-3664
-3515
-3432
-3321
-3055
-2646
-2111
-1417
-697
36
784
1473
2040
2366
2489
2390
2008
1540
1217
945
686
374
42
-466
-997
-1537
-2085
-2529
-2896
-3086
-3201
-3102
-2771
-2374
-1935
-1459
-1048
-773
-446
-131
228
553
989
1390
1722
2050
2235
2331
2335
2314
2233
2111
1958
1869
1880
1898
1950
2031
2093
2200
2348
2542
2824
3202
3566
3344
2585
1504
-41
-1337
-2252
-2783
-2729
-2778
-2724
-2541
-2497
-2182
-2140
-2018
-1702
-1521
-1221
-634
194
1308
2333
2996
3533
3499
3116
2682
2116
1728
1420
920
543
286
-214
-682
-1292
-1848
-2490
-3331
-4028
-4428
-4458
-4040
-3377
-2559
-1693
-1097
-602
-228
108
448
762
1080
1480
1801
2090
2426
2494
2378
1871
892
-96
-1030
-1797
-2351
-2716
-2897
-3046
-3079
-3103
-3042
-2977
-2815
-2664
-2492
-2106
-1630
-923
-220
476
1143
1500
1603
1633
1509
1460
1386
1212
1199
1163
1092
1025
971
927
852
680
664
609
743
1021
1412
2033
2624
3364
4026
4726
5310
5516
5194
3976
2513
646
-1336
-2337
-3127
-3142
-2972
-3246
-3086
-3190
-3246
-3118
-3141
-2846
-2384
-1905
-1076
142
1549
2944
3891
4451
4585
4100
3307
2615
2085
1618
1145
516
25
-636
-1419
-2102
-2898
-3610
-4462
-5229
-5409
-5226
-4608
-3583
-2461
-1319
-364
226
836
1474
2002
2531
2844
3029
3298
3374
3322
3285
2821
2018
891
-520
-1726
-2750
-3530
-3958
-4139
-4202
-4295
-4451
-4329
-4141
-3913
-3435
-2926
-2277
-1417
-497
480
1356
2019
2440
2465
2271
1938
1648
1335
1136
841
612
385
43
-187
-533
-723
-916
-1141
-1235
-1201
-907
-429
144
852
1606
2261
2993
3806
4537
5270
5996
6682
7335
6939
5725
4186
1513
-678
-2641
-4132
-4328
-5026
-5128
-5046
-5159
-4548
-4444
-4230
-3578
-3211
-2605
-1711
-319
1556
3286
4597
5625
6102
5653
4880
3920
3078
2552
1507
701
82
-867
-1549
-2442
-3260
-3821
-4935
-5829
-6244
-6210
-5290
-4226
-2743
-1140
16
780
1498
2206
2785
3248
3364
3544
3621
3466
3481
3149
2738
1829
320
-1131
-2665
-3786
-4560
-4999
-4952
-4686
-4419
-4142
-3687
-3116
-2604
-2097
-1579
-836
-37
724
1696
2579
3366
3718
3515
3088
2457
1773
1095
495
72
-329
-672
-973
-1268
-1311
-1484
-1695
-1868
-1929
-1842
-1522
-816
181
1258
2268
3144
4042
4898
5657
6392
6893
7418
7688
7395
6175
4382
2070
-1020
-3323
-5297
-6441
-6704
-7238
-6981
-6660
-6246
-5361
-4888
-4017
-2963
-2100
-955
473
2257
4180
5638
6696
7383
7221
6304
5184
3965
2763
1619
214
-840
-1719
-2820
-3617
-4491
-5192
-5781
-6734
-7006
-6796
-6028
-4598
-3062
-1154
535
1848
2842
3627
4337
4762
5004
4922
4847
4596
4131
3696
2969
1968
441
-1504
-3305
-4870
-5961
-6475
-6642
-6278
-5679
-5011
-4104
-3222
-2231
-1316
-731
-56
632
1365
2248
2996
3775
4176
4080
3531
2700
1745
786
-74
-830
-1278
-1661
-1979
-2136
-2259
-2242
-2287
-2454
-2436
-2337
-2039
-1513
-808
244
1347
2310
3227
4044
4699
5322
5744
6214
6659
6839
7059
7157
7207
6395
4381
2131
-1229
-4356
-6627
-8562
-8547
-8535
-8147
-6989
-6374
-4947
-3791
-2957
-1625
-694
199
1230
2514
4308
6024
7258
8018
8148
7247
5698
4039
2232
881
-627
-2148
-3032
-4045
-4701
-5180
-5698
-5627
-6010
-6330
-6096
-5611
-4256
-2744
-961
1115
2849
4062
4847
5385
5547
5531
5070
4420
3838
3065
2290
1407
479
-608
-2057
-3790
-5337
-6504
-7249
-7357
-7040
-6111
-5015
-3990
-2747
-1631
-464
413
1146
1852
2391
2901
3368
3739
4003
4044
3553
2775
1712
553
-540
-1537
-2164
-2599
-2905
-3083
-3109
-2904
-2710
-2447
-2139
-1851
-1461
-1097
-559
211
1173
2138
3012
3839
4406
4912
5186
5393
5675
5790
5902
5879
5797
5844
5156
3239
1193
-1709
-4921
-6962
-8860
-8943
-8442
-8035
-6652
-5771
-4433
-3172
-2501
-1358
-327
467
1509
2741
4328
6026
7194
7898
8233
7545
6036
4347
2389
846
-637
-2166
-2951
-3813
-4505
-5005
-5646
-5826
-6010
-6365
-6272
-5763
-4651
-2956
-1256
795
2618
3945
4779
5232
5401
5405
5090
4388
3807
3009
2358
1632
694
-133
-1492
-3119
-4555
-5882
-6544
-6714
-6468
-5576
-4437
-3295
-2219
-1209
-255
623
1312
1907
2422
2842
3241
3456
3483
3470
2952
2167
1140
-72
-1085
-2084
-2673
-2985
-3192
-3035
-2965
-2834
-2490
-2301
-2006
-1713
-1366
-846
-363
344
1188
1975
2756
3356
3786
4084
4256
4378
4560
4712
4818
4887
4757
4646
4606
4203
2860
878
-1478
-4596
-6778
-8326
-8796
-7826
-7269
-5984
-4828
-3797
-2426
-1761
-722
539
1384
2369
3518
4881
6503
7568
8252
8443
7723
6135
4185
2183
445
-866
-2297
-3295
-3988
-4854
-5343
-5961
-6178
-6030
-6241
-6000
-5408
-4341
-2571
-731
1426
3461
4929
5791
5990
6029
5884
5460
4699
3915
3129
2116
1230
177
-903
-2029
-3664
-5143
-6414
-7299
-7379
-7192
-6343
-5008
-3818
-2535
-1368
-181
915
1685
2352
2939
3295
3567
3718
3618
3557
3097
2132
1055
-159
-1278
-2257
-3119
-3480
-3564
-3629
-3575
-3495
-3099
-2653
-2283
-1830
-1399
-888
-320
327
1125
1983
2728
3197
3557
3793
3963
4101
4138
4298
4360
4406
4391
4326
4371
4286
3755
2103
269
-2211
-4942
-6354
-7509
-7060
-6087
-5556
-4224
-3481
-2480
-1454
-1001
-32
779
1390
2312
3388
4808
6233
6992
7281
7044
6046
4294
2472
736
-691
-1666
-2774
-3278
-3857
-4495
-4774
-5466
-5515
-5553
-5681
-5149
-4497
-3197
-1474
170
2057
3555
4409
4787
4719
4467
4080
3610
2986
2463
1782
1029
383
-476
-1361
-2579
-3991
-5196
-6130
-6468
-6279
-5705
-4707
-3552
-2506
-1491
-576
228
875
1403
1907
2369
2824
3095
3127
2943
2527
1838
872
-216
-1211
-2114
-2768
-3145
-3168
-3079
-2923
-2744
-2566
-2239
-1918
-1493
-1003
-434
131
736
1355
1984
2582
2999
3297
3503
3690
3944
4090
4242
4503
4676
4832
4979
5066
5157
5062
3917
2071
9
-2789
-4612
-5912
-6532
-5663
-5487
-4808
-4217
-3883
-2980
-2699
-2141
-1164
-290
686
2060
3523
5065
6233
6710
6908
6426
5305
3817
2397
952
6
-1012
-2000
-2458
-3439
-4173
-5166
-6088
-6228
-6553
-6256
-5541
-4599
-3104
-1643
19
1621
2892
3616
3927
4082
4116
4275
4214
3969
3765
3218
2524
1650
542
-633
-2066
-3492
-4663
-5391
-5669
-5523
-5117
-4382
-3638
-3029
-2404
-1846
-1264
-589
148
905
1760
2442
2875
3004
2803
2439
1739
928
203
-488
-1031
-1531
-1745
-1806
-1884
-1904
-2054
-2090
-1994
-1815
-1591
-1201
-656
-131
398
859
1410
1850
2210
2560
2897
3414
3948
4350
4741
5040
5262
5357
5319
5342
5206
4934
3713
1817
-133
-2867
-4885
-6088
-6861
-6304
-6258
-5905
-5257
-4886
-3866
-3286
-2567
-1414
-364
825
2299
3931
5615
6827
7330
7489
7085
6064
4666
3293
1873
694
-473
-1670
-2336
-3566
-4681
-5740
-6866
-7033
-7217
-6944
-6034
-4925
-3421
-1854
-115
1579
3030
3999
4640
5096
5298
5584
5702
5516
5255
4557
3610
2511
1127
-321
-2026
-3691
-5031
-5991
-6365
-6498
-6168
-5609
-5071
-4459
-3791
-2899
-2025
-1055
37
1039
1993
2892
3418
3529
3498
3136
2575
1925
1238
645
-34
-551
-870
-1107
-1371
-1710
-2038
-2344
-2534
-2493
-2183
-1807
-1389
-899
-489
45
537
1051
1598
2162
2828
3455
4122
4638
5121
5510
5732
5832
5756
5579
5343
4911
3561
1742
-335
-3115
-4871
-6235
-6860
-6333
-6468
-5944
-5415
-5037
-4054
-3408
-2536
-1342
-338
927
2538
4095
5707
6840
7315
7479
6892
5770
4432
3110
1697
545
-521
-1628
-2323
-3525
-4595
-5531
-6544
-6806
-7013
-6631
-5726
-4687
-3165
-1642
-29
1594
2897
3825
4496
4827
4939
5152
5208
5104
4807
4118
3226
2215
840
-719
-2155
-3808
-4903
-5637
-6012
-5679
-5533
-5101
-4620
-4178
-3437
-2751
-1891
-920
27
928
1829
2679
3199
3466
3365
3100
2781
2255
1875
1405
886
451
-152
-644
-1036
-1501
-1936
-2352
-2627
-2586
-2495
-2301
-1857
-1473
-1065
-555
-61
585
1273
1997
2756
3495
4101
4665
5015
5253
5431
5400
5340
5266
5158
4831
3595
1814
-70
-2643
-4383
-5653
-6232
-5828
-6039
-5760
-5367
-5058
-4226
-3640
-2925
-1803
-771
442
2026
3551
5054
6182
6645
6713
6358
5502
4449
3447
2306
1286
374
-626
-1391
-2431
-3501
-4483
-5611
-6103
-6279
-5970
-5166
-4328
-3193
-2001
-793
496
1602
2421
2940
3373
3706
4004
4284
4260
4148
3666
2871
2043
943
-296
-1438
-2673
-3536
-3995
-4306
-4204
-4170
-4108
-3975
-3925
-3587
-3060
-2424
-1686
-879
-196
606
1237
1731
2129
2221
2410
2303
2062
1894
1661
1306
917
404
-152
-625
-1249
-1736
-2058
-2370
-2431
-2452
-2316
-2008
-1752
-1425
-1022
-539
55
705
1412
2198
2893
3514
3952
4362
4652
4903
5087
5121
5205
5200
5152
4860
3708
2069
-5
-2363
-3832
-4967
-5282
-4834
-4858
-4581
-4366
-4224
-3691
-3366
-2930
-2277
-1432
-258
1212
2817
4312
5302
5603
5456
4960
4394
3707
3079
2440
1832
1309
607
101
-692
-1759
-2780
-3951
-4641
-4865
-4763
-4178
-3520
-2789
-1957
-1280
-680
-139
98
315
624
1056
1668
2324
2802
2955
2849
2473
1881
1134
354
-321
-1016
-1490
-1664
-1758
-1727
-1846
-2150
-2581
-2971
-3169
-3164
-3021
-2734
-2272
-1824
-1254
-743
-272
17
211
327
410
590
796
1078
1288
1219
1136
894
672
368
3
-331
-647
-889
-1072
-1098
-1118
-1090
-1108
-1034
-882
-565
-196
203
659
1092
1606
2068
2590
3079
3511
3987
4243
4577
4881
5213
5383
4820
3768
2277
487
-968
-1987
-2480
-2588
-2815
-3068
-3119
-3243
-3405
-3627
-3877
-3801
-3439
-2680
-1514
-244
971
1875
2267
2466
2575
2589
2535
2474
2426
2368
2334
2320
2133
1789
1231
453
-328
-1055
-1568
-1844
-2018
-1995
-1898
-1797
-1561
-1508
-1599
-1780
-1966
-1805
-1503
-1090
-528
-35
372
656
799
992
1040
971
795
584
544
509
501
488
331
60
-346
-888
-1255
-1575
-1847
-2048
-2238
-2219
-2168
-2046
-1832
-1688
-1530
-1333
-1084
-755
-240
181
435
682
837
888
864
709
518
400
245
113
24
-71
-252
-501
-625
-760
-754
-644
-452
-251
66
388
706
1045
1388
1601
1717
1938
2140
2475
2829
3143
3460
3683
3788
3576
3027
2211
1205
345
-277
-636
-679
-565
-511
-555
-675
-900
-1234
-1586
-1853
-1921
-1850
-1623
-1229
-849
-425
-218
-220
-291
-473
-604
-560
-426
-246
-26
254
595
940
1226
1333
1328
1225
1098
994
1089
1166
1359
1395
1315
1220
987
782
373
-95
-554
-930
-1160
-1265
-1276
-1191
-1132
-1187
-1351
-1566
-1794
-2024
-2078
-2064
-1898
-1635
-1350
-1070
-788
-541
-328
-191
-60
45
192
405
523
652
735
794
698
536
270
-4
-350
-760
-1025
-1208
-1219
-1293
-1292
-1275
-1306
-1530
-1714
-1723
-1580
-1357
-1095
-795
-541
-156
104
460
768
1006
1004
894
898
1068
1240
1362
1496
1513
1554
1536
1543
1610
1772
1936
2063
2304
2607
2884
3054
3015
2950
2850
2642
2488
2288
2098
1812
1541
1407
1200
869
331
-384
-1118
-1737
-2255
-2621
-2899
-3119
-3291
-3156
-2896
-2582
-2313
-2115
-1875
-1625
-1342
-885
-373
159
502
765
1020
1198
1324
1220
1054
863
597
398
293
156
87
-69
-270
-432
-511
-544
-598
-650
-772
-784
-721
-583
-327
-100
71
109
60
31
59
23
-93
-157
-276
-401
-494
-581
-651
-810
-1033
-1315
-1435
-1448
-1434
-1406
-1376
-1280
-1128
-969
-833
-700
-533
-390
-261
-51
198
395
499
487
532
545
517
516
493
569
539
358
159
22
-9
-42
-1
-26
30
83
106
271
502
709
939
1138
1378
1755
2237
2670
3056
3396
3598
3798
3740
3616
3422
3121
2765
2306
1829
1312
824
335
-77
-426
-870
-1321
-1841
-2092
-2171
-2162
-1989
-1915
-1721
-1514
-1279
-1033
-864
-745
-678
-651
-598
-453
-310
-183
-289
-358
-481
-588
-604
-681
-767
-761
-762
-667
-442
-234
40
267
380
474
521
578
610
616
653
711
777
785
787
677
497
178
-176
-571
-916
-1214
-1496
-1570
-1593
-1601
-1522
-1523
-1526
-1620
-1617
-1602
-1518
-1392
-1146
-815
-575
-439
-302
-209
-219
-228
-311
-386
-440
-552
-505
-405
-290
-238
-241
-255
-204
-242
-285
-309
-236
-63
92
277
407
543
613
635
637
646
713
699
767
801
964
1199
1340
1468
1426
1420
1399
1500
1699
1914
2200
2430
2685
2821
2757
2641
2390
2137
1979
1699
1556
1565
1496
1455
1426
1311
1054
672
266
-155
-514
-845
-1078
-1207
-1317
-1308
-1396
-1466
-1601
-1809
-2025
-2144
-2130
-2007
-1708
-1423
-1020
-654
-310
-68
107
217
351
499
592
618
683
690
694
739
651
580
429
227
-4
-123
-287
-443
-563
-621
-637
-718
-738
-726
-791
-916
-958
-915
-863
-801
-789
-781
-751
-750
-747
-884
-958
-1016
-1169
-1294
-1264
-1227
-1206
-1152
-1171
-1090
-1045
-1036
-962
-853
-701
-538
-402
-263
-83
96
131
195
146
150
156
187
262
272
339
307
337
384
395
403
339
346
396
351
353
317
357
417
447
609
759
887
958
1019
1126
1336
1610
1897
2159
2547
2894
3209
3382
3414
3383
3136
2890
2645
2369
2113
1925
1689
1506
1303
933
414
-104
-580
-1043
-1356
-1657
-1795
-1917
-1954
-1923
-1904
-1845
-1845
-1895
-1929
-1911
-1864
-1806
-1633
-1468
-1216
-993
-853
-719
-600
-557
-503
-421
-389
-344
-333
-278
-154
-117
-108
-75
-73
-55
-42
68
191
209
260
267
232
197
66
5
-153
-350
-506
-696
-810
-922
-968
-1002
-1054
-1143
-1254
-1273
-1322
-1345
-1256
-1241
-1094
-996
-940
-789
-752
-685
-644
-601
-606
-530
-420
-243
-62
118
267
383
534
613
615
632
648
609
644
564
524
459
400
311
83
-20
-173
-310
-411
-375
-316
-244
-28
163
378
607
844
1078
1296
1509
1738
2027
2273
2508
2731
2991
3183
3335
3407
3344
3148
2876
2560
2247
1909
1510
1184
863
544
286
48
-266
-667
-1022
-1307
-1550
-1679
-1800
-1872
-1875
-1822
-1645
-1500
-1430
-1423
-1439
-1481
-1454
-1423
-1371
-1251
-1259
-1159
-1017
-923
-858
-807
-771
-690
-550
-370
-145
98
337
449
607
693
767
716
581
513
460
464
456
475
543
479
331
152
-104
-306
-584
-775
-971
-1132
-1217
-1284
-1275
-1289
-1291
-1422
-1498
-1602
-1578
-1497
-1345
-1014
-772
-497
-198
114
343
512
547
590
643
618
600
595
534
418
260
52
-146
-305
-602
-831
-966
-1022
-957
-785
-629
-510
-394
-259
-216
-68
154
391
569
776
1015
1212
1372
1507
1621
1644
1663
1664
1718
1789
1795
1805
1766
1737
1748
1719
1711
1698
1641
1610
1572
1490
1535
1427
1291
1145
913
763
659
539
435
281
122
-94
-409
-679
-997
-1263
-1572
-1788
-1901
-1967
-1970
-2014
-2035
-2027
-1970
-1868
-1663
-1469
-1322
-1086
-835
-592
-407
-275
-163
-69
18
114
252
342
492
528
507
492
394
303
236
158
121
80
-2
5
63
39
-43
-154
-333
-430
-476
-410
-297
-197
-144
-95
19
76
47
-15
-79
-125
-158
-185
-235
-274
-346
-438
-590
-668
-821
-892
-943
-1017
-995
-966
-851
-767
-645
-569
-463
-382
-339
-182
-52
82
173
266
320
332
364
393
410
356
349
288
306
312
265
262
234
208
200
274
339
406
500
618
777
962
1193
1337
1470
1589
1694
1839
2065
2257
2420
2568
2623
2596
2482
2224
1883
1444
1022
668
372
229
71
-102
-259
-459
-668
-847
-946
-1052
-1122
-1098
-1111
-1095
-1020
-966
-994
-1047
-1137
-1218
-1265
-1277
-1282
-1268
-1177
-1126
-1132
-1093
-1065
-1098
-1080
-962
-810
-633
-429
-196
-68
66
172
203
337
461
644
831
1035
1189
1316
1308
1256
1227
1046
847
640
456
315
144
-32
-322
-557
-849
-1164
-1359
-1528
-1595
-1609
-1563
-1484
-1324
-1211
-1146
-1054
-1019
-952
-881
-788
-566
-403
-217
-94
0
70
91
97
100
25
-22
30
81
137
113
56
-51
-147
-142
-174
-175
-110
-86
-13
108
219
271
367
496
552
636
703
777
904
1042
1073
1123
1133
1093
1045
965
964
955
1019
1097
1260
1394
1607
1781
1839
1942
2063
2075
2024
1940
1751
1583
1312
1043
824
550
293
-1
-275
-460
-631
-791
-958
-1114
-1320
-1468
-1574
-1642
-1639
-1603
-1526
-1487
-1406
-1367
-1305
-1206
-1162
-1173
-1136
-1055
-871
-667
-502
-274
-92
19
100
179
248
305
336
343
416
452
500
550
510
450
365
300
247
186
162
136
75
1
-123
-253
-416
-566
-721
-856
-964
-1120
-1129
-1082
-1111
-1131
-1085
-1131
-1113
-1053
-1048
-942
-869
-770
-689
-594
-537
-552
-516
-463
-367
-285
-150
-98
-54
30
53
103
185
247
281
270
219
244
267
307
352
345
284
176
53
-6
-20
9
87
125
261
433
553
709
781
912
1011
1036
1120
1202
1331
1381
1447
1482
1465
1488
1428
1441
1441
1431
1477
1488
1538
1493
1405
1288
1081
912
747
610
459
394
216
57
-8
-198
-327
-486
-652
-741
-835
-869
-881
-857
-822
-839
-858
-961
-964
-1018
-1087
-1033
-1040
-989
-930
-858
-795
-725
-707
-681
-584
-476
-328
-209
-63
64
167
247
308
393
469
505
523
590
625
621
649
570
432
268
63
-161
-378
-591
-753
-911
-1000
-1113
-1289
-1387
-1575
-1660
-1653
-1596
-1491
-1405
-1236
-1112
-972
-799
-695
-520
-434
-368
-229
-70
106
182
218
228
234
89
-52
-183
-288
-342
-401
-361
-288
-195
-150
-134
-116
-78
-84
10
121
210
353
486
699
834
919
934
924
962
949
913
942
923
1048
1080
1082
1035
1001
960
897
956
931
1062
1122
1235
1337
1439
1524
1578
1563
1555
1630
1675
1677
1663
1621
1432
1277
1022
823
592
367
136
-67
-236
-470
-652
-860
-1039
-1239
-1340
-1425
-1477
-1492
-1395
-1343
-1208
-1097
-998
-845
-742
-573
-452
-330
-229
-116
-19
44
69
80
69
39
0
-70
-120
-124
-221
-208
-296
-394
-464
-563
-582
-598
-632
-653
-654
-745
-780
-807
-836
-864
-934
-999
-1052
-985
-988
-976
-946
-985
-1000
-1063
-1080
-1049
-1046
-1027
-940
-912
-764
-635
-532
-360
-232
-150
-47
60
159
263
376
496
582
670
708
740
722
636
573
520
440
457
404
422
397
296
268
224
166
98
36
52
196
301
436
526
630
745
813
925
1048
1191
1345
1514
1683
1812
1869
1887
1841
1758
1740
1755
1736
1732
1730
1684
1676
1594
1451
1315
1115
900
776
641
483
349
227
130
-45
-190
-360
-544
-747
-917
-1031
-1123
-1152
-1195
-1226
-1209
-1210
-1199
-1130
-1150
-1101
-1055
-993
-908
-841
-725
-652
-592
-560
-463
-437
-397
-323
-301
-288
-243
-223
-221
-279
-328
-374
-406
-385
-449
-463
-537
-581
-628
-689
-775
-853
-899
-933
-936
-901
-776
-647
-623
-556
-536
-470
-389
-366
-303
-237
-148
-98
-32
101
198
220
224
176
144
184
133
180
171
163
192
128
137
91
23
-28
-86
-110
-144
-122
-102
-75
-32
-32
8
93
140
199
316
445
544
619
678
745
830
914
1022
1065
1238
1359
1438
1496
1522
1580
1468
1430
1391
1328
1304
1263
1282
1185
1103
1041
924
819
690
573
464
448
456
488
439
422
398
319
263
116
52
-17
-80
-96
-175
-191
-273
-380
-483
-572
-685
-738
-788
-789
-800
-844
-884
-923
-940
-990
-1074
-1113
-1119
-1097
-1061
-1016
-963
-907
-895
-853
-770
-719
-656
-601
-539
-461
-317
-261
-193
-141
-153
-179
-198
-180
-144
-140
-88
-112
-146
-179
-213
-192
-214
-235
-319
-323
-335
-324
-310
-345
-337
-383
-408
-449
-444
-394
-395
-433
-447
-452
-405
-323
-294
-241
-215
-142
-82
-11
42
94
104
148
206
192
228
244
276
282
336
425
464
501
478
460
403
429
473
532
578
609
678
715
691
718
687
685
635
631
616
692
723
780
859
834
805
797
790
783
775
820
874
854
898
888
909
881
871
811
808
771
724
694
588
576
516
425
308
123
-64
-280
-399
-540
-588
-690
-790
-786
-854
-892
-905
-957
-1047
-1009
-1003
-914
-798
-650
-604
-541
-482
-484
-421
-403
-389
-353
-300
-309
-287
-267
-294
-315
-355
-438
-476
-467
-401
-327
-340
-335
-360
-374
-373
-378
-335
-275
-253
-226
-125
-67
-49
6
-37
-41
-1
11
49
70
81
82
29
-62
-157
-242
-315
-356
-413
-413
-379
-372
-333
-255
-231
-217
-237
-190
-158
-104
18
99
246
297
412
413
450
414
411
357
296
302
298
344
351
327
244
140
98
91
70
89
191
307
416
577
682
726
823
831
886
889
892
950
1002
1012
918
903
773
712
533
362
288
153
45
-19
-52
-22
-1
-75
-55
-99
-125
-136
-137
-24
61
126
174
200
140
116
36
-90
-145
-211
-253
-303
-350
-391
-384
-451
-488
-578
-662
-713
-727
-689
-630
-610
-551
-490
-459
-446
-395
-354
-342
-237
-170
-109
-52
60
101
112
142
176
156
119
92
2
-2
-13
-91
-116
-193
-214
-221
-286
-257
-222
-245
-215
-188
-145
-106
-105
-53
-6
51
60
60
122
90
40
-17
-83
-187
-262
-342
-423
-509
-583
-611
-692
-779
-797
-812
-822
-772
-690
-575
-462
-340
-268
-157
-40
24
131
195
260
350
402
470
452
477
497
413
314
279
219
188
192
237
218
231
310
342
374
354
343
372
402
382
390
424
519
540
542
549
589
633
646
599
521
503
480
507
474
392
400
384
342
278
196
132
101
121
89
63
19
-18
-73
-153
-118
-133
-152
-144
-112
-50
-34
16
81
170
148
151
189
176
149
169
168
127
165
135
208
161
66
55
-17
-101
-89
-73
-93
-56
-67
-91
-67
-62
-28
-44
-74
-138
-184
-186
-262
-283
-348
-452
-541
-592
-649
-728
-773
-790
-905
-890
-854
-887
-825
-786
-767
-744
-687
-657
-643
-579
-518
-522
-517
-435
-441
-415
-353
-380
-406
-421
-496
-588
-547
-556
-564
-474
-419
-318
-185
-155
-162
-130
-151
-129
-95
1
38
131
216
303
355
375
362
401
452
503
608
645
684
721
756
787
802
764
695
659
664
649
572
579
550
450
397
371
343
350
324
295
296
246
258
353
372
407
462
487
547
626
700
713
739
710
744
798
820
811
801
764
710
659
599
554
457
434
344
233
254
205
178
175
80
21
-10
-41
-88
-155
-249
-302
-343
-344
-370
-473
-508
-596
-681
-814
-812
-822
-907
-888
-951
-990
-963
-948
-968
-951
-963
-969
-941
-910
-862
-866
-802
-785
-737
-706
-685
-671
-674
-699
-677
-609
-559
-519
-533
-477
-517
-495
-539
-574
-598
-641
-647
-658
-678
-654
-654
-664
-690
-708
-663
-628
-579
-506
-408
-293
-235
-93
49
134
206
295
416
471
574
638
699
729
807
862
848
837
853
745
680
681
706
699
679
744
711
747
765
747
741
743
724
701
724
782
766
795
834
866
844
874
859
863
831
821
799
806
788
795
745
798
799
733
750
705
698
615
606
577
594
526
492
472
369
376
359
273
180
129
25
-1
-18
-92
-164
-224
-234
-284
-352
-429
-526
-573
-602
-671
-719
-752
-789
-864
-894
-888
-969
-992
-989
-998
-970
-953
-949
-935
-874
-849
-875
-894
-953
-948
-1006
-1025
-1062
-1085
-1064
-1076
-1017
-1063
-1052
-1023
-980
-954
-917
-779
-744
-702
-595
-499
-420
-341
-279
-228
-158
-144
-130
-96
-68
-51
-21
4
15
26
78
92
81
100
138
214
270
358
404
446
503
565
599
651
682
737
792
872
918
1014
1062
1080
1098
1082
1040
1018
1018
888
885
879
894
860
809
776
762
757
684
611
603
579
594
611
608
664
637
667
654
621
613
538
515
458
405
339
272
325
381
455
514
490
387
321
257
231
180
148
78
-4
-15
-45
-55
-124
-169
-188
-226
-234
-205
-158
-124
-108
-82
-96
-180
-261
-279
-361
-441
-512
-605
-649
-724
-765
-854
-932
-1019
-1087
-1085
-1111
-1066
-994
-952
-899
-933
-896
-884
-840
-823
-790
-746
-791
-728
-695
-641
-662
-630
-608
-595
-640
-659
-633
-613
-571
-547
-560
-590
-540
-496
-420
-384
-339
-277
-137
-19
33
135
276
384
441
509
624
634
719
824
875
944
1011
1038
1018
1015
930
869
812
752
732
723
699
694
677
649
565
523
487
414
361
379
412
433
497
546
538
549
546
570
599
577
560
577
590
563
556
508
459
423
358
323
337
392
482
513
447
429
451
472
470
464
489
494
521
606
627
580
576
515
478
413
341
292
198
124
33
-25
-129
-217
-315
-364
-390
-452
-441
-453
-484
-498
-497
-511
-502
-527
-504
-467
-441
-436
-450
-496
-530
-466
-539
-625
-732
-801
-850
-858
-849
-843
-912
-927
-915
-924
-923
-924
-928
-908
-814
-758
-710
-614
-589
-474
-363
-303
-230
-191
-126
-41
2
54
107
158
215
227
223
202
169
76
69
43
-12
3
-22
-18
-44
-57
-2
7
64
104
161
246
318
351
419
498
527
520
462
409
355
293
218
157
136
140
78
10
-7
-33
-75
-81
-84
-34
-4
73
135
252
288
348
449
530
615
656
783
792
865
906
883
859
818
715
677
624
530
414
321
243
181
105
-33
-49
-53
-48
-51
-30
43
101
217
234
299
344
322
323
361
356
365
419
390
377
256
165
127
12
-58
-159
-244
-328
-392
-443
-486
-524
-504
-489
-563
-516
-481
-400
-374
-330
-274
-234
-177
-147
-138
-113
-47
-25
6
-6
-12
-37
-52
-130
-208
-259
-350
-372
-415
-438
-473
-495
-564
-594
-567
-554
-515
-484
-437
-393
-363
-318
-243
-165
-161
-124
-108
-81
-90
-165
-159
-208
-260
-310
-405
-451
-548
-640
-668
-677
-722
-721
-703
-696
-589
-460
-394
-319
-238
-141
-117
-29
57
126
203
256
263
254
322
286
277
243
168
139
149
159
145
196
175
182
183
221
272
253
320
358
418
457
512
543
572
575
605
630
623
612
593
553
547
486
472
412
310
263
213
185
116
105
43
6
-33
-9
33
55
94
133
133
126
167
144
180
183
196
233
240
253
238
248
246
216
133
110
75
60
51
-21
-4
-10
-8
-54
-115
-170
-161
-162
-133
-54
3
82
89
153
182
186
153
87
48
7
-2
-52
-81
-154
-226
-309
-437
-512
-556
-599
-593
-622
-659
-617
-628
-566
-525
-487
-463
-453
-367
-344
-255
-229
-187
-118
-72
-80
-77
-101
-160
-217
-270
-270
-333
-388
-406
-448
-471
-463
-512
-492
-486
-422
-366
-322
-281
-236
-107
-80
10
67
151
225
287
333
365
399
379
415
345
313
279
217
196
171
132
102
92
62
82
49
62
88
117
141
163
257
271
312
327
371
421
403
420
421
441
396
404
415
371
384
349
355
274
209
179
117
104
100
85
67
36
33
8
32
43
46
99
135
176
202
225
237
265
306
271
287
263
279
273
228
219
192
155
69
-2
6
-27
-22
-17
-37
-4
-6
7
-35
-55
-26
-34
-39
-61
-6
26
59
99
27
63
63
10
-46
-65
-105
-122
-159
-157
-199
-260
-281
-360
-329
-381
-391
-392
-389
-337
-331
-356
-353
-390
-368
-310
-294
-272
-243
-234
-220
-260
-270
-254
-268
-273
-315
-318
-317
-316
-333
-345
-363
-363
-337
-330
-284
-288
-266
-264
-200
-203
-194
-180
-143
-111
-98
-96
-90
-9
-17
46
59
72
103
66
75
130
132
90
97
99
101
35
-18
-23
-19
-48
-35
-4
-16
31
83
98
113
179
165
181
184
184
192
205
221
215
232
206
150
112
90
68
10
34
48
56
116
139
148
152
192
235
211
281
319
330
400
428
489
508
511
532
550
519
508
495
414
384
306
283
211
197
179
112
115
38
-10
-4
20
42
5
67
111
137
147
222
270
260
336
311
350
346
340
283
219
177
131
73
15
8
-33
-134
-160
-214
-257
-269
-298
-262
-307
-310
-326
-358
-315
-288
-288
-251
-242
-225
-187
-189
-177
-198
-262
-254
-250
-262
-297
-373
-365
-395
-447
-461
-481
-537
-579
-585
-560
-530
-524
-456
-408
-377
-282
-216
-206
-97
-38
-27
12
24
18
-6
17
-47
-101
-159
-274
-336
-369
-408
-450
-475
-465
-475
-517
-484
-482
-501
-429
-374
-309
-174
-146
-68
71
191
261
326
363
387
407
372
400
430
358
343
291
226
249
240
206
233
212
186
197
175
221
215
203
260
306
396
449
485
508
540
592
587
601
540
596
547
484
442
402
369
284
242
234
195
192
184
159
146
144
157
129
201
282
329
348
381
405
445
387
384
376
335
276
265
274
212
130
109
44
12
42
-46
-52
-77
-108
-125
-194
-217
-226
-191
-173
-120
-87
-78
-40
-18
-33
-8
8
16
-15
-76
-65
-65
-101
-152
-243
-327
-385
-454
-441
-468
-492
-535
-530
-570
-623
-604
-604
-617
-556
-550
-495
-427
-370
-308
-307
-320
-302
-250
-243
-244
-204
-253
-263
-282
-303
-317
-351
-360
-368
-398
-383
-364
-336
-326
-337
-295
-224
-166
-85
-11
37
103
89
172
294
331
368
370
379
400
353
365
297
266
259
292
285
246
257
226
214
151
138
164
167
176
135
150
206
240
250
266
285
258
267
329
329
318
283
304
343
330
352
321
326
320
365
334
291
290
268
265
203
229
203
163
155
148
171
166
124
109
90
110
159
142
115
109
101
131
112
75
79
37
-37
-55
-63
-107
-136
-195
-198
-194
-169
-198
-178
-137
-138
-66
-69
-76
-44
26
63
87
134
183
186
179
165
178
143
73
67
25
52
-18
-40
-77
-179
-192
-240
-283
-322
-323
-303
-354
-315
-276
-223
-223
-152
-83
-70
-53
23
123
147
156
207
236
195
193
156
139
159
103
96
86
31
17
-51
-47
-55
-76
-99
-112
-75
-130
-93
-71
-91
-34
15
48
79
110
110
163
202
206
256
255
259
230
252
219
145
136
80
56
8
-8
-13
-48
-46
-66
-72
-82
-115
-60
-25
19
53
53
43
52
75
81
46
26
106
38
49
-2
-53
-14
-86
-100
-124
-173
-197
-194
-204
-273
-184
-128
-139
-79
-17
60
132
148
191
224
244
342
373
402
418
407
406
356
323
283
239
186
147
144
86
50
28
-2
22
-43
-56
-77
-84
28
26
95
140
146
200
229
229
248
290
315
268
253
227
235
203
113
103
62
-3
-44
-63
-159
-179
-190
-217
-273
-250
-263
-277
-206
-154
-151
-106
-92
-53
-36
-46
-66
-41
-40
-79
-42
-97
-128
-111
-83
-160
-145
-134
-139
-183
-209
-207
-244
-252
-203
-187
-173
-176
-146
-155
-82
-41
-32
7
28
71
47
84
60
71
44
-19
-63
-101
-140
-190
-223
-252
-281
-296
-373
-318
-301
-294
-314
-231
-180
-139
-63
-17
64
55
127
195
233
299
313
301
351
345
311
273
198
194
178
157
102
97
118
32
-1
-9
-45
-31
-5
17
22
33
93
130
132
124
170
204
248
285
298
317
266
244
229
222
169
164
115
87
93
97
64
77
60
27
59
52
58
53
109
100
127
143
145
145
158
167
150
119
72
99
81
86
56
9
-49
-73
-108
-193
-185
-190
-175
-197
-225
-248
-224
-229
-200
-162
-137
-131
-129
-107
-103
-66
-65
-47
-43
-77
-55
-64
-85
-126
-195
-159
-178
-244
-293
-377
-346
-398
-416
-404
-382
-361
-379
-360
-316
-307
-310
-286
-261
-174
-136
-62
-36
23
71
78
132
130
123
187
167
134
128
170
141
123
143
159
158
148
115
134
136
163
241
223
273
281
320
328
343
343
306
302
305
313
313
276
253
234
185
123
70
95
98
89
102
72
97
67
74
52
64
115
181
215
151
251
229
235
253
268
252
218
235
230
237
211
206
183
111
126
39
19
20
-39
-33
-44
-77
-97
-101
-143
-84
-100
-99
-53
-61
-23
-38
-2
1
0
5
10
1
-35
-36
-57
-79
-101
-149
-175
-190
-212
-264
-283
-279
-312
-300
-355
-345
-317
-285
-259
-281
-293
-285
-231
-246
-177
-208
-154
-91
-108
-100
-144
-90
-76
-54
-5
-28
-10
6
-31
-14
-55
-22
-36
1
25
32
65
106
138
156
196
200
217
272
269
287
286
297
316
329
314
321
295
272
244
178
221
237
219
204
198
209
172
145
142
138
96
99
188
169
156
156
126
124
131
109
120
104
128
106
87
97
66
41
21
19
19
-3
-27
-22
-35
-16
-81
-63
-89
-122
-94
-126
-111
-76
-51
-58
-73
-95
-61
-114
-161
-149
-177
-165
-169
-213
-258
-279
-272
-294
-313
-286
-334
-349
-321
-344
-384
-382
-346
-308
-280
-291
-288
-263
-232
-217
-188
-205
-152
-125
-168
-138
-115
-87
-79
-73
-103
-103
-120
-141
-120
-127
-183
-201
-181
-172
-140
-143
-73
-36
-13
-10
-2
24
70
114
148
190
214
234
307
292
264
266
255
310
317
323
281
306
284
248
259
272
217
194
202
231
209
196
189
219
234
238
270
266
266
245
262
223
256
292
255
195
218
209
158
162
155
133
160
116
20
13
-12
-53
-59
-77
-112
-102
-107
-113
-85
-140
-135
-114
-90
-79
-104
-124
-112
-150
-179
-180
-193
-178
-170
-175
-166
-151
-228
-257
-273
-283
-253
-297
-271
-255
-226
-198
-159
-128
-104
-87
-92
-48
-13
11
21
19
26
31
55
82
107
117
128
109
72
69
73
69
86
104
111
127
116
121
123
109
156
176
193
273
209
238
286
261
284
279
281
249
226
198
176
178
174
212
192
206
219
167
172
142
135
186
185
154
165
189
198
213
210
232
203
156
201
196
167
135
111
80
129
32
23
-10
4
-13
-55
-63
-84
-72
-120
-78
-142
-130
-131
-128
-104
-74
-69
-68
-33
-34
-64
-69
-79
-114
-122
-171
-192
-181
-231
-237
-242
-258
-270
-324
-299
-325
-335
-344
-346
-367
-373
-368
-327
-322
-293
-259
-231
-191
-174
-140
-136
-89
-49
-47
-90
-23
-30
-33
-46
-17
-6
-18
-7
17
-9
-18
-14
15
69
77
66
45
76
93
105
120
142
162
169
154
242
219
181
188
195
198
174
170
140
154
125
119
131
114
123
130
109
103
156
132
123
152
174
137
143
161
182
191
169
130
89
88
62
41
41
33
21
-26
-22
-37
-31
-43
-95
-64
-59
-61
-64
-41
-55
-50
-5
-20
-10
17
-11
-17
-21
9
3
-8
3
5
-30
-63
-77
-67
-59
-91
-115
-131
-142
-174
-161
-130
-131
-111
-137
-157
-163
-217
-202
-171
-225
-266
-221
-215
-212
-218
-226
-230
-230
-226
-230
-244
-222
-229
-165
-170
-219
-165
-188
-161
-166
-205
-156
-140
-118
-90
-84
-80
-60
5
-31
10
33
43
90
14
62
83
98
111
87
64
48
20
40
71
123
108
144
190
185
158
161
178
163
204
144
151
148
127
158
159
104
153
163
113
135
124
110
171
188
198
251
251
258
252
254
260
246
266
232
262
234
221
204
159
120
86
52
25
4
2
-5
-49
-55
-81
-96
-92
-45
-62
-101
-103
-146
-107
-66
-58
-63
-75
-69
-74
-17
-33
-74
-109
-155
-170
-137
-185
-233
-221
-253
-321
-341
-331
-324
-318
-326
-311
-328
-280
-305
-284
-282
-249
-201
-167
-126
-96
-91
-117
-99
-122
-101
-59
-23
-57
-83
-97
-111
-100
-109
-77
-123
-116
-113
-115
-84
-75
-24
-54
-57
27
38
93
79
76
69
84
117
114
94
62
55
34
64
74
79
51
48
36
30
0
12
-15
-18
-36
-27
8
4
40
36
34
70
73
111
123
112
97
114
143
112
127
90
39
70
27
43
21
9
41
29
-5
3
21
-8
-25
-12
-9
19
-1
34
71
85
90
111
122
78
109
90
89
59
34
21
-31
-43
-54
-59
-77
-80
-116
-111
-127
-138
-128
-130
-85
-60
-54
-33
24
10
-8
39
78
101
77
81
89
99
69
-3
18
9
20
-15
-43
-34
-63
-58
-78
-88
-83
-86
-113
-116
-75
-52
-23
-43
-46
-26
-16
52
48
91
114
122
142
151
179
171
168
139
135
120
168
150
155
143
134
113
87
93
125
100
101
150
135
88
108
129
104
159
120
149
138
77
84
32
40
47
25
22
11
-59
-47
-44
-83
-88
-63
-81
-88
-64
-55
-33
-25
-98
-103
-29
-71
-52
-68
-54
-29
-10
-23
-47
-34
-46
-23
-77
-58
-75
-70
-90
-126
-162
-136
-113
-106
-119
-86
-66
-85
-91
-36
-21
-29
13
21
36
44
71
94
90
93
99
112
112
96
130
108
118
104
112
156
178
174
156
146
155
172
160
189
206
158
162
156
173
147
147
166
140
147
174
143
165
153
119
140
67
87
100
136
138
127
107
144
152
107
152
