-34
-148
-234
-352
-461
-580
-722
-858
-920
-972
-1062
-1149
-1234
-1330
-1387
-1441
-1513
-1573
-1582
-1596
-1620
-1639
-1642
-1607
-1645
-1574
-1544
-1499
-1443
-1436
-1347
-1257
-1157
-1091
-1042
-969
-929
-860
-817
-724
-637
-588
-532
-475
-331
-310
-280
-185
-138
-69
-21
0
40
47
93
104
147
192
204
221
220
195
198
200
174
143
123
95
83
72
48
8
-32
-37
-62
-100
-129
-153
-201
-242
-243
-251
-279
-282
-283
-274
-268
-226
-196
-168
-122
-68
21
49
126
232
364
442
533
660
810
953
1112
1212
1347
1435
1528
1577
1629
1702
1696
1711
1641
1647
1591
1485
1347
1244
1162
1057
921
782
724
644
579
496
444
303
257
215
129
34
-81
-186
-335
-490
-571
-633
-756
-844
-976
-1059
-1149
-1200
-1339
-1415
-1432
-1512
-1562
-1576
-1602
-1663
-1687
-1649
-1619
-1629
-1602
-1557
-1487
-1443
-1428
-1321
-1268
-1209
-1169
-1081
-1046
-946
-900
-821
-738
-694
-599
-569
-499
-426
-347
-285
-239
-166
-111
-102
-55
-1
-15
0
88
109
130
188
214
223
229
208
132
145
123
148
149
69
90
37
59
18
6
-19
-59
-47
-87
-127
-145
-191
-212
-206
-228
-239
-238
-216
-211
-202
-154
-156
-101
-76
-31
62
117
162
248
308
446
478
571
732
807
941
1049
1190
1280
1355
1467
1537
1577
1610
1571
1637
1624
1639
1550
1448
1373
1246
1143
1019
892
763
693
594
527
434
368
291
235
131
7
-46
-150
-225
-363
-453
-634
-712
-805
-921
-929
-1058
-1110
-1148
-1181
-1255
-1311
-1375
-1383
-1419
-1489
-1492
-1489
-1513
-1484
-1422
-1369
-1342
-1286
-1201
-1113
-1077
-1029
-968
-919
-850
-839
-759
-724
-644
-602
-575
-505
-426
-326
-273
-211
-161
-102
-21
-18
29
85
139
182
206
231
216
259
271
298
271
291
251
241
229
202
155
132
90
13
-8
-43
-68
-118
-167
-186
-215
-288
-306
-350
-361
-398
-405
-392
-419
-435
-421
-384
-383
-329
-304
-289
-234
-208
-155
-92
-53
18
86
162
234
326
403
500
600
696
793
901
983
1142
1212
1280
1374
1495
1572
1560
1615
1526
1534
1463
1320
1204
1054
968
868
765
647
521
451
416
353
278
223
145
88
-22
-86
-197
-280
-395
-526
-598
-689
-763
-854
-907
-945
-1034
-1126
-1148
-1183
-1191
-1271
-1276
-1307
-1346
-1331
-1385
-1339
-1321
-1262
-1218
-1202
-1108
-1042
-1009
-957
-894
-807
-785
-695
-637
-588
-526
-483
-412
-376
-319
-239
-164
-88
-19
26
56
90
132
155
172
201
230
216
273
277
305
275
289
331
334
290
294
274
250
203
162
144
108
92
99
46
1
-18
-31
-70
-71
-133
-139
-160
-214
-235
-293
-333
-352
-311
-280
-272
-245
-243
-208
-134
-171
-68
-9
30
73
92
157
199
246
309
369
454
527
536
654
753
847
938
1014
1055
1138
1189
1177
1236
1249
1313
1405
1386
1337
1298
1227
1119
994
896
800
662
512
371
308
249
168
107
59
10
-70
-137
-222
-307
-327
-408
-558
-622
-707
-789
-871
-918
-914
-994
-1046
-1069
-1091
-1094
-1140
-1205
-1196
-1188
-1198
-1227
-1223
-1156
-1125
-1091
-1019
-954
-893
-798
-716
-662
-624
-578
-540
-472
-390
-354
-339
-297
-293
-233
-159
-127
-47
30
58
98
122
136
145
175
156
162
155
166
154
187
215
176
156
164
141
131
109
68
27
-45
-63
-103
-112
-147
-159
-172
-191
-224
-219
-212
-220
-257
-296
-279
-313
-317
-316
-274
-243
-218
-192
-166
-171
-131
-100
-63
-19
6
68
109
180
210
266
317
302
369
473
552
633
712
801
907
948
1010
1056
1140
1215
1250
1306
1310
1332
1344
1346
1267
1250
1142
1023
893
752
605
479
367
219
122
26
-39
-106
-179
-244
-255
-347
-400
-481
-570
-637
-781
-869
-919
-953
-993
-1040
-1042
-1040
-1110
-1113
-1140
-1164
-1159
-1148
-1168
-1165
-1149
-1149
-1115
-1070
-1016
-940
-858
-781
-663
-550
-445
-428
-319
-238
-200
-168
-108
-42
9
20
52
66
94
151
188
263
268
256
285
264
278
296
188
221
232
169
166
182
153
114
64
48
38
-40
-34
-91
-178
-235
-358
-481
-613
-702
-685
-681
-671
-736
-822
-837
-852
-796
-709
-643
-598
-594
-570
-542
-492
-428
-366
-225
-141
-82
-152
-62
-111
-119
106
312
605
815
1016
1138
1228
1332
1456
1532
1692
1829
1947
2044
2179
2347
2372
2384
2300
2053
1800
1448
1135
735
393
47
-276
-436
-610
-581
-597
-554
-519
-473
-499
-570
-644
-746
-857
-1045
-1186
-1323
-1353
-1261
-1171
-980
-758
-521
-300
-121
21
79
48
-19
-123
-265
-338
-309
-194
-79
36
197
330
404
497
471
401
228
-30
-272
-604
-846
-1046
-1226
-1239
-1235
-1194
-1075
-959
-737
-551
-463
-335
-321
-307
-241
-223
-197
-107
-105
-19
50
80
152
114
92
21
-71
-168
-229
-303
-319
-351
-310
-277
-241
-207
-219
-181
-131
-163
-118
-41
-20
154
390
690
973
1265
1680
2049
2241
2565
2793
2926
3106
3174
3212
3274
3344
3510
3720
3958
4187
4332
4395
4287
3888
2965
1600
-84
-1911
-3579
-4985
-6089
-6603
-6769
-6507
-5530
-4136
-2437
-706
740
1887
2717
3125
3289
3233
3093
2918
2521
2118
1927
1823
1939
1927
1674
1203
458
-455
-1537
-2695
-3810
-4820
-5633
-6157
-6223
-5771
-4832
-3581
-2239
-920
295
1337
2193
2734
3005
2941
2653
2232
1743
1366
1040
844
531
214
-145
-614
-1241
-1958
-2758
-3590
-4368
-4968
-5262
-5193
-4632
-3857
-2863
-1691
-586
534
1513
2199
2677
2892
2869
2716
2408
2083
1714
1312
801
269
-337
-937
-1450
-1997
-2453
-2839
-3084
-3178
-3011
-2691
-2192
-1573
-1014
-389
244
930
1550
2130
2655
3128
3524
3767
4062
4245
4408
4548
4538
4534
4425
4313
4291
4154
3888
3490
2956
2297
1198
-549
-2403
-4510
-6611
-7978
-9060
-9276
-8648
-7774
-6046
-3812
-1358
1483
3854
5541
6818
7265
7079
6525
5549
4440
3189
1757
405
-757
-1618
-2105
-2446
-2773
-3184
-3640
-3989
-4422
-4641
-4661
-4529
-4073
-3467
-2543
-1172
328
1927
3432
4378
4933
5100
4734
4055
2983
1582
136
-1477
-2979
-4091
-4815
-5163
-5190
-5087
-4819
-4474
-4122
-3634
-3151
-2556
-1927
-1179
-423
380
1343
2223
2971
3389
3549
3400
2913
2110
1201
190
-799
-1732
-2560
-3105
-3386
-3363
-3116
-2724
-2233
-1696
-1147
-617
-63
422
870
1138
1341
1508
1556
1638
1692
1754
1818
1831
1965
2097
2074
2144
2147
2206
2279
2286
2467
2596
2764
3114
3400
3795
4190
4271
4261
4012
2955
1272
-755
-3312
-5725
-7589
-8963
-9371
-9047
-8135
-6351
-3955
-1259
1725
4259
6026
7180
7367
6820
5868
4548
3098
1627
47
-1318
-2276
-2873
-3136
-3195
-3348
-3576
-3829
-4049
-4151
-3990
-3650
-3038
-2289
-1360
-25
1456
2976
4397
5395
5795
5644
4912
3711
2277
524
-1233
-2960
-4583
-5697
-6242
-6317
-5994
-5358
-4595
-3661
-2849
-2059
-1125
-306
393
1093
1711
2137
2631
2945
3089
2937
2427
1819
872
-208
-1254
-2225
-2987
-3510
-3805
-3787
-3499
-2960
-2227
-1509
-817
-92
552
1018
1368
1653
1767
1768
1607
1372
1067
708
341
-7
-270
-332
-160
105
467
935
1456
2024
2559
3083
3655
4024
4434
4699
4827
5174
5234
5115
4871
4325
3532
1891
-347
-2799
-5647
-8012
-9578
-10425
-10133
-9053
-7417
-4791
-1843
1352
4525
6738
8242
8792
8168
6990
5348
3412
1525
-449
-2260
-3633
-4629
-5081
-5080
-4960
-4809
-4741
-4586
-4396
-3829
-2929
-1837
-581
694
2045
3505
4888
5894
6640
6584
5874
4585
2774
791
-1184
-3073
-4722
-6048
-6962
-7175
-6784
-5986
-4855
-3585
-2371
-1276
-316
571
1403
2031
2589
2836
2837
2823
2589
2166
1600
760
-199
-1144
-2136
-2931
-3419
-3665
-3530
-3210
-2747
-1926
-1150
-268
503
1000
1399
1650
1674
1600
1446
1239
817
335
-141
-700
-1093
-1408
-1635
-1474
-1178
-620
199
950
1938
2777
3323
3835
4023
4131
4185
4053
4104
4101
4112
4352
4417
4540
4547
4080
3299
1424
-933
-3593
-6636
-8860
-10193
-10595
-9608
-7880
-5413
-2036
1363
4810
7807
9520
10232
9692
7903
5695
3132
689
-1611
-3649
-5142
-6018
-6272
-6047
-5468
-4856
-4422
-4025
-3585
-3175
-2260
-1069
349
1897
3264
4638
5908
6695
7053
6813
5692
3905
1590
-855
-3133
-5029
-6473
-7331
-7668
-7361
-6423
-5105
-3596
-2048
-615
471
1267
1826
2194
2472
2559
2452
2196
1720
1135
442
-329
-1128
-1913
-2670
-3281
-3571
-3590
-3232
-2582
-1823
-943
16
770
1367
1769
1947
1910
1691
1393
1008
599
159
-270
-822
-1285
-1702
-2117
-2298
-2241
-2028
-1396
-603
378
1601
2651
3549
4244
4516
4629
4558
4303
4045
3747
3568
3458
3475
3728
3897
3971
3820
3314
2359
384
-2183
-4904
-7808
-9792
-10585
-10256
-8477
-5932
-2846
816
4244
7286
9553
10358
9944
8387
5804
2910
120
-2260
-4127
-5437
-6124
-6287
-5971
-5306
-4522
-3804
-3301
-2883
-2467
-1906
-818
658
2271
3946
5328
6316
6828
6650
5890
4543
2418
-74
-2658
-4944
-6647
-7589
-7775
-7360
-6426
-5162
-3647
-2126
-743
385
1325
1793
1996
2059
2094
2093
1936
1616
1058
240
-675
-1675
-2560
-3152
-3597
-3802
-3726
-3239
-2292
-1183
-73
976
1624
2124
2167
1934
1697
1248
818
422
-43
-289
-449
-690
-801
-1146
-1448
-1732
-2096
-2051
-1837
-1273
-376
599
1596
2617
3384
3870
4086
3866
3634
3288
2872
2772
2857
3119
3598
4054
4575
4865
4841
4476
3699
2389
-9
-2883
-5805
-8704
-10324
-10518
-9427
-6930
-3873
-626
2810
5763
8139
9701
9732
8706
6528
3615
863
-1523
-3276
-4366
-4966
-5309
-5425
-5187
-4832
-4313
-3757
-3404
-2854
-2103
-1007
813
2915
4913
6523
7371
7447
6743
5326
3413
1160
-1374
-3900
-6048
-7502
-8073
-7691
-6699
-5430
-3985
-2725
-1554
-567
336
1176
1695
2001
2126
2225
2220
2069
1604
957
7
-1287
-2446
-3437
-4055
-4090
-3781
-3198
-2202
-1138
-67
897
1570
2130
2175
1892
1523
966
620
400
220
109
-57
-220
-455
-905
-1187
-1593
-1973
-2250
-2413
-2233
-1703
-940
-105
941
1773
2504
3050
3261
3315
3267
3049
2864
2703
2747
3073
3270
3649
4079
4338
4593
4471
4064
3504
2303
432
-2150
-4944
-7661
-9740
-10368
-9645
-7729
-4813
-1734
1393
4313
6579
8258
8796
8139
6641
4392
1891
-190
-1698
-2604
-3174
-3711
-4152
-4545
-4900
-5027
-4918
-4638
-4081
-3121
-1789
125
2533
4719
6411
7397
7351
6417
4715
2618
490
-1709
-3719
-5293
-6258
-6535
-6148
-5318
-4334
-3373
-2654
-2078
-1586
-978
-186
678
1565
2250
2660
2710
2336
1588
437
-1051
-2547
-3910
-4810
-4930
-4432
-3419
-2059
-623
565
1439
1797
1935
1805
1426
1150
655
313
279
177
188
208
-88
-458
-1058
-1668
-2022
-2278
-2170
-1773
-1362
-695
-30
505
1145
1526
1870
2159
2305
2457
2640
2740
2853
2983
3139
3283
3476
3638
3888
4074
4114
4259
4127
3822
3481
2698
1198
-1098
-3904
-6780
-9358
-10550
-10120
-8285
-5340
-2044
1151
4085
6451
8082
8794
8395
7057
4948
2500
455
-1001
-1793
-2254
-2735
-3385
-4282
-5183
-5872
-6198
-5929
-5115
-3855
-2071
240
2900
5417
7311
8284
8053
6755
4617
2241
42
-1872
-3300
-4362
-5055
-5236
-5060
-4656
-4152
-3735
-3505
-3324
-3025
-2362
-1177
373
1976
3269
4000
3916
3214
1788
-3
-1710
-3495
-4844
-5483
-5507
-4740
-3362
-1791
-299
807
1351
1343
1021
775
640
499
675
781
833
861
550
158
-418
-1177
-1849
-2552
-2878
-2675
-2186
-1342
-514
223
828
987
1062
1086
1106
1373
1595
1929
2411
2721
2961
3062
3079
2969
2877
2969
2982
3336
3759
4129
4691
4747
4668
4067
2463
9
-3273
-6645
-9695
-11432
-11204
-9364
-6077
-2463
931
3836
5784
7006
7464
7013
5976
4532
2808
1508
735
351
57
-617
-1920
-3854
-5935
-7729
-8684
-8450
-7158
-4957
-2268
706
3744
6242
7865
8470
7918
6330
4132
1918
245
-823
-1404
-1644
-2054
-2701
-3587
-4624
-5529
-6195
-6424
-6123
-5263
-3708
-1527
991
3394
5092
5810
5464
3976
1876
-248
-2118
-3390
-4107
-4349
-4125
-3548
-2863
-2154
-1508
-1125
-909
-927
-800
-243
457
1427
2393
2815
2816
2183
1095
-110
-1316
-2130
-2749
-3140
-3003
-2602
-2032
-1315
-757
-316
-96
-22
36
256
945
1724
2551
3292
3757
3869
3630
3201
2586
2265
2213
2294
2762
3362
3973
4577
4828
4701
4359
3389
1848
-448
-3302
-5974
-8382
-9478
-8774
-6946
-4114
-1185
1103
2956
4064
4660
5026
5102
5020
4672
4102
3416
2884
2293
1264
-181
-2233
-4675
-6952
-8548
-8946
-8047
-6206
-3709
-1154
1107
3095
4394
5177
5449
5199
4617
3754
3026
2602
2334
1986
1264
-91
-2059
-4197
-6218
-7652
-8116
-7637
-6488
-4829
-2835
-779
1065
2530
3465
3728
3378
2607
1601
696
53
-386
-730
-1345
-2080
-2917
-3741
-4058
-3899
-3273
-2284
-1384
-409
383
977
1563
1868
2001
1857
1346
758
309
-134
-312
-514
-871
-1254
-1766
-2226
-2477
-2334
-2015
-1478
-921
-355
215
897
1663
2451
3175
3695
3890
3740
3584
3403
3391
3540
3772
3908
3841
3832
3620
3241
2889
2286
1334
-254
-2485
-4733
-6942
-8320
-8228
-6828
-4384
-1765
498
2075
3037
3573
3995
4485
4896
5191
5187
4829
4276
3553
2427
801
-1352
-3785
-6031
-7616
-8107
-7449
-5850
-3872
-2058
-661
406
1124
1777
2463
3187
3875
4416
4837
4984
4939
4444
3305
1524
-784
-3147
-5255
-6618
-7074
-6803
-6022
-5092
-4265
-3379
-2533
-1661
-645
401
1376
1937
2384
2623
2506
2260
1795
764
-348
-1648
-2756
-3308
-3417
-2968
-2417
-2017
-1675
-1587
-1414
-1058
-625
293
919
1561
1897
1772
1670
1356
901
403
-253
-837
-1299
-1582
-1525
-1469
-1327
-1287
-1293
-1086
-682
138
1317
2547
3622
4174
4577
4444
4100
4000
3749
3699
3730
3733
3934
3933
3811
3382
2429
1033
-1124
-3660
-5882
-7416
-7944
-7114
-5258
-3169
-1356
-231
192
325
540
1142
2369
3791
5211
6053
6191
5686
4424
2647
580
-1499
-3434
-4642
-5131
-4969
-4218
-3476
-3086
-3182
-3421
-3490
-3063
-1911
-184
1712
3297
4594
5285
5375
5122
4525
3637
2545
1343
132
-985
-1967
-2864
-3864
-4896
-5790
-6399
-6451
-5813
-4642
-3103
-1759
-780
-110
83
506
992
1495
2206
2514
2483
2053
1318
479
-359
-1126
-1703
-2250
-2573
-2640
-2641
-2366
-2079
-1825
-1627
-1449
-1053
-580
53
775
1360
1606
1538
1294
929
565
237
-14
-199
-345
-435
-346
-85
535
1225
1876
2380
2664
2794
2858
3026
3339
3630
3896
4103
4187
4191
4087
3815
3291
2314
601
-1506
-3609
-5268
-6110
-5753
-4545
-3156
-2197
-1865
-2031
-2218
-1971
-1115
434
2154
3713
4742
5111
4902
4236
3325
2303
1354
501
-159
-602
-900
-1159
-1575
-2313
-3263
-4153
-4648
-4502
-3759
-2614
-1537
-698
-170
192
650
1429
2450
3483
4284
4512
4115
3275
2219
1203
234
-713
-1549
-2349
-3065
-3591
-3885
-4249
-4600
-4839
-5248
-5113
-4356
-3306
-1761
-406
598
1144
1351
1531
1639
1948
2271
2233
1987
1457
647
47
-509
-913
-1182
-1627
-1909
-2228
-2316
-2140
-1803
-1346
-955
-681
-467
-212
24
325
483
548
547
492
738
1227
1920
2640
3264
3668
3636
3621
3528
3590
3809
3930
4049
3927
3672
3338
2927
2366
1480
92
-1644
-3480
-5055
-5838
-5741
-4842
-3679
-2853
-2584
-2709
-2833
-2457
-1364
287
1983
3323
4031
4042
3741
3261
2960
2803
2623
2246
1654
991
263
-462
-1137
-1777
-2341
-2783
-2993
-2956
-2805
-2684
-2773
-3016
-3231
-3184
-2720
-1802
-495
786
1832
2440
2639
2687
2632
2585
2608
2583
2270
1691
875
-53
-1103
-1985
-2744
-3428
-3912
-4434
-4781
-4805
-4679
-4392
-3800
-3149
-2280
-1387
-516
433
942
1479
1789
1848
2024
2117
2158
2089
1800
1327
652
-142
-662
-1043
-1165
-1162
-1245
-1267
-1355
-1474
-1475
-1415
-1202
-876
-626
-332
36
404
757
1418
1997
2655
3405
3928
4388
4839
5021
4998
4972
4913
5008
5070
4903
4564
3718
2247
332
-1742
-3478
-4656
-5098
-4955
-4785
-4932
-5426
-6031
-6241
-5660
-4278
-2370
-493
789
1396
1557
1609
1997
2790
3840
4784
5209
4902
4079
3062
2125
1522
1048
791
418
-135
-813
-1671
-2584
-3371
-4007
-4473
-4646
-4567
-4341
-4003
-3590
-3288
-2810
-2025
-1037
124
1264
2082
2536
2656
2607
2581
2661
2824
2887
2592
1882
926
-262
-1260
-1981
-2494
-2746
-3038
-3348
-3684
-3994
-4055
-3837
-3301
-2555
-1831
-1175
-722
-397
-68
339
729
1174
1445
1570
1582
1493
1407
1258
1215
1124
1014
846
684
581
456
321
278
175
119
103
108
290
487
669
1023
1406
1933
2586
3001
3555
3981
4288
4736
4870
4925
4895
4401
3719
2699
1559
620
-284
-942
-1621
-2460
-3494
-4444
-5201
-5474
-5127
-4534
-3713
-3251
-3070
-2964
-2755
-2161
-1161
-46
943
1550
1796
1989
2146
2469
2928
3319
3524
3428
3060
2522
1982
1539
1173
742
208
-431
-1190
-1898
-2595
-3202
-3630
-3929
-4140
-4238
-4151
-3972
-3688
-3258
-2697
-2037
-1424
-726
-244
93
430
623
818
1066
1207
1375
1339
1138
842
385
66
-215
-473
-579
-676
-796
-851
-916
-916
-834
-849
-849
-872
-1008
-1012
-1047
-989
-832
-841
-807
-906
-970
-863
-736
-403
-37
267
586
774
1077
1440
1829
2235
2521
2666
2800
2806
2975
3230
3432
3667
3741
3812
3922
3908
3933
3962
3705
3147
2302
1384
596
39
-241
-377
-793
-1561
-2561
-3626
-4202
-4332
-4162
-3737
-3588
-3648
-3710
-3708
-3193
-2350
-1402
-551
-74
30
47
204
668
1332
1969
2524
2705
2595
2528
2480
2461
2556
2366
2022
1614
1096
758
509
278
-52
-521
-1183
-1877
-2504
-2927
-3097
-3255
-3385
-3522
-3582
-3556
-3441
-3149
-2707
-2304
-1969
-1694
-1561
-1252
-812
-361
110
379
516
543
486
480
514
603
599
664
673
628
660
692
737
732
707
616
509
339
171
84
-67
-340
-669
-961
-1155
-1221
-1212
-1175
-1043
-918
-695
-432
-41
483
1038
1680
2231
2795
3264
3708
4061
4370
4681
4968
5224
5283
5341
5127
4573
3879
3127
2372
1711
1102
600
-45
-929
-1772
-2490
-2881
-3119
-3262
-3458
-3850
-4317
-4715
-4848
-4626
-4202
-3697
-3242
-2874
-2512
-2074
-1479
-910
-384
86
376
683
1015
1423
1985
2483
2751
2775
2651
2420
2188
2099
2080
2091
1917
1617
1197
677
235
-193
-459
-815
-1304
-1786
-2377
-2965
-3334
-3642
-3851
-3852
-3958
-4094
-4059
-4067
-3802
-3378
-3010
-2477
-2170
-1811
-1331
-909
-431
-62
264
588
675
826
1032
1119
1333
1403
1480
1576
1614
1714
1778
1908
1835
1616
1296
963
564
201
63
-126
-300
-406
-697
-928
-917
-929
-671
-215
271
899
1498
2082
2748
3513
4181
4770
5218
5294
4979
4564
4172
3795
3460
3170
2721
1838
764
-270
-921
-1293
-1660
-2014
-2375
-2790
-3114
-3163
-2965
-2733
-2634
-2764
-2957
-3207
-3326
-3009
-2460
-1874
-1473
-1259
-1236
-1178
-1023
-692
-247
156
413
536
778
1039
1266
1520
1805
1870
1816
1712
1590
1594
1563
1518
1390
1189
841
599
416
168
2
-447
-928
-1443
-2118
-2607
-2916
-3116
-3239
-3365
-3518
-3526
-3604
-3581
-3442
-3216
-2875
-2659
-2331
-1918
-1566
-1064
-554
-178
184
433
552
650
697
843
989
1099
1189
1262
1333
1411
1353
1416
1492
1473
1492
1516
1568
1498
1368
1226
990
818
733
631
677
741
703
919
1120
1553
2212
2714
3230
3677
3846
3576
3448
3339
3176
3111
2985
2535
1796
879
234
-52
-559
-1068
-1726
-2438
-3021
-3365
-3169
-2777
-2461
-2364
-2281
-2322
-2383
-2348
-2082
-1804
-1569
-1447
-1401
-1299
-1220
-1120
-982
-937
-978
-936
-795
-495
-243
43
299
483
610
829
1111
1425
1564
1547
1424
1222
1016
907
885
851
694
439
137
-169
-505
-915
-1243
-1634
-2147
-2556
-2888
-3069
-3121
-3117
-3078
-3136
-3221
-3207
-3236
-3138
-2964
-2741
-2293
-1821
-1282
-718
-309
-63
89
206
400
679
944
1149
1190
1097
940
758
675
708
797
970
1191
1305
1414
1508
1665
1815
1889
2022
2093
2097
2038
1982
1958
1908
1905
1990
2162
2338
2513
2794
3008
2727
2581
2546
2431
2568
2604
2386
2126
1455
952
715
331
-76
-737
-1544
-2231
-2871
-3136
-2944
-2904
-2754
-2704
-2738
-2724
-2741
-2456
-1957
-1657
-1392
-1204
-1143
-871
-620
-363
-116
-199
-274
-328
-390
-334
-317
-216
-102
30
138
441
725
884
1004
938
834
644
524
591
596
520
424
286
78
-191
-339
-559
-877
-1233
-1525
-1791
-1999
-2101
-2103
-2182
-2281
-2430
-2609
-2751
-2900
-3000
-2919
-2793
-2577
-2329
-2105
-1776
-1542
-1296
-855
-361
148
574
902
1132
1221
1211
1245
1277
1242
1178
1115
1022
1054
1053
1219
1396
1516
1643
1744
1934
2128
2355
2464
2646
2646
2557
2574
2533
2681
2788
2874
2992
3009
2659
2189
2041
1876
1910
2033
2028
1927
1536
1043
995
875
676
270
-379
-1037
-1677
-2114
-2177
-2294
-2447
-2538
-2753
-2845
-2909
-2825
-2549
-2449
-2342
-2214
-2125
-1759
-1395
-952
-603
-601
-684
-693
-756
-760
-731
-737
-596
-495
-338
-20
335
567
728
739
675
606
591
683
751
761
661
473
245
-66
-267
-547
-879
-1035
-1266
-1581
-1828
-2112
-2303
-2419
-2527
-2609
-2703
-2784
-2805
-2802
-2747
-2683
-2656
-2597
-2516
-2427
-2184
-1855
-1398
-814
-275
199
727
1073
1390
1587
1783
1983
2009
2020
1927
1778
1727
1711
1668
1666
1662
1607
1685
1861
1983
2271
2531
2616
2693
2758
2741
2759
2859
2888
3017
2980
3067
2805
1986
1686
1188
877
816
756
577
396
1
26
216
22
-98
-621
-1122
-1374
-1630
-1598
-1526
-1717
-1714
-1905
-2263
-2371
-2555
-2538
-2373
-2394
-2257
-2145
-1958
-1501
-1073
-772
-642
-696
-657
-619
-670
-664
-660
-563
-390
-378
-306
-231
-221
-125
-7
108
211
263
269
183
-3
-189
-355
-465
-516
-560
-694
-896
-1031
-1205
-1349
-1481
-1636
-1778
-1888
-1940
-1862
-1814
-1926
-1972
-1954
-1987
-2041
-2043
-2127
-2196
-2217
-2281
-2086
-1769
-1330
-786
-374
44
372
737
1145
1439
1691
1938
2003
1951
1906
1824
1710
1563
1316
1087
934
921
978
1079
1307
1456
1531
1642
1697
1742
1894
1958
2073
2296
2466
2488
2510
2355
2172
1974
1530
1469
1333
1415
1674
1807
1854
1669
1345
1079
906
734
590
361
64
-211
-471
-598
-831
-1224
-1666
-2079
-2459
-2718
-2858
-2876
-2860
-2856
-2772
-2685
-2523
-2276
-2001
-1706
-1502
-1382
-1340
-1256
-1079
-988
-880
-805
-772
-671
-502
-306
-172
-125
-150
-277
-367
-365
-427
-478
-581
-719
-793
-881
-911
-955
-1004
-1152
-1315
-1431
-1529
-1595
-1576
-1521
-1545
-1548
-1509
-1464
-1393
-1438
-1604
-1648
-1752
-1800
-1684
-1585
-1367
-1082
-866
-564
-213
202
642
1042
1365
1728
1975
2153
2305
2315
2291
2088
1967
1699
1483
1338
1200
1135
1026
1023
855
750
768
810
931
1141
1252
1496
1652
1780
1858
1883
1924
1821
1870
1862
1736
1673
1677
1596
1711
1737
1747
1638
1302
1080
883
798
943
897
736
446
42
-217
-353
-538
-724
-1080
-1467
-1661
-1853
-1958
-2096
-2327
-2502
-2549
-2429
-2193
-1934
-1643
-1487
-1476
-1395
-1349
-1256
-1068
-897
-728
-689
-571
-407
-332
-141
-98
-122
-249
-440
-582
-689
-783
-972
-1039
-1165
-1276
-1228
-1243
-1294
-1384
-1471
-1524
-1545
-1435
-1402
-1377
-1400
-1517
-1442
-1353
-1258
-1168
-1093
-1181
-1125
-1041
-1054
-1001
-973
-701
-679
-337
28
276
756
1098
1444
1741
1929
1990
2045
2012
1946
1794
1660
1372
1282
1076
902
827
578
505
348
326
393
461
641
740
961
1133
1237
1424
1426
1573
1564
1606
1656
1595
1736
1751
1722
1747
1639
1576
1581
1511
1503
1466
1469
1361
1197
1076
909
746
611
425
266
37
-168
-279
-572
-805
-1180
-1504
-1750
-1936
-1974
-2035
-2065
-2025
-1959
-1913
-1802
-1694
-1609
-1453
-1305
-1192
-1047
-929
-828
-765
-626
-540
-506
-362
-406
-504
-485
-785
-789
-1006
-1265
-1167
-1355
-1227
-1318
-1254
-1167
-1258
-1179
-1059
-1269
-1046
-1204
-1305
-1111
-1316
-1042
-1282
-1084
-1140
-1161
-904
-1018
-877
-1120
-1049
-941
-941
-582
-341
-170
198
507
810
1125
1355
1616
1722
1859
1817
1675
1761
1382
1384
1221
998
840
459
376
7
-39
5
24
92
105
153
362
447
600
827
884
1090
1160
1262
1211
1307
1250
1235
1209
1035
945
874
887
898
1014
1009
1001
828
844
881
889
938
987
948
933
937
884
808
722
620
585
463
276
84
-138
-187
-345
-469
-436
-442
-374
-382
-401
-439
-564
-576
-621
-655
-631
-581
-675
-720
-752
-766
-779
-844
-973
-1179
-1240
-1420
-1524
-1534
-1666
-1671
-1722
-1709
-1494
-1388
-1155
-1027
-1144
-1081
-988
-1168
-1100
-973
-1099
-1008
-999
-870
-1081
-914
-1088
-1179
-1211
-1378
-1226
-1324
-1159
-872
-764
-493
-185
-48
357
466
769
1030
1094
1255
1254
1309
1234
1006
1071
605
513
432
215
117
-41
-83
-312
-415
-313
-465
-301
-143
-154
207
307
649
756
940
1002
974
1064
1009
1127
915
1004
702
718
452
361
221
165
152
-73
102
-277
-169
-265
-153
-115
24
201
88
462
297
362
518
353
452
371
465
390
490
611
492
759
503
700
650
582
742
562
615
349
338
156
268
154
63
106
-48
-207
-451
-445
-778
-904
-1041
-1237
-1271
-1367
-1278
-1192
-1101
-1104
-1102
-1085
-1178
-963
-994
-920
-707
-838
-920
-634
-870
-627
-587
-875
-636
-974
-971
-980
-1138
-919
-1241
-997
-889
-930
-374
-647
-106
70
-81
574
246
488
764
440
773
537
269
561
-45
313
-117
-211
110
-566
-187
-530
-618
-477
-730
-347
-396
-326
106
-81
474
333
545
962
449
974
588
514
520
91
435
45
-12
110
-567
-393
-574
-770
-583
-742
-430
-668
-296
-287
-289
144
35
380
482
439
623
619
425
513
516
129
406
310
246
491
327
399
339
171
208
317
26
233
208
138
277
32
225
-65
-108
-108
-521
-440
-707
-881
-794
-947
-752
-964
-823
-927
-1031
-554
-970
-438
-684
-494
-484
-482
-497
-125
-302
-194
92
-397
12
-346
-346
-467
-321
-514
-446
-398
-601
-408
-352
-275
-58
133
107
518
306
487
515
389
536
278
498
107
188
21
-110
9
-247
-192
-342
-501
-556
-640
-637
-360
-464
-160
78
29
538
343
703
733
736
898
702
893
534
761
345
448
-204
-64
-471
-758
-546
-1118
-697
-1143
-843
-1061
-795
-916
-660
-494
-331
-78
152
132
344
303
323
338
283
429
235
620
-42
751
105
352
335
151
345
143
332
197
259
185
312
48
165
96
-65
-41
-403
-287
-721
-531
-706
-884
-561
-975
-667
-782
-694
-693
-695
-604
-432
-410
-93
-142
-107
150
-6
226
58
140
-25
136
-40
-37
-25
-135
-307
-158
-281
-344
-114
-270
38
92
362
241
554
502
592
705
458
630
350
297
381
172
159
210
-214
-157
-412
-466
-432
-549
-291
-474
-275
-126
-138
138
354
419
762
741
978
979
1048
1114
948
976
794
697
584
273
293
-20
-146
-330
-468
-616
-907
-648
-985
-569
-716
-402
-519
-226
-279
-218
-22
-177
-42
-109
49
-122
119
-128
110
3
165
188
146
247
53
381
121
467
216
485
255
361
361
119
181
-112
-37
-412
-277
-621
-660
-798
-974
-969
-1085
-997
-1021
-824
-906
-562
-702
-324
-308
-311
88
-178
166
-18
198
-23
173
63
-19
206
-223
123
-344
13
-444
-175
-287
-309
47
-256
243
-112
310
-1
323
102
162
260
113
159
46
-110
-113
-258
-245
-272
-353
-296
-535
-376
-564
-395
-495
-210
-326
91
-16
286
390
473
926
480
1138
559
1025
610
782
643
505
619
84
249
-135
-280
-322
-496
-647
-680
-727
-736
-696
-499
-407
-380
-265
-190
-318
34
-263
-104
-142
-244
-83
-223
142
-143
153
73
15
297
131
338
224
421
224
560
400
427
447
432
123
282
-6
-183
-38
-532
-491
-665
-821
-816
-924
-959
-920
-827
-793
-606
-536
-342
-260
-106
-36
-26
161
57
327
149
339
293
185
337
215
94
276
18
205
-19
86
-12
1
-98
-128
56
-114
175
84
151
173
230
116
125
99
-195
-80
-412
-76
-417
-179
-333
-466
-467
-679
-494
-649
-287
-524
-234
-223
67
79
384
521
495
706
538
580
507
496
438
337
149
46
-76
-384
-292
-603
-541
-804
-682
-943
-796
-779
-776
-717
-589
-571
-561
-343
-461
-200
-401
-174
-417
-165
-278
-288
-41
-53
-100
194
32
163
360
143
360
244
488
242
470
326
187
257
114
-7
-252
-212
-622
-595
-684
-776
-734
-935
-774
-962
-713
-840
-623
-576
-413
-287
-394
16
-145
239
268
292
332
222
230
231
338
256
212
267
-77
-7
-3
-144
-162
-173
-379
-360
-343
-416
-170
-263
-160
-167
-135
-65
-134
-25
32
-21
107
-48
123
-139
39
-40
-93
-84
-243
-179
-314
-136
-167
13
26
251
271
330
532
342
659
474
525
388
259
282
-21
60
-210
-135
-399
-465
-531
-762
-754
-892
-925
-745
-735
-600
-452
-362
-436
-182
-264
-311
-126
-317
-265
-346
-287
-387
-173
-272
-225
-80
-220
-143
-5
-111
42
54
186
114
215
108
111
92
-52
-8
-198
-164
-267
-382
-345
-464
-443
-513
-511
-477
-645
-375
-481
-249
-250
31
-14
44
238
212
465
301
609
358
449
517
289
597
430
434
356
282
112
22
-34
-229
-152
-374
-258
-456
-361
-356
-417
-266
-351
-222
-201
-134
-75
30
37
107
34
137
151
176
84
26
-188
-141
-209
-233
-170
-181
-48
17
186
180
402
242
434
224
366
264
144
200
33
71
-203
-159
-428
-507
-635
-758
-822
-985
-902
-1002
-792
-803
-535
-601
-427
-374
-325
-234
-225
-78
-94
8
-63
42
5
-15
9
26
-2
-34
-49
-125
-154
-183
-265
-181
-261
-187
-301
-252
-402
-306
-384
-357
-328
-383
-297
-350
-266
-273
-296
-205
-245
-176
-146
-116
9
62
212
269
300
294
283
315
271
309
385
272
274
267
262
261
236
121
97
-101
-14
-195
-147
-307
-222
-422
-260
-356
-368
-244
-399
-245
-285
-124
-268
-48
-208
-35
11
132
157
138
129
-39
-19
-176
-144
-96
-96
-82
-110
-112
-85
65
-75
113
24
0
47
-76
-26
-96
32
-226
-137
-304
-346
-380
-504
-480
-656
-647
-809
-723
-883
-744
-714
-648
-484
-606
-413
-582
-363
-442
-342
-184
-170
-68
-188
-14
-146
-104
-37
-76
-35
-137
-95
-185
-128
-128
-217
-118
-399
-290
-490
-453
-478
-538
-380
-498
-281
-345
-204
-275
-268
-293
-165
-110
-93
-18
7
174
154
285
307
256
295
350
286
340
335
346
393
278
293
288
234
337
220
179
108
-9
-25
-161
-72
-209
-139
-191
-265
-228
-325
-223
-331
-218
-167
-148
-100
-58
11
119
188
166
263
162
259
87
97
8
-16
-125
-167
-134
-302
-199
-313
-278
-345
-244
-401
-351
-350
-367
-405
-319
-381
-334
-382
-460
-392
-475
-581
-503
-562
-681
-498
-662
-530
-590
-510
-574
-532
-583
-478
-444
-401
-355
-288
-150
-287
-15
-163
-67
-59
-79
-28
-101
-42
-160
-45
-214
-224
-349
-405
-497
-507
-550
-589
-475
-553
-341
-387
-235
-344
-153
-226
-108
24
-11
106
86
167
184
268
250
317
357
309
300
252
250
237
195
253
180
245
173
180
167
164
144
95
105
54
-2
-79
-42
-151
-112
-173
-214
-227
-182
-203
-127
-202
-80
-82
-51
80
27
199
52
215
160
142
155
93
59
13
-3
-10
-10
-188
-81
-59
-64
-125
-154
-114
-232
-199
-132
-228
-153
-237
-249
-188
-324
-295
-395
-481
-424
-445
-396
-418
-488
-469
-631
-522
-618
-604
-566
-576
-411
-466
-190
-348
-133
-181
-59
4
28
151
91
233
211
265
141
98
-66
-87
-300
-443
-403
-694
-591
-663
-573
-556
-537
-501
-531
-314
-372
-111
-83
-8
19
157
159
199
359
241
446
301
407
430
412
406
322
396
263
371
237
302
265
305
307
224
247
158
242
110
165
28
8
-193
-171
-239
-247
-202
-316
-277
-330
-269
-174
-140
-106
23
85
194
297
177
288
217
309
240
172
237
41
98
-96
-49
-152
-224
-210
-262
-308
-362
-377
-455
-389
-533
-448
-632
-556
-548
-563
-440
-527
-346
-427
-393
-431
-458
-385
-471
-454
-534
-569
-517
-536
-424
-461
-369
-453
-334
-435
-294
-259
-140
-133
-89
46
18
197
33
156
33
-60
-186
-258
-296
-428
-382
-597
-517
-640
-625
-566
-479
-407
-393
-239
-286
-161
-159
15
9
156
145
238
240
316
354
350
446
388
414
350
330
347
333
417
371
392
334
324
287
290
351
263
255
83
117
-39
5
-65
-177
-196
-292
-305
-359
-265
-282
-169
-203
-82
-51
31
55
153
206
143
334
184
214
143
149
71
-6
-74
-110
-215
-161
-193
-311
-206
-386
-345
-464
-495
-503
-586
-550
-521
-660
-577
-579
-669
-531
-571
-519
-401
-392
-281
-431
-335
-292
-421
-193
-312
-214
-238
-229
-168
-188
-225
3
-134
-26
42
-23
198
96
234
173
181
44
92
-32
5
-184
-168
-260
-444
-409
-632
-470
-478
-416
-346
-297
-297
-80
-86
227
278
384
410
437
402
535
614
608
634
545
700
476
601
425
561
384
362
354
298
295
241
418
138
305
161
167
168
65
35
0
0
-151
-70
-257
-202
-153
-130
-150
-92
-33
-120
93
149
115
266
161
205
221
191
137
113
41
-48
-17
-193
-325
-215
-390
-397
-332
-340
-442
-362
-452
-526
-455
-566
-534
-554
-508
-458
-350
-403
-236
-327
-79
-237
-146
-87
-214
-91
-84
-143
-157
-105
-299
-114
-275
-195
-206
-197
-221
-340
-228
-188
-233
-171
-147
-245
-204
-215
-295
-123
-323
-176
-451
-380
-537
-618
-486
-665
-444
-584
-465
-448
-392
-388
-173
-150
-6
153
122
248
260
418
353
561
444
517
569
473
557
575
513
379
509
264
340
207
256
136
229
128
160
155
148
122
-22
154
-43
-25
51
-101
-170
64
-334
-49
-192
-187
-41
-182
-82
-171
76
-161
104
-1
54
34
187
-28
129
11
-168
-74
-302
-312
-316
-333
-479
-367
-504
-546
-513
-613
-613
-578
-718
-668
-648
-695
-715
-569
-423
-515
-96
-461
-99
-360
-104
-114
6
3
53
-24
-38
57
-253
63
-246
97
-274
79
-189
-25
-121
-38
-160
-75
-201
-201
-118
-299
10
-252
-3
-458
-205
-407
-492
-395
-445
-532
-304
-475
-295
-165
-322
-60
-85
123
19
318
68
352
338
281
524
456
427
511
606
251
739
162
505
388
355
173
357
257
3
478
54
291
347
264
93
446
54
374
191
141
270
163
213
13
330
-170
224
-81
47
38
-114
-68
89
67
4
276
-161
135
-42
74
-107
-19
-299
-246
-152
-585
-142
-465
-382
-574
-503
-653
-539
-616
-660
-531
-610
-622
-439
-515
-526
-222
-293
-210
-159
-156
-155
-73
-143
-83
28
-24
-193
112
-83
-67
155
-228
-65
-105
-195
-90
-72
-282
-51
-178
-99
-212
-31
-66
-314
164
-249
-55
-209
-257
-323
-163
-399
-243
-225
-417
-300
-301
-290
-167
40
-210
125
114
-2
316
316
191
457
468
141
425
381
311
405
566
389
257
651
-45
398
253
24
340
265
89
216
284
24
364
196
202
44
359
-4
140
345
-54
123
227
-87
-67
131
-185
-108
159
-35
-161
-26
-186
-153
159
-113
76
32
-269
-101
-35
-190
-134
-112
-498
-216
-466
-628
-318
-609
-722
-340
-506
-670
-350
-773
-505
-270
-433
-240
-282
-242
-385
51
-40
-44
-1
-110
-113
-2
-236
-160
-76
-337
-24
-89
-119
-109
-302
-340
-163
-60
-186
-49
-147
-433
28
-127
-98
-99
-200
22
-107
-162
-196
-423
-460
-223
-183
-95
-302
-386
-386
-316
-129
-63
4
-75
-141
-46
308
-22
61
164
226
259
434
324
162
205
207
514
476
431
23
90
-7
125
389
261
39
-228
-114
-21
55
35
19
47
110
90
125
-2
-414
-228
-82
-96
-70
-443
-548
-487
-298
-157
73
-252
-442
-311
-170
6
-19
-133
-368
-432
-447
-431
-476
-456
-502
-406
-407
-572
-731
-818
-854
-564
-394
-422
-595
-802
-755
-562
-291
-109
-71
-338
-379
-323
45
38
144
166
95
120
77
24
-140
-118
-93
104
217
59
-269
-126
-233
-9
287
126
74
13
5
255
266
129
162
-104
-51
86
144
93
29
-139
-131
34
59
197
98
19
13
21
-17
37
-46
-27
290
326
343
398
330
308
439
501
413
318
147
130
323
390
466
401
370
295
186
273
227
194
175
180
264
210
155
35
45
-16
59
-48
-141
-168
-264
-178
-118
-185
-389
-397
-514
-365
-252
-163
-272
-369
-468
-452
-324
-206
-153
-325
-335
-371
-394
-455
-422
-591
-575
-486
-550
-566
-692
-726
-692
-469
-506
-453
-465
-432
-242
40
105
22
60
213
368
561
863
662
731
758
824
960
957
895
924
1025
1077
1207
1213
1120
1069
1269
1351
1530
1609
1527
1441
1446
1531
1594
1573
1383
1244
1127
1055
876
703
427
227
-7
-100
-213
-521
-822
-1062
-1191
-1272
-1319
-1510
-1668
-1873
-1913
-1917
-1874
-1902
-1963
-1895
-1886
-1760
-1617
-1590
-1593
-1579
-1518
-1327
-1188
-1159
-1102
-973
-832
-708
-594
-504
-489
-384
-216
-252
-241
-321
-382
-415
-378
-314
-377
-419
-351
-326
-329
-170
-127
-5
180
386
601
835
1004
1161
1357
1548
1797
2017
2274
2523
2756
3002
3379
3681
4161
4465
4495
4412
3913
3658
3470
3378
3401
3153
2572
1786
999
645
455
191
-164
-898
-1660
-2137
-2372
-2427
-2508
-2872
-3161
-3358
-3430
-3312
-3158
-3034
-2951
-2814
-2683
-2429
-2135
-1796
-1462
-1106
-828
-589
-380
-106
220
536
813
798
848
814
983
1132
1205
1127
859
684
527
516
396
166
-156
-492
-718
-877
-1006
-1226
-1534
-1756
-1961
-2027
-1993
-2066
-2194
-2255
-2237
-2074
-1902
-1724
-1532
-1457
-1299
-1093
-888
-547
-228
71
378
680
900
1175
1543
1701
2037
2183
2209
2308
2475
2575
2607
2714
2771
2843
2902
3099
3294
3678
3937
4244
4474
4489
4106
3595
3421
3099
3105
3011
2564
1736
823
12
-399
-548
-817
-1296
-2158
-2865
-3180
-3223
-3047
-2999
-3230
-3485
-3594
-3394
-2986
-2631
-2295
-2146
-1968
-1671
-1336
-877
-508
-323
-42
45
141
407
525
713
826
823
796
741
686
618
524
487
349
179
86
-14
-177
-419
-636
-844
-978
-1039
-1105
-1312
-1557
-1760
-1895
-1831
-1695
-1610
-1669
-1781
-1747
-1602
-1357
-1149
-968
-847
-737
-584
-243
51
334
579
672
805
1033
1318
1504
1721
1840
1915
1978
2087
2196
2320
2385
2399
2542
2594
2663
2815
2992
3323
3724
4083
4384
4537
4308
3784
3508
3255
3196
3173
2803
2161
1284
463
26
-200
-510
-934
-1686
-2444
-2817
-2967
-2904
-2906
-3158
-3414
-3553
-3417
-3138
-2905
-2737
-2634
-2508
-2271
-2004
-1584
-1188
-1034
-867
-675
-413
-117
159
397
489
511
680
820
913
958
808
745
651
596
558
451
209
-122
-376
-559
-742
-891
-1131
-1294
-1571
-1787
-1839
-1822
-1777
-1743
-1810
-1864
-1874
-1716
-1489
-1286
-1125
-1068
-910
-721
-508
-225
-5
177
315
463
758
941
1071
1291
1342
1487
1605
1696
1820
1845
1955
2056
2100
2133
2229
2145
2270
2336
2526
2749
2923
3144
3423
3565
3551
3277
2886
2724
2502
2417
2281
1947
1433
838
360
161
-11
-272
-688
-1279
-1725
-1853
-1888
-1920
-2050
-2255
-2435
-2531
-2476
-2359
-2300
-2248
-2279
-2165
-2008
-1799
-1563
-1412
-1315
-1190
-1055
-900
-707
-505
-315
-255
-161
-86
-45
35
119
121
123
40
39
116
116
61
-36
-125
-127
-150
-200
-255
-395
-499
-567
-480
-468
-517
-656
-890
-865
-820
-736
-715
-787
-859
-832
-754
-641
-574
-564
-452
-392
-180
-57
59
161
273
379
497
643
646
724
879
996
1089
1249
1295
1260
1373
1419
1517
1642
1628
1683
1818
2014
2254
2491
2705
2915
2979
2920
2767
2629
2549
2520
2440
2221
1893
1455
1025
774
467
146
-207
-660
-1019
-1265
-1395
-1494
-1664
-1827
-1981
-2066
-2022
-1932
-1849
-1841
-1906
-1836
-1697
-1542
-1397
-1325
-1273
-1254
-1077
-973
-897
-775
-838
-781
-684
-655
-492
-395
-459
-434
-394
-297
-230
-162
-230
-305
-316
-291
-260
-280
-400
-506
-451
-495
-478
-532
-564
-582
-585
-545
-505
-516
-521
-526
-467
-366
-327
-250
-285
-295
-265
-231
-148
-111
-110
-118
-122
-82
-33
47
131
203
323
407
488
612
684
835
858
896
972
1013
1128
1168
1183
1235
1279
1245
1330
1406
1443
1458
1467
1549
1612
1677
1691
1657
1590
1480
1410
1338
1322
1136
943
729
519
399
199
-35
-250
-466
-604
-750
-874
-997
-1154
-1285
-1382
-1424
-1476
-1481
-1420
-1365
-1287
-1232
-1142
-1104
-994
-849
-782
-735
-742
-760
-736
-639
-578
-585
-618
-681
-716
-659
-625
-661
-742
-773
-770
-667
-582
-513
-447
-401
-343
-301
-169
-123
-23
-29
-118
-86
29
46
17
-64
-104
-165
-193
-124
-173
-185
-270
-294
-276
-264
-193
-132
-149
-143
-137
-125
-38
4
83
83
36
-10
-35
67
127
120
37
7
-27
45
129
223
224
248
226
285
379
471
570
555
529
507
626
672
737
783
798
776
793
805
767
761
765
661
599
615
591
496
371
348
257
146
82
1
-111
-207
-276
-359
-456
-573
-624
-779
-794
-896
-965
-1007
-1047
-1074
-1155
-1116
-1085
-1075
-1029
-963
-969
-882
-873
-789
-751
-637
-632
-605
-566
-559
-408
-317
-276
-296
-302
-331
-282
-186
-180
-227
-225
-270
-220
-146
-91
-38
-74
-70
-92
-57
10
1
-42
-123
-175
-145
-103
-122
-113
-195
-272
-335
-334
-301
-243
-238
-307
-313
-315
-284
-157
-67
-31
-4
-9
43
112
136
196
156
192
191
173
215
225
244
189
241
248
249
256
214
229
171
217
267
247
202
139
145
99
35
5
-9
-70
-155
-261
-349
-342
-360
-417
-401
-485
-527
-487
-468
-458
-455
-456
-435
-440
-389
-339
-340
-339
-279
-303
-351
-336
-272
-299
-276
-239
-217
-165
-183
-152
-110
-102
-38
66
79
149
163
79
65
118
156
183
158
65
-51
-64
-78
-139
-181
-263
-338
-458
-541
-549
-516
-514
-499
-523
-569
-513
-425
-337
-255
-240
-242
-178
-101
10
51
73
56
58
112
216
228
248
253
169
160
139
186
202
175
164
140
109
116
136
105
71
79
57
-9
10
-51
-64
-120
-179
-175
-223
-218
-230
-253
-281
-320
-294
-301
-351
-293
-305
-307
-310
-307
-340
-348
-324
-360
-358
-376
-416
-451
-540
-526
-491
-497
-502
-518
-511
-532
-493
-437
-332
-290
-243
-225
-228
-173
-104
-39
-9
-7
-37
-14
23
55
108
88
8
23
27
31
24
25
3
-25
-30
-53
-112
-110
-149
-226
-192
-289
-315
-312
-349
-384
-427
-465
-544
-525
-529
-439
-462
-502
-443
-455
-322
-249
-215
-186
-136
-112
-9
59
82
73
17
34
89
115
76
43
-7
-53
-69
-107
-120
-190
-208
-288
-346
-340
-421
-372
-372
-394
-418
-428
-402
-423
-389
-383
-427
-433
-426
-443
-421
-448
-445
-445
-400
-337
-263
-285
-321
-286
-278
-198
-150
-163
-190
-172
-85
-30
20
18
77
26
5
59
85
93
73
45
24
30
-19
49
64
69
82
89
21
-28
18
40
17
-33
-50
-125
-146
-143
-182
-192
-262
-311
-303
-344
-331
-321
-334
-356
-345
-352
-295
-262
-260
-238
-244
-217
-221
-174
-136
-95
-85
-117
-127
-131
-142
-131
-151
-152
-162
-233
-233
-211
-193
-178
-185
-187
-223
-216
-162
-134
-156
-112
-126
-59
-85
-83
-115
-126
-100
-118
-137
-177
-170
-237
-272
-272
-245
-239
-272
-294
-307
-292
-222
-196
-147
-192
-179
-197
-151
-115
-90
-105
-128
-75
-47
-8
-3
48
51
74
99
144
207
247
219
259
294
323
322
283
340
300
335
291
276
243
170
100
-22
-66
-130
-153
-252
-323
-389
-471
-532
-502
-556
-564
-541
-583
-570
-542
-517
-514
-501
-495
-515
-489
-457
-447
-428
-438
-442
-372
-381
-307
-276
-295
-248
-205
-173
-127
-85
-43
20
15
13
54
79
74
88
92
48
29
30
57
55
66
22
-20
-9
36
105
137
153
132
129
172
215
216
234
166
178
128
131
172
146
88
39
2
-23
-2
-29
-83
-100
-89
-118
-68
-63
-37
-36
-14
-24
38
81
103
133
87
133
172
186
252
263
243
218
186
202
227
239
236
194
140
74
57
54
57
-21
-31
-44
-133
-126
-141
-195
-198
-235
-295
-311
-343
-344
-369
-403
-430
-421
-455
-417
-436
-407
-433
-371
-290
-302
-230
-191
-167
-179
-108
-111
-109
-100
-124
-144
-157
-141
-136
-94
-91
-129
-136
-156
-139
-60
-36
6
-5
-61
-62
-36
39
47
-1
-8
-59
-63
-53
-121
-142
-109
-139
-182
-190
-230
-175
-152
-209
-226
-156
-131
-104
-82
-116
-133
-90
-62
-25
3
57
25
20
-23
-6
116
129
111
51
54
74
169
194
247
183
192
249
299
324
328
396
300
287
315
330
318
285
274
222
173
136
80
3
21
-49
-122
-124
-127
-108
-139
-100
-160
-202
-212
-192
-125
-141
-159
-156
-139
-196
-172
-139
-153
-155
-174
-134
-149
-170
-195
-230
-211
-193
-192
-212
-182
-173
-195
-159
-178
-196
-218
-232
-210
-242
-217
-208
-225
-214
-215
-203
-218
-220
-194
-111
-54
-79
-115
-129
-93
-44
3
28
63
29
37
98
148
151
114
79
66
154
222
196
157
124
93
153
230
258
213
193
192
175
227
297
309
317
286
298
270
262
318
298
271
223
215
246
215
195
200
200
203
155
194
191
237
222
176
121
78
80
104
35
-22
-35
-122
-151
-148
-179
-273
-317
-355
-339
-347
-392
-355
-385
-337
-315
-288
-229
-241
-235
-205
-125
-80
-20
13
36
12
37
52
52
47
33
53
65
62
15
31
12
50
67
60
48
26
93
133
102
61
34
-3
0
-62
-119
-92
-150
-188
-177
-148
-170
-198
-223
-245
-195
-181
-183
-145
-166
-194
-115
-70
-79
-46
1
-7
-12
-28
-13
26
47
107
95
87
161
207
225
251
248
249
241
254
341
350
344
352
366
311
295
329
301
276
278
268
222
189
195
141
95
43
4
-35
-89
-73
-123
-129
-95
-76
-79
-58
-27
-14
26
28
56
67
93
134
128
149
108
183
146
101
130
119
100
94
91
79
88
98
78
80
92
83
75
70
65
40
37
-15
-15
-14
-31
-45
-134
-145
-165
-152
-113
-166
-160
-183
-197
-135
-153
-150
-104
-121
-132
-144
-91
-133
-106
-113
-113
-77
-101
-108
-120
-80
-102
-58
-71
-69
-58
-56
-22
6
46
39
68
72
53
84
133
160
152
193
220
205
241
294
297
245
269
259
258
263
263
219
242
184
176
180
190
163
106
81
55
31
24
67
21
-28
-66
-56
-59
-60
-9
6
20
54
41
31
23
90
125
158
162
199
261
238
242
295
331
331
389
371
308
293
284
316
266
231
238
183
203
184
211
155
123
106
73
133
102
20
17
-19
-56
-79
-101
-119
-171
-250
-310
-317
-356
-356
-393
-386
-382
-377
-346
-301
-252
-228
-214
-198
-218
-180
-128
-87
-55
-44
-53
-36
-3
20
47
39
48
77
105
136
90
141
130
145
199
198
201
200
217
194
219
205
232
225
232
200
173
183
164
112
67
13
-25
-9
-13
-41
-75
-68
-130
-104
-96
-159
-133
-128
-150
-145
-140
-141
-154
-127
-124
-150
-63
-120
-76
-31
-1
39
40
115
99
131
144
124
168
198
249
227
254
251
229
237
198
222
243
208
168
124
70
43
54
30
-36
-108
-97
-106
-128
-72
-74
-102
-93
-83
-25
-4
5
-23
18
17
57
71
53
28
-21
-6
-10
35
35
24
0
9
7
25
58
66
71
114
89
81
92
92
106
111
114
51
46
39
29
-1
-27
-69
-126
-115
-179
-194
-193
-258
-263
-281
-202
-226
-218
-207
-221
-198
-198
-181
-155
-141
-152
-114
-50
-10
34
22
64
112
113
120
133
198
187
233
317
286
280
316
309
277
301
310
283
221
187
171
128
142
116
86
87
43
29
35
66
38
-7
-15
-25
-13
6
6
-15
-37
3
40
-35
-1
22
-5
-20
-50
-48
-42
-68
-56
-95
-71
-77
-122
-80
-94
-72
-50
-53
-65
-56
-62
-35
-24
-23
-96
-94
-62
-99
-129
-151
-173
-183
-220
-269
-244
-280
-280
-299
-294
-265
-246
-229
-215
-230
-174
-155
-186
-191
-212
-169
-188
-211
-226
-228
-179
-206
-201
-170
-177
-165
-196
-142
-115
-78
-71
-78
-28
36
85
103
70
94
115
130
157
174
198
102
115
110
107
95
112
153
145
116
85
91
106
132
127
102
73
58
50
27
63
59
25
-45
-46
38
-20
27
-1
-32
-48
-33
-12
-53
-17
11
-27
-72
-20
-30
-31
-44
-55
-41
-13
5
-29
-89
-71
-23
-62
-68
-156
-175
-173
-110
-117
-148
-163
-147
-157
-118
-39
-90
-82
-95
-70
-53
-66
-35
-40
-15
4
-26
-11
-46
-36
-26
-82
-121
-103
-98
-135
-163
-164
-127
-162
-133
-167
-163
-191
-238
-326
-442
-741
-946
-865
-932
-520
-28
538
792
927
873
517
39
-335
-399
-496
-264
150
558
712
727
581
260
-106
-357
-435
-366
-145
91
316
445
443
267
30
-246
-488
-560
-541
-345
-86
139
285
284
209
34
-164
-348
-374
-336
-196
32
187
257
234
159
28
-181
-189
-248
-257
-128
-13
110
178
173
142
77
8
-48
-53
-54
-15
82
166
205
207
152
64
64
18
-20
-17
-23
-220
-248
-380
-405
-305
-57
175
206
309
117
-111
-466
-695
-1113
-1098
-1320
-1237
-933
-528
-2
211
639
417
319
105
211
72
268
680
889
910
872
684
34
-408
-645
-578
-408
146
617
934
890
681
269
-321
-888
-1241
-1359
-1390
-1001
-427
88
400
571
421
26
-395
-656
-812
-815
-613
-220
169
452
566
494
169
-161
-410
-545
-453
-236
137
394
548
569
446
110
-143
-361
-433
-403
-221
71
303
471
439
347
103
-116
-293
-351
-255
-112
45
294
391
386
267
120
-64
-251
-287
-185
-70
76
232
267
285
140
24
-59
-180
-204
-194
-83
-31
105
225
148
76
-82
-223
-277
-257
-171
-38
59
155
238
192
107
14
-97
-192
-172
-100
-39
119
229
199
193
180
87
-103
-166
-211
-231
-144
-64
63
167
178
201
109
53
-85
-125
-163
-129
33
66
139
80
43
-26
-136
-138
-140
-176
-176
-111
-86
-105
-78
-71
-125
-174
-160
-119
-215
-186
-133
-69
1
33
116
89
84
-17
-65
-36
-2
64
177
193
165
180
88
-13
-64
-125
-141
-68
-33
32
75
85
87
30
-16
-74
-126
-170
-185
-125
-139
-213
-229
-232
-274
-284
-320
-342
-326
-322
-202
-154
-160
-168
-242
-211
-369
-437
-451
-461
-446
-405
-354
-327
-243
-218
-246
-328
-363
-384
-384
-319
-158
-44
55
212
288
369
457
550
584
602
757
808
934
1029
1142
1244
1221
1249
1189
1148
1136
1209
1185
1155
1162
1074
972
918
872
713
512
360
199
28
-166
-275
-447
-674
-762
-938
-1154
-1250
-1401
-1437
-1510
-1358
-1286
-1181
-956
-751
-585
-463
-331
-298
-210
-95
48
140
151
139
67
-106
-351
-560
-786
-1039
-1257
-1421
-1588
-1786
-1805
-1886
-1950
-1993
-1988
-1944
-1923
-1837
-1738
-1554
-1335
-1148
-929
-733
-584
-464
-399
-285
-257
-182
-93
77
224
331
486
544
612
683
871
967
1209
1508
1760
2116
2333
2687
2896
3104
3391
3576
3962
4427
4951
5430
5668
5797
5474
4540
3000
1215
-591
-2319
-3200
-3800
-3943
-4036
-4446
-4650
-5112
-5271
-5250
-5109
-4589
-3801
-2655
-1417
122
1555
2693
3402
3558
3637
3524
3367
3468
3420
3479
3425
2967
2491
1690
719
-533
-1909
-3135
-4094
-4702
-4952
-4791
-4576
-4227
-3992
-3855
-3595
-3355
-2962
-2383
-1675
-881
3
792
1561
2015
2176
2126
1761
1318
896
440
17
-344
-741
-1056
-1551
-1982
-2334
-2806
-3150
-3359
-3458
-3240
-2840
-2308
-1718
-1250
-745
-283
66
454
895
1279
1702
2240
2779
3338
3796
4279
4649
4862
5044
5202
5289
5390
5709
6011
6407
6625
6437
5879
4453
1946
-933
-3878
-6501
-7859
-8410
-8039
-7317
-6852
-6168
-5660
-5025
-4169
-3395
-2409
-1071
563
2448
4536
6500
8081
8707
8408
7580
6207
4645
3376
2194
1264
486
-585
-1539
-2755
-4125
-5513
-7063
-8226
-8846
-8964
-8368
-7008
-5171
-3103
-1242
223
1398
2287
2916
3737
4371
4659
4859
4630
3859
3012
2081
1033
-142
-1380
-2517
-3720
-4622
-5059
-5179
-5143
-4799
-4426
-4160
-3764
-3326
-2732
-2118
-1491
-707
-98
409
1149
1693
2087
2403
2542
2596
2408
2236
2133
2046
2031
2134
2248
2323
2556
2899
3310
3795
4298
4836
5159
5621
6184
6545
6669
6231
4435
1549
-1731
-5160
-7439
-8434
-8377
-7303
-6448
-5691
-4925
-4385
-3426
-2400
-1471
-296
952
2242
3889
5634
7428
8740
8854
7973
6385
4063
1779
38
-1222
-1932
-2534
-3349
-4076
-4944
-5841
-6529
-7181
-7538
-7519
-7245
-6259
-4346
-1997
529
2668
4080
4763
4677
4276
3989
3827
3860
3764
3424
2892
2016
916
-305
-1763
-3422
-5179
-6818
-7907
-8112
-7477
-6156
-4609
-3188
-2080
-1400
-874
-356
143
640
1220
1698
1992
2256
2513
2591
2316
1745
905
-23
-873
-1360
-1296
-841
-227
420
879
1200
1472
1901
2448
3142
3999
4827
5582
6385
7497
8421
9158
9379
8345
5415
1497
-2866
-7211
-9604
-10716
-10211
-8624
-7467
-6114
-5124
-4356
-3118
-2107
-1117
327
1687
3319
5329
7510
9656
10910
10732
9393
7000
3770
604
-1927
-3622
-4403
-4998
-5584
-5928
-6483
-7073
-7492
-7870
-7766
-7437
-6905
-5182
-2644
423
3537
5688
7022
7338
6316
5321
4480
3836
3669
3155
2575
1883
835
-316
-1654
-3256
-4955
-6932
-8846
-9771
-9686
-8582
-6503
-4192
-1949
-235
680
1290
1727
2016
2424
2748
2836
2860
2623
2317
1913
1297
490
-699
-2080
-3060
-3609
-3363
-2448
-1392
-245
387
569
587
633
1091
2017
3109
4453
5843
6894
8096
9246
10088
10823
10786
9964
8059
4238
105
-4449
-8765
-10945
-12038
-11510
-10103
-8984
-7436
-6134
-4966
-3314
-1858
-309
1707
3601
5573
7737
9750
11274
11835
11026
9118
6335
2652
-782
-3377
-5168
-5977
-6555
-7071
-7234
-7658
-8017
-8089
-7972
-7131
-6119
-4914
-2697
43
3032
5906
8078
9239
9280
7655
5771
4158
2130
1466
752
32
-206
-1378
-2418
-3678
-5315
-6780
-8393
-9765
-9898
-9124
-7353
-4667
-1913
580
2363
3076
3270
3205
2699
2589
2479
2338
2429
2109
1786
1299
368
-459
-1559
-2720
-3374
-3558
-3329
-2379
-1092
-4
817
1139
1295
1310
1358
2248
3269
4560
6037
7278
8491
9414
10021
10344
10124
9279
7929
4864
777
-3263
-7703
-10702
-12024
-12095
-10521
-9112
-7672
-6003
-4792
-3165
-1328
154
2097
4146
5729
7341
8937
10273
10915
10290
8533
6052
2585
-1019
-3923
-6074
-7205
-7582
-7848
-7913
-7871
-7948
-7635
-7166
-6317
-4882
-3579
-1696
996
3744
6405
8427
9531
9656
8498
6198
4199
2255
369
-290
-1339
-1885
-2214
-3513
-4489
-5762
-7128
-7965
-8938
-9141
-8198
-6796
-4436
-1708
733
2785
3686
3752
3568
3010
2408
2296
2165
2177
2106
1560
1107
210
-776
-1723
-2749
-3447
-3568
-3337
-2715
-1564
-549
235
556
570
526
333
594
1618
2696
4317
6006
7194
8343
8890
9108
9080
8761
8078
7092
5305
2071
-1340
-5222
-8808
-10561
-11428
-10786
-9212
-7952
-6167
-4624
-3158
-1085
482
2065
3934
5269
6523
7858
8793
9475
9332
8025
6212
3527
321
-2414
-4739
-6287
-6965
-7439
-7601
-7298
-7051
-6675
-6139
-5513
-4407
-3212
-1894
211
2465
4517
6537
7506
7589
7163
5486
4090
2909
1536
885
-213
-1109
-1806
-3123
-4223
-5186
-6395
-7156
-7800
-8106
-7488
-6379
-4541
-2439
-439
1320
2573
2964
3169
3308
3124
3016
2752
2442
2007
1286
640
-35
-939
-1644
-2317
-2993
-3271
-3200
-2816
-2329
-1673
-1004
-558
-286
49
438
990
2009
3271
4666
6141
7363
8237
8845
9152
9395
9406
8992
8194
6702
3537
-313
-4234
-8405
-10581
-11507
-11172
-9436
-8134
-6564
-5086
-3939
-2150
-474
866
2789
4469
5871
7540
8906
10024
10369
9428
7555
4924
1587
-1447
-3750
-5458
-6265
-6745
-7094
-7046
-7002
-7071
-6952
-6829
-6219
-5156
-3906
-1742
759
3186
5457
7065
7838
7872
6983
5797
4583
3235
2290
1354
497
-172
-1042
-2389
-3821
-5426
-7021
-8129
-8834
-8684
-7766
-6352
-4374
-2301
-508
1065
1946
2373
2711
2763
2884
2947
2926
2946
2633
1896
983
-227
-1449
-2359
-3287
-3666
-3605
-3396
-2766
-2107
-1443
-806
-463
-176
240
630
1635
2991
4399
6198
7617
8491
9140
9379
9392
9356
9050
8522
7706
5853
2500
-1128
-5234
-8973
-10816
-11958
-11256
-9853
-8775
-7086
-5807
-4413
-2453
-954
829
3127
4892
6842
8792
10270
11352
11251
10011
8119
5314
2037
-767
-3225
-5045
-6091
-7031
-7578
-7856
-8425
-8956
-9262
-9293
-8536
-7158
-5096
-2135
796
3549
5969
7488
8336
8534
7878
7098
5730
4108
3109
1630
977
478
-729
-1814
-3635
-5550
-7280
-8860
-9332
-8960
-8233
-6801
-5021
-3231
-1557
-228
854
1477
1860
2125
2614
3033
3510
4044
3891
3429
2490
1108
-447
-1779
-2662
-3178
-3471
-3196
-2780
-2589
-2207
-1804
-1571
-1410
-877
-171
817
2142
3860
5547
6866
8178
8892
9161
9253
9102
8875
8527
7975
7123
4698
1267
-2109
-6320
-9385
-10952
-11542
-10573
-9656
-8522
-7039
-5746
-4116
-2391
-1062
745
2742
4315
6349
8386
9958
10547
10076
8725
6719
4038
1217
-934
-2822
-4160
-5092
-5840
-6399
-6914
-7820
-8658
-9073
-9107
-8192
-6724
-4406
-1343
1336
3681
5606
6599
6805
6918
6527
6143
6208
5924
5854
5382
4332
3047
930
-1523
-3712
-6052
-8003
-8938
-9555
-9279
-8372
-7388
-6071
-4948
-3938
-2712
-1471
-139
1599
3223
4625
5786
6269
6215
5454
4308
2996
1473
41
-967
-1827
-2380
-2513
-2734
-2943
-3344
-3550
-3657
-3538
-2952
-1980
-802
347
1708
3185
4667
5955
7173
8225
8782
9229
9465
9534
9795
9536
8676
6333
2796
-928
-5267
-8337
-9942
-10445
-9733
-9242
-8694
-8049
-7620
-6788
-5661
-4573
-2799
-692
1451
4026
6536
8550
9579
9583
8750
7408
5590
3794
2397
1158
130
-807
-1792
-3186
-4754
-6651
-8518
-9743
-10366
-9897
-8585
-6544
-3977
-1670
267
1983
3222
4216
5136
5963
7011
7850
8305
7983
7229
6096
4183
2602
695
-1223
-2875
-4885
-6307
-7449
-8175
-8204
-8204
-8099
-7368
-6575
-5477
-3982
-2205
-212
1315
2743
3887
4574
4737
4695
4455
3862
3325
2646
1919
1161
415
-419
-1357
-2194
-2867
-3366
-3795
-3792
-3517
-3071
-2592
-2026
-1231
-289
918
2204
3798
5253
6408
7533
8388
9185
9919
10437
10533
10115
8493
5439
2242
-1353
-4309
-6013
-7269
-7535
-7733
-8342
-8666
-8894
-8971
-8394
-7681
-6593
-4699
-2581
19
2936
5424
7191
7973
7811
7326
6718
6002
5468
5049
4439
3544
2301
840
-791
-2548
-4488
-6157
-7425
-8288
-8260
-7603
-6340
-4643
-3210
-2009
-1038
-409
395
1310
2368
3725
4948
6023
6735
6786
6019
4819
3254
1368
89
-1093
-2055
-2790
-3591
-4074
-4551
-5141
-5521
-5766
-5910
-5591
-4936
-4038
-2930
-1871
-1047
-459
110
605
1073
1474
1864
2244
2356
2539
2623
2488
2170
1721
1174
600
153
-212
-425
-639
-903
-1059
-1218
-1262
-1058
-579
93
940
1786
2854
3969
5054
6306
7428
8192
8578
8328
6982
5118
3046
860
-797
-1922
-2686
-2985
-3568
-4462
-5213
-6039
-6990
-7603
-7861
-7566
-6549
-5066
-3104
-1040
536
1554
2040
2079
2191
2401
2802
3436
4092
4608
4750
4654
4214
3413
2367
1108
-50
-995
-1721
-1948
-1877
-1838
-1770
-1856
-2174
-2574
-3023
-3318
-3403
-3091
-2516
-1540
-456
303
926
1130
975
680
249
-83
-91
-72
246
680
965
1166
1075
682
231
-255
-734
-1079
-1342
-1443
-1425
-1480
-1487
-1444
-1514
-1435
-1315
-1198
-895
-502
-105
225
608
966
1078
1042
869
630
364
-19
-368
-693
-1000
-1155
-1306
-1327
-1257
-1092
-838
-430
64
742
1439
2156
2865
3414
4070
4562
4983
5228
5024
4417
3710
3013
2357
1812
1378
1034
569
-9
-540
-986
-1266
-1589
-1914
-2097
-2239
-2254
-2270
-2246
-2142
-2003
-1979
-1864
-1785
-1587
-1315
-1147
-942
-767
-638
-567
-425
-330
-275
-135
-123
-111
-190
-324
-349
-345
-320
-229
-2
218
537
887
1176
1416
1628
1734
1849
1778
1592
1526
1280
1001
801
520
231
-76
-428
-864
-1189
-1827
-2407
-2773
-3256
-3448
-3584
-3627
-3491
-3255
-3013
-2627
-2186
-1805
-1374
-908
-423
78
642
968
1317
1549
1532
1550
1278
1027
740
261
-138
-482
-749
-803
-611
-397
-112
173
401
612
847
1249
1695
2213
2640
3199
3704
4127
4539
4815
4916
4813
4350
3783
3359
2731
2043
1403
784
225
-273
-829
-1157
-1318
-1773
-2251
-2620
-2932
-3114
-3155
-3065
-2697
-2224
-1877
-1335
-966
-840
-731
-685
-726
-535
-376
-284
-88
-34
-149
-349
-742
-1078
-1205
-1307
-1193
-852
-563
-222
251
492
818
1184
1371
1470
1545
1523
1630
1762
1694
1657
1723
1563
1264
937
417
-94
-639
-1152
-1536
-1774
-2082
-2304
-2298
-2283
-2191
-2158
-2315
-2439
-2456
-2426
-2230
-1875
-1595
-1240
-952
-755
-636
-502
-417
-351
-290
-333
-341
-392
-319
-108
114
356
586
765
814
835
761
781
949
1029
1158
1376
1610
1854
2072
2237
2552
2775
2903
3100
3154
3271
3365
3402
3146
2708
2366
1782
1251
786
350
56
-213
-474
-519
-436
-694
-909
-1078
-1215
-1175
-1213
-1163
-919
-724
-701
-636
-664
-874
-1114
-1413
-1732
-1795
-2005
-2122
-1859
-1713
-1536
-1388
-1318
-1145
-1017
-953
-678
-271
52
545
1032
1407
1708
1881
1863
1755
1635
1557
1692
1881
1841
1609
1419
891
341
-100
-584
-993
-1276
-1437
-1476
-1410
-1532
-1586
-1589
-1685
-1702
-1645
-1670
-1542
-1246
-1072
-705
-317
-154
-53
-61
-366
-653
-890
-1086
-1066
-1010
-829
-739
-770
-828
-880
-1052
-1192
-1217
-1188
-1024
-703
-316
109
659
1088
1500
1779
1872
1843
1748
1674
1779
2036
2328
2779
3127
3246
3265
3172
3000
2933
2692
2293
2265
2148
1932
1898
1704
1443
1301
886
572
509
110
-225
-491
-857
-1049
-1283
-1671
-1805
-1894
-2176
-2316
-2279
-2397
-2465
-2441
-2439
-2195
-1877
-1679
-1251
-831
-621
-422
-359
-279
-53
78
259
676
999
1305
1614
1878
1849
1706
1432
875
527
228
110
186
160
-44
-124
-351
-739
-866
-1067
-1206
-1284
-1233
-1024
-688
-332
-103
168
133
-35
-210
-545
-804
-792
-845
-866
-821
-1073
-1292
-1617
-2135
-2553
-2894
-3176
-3160
-3086
-2860
-2435
-2050
-1575
-1069
-588
-241
200
541
886
1220
1465
1681
1874
2030
2015
1978
1877
1616
1415
1127
952
855
917
1164
1389
1751
2067
2373
2572
2939
3340
3636
3764
3706
3755
3591
3340
3052
2635
2260
1817
1218
836
447
-154
-774
-1381
-1831
-2261
-2742
-3089
-3170
-3167
-3289
-3269
-3067
-3059
-2931
-2791
-2679
-2254
-1851
-1351
-529
79
538
822
759
680
531
207
14
-62
-108
92
328
464
490
391
46
-319
-469
-516
-301
49
363
820
1229
1452
1552
1446
1136
800
450
361
472
540
630
517
155
-481
-1223
-1949
-2569
-3018
-3253
-3323
-3116
-2896
-2744
-2458
-2320
-2277
-2232
-2136
-1880
-1499
-1105
-659
-288
-55
79
85
65
22
-60
14
55
173
413
581
735
863
928
1053
1145
1175
1278
1351
1474
1630
1859
2063
2199
2364
2390
2457
2509
2533
2624
2815
3142
3344
3188
2839
2551
1893
1311
872
387
137
-175
-498
-614
-697
-983
-1265
-1561
-1795
-1923
-1988
-1886
-1491
-1046
-786
-688
-698
-1045
-1369
-1721
-2021
-1987
-2030
-1912
-1459
-1097
-788
-534
-551
-671
-805
-897
-768
-386
29
563
1104
1392
1416
1333
1066
680
557
475
627
951
1196
1388
1438
1189
939
539
27
-308
-668
-793
-718
-633
-517
-461
-695
-1018
-1496
-2065
-2526
-2864
-2938
-2824
-2561
-2337
-2157
-2051
-2097
-2256
-2279
-2211
-1976
-1598
-1175
-667
-175
201
500
752
855
935
954
989
1191
1404
1681
1814
1801
1690
1425
1126
787
541
250
95
95
187
331
507
536
509
528
526
609
914
1398
1845
2349
2750
3189
3542
3483
3329
3126
2674
2366
2194
2000
1990
1730
1278
848
355
-346
-1083
-1628
-2029
-2275
-2363
-2294
-1968
-1658
-1495
-1356
-1386
-1632
-1696
-1771
-1750
-1400
-1152
-770
-383
-318
-267
-427
-675
-880
-1012
-951
-785
-502
-178
142
455
675
800
808
654
618
634
826
1241
1572
1750
1819
1733
1342
943
501
44
-346
-630
-747
-815
-905
-1073
-1411
-1898
-2315
-2681
-2883
-2932
-2782
-2525
-2310
-2097
-1946
-1767
-1646
-1525
-1362
-1180
-910
-584
-240
59
305
384
381
291
171
-30
-168
-160
-157
-78
34
162
263
274
218
171
185
230
367
575
859
1199
1495
1696
1880
1965
1993
1990
1934
1895
1991
2072
2158
2153
2108
2167
2136
1963
1670
1456
1208
975
1094
1156
1368
1673
1668
1612
1572
1280
883
462
60
-232
-523
-869
-1084
-1349
-1651
-2007
-2392
-2853
-3320
-3538
-3717
-3479
-3152
-2788
-2162
-1725
-1375
-1006
-711
-445
-128
166
535
926
1202
1559
1879
2018
1919
1663
1404
1012
743
594
537
587
510
411
325
169
2
-202
-434
-622
-803
-903
-917
-882
-827
-689
-710
-864
-1055
-1285
-1510
-1667
-1794
-1782
-1691
-1731
-1735
-1764
-1826
-1936
-2086
-2145
-2086
-1955
-1746
-1540
-1262
-951
-618
-277
80
408
660
962
1292
1478
1605
1695
1645
1547
1304
1045
763
350
-19
-377
-641
-827
-942
-952
-845
-688
-498
-276
-17
342
742
1203
1732
2215
2708
3189
3506
3764
3881
3987
3990
3799
3428
2997
2524
1982
1488
1012
612
270
-139
-357
-493
-690
-829
-1013
-1165
-1201
-1184
-1162
-1105
-1116
-1141
-1170
-1171
-1241
-1269
-1402
-1644
-1763
-1828
-1885
-1712
-1489
-1290
-1116
-1037
-946
-813
-685
-466
-234
24
393
771
1106
1430
1717
1824
1880
1813
1679
1617
1572
1370
1130
883
501
152
-186
-723
-1231
-1676
-2072
-2343
-2576
-2681
-2742
-2813
-2880
-2848
-2634
-2377
-2077
-1682
-1330
-891
-457
-94
241
372
365
258
140
36
-80
-204
-344
-437
-544
-699
-803
-867
-974
-975
-898
-734
-503
-199
138
429
695
869
1039
1133
1107
1000
887
777
678
635
526
467
391
172
-8
-149
-204
-111
13
236
526
984
1466
1915
2444
2967
3400
3506
3487
3404
3226
3096
2937
2734
2631
2256
1751
1272
812
335
-250
-812
-1357
-1789
-2135
-2412
-2491
-2477
-2471
-2400
-2262
-2121
-1898
-1715
-1443
-1089
-800
-450
-88
165
405
555
523
446
279
102
0
-119
-169
-147
-194
-262
-425
-587
-708
-788
-769
-678
-516
-279
22
257
541
763
889
904
885
859
736
637
514
361
99
-216
-669
-1078
-1472
-1923
-2285
-2578
-2733
-2807
-2804
-2650
-2354
-2091
-1830
-1563
-1175
-823
-531
-187
155
489
750
981
1096
1101
927
752
555
282
77
-188
-459
-696
-922
-1083
-1288
-1464
-1510
-1558
-1511
-1307
-1005
-614
-277
4
275
494
786
1112
1320
1654
1856
2022
2127
2213
2295
2310
2360
2277
2306
2331
2438
2536
2672
2829
2844
2765
2634
2412
2199
2116
1972
1933
1837
1593
1448
1217
839
495
84
-407
-842
-1203
-1537
-1722
-1921
-2066
-2201
-2287
-2471
-2674
-2850
-3048
-2986
-2838
-2587
-2160
-1802
-1403
-1039
-745
-453
-187
118
394
647
862
1113
1212
1308
1277
1138
822
503
180
-82
-214
-369
-426
-557
-566
-606
-640
-687
-724
-745
-748
-670
-558
-374
-202
-116
-134
-215
-345
-503
-645
-829
-978
-1014
-1105
-1191
-1185
-1265
-1351
-1437
-1538
-1555
-1503
-1304
-1060
-788
-504
-267
-101
53
127
198
290
312
459
489
500
561
452
326
164
-34
-265
-465
-631
-726
-828
-828
-769
-702
-609
-477
-295
-135
95
336
640
998
1338
1710
2038
2270
2429
2620
2803
2896
3015
3193
3311
3354
3393
3401
3330
3174
2959
2599
2161
1706
1288
970
702
522
286
116
30
-110
-216
-351
-498
-657
-821
-922
-1023
-1094
-1155
-1258
-1381
-1587
-1807
-1985
-2209
-2351
-2369
-2363
-2217
-1915
-1759
-1517
-1252
-1129
-1008
-895
-691
-386
-147
165
453
703
958
1090
1143
1007
879
752
633
548
464
403
439
406
294
254
112
-26
-169
-274
-403
-440
-532
-550
-522
-544
-571
-663
-798
-963
-1138
-1360
-1464
-1504
-1511
-1495
-1430
-1368
-1342
-1257
-1217
-1217
-1179
-1151
-1014
-855
-705
-501
-299
-176
-116
-99
-75
-149
-197
-221
-220
-232
-176
-31
6
-50
-173
-294
-358
-383
-386
-312
-129
11
206
456
665
922
1107
1277
1508
1712
1989
2279
2556
2833
2992
3058
3105
3045
2945
2871
2785
2759
2700
2582
2442
2163
1784
1402
997
653
330
53
-133
-374
-529
-651
-786
-987
-1178
-1475
-1733
-1988
-2118
-2125
-2070
-1988
-1985
-1926
-2029
-2111
-2081
-2030
-1932
-1805
-1597
-1314
-970
-674
-457
-291
-156
-125
-118
-43
14
107
236
362
518
660
696
605
399
229
132
71
118
225
368
484
592
686
660
522
283
81
-72
-159
-171
-137
-129
-218
-423
-674
-955
-1322
-1569
-1800
-1929
-1918
-1821
-1690
-1616
-1515
-1499
-1491
-1472
-1427
-1355
-1186
-976
-796
-591
-369
-193
-85
-92
-145
-171
-130
-55
55
246
405
484
485
432
319
220
162
109
96
190
327
490
634
707
744
768
758
763
722
780
853
983
1102
1129
1242
1158
1101
946
835
843
888
992
1141
1272
1389
1479
1553
1730
1828
1818
1765
1677
1607
1464
1378
1211
1061
874
619
309
-14
-289
-611
-850
-1137
-1336
-1497
-1620
-1646
-1716
-1718
-1724
-1722
-1710
-1684
-1566
-1444
-1284
-1125
-920
-703
-611
-501
-505
-418
-328
-243
-136
-56
-37
16
64
94
147
187
230
259
356
417
555
703
814
893
879
836
762
654
465
309
139
-85
-295
-490
-687
-904
-1187
-1446
-1605
-1717
-1785
-1844
-1835
-1823
-1788
-1688
-1560
-1401
-1187
-1030
-876
-668
-472
-262
-87
62
108
160
124
80
85
33
8
-12
-66
-132
-213
-342
-487
-570
-629
-688
-639
-621
-597
-542
-423
-270
-113
69
246
499
722
891
949
1080
1137
1126
1023
1061
1151
1211
1258
1300
1367
1315
1350
1366
1405
1448
1527
1608
1729
1866
1948
2007
2187
2205
2089
1924
1649
1393
1089
796
575
365
90
-151
-427
-759
-1065
-1349
-1664
-1904
-2095
-2179
-2108
-2023
-1859
-1675
-1425
-1268
-1167
-991
-887
-791
-699
-627
-461
-292
-92
96
153
131
54
-9
-78
-86
-33
23
132
249
346
418
385
329
248
145
159
162
175
190
196
215
157
88
-30
-184
-418
-688
-862
-895
-882
-923
-937
-1038
-1144
-1250
-1350
-1312
-1339
-1349
-1278
-1166
-966
-818
-619
-456
-333
-264
-213
-179
-199
-175
-215
-202
-306
-348
-428
-410
-440
-538
-552
-613
-570
-608
-572
-510
-451
-365
-251
-57
82
200
303
365
548
724
804
903
1033
1118
1180
1178
1213
1231
1183
1097
976
909
840
823
797
828
870
919
933
1002
1049
1154
1296
1439
1598
1730
1869
1925
1974
1947
1824
1692
1504
1236
946
610
378
153
-65
-282
-518
-711
-969
-1174
-1291
-1380
-1470
-1479
-1453
-1368
-1176
-1053
-945
-844
-776
-708
-676
-580
-553
-476
-324
-217
-150
-107
-110
-140
-253
-344
-330
-358
-340
-294
-196
-112
-61
30
120
194
215
247
277
318
329
346
352
266
150
47
-81
-280
-454
-617
-784
-887
-1085
-1101
-1196
-1282
-1362
-1379
-1333
-1329
-1293
-1216
-1136
-1054
-917
-778
-638
-518
-364
-304
-270
-214
-177
-142
-120
-177
-314
-424
-510
-634
-726
-771
-793
-827
-774
-725
-627
-509
-356
-235
-82
126
295
507
723
934
1104
1247
1422
1504
1511
1518
1475
1479
1467
1415
1367
1327
1223
1144
1049
945
964
918
900
959
1005
1052
1123
1158
1192
1243
1332
1310
1300
1273
1143
1059
923
705
485
270
24
-199
-468
-693
-841
-1040
-1205
-1283
-1349
-1355
-1379
-1376
-1324
-1260
-1174
-1062
-958
-887
-736
-587
-476
-406
-350
-268
-232
-201
-140
-121
-73
-74
-117
-101
-127
-144
-135
-146
-91
-67
-60
-26
-1
-13
-23
-44
48
83
77
121
112
74
31
-85
-141
-230
-413
-524
-680
-795
-879
-1022
-1091
-1137
-1205
-1220
-1208
-1208
-1145
-1062
-979
-880
-744
-590
-453
-330
-253
-216
-260
-319
-279
-248
-179
-129
-132
-140
-150
-198
-256
-268
-323
-312
-282
-178
13
173
356
452
603
645
691
725
761
858
935
988
1021
980
989
943
845
784
660
560
503
450
462
460
423
473
489
474
497
538
524
570
583
609
652
749
799
837
863
844
817
705
675
612
531
304
188
110
-15
-105
-256
-371
-492
-561
-633
-719
-781
-775
-741
-735
-721
-699
-644
-587
-510
-464
-407
-356
-327
-268
-227
-193
-205
-220
-208
-189
-211
-181
-147
-135
-108
-84
-21
65
150
263
328
409
494
531
543
600
498
428
331
135
36
-87
-149
-315
-412
-547
-685
-876
-1055
-1152
-1254
-1334
-1332
-1239
-1203
-1126
-1059
-950
-847
-754
-705
-647
-560
-452
-340
-264
-170
-151
-167
-162
-173
-191
-201
-216
-219
-187
-171
-100
-26
2
38
64
59
100
124
200
288
323
497
555
623
705
726
692
606
623
563
524
480
405
338
248
213
176
99
38
-83
-159
-174
-179
-138
-100
-17
40
161
257
359
477
547
631
705
787
830
865
924
923
908
885
806
691
497
303
142
4
-145
-211
-209
-247
-255
-221
-183
-205
-165
-144
-140
-167
-143
-74
-51
19
68
90
118
147
140
46
18
-88
-144
-219
-200
-180
-122
-84
-153
-162
-250
-244
-233
-229
-228
-169
-156
-103
-74
-130
-143
-244
-296
-347
-396
-388
-365
-371
-385
-392
-440
-495
-567
-730
-850
-902
-919
-890
-852
-791
-681
-606
-515
-463
-412
-322
-258
-201
-110
-48
-5
-10
-38
-82
-237
-325
-448
-573
-646
-711
-799
-833
-873
-883
-788
-736
-640
-490
-329
-198
-53
95
285
456
542
677
720
724
743
709
630
544
460
352
218
114
14
-111
-129
-184
-191
-114
-112
-87
-70
-5
45
91
146
247
363
485
599
712
821
858
900
903
946
900
853
851
793
765
776
779
783
675
593
575
498
473
438
415
395
453
508
485
482
514
443
369
325
315
239
199
126
50
16
-74
-192
-356
-496
-638
-725
-770
-812
-745
-602
-470
-350
-242
-135
-31
99
210
343
408
407
440
433
396
336
191
47
-208
-419
-584
-731
-921
-1072
-1154
-1236
-1294
-1372
-1375
-1333
-1256
-1206
-1035
-911
-767
-627
-511
-375
-295
-259
-163
-104
-133
-141
-181
-239
-310
-353
-434
-485
-544
-568
-558
-527
-440
-346
-281
-257
-212
-191
-143
-102
-18
81
132
201
207
173
165
160
61
-27
-125
-199
-172
-200
-216
-250
-237
-275
-329
-325
-274
-183
-81
47
179
388
528
705
898
963
1068
1135
1252
1268
1339
1326
1360
1300
1225
1102
881
789
620
513
342
242
186
184
234
345
427
529
620
725
779
867
922
943
1004
998
932
866
762
575
481
263
64
-110
-293
-407
-537
-682
-765
-881
-932
-949
-984
-920
-828
-722
-605
-449
-324
-239
-93
-64
-39
-35
-45
-36
-101
-159
-242
-348
-466
-591
-708
-785
-881
-927
-943
-957
-939
-936
-921
-915
-908
-826
-722
-605
-478
-388
-285
-235
-168
-167
-193
-182
-222
-255
-280
-325
-340
-366
-403
-467
-544
-607
-706
-768
-752
-735
-707
-637
-541
-461
-381
-263
-255
-226
-150
-72
-20
54
92
117
85
-11
-44
-138
-163
-212
-254
-284
-340
-320
-230
-166
-105
-61
18
106
221
370
466
600
712
821
939
1030
1103
1107
1128
1113
1064
989
932
900
740
696
639
538
491
466
421
446
511
502
526
587
688
714
763
845
906
936
981
985
993
916
874
770
669
585
460
307
216
173
86
-20
-143
-216
-255
-329
-381
-344
-334
-313
-308
-272
-245
-181
-121
-159
-199
-195
-212
-257
-307
-335
-372
-426
-510
-606
-698
-790
-883
-980
-1032
-1080
-1075
-1061
-1008
-965
-912
-855
-740
-649
-579
-493
-379
-239
-166
-86
-15
21
16
-7
-55
-132
-154
-252
-321
-356
-411
-460
-497
-500
-503
-546
-537
-594
-513
-420
-343
-300
-214
-150
-154
-148
-148
-180
-216
-181
-209
-193
-224
-264
-306
-352
-403
-415
-403
-385
-358
-354
-264
-155
-57
77
183
271
445
528
565
669
743
804
811
869
868
862
844
808
858
803
740
706
640
568
485
406
344
356
354
350
389
354
381
372
441
547
551
586
588
640
715
707
722
726
690
646
628
560
494
422
303
175
84
-16
-187
-336
-414
-488
-567
-635
-677
-630
-665
-629
-574
-548
-518
-475
-434
-426
-364
-349
-334
-364
-372
-417
-502
-503
-561
-654
-624
-636
-703
-699
-674
-673
-679
-667
-603
-575
-533
-468
-421
-259
-191
-89
6
19
30
35
29
12
14
-72
-104
-105
-137
-216
-276
-316
-404
-456
-502
-517
-507
-494
-492
-470
-463
-422
-473
-431
-367
-341
-316
-251
-216
-149
-145
-141
-152
-194
-236
-316
-340
-406
-421
-416
-442
-445
-423
-442
-400
-335
-298
-174
-96
-43
10
73
133
233
332
444
547
591
642
679
690
689
677
608
611
544
544
499
492
487
427
468
417
450
450
518
605
613
646
708
734
780
830
744
728
721
677
620
515
497
415
318
276
173
132
79
-9
-52
-84
-78
-125
-128
-85
-115
-102
-43
-27
36
52
0
-1
-29
-29
-13
6
9
-52
-119
-172
-191
-248
-316
-357
-420
-453
-453
-423
-390
-400
-326
-317
-268
-253
-236
-136
-105
-55
41
56
87
77
38
47
-47
-105
-161
-208
-247
-339
-463
-537
-562
-637
-700
-772
-780
-797
-807
-855
-888
-866
-852
-820
-840
-791
-769
-698
-614
-618
-515
-436
-408
-394
-383
-391
-338
-326
-331
-278
-242
-203
-195
-161
-111
-71
-42
24
126
226
295
381
423
425
383
346
314
278
301
262
274
245
208
254
190
164
171
175
141
95
136
192
255
258
294
368
388
387
380
420
435
441
442
490
523
530
511
499
484
477
471
489
537
551
661
672
722
772
807
840
857
812
784
816
770
765
737
661
551
455
355
307
238
179
136
66
7
-24
-50
-70
-98
-167
-216
-254
-255
-262
-309
-319
-382
-393
-363
-388
-455
-433
-438
-463
-461
-472
-483
-513
-530
-548
-619
-630
-627
-643
-735
-747
-715
-722
-750
-752
-695
-670
-664
-686
-618
-493
-414
-406
-360
-293
-276
-237
-257
-230
-195
-154
-123
-158
-149
-162
-154
-219
-202
-240
-287
-244
-262
-280
-274
-296
-299
-332
-353
-357
-372
-353
-359
-378
-394
-381
-377
-361
-380
-382
-359
-284
-295
-307
-293
-279
-219
-156
-128
-104
-57
-72
-43
-7
0
52
113
198
246
311
359
424
489
539
621
713
823
930
1019
1026
1089
1139
1146
1181
1183
1164
1147
1072
1066
1043
1001
945
930
866
836
803
826
833
823
813
826
799
776
711
654
564
422
412
330
244
149
64
0
-65
-162
-238
-317
-398
-462
-503
-514
-539
-566
-511
-528
-538
-574
-593
-567
-534
-511
-499
-442
-456
-435
-456
-480
-526
-551
-593
-631
-705
-714
-709
-731
-669
-678
-673
-654
-648
-626
-552
-527
-507
-420
-413
-351
-305
-349
-370
-406
-417
-407
-395
-443
-402
-451
-463
-450
-517
-578
-629
-636
-698
-697
-758
-726
-686
-669
-603
-588
-533
-478
-438
-414
-348
-331
-317
-180
-131
-75
-28
-26
-10
-25
-78
-97
-114
-87
-54
-46
4
34
134
184
229
294
355
429
498
582
679
705
809
889
936
995
937
906
925
880
849
852
803
770
750
739
686
696
656
635
585
569
556
563
598
605
634
648
656
627
648
661
610
628
600
524
519
471
490
426
373
341
312
289
238
225
257
247
248
205
197
154
133
110
81
59
45
8
-69
-166
-254
-298
-369
-451
-497
-578
-623
-672
-773
-798
-868
-933
-975
-1011
-1035
-979
-985
-956
-873
-831
-819
-754
-709
-669
-604
-561
-458
-457
-436
-404
-382
-412
-436
-447
-475
-518
-487
-445
-444
-390
-420
-428
-422
-414
-408
-411
-392
-280
-259
-213
-139
-100
-105
-57
-22
-52
-80
-75
-90
-129
-53
-108
-135
-146
-136
-150
-168
-180
-243
-219
-210
-185
-152
-88
8
107
201
232
283
310
349
425
477
542
596
632
618
607
637
572
605
537
485
487
471
501
509
508
500
478
488
455
476
504
490
553
549
581
530
533
543
494
501
525
526
493
496
525
505
527
497
485
424
353
304
324
270
193
220
163
112
125
97
45
14
26
-13
2
-10
-36
-38
-89
-114
-103
-121
-145
-145
-207
-234
-248
-273
-281
-300
-320
-368
-405
-405
-437
-432
-423
-378
-452
-441
-498
-573
-503
-572
-546
-534
-552
-525
-512
-529
-520
-543
-534
-530
-494
-492
-474
-449
-441
-417
-413
-403
-342
-286
-305
-317
-321
-261
-227
-249
-271
-216
-231
-281
-221
-199
-235
-231
-220
-229
-237
-206
-155
-113
-92
-58
-74
-43
-27
-10
50
70
104
114
118
189
173
135
142
120
113
95
134
162
207
272
290
296
290
266
279
325
245
252
260
268
340
321
347
301
293
300
251
210
225
248
267
313
348
428
453
483
538
547
557
563
572
601
644
662
635
646
648
648
622
589
620
568
533
517
455
400
398
322
266
267
189
125
57
61
26
35
6
-64
-40
-26
-22
-25
-21
-27
-70
-88
-63
-99
-107
-110
-121
-192
-204
-223
-223
-243
-275
-315
-317
-304
-349
-363
-354
-353
-362
-376
-358
-357
-322
-356
-350
-268
-297
-308
-326
-371
-413
-419
-435
-457
-493
-513
-611
-624
-592
-618
-621
-577
-568
-543
-497
-432
-401
-359
-310
-273
-230
-246
-190
-207
-139
-81
-111
-73
-99
-55
-63
-33
-47
-79
-44
-6
32
53
40
54
59
65
81
60
82
153
168
218
295
274
303
274
257
290
297
251
232
206
253
232
227
242
247
282
304
359
381
434
415
493
560
574
581
600
657
629
638
649
633
620
610
565
549
487
410
405
365
351
332
248
195
138
137
142
137
137
161
150
198
191
187
254
270
295
286
296
297
253
206
203
159
122
83
30
31
-12
-38
-9
-47
-38
-8
25
47
33
28
46
92
127
129
109
98
121
150
155
154
119
96
70
-1
-31
-124
-129
-184
-300
-293
-336
-339
-348
-315
-369
-373
-348
-357
-307
-271
-248
-251
-211
-194
-224
-164
-224
-286
-278
-316
-327
-363
-411
-399
-440
-438
-432
-458
-492
-540
-494
-447
-441
-399
-376
-320
-290
-223
-152
-151
-103
-98
-106
-71
-43
-7
-48
-2
15
-33
-112
-73
-65
-88
-112
-130
-124
-126
-117
-104
-11
24
63
159
204
238
271
328
364
434
445
440
454
403
422
333
277
280
252
182
147
104
98
145
101
117
98
118
119
133
208
201
242
309
363
364
402
411
378
404
349
340
305
256
229
183
162
140
92
71
20
35
55
44
46
92
129
173
221
267
352
397
415
400
412
425
425
417
379
345
300
278
226
136
98
-5
-133
-179
-172
-200
-221
-252
-259
-259
-298
-265
-240
-176
-132
-85
-9
31
78
58
78
108
106
90
108
88
62
6
-13
-73
-123
-171
-210
-281
-327
-315
-335
-330
-374
-335
-305
-269
-298
-261
-264
-264
-242
-242
-193
-177
-140
-167
-221
-307
-317
-368
-383
-364
-414
-371
-365
-393
-387
-414
-385
-305
-267
-246
-190
-88
0
85
115
183
234
238
278
284
312
281
316
332
330
288
251
263
261
211
127
91
93
108
105
123
113
129
159
170
158
151
210
172
202
219
185
220
195
180
157
128
72
50
16
-31
-16
-14
5
-16
-31
-63
-41
-67
-10
49
66
98
141
220
230
239
258
259
250
272
290
230
200
167
149
53
60
5
-9
-23
-66
-94
-92
-60
-57
10
25
86
55
121
108
156
190
216
236
222
204
162
165
138
107
54
27
-58
-77
-92
-109
-187
-227
-250
-276
-246
-310
-311
-267
-246
-197
-209
-202
-183
-208
-197
-198
-187
-209
-199
-215
-255
-323
-342
-351
-382
-435
-430
-443
-433
-425
-443
-403
-359
-313
-315
-257
-179
-99
-62
-39
64
115
137
218
210
221
246
240
211
189
184
227
238
176
191
189
191
166
155
142
121
100
106
100
73
85
86
124
168
131
176
173
140
165
156
173
198
177
180
175
125
135
138
127
78
81
63
48
67
78
119
96
114
138
144
146
157
154
171
173
169
126
119
101
58
9
-3
-42
-49
-63
-94
-58
-51
-81
-87
-128
-74
-37
-50
21
36
91
118
121
147
152
147
134
125
129
120
53
29
33
-47
-87
-121
-210
-247
-297
-342
-332
-341
-314
-330
-335
-291
-297
-249
-244
-235
-243
-234
-214
-219
-169
-150
-166
-187
-164
-148
-165
-196
-208
-168
-157
-161
-132
-88
-88
-50
-56
-78
-26
-8
40
45
53
123
146
150
197
200
225
144
131
118
101
151
143
93
116
90
36
37
35
43
18
-19
27
35
62
138
126
177
159
128
195
169
208
192
195
147
110
121
20
48
4
-48
-80
-84
-80
-127
-102
-80
-131
-137
-81
-71
-31
-12
42
74
120
138
124
145
173
188
178
218
147
154
118
124
76
41
29
20
-28
-86
-68
-11
25
-6
8
-52
44
11
-19
-14
-14
34
43
38
37
79
40
-32
-41
-46
-65
-90
-106
-83
-123
-111
-80
-103
-122
-146
-165
-152
-131
-120
-138
-73
-43
-19
24
75
106
75
120
106
68
51
91
154
121
122
76
39
9
-55
-100
-105
-85
-96
-122
-69
-19
-10
39
42
33
62
71
62
59
83
127
179
154
135
173
187
186
148
158
117
131
139
121
108
130
114
72
60
24
38
19
-32
-12
55
94
56
49
32
22
35
8
16
-2
-28
-48
-8
-65
-120
-124
-119
-146
-164
-178
-138
-115
-98
-42
-78
-65
-70
-61
-56
-61
-49
-34
4
40
5
35
40
35
34
33
15
-11
20
41
16
28
17
-22
-76
-21
3
1
23
41
53
65
85
92
138
152
153
208
187
220
291
258
295
282
311
290
267
265
263
237
240
186
203
172
152
140
118
106
64
41
23
29
-21
3
48
55
51
61
45
15
14
15
-15
-35
-19
-15
-56
-40
-37
-73
-75
-72
-77
-86
-45
-40
-17
-16
-17
57
55
60
63
80
63
57
72
100
69
24
33
-18
-13
-24
-56
-158
-156
-164
-154
-168
-195
-171
-214
-199
-220
-195
-169
-153
-84
-86
-73
-86
-62
25
22
60
50
8
-10
8
-7
-20
-13
-46
-35
-59
-115
-104
-139
-154
-158
-153
-156
-137
-122
-112
-113
-98
-28
-4
33
54
14
48
89
84
45
41
-2
-56
-33
-15
-24
-20
16
0
-25
41
48
9
93
54
4
65
93
104
130
196
172
166
191
175
190
204
184
185
185
201
142
105
131
148
122
72
77
38
61
71
66
84
78
75
91
93
65
97
75
76
56
91
102
38
60
74
-2
-30
-24
-75
-94
-67
-142
-138
-114
-145
-151
-133
-103
-170
-164
-127
-147
-117
-104
-90
-86
-45
-63
-30
-51
-87
-109
-117
-106
-137
-137
-163
-192
-242
-227
-213
-235
-205
-153
-198
-160
-184
-188
-100
-109
-91
-110
-68
-48
-69
-46
-25
-13
23
-8
-36
-47
-48
-16
-33
-26
-49
-72
-60
-77
-115
-90
-105
-71
-75
-95
-40
-11
-6
-1
48
71
73
62
63
120
137
123
153
161
111
74
82
85
31
0
24
34
27
26
31
66
49
53
83
88
110
112
159
197
214
223
205
175
165
190
163
143
130
