-69
-38
-1
-10
4
34
86
86
107
98
91
88
76
103
80
19
1
-17
-8
17
24
2
-6
-23
-56
-50
-67
-53
-103
-72
-105
-104
-145
-91
-105
-107
-127
-178
-83
-96
-56
-80
-40
-2
0
6
86
128
164
242
298
331
410
487
597
625
714
799
816
937
1035
1095
1231
1328
1369
1521
1574
1637
1648
1664
1715
1673
1654
1574
1503
1443
1266
1196
1059
901
756
665
578
424
339
264
196
100
8
-76
-156
-211
-313
-399
-477
-532
-648
-762
-836
-884
-920
-962
-993
-1049
-1106
-1102
-1082
-1127
-1112
-1133
-1123
-1066
-1090
-1055
-992
-984
-928
-903
-838
-752
-671
-561
-536
-435
-355
-299
-236
-171
-98
-68
29
23
47
83
140
166
208
270
263
289
344
356
375
379
366
344
324
328
313
297
308
262
260
244
234
175
135
145
68
49
-22
-60
-94
-145
-153
-150
-202
-179
-242
-249
-244
-265
-253
-261
-250
-203
-248
-283
-193
-172
-158
-120
-80
-50
48
78
141
243
282
351
412
468
503
537
634
712
771
906
989
1072
1143
1257
1361
1419
1433
1439
1464
1484
1468
1456
1403
1353
1250
1134
1057
914
820
672
586
466
368
285
179
95
18
-56
-115
-167
-253
-300
-386
-459
-506
-575
-651
-735
-826
-890
-918
-931
-990
-1011
-1045
-1075
-1099
-1127
-1126
-1115
-1095
-1112
-1081
-1095
-1067
-995
-1011
-972
-916
-769
-678
-650
-566
-482
-434
-330
-293
-287
-201
-180
-121
-73
-27
5
10
42
85
130
153
142
158
184
160
169
131
116
105
66
63
79
101
40
14
13
32
46
-13
-37
-73
-92
-103
-97
-107
-113
-125
-125
-93
-90
-124
-93
-97
-104
-73
-132
-69
-54
-47
-66
-41
12
57
95
135
172
180
240
281
344
386
428
453
496
545
591
679
698
755
882
954
1045
1080
1160
1193
1254
1265
1310
1292
1219
1241
1192
1168
1128
1025
922
870
767
652
567
427
336
203
125
38
-41
-111
-191
-241
-301
-363
-417
-491
-523
-564
-621
-684
-754
-825
-861
-898
-925
-985
-1013
-988
-974
-931
-980
-964
-955
-954
-944
-950
-894
-861
-792
-777
-756
-645
-590
-493
-469
-386
-297
-236
-194
-133
-83
-97
-24
15
1
38
49
90
97
96
113
115
167
129
127
168
161
147
131
137
137
115
125
85
103
82
47
25
-21
-36
-84
-72
-119
-143
-138
-155
-176
-184
-175
-217
-225
-212
-237
-220
-217
-229
-186
-160
-136
-101
-99
-81
-59
30
86
114
184
216
228
281
316
344
397
488
586
621
640
680
735
804
849
860
1004
1053
1093
1171
1217
1323
1298
1336
1333
1366
1365
1300
1332
1203
1156
1021
926
883
748
654
506
380
276
162
7
-56
-100
-141
-174
-256
-338
-364
-437
-446
-562
-609
-667
-762
-759
-850
-869
-917
-924
-968
-986
-992
-998
-991
-995
-999
-957
-945
-967
-928
-949
-888
-836
-752
-653
-617
-507
-491
-418
-317
-267
-160
-153
-98
-62
-55
-37
-37
-22
9
37
15
33
18
102
93
95
103
91
106
108
57
55
54
4
-8
-9
-3
-14
-16
-34
-48
-46
-58
-115
-137
-130
-141
-202
-230
-207
-201
-158
-168
-175
-165
-183
-169
-126
-120
-123
-75
-40
-28
14
-3
37
91
87
128
159
188
242
298
310
359
369
428
471
538
573
593
604
628
678
696
768
866
922
896
940
1004
993
1038
1009
966
999
945
932
909
855
733
659
572
467
419
294
171
126
8
-93
-128
-234
-285
-344
-415
-473
-472
-472
-514
-551
-572
-670
-704
-777
-768
-847
-896
-836
-887
-837
-846
-804
-795
-793
-755
-756
-749
-744
-729
-696
-670
-614
-590
-505
-429
-397
-349
-286
-226
-170
-147
-71
-39
-69
-125
-145
-84
-84
-97
-84
-90
-111
-20
-30
-41
-23
-13
-34
-51
-76
-82
-108
-122
-153
-151
-175
-199
-338
-515
-691
-896
-1088
-1230
-1221
-1180
-1123
-905
-680
-537
-377
-292
-201
-127
-84
11
24
90
149
227
266
321
399
415
469
504
588
598
647
658
677
664
682
719
730
737
770
799
809
809
907
986
1082
1164
1232
1352
1362
1459
1518
1582
1619
1517
1433
1200
965
694
408
149
-202
-497
-782
-1017
-1191
-1223
-1212
-1135
-1025
-939
-810
-776
-746
-744
-761
-793
-908
-917
-896
-858
-651
-463
-233
10
242
453
610
732
811
745
596
432
156
-53
-180
-366
-495
-533
-577
-543
-502
-460
-387
-341
-408
-490
-659
-851
-1013
-1156
-1211
-1320
-1305
-1266
-1164
-955
-767
-595
-452
-332
-282
-293
-333
-303
-375
-360
-380
-436
-403
-432
-333
-264
-242
-243
-265
-328
-378
-402
-451
-434
-391
-343
-243
-159
-1
208
404
540
654
765
876
981
1164
1387
1548
1800
2081
2356
2650
2930
3213
3405
3601
3671
3798
3974
4080
4202
4293
4222
4137
3967
3394
2476
1254
-282
-2050
-3682
-5163
-6284
-6955
-7348
-7175
-6467
-5222
-3486
-1613
128
1786
3070
3938
4510
4684
4666
4323
3648
2892
2138
1519
1126
811
565
285
-118
-640
-1363
-2158
-3064
-3920
-4765
-5622
-6130
-6222
-5793
-4898
-3650
-2153
-508
1072
2430
3591
4446
4944
5022
4624
3822
2837
1792
824
-47
-783
-1336
-1855
-2311
-2713
-3026
-3219
-3420
-3728
-4053
-4260
-4282
-4101
-3640
-2923
-1995
-992
-12
979
1905
2662
3153
3322
3213
2775
2145
1427
587
-217
-889
-1537
-2154
-2601
-2998
-3154
-3254
-3311
-3221
-3115
-2842
-2443
-2014
-1390
-656
8
734
1379
1900
2407
2789
3106
3258
3334
3355
3295
3209
3130
3099
3134
3161
3117
3142
3090
3076
3163
3145
3155
3181
2981
2751
2193
1140
-127
-1761
-3547
-5072
-6383
-7159
-7253
-7091
-6262
-4860
-3055
-764
1553
3509
5218
6323
6656
6523
5842
4878
3676
2127
506
-896
-2118
-2854
-3197
-3364
-3279
-3124
-3158
-3242
-3306
-3379
-3368
-3405
-3302
-3088
-2621
-1843
-701
580
1905
3217
4023
4412
4438
4144
3403
2332
1003
-568
-2054
-3381
-4278
-4817
-4857
-4521
-4041
-3518
-2930
-2231
-1557
-902
-439
-116
133
369
612
876
1302
1617
1869
1873
1663
1301
807
279
-509
-1239
-1942
-2623
-3106
-3228
-3084
-2688
-2129
-1607
-1020
-494
-86
349
596
727
761
564
407
331
325
372
447
538
682
842
1043
1333
1628
1962
2359
2646
2895
3146
3466
3817
4093
4397
4577
4755
4813
4784
4686
4400
3822
2748
1006
-1016
-3248
-5494
-7251
-8456
-8964
-8597
-7709
-6141
-3759
-1033
1997
4761
6772
8253
8851
8477
7696
6256
4528
2636
556
-1387
-2948
-4024
-4536
-4599
-4448
-4087
-3805
-3581
-3335
-3019
-2666
-2240
-1822
-1282
-582
362
1550
2766
4011
4877
5306
5183
4494
3389
1913
285
-1499
-3290
-4802
-5863
-6364
-6210
-5476
-4323
-2984
-1676
-561
388
1111
1568
1769
1641
1303
917
466
245
242
276
327
289
118
-132
-517
-787
-1131
-1575
-1886
-2222
-2426
-2288
-1896
-1342
-842
-312
87
203
329
316
202
74
-222
-548
-799
-989
-945
-834
-551
-152
220
683
1198
1670
2222
2785
3192
3497
3653
3807
3920
4017
4152
4253
4341
4546
4747
4870
4949
4799
4361
3509
1846
-392
-2751
-5553
-7900
-9487
-10397
-9998
-8808
-6971
-4137
-886
2495
5907
8314
9889
10619
9872
8393
6356
3867
1449
-998
-3268
-4824
-5834
-6236
-5900
-5321
-4562
-3665
-3049
-2599
-2095
-1616
-1060
-455
208
1001
1923
2819
3781
4617
4997
4895
4150
2733
1005
-943
-2945
-4671
-6132
-7095
-7394
-7120
-6047
-4459
-2584
-619
1040
2326
3120
3419
3295
2950
2241
1372
514
-314
-1001
-1440
-1662
-1670
-1683
-1737
-1654
-1642
-1613
-1419
-1171
-874
-467
-184
85
371
545
628
520
277
-79
-602
-1033
-1457
-1763
-1913
-1954
-1905
-1718
-1333
-955
-461
-1
486
988
1375
1866
2354
2657
3056
3266
3363
3466
3425
3579
3708
3817
4178
4467
4804
5113
5164
5042
4587
3532
1714
-757
-3405
-6326
-8883
-10318
-10929
-10183
-8378
-6039
-2769
837
4281
7626
9847
10903
11038
9664
7509
5008
2194
-308
-2582
-4516
-5647
-6258
-6156
-5447
-4500
-3479
-2558
-1913
-1420
-963
-415
244
1027
1767
2598
3443
4032
4569
4691
4326
3356
1801
-236
-2360
-4397
-6041
-7153
-7736
-7550
-6743
-5414
-3546
-1355
732
2540
3776
4337
4369
3842
2974
2002
836
-339
-1381
-2268
-2822
-3042
-2944
-2574
-2211
-1779
-1268
-829
-261
378
893
1379
1649
1553
1313
1010
517
-46
-592
-1195
-1734
-2087
-2197
-2167
-1838
-1399
-953
-613
-205
165
374
718
987
1206
1498
1690
1907
2196
2417
2701
2924
3009
3130
3274
3516
3863
4261
4788
5260
5428
5433
5241
4484
3223
1046
-1691
-4647
-7676
-9858
-11039
-11067
-9590
-7275
-4394
-718
2945
6463
9411
10962
11515
10698
8578
5956
3109
333
-2079
-4066
-5612
-6420
-6720
-6382
-5492
-4539
-3522
-2653
-2055
-1321
-424
592
1818
3129
4259
5075
5587
5682
5447
4660
3293
1433
-992
-3446
-5612
-7188
-8046
-8107
-7508
-6363
-4799
-2966
-924
1023
2670
3846
4294
4090
3500
2575
1620
653
-405
-1394
-2282
-3072
-3477
-3571
-3375
-2824
-2359
-1723
-904
-147
732
1640
2217
2511
2490
1954
1177
269
-637
-1448
-2232
-2786
-3076
-3107
-2749
-2204
-1520
-741
-110
350
672
869
1111
1267
1464
1676
1840
2025
2148
2355
2432
2549
2617
2603
2812
3037
3370
3859
4301
4863
5256
5265
5250
4706
3485
1699
-952
-3904
-6886
-9467
-10751
-10982
-9852
-7441
-4634
-1231
2337
5571
8330
10075
10547
9835
7897
5340
2678
110
-1993
-3683
-4933
-5732
-6040
-5928
-5469
-4839
-4144
-3426
-2750
-2040
-968
474
2143
3952
5415
6433
6951
6738
5981
4621
2717
440
-2098
-4533
-6514
-7757
-8098
-7600
-6443
-4902
-3255
-1552
78
1621
2860
3692
3973
3772
3272
2540
1709
881
1
-1037
-2115
-3210
-4204
-4744
-4877
-4530
-3713
-2745
-1547
-165
1172
2459
3382
3745
3589
2856
1758
439
-865
-1810
-2491
-2986
-3102
-3005
-2661
-2106
-1486
-859
-369
21
295
442
666
1000
1304
1626
1848
2041
2114
2011
2008
1990
1998
2125
2374
2735
3375
4141
5022
5894
6423
6673
6519
5642
4275
1920
-1337
-4559
-8013
-10677
-11718
-11583
-9729
-6779
-3610
220
3779
6711
9142
10174
10047
8832
6371
3669
1251
-943
-2390
-3424
-4244
-4728
-5204
-5502
-5516
-5317
-5001
-4469
-3812
-2710
-968
1078
3517
5953
7689
8585
8497
7272
5478
3285
655
-1924
-4491
-6607
-7862
-8313
-7777
-6455
-4804
-3080
-1605
-425
637
1569
2385
3070
3455
3512
3328
2862
2271
1568
496
-843
-2316
-3969
-5136
-5711
-5599
-4673
-3321
-1736
-48
1350
2560
3567
3969
3939
3323
2187
924
-406
-1336
-1894
-2117
-2167
-2247
-2173
-2121
-2045
-1791
-1505
-1178
-778
-406
114
781
1507
2234
2765
3048
2911
2649
2300
1915
1830
1866
2068
2565
3202
3988
4977
5756
6392
6495
6081
5057
3132
387
-2840
-5998
-8991
-10746
-10975
-9831
-7130
-3923
-593
2936
5689
7729
9007
8981
8156
6469
4079
1957
52
-1306
-2022
-2649
-3153
-3758
-4586
-5380
-5956
-6168
-5947
-5168
-3910
-2017
436
3032
5690
7801
8958
9018
7876
5854
3404
711
-1779
-3886
-5619
-6587
-6969
-6674
-5794
-4643
-3462
-2520
-1814
-1185
-469
375
1514
2680
3641
4317
4504
4118
3292
2017
277
-1719
-3746
-5483
-6667
-6926
-6144
-4706
-2769
-689
982
2371
3321
3767
3839
3467
2934
2088
1130
331
-337
-815
-1036
-1311
-1733
-2192
-2552
-2726
-2727
-2228
-1522
-737
128
916
1608
2144
2413
2538
2453
2169
1923
1784
1830
2122
2603
3048
3369
3820
4187
4438
4792
4866
4677
4364
3653
2423
840
-1372
-3790
-6021
-8081
-8907
-8462
-7021
-4275
-1380
1382
4153
6093
7334
7953
7617
6639
4999
2983
1215
-200
-1215
-1857
-2442
-3260
-4091
-5114
-6048
-6389
-6220
-5475
-4041
-2206
40
2534
4832
6896
8113
8248
7467
5712
3413
1096
-1052
-2754
-4016
-4911
-5446
-5672
-5558
-5119
-4492
-3859
-3125
-2425
-1581
-411
978
2604
4027
4939
5253
4702
3450
1655
-372
-2423
-4297
-5723
-6436
-6410
-5589
-4072
-2348
-572
889
1806
2304
2560
2620
2514
2323
2006
1547
982
440
-53
-579
-1060
-1524
-2025
-2431
-2595
-2496
-2050
-1337
-551
207
783
1194
1459
1609
1743
1914
2086
2344
2630
2832
3077
3323
3485
3529
3568
3521
3389
3444
3515
3555
3557
3238
2327
720
-1542
-4045
-6575
-8476
-8953
-8340
-6344
-3513
-784
2041
4410
5940
6815
6918
6311
5235
3655
2187
1104
276
-89
-463
-1192
-2231
-3663
-5289
-6609
-7243
-7042
-5973
-4286
-2005
644
3179
5395
7018
7668
7384
6210
4365
2477
758
-606
-1565
-2367
-2994
-3614
-4370
-4999
-5425
-5527
-5334
-4780
-3803
-2386
-569
1349
3248
4703
5452
5239
4075
2452
520
-1277
-2721
-3804
-4364
-4550
-4566
-4167
-3535
-2776
-2013
-1325
-642
-13
717
1585
2498
3192
3551
3333
2380
1158
-181
-1406
-2108
-2443
-2380
-2023
-1662
-1114
-637
-269
78
72
109
82
89
539
1195
2100
3030
3594
3978
3975
3751
3583
3377
3310
3376
3430
3606
3851
3946
3920
3625
2706
1166
-1142
-3889
-6432
-8358
-8826
-7835
-5762
-2928
-258
1881
3505
4481
4897
4917
4671
4188
3519
2886
2420
2252
1972
1370
258
-1535
-3623
-5666
-7219
-7726
-7142
-5709
-3730
-1574
511
2348
3645
4521
4934
4752
4302
3569
2920
2541
2261
1881
1142
-125
-1819
-3782
-5602
-6846
-7292
-6969
-5945
-4492
-2757
-881
837
2230
3210
3608
3434
2634
1765
1087
456
122
-207
-877
-1624
-2549
-3553
-4119
-4385
-4187
-3640
-2764
-1605
-546
664
1733
2290
2568
2304
1590
768
111
-289
-486
-391
-338
-494
-702
-1002
-1267
-1409
-1288
-1028
-726
-223
289
963
1684
2258
2648
2767
2791
2735
2601
2719
3000
3312
3726
3852
3952
3934
3725
3481
2823
1992
749
-987
-3097
-5056
-6637
-7515
-7182
-5909
-3967
-1805
58
1546
2622
3217
3715
3980
4214
4425
4352
4152
3759
3030
1973
610
-1170
-3150
-4901
-6230
-6852
-6522
-5562
-4123
-2684
-1356
-165
658
1466
2253
2899
3588
4199
4640
4952
4960
4499
3496
1811
-260
-2435
-4525
-6049
-6799
-6902
-6470
-5679
-4698
-3689
-2634
-1613
-584
344
1128
1716
2107
2381
2479
2323
1911
1109
30
-1101
-2161
-2844
-3106
-3061
-2849
-2522
-2189
-2031
-1748
-1348
-904
-233
328
811
1176
1246
1261
1065
716
366
-160
-550
-886
-1070
-988
-907
-613
-434
-272
-91
123
658
1378
2245
2974
3426
3628
3613
3397
3283
3301
3399
3528
3670
3797
3665
3473
3035
2376
1291
-173
-1987
-3905
-5400
-6408
-6503
-5605
-4176
-2476
-1051
-39
650
1070
1526
2204
3076
3995
4825
5153
5074
4534
3488
2008
294
-1560
-3167
-4373
-4992
-4901
-4462
-3904
-3382
-3078
-2788
-2354
-1713
-694
656
2138
3485
4609
5406
5765
5605
5019
3912
2440
848
-768
-2144
-3198
-4047
-4713
-5269
-5700
-5824
-5536
-4739
-3526
-2112
-632
551
1352
1851
1932
1933
1878
1651
1412
1151
843
466
2
-489
-1096
-1726
-2317
-2889
-3073
-2784
-2217
-1450
-700
-211
18
127
192
286
572
908
1075
1036
748
243
-321
-861
-1166
-1332
-1263
-982
-473
283
1055
1774
2440
2690
2817
2909
2914
3038
3388
3760
4084
4360
4338
4192
3695
3009
2273
1238
42
-1304
-2840
-4106
-5071
-5510
-5153
-4372
-3389
-2478
-1888
-1397
-880
-233
731
1901
2988
3979
4550
4546
4278
3581
2622
1554
424
-643
-1457
-2046
-2385
-2595
-2918
-3258
-3750
-4094
-4170
-3863
-3120
-2051
-808
427
1529
2425
3269
3957
4473
4685
4474
3934
3070
1879
603
-764
-2117
-3393
-4467
-5267
-5710
-5637
-5134
-4449
-3718
-3047
-2512
-1958
-1232
-433
543
1424
2080
2528
2499
2121
1759
1211
691
314
-174
-654
-1133
-1540
-1917
-2146
-2407
-2433
-2387
-2151
-1591
-1023
-329
302
567
703
713
469
347
187
70
-28
-170
-118
9
331
954
1654
2284
2776
3105
3272
3431
3463
3721
3910
3920
4079
3834
3451
2909
2142
1179
64
-1390
-2941
-4077
-5011
-5170
-4655
-3807
-2807
-2234
-2082
-1952
-1733
-1188
-94
1163
2451
3428
3812
3913
3720
3206
2747
2127
1438
865
195
-360
-811
-1379
-1970
-2550
-3247
-3559
-3615
-3531
-3045
-2492
-2122
-1758
-1453
-963
-188
804
2066
3194
4030
4434
4369
3893
3243
2389
1429
520
-498
-1484
-2480
-3369
-4063
-4735
-5180
-5371
-5370
-4986
-4248
-3230
-2074
-1027
-102
640
1059
1477
1853
2146
2362
2345
2210
1905
1442
889
299
-239
-723
-1123
-1479
-1596
-1642
-1638
-1510
-1421
-1258
-895
-570
-184
197
415
485
364
387
342
387
764
1205
1691
2271
2665
2991
3337
3637
3922
4356
4715
4978
5186
5115
4784
4215
3287
1900
122
-1958
-3804
-5184
-6011
-5924
-5454
-4855
-4436
-4434
-4317
-3944
-3033
-1582
85
1557
2638
3172
3296
3379
3456
3721
4097
4118
3761
3125
2265
1367
440
-404
-1131
-1846
-2438
-2882
-3221
-3443
-3543
-3770
-3861
-3780
-3499
-2804
-1973
-962
27
851
1598
2141
2705
3323
3764
4004
4092
3820
3261
2513
1548
605
-488
-1652
-2728
-3839
-4747
-5352
-5661
-5580
-5250
-4769
-4105
-3328
-2496
-1536
-624
259
1024
1590
2068
2237
2362
2443
2211
1967
1616
1058
660
251
-80
-299
-618
-932
-1129
-1234
-1201
-1005
-791
-530
-424
-381
-345
-258
-18
349
816
1248
1656
2036
2360
2685
3227
3713
4379
4981
5435
5915
5988
5892
5509
4526
3126
1241
-559
-2297
-3501
-4165
-4761
-5393
-6233
-7029
-7479
-7191
-6145
-4634
-3005
-1727
-939
-316
284
1242
2360
3496
4357
4703
4662
4347
3997
3747
3620
3300
2801
2097
1147
193
-714
-1540
-2285
-2914
-3440
-3911
-4235
-4390
-4401
-4266
-4109
-3750
-3219
-2508
-1680
-766
183
984
1807
2487
3045
3519
3844
3977
3826
3410
2704
1856
947
92
-770
-1563
-2296
-3086
-3666
-4072
-4224
-4076
-3752
-3323
-2826
-2340
-1861
-1297
-685
-110
431
977
1264
1288
1276
1111
1037
909
901
845
796
753
618
663
729
818
886
902
766
683
654
705
739
805
880
965
988
1193
1519
1845
2332
2732
3135
3482
3660
3834
3739
3486
2916
2196
1632
869
437
-28
-781
-1714
-2900
-3970
-4740
-4989
-4820
-4429
-4082
-3950
-3806
-3556
-2860
-1877
-878
22
537
830
1022
1282
1858
2427
2892
3140
3101
2795
2425
2176
1961
1817
1540
1179
705
67
-388
-839
-1274
-1593
-2102
-2500
-2922
-3275
-3359
-3285
-3105
-2739
-2363
-1955
-1576
-1197
-716
-166
348
808
1197
1421
1487
1478
1418
1195
953
523
94
-252
-582
-797
-985
-1042
-1109
-1113
-1068
-955
-768
-603
-336
-186
-76
126
123
208
102
-134
-267
-497
-570
-641
-681
-581
-465
-327
-75
282
707
1245
1793
2316
2748
3010
3290
3432
3582
3817
3959
4181
4234
4276
4130
3878
3442
2721
1880
943
299
-202
-490
-721
-1221
-1870
-2668
-3252
-3491
-3532
-3430
-3445
-3696
-3950
-4030
-3762
-3160
-2464
-1907
-1565
-1366
-1129
-645
75
899
1518
1813
1921
1982
2069
2265
2486
2587
2371
1983
1550
1208
1010
936
920
648
263
-291
-884
-1338
-1610
-1774
-1912
-2149
-2528
-2847
-3053
-3174
-3050
-2850
-2619
-2389
-2137
-1930
-1644
-1072
-515
27
484
728
879
927
1017
1109
1179
1120
932
669
423
326
285
340
334
284
151
13
17
143
319
494
547
491
342
201
111
-3
-92
-174
-359
-584
-607
-577
-375
30
368
834
1347
1856
2478
3154
3859
4417
4960
5265
5438
5419
5004
4469
3953
3333
2829
2338
1504
611
-481
-1499
-2127
-2447
-2498
-2604
-2917
-3370
-3767
-3916
-3673
-3298
-3024
-2925
-3049
-3139
-2954
-2517
-1829
-1145
-769
-558
-499
-369
58
593
1138
1626
1810
1769
1766
1749
1919
2085
2169
2110
1789
1478
1235
1082
1098
1066
807
473
-34
-443
-679
-864
-1106
-1534
-2045
-2640
-3147
-3385
-3393
-3258
-3131
-3156
-3197
-3101
-2861
-2323
-1649
-970
-491
-166
115
363
750
1170
1395
1434
1348
1146
1143
1065
1182
1194
1123
1122
944
949
997
1093
1220
1330
1304
1246
1263
1219
1284
1233
1137
929
624
479
425
524
867
1233
1576
1969
2283
2700
3092
3020
3081
3295
3193
3387
3385
3017
2649
1790
1139
805
390
-21
-605
-1508
-2307
-2977
-3286
-3132
-3052
-2945
-2911
-3051
-2978
-2734
-2446
-2005
-1785
-1659
-1566
-1500
-1246
-853
-509
-186
-125
-294
-322
-323
-80
260
585
872
765
662
672
809
972
1197
1205
1078
740
399
325
287
347
333
186
-80
-469
-872
-1031
-1202
-1310
-1557
-1971
-2280
-2535
-2610
-2558
-2462
-2431
-2465
-2630
-2623
-2424
-2141
-1581
-1196
-846
-501
-177
240
729
1086
1275
1258
1090
942
870
978
1028
1032
935
738
581
578
666
910
1146
1311
1523
1626
1793
1998
2197
2323
2428
2389
2399
2434
2494
2650
2661
2697
2509
2029
1869
1820
1837
2093
2104
1893
1522
857
466
479
497
495
228
-358
-953
-1614
-2002
-2129
-2353
-2551
-2919
-3214
-3218
-3007
-2595
-1995
-1620
-1437
-1347
-1239
-944
-528
-65
367
441
359
186
1
47
99
207
250
109
-61
-40
119
485
839
960
982
816
611
651
679
709
627
379
191
-18
-188
-257
-457
-604
-892
-1237
-1493
-1825
-1904
-1985
-2088
-2112
-2231
-2260
-2214
-2174
-2098
-2047
-2047
-2042
-1867
-1621
-1229
-771
-345
-3
210
434
592
816
1046
1231
1381
1308
1205
977
783
713
651
653
732
809
892
1105
1343
1647
2031
2381
2701
3111
3398
3795
4044
4068
4024
3826
3253
2639
2324
1963
1669
1423
1041
575
45
-426
-474
-545
-588
-632
-787
-905
-1024
-1142
-1096
-1187
-1472
-1810
-2143
-2329
-2356
-2311
-2145
-2105
-2146
-2155
-2139
-1941
-1692
-1327
-947
-648
-362
-65
246
597
820
895
914
696
402
210
104
140
171
188
153
170
194
349
493
508
490
294
125
-98
-331
-430
-439
-588
-828
-1181
-1497
-1729
-1882
-1880
-1961
-1963
-2030
-2081
-2018
-1918
-1792
-1716
-1588
-1558
-1644
-1565
-1444
-1207
-1084
-922
-755
-600
-431
-176
148
427
663
818
964
977
1095
1059
1034
973
944
885
882
951
1033
1170
1190
1368
1484
1805
2169
2679
3307
3836
4283
4551
4667
4412
4051
3765
3426
2945
2502
1939
1151
362
-612
-1161
-1483
-1799
-1878
-1985
-2072
-2037
-2004
-1734
-1424
-1432
-1407
-1578
-1676
-1742
-1793
-1576
-1466
-1465
-1533
-1635
-1699
-1692
-1711
-1659
-1563
-1571
-1414
-1180
-871
-401
-16
361
648
678
758
892
884
888
792
681
587
373
357
416
397
425
349
235
136
59
60
73
-103
-268
-541
-830
-1048
-1249
-1373
-1497
-1682
-1901
-2074
-2218
-2264
-2236
-2182
-2085
-2010
-1955
-1781
-1667
-1542
-1456
-1355
-1265
-1226
-1219
-1069
-845
-548
-201
225
579
897
1149
1334
1516
1603
1712
1704
1645
1603
1497
1491
1410
1386
1419
1466
1569
1689
2047
2521
2892
3282
3562
3757
3654
3604
3639
3564
3523
3279
2931
2355
1509
712
115
-551
-1236
-1781
-2285
-2500
-2635
-2494
-2131
-1953
-1866
-1719
-1686
-1655
-1655
-1540
-1269
-1138
-1123
-1133
-1056
-1042
-1091
-1078
-1143
-1319
-1494
-1560
-1473
-1311
-1110
-771
-497
-362
-137
134
472
756
994
1120
1136
1040
933
893
834
759
633
530
427
230
43
-43
-218
-439
-690
-938
-1174
-1264
-1300
-1267
-1200
-1298
-1342
-1449
-1603
-1761
-1845
-1858
-1888
-1945
-1915
-1849
-1775
-1645
-1492
-1304
-1204
-1148
-1137
-1116
-1006
-886
-640
-386
-46
305
685
1025
1329
1711
1972
2235
2344
2351
2313
2261
2196
2079
2064
2003
2005
2004
2097
2290
2386
2719
2894
2798
2745
2755
2669
2716
2745
2581
2416
1996
1638
1363
908
442
-208
-903
-1455
-2027
-2245
-2309
-2367
-2330
-2273
-2203
-2088
-1922
-1723
-1419
-1225
-1126
-1046
-934
-740
-600
-494
-486
-629
-803
-976
-1045
-1117
-1134
-1121
-1146
-1209
-1234
-1045
-846
-509
-197
168
393
595
764
917
1011
1015
1092
1116
1066
948
850
776
623
385
136
-259
-594
-926
-1187
-1392
-1569
-1732
-1866
-1871
-1828
-1794
-1708
-1656
-1710
-1756
-1794
-1743
-1649
-1536
-1409
-1397
-1335
-1268
-1134
-940
-805
-680
-612
-527
-446
-261
-25
261
656
954
1333
1696
1981
2213
2415
2630
2737
2755
2726
2671
2603
2619
2691
2734
2745
2714
2552
2321
2219
2158
2053
2011
1798
1661
1510
1145
1109
1108
968
806
446
-34
-390
-840
-1150
-1352
-1714
-1994
-2196
-2339
-2256
-2137
-1940
-1758
-1713
-1592
-1463
-1274
-991
-766
-588
-461
-514
-527
-538
-466
-465
-463
-554
-716
-877
-1018
-983
-937
-868
-813
-676
-514
-289
-67
188
398
489
584
688
764
783
830
795
728
604
423
292
84
-155
-426
-713
-1030
-1360
-1658
-1816
-1909
-2008
-2003
-1956
-2016
-1999
-1815
-1702
-1579
-1451
-1382
-1319
-1206
-1081
-850
-675
-567
-423
-392
-270
-212
-64
87
134
271
333
497
820
1149
1545
1972
2243
2578
2826
3078
3309
3432
3593
3637
3560
3526
3301
2985
2729
2511
2271
2041
1737
1340
976
549
333
137
31
-30
-106
-257
-326
-320
-369
-330
-428
-613
-804
-1049
-1251
-1346
-1458
-1485
-1578
-1732
-1813
-1790
-1671
-1511
-1384
-1235
-1168
-1181
-1064
-935
-793
-631
-510
-419
-340
-333
-284
-237
-236
-244
-277
-217
-199
-148
-124
-55
-3
67
164
195
254
240
191
186
159
124
54
-28
-138
-338
-392
-468
-659
-829
-1078
-1337
-1532
-1658
-1778
-1857
-1883
-1916
-1804
-1705
-1586
-1336
-1190
-1033
-860
-697
-532
-338
-242
-63
138
218
349
438
578
672
695
696
730
751
773
856
1039
1256
1524
1862
2230
2563
2873
3209
3419
3567
3632
3461
3220
3074
2762
2540
2314
1912
1511
992
494
186
-195
-475
-719
-992
-1145
-1278
-1372
-1212
-1051
-973
-779
-715
-631
-528
-457
-351
-402
-526
-644
-794
-888
-888
-916
-903
-958
-1071
-1170
-1172
-1172
-1109
-993
-904
-812
-701
-572
-378
-234
-103
61
91
151
191
241
287
255
140
101
2
-96
-117
-140
-167
-256
-413
-468
-529
-585
-605
-651
-741
-840
-880
-950
-967
-981
-1062
-1177
-1277
-1451
-1633
-1705
-1711
-1624
-1452
-1383
-1198
-1112
-871
-552
-319
15
116
278
403
487
708
886
962
1106
1062
1068
1071
1004
971
890
827
723
728
789
912
1195
1513
1765
2061
2297
2430
2528
2649
2742
2711
2619
2519
2193
1777
1446
1111
762
350
32
-363
-736
-1001
-1143
-1305
-1492
-1508
-1564
-1637
-1608
-1477
-1233
-988
-697
-500
-420
-341
-237
-98
-5
30
-14
-172
-335
-441
-472
-522
-554
-631
-750
-863
-882
-803
-661
-466
-398
-383
-374
-292
-213
-181
-104
-153
-234
-252
-293
-253
-242
-331
-334
-468
-513
-609
-651
-611
-555
-613
-625
-579
-761
-663
-620
-629
-528
-572
-563
-637
-707
-654
-960
-927
-1166
-1236
-1293
-1429
-1108
-1155
-904
-676
-471
-350
-227
5
188
384
663
897
970
1071
1058
1199
1208
1109
1269
1058
1055
1077
915
946
866
947
1062
1133
1338
1434
1504
1555
1655
1817
1985
2071
2080
1953
1784
1506
1215
942
690
476
288
-11
-338
-636
-890
-970
-1002
-1046
-1187
-1211
-1204
-1156
-946
-728
-537
-362
-280
-150
-35
66
99
129
178
136
-29
-141
-261
-436
-569
-723
-834
-1053
-1086
-1064
-991
-852
-798
-635
-566
-548
-295
-289
-187
2
-91
-51
-141
-134
-225
-221
-208
-221
-153
-268
-71
-145
-250
-176
-255
-422
-253
-468
-384
-340
-522
-198
-366
-283
-333
-468
-604
-670
-694
-900
-757
-821
-900
-747
-799
-565
-488
-404
-213
-21
80
223
442
462
733
738
874
905
802
839
829
894
775
840
739
679
691
681
755
817
804
964
1003
1134
1326
1446
1544
1567
1568
1550
1523
1431
1317
1135
931
693
484
213
2
-233
-422
-643
-778
-924
-1000
-992
-916
-763
-643
-432
-354
-208
-58
33
231
258
317
374
341
361
302
165
67
-165
-359
-497
-767
-869
-1012
-1137
-1196
-1194
-1114
-1083
-993
-697
-610
-348
-182
-154
-28
-43
-99
-53
-89
-92
-90
-32
-62
2
14
48
-19
37
30
-112
24
-185
-165
-162
-283
-212
-286
-379
-452
-583
-588
-748
-744
-760
-880
-893
-829
-907
-819
-744
-669
-611
-479
-296
-214
63
181
455
488
730
716
879
919
806
912
745
860
565
625
537
450
407
342
317
311
491
451
608
666
653
784
878
910
1045
1080
1142
1127
1113
1044
1074
999
888
802
561
380
217
94
-97
-73
-195
-210
-267
-274
-204
-111
50
163
299
344
512
547
574
596
495
428
331
254
166
-64
-132
-295
-457
-574
-714
-842
-1009
-978
-996
-881
-834
-808
-700
-700
-553
-477
-419
-254
-259
-290
-137
-272
-319
-211
-306
-291
-236
-145
-221
-125
-52
-77
-37
32
-38
-21
25
-152
-114
-214
-335
-325
-623
-566
-830
-826
-1033
-948
-1048
-1003
-799
-956
-802
-729
-560
-548
-257
-193
-64
236
398
614
613
881
844
855
1029
904
736
753
661
525
519
330
396
263
147
431
164
370
462
246
510
412
503
524
703
602
775
606
647
581
506
573
472
414
313
299
285
110
80
27
-21
-21
38
145
203
328
552
683
691
944
844
973
1042
911
1029
926
767
582
455
259
161
-154
-204
-366
-638
-637
-750
-660
-652
-633
-569
-400
-405
-388
-189
-191
-195
-32
-99
-228
-175
-260
-92
-280
-125
-167
-251
-194
-223
-233
-195
-115
-116
-205
-61
-105
-174
-114
-82
-249
-352
-421
-684
-795
-853
-961
-1017
-841
-1000
-760
-818
-753
-567
-503
-284
-304
-75
161
244
382
567
639
694
780
774
791
592
710
662
362
496
183
22
110
-262
-8
-188
-92
-56
-284
157
-8
95
384
338
372
373
432
348
414
422
443
407
356
499
84
347
-9
-54
40
-238
-106
-237
27
86
56
540
341
658
730
708
978
871
1036
850
955
692
747
608
423
459
-15
135
-285
-373
-394
-591
-454
-593
-451
-411
-393
-178
-277
60
-111
-29
122
-13
248
33
111
64
151
56
70
131
-171
30
-117
-291
-114
-284
-170
-285
-97
-190
-186
-87
-329
-174
-382
-201
-527
-451
-468
-752
-604
-706
-724
-765
-672
-715
-723
-270
-403
-138
102
51
235
458
416
617
720
696
780
674
689
693
401
590
177
143
93
-271
-70
-352
-347
-517
-312
-486
-376
-149
-189
-81
130
229
1
359
219
264
472
279
409
273
235
242
10
55
-129
-88
-132
-184
-138
-44
144
111
415
377
453
506
575
541
652
666
521
527
515
341
447
306
137
-51
-173
-261
-466
-436
-579
-394
-487
-408
-329
-352
-41
-65
117
319
224
377
424
384
534
411
551
470
409
138
224
30
-106
-108
-266
-245
-475
-296
-460
-466
-149
-489
-210
-203
-253
-147
-287
107
-201
-73
56
-170
-210
-19
-104
-257
29
-213
-86
15
25
123
5
275
66
165
384
264
461
381
539
336
343
434
267
263
137
15
-111
-73
-379
-300
-287
-365
-129
-264
-124
-39
-20
97
255
352
332
464
424
438
365
485
387
284
334
182
96
-82
-147
-337
-177
-231
-162
-31
62
112
260
314
323
362
353
483
400
448
404
408
197
276
44
-16
-79
-375
-326
-372
-560
-480
-441
-480
-358
-221
-264
-104
-10
2
185
222
326
280
395
385
556
339
473
418
165
293
1
169
-85
36
-220
-244
-313
-396
-377
-424
-345
-457
-351
-286
-357
-230
-116
-214
-89
15
46
6
57
71
-1
171
144
206
109
212
214
60
248
147
145
189
197
328
229
411
327
202
247
56
94
-67
-133
-213
-290
-338
-447
-520
-417
-375
-454
-120
-64
-78
143
112
411
104
619
508
431
725
382
440
372
281
89
59
-52
-209
-302
-261
-299
-367
-167
-238
-95
-37
-65
47
1
65
135
37
39
32
-82
42
-58
-207
-137
-307
-271
-400
-450
-303
-560
-315
-448
-362
-242
-372
-190
-166
-114
-44
104
59
246
160
342
233
203
241
169
240
72
100
36
6
-87
-28
-311
-166
-402
-348
-307
-438
-208
-226
-135
12
59
23
262
134
160
203
209
319
197
301
322
133
248
209
158
133
93
181
31
167
195
101
73
343
107
249
375
145
100
-14
59
-132
-148
-103
-335
-433
-143
-413
-243
-258
-189
-238
-139
105
-209
107
161
220
160
535
412
351
443
322
323
73
284
-130
-70
-7
-308
-264
-241
-73
-287
-26
-19
-138
3
-193
20
-136
38
72
-86
8
-145
-63
-247
-53
-233
-237
-166
-311
-200
-351
-214
-248
-261
-155
-188
-200
-26
-23
91
76
188
211
126
261
238
193
278
207
224
237
184
156
0
-93
-15
-238
-134
-219
-362
-115
-259
-67
-120
-2
188
-26
249
225
317
268
511
423
473
560
419
489
316
520
265
495
381
144
287
139
243
168
234
301
330
369
452
418
415
502
360
315
192
92
37
-146
-4
-152
-89
-97
-181
10
-25
-56
101
178
144
448
243
411
465
330
495
406
448
348
241
318
137
57
46
-88
-51
-138
-295
-242
-315
-302
-226
-311
-143
-245
-324
-178
-227
-235
-63
-269
-147
-136
-216
-208
-254
-130
-277
-176
-176
-264
-290
-305
-139
-171
-3
-79
-124
-120
-103
-87
-85
276
-7
175
234
19
387
192
373
378
327
134
87
38
-163
-1
-146
37
-216
-219
-94
-307
-26
-37
85
121
249
189
225
397
310
407
362
496
335
245
281
226
196
164
79
40
-153
38
-65
-28
223
140
142
252
201
177
286
52
196
55
-163
59
-391
-95
-226
-493
-283
-459
-367
-251
-239
-179
-28
-103
72
57
211
367
248
478
301
396
429
247
431
36
119
-77
-212
-97
-297
-383
-255
-507
-445
-428
-633
-273
-434
-370
-355
-528
-470
-517
-317
-196
-201
-151
-250
-228
-77
-305
30
-120
-65
12
-203
132
-80
-66
158
-81
153
193
42
187
108
149
201
290
272
296
274
345
169
317
104
11
72
-204
37
-218
-316
-78
-235
-267
54
-251
170
117
78
376
273
421
300
503
336
438
419
343
477
189
341
220
293
32
-8
157
-147
3
-5
27
95
45
152
196
157
193
213
122
192
91
29
-1
12
-221
-167
-98
-244
-253
-108
-199
-166
25
-4
139
108
185
193
349
357
309
391
334
167
198
96
33
-79
-232
-138
-428
-365
-412
-433
-436
-409
-611
-468
-471
-609
-411
-510
-254
-400
-208
-196
-357
75
-202
48
17
-28
132
39
-42
164
-46
120
141
-10
232
35
172
243
131
325
195
369
337
299
410
387
418
428
230
289
335
-70
208
-161
-66
-107
-296
5
-187
-84
-3
27
66
259
57
466
326
454
595
438
717
447
697
586
598
382
494
350
257
170
157
172
4
76
-49
42
-25
-41
144
122
177
216
192
306
154
241
135
153
-49
43
-3
-57
32
-89
-38
-98
3
-61
139
167
60
184
280
195
214
219
300
55
-19
166
-387
-97
-431
-457
-372
-698
-588
-755
-678
-811
-679
-875
-627
-606
-890
-223
-671
-295
-233
-370
65
-221
231
-135
294
-7
-68
259
-185
223
-36
59
4
-84
132
-129
194
-196
183
68
-99
368
-87
334
171
196
349
266
417
232
367
165
181
233
-121
218
-157
107
-17
-90
112
-22
149
-54
395
79
285
367
305
604
495
561
503
580
557
572
513
509
428
258
299
206
93
156
-75
98
-100
51
2
-49
122
34
162
75
297
167
235
183
161
234
-39
53
6
-157
10
-230
34
-202
-101
-104
-121
94
-234
275
-139
235
50
-89
271
-215
19
-191
-123
-360
-387
-457
-537
-534
-716
-458
-752
-652
-608
-783
-449
-674
-281
-357
-168
-33
-234
183
94
100
389
344
46
498
17
313
268
-48
403
54
62
61
123
-78
209
-23
139
293
-16
320
286
362
188
564
365
229
630
158
333
449
-2
335
311
-94
231
238
-73
242
95
85
343
33
311
473
191
347
503
319
462
467
503
561
483
325
508
439
230
371
152
100
100
-129
38
4
-227
188
137
-52
213
231
140
159
276
282
289
75
258
184
91
8
-90
21
-262
-278
-369
-242
-311
-557
-159
-387
-421
-96
-213
-272
-80
-325
-307
-38
-374
-311
-150
-385
-316
-354
-423
-497
-546
-505
-411
-466
-503
-515
-449
-363
-286
-174
39
207
-65
258
234
290
273
301
317
150
344
114
259
-46
-129
31
85
113
51
21
-37
-116
-31
150
112
136
202
178
306
379
311
504
345
212
329
351
245
164
247
113
102
269
130
219
250
99
283
257
227
288
356
314
478
424
391
450
393
526
436
564
429
237
170
-26
186
110
74
191
-53
-17
80
122
164
191
208
225
309
199
328
215
37
-6
120
-77
-200
-245
-435
-406
-384
-511
-426
-465
-712
-489
-540
-490
-369
-329
-339
-296
-398
-276
-265
-220
-304
-328
-220
-378
-402
-401
-379
-509
-491
-551
-551
-553
-467
-403
-293
-168
-199
-49
-16
132
264
287
368
333
280
399
346
305
317
213
173
109
40
90
63
15
144
194
118
77
194
133
206
234
309
416
294
268
324
416
353
450
443
285
312
299
305
348
205
168
250
262
250
361
215
270
344
280
471
421
404
425
372
453
455
498
455
352
310
371
250
218
172
33
107
91
157
104
71
53
85
185
272
159
219
150
105
197
4
139
23
-127
-141
-121
-232
-327
-326
-453
-540
-491
-547
-495
-455
-560
-395
-276
-371
-181
-126
-234
-78
-127
-140
-61
-188
-322
-165
-273
-349
-269
-348
-389
-445
-408
-375
-164
-256
-245
-66
-118
19
94
119
204
161
162
342
282
83
172
38
-9
84
-88
-135
-176
-218
-212
-102
-117
-150
24
-3
62
130
130
107
133
177
207
218
162
108
239
172
178
220
189
237
175
216
273
269
264
372
433
367
338
459
573
487
590
621
746
763
741
708
736
794
722
759
641
595
583
627
567
529
498
380
400
394
366
460
363
248
304
276
225
261
176
59
-45
-217
-286
-332
-471
-571
-644
-684
-831
-923
-906
-920
-904
-923
-890
-826
-852
-843
-773
-770
-769
-827
-882
-812
-886
-916
-930
-1035
-1096
-1098
-1025
-1058
-1086
-1024
-992
-965
-908
-797
-749
-643
-534
-393
-237
-258
-209
-189
-97
15
145
230
208
117
112
229
388
454
523
571
592
716
796
979
1115
1220
1420
1539
1629
1826
1882
2038
2186
2389
2483
2504
2519
2535
2535
2507
2514
2256
2092
1792
1593
1447
1210
942
553
198
-25
-168
-359
-460
-768
-953
-1073
-1255
-1263
-1355
-1410
-1416
-1413
-1416
-1443
-1432
-1309
-1141
-1030
-896
-856
-759
-711
-570
-321
-133
-19
1
41
47
93
90
73
-32
-99
-214
-329
-454
-606
-775
-888
-1012
-1185
-1356
-1515
-1589
-1707
-1755
-1732
-1834
-1866
-1861
-1807
-1703
-1677
-1572
-1548
-1483
-1453
-1338
-1114
-975
-845
-688
-556
-365
-207
-76
146
267
498
711
961
1129
1262
1439
1602
1768
1904
2056
2206
2274
2395
2603
2751
2985
3135
3159
3184
3014
2723
2496
2373
2221
2110
1836
1337
881
335
61
-165
-402
-716
-1148
-1581
-1825
-1999
-2041
-1897
-2016
-2109
-2251
-2282
-2135
-1943
-1644
-1424
-1188
-1001
-875
-675
-344
14
358
610
750
766
795
962
1230
1381
1450
1379
1201
1034
937
979
931
802
499
235
-27
-222
-361
-501
-575
-832
-1130
-1378
-1555
-1694
-1717
-1759
-1900
-2047
-2242
-2248
-2217
-2044
-1814
-1668
-1579
-1654
-1476
-1219
-903
-601
-410
-283
-154
2
293
588
759
931
1073
1165
1209
1394
1488
1603
1701
1775
1799
1842
1886
2041
2257
2486
2853
3083
3410
3452
3480
3323
2920
2868
2645
2516
2414
1790
1262
637
-135
-422
-682
-1090
-1489
-2233
-2705
-2886
-3057
-2842
-2789
-2917
-2982
-3054
-2901
-2538
-2185
-1737
-1413
-1166
-950
-745
-363
114
473
790
946
920
1013
1106
1296
1577
1640
1584
1453
1247
1114
1140
1240
1206
1049
676
423
242
105
85
-142
-402
-744
-1119
-1298
-1530
-1677
-1765
-1946
-2071
-2321
-2382
-2379
-2329
-2042
-1885
-1755
-1602
-1465
-1242
-908
-561
-326
-163
-69
90
227
454
644
768
835
837
945
1024
1123
1178
1260
1292
1349
1436
1483
1567
1677
1779
1958
2277
2506
2842
3282
3495
3792
3694
3048
2769
2533
2389
2609
2282
1580
1021
-135
-534
-384
-598
-744
-1483
-2351
-2714
-2889
-2616
-2205
-2293
-2556
-2969
-3076
-2692
-2328
-1908
-1602
-1670
-1655
-1581
-1333
-705
-337
-12
184
116
196
332
658
1114
1302
1252
1117
831
805
1006
1171
1268
1020
623
344
209
277
317
217
-27
-423
-785
-880
-1016
-1126
-1164
-1386
-1560
-1714
-1739
-1751
-1690
-1659
-1526
-1526
-1485
-1371
-1211
-1001
-812
-562
-497
-412
-365
-304
-145
62
138
255
282
338
499
592
707
809
838
940
1033
1050
1192
1278
1349
1396
1459
1586
1697
1883
2107
2422
2844
3277
3497
3560
3060
2654
2618
2483
2679
2697
2050
1461
478
-205
-143
-252
-378
-1004
-1948
-2637
-2957
-2721
-2331
-2284
-2627
-3079
-3386
-3122
-2585
-1979
-1566
-1601
-1756
-1690
-1303
-663
-26
208
207
37
18
298
655
957
1043
861
636
461
512
727
835
856
698
561
377
335
421
485
367
216
-32
-312
-471
-513
-526
-773
-1029
-1354
-1592
-1670
-1726
-1699
-1765
-1883
-1985
-1841
-1673
-1469
-1247
-1153
-959
-864
-685
-371
-185
44
181
261
369
502
685
807
860
842
808
760
835
957
1071
1085
1033
1068
1134
1252
1485
1585
1677
1696
1727
1958
2213
2605
2989
3201
3409
3258
2842
2724
2517
2320
2385
2246
1705
1045
139
-385
-466
-498
-565
-1098
-1865
-2433
-2783
-2526
-2030
-1921
-2169
-2668
-3076
-2892
-2409
-1785
-1394
-1573
-1841
-1886
-1613
-929
-264
14
-46
-327
-323
-46
402
899
1087
911
731
595
731
999
1130
1130
909
601
496
469
571
565
456
232
9
-125
-212
-255
-451
-602
-805
-1034
-1186
-1286
-1383
-1434
-1530
-1571
-1541
-1509
-1498
-1464
-1337
-1204
-1067
-896
-742
-599
-452
-213
36
240
418
515
634
732
774
916
963
1057
1124
994
965
959
928
910
868
775
741
665
591
544
616
664
722
858
981
1187
1490
1816
2119
2366
2399
2127
1925
1831
1805
1862
1802
1534
1043
442
-160
-295
-256
-351
-633
-1188
-1734
-2096
-2053
-1724
-1558
-1581
-1872
-2248
-2242
-1971
-1523
-1146
-1134
-1287
-1432
-1369
-973
-603
-357
-336
-521
-608
-453
-182
144
323
369
262
161
319
556
805
843
817
743
635
667
708
750
667
531
344
169
71
-51
-163
-302
-447
-655
-857
-939
-1046
-1121
-1194
-1221
-1289
-1327
-1281
-1239
-1149
-1038
-909
-784
-655
-580
-463
-298
-169
-6
160
278
364
385
445
516
546
574
628
510
499
478
458
446
437
408
368
313
265
377
371
411
396
386
442
437
439
558
653
769
916
1068
1284
1423
1470
1589
1586
1507
1474
1390
1349
1241
1108
897
597
305
82
-115
-253
-439
-637
-864
-1092
-1232
-1246
-1211
-1214
-1209
-1281
-1335
-1342
-1175
-1005
-866
-737
-726
-645
-526
-387
-231
-135
-60
-60
3
32
127
319
406
489
483
506
531
582
626
590
580
513
402
381
313
218
130
-9
-225
-373
-414
-495
-550
-677
-829
-907
-926
-915
-886
-848
-815
-801
-734
-637
-531
-316
-174
-140
-42
73
192
323
355
335
319
302
333
415
492
530
492
426
424
395
323
353
424
402
418
451
465
434
229
154
81
-222
-414
-310
-422
-533
-476
-520
-583
-399
-161
-101
75
210
216
331
665
895
1087
1226
1110
1058
1080
1134
1155
1152
1005
804
594
518
436
350
287
101
-64
-226
-306
-373
-371
-352
-408
-413
-413
-417
-387
-383
-296
-306
-239
-229
-234
-213
-163
-203
-235
-215
-256
-216
-286
-325
-338
-357
-326
-272
-290
-257
-237
-286
-219
-227
-169
-105
-163
-124
-160
-161
-125
-134
-147
-143
-146
-110
-60
4
30
48
5
10
65
69
132
127
135
56
12
1
-54
-62
-73
-136
-244
-300
-356
-285
-297
-270
-287
-362
-372
-354
-305
-280
-233
-222
-217
-266
-250
-142
-115
-169
-150
-192
-213
-210
-147
-121
-182
-192
-211
-188
-121
-76
20
90
116
155
279
373
530
664
756
877
899
981
1017
1092
1044
963
904
772
763
718
726
645
516
386
215
173
157
135
106
-4
-51
-110
-180
-184
-119
-85
-120
-222
-339
-341
-342
-277
-320
-412
-556
-655
-628
-512
-438
-482
-531
-540
-504
-455
-320
-220
-196
-220
-225
-143
-9
120
136
117
38
13
54
93
130
160
63
-18
-75
-51
-30
-66
-125
-131
-188
-271
-186
-152
-194
-253
-307
-320
-345
-410
-439
-419
-446
-476
-448
-456
-437
-372
-383
-323
-302
-232
-179
-107
23
121
183
244
289
318
375
410
398
446
465
462
486
428
459
473
478
513
479
430
404
437
454
537
532
462
413
414
443
440
449
421
330
240
167
198
147
135
68
-94
-162
-163
-117
-96
-36
-112
-157
-218
-166
-115
-41
-3
-69
-147
-205
-152
-107
-38
-119
-196
-284
-315
-233
-190
-201
-275
-322
-322
-342
-244
-119
-106
-110
-145
-151
-38
64
107
133
161
157
119
149
144
126
83
63
17
-7
-35
-105
-113
-110
-125
-206
-266
-265
-298
-327
-298
-270
-342
-410
-475
-464
-453
-466
-421
-482
-506
-551
-484
-413
-348
-283
-287
-233
-157
-24
84
165
249
319
405
513
618
679
719
676
623
655
589
604
633
529
429
310
226
197
169
116
65
-43
-224
-259
-221
-201
-247
-322
-388
-437
-388
-294
-250
-268
-300
-333
-362
-266
-132
-63
-34
-36
-56
-69
11
157
237
274
275
256
272
332
411
460
447
411
368
301
312
330
331
288
184
129
87
88
126
135
118
9
5
-4
28
88
121
77
4
-5
-7
112
91
119
33
-22
-68
-120
-148
-186
-167
-277
-348
-453
-516
-537
-533
-465
-500
-470
-524
-568
-526
-466
-377
-299
-240
-249
-255
-221
-85
-24
68
71
42
60
115
201
353
426
413
418
420
425
444
542
548
506
460
380
331
261
234
210
124
-21
-131
-229
-265
-270
-329
-388
-420
-468
-450
-404
-352
-285
-272
-275
-265
-169
-96
17
58
92
107
115
220
230
315
291
256
269
304
350
272
301
300
323
321
309
319
290
264
176
205
251
264
285
232
186
181
172
141
157
127
23
-17
-29
-23
-26
-4
-12
-83
-83
-82
-27
42
7
-26
-32
0
27
74
15
-61
-80
-106
-74
-62
-109
-182
-222
-272
-243
-199
-196
-211
-236
-216
-168
-58
-19
44
16
-25
13
19
83
111
63
24
42
61
30
39
48
-11
-69
-136
-144
-83
-51
-83
-134
-218
-225
-186
-184
-227
-284
-386
-440
-422
-452
-407
-404
-433
-458
-455
-401
-320
-273
-278
-204
-216
-166
-56
10
67
135
169
238
252
257
344
328
355
358
343
335
354
372
392
369
308
257
202
212
234
234
267
162
186
166
172
188
122
126
181
181
104
162
141
164
129
99
56
78
82
14
66
-16
-50
-84
-51
-27
-5
41
0
-25
-41
18
25
29
0
-28
-32
-45
-48
-39
-39
-58
-70
-126
-200
-238
-227
-194
-177
-208
-196
-205
-210
-203
-131
-166
-148
-159
-210
-206
-260
-290
-332
-347
-397
-450
-464
-456
-512
-543
-532
-487
-440
-396
-379
-379
-371
-339
-258
-236
-195
-137
-145
-73
-38
-6
22
6
51
103
105
113
103
121
195
237
276
308
282
236
260
298
320
331
294
246
196
185
214
205
150
84
66
9
-23
-6
-25
-55
-48
-64
-85
-83
-24
-2
-16
-48
-6
53
114
120
152
201
142
158
212
179
182
156
92
117
142
157
151
104
90
79
100
162
165
130
101
31
24
56
74
61
-15
-75
-131
-173
-154
-167
-215
-300
-361
-448
-442
-428
-465
-463
-498
-537
-512
-469
-464
-418
-416
-432
-406
-367
-302
-289
-299
-285
-259
-267
-260
-284
-296
-340
-327
-231
-205
-199
-182
-179
-190
-99
-31
12
46
39
58
53
111
134
192
154
149
137
82
118
170
184
149
94
17
1
54
118
90
82
32
-2
-32
-7
42
35
-16
-90
-118
-41
-27
-37
-61
-89
-96
-93
-18
54
74
40
-4
-106
-123
-55
-3
39
18
47
56
71
185
276
285
267
278
264
273
290
314
290
239
200
169
162
197
158
76
10
-33
6
76
107
141
144
11
-20
-38
-28
-43
-139
-246
-342
-506
-581
-589
-584
-630
-595
-599
-563
-458
-418
-338
-318
-289
-306
-312
-262
-211
-134
-165
-152
-107
-119
-58
5
40
13
-17
-16
17
48
58
41
6
-20
-43
-1
18
87
30
11
17
-24
-14
-49
-31
-65
-69
-52
-94
-97
-121
-127
-75
-151
-138
-92
-54
-29
-39
-26
-75
-13
48
62
101
163
197
227
248
264
259
275
280
269
314
328
317
342
354
347
398
395
427
440
430
455
397
380
278
210
203
190
119
76
24
-84
-178
-228
-250
-285
-327
-438
-508
-541
-559
-490
-472
-488
-461
-477
-440
-389
-416
-401
-391
-423
-446
-373
-324
-276
-253
-302
-300
-291
-253
-242
-247
-253
-272
-286
-249
-189
-213
-179
-156
-183
-183
-160
-194
-242
-244
-236
-223
-199
-220
-229
-305
-379
-347
-383
-326
-315
-266
-246
-221
-199
-189
-134
-206
-197
-223
-186
-129
-42
27
42
65
37
39
-42
-89
-158
-152
-90
-50
50
138
173
191
202
184
172
199
269
342
384
506
625
710
856
852
720
600
440
275
14
-124
-301
-605
-783
-993
-1222
-1501
-1624
-1557
-1416
-1048
-621
-102
342
646
867
838
672
531
393
295
312
348
427
459
463
361
231
-15
-249
-402
-423
-403
-284
-149
-61
-62
-88
-219
-391
-489
-510
-484
-351
-135
114
288
299
253
135
-40
-219
-218
-227
-155
-83
19
87
55
-47
-223
-407
-488
-501
-476
-382
-330
-272
-254
-253
-282
-320
-415
-432
-413
-406
-321
-218
-128
-74
-147
-186
-188
-258
-297
-214
-128
-14
43
80
115
42
-13
-31
-132
-179
-198
-144
-122
-88
-92
-50
-89
-107
-17
-50
35
144
172
222
272
292
360
342
369
366
318
269
238
238
219
249
172
173
121
81
-5
-107
-108
-188
-166
-126
-73
12
41
45
0
-5
-32
-32
-49
-97
-26
91
152
181
222
246
209
133
130
105
88
100
76
159
207
202
115
3
-27
-126
-221
-205
-197
-207
-163
-133
-124
-213
-310
-423
-510
-566
-579
-549
-509
-435
-430
-353
-285
-281
-262
-266
-301
-267
-257
-210
-267
-268
-290
-308
-302
-304
-288
-354
-308
-237
-260
-270
-162
-137
-157
-155
-217
-249
-198
-140
-109
-103
-131
-108
-97
-65
8
-21
-3
-29
27
60
79
85
136
146
117
175
207
291
352
415
374
367
377
421
450
459
480
537
556
627
672
715
683
694
688
712
746
733
764
752
724
734
802
801
825
779
761
686
650
574
606
567
542
489
418
360
204
121
-19
-156
-281
-471
-568
-678
-815
-884
-934
-1014
-1116
-1193
-1238
-1319
-1350
-1261
-1207
-1181
-1159
-1138
-1096
-1008
-912
-838
-775
-721
-717
-737
-653
-582
-539
-493
-459
-459
-474
-496
-484
-510
-528
-529
-558
-535
-563
-514
-488
-455
-451
-446
-439
-356
-206
-155
10
136
233
421
593
749
914
1026
1143
1228
1347
1499
1608
1768
1841
1900
1947
1997
2140
2294
2396
2579
2775
2913
2986
2912
2670
2226
1569
764
65
-588
-1009
-1282
-1498
-1609
-1860
-2120
-2279
-2447
-2487
-2441
-2298
-1996
-1575
-1079
-487
86
596
883
1092
1288
1396
1563
1726
1900
1924
1836
1733
1492
1138
666
163
-410
-859
-1356
-1698
-1958
-2197
-2355
-2510
-2656
-2812
-2887
-2892
-2803
-2678
-2432
-2125
-1757
-1336
-972
-641
-364
-138
40
199
361
491
603
636
631
509
345
205
14
-225
-478
-629
-761
-802
-832
-848
-845
-832
-781
-710
-588
-458
-252
-77
178
467
698
977
1185
1496
1706
1894
2091
2297
2570
2756
2926
3095
3284
3492
3763
3984
4168
4198
4008
3462
2336
1062
-364
-1713
-2533
-3072
-3074
-3065
-3222
-3277
-3372
-3365
-3323
-3070
-2632
-2170
-1485
-665
390
1526
2451
3168
3480
3552
3238
2932
2772
2594
2569
2401
2045
1597
873
-18
-868
-1706
-2591
-3400
-4048
-4394
-4368
-4215
-3806
-3344
-3006
-2703
-2549
-2195
-1678
-1075
-315
453
1116
1623
1928
2151
2271
2157
1823
1247
591
-49
-583
-936
-1205
-1406
-1672
-2035
-2429
-2808
-2907
-2865
-2697
-2418
-2047
-1623
-1134
-561
-24
409
675
773
857
917
1119
1451
1750
2002
2156
2220
2066
1874
1700
1506
1439
1350
1375
1441
1597
1907
2145
2475
2802
3061
3303
3540
3729
3835
3459
2364
1065
-584
-2152
-3083
-3692
-3403
-3111
-3089
-2962
-3051
-2961
-2775
-2433
-1970
-1304
-752
-98
871
1894
2898
3645
3898
3908
3367
2625
2059
1579
1353
1004
693
285
-382
-1276
-2082
-2855
-3537
-4142
-4640
-4729
-4587
-4168
-3378
-2443
-1532
-765
-321
3
363
684
1208
1737
2201
2582
2567
2399
2111
1616
1040
254
-689
-1571
-2437
-3106
-3462
-3601
-3527
-3486
-3446
-3313
-3222
-2932
-2442
-1818
-1098
-501
70
592
1077
1487
1799
1979
1965
1794
1492
1230
981
895
839
763
670
457
220
40
-28
89
292
551
896
1278
1755
2309
3100
3889
4576
5302
5851
6250
6382
6004
4600
2816
571
-1865
-3387
-4581
-4713
-4461
-4493
-4226
-4314
-4387
-4183
-3964
-3298
-2396
-1571
-521
798
2156
3642
4848
5496
5770
5235
4072
3023
2026
1376
1035
573
202
-516
-1594
-2673
-3681
-4566
-5195
-5720
-5836
-5460
-4861
-3607
-2092
-605
735
1580
1953
2211
2307
2480
2918
3281
3638
3744
3368
2906
2132
1030
-102
-1522
-2893
-4062
-4990
-5407
-5372
-5094
-4518
-4030
-3689
-3357
-3069
-2598
-1865
-1011
-68
813
1511
2120
2505
2765
2835
2480
2010
1361
692
267
-36
-123
-184
-330
-551
-820
-1110
-1208
-1223
-1123
-617
-52
526
1358
2165
2992
3929
4688
5487
6200
6827
7427
7636
7757
6758
4603
2225
-1128
-3840
-5761
-7019
-6788
-6677
-6312
-5816
-5539
-4862
-4230
-3467
-2461
-1403
-381
848
2476
4151
5863
6930
7319
7073
5779
4132
2656
1275
361
-399
-1204
-1757
-2678
-3692
-4544
-5301
-5854
-6274
-6523
-6232
-5418
-4102
-2198
-168
1701
3137
3783
4025
4093
3864
3901
3971
3886
3812
3352
2689
1970
933
-308
-1836
-3538
-5195
-6466
-7102
-7086
-6438
-5382
-4193
-3122
-2293
-1410
-745
-139
562
1104
1673
2113
2559
2946
3143
3180
2885
2095
1153
69
-890
-1516
-1848
-1872
-1807
-1767
-1695
-1708
-1722
-1681
-1485
-1159
-750
-106
679
1735
2908
4131
5175
6038
6762
7109
7583
7894
8028
8009
7342
5403
2591
-529
-4227
-6804
-8551
-9358
-8773
-8527
-7674
-6712
-5833
-4434
-3243
-1887
-402
864
2086
3607
5245
6780
8088
8575
8324
7299
5312
3302
1365
-361
-1596
-2798
-3691
-4337
-5150
-5760
-6159
-6562
-6666
-6605
-6290
-5230
-3751
-1724
637
2696
4528
5656
5957
5991
5684
5195
4759
4211
3573
2837
1809
739
-232
-1474
-2878
-4395
-5958
-7211
-7906
-7915
-7129
-5836
-4305
-2705
-1463
-330
671
1406
2173
2595
2790
2910
2831
2820
2791
2492
2074
1209
146
-919
-2032
-2678
-3018
-3114
-2917
-2708
-2487
-2304
-2117
-1752
-1440
-1074
-646
-97
616
1544
2603
3744
4792
5597
6060
6373
6558
6672
6875
6932
6915
6511
5717
3930
1030
-1773
-5274
-8095
-9790
-10830
-9999
-9176
-7853
-5997
-4593
-2777
-1234
70
1486
2679
3689
4763
5999
7183
8156
8364
7851
6765
4646
2310
99
-2079
-3563
-4719
-5433
-5628
-5824
-5977
-5884
-5798
-5540
-5010
-4466
-3298
-1728
51
2221
4219
5775
6864
7093
6812
6181
5109
4066
2901
1725
719
-346
-1330
-2251
-3294
-4372
-5482
-6643
-7440
-7679
-7382
-6372
-4843
-3097
-1239
373
1722
2731
3297
3653
3673
3433
3184
2870
2589
2355
1913
1318
470
-635
-1706
-2709
-3488
-3862
-3998
-3815
-3417
-3041
-2469
-1965
-1375
-787
-319
287
911
1592
2433
3322
4236
4999
5558
5903
5951
5853
5729
5548
5519
5404
5256
4957
4226
2587
-78
-2831
-6206
-8785
-10169
-10692
-9437
-7994
-6176
-4062
-2526
-812
447
1396
2492
3302
4032
4877
5907
6884
7618
7691
6990
5652
3392
951
-1236
-3207
-4397
-5156
-5533
-5459
-5453
-5461
-5176
-4968
-4593
-3973
-3415
-2301
-800
881
2909
4716
6130
6865
6732
6080
5032
3712
2616
1558
582
-151
-1021
-1825
-2602
-3475
-4446
-5384
-6249
-6789
-6763
-6161
-4882
-3244
-1344
389
1712
2699
3256
3463
3392
3243
2935
2598
2291
2068
1702
1155
501
-413
-1529
-2634
-3558
-4143
-4256
-4072
-3418
-2719
-2034
-1397
-840
-358
43
484
1002
1627
2267
3058
3896
4736
5265
5543
5462
5175
4838
4479
4355
4334
4425
4499
4338
3898
2775
293
-2259
-5170
-8103
-9417
-10127
-9109
-7279
-5765
-3573
-2043
-580
671
1348
2160
2953
3649
4474
5592
6622
7487
7676
6983
5761
3684
1136
-1018
-3056
-4432
-5105
-5519
-5373
-5244
-5156
-5010
-4946
-4796
-4483
-3977
-3044
-1481
372
2365
4373
5820
6693
6630
5961
5051
3853
2877
1960
1087
286
-508
-1420
-2286
-3217
-4290
-5369
-6423
-7089
-7150
-6665
-5514
-3872
-2159
-443
829
1716
2356
2614
2815
2882
2898
2939
2806
2656
2355
1706
828
-222
-1449
-2549
-3384
-3937
-4053
-3932
-3514
-2991
-2479
-1892
-1491
-1045
-533
-72
538
1252
2007
2823
3614
4339
4791
5004
4891
4645
4402
4153
4120
4074
4127
4130
4096
3864
3223
1785
-664
-2961
-5729
-7873
-8607
-8784
-7251
-5739
-4235
-2399
-1420
-250
583
1162
2006
2801
3567
4523
5625
6371
6903
6684
5712
4335
2200
73
-1605
-3102
-3880
-4306
-4495
-4346
-4475
-4590
-4700
-4806
-4684
-4198
-3477
-2282
-517
1171
2954
4493
5394
5786
5455
4747
4008
3092
2391
1783
1066
369
-524
-1459
-2507
-3702
-4793
-5896
-6691
-6894
-6519
-5629
-4280
-2665
-1201
125
1053
1725
2193
2392
2689
2892
3058
3203
3130
2796
2214
1446
455
-712
-1906
-2849
-3550
-3880
-3870
-3554
-3115
-2575
-2152
-1822
-1409
-1046
-458
156
850
1610
2317
3100
3756
4182
4486
4615
4467
4276
4013
3801
3821
3898
4052
4195
4074
3944
3490
2484
472
-1647
-3874
-6176
-7081
-7445
-6618
-5194
-4248
-2854
-1998
-1292
-463
-177
421
1224
1930
2893
4013
5011
5654
5726
5159
4240
2809
1134
-127
-1333
-2218
-2551
-2939
-3053
-3137
-3586
-3996
-4383
-4723
-4669
-4290
-3459
-2042
-626
806
2278
3237
3905
4036
3750
3458
2939
2493
2211
1870
1511
984
179
-781
-1880
-2942
-3997
-4719
-5084
-4954
-4436
-3695
-2591
-1605
-791
-116
271
598
871
1217
1611
1943
2303
2508
2371
2011
1312
340
-652
-1544
-2168
-2598
-2730
-2652
-2454
-2297
-2136
-2047
-1953
-1872
-1717
-1320
-743
-22
816
1712
2553
3214
3620
3863
3937
3856
3862
3884
4079
4387
4653
4902
4969
5091
4825
4326
3045
683
-1348
-3971
-6075
-6786
-7337
-6412
-5535
-4996
-3920
-3589
-3072
-2437
-2143
-1287
-208
729
2201
3823
5053
6038
6195
5805
5182
3923
2689
1779
848
202
-283
-841
-1406
-2226
-3295
-4322
-5225
-5861
-6024
-5750
-5026
-3723
-2365
-986
435
1290
1976
2391
2517
2908
3138
3469
3854
3827
3733
3261
2452
1507
484
-698
-1845
-2804
-3502
-3820
-3849
-3644
-3320
-3152
-3038
-2896
-2738
-2362
-1800
-1082
-168
607
1305
1847
2007
2034
1760
1316
897
470
23
-272
-491
-733
-900
-1193
-1566
-1909
-2301
-2553
-2518
-2276
-1690
-925
-174
688
1404
1829
2260
2537
2753
3127
3435
3816
4352
4700
5012
5400
5540
5603
5604
5210
4625
3070
1008
-733
-3249
-4821
-5638
-6317
-5833
-5783
-5644
-5068
-4922
-4449
-3914
-3490
-2506
-1361
-233
1475
3199
4583
5667
6073
6081
5762
4945
4177
3520
2788
2059
1414
653
-228
-1224
-2585
-3805
-4916
-5980
-6485
-6511
-6145
-5246
-4217
-3057
-1735
-780
88
909
1413
2088
2752
3346
4065
4529
4695
4688
4253
3582
2777
1545
349
-773
-1809
-2561
-3028
-3307
-3496
-3705
-4030
-4153
-4222
-4151
-3752
-3159
-2332
-1454
-595
209
879
1379
1604
1687
1636
1519
1373
1261
1070
927
673
340
-54
-568
-1047
-1428
-1603
-1544
-1361
-980
-574
-142
229
543
896
1127
1369
1711
2020
2439
3005
3560
4142
4715
5160
5471
5678
5589
5281
4246
2662
1035
-1022
-2739
-3800
-4576
-4612
-4752
-4968
-4861
-5012
-5109
-4971
-4850
-4285
-3511
-2609
-1191
306
1718
2885
3694
4242
4390
4287
4091
3836
3669
3491
3328
3090
2543
1746
766
-467
-1638
-2767
-3740
-4262
-4461
-4462
-4109
-3602
-3060
-2529
-2211
-1903
-1610
-1309
-752
-125
657
1469
2094
2455
2595
2481
2160
1694
1178
734
242
-44
-312
-445
-568
-862
-1153
-1535
-1855
-2179
-2308
-2216
-2006
-1780
-1484
-1175
-922
-711
-609
-611
-632
-659
-599
-461
-239
-11
113
235
275
262
236
230
368
557
547
549
600
595
521
522
527
524
518
519
642
883
1123
1453
1755
2158
2563
2933
3250
3619
4003
4187
4095
3489
2778
1764
732
24
-499
-821
-1053
-1383
-1719
-2049
-2395
-2783
-3087
-3304
-3473
-3459
-3222
-2750
-2093
-1336
-690
-104
245
423
484
562
682
825
958
1128
1344
1450
1530
1523
1382
1077
671
343
213
208
219
404
587
655
595
497
324
48
-213
-433
-598
-829
-1121
-1307
-1430
-1589
-1743
-1879
-1969
-2134
-2251
-2284
-2270
-2031
-1763
-1428
-999
-683
-350
-88
97
317
434
543
666
748
820
865
825
751
645
384
176
-120
-334
-465
-631
-716
-732
-694
-668
-560
-489
-493
-531
-568
-550
-557
-439
-227
39
331
570
837
1117
1378
1492
1661
1726
1932
2281
2561
2893
3273
3629
3729
3435
2963
2296
1511
855
379
102
68
-78
-227
-364
-555
-816
-1108
-1247
-1497
-1671
-1830
-1852
-1627
-1378
-1135
-832
-616
-665
-862
-1121
-1332
-1408
-1443
-1296
-1019
-705
-411
-171
63
234
353
484
599
700
868
1006
1292
1568
1776
1941
1979
1886
1642
1366
1027
616
181
-255
-597
-875
-1089
-1329
-1491
-1679
-1929
-2178
-2386
-2492
-2535
-2433
-2190
-1854
-1416
-979
-581
-269
-69
70
183
210
215
254
302
354
362
322
239
63
-71
-165
-302
-402
-391
-354
-298
-255
-130
-33
3
10
-23
-24
-47
-42
14
167
265
368
450
509
490
491
588
638
772
914
1208
1433
1757
2124
2410
2804
2923
2829
2648
2313
1877
1557
1394
1352
1389
1268
985
752
458
110
-219
-475
-886
-1407
-1759
-1968
-1996
-1925
-1887
-1882
-1960
-2206
-2425
-2447
-2271
-1968
-1731
-1309
-826
-415
34
502
841
926
916
844
916
1034
1173
1403
1606
1738
1712
1650
1540
1229
820
437
122
-117
-257
-291
-195
-175
-291
-472
-786
-1122
-1466
-1689
-1779
-1751
-1604
-1454
-1217
-1109
-1113
-1210
-1267
-1309
-1402
-1483
-1509
-1413
-1249
-975
-759
-530
-335
-272
-185
-124
0
252
528
826
1076
1220
1276
1246
1145
945
690
454
232
-18
-165
-233
-309
-381
-440
-437
-497
-529
-517
-404
-312
-27
319
729
1270
1713
2145
2576
3062
3484
3901
4084
3967
3761
3379
2814
2451
2158
1834
1441
919
441
-48
-468
-930
-1366
-1708
-2183
-2555
-2693
-2652
-2535
-2358
-2119
-1909
-1791
-1849
-1676
-1480
-1226
-908
-712
-307
66
311
502
758
838
723
609
561
724
863
1133
1303
1445
1469
1330
1306
1156
982
782
572
386
272
164
54
-72
-326
-692
-1048
-1350
-1599
-1808
-1945
-2003
-2060
-2088
-2075
-2071
-1971
-1972
-1947
-1830
-1650
-1416
-1148
-828
-460
-85
245
472
650
725
750
718
718
731
680
637
475
322
79
-163
-332
-495
-619
-768
-831
-788
-724
-610
-523
-399
-343
-288
-186
49
288
548
821
978
1166
1299
1493
1731
1957
2188
2399
2601
2905
3192
3455
3531
3178
2816
2172
1561
1232
1024
925
820
603
381
174
-106
-419
-879
-1248
-1695
-2092
-2189
-2129
-1947
-1811
-1766
-1695
-1771
-1992
-1979
-1962
-1906
-1717
-1346
-750
-84
581
1128
1601
1769
1759
1769
1712
1797
1753
1826
1909
1915
1870
1688
1385
919
355
-232
-722
-1072
-1283
-1410
-1381
-1353
-1368
-1428
-1537
-1679
-1811
-2011
-2043
-1967
-1743
-1441
-1157
-814
-538
-370
-311
-266
-245
-248
-305
-291
-176
-91
-34
-26
-118
-171
-351
-506
-669
-672
-680
-641
-494
-383
-147
-53
22
76
32
-42
-77
-70
-70
35
127
194
193
101
-9
-111
-148
-174
-130
-43
168
397
706
1019
1348
1626
1859
2112
2414
2763
3212
3673
3944
3866
3632
3204
2566
2165
1730
1416
1109
669
309
-23
-457
-906
-1411
-1987
-2479
-2898
-3058
-2963
-2791
-2544
-2314
-2102
-1817
-1472
-1086
-640
-247
121
443
857
1262
1564
1794
1820
1670
1438
1121
953
751
478
323
126
-31
-164
-298
-382
-493
-569
-691
-664
-585
-544
-457
-449
-389
-378
-366
-455
-608
-696
-889
-1025
-1109
-1161
-1249
-1344
-1514
-1708
-1883
-2027
-2029
-1966
-1894
-1758
-1612
-1375
-1140
-888
-729
-556
-354
-209
53
246
512
677
785
763
686
504
360
237
19
-127
-353
-511
-540
-531
-612
-641
-727
-792
-814
-740
-570
-380
-99
127
399
638
897
1064
1278
1443
1707
2039
2332
2631
2959
3169
3285
3491
3597
3546
3234
2864
2274
1705
1327
968
754
461
42
-351
-693
-1019
-1306
-1500
-1693
-1832
-1860
-1737
-1527
-1304
-1141
-1103
-1028
-1028
-1025
-925
-755
-557
-421
-309
-142
-5
129
226
277
206
190
166
288
498
694
885
1018
1082
1046
962
775
629
450
300
181
116
-10
-197
-388
-673
-1056
-1333
-1536
-1874
-2174
-2328
-2503
-2515
-2417
-2238
-2081
-1938
-1834
-1751
-1657
-1483
-1164
-852
-579
-299
70
366
543
628
621
538
388
270
131
166
172
97
76
-3
-73
-171
-218
-366
-533
-587
-643
-589
-474
-335
-303
-236
-282
-292
-263
-217
-68
87
281
517
727
821
1031
1072
1231
1400
1530
1756
1938
2235
2475
2714
2919
3080
3209
3179
2878
2600
2286
1872
1644
1501
1357
1254
957
649
368
-79
-382
-736
-1070
-1330
-1683
-1843
-1872
-1903
-1916
-1957
-1985
-2008
-1940
-1818
-1613
-1266
-936
-588
-151
254
580
811
975
1050
1066
1061
1147
1212
1244
1219
1139
1060
876
620
337
73
-267
-600
-903
-1100
-1259
-1409
-1575
-1716
-1758
-1849
-1976
-1989
-2004
-1988
-1902
-1757
-1487
-1197
-931
-713
-550
-516
-447
-289
-190
-41
119
154
232
280
315
331
346
268
208
54
-63
-50
-82
-28
-83
-90
-188
-361
-559
-703
-799
-852
-813
-752
-660
-643
-617
-586
-560
-454
-368
-285
-136
25
198
400
606
815
911
1085
1166
1186
1274
1332
1515
1673
1961
2305
2574
2765
2999
3214
3299
3310
3031
2746
2331
1927
1589
1254
995
707
290
-132
-454
-738
-1001
-1278
-1558
-1820
-2048
-2107
-2030
-1862
-1714
-1586
-1466
-1390
-1297
-1106
-892
-698
-493
-281
-18
257
538
714
789
831
779
608
519
469
396
293
209
104
8
-69
-231
-435
-713
-979
-1200
-1255
-1311
-1286
-1206
-1191
-1125
-1125
-1107
-1153
-1145
-1105
-1034
-950
-858
-691
-569
-362
-209
-93
-10
8
-8
-13
27
66
148
148
91
-34
-164
-290
-404
-491
-584
-612
-604
-605
-570
-585
-624
-640
-660
-789
-914
-930
-997
-918
-841
-752
-599
-537
-438
-397
-291
-246
-164
96
334
658
927
1179
1436
1613
1822
2007
2119
2287
2489
2618
2817
3094
3362
3531
3727
3848
3897
3824
3497
3070
2501
1853
1292
765
375
7
-450
-877
-1241
-1627
-2005
-2330
-2649
-2885
-3103
-3146
-2982
-2694
-2364
-2061
-1718
-1433
-1131
-882
-655
-343
-65
181
468
786
1103
1249
1372
1337
1221
1053
862
808
710
638
527
403
239
143
-51
-291
-524
-863
-1093
-1269
-1388
-1390
-1409
-1464
-1559
-1613
-1723
-1802
-1937
-2008
-1992
-1959
-1797
-1613
-1401
-1175
-977
-847
-658
-440
-211
29
326
550
745
941
1041
1149
1112
1054
927
823
726
616
463
250
37
-202
-496
-820
-1042
-1282
-1437
-1480
-1531
-1543
-1449
-1310
-1098
-879
-655
-401
-169
169
453
832
1111
1384
1663
1923
2229
2437
2595
2770
2920
3084
3272
3471
3725
3954
4136
4268
4110
3688
3196
2508
1755
1138
656
293
-10
-514
-904
-1222
-1577
-2018
-2447
-2826
-3183
-3480
-3561
-3358
-2969
-2728
-2544
-2289
-2173
-1982
-1827
-1586
-1208
-886
-444
52
603
1117
1547
1731
1803
1885
1847
1846
1836
1751
1690
1499
1259
1014
655
254
-211
-746
-1265
-1719
-2089
-2358
-2518
-2581
-2692
-2739
-2715
-2706
-2681
-2616
-2503
-2326
-2031
-1652
-1232
-768
-391
-44
284
554
787
932
1070
1188
1248
1284
1369
1426
1303
1139
886
623
329
24
-208
-382
-564
-756
-854
-895
-943
-1008
-1070
-1048
-1061
-1036
-992
-930
-804
-739
-603
-483
-306
-142
-13
186
355
568
894
1201
1478
1838
2068
2358
2631
2808
3062
3257
3492
3677
3846
4004
4110
4246
4170
3885
3330
2750
1925
1167
605
92
-310
-768
-1265
-1691
-2073
-2569
-2957
-3356
-3707
-3987
-4060
-3891
-3529
-3120
-2753
-2333
-1963
-1648
-1345
-948
-498
7
472
904
1361
1664
1868
1990
1940
1826
1704
1480
1293
1126
938
766
538
308
39
-225
-645
-1055
-1334
-1596
-1769
-1926
-1936
-1962
-2021
-2061
-2120
-2109
-2154
-2126
-1976
-1825
-1586
-1288
-931
-621
-324
-23
186
405
598
788
1016
1171
1327
1395
1429
1418
1253
1113
875
622
376
164
-41
-286
-575
-836
-1116
-1374
-1628
-1814
-1962
-2035
-2082
-1987
-1811
-1654
-1356
-1157
-888
-687
-410
-153
150
511
825
1084
1382
1632
1823
1987
2078
2131
2143
2198
2230
2326
2419
2512
2632
2757
2858
2993
3120
3226
3255
3079
2724
2292
1715
1039
489
48
-377
-726
-1186
-1508
-1809
-2157
-2459
-2807
-3028
-3200
-3328
-3226
-3023
-2758
-2417
-2149
-1848
-1618
-1300
-974
-570
-171
139
460
884
1355
1620
1882
1995
1948
1895
1696
1540
1398
1203
1070
816
589
281
-5
-373
-759
-1121
-1449
-1680
-1867
-1868
-1856
-1796
-1764
-1710
-1632
-1631
-1606
-1529
-1485
-1267
-1072
-825
-482
-239
17
228
321
420
535
589
607
624
720
705
670
561
473
287
26
-180
-320
-412
-505
-586
-679
-741
-887
-1029
-1196
-1321
-1380
-1453
-1469
-1479
-1473
-1408
-1323
-1200
-1007
-843
-668
-440
-129
193
538
919
1249
1605
1897
2181
2457
2632
2755
2839
2921
2937
2966
3001
3033
3076
3047
3057
3070
3059
2928
2603
2250
1740
1080
558
44
-392
-716
-1108
-1476
-1770
-2021
-2271
-2454
-2703
-2921
-3026
-3045
-2879
-2538
-2150
-1836
-1530
-1205
-943
-641
-356
-95
230
495
791
1152
1456
1659
1808
1811
1733
1594
1485
1400
1296
1140
949
741
507
210
-87
-455
-830
-1211
-1501
-1698
-1869
-1915
-1929
-2004
-2033
-1962
-1954
-1871
-1836
-1698
-1497
-1216
-898
-588
-232
50
259
436
533
640
820
930
1000
955
925
831
662
459
214
-93
-454
-744
-967
-1137
-1279
-1408
-1540
-1663
-1763
-1847
-1877
-1884
-1855
-1781
-1657
-1427
-1218
-982
-742
-573
-434
-265
-110
99
384
642
947
1144
1389
1572
1831
2003
2048
2217
2298
2375
2525
2650
2696
2747
2765
2835
2879
2865
2860
2863
2862
2763
2557
2267
1751
1148
513
-50
-553
-903
-1177
-1543
-1782
-1898
-2087
-2207
-2287
-2359
-2378
-2328
-2246
-1994
-1608
-1257
-914
-651
-433
-219
-1
172
351
511
649
780
920
1055
1083
1081
987
805
621
527
367
266
146
85
12
-51
-152
-248
-354
-503
-621
-773
-882
-983
-1030
-1127
-1177
-1219
-1270
-1339
-1391
-1398
-1377
-1366
-1306
-1110
-924
-738
-568
-382
-214
-81
101
229
313
367
398
428
413
345
216
90
-67
-340
-583
-841
-1061
-1250
-1437
-1572
-1720
-1834
-1990
-1965
-1942
-1965
-1857
-1708
-1502
-1253
-981
-690
-339
-23
276
590
865
1184
1419
1670
1929
2094
2257
2328
2347
2356
2360
2268
2245
2200
2100
2020
2046
2060
2029
2111
2209
2257
2397
2507
2568
2485
2243
1927
1493
994
483
51
-232
-550
-909
-1219
-1511
-1733
-2035
-2270
-2444
-2604
-2691
-2689
-2494
-2231
-1935
-1664
-1330
-1015
-797
-464
-99
276
599
886
1176
1464
1773
1967
1989
1927
1765
1527
1302
1006
782
529
253
-31
-328
-600
-853
-1151
-1392
-1629
-1767
-1834
-1862
-1835
-1778
-1603
-1501
-1328
-1164
-1062
-958
-846
-724
-539
-321
-120
16
118
193
157
153
92
64
-75
-259
-354
-493
-565
-643
-739
-840
-991
-1088
-1152
-1221
-1283
-1328
-1347
-1304
-1275
-1199
-1150
-1075
-1034
-992
-924
-890
-790
-676
-545
-392
-209
-34
209
497
757
971
1169
1351
1524
1732
1880
2067
2196
2209
2225
2308
2362
2380
2390
2372
2254
2113
2089
1944
1918
1940
1955
1993
1957
1962
1897
1656
1371
950
525
119
-323
-497
-693
-893
-1003
-1086
-1151
-1241
-1270
-1376
-1439
-1506
-1439
-1367
-1223
-932
-786
-648
-542
-410
-207
-61
119
207
307
480
616
786
909
916
840
751
637
470
276
192
66
-106
-220
-407
-581
-695
-902
-1041
-1114
-1246
-1293
-1277
-1237
-1203
-1176
-1147
-1140
-1037
-968
-956
-878
-740
-671
-540
-420
-357
-281
-298
-348
-417
-501
-558
-618
-662
-753
-782
-822
-859
-901
-969
-1073
-1173
-1209
-1246
-1185
-1047
-890
-732
-604
-473
-356
-248
-186
-111
-23
54
180
282
469
544
656
764
783
811
826
848
881
993
1078
1237
1343
1454
1611
1693
1790
1836
1880
1965
1972
2023
2128
2102
2114
2125
2144
2209
2266
2257
2250
2332
2297
2133
1955
1673
1243
868
507
208
15
-194
-385
-556
-702
-833
-950
-1122
-1307
-1531
-1666
-1752
-1729
-1646
-1542
-1464
-1399
-1376
-1286
-1185
-1106
-1032
-906
-727
-583
-364
-65
176
328
415
458
477
429
444
384
383
359
290
180
79
-73
-305
-454
-693
-884
-1167
-1330
-1472
-1574
-1616
-1681
-1680
-1723
-1724
-1737
-1668
-1560
-1370
-1204
-989
-782
-592
-461
-346
-189
-103
-23
-55
-9
-14
-61
-53
-160
-214
-275
-344
-458
-483
-522
-533
-558
-591
-585
-602
-544
-480
-404
-369
-335
-244
-169
-67
80
170
273
340
436
574
684
793
876
938
967
1081
1127
1260
1364
1424
1519
1577
1642
1704
1789
1857
1886
1987
2120
2180
2328
2459
2535
2595
2602
2661
2643
2685
2652
2501
2206
1845
1450
922
454
-24
-432
-854
-1144
-1484
-1750
-1888
-2071
-2154
-2276
-2312
-2267
-2223
-2072
-1859
-1615
-1364
-1096
-863
-663
-487
-377
-234
-122
2
93
162
229
233
197
152
63
-8
-122
-224
-306
-382
-445
-443
-453
-525
-546
-582
-684
-729
-760
-812
-809
-825
-807
-748
-697
-682
-721
-691
-689
-621
-563
-479
-362
-344
-313
-321
-324
-363
-436
-448
-495
-479
-415
-383
-340
-319
-316
-286
-317
-293
-278
-258
-225
-223
-153
-142
-138
-176
-193
-218
-233
-238
-206
-227
-206
-165
-143
-13
121
210
311
429
526
672
847
941
1088
1224
1341
1443
1534
1673
1719
1735
1785
1768
1781
1800
1775
1775
1722
1666
1616
1544
1525
1552
1510
1555
1587
1603
1708
1724
1680
1529
1275
932
518
101
-263
-569
-815
-1042
-1227
-1336
-1462
-1531
-1668
-1719
-1779
-1772
-1716
-1678
-1482
-1295
-1113
-947
-801
-668
-575
-519
-489
-436
-391
-422
-363
-316
-282
-298
-358
-414
-488
-594
-744
-819
-828
-856
-855
-801
-755
-704
-624
-549
-530
-535
-524
-493
-451
-332
-171
-73
16
57
80
99
96
53
60
95
100
69
-4
11
-16
-74
-139
-220
-368
-415
-430
-441
-406
-404
-361
-315
-308
-323
-302
-272
-258
-263
-173
-132
-97
-43
-30
-79
-50
-65
-89
-78
-128
-101
-92
29
101
99
192
233
365
479
578
758
875
1069
1183
1332
1442
1534
1647
1653
1720
1694
1661
1656
1610
1633
1566
1500
1499
1408
1321
1273
1186
1128
1084
1054
1055
1062
992
908
769
553
320
104
-174
-452
-612
-767
-944
-1083
-1114
-1190
-1198
-1218
-1219
-1253
-1270
-1230
-1131
-1034
-952
-782
-666
-584
-521
-446
-445
-437
-468
-521
-532
-621
-668
-689
-719
-833
-846
-872
-970
-1035
-1026
-1025
-944
-826
-711
-499
-330
-189
-83
32
136
231
335
393
469
601
698
729
786
764
691
609
516
375
252
51
-51
-133
-231
-289
-371
-457
-514
-637
-656
-669
-715
-677
-641
-546
-502
-452
-376
-348
-343
-339
-366
-363
-326
-297
-240
-251
-281
-199
-149
-121
-77
-37
43
153
242
346
480
622
758
858
972
1011
1100
1134
1210
1310
1399
1453
1458
1559
1516
1480
1358
1268
1200
1037
909
802
768
725
726
688
690
611
531
521
462
495
547
562
606
688
719
674
619
524
351
212
6
-142
-273
-347
-432
-557
-562
-564
-606
-676
-719
-790
-826
-815
-848
-814
-710
-651
-552
-532
-506
-462
-486
-478
-449
-413
-370
-281
-216
-185
-145
-69
-22
14
38
127
151
218
281
343
407
454
539
509
495
477
492
473
452
459
403
372
284
117
2
-160
-346
-475
-593
-690
-778
-898
-957
-1047
-1092
-1103
-1145
-1145
-1159
-1131
-1080
-1033
-957
-928
-879
-827
-812
-792
-800
-790
-745
-670
-595
-543
-447
-398
-300
-204
-77
14
102
226
343
431
499
564
601
647
691
705
682
677
687
680
723
684
702
702
682
651
606
611
597
586
594
589
619
602
572
665
710
709
676
760
784
784
819
884
907
970
990
1058
1077
977
874
726
587
375
210
25
-151
-296
-404
-520
-603
-624
-681
-693
-676
-657
-601
-578
-534
-462
-358
-255
-195
-106
-32
28
82
162
222
253
266
197
219
202
161
71
28
4
-55
-69
-110
-132
-116
-96
-108
-109
-81
-52
-57
-58
-6
8
1
19
-60
-133
-282
-387
-500
-647
-738
-807
-826
-862
-903
-869
-930
-917
-935
-945
-861
-812
-726
-618
-551
-457
-416
-357
-306
-293
-291
-285
-263
-300
-231
-195
-225
-150
-153
-121
-106
-142
-140
-117
-100
-17
16
42
75
71
109
140
151
212
354
516
627
733
859
917
1051
1081
1157
1234
1264
1345
1348
1426
1484
1457
1424
1318
1264
1181
1066
1012
943
914
917
812
807
742
676
644
590
583
538
547
535
504
434
411
320
239
188
114
61
38
-25
-32
-36
-80
-111
-122
-164
-217
-215
-161
-135
-140
-115
-118
-129
-100
-130
-247
-246
-274
-360
-348
-370
-419
-484
-543
-585
-627
-673
-725
-763
-845
-857
-815
-814
-744
-696
-673
-653
-602
-607
-547
-439
-395
-404
-362
-325
-301
-239
-259
-279
-304
-323
-347
-350
-410
-427
-463
-592
-681
-733
-816
-866
-914
-964
-997
-1012
-1024
-976
-936
-926
-857
-839
-713
-584
-426
-310
-229
-84
29
182
231
363
502
491
558
654
714
809
904
886
921
913
942
954
955
978
896
903
890
944
987
1056
1027
1071
1101
1099
1143
1102
1164
1129
1084
1029
974
957
891
821
763
664
556
514
463
444
435
402
418
452
468
467
480
489
501
481
465
431
417
372
301
270
242
167
124
35
-85
-195
-276
-383
-499
-534
-617
-681
-751
-782
-821
-853
-880
-916
-873
-848
-778
-698
-671
-547
-493
-440
-405
-352
-307
-306
-286
-214
-176
-197
-179
-226
-256
-299
-365
-410
-470
-518
-556
-607
-696
-738
-759
-812
-835
-764
-789
-817
-777
-796
-747
-723
-689
-634
-611
-591
-580
-544
-455
-421
-338
-301
-269
-193
-173
-210
-183
-122
-70
67
158
242
300
327
418
454
507
591
719
793
881
948
983
1083
1091
1159
1164
1149
1155
1160
1162
1131
1104
1089
1094
983
965
947
911
829
802
830
841
813
800
764
717
732
687
665
630
637
608
588
551
553
477
429
370
317
288
233
213
146
96
81
39
14
-17
-26
-20
-58
-95
-107
-134
-162
-179
-203
-226
-299
-320
-379
-451
-457
-477
-487
-486
-530
-576
-593
-563
-586
-588
-592
-631
-623
-615
-644
-621
-574
-573
-556
-528
-559
-574
-562
-615
-580
-580
-637
-718
-733
-720
-834
-853
-862
-885
-902
-966
-934
-900
-894
-827
-797
-800
-773
-681
-609
-545
-527
-500
-442
-362
-339
-271
-222
-190
-117
-86
-56
-43
69
127
147
182
228
264
314
339
377
422
439
542
653
726
796
876
930
994
1079
1141
1162
1220
1203
1215
1198
1185
1172
1063
930
858
802
671
625
497
460
494
446
393
336
320
266
215
214
198
207
213
220
220
233
228
238
195
184
167
170
162
146
146
162
159
132
117
85
81
1
-3
-1
11
9
-24
-94
-115
-138
-161
-148
-148
-168
-178
-240
-209
-210
-222
-227
-243
-264
-311
-311
-331
-330
-377
-384
-399
-427
-482
-456
-505
-541
-621
-674
-641
-617
-621
-671
-642
-699
-708
-680
-690
-708
-751
-740
-817
-822
-769
-834
-823
-791
-826
-802
-841
-806
-805
-746
-714
-690
-677
-641
-574
-514
-412
-389
-334
-273
-173
-121
-71
-27
38
102
148
150
214
270
323
373
424
468
490
515
591
659
706
787
779
783
781
750
742
736
734
691
637
572
522
467
395
345
287
229
197
202
186
144
146
138
167
179
215
255
281
346
362
401
366
376
413
389
448
426
400
363
341
319
288
249
234
154
159
179
143
120
129
141
122
165
126
172
185
200
189
161
209
164
149
126
110
75
40
34
-14
-42
-123
-128
-112
-148
-180
-182
-242
-305
-301
-354
-381
-375
-411
-438
-457
-434
-383
-427
-425
-419
-479
-483
-523
-524
-587
-626
-616
-665
-708
-740
-787
-787
-802
-852
-846
-837
-761
-722
-718
-657
-630
-554
-513
-478
-362
-304
-216
-103
-71
-3
63
55
65
114
89
94
92
62
74
26
30
24
20
42
29
40
92
34
48
82
45
95
108
162
172
172
161
178
227
208
187
187
178
175
117
79
91
68
113
68
84
141
177
213
242
214
253
286
336
455
435
503
540
598
619
634
673
607
612
569
555
577
521
478
431
417
367
300
267
239
240
263
264
267
266
264
267
252
265
282
243
272
305
288
322
308
288
224
193
112
84
42
-37
-80
-123
-137
-248
-243
-306
-321
-387
-394
-379
-385
-352
-353
-286
-267
-244
-233
-175
-151
-142
-111
-84
-94
-82
-51
-90
-156
-180
-183
-185
-223
-271
-263
-277
-287
-257
-194
-216
-177
-109
-120
-83
-52
-74
5
33
112
120
121
208
291
306
261
276
223
185
129
125
48
23
11
-104
-159
-213
-207
-216
-266
-261
-297
-285
-235
-203
-212
-192
-149
-76
-39
-21
58
93
93
69
183
187
228
227
215
261
315
334
357
403
364
361
338
351
325
368
366
326
354
314
254
277
250
256
269
284
239
232
217
218
168
174
202
157
184
206
181
168
144
85
82
38
12
43
4
15
-20
-43
-8
-37
-61
-126
-134
-138
-177
-213
-217
-174
-169
-165
-150
-166
-198
-236
-218
-240
-233
-196
-153
-122
-45
-26
-31
-30
-45
8
48
36
41
82
135
172
222
242
209
211
198
254
280
301
262
279
307
301
312
278
277
247
230
207
193
167
165
185
176
142
92
14
-36
-129
-126
-119
-150
-118
-151
-141
-142
-101
-144
-159
-164
-195
-149
-149
-102
-56
-69
6
-16
-44
-62
-25
-29
-51
-36
-42
-41
-19
-25
-17
-5
-42
-40
-86
-57
-23
2
11
40
80
95
140
161
179
237
205
232
264
226
219
239
214
184
214
195
198
203
172
155
87
61
110
41
19
5
-37
-25
-57
-72
-97
-99
-113
-153
-166
-176
-195
-237
-210
-234
-219
-266
-257
-264
-261
-244
-236
-244
-230
-162
-131
-106
-71
-29
-14
39
57
117
149
192
239
319
362
340
367
387
437
440
437
417
369
303
299
250
233
221
175
163
151
171
186
182
221
246
272
281
311
312
348
401
386
449
395
378
425
399
359
328
260
230
225
118
75
10
5
-52
-111
-151
-152
-156
-172
-153
-132
-136
-102
-68
-73
-40
-46
34
21
40
116
89
86
83
90
42
-40
-62
-138
-216
-190
-190
-166
-176
-211
-188
-158
-169
-150
-98
-67
-4
9
22
42
77
82
73
88
83
79
35
14
-68
-87
-134
-185
-274
-325
-325
-396
-413
-460
-514
-487
-487
-441
-383
-370
-302
-244
-164
-79
-51
42
102
145
150
177
161
169
201
169
200
179
174
162
103
67
17
-18
0
44
-9
-69
-1
32
35
100
113
129
147
169
263
310
337
322
302
284
306
318
272
253
235
191
159
175
146
153
160
122
101
64
80
114
145
151
164
166
171
203
209
166
193
152
147
156
146
150
120
84
34
8
-40
-81
-119
-135
-164
-212
-188
-195
-246
-249
-235
-239
-195
-200
-147
-121
-111
-106
-123
-129
-122
-57
-77
-61
-76
-117
-153
-159
-224
-244
-251
-292
-285
-325
-293
-317
-342
-344
-334
-314
-319
-225
-238
-141
-57
-96
-46
-36
-50
-18
-19
4
25
-28
-21
-8
-21
-40
-92
-70
-110
-109
-95
-106
-52
-68
-59
-20
6
20
12
79
122
131
225
251
272
279
283
262
279
287
246
249
174
186
165
121
121
158
205
208
222
215
209
208
273
295
285
328
378
401
395
390
380
367
346
327
303
277
285
251
223
151
110
124
128
93
96
122
104
89
82
70
29
74
73
106
105
88
91
68
89
108
101
3
-8
-17
-36
-8
-70
-80
-130
-184
-211
-261
-265
-291
-310
-320
-365
-379
-359
-378
-325
-297
-257
-265
-262
-246
-212
-149
-128
-132
-92
-90
-75
-2
28
40
47
98
109
112
126
179
171
139
132
126
112
109
149
141
128
110
105
39
23
22
30
2
-39
-42
-108
-109
-139
-119
-101
-130
-147
-154
-118
-118
-84
-52
20
67
104
117
114
101
128
152
152
212
204
182
143
141
108
81
62
24
13
3
-10
-28
-29
-23
-99
-72
-86
-58
-51
-40
-14
-18
-13
0
34
20
40
40
55
-37
-30
-10
-29
-27
-22
-14
-28
-66
-39
-13
-1
1
13
28
47
27
50
29
15
33
25
31
-9
-25
-70
-79
-122
-158
-174
-215
-232
-270
-320
-309
-339
-305
-278
-294
-292
-218
-212
-164
-84
-46
-37
3
102
110
202
234
261
269
268
299
334
296
293
288
284
272
229
271
266
234
240
246
270
280
253
229
241
245
245
251
243
224
194
169
172
141
151
127
106
101
69
45
32
22
43
18
-12
-5
-11
3
10
6
21
46
85
103
69
65
61
45
61
60
46
31
10
-3
-17
-8
-111
-127
-122
-176
-182
-227
-266
-218
-185
-203
-209
-176
-153
-122
-69
-44
-13
2
98
104
164
176
176
177
175
194
148
135
76
48
54
12
-26
-83
-107
-95
-122
-197
-211
-187
-198
-182
-201
-170
-163
-100
-116
-98
-62
-105
-64
-47
-53
-25
3
10
24
-29
35
43
21
53
73
79
91
145
103
120
132
144
210
250
247
255
274
307
286
334
417
386
394
399
300
309
303
270
256
190
202
187
149
117
133
99
111
97
69
68
52
68
100
91
124
169
184
217
188
213
164
162
137
105
119
81
50
-19
-47
-99
-164
-182
-233
-263
-267
-325
-290
-334
-338
-308
-317
-296
-260
-240
-249
-247
-227
-234
-242
-206
-214
-186
-196
-187
-161
-168
-128
-100
-150
-132
-77
-73
-57
-117
-103
-105
-122
-85
-105
-79
-90
-71
-48
-69
-102
-80
-48
-90
-87
-85
-108
-92
-99
-55
-72
-62
-42
-57
-45
-52
3
23
77
112
139
162
195
220
257
280
277
285
275
292
293
300
361
364
361
366
347
334
282
281
230
190
157
138
110
106
88
141
140
117
111
116
146
115
144
156
193
170
150
153
136
134
136
97
78
123
110
119
142
145
116
117
94
90
58
57
100
55
85
29
35
43
58
30
27
41
-38
-49
-104
-93
-137
-175
-187
-189
-205
-261
-303
-314
-337
-314
-298
-335
-295
-261
-202
-195
-196
-222
-185
-209
-204
-153
-153
-155
-158
-147
-211
-165
-132
-165
-166
-184
-185
-159
-201
-203
-198
-189
-177
-167
-141
-144
-145
-155
-133
-116
-120
-117
-77
-56
-71
-46
-28
26
48
52
100
106
182
213
192
249
263
278
329
346
357
383
390
415
369
403
423
428
449
443
417
429
466
391
369
330
336
284
265
236
221
205
162
161
113
117
92
97
80
96
158
167
154
146
126
103
109
126
124
184
153
156
153
162
109
59
35
1
-6
-63
-67
-98
-116
-159
-192
-177
-196
-214
-230
-241
-255
-282
-308
-286
-243
-229
-272
-267
-284
-342
-310
-300
-338
-280
-286
-276
-269
-302
-250
-259
-213
-204
-229
-250
-206
-85
-72
-20
10
23
65
74
80
116
128
167
178
163
148
187
212
201
177
181
172
134
105
101
110
81
91
64
42
59
87
104
55
115
134
160
222
198
261
320
358
383
366
384
456
484
480
458
435
481
424
445
424
382
377
320
329
270
265
252
215
207
227
208
192
190
206
223
192
210
211
199
194
176
159
164
116
150
130
121
130
77
81
66
76
50
42
32
-2
0
-6
-6
-6
-24
-23
-24
-23
-27
-60
-45
-74
-107
-107
-122
-144
-191
-182
-192
-213
-187
-199
-236
-228
-234
