-411
-415
-403
-376
-412
-337
-334
-328
-309
-328
-304
-248
-239
-209
-207
-220
-160
-205
-200
-201
-171
-135
-137
-100
-114
-66
-83
-78
-87
-44
-30
-10
-29
-30
-44
-29
4
-28
-13
-22
-5
19
20
-1
48
48
92
112
97
114
97
87
105
96
103
120
138
141
135
129
141
151
126
196
226
245
286
296
369
332
353
389
446
463
455
505
521
550
575
651
641
649
614
662
623
548
511
435
396
349
268
217
132
17
-68
-146
-214
-286
-348
-370
-398
-415
-491
-537
-523
-536
-583
-602
-632
-697
-711
-720
-746
-790
-809
-838
-848
-840
-817
-817
-816
-861
-856
-859
-768
-760
-768
-726
-683
-678
-667
-612
-615
-551
-514
-492
-477
-493
-417
-403
-393
-350
-352
-342
-358
-337
-334
-314
-298
-299
-263
-239
-241
-241
-208
-174
-187
-181
-134
-128
-142
-121
-135
-146
-145
-129
-103
-69
-91
-20
-36
-15
-10
13
-14
-19
39
25
57
4
39
53
61
115
61
63
30
91
146
146
90
135
112
154
199
166
204
174
192
177
189
180
214
278
304
275
319
314
346
417
389
409
418
466
477
533
569
610
635
611
668
685
711
641
608
571
567
565
475
457
362
279
210
158
22
-30
-30
-143
-205
-229
-259
-310
-368
-375
-407
-367
-397
-485
-439
-458
-480
-552
-636
-654
-665
-696
-706
-687
-679
-728
-762
-704
-678
-668
-631
-591
-559
-599
-565
-538
-505
-520
-499
-496
-487
-449
-444
-388
-408
-382
-366
-334
-311
-317
-308
-294
-284
-287
-277
-294
-295
-262
-269
-279
-251
-243
-177
-199
-220
-208
-220
-210
-234
-253
-236
-212
-242
-212
-198
-186
-131
-107
-108
-110
-111
-93
-63
-85
-40
-13
-19
13
7
38
62
40
83
90
64
106
163
176
160
199
207
198
195
182
217
233
193
255
286
284
293
282
292
282
276
291
385
383
356
377
408
422
470
491
577
594
604
602
668
707
695
764
711
715
660
610
582
515
455
379
325
252
204
132
31
2
-44
-64
-92
-145
-160
-173
-222
-191
-176
-187
-177
-238
-268
-301
-342
-365
-422
-401
-434
-422
-416
-401
-393
-441
-397
-385
-368
-354
-343
-328
-300
-268
-241
-220
-220
-199
-226
-166
-167
-196
-169
-168
-126
-106
-102
-126
-118
-91
-107
-158
-179
-146
-150
-122
-164
-144
-97
-120
-83
-89
-95
-118
-127
-115
-172
-150
-102
-104
-85
-78
-102
-80
1
-10
13
-7
-6
60
77
104
70
53
69
54
107
98
153
99
114
177
149
187
209
244
295
288
287
288
300
354
328
335
345
372
365
411
406
382
453
421
463
439
462
489
515
556
547
570
579
640
719
713
717
770
765
754
766
735
724
687
660
614
566
480
381
315
288
240
194
121
44
9
-54
-72
-125
-122
-144
-136
-157
-201
-220
-229
-262
-283
-305
-315
-270
-299
-331
-331
-387
-365
-382
-391
-377
-399
-351
-311
-294
-289
-252
-260
-186
-197
-167
-138
-179
-164
-135
-138
-123
-89
-74
-101
-119
-92
-105
-118
-168
-179
-179
-212
-252
-245
-234
-262
-271
-248
-208
-189
-226
-254
-222
-227
-223
-231
-262
-272
-263
-259
-226
-236
-236
-234
-256
-173
-168
-161
-150
-103
-70
-57
-37
-13
8
49
47
62
83
127
134
138
155
160
198
191
166
174
199
205
212
243
255
266
308
312
335
346
342
326
360
295
324
390
384
390
468
522
515
577
591
640
648
679
708
679
681
679
658
616
599
541
490
433
318
245
194
112
47
-43
-83
-120
-169
-202
-213
-231
-251
-299
-281
-333
-559
-652
-841
-899
-887
-906
-795
-752
-756
-756
-774
-809
-880
-1008
-1063
-1130
-1166
-1044
-968
-836
-671
-511
-387
-319
-206
-107
7
83
208
235
257
270
282
221
215
236
221
214
209
167
168
143
87
67
-2
-9
-111
-230
-301
-378
-396
-436
-451
-487
-491
-447
-416
-404
-445
-404
-422
-417
-447
-418
-395
-395
-301
-264
-180
-173
-97
-41
29
65
75
115
133
181
183
240
212
244
282
309
345
334
398
446
473
499
444
346
253
191
173
86
151
311
490
727
961
1209
1418
1690
1929
2128
2349
2568
2729
2907
3088
3214
3191
3025
2730
2255
1576
807
-68
-868
-1700
-2492
-3097
-3527
-3679
-3529
-3182
-2679
-2017
-1354
-699
-76
467
865
1189
1304
1231
1150
1023
1009
914
931
946
967
1018
940
861
707
461
-7
-529
-1153
-1750
-2285
-2716
-3012
-3141
-3088
-2923
-2548
-2101
-1538
-983
-496
-100
156
374
500
508
482
374
277
159
-4
-119
-177
-342
-538
-777
-1038
-1170
-1403
-1538
-1595
-1650
-1561
-1434
-1221
-933
-554
-212
76
343
583
780
930
1051
1063
1166
1311
1487
1652
1856
2091
2298
2482
2629
2744
2859
2873
2837
2852
2828
2752
2791
2968
3092
3412
3776
4090
4381
4539
4481
4162
3248
1859
276
-1716
-3623
-5278
-6748
-7479
-7811
-7668
-6651
-5209
-3268
-1010
862
2619
4067
4801
5206
5170
4664
3990
3012
1877
889
151
-312
-564
-769
-932
-1141
-1422
-1896
-2450
-3038
-3810
-4541
-5276
-5712
-5628
-5169
-4223
-2867
-1410
293
1922
3279
4532
5242
5403
5084
4218
3112
1900
570
-626
-1693
-2571
-3077
-3442
-3648
-3568
-3532
-3498
-3401
-3476
-3439
-3289
-3115
-2677
-2121
-1355
-400
459
1364
2254
2838
3201
3284
3021
2550
1818
997
174
-671
-1298
-1786
-2120
-2188
-2111
-1943
-1754
-1578
-1462
-1355
-1077
-1063
-944
-728
-559
-249
124
654
1176
1765
2288
2832
3271
3672
4026
4038
4136
4059
3933
3851
3608
3450
3355
3162
3041
3016
3107
3191
3120
3001
2640
1925
665
-870
-2550
-4318
-5815
-6968
-7616
-7629
-7086
-5925
-4092
-1895
497
2789
4668
6152
6954
7114
6795
5891
4635
3183
1461
-155
-1382
-2361
-2897
-3128
-3141
-2974
-2918
-2815
-2746
-2819
-2910
-3014
-3167
-3160
-2875
-2195
-1248
-73
1228
2435
3505
4241
4598
4537
3984
2990
1528
-37
-1677
-3122
-4228
-4972
-5285
-5231
-4831
-4256
-3484
-2609
-1840
-1137
-540
-167
129
400
664
988
1320
1622
1841
1954
1974
1710
1308
826
111
-700
-1529
-2243
-2714
-2955
-2933
-2649
-2204
-1578
-950
-350
254
634
912
1049
998
964
844
716
777
824
917
1273
1570
1957
2441
2706
2998
3163
3168
3188
3285
3250
3292
3298
3262
3436
3659
3997
4258
4359
4222
3728
2677
991
-919
-3129
-5526
-7449
-8881
-9548
-9176
-8290
-6553
-4020
-1343
1610
4248
6154
7643
8081
7662
6756
5200
3442
1593
-292
-1830
-2904
-3572
-3823
-3719
-3487
-3231
-3127
-3104
-3119
-3198
-3265
-3298
-3056
-2602
-1723
-560
827
2346
3683
4695
5350
5369
4857
3800
2262
460
-1531
-3422
-4914
-5949
-6404
-6140
-5534
-4537
-3390
-2231
-1199
-352
269
533
529
389
365
325
355
510
698
848
1029
1029
856
503
-31
-696
-1378
-2060
-2586
-2852
-2872
-2671
-2261
-1743
-1158
-615
-177
213
341
363
231
42
-70
-156
-164
-42
39
191
471
711
1073
1463
1861
2268
2607
2943
3257
3553
3824
4016
4227
4383
4517
4703
4806
5030
5240
5121
4951
4572
3623
2336
339
-2021
-4251
-6716
-8526
-9540
-9836
-9042
-7587
-5496
-2565
348
3291
5901
7524
8520
8545
7671
6325
4550
2546
588
-1268
-2774
-3813
-4402
-4569
-4491
-4252
-4044
-3834
-3661
-3487
-3129
-2656
-2053
-1178
-161
1046
2460
3699
4816
5446
5465
4980
3879
2382
650
-1256
-3066
-4661
-5831
-6391
-6390
-5756
-4682
-3409
-2041
-841
91
809
1172
1290
1300
1020
822
618
561
674
648
662
589
250
-145
-639
-1231
-1673
-2060
-2270
-2278
-2172
-1807
-1372
-865
-342
20
206
236
192
16
-237
-498
-766
-981
-1120
-1125
-1072
-1079
-995
-797
-684
-449
-37
385
903
1496
2044
2686
3194
3787
4230
4545
4859
4915
4963
4924
4842
4816
4759
4638
4474
4071
3533
2703
1504
-106
-2215
-4255
-6260
-7997
-8673
-8651
-7661
-5888
-3776
-928
1942
4578
6882
8213
8684
8381
6997
5124
3151
1046
-847
-2578
-3851
-4571
-4955
-4767
-4334
-3818
-3326
-2931
-2652
-2325
-1770
-1094
-300
609
1598
2529
3396
4023
4365
4226
3547
2350
701
-1147
-2903
-4444
-5668
-6349
-6522
-6189
-5387
-4150
-2657
-1191
95
986
1490
1764
1642
1450
1160
797
532
269
68
-24
-97
-178
-367
-729
-1020
-1390
-1691
-1799
-1727
-1455
-1084
-647
-199
192
493
624
589
339
102
-192
-511
-719
-850
-837
-818
-820
-719
-676
-687
-715
-786
-691
-565
-365
83
600
1276
2001
2690
3291
3721
4083
4276
4361
4358
4378
4326
4084
4010
3973
3977
4140
4028
3796
3462
2328
903
-1024
-3393
-5405
-7426
-8754
-8804
-8213
-6514
-4071
-1463
1785
4631
6906
8622
9093
8716
7471
5533
3441
1384
-435
-1886
-3033
-3634
-3781
-3757
-3476
-3229
-2986
-2782
-2681
-2436
-2050
-1264
-257
857
2149
3179
4035
4590
4599
4136
3137
1563
-199
-2055
-3716
-4955
-5734
-5961
-5701
-4979
-3915
-2766
-1484
-340
518
1139
1302
1307
1138
826
651
439
199
151
-66
-227
-362
-616
-668
-849
-992
-952
-1019
-837
-557
-293
57
183
271
242
-29
-168
-422
-730
-872
-1160
-1312
-1323
-1278
-1022
-913
-697
-570
-551
-326
-228
17
373
714
1143
1665
2100
2593
3094
3377
3601
3675
3656
3709
3822
4007
4290
4407
4505
4708
4772
4689
4512
4043
3113
1643
-587
-3158
-5608
-7944
-9466
-9798
-9278
-7507
-5049
-2230
1112
4050
6638
8445
8992
8650
7418
5469
3483
1502
-241
-1574
-2658
-3460
-3926
-4172
-4273
-4279
-4297
-4244
-4050
-3631
-2789
-1386
224
1980
3652
4871
5666
5864
5447
4523
3053
1234
-765
-2757
-4204
-5211
-5641
-5511
-5104
-4410
-3649
-2868
-1911
-968
-183
515
1075
1535
1765
1981
2057
1768
1430
694
-277
-1109
-2009
-2618
-2970
-3165
-2851
-2429
-1772
-930
-329
274
650
715
656
303
61
-200
-498
-495
-570
-700
-697
-859
-935
-1087
-1315
-1442
-1614
-1592
-1521
-1221
-841
-384
132
485
797
1107
1360
1679
2005
2355
2760
3169
3622
4119
4540
4985
5202
5315
5232
4940
4783
4353
3848
3330
2222
745
-1183
-3733
-5864
-7860
-9304
-9311
-8684
-6997
-4382
-1775
1274
4100
6195
7734
8063
7488
6366
4489
2586
875
-619
-1847
-2818
-3559
-4186
-4586
-4947
-5065
-4936
-4695
-4094
-3128
-1834
-20
1733
3480
5012
5698
5871
5385
4278
2856
1120
-698
-2358
-3854
-4819
-5279
-5313
-4929
-4323
-3739
-3127
-2501
-1829
-976
-103
787
1627
2300
2692
2736
2547
1832
926
-218
-1560
-2656
-3471
-3781
-3680
-3196
-2302
-1301
-479
270
786
951
951
802
396
5
-303
-523
-511
-572
-655
-717
-1032
-1359
-1709
-2192
-2366
-2405
-2228
-1759
-1302
-681
-79
256
589
688
682
647
577
758
1107
1654
2478
3247
3990
4691
4984
5211
5229
4872
4689
4463
4025
3917
3501
2998
2403
1046
-766
-3072
-5522
-7643
-9070
-9296
-8264
-6304
-3611
-700
2221
4729
6615
7719
7769
7077
5610
3716
2036
528
-539
-1221
-1898
-2538
-3303
-4114
-4735
-5182
-5225
-4879
-4159
-2958
-1303
641
2652
4428
5629
5997
5563
4412
2825
1207
-459
-1865
-3025
-3823
-4325
-4509
-4377
-4072
-3808
-3607
-3378
-3164
-2583
-1698
-478
921
2185
3121
3512
3181
2449
1241
-263
-1620
-2928
-3837
-4144
-3862
-3027
-1905
-670
409
973
1211
1157
807
553
341
270
279
205
322
246
15
-291
-1064
-1813
-2536
-3109
-3182
-2795
-1960
-998
-17
828
1237
1346
1177
751
209
-223
-437
-328
318
1252
2291
3353
4143
4685
4823
4759
4742
4551
4524
4573
4651
4951
4825
4549
4042
2491
502
-2259
-5312
-7794
-9797
-10214
-9162
-7220
-4216
-1124
1649
4174
5831
6782
6970
6367
5330
4019
2834
1906
1276
674
-75
-1087
-2630
-4289
-5749
-6919
-7254
-6832
-5664
-3766
-1616
977
3339
5119
6228
6295
5569
4230
2684
1220
94
-721
-1243
-1694
-2229
-2783
-3485
-4195
-4813
-5224
-5378
-5091
-4226
-2762
-891
1085
2826
3931
4260
3717
2526
1168
-355
-1664
-2368
-2865
-2699
-2193
-1788
-1035
-524
-440
-365
-639
-769
-651
-372
321
915
1448
1760
1508
859
75
-965
-1850
-2571
-3008
-2916
-2497
-1724
-707
180
784
1108
944
590
77
-289
-462
-532
-133
442
1090
1912
2533
3126
3570
3763
3956
4052
4286
4663
4859
5268
5502
5488
5589
5092
4327
3091
1234
-966
-3622
-6040
-7940
-9125
-8797
-7472
-5313
-2667
-350
1795
3414
4551
5325
5595
5530
5252
4710
4065
3425
2697
1665
251
-1555
-3585
-5404
-6753
-7275
-6861
-5750
-3967
-1994
-36
1856
3262
4226
4562
4384
3750
3074
2446
2050
1684
1345
818
-211
-1440
-2860
-4241
-5259
-5758
-5824
-5217
-4247
-2919
-1408
-3
1235
1968
2196
1964
1309
607
21
-486
-750
-755
-846
-877
-935
-1216
-1464
-1611
-1665
-1578
-1280
-673
24
657
1282
1554
1487
997
267
-619
-1425
-1920
-2276
-2343
-2153
-1888
-1573
-1143
-745
-412
-109
29
125
113
227
328
478
755
1021
1257
1598
2005
2348
2831
3092
3522
3887
4151
4562
4747
4896
4934
4801
4762
4665
4320
3996
3267
1747
-26
-2419
-4958
-6814
-8214
-8244
-7089
-5433
-3046
-803
1029
2640
3642
4214
4643
4680
4618
4573
4321
4083
3631
2561
1057
-861
-3052
-4932
-6349
-6942
-6470
-5456
-3897
-2152
-701
629
1542
1985
2219
2291
2292
2432
2613
2965
3154
2801
2100
809
-855
-2469
-3856
-4828
-5136
-5001
-4460
-3689
-2938
-2200
-1608
-1161
-874
-716
-578
-288
-24
405
749
852
911
550
96
-405
-964
-1270
-1455
-1471
-1209
-939
-601
-233
-37
132
-23
-315
-659
-1046
-1288
-1363
-1346
-1336
-1324
-1336
-1481
-1434
-1338
-1225
-886
-585
-324
-164
-150
-175
-344
-428
-341
-205
52
564
1109
1687
2249
2628
2935
3141
3407
3746
4285
4920
5483
6042
6302
6173
5658
4718
3369
1458
-736
-3119
-5393
-7082
-8039
-7837
-6706
-5058
-3258
-1718
-487
576
1592
2688
3851
4980
5806
6229
6239
5694
4760
3302
1536
-401
-2356
-3886
-4870
-5182
-4865
-4262
-3649
-3122
-2758
-2396
-1862
-1068
-40
1078
2069
2851
3358
3565
3522
3028
2183
1194
100
-833
-1529
-1871
-2108
-2357
-2653
-3158
-3683
-4033
-4050
-3703
-3032
-2213
-1471
-891
-379
-155
161
449
517
808
819
672
625
426
343
141
-42
-75
-330
-329
-239
-335
-345
-521
-978
-1444
-1783
-2125
-2120
-1880
-1529
-1107
-763
-399
-95
102
342
424
348
208
-4
-138
-146
-7
277
612
924
1140
1315
1586
1826
2189
2614
2960
3531
3990
4506
5108
5485
5855
5727
5286
4523
3080
1336
-734
-2945
-4717
-6040
-6658
-6415
-5750
-4798
-3845
-3143
-2353
-1460
-351
1162
2808
4353
5561
6197
6294
5841
4869
3625
2172
685
-543
-1616
-2460
-2938
-3378
-3803
-4165
-4458
-4540
-4176
-3467
-2324
-1021
100
1088
1722
2081
2278
2311
2232
2119
1845
1541
1172
737
338
-298
-998
-1757
-2549
-3205
-3627
-3744
-3655
-3565
-3409
-3193
-3070
-2704
-2019
-1319
-509
242
663
779
737
628
471
488
659
728
864
931
848
640
242
-264
-913
-1523
-1998
-2288
-2340
-2238
-1991
-1809
-1680
-1528
-1307
-954
-407
196
666
1021
1100
1052
950
960
1064
1272
1669
1919
2077
2181
2244
2248
2356
2530
2721
3183
3535
3942
4390
4671
4722
4559
3881
2599
1118
-611
-2223
-3326
-4138
-4361
-4190
-3994
-3772
-3706
-3636
-3263
-2544
-1376
270
1926
3396
4482
4918
5032
4695
4188
3689
3104
2437
1742
979
70
-858
-1923
-2850
-3648
-4147
-4201
-3889
-3284
-2502
-1800
-1200
-675
-163
389
991
1546
1965
2216
2209
2064
1719
1344
1086
818
555
282
-188
-759
-1460
-2284
-2986
-3566
-3825
-3740
-3471
-2928
-2312
-1869
-1454
-1239
-1052
-754
-487
-25
419
802
1128
1197
1164
1170
1113
1150
1236
1223
1053
660
197
-289
-853
-1295
-1643
-1843
-1880
-1912
-1810
-1615
-1456
-1141
-832
-551
-113
296
772
1329
1816
2288
2672
2979
3270
3474
3614
3866
4062
4207
4338
4349
4395
4499
4357
4144
3784
2787
1558
69
-1624
-2790
-3661
-4022
-3930
-3929
-3976
-4166
-4423
-4349
-3671
-2550
-984
607
1834
2823
3328
3630
4053
4370
4728
4871
4712
4165
3371
2282
1116
11
-1198
-2121
-3050
-3754
-4242
-4612
-4805
-4805
-4670
-4117
-3326
-2315
-1057
-10
851
1343
1556
1631
1757
2015
2382
2564
2559
2380
1814
1150
503
-273
-977
-1657
-2375
-2920
-3384
-3684
-3749
-3746
-3546
-3214
-2878
-2293
-1772
-1193
-602
-310
-38
200
388
713
1102
1461
1775
1897
1854
1715
1463
1281
1137
948
692
312
-179
-734
-1295
-1719
-1922
-1996
-1883
-1700
-1499
-1244
-923
-591
-32
597
1302
1965
2491
3063
3521
4037
4518
5004
5274
5450
5556
5473
5202
4908
4322
3286
2092
427
-1017
-2202
-3141
-3522
-3835
-4262
-4798
-5463
-5877
-5695
-5013
-3870
-2570
-1520
-673
-13
509
1346
2346
3433
4519
5179
5437
5424
5007
4619
4225
3688
3057
2146
1060
-157
-1415
-2619
-3626
-4502
-5039
-5226
-5252
-4993
-4600
-4118
-3520
-2913
-2196
-1360
-531
287
998
1370
1723
1877
1934
2054
2098
2104
1967
1529
956
168
-626
-1263
-1794
-2129
-2424
-2683
-2944
-3149
-3180
-3023
-2702
-2207
-1782
-1511
-1234
-1114
-928
-606
-286
25
351
640
806
1034
1194
1337
1503
1589
1635
1520
1298
968
610
170
-271
-524
-702
-728
-568
-349
-107
85
298
492
734
1261
1877
2641
3438
3986
4485
4907
5087
5189
5226
4859
4179
3246
2071
1135
228
-493
-916
-1606
-2437
-3355
-4359
-5029
-5165
-4912
-4345
-3756
-3431
-3141
-2889
-2445
-1615
-665
427
1397
1879
2229
2436
2729
3317
3972
4459
4666
4479
3852
3110
2278
1601
1064
422
-213
-1050
-1992
-2823
-3596
-4048
-4248
-4288
-4191
-3970
-3753
-3407
-2893
-2426
-1795
-1237
-772
-334
18
306
499
722
885
969
1061
1006
916
719
445
16
-386
-706
-970
-1087
-1234
-1319
-1470
-1557
-1505
-1456
-1329
-1040
-876
-833
-889
-1038
-1165
-1122
-1028
-864
-645
-497
-198
17
337
671
885
1068
1117
1086
1049
1068
1137
1351
1568
1623
1714
1686
1666
1818
2011
2437
2831
3283
3639
3991
4229
4267
4146
3701
3054
2243
1414
813
142
-381
-907
-1622
-2257
-2869
-3333
-3464
-3326
-3169
-3034
-3077
-3148
-3049
-2764
-2077
-1149
-258
485
877
973
1135
1308
1754
2338
2890
3240
3287
3092
2863
2717
2692
2730
2611
2259
1720
909
154
-435
-914
-1223
-1688
-2210
-2834
-3408
-3837
-4073
-3987
-3650
-3271
-2915
-2551
-2240
-1879
-1420
-937
-623
-347
-65
74
274
391
495
549
561
480
398
335
233
192
3
-127
-304
-416
-411
-459
-311
-224
-152
-147
-176
-217
-398
-483
-697
-888
-957
-1077
-1133
-1011
-858
-658
-400
-109
238
599
1032
1331
1570
1868
2030
2171
2459
2713
2910
3188
3449
3663
4016
4359
4478
4587
4452
3913
3215
2551
2070
1599
1189
583
-290
-1374
-2494
-3413
-3955
-4097
-4004
-3870
-3832
-3923
-4110
-4013
-3655
-3055
-2320
-1640
-1113
-722
-358
133
819
1567
2217
2728
2800
2766
2634
2543
2747
3067
3293
3330
3054
2619
2192
1875
1755
1634
1469
1164
701
-29
-758
-1296
-1795
-2225
-2617
-3101
-3666
-4081
-4348
-4340
-4024
-3573
-3071
-2719
-2349
-1981
-1589
-1056
-573
-139
252
454
491
608
756
935
1083
1196
1125
1056
997
919
916
992
1015
850
667
435
270
247
170
129
51
-171
-530
-865
-1095
-1320
-1280
-1145
-986
-782
-516
-209
246
732
1284
1925
2467
2991
3275
3665
4104
4592
5117
5350
5424
5023
4215
3556
3009
2611
2345
1970
1427
581
-419
-1226
-1715
-2041
-2251
-2602
-3146
-3796
-4394
-4741
-4792
-4481
-4050
-3584
-3336
-3246
-3096
-2843
-2301
-1521
-682
-56
456
765
988
1356
1757
2238
2661
2818
2842
2666
2541
2448
2506
2579
2555
2359
2077
1804
1474
1293
1110
1052
797
416
-53
-619
-1296
-1914
-2394
-2995
-3387
-3714
-4109
-4238
-4223
-4208
-4003
-3760
-3347
-2908
-2374
-1691
-1220
-640
-138
95
272
402
520
706
966
1146
1244
1351
1425
1455
1478
1437
1374
1322
1200
1069
943
871
727
587
408
253
144
2
-27
-133
-275
-417
-500
-539
-305
86
512
1167
1854
2538
3279
3807
4278
4453
4146
3975
3807
3530
3476
3170
2676
1974
862
-45
-741
-1298
-1504
-1769
-1933
-2164
-2545
-2769
-2827
-2807
-2756
-2766
-2932
-3090
-3219
-3191
-2947
-2617
-2205
-1927
-1758
-1645
-1544
-1266
-885
-440
127
539
826
1084
1355
1647
1951
2232
2351
2353
2227
2139
1979
1933
1946
1759
1641
1431
1147
924
793
680
583
235
-145
-539
-1184
-1451
-1716
-2068
-2290
-2789
-3294
-3700
-4060
-4133
-4025
-3848
-3443
-3137
-2665
-2086
-1610
-954
-356
61
477
656
811
972
1180
1400
1546
1620
1640
1604
1548
1605
1526
1494
1390
1170
1053
882
836
811
963
1101
1008
1055
962
895
951
1022
1124
1411
1634
1897
2295
2567
2978
2924
2712
2790
2524
2477
2577
2365
2240
1812
1075
615
-28
-594
-977
-1480
-1938
-2410
-2797
-2964
-3026
-2893
-2647
-2491
-2323
-2244
-2205
-2078
-1925
-1634
-1388
-1278
-1250
-1284
-1331
-1267
-1112
-904
-671
-505
-341
-288
-212
-4
267
528
871
1057
1275
1434
1495
1681
1737
1737
1697
1539
1320
1155
1028
932
859
641
427
99
-203
-424
-555
-666
-850
-1079
-1374
-1670
-2026
-2320
-2600
-2819
-3045
-3187
-3295
-3293
-3164
-2925
-2558
-2158
-1715
-1276
-790
-298
227
682
1038
1263
1441
1563
1668
1770
1860
1933
1949
1907
1784
1705
1600
1505
1445
1308
1229
1219
1330
1433
1498
1682
1729
1925
2037
2203
2494
2588
2706
2763
2478
2266
2138
1916
2020
1806
1537
1328
795
365
150
-34
-98
-171
-467
-818
-1256
-1697
-1940
-2141
-2284
-2311
-2408
-2580
-2716
-2727
-2539
-2250
-1929
-1701
-1608
-1633
-1665
-1636
-1422
-1136
-840
-619
-483
-389
-343
-186
45
207
386
529
573
678
767
898
1144
1233
1238
1209
1115
1052
1025
950
943
801
602
417
139
-47
-178
-235
-400
-528
-713
-945
-1091
-1150
-1206
-1289
-1447
-1703
-1883
-2128
-2192
-2191
-2192
-2101
-2150
-2162
-2164
-2052
-1704
-1289
-803
-270
99
455
670
863
1102
1310
1504
1565
1653
1755
1763
1751
1791
1848
1831
1736
1688
1618
1606
1687
1717
1848
2043
2220
2498
2715
2848
2989
3066
2926
2746
2655
2324
2244
2046
1557
1374
879
287
93
-357
-561
-578
-888
-972
-1150
-1394
-1268
-1275
-1290
-1225
-1408
-1589
-1763
-1971
-1893
-1780
-1685
-1564
-1586
-1601
-1612
-1587
-1414
-1250
-1089
-895
-852
-773
-651
-516
-205
77
335
513
505
545
588
626
783
824
854
903
871
868
880
781
697
582
396
227
107
8
-114
-122
-220
-426
-621
-859
-995
-983
-1062
-1177
-1259
-1454
-1530
-1592
-1583
-1491
-1518
-1512
-1586
-1696
-1724
-1724
-1583
-1321
-1132
-894
-676
-496
-205
70
428
806
1130
1384
1443
1490
1406
1397
1388
1365
1403
1408
1409
1338
1300
1233
1192
1226
1176
1156
1109
1269
1544
1773
2166
2363
2498
2469
2245
2205
2053
2038
2132
1838
1606
1223
634
325
-29
-297
-380
-716
-973
-1244
-1578
-1679
-1630
-1620
-1525
-1496
-1621
-1691
-1804
-1835
-1752
-1710
-1725
-1784
-1795
-1711
-1702
-1612
-1530
-1430
-1429
-1437
-1392
-1269
-1043
-679
-358
-157
7
21
66
179
291
468
602
584
594
566
498
440
371
390
293
84
-147
-382
-516
-580
-564
-551
-581
-616
-717
-824
-840
-845
-849
-834
-859
-919
-1005
-1109
-1108
-1135
-1062
-1082
-1115
-1138
-1143
-1088
-983
-888
-800
-717
-627
-445
-263
11
314
542
742
972
1035
1079
1068
1131
1152
1113
1144
1060
1015
903
855
767
691
605
541
476
566
540
628
814
862
1212
1402
1572
1852
1911
1879
1947
1813
1877
1989
1841
1765
1520
1131
997
700
382
253
-71
-284
-514
-752
-880
-969
-1077
-1059
-1099
-1208
-1348
-1481
-1531
-1543
-1445
-1402
-1389
-1465
-1580
-1667
-1745
-1752
-1662
-1556
-1433
-1240
-1021
-787
-530
-352
-151
-59
21
144
176
204
315
372
329
309
180
105
30
-148
-311
-460
-613
-772
-974
-995
-1012
-977
-818
-716
-556
-528
-473
-362
-285
-217
-186
-197
-209
-195
-168
-232
-241
-227
-315
-386
-475
-607
-636
-652
-592
-547
-554
-425
-371
-114
98
197
399
575
603
763
783
875
919
821
754
593
503
422
369
336
285
283
241
118
100
122
274
516
699
928
1111
1267
1499
1695
1865
2062
2125
2199
2248
2175
2118
1950
1813
1529
1144
864
564
324
100
-28
-191
-329
-521
-725
-908
-1014
-1045
-1049
-1002
-986
-1003
-1020
-1104
-1192
-1201
-1284
-1355
-1446
-1526
-1458
-1420
-1400
-1262
-1153
-1009
-828
-659
-477
-333
-171
-67
-31
22
13
-3
63
93
76
-2
-144
-276
-461
-635
-726
-794
-862
-868
-879
-814
-719
-591
-440
-249
-78
74
203
237
387
409
451
526
521
418
441
306
133
62
-65
-107
-212
-170
-226
-179
-272
-246
-152
-124
-58
124
142
238
403
315
460
516
478
561
547
535
509
481
427
346
261
244
145
153
152
272
236
408
491
440
686
675
642
857
851
1021
1311
1315
1571
1678
1644
1648
1599
1431
1437
1327
1263
1278
1148
1003
830
657
501
480
383
376
306
224
145
66
-24
-78
-166
-300
-446
-635
-817
-1030
-1182
-1285
-1307
-1303
-1256
-1179
-1175
-1057
-981
-892
-760
-722
-606
-488
-435
-464
-388
-518
-415
-506
-529
-544
-702
-789
-985
-1004
-1173
-1166
-1114
-988
-917
-725
-587
-405
-195
0
222
394
606
690
760
821
768
770
716
595
572
462
375
227
125
98
30
71
-3
68
-92
66
-18
166
135
143
280
235
335
393
430
519
724
663
833
764
723
745
547
526
501
399
449
445
343
353
232
258
167
168
157
190
209
271
286
351
321
371
376
311
562
603
611
731
772
811
949
973
1103
1104
1059
1114
1105
1076
1108
1122
1112
1129
983
1005
895
747
604
442
259
48
-192
-452
-647
-886
-1018
-1116
-1212
-1261
-1268
-1263
-1122
-1093
-988
-872
-818
-730
-678
-685
-638
-674
-658
-593
-710
-713
-882
-930
-992
-1025
-980
-1023
-901
-823
-703
-562
-469
-351
-205
-71
116
164
280
390
413
421
469
358
353
231
66
25
-88
-90
-194
-196
-313
-177
-313
-176
-104
-156
-37
-137
-104
20
43
171
362
427
540
590
583
612
620
546
473
408
398
198
239
-43
16
-118
-202
-200
-379
-308
-482
-438
-432
-348
-332
-269
-258
-232
-205
-210
-93
-48
109
128
266
257
323
313
415
461
436
480
411
455
449
514
471
539
577
619
696
705
671
715
621
522
332
216
-29
-154
-395
-514
-563
-683
-721
-796
-713
-804
-723
-840
-768
-652
-596
-513
-433
-369
-362
-375
-458
-455
-614
-558
-617
-561
-551
-621
-624
-616
-680
-647
-605
-600
-409
-369
-251
-253
-75
-62
65
78
122
53
43
-122
-229
-318
-455
-540
-602
-599
-676
-566
-662
-570
-528
-545
-432
-395
-303
-220
-135
24
8
229
293
459
560
637
578
534
600
393
387
174
144
14
-152
-307
-458
-519
-733
-707
-814
-836
-815
-820
-790
-604
-599
-497
-339
-307
-276
-132
-2
-13
152
213
113
295
191
347
358
437
331
327
276
108
142
-6
124
16
190
138
209
187
152
264
102
162
51
60
-110
-133
-268
-390
-309
-497
-472
-458
-517
-431
-379
-271
-229
-94
-86
6
58
-14
114
17
147
98
93
41
37
28
-8
-25
-49
-103
-46
-20
-70
83
38
189
208
284
396
446
505
496
463
363
305
94
-14
-125
-312
-356
-547
-436
-608
-479
-602
-449
-376
-367
-226
-250
6
62
261
240
447
546
494
575
564
552
511
479
318
327
146
45
-58
-276
-386
-525
-665
-666
-762
-810
-834
-816
-914
-730
-819
-638
-525
-441
-292
-266
-72
-133
229
95
266
356
327
369
352
433
434
390
219
237
63
2
-71
-192
-123
-206
-220
-133
-167
-201
-69
-221
-178
-141
-102
-163
-116
-203
-331
-144
-334
-333
-289
-388
-266
-268
-217
-40
6
166
86
270
216
407
352
333
426
283
410
312
386
362
390
383
270
386
243
277
200
313
241
333
325
313
402
345
394
456
400
259
301
157
104
-25
25
-93
-4
-127
-45
-26
10
89
96
305
277
503
440
697
613
677
734
589
588
595
604
532
438
383
260
239
59
-26
-73
-259
-159
-472
-291
-614
-537
-671
-571
-574
-488
-350
-465
-222
-300
-183
-137
-64
-42
46
208
207
369
423
430
520
453
509
322
351
139
145
38
-10
-50
-117
-116
-194
-253
-307
-229
-294
-152
-76
-28
-76
78
-13
68
59
-39
0
-29
-99
-175
61
-89
75
76
175
122
198
142
244
338
443
431
532
464
575
578
547
631
702
617
660
595
469
560
363
499
395
407
334
399
273
295
256
342
298
239
274
187
233
98
267
103
194
107
187
36
196
214
244
435
348
452
350
407
259
339
273
306
210
278
175
110
128
108
21
45
-46
-149
-72
-300
-376
-380
-419
-585
-508
-652
-621
-558
-627
-411
-467
-377
-326
-267
-235
-206
14
45
219
235
188
376
249
313
133
217
90
101
88
-166
-69
-378
-363
-488
-592
-623
-726
-557
-717
-510
-537
-433
-356
-190
-57
-227
30
-98
-64
-80
-78
-22
-214
-23
-180
-183
-37
-242
-65
-147
-33
-122
69
17
-3
231
65
336
175
366
375
430
490
490
600
353
428
379
262
373
180
236
181
91
98
18
190
205
202
195
331
158
312
309
180
336
327
269
372
437
325
297
438
239
241
363
11
86
-51
-185
-216
-209
-323
-310
-466
-380
-448
-444
-404
-405
-287
-451
-362
-520
-413
-543
-423
-458
-455
-456
-498
-591
-566
-518
-566
-483
-446
-277
-474
-122
-399
-98
-111
-80
-61
-93
38
-53
53
-59
27
-76
-238
-302
-325
-499
-466
-555
-502
-594
-546
-389
-597
-238
-298
-217
-222
-7
0
-6
163
116
175
184
95
-57
-14
-76
-48
-67
41
-233
-79
-95
-138
18
25
81
143
292
155
222
253
130
150
206
174
146
217
154
83
120
-6
9
-20
-37
-44
-37
-23
100
77
274
304
345
454
387
580
477
657
677
600
759
577
605
496
594
262
538
160
158
98
-102
-214
-329
-367
-598
-457
-623
-540
-562
-480
-568
-374
-400
-420
-172
-279
-156
-279
-158
-231
-317
-245
-381
-296
-385
-476
-468
-404
-473
-463
-399
-583
-460
-650
-622
-606
-620
-509
-637
-456
-556
-555
-626
-496
-586
-579
-534
-643
-547
-520
-471
-523
-289
-406
-292
-148
-196
10
63
165
212
301
153
231
260
18
210
26
-101
-103
-160
-191
-209
-165
-150
-204
-12
-116
-49
28
-45
-20
-53
86
-118
153
-19
86
164
119
94
52
134
-27
215
37
85
112
98
152
165
247
101
425
276
458
535
496
576
624
642
461
731
394
621
353
366
313
233
214
70
109
-246
26
-241
-261
-255
-271
-388
-361
-292
-376
-359
-152
-336
-118
-143
-80
-24
58
-27
-135
66
-171
-140
-261
-120
-290
-135
-334
-296
-339
-351
-407
-389
-402
-494
-327
-576
-487
-484
-381
-562
-388
-509
-530
-399
-443
-461
-470
-407
-348
-271
-214
-194
-70
-89
87
96
159
234
350
383
393
440
335
450
297
298
158
189
-10
41
-65
-100
-109
-116
-99
-213
-112
-219
-177
-135
-85
-189
10
-83
-53
-110
67
-130
-60
-85
-90
13
-91
64
-14
136
-5
174
66
222
202
253
339
335
517
465
515
452
530
407
453
372
253
221
55
20
-10
-87
-168
-126
-190
-315
-140
-393
-312
-259
-426
-301
-426
-315
-389
-156
-251
-112
103
52
237
202
383
92
343
269
56
216
-36
120
-221
-68
-306
-172
-172
-394
-262
-260
-323
-503
-197
-524
-337
-287
-413
-316
-301
-350
-224
-139
-250
-148
-115
-65
-161
124
-71
119
179
-9
213
240
155
238
434
204
497
364
416
363
428
291
229
253
102
48
11
-47
-97
69
-183
3
53
-107
51
57
88
61
264
44
223
108
171
13
98
7
51
103
-8
128
159
123
81
265
121
386
164
567
298
544
397
407
575
323
535
187
407
82
313
-12
106
-177
-116
-134
-228
-160
-282
-223
-314
-247
-383
-219
-424
-229
-414
-254
-328
-236
-296
-199
-76
-143
-39
-26
103
-10
250
5
217
38
42
-94
-93
-152
-305
-148
-471
-392
-492
-496
-594
-467
-597
-577
-494
-600
-433
-426
-446
-371
-282
-257
-342
-149
-240
-234
-60
-134
117
-48
102
-39
204
44
218
227
178
422
155
433
214
411
232
268
248
197
71
35
-13
-152
-33
-172
-70
-113
-74
-134
-120
-140
-63
-102
0
-58
19
71
-68
69
41
78
-8
26
12
137
-4
75
25
76
165
110
189
163
201
193
287
213
281
181
171
23
61
-148
-51
-212
-172
-249
-242
-343
-303
-265
-399
-224
-352
-305
-206
-176
-253
-92
-237
-216
-84
-284
-126
-110
-115
-139
-31
-130
-98
69
-154
79
-107
50
-165
-38
-154
-126
-121
-252
-274
-231
-361
-353
-314
-418
-420
-405
-392
-416
-271
-285
-280
-220
-149
-71
-60
70
16
139
52
154
140
84
118
190
213
202
222
164
241
124
309
265
336
305
340
221
260
166
283
165
112
61
-31
-6
-91
-74
-10
9
-54
75
-94
27
37
-111
150
-54
95
11
74
3
34
127
18
174
42
177
47
118
108
139
152
211
212
185
234
125
168
118
89
1
13
-181
-116
-274
-286
-307
-404
-348
-483
-402
-436
-380
-379
-364
-291
-236
-206
-72
-221
-7
-79
-30
-11
57
-140
-38
-87
-204
-78
-205
-158
-226
-134
-299
-272
-233
-367
-262
-345
-330
-430
-302
-619
-293
-466
-448
-312
-443
-315
-355
-284
-253
-104
-114
3
14
-11
111
23
99
95
192
142
169
202
108
94
182
76
239
114
185
189
69
142
106
143
57
160
75
131
65
40
59
99
-71
75
20
47
80
142
88
133
164
128
271
123
246
270
173
223
276
264
142
309
117
268
153
159
122
155
54
180
63
95
128
43
53
31
72
-34
102
57
6
-63
-88
-147
-189
-187
-276
-82
-355
-87
-273
-245
-137
-107
-15
-58
47
-20
192
81
215
80
228
80
107
34
-104
20
-111
-91
-113
-220
-315
-252
-445
-344
-489
-429
-417
-563
-480
-433
-477
-382
-435
-421
-326
-405
-288
-218
-254
-135
-71
-77
11
24
80
200
142
255
254
302
322
207
386
280
363
180
276
249
176
219
174
169
24
235
-33
170
21
91
126
45
14
59
134
-53
212
-46
162
41
146
58
130
155
106
204
81
184
159
297
106
334
148
64
208
-44
103
56
-130
-7
-69
-115
16
-155
-57
34
-136
73
-5
-62
6
-20
24
108
-82
201
12
85
122
-81
236
-12
83
47
103
-25
163
-30
64
234
-19
463
79
255
220
52
215
-89
26
-135
-30
-320
-303
-291
-393
-296
-550
-333
-535
-543
-538
-555
-325
-717
-287
-499
-417
-307
-391
-332
-226
-407
-177
-141
-120
-26
-89
-137
138
46
39
226
39
174
105
199
68
312
112
49
190
120
115
247
156
95
217
-129
247
160
36
122
84
155
102
38
150
71
80
60
63
169
75
-96
76
169
-138
278
-127
148
7
-182
46
41
-110
-216
-54
-328
-158
-273
-204
-298
-260
-570
-249
-299
-480
-286
-188
-364
-139
-126
-343
126
-332
-36
75
-170
-34
206
-122
93
19
-153
210
-78
-69
15
160
-125
196
91
181
124
178
169
289
230
-82
386
-37
187
82
-53
52
-60
-275
-28
-174
-366
-100
-434
-237
-165
-497
-198
-211
-475
-127
-156
-190
-106
-197
-201
-60
-93
-245
133
-37
-105
62
-34
98
57
138
5
282
38
128
327
-11
307
109
176
199
122
76
275
237
-56
323
-59
122
73
5
145
118
37
60
250
-74
184
156
237
144
205
178
176
232
-28
240
150
51
141
8
161
38
-168
30
-34
-178
-102
-30
-264
-81
-324
-268
-214
-372
-263
-166
-129
-338
43
-35
-74
119
-5
53
129
-47
114
322
-8
40
354
2
157
243
-37
182
150
16
228
273
-49
266
227
81
238
130
97
191
19
-109
210
-31
-81
37
-58
-143
-28
-234
-140
-40
-357
-57
-32
-252
-169
-104
-276
-146
-76
-252
15
-102
-301
4
-54
-153
-21
-77
-133
45
-76
-149
241
-150
-85
128
-76
110
115
19
61
148
-165
201
166
-76
143
80
63
98
181
-40
156
23
-203
203
-1
-138
174
-28
-54
164
-89
3
263
-131
3
290
4
66
121
-194
16
28
-154
-31
28
-269
-101
-54
-357
-195
-253
-334
-206
-172
-310
-112
-152
-263
-27
-121
-29
2
-56
56
153
26
141
223
123
172
142
178
186
158
56
123
123
114
81
123
-2
57
92
8
134
-7
-71
-41
54
-74
79
17
-84
-10
-22
61
-29
-76
-165
-182
-114
-84
-65
-119
-197
-204
-103
-149
-141
-84
-160
-92
23
25
-47
-5
-20
-82
97
43
84
131
-11
96
134
85
167
220
188
343
293
269
366
333
287
349
470
374
356
329
258
291
309
259
330
313
170
339
281
261
324
319
319
406
427
440
488
377
349
395
359
308
281
220
194
160
170
69
83
30
-59
8
-56
-6
-51
-95
-83
-29
-92
-61
-105
-130
-32
-77
-32
-77
-92
-74
-91
-127
-142
-129
-182
-196
-224
-214
-217
-286
-360
-346
-338
-336
-269
-297
-345
-232
-247
-298
-258
-286
-295
-194
-204
-183
-93
-117
-79
-26
-103
-132
-23
-110
2
141
184
281
335
416
489
515
547
658
723
821
966
1090
1175
1222
1375
1350
1441
1569
1611
1728
1728
1719
1786
1815
1812
1786
1702
1618
1521
1408
1256
1058
853
670
490
284
106
-140
-300
-480
-702
-771
-886
-1048
-1126
-1178
-1222
-1249
-1224
-1239
-1193
-1209
-1133
-1010
-889
-808
-741
-679
-612
-538
-504
-474
-442
-487
-523
-530
-562
-633
-696
-659
-706
-790
-762
-835
-979
-950
-963
-1014
-1027
-1024
-1033
-1000
-976
-979
-961
-945
-882
-859
-763
-698
-582
-513
-439
-360
-301
-85
-12
149
316
467
641
860
996
1131
1338
1477
1719
1898
2118
2337
2613
2873
3190
3558
3768
3921
3987
3824
3537
3388
3202
2993
2764
2398
1968
1460
802
252
-77
-497
-781
-1069
-1528
-1873
-2143
-2365
-2448
-2542
-2524
-2485
-2504
-2434
-2444
-2288
-2026
-1711
-1428
-1225
-1058
-945
-869
-588
-313
-78
190
400
480
605
676
790
951
1056
1091
1124
1117
1042
960
872
877
714
569
374
93
-152
-398
-616
-833
-1091
-1307
-1526
-1769
-1981
-2058
-2245
-2331
-2382
-2400
-2379
-2325
-2208
-2126
-1902
-1704
-1496
-1266
-999
-831
-550
-294
-60
158
323
507
567
773
881
1016
1166
1215
1275
1325
1350
1367
1420
1503
1585
1614
1747
1798
1954
2158
2559
2882
3280
3621
3800
3751
3386
3258
3069
2903
2918
2707
2273
1754
970
393
28
-411
-551
-834
-1348
-1691
-2147
-2419
-2495
-2572
-2452
-2372
-2433
-2518
-2648
-2514
-2133
-1826
-1444
-1200
-1069
-972
-849
-591
-229
45
261
538
538
523
584
696
848
1040
1033
1047
855
706
690
693
718
744
615
402
196
-69
-165
-384
-548
-727
-1095
-1375
-1622
-1993
-2127
-2195
-2377
-2423
-2581
-2709
-2700
-2645
-2472
-2224
-2061
-1920
-1747
-1595
-1331
-1037
-773
-478
-222
-84
98
296
577
771
1043
1206
1279
1378
1449
1584
1710
1850
1922
2010
2046
2083
2152
2375
2642
3015
3390
3742
4091
4403
4349
3810
3677
3437
3185
3265
2881
2335
1820
739
82
-232
-873
-1083
-1390
-1973
-2316
-2841
-3225
-3100
-3105
-2903
-2723
-2749
-2733
-2791
-2686
-2115
-1627
-1248
-871
-878
-718
-564
-349
102
349
503
642
598
543
627
644
986
1116
1064
1061
863
702
712
778
890
889
714
491
210
-5
-171
-341
-411
-820
-1233
-1584
-2075
-2215
-2372
-2438
-2546
-2850
-2993
-3009
-3023
-2792
-2482
-2246
-2076
-2027
-1887
-1602
-1365
-1025
-668
-487
-263
-247
-86
108
347
588
757
913
864
855
936
1185
1382
1469
1590
1598
1622
1760
1943
2245
2554
2795
3209
3605
4075
4529
4934
4752
4214
4067
3639
3509
3460
2932
2522
1799
599
67
-464
-1127
-1208
-1718
-2248
-2622
-3454
-3673
-3541
-3551
-3297
-3178
-3245
-3244
-3327
-3031
-2312
-1865
-1353
-1045
-909
-724
-534
-156
439
783
970
1216
1116
1190
1238
1449
1814
1854
1755
1535
1310
1184
1209
1259
1290
1102
738
516
164
-62
-175
-267
-537
-977
-1405
-1847
-2104
-2367
-2478
-2549
-2840
-3150
-3295
-3351
-3203
-2994
-2812
-2607
-2567
-2471
-2280
-1955
-1520
-1160
-813
-544
-391
-211
65
354
690
912
1084
1152
1150
1201
1344
1542
1665
1631
1554
1559
1555
1628
1774
1993
2092
2259
2474
2917
3381
3892
4376
4932
4600
4056
3929
3530
3535
3604
3215
2804
1941
648
205
-316
-781
-772
-1494
-2061
-2687
-3587
-3504
-3366
-3358
-3113
-3164
-3423
-3483
-3543
-3085
-2352
-1933
-1514
-1395
-1481
-1303
-959
-430
188
438
558
581
425
596
880
1282
1630
1509
1332
1227
1071
1195
1393
1570
1638
1334
1023
850
666
580
603
384
115
-484
-1044
-1380
-1667
-1793
-1979
-2236
-2632
-3107
-3237
-3118
-2978
-2763
-2650
-2649
-2673
-2546
-2292
-1839
-1399
-1004
-845
-706
-604
-405
-36
329
631
701
823
836
856
1005
1243
1353
1385
1311
1206
1242
1245
1375
1505
1564
1600
1601
1766
2038
2451
2955
3476
3865
4148
3972
3398
3297
3071
2974
3056
2693
2199
1476
384
-92
-475
-824
-886
-1577
-2211
-2636
-3215
-3109
-2929
-3029
-2971
-3125
-3262
-3154
-3067
-2697
-2217
-1919
-1675
-1558
-1539
-1271
-887
-444
93
163
105
117
160
524
910
1140
1350
1149
910
1004
1028
1249
1446
1411
1397
1205
989
964
890
899
909
647
260
-193
-727
-1003
-1058
-1242
-1507
-1856
-2442
-2792
-2988
-2872
-2684
-2798
-2819
-2874
-3019
-2790
-2400
-2126
-1747
-1615
-1507
-1307
-1044
-658
-301
72
263
378
543
662
857
1074
1255
1406
1318
1332
1298
1314
1428
1459
1514
1427
1413
1372
1455
1687
1905
2170
2531
2786
3020
3379
3607
3276
2996
2727
2472
2466
2329
2095
1670
730
29
-369
-805
-871
-1186
-1642
-1977
-2525
-2806
-2662
-2624
-2545
-2566
-2678
-2617
-2696
-2551
-2142
-1786
-1550
-1379
-1355
-1198
-969
-680
-283
-81
-125
-33
14
173
513
696
919
957
877
872
955
1063
1299
1378
1404
1257
903
893
871
935
882
668
408
-20
-371
-549
-664
-835
-1096
-1500
-1787
-2133
-2378
-2306
-2289
-2348
-2397
-2404
-2419
-2354
-2163
-1813
-1540
-1348
-1187
-1093
-799
-480
-155
143
349
430
600
775
922
1079
1190
1241
1208
1225
1249
1273
1216
1171
1143
1053
1070
1072
1010
1026
970
893
875
917
1032
1189
1455
1744
1957
2066
1992
1819
1725
1576
1539
1567
1371
1190
703
232
33
-246
-291
-443
-743
-1047
-1401
-1575
-1536
-1486
-1453
-1481
-1680
-1746
-1675
-1597
-1295
-1146
-1056
-1054
-1062
-974
-800
-644
-560
-455
-425
-338
-306
-155
11
99
234
257
218
281
386
475
645
618
563
560
520
604
608
606
481
347
192
-10
-86
-145
-277
-522
-706
-829
-975
-1092
-1204
-1346
-1483
-1542
-1491
-1440
-1365
-1314
-1200
-1137
-990
-800
-605
-418
-243
-73
48
134
163
324
369
417
352
310
313
307
342
331
343
278
216
167
93
45
27
79
17
-18
-3
-144
-96
1
41
91
118
112
153
360
580
763
978
1156
1252
1263
1246
1281
1314
1379
1492
1406
1259
1057
906
806
730
685
583
377
203
75
-32
-32
-47
-97
-181
-301
-373
-364
-320
-255
-247
-276
-356
-403
-357
-326
-269
-244
-313
-348
-299
-277
-212
-165
-148
-127
-130
-110
-111
-66
-49
-78
-16
-19
7
59
16
-19
4
-110
-148
-144
-193
-193
-211
-237
-307
-347
-364
-389
-312
-318
-288
-317
-304
-229
-218
-175
-77
-26
-13
23
42
47
26
13
11
-11
-23
-5
-74
-137
-192
-175
-172
-184
-165
-178
-245
-250
-278
-267
-215
-165
-126
-106
-129
-156
-113
-117
-121
-67
5
23
44
79
104
192
279
378
508
639
793
935
1083
1157
1252
1361
1480
1549
1602
1651
1513
1442
1427
1363
1251
1135
1042
885
723
562
449
319
265
169
37
-97
-212
-271
-291
-268
-284
-377
-439
-510
-513
-515
-536
-581
-654
-732
-739
-710
-685
-629
-646
-651
-672
-643
-609
-512
-427
-402
-345
-333
-322
-219
-131
-74
-21
-6
109
108
149
210
203
277
330
328
296
342
326
352
370
338
258
115
140
104
83
-3
-72
-153
-194
-222
-237
-264
-346
-388
-402
-466
-469
-436
-467
-500
-524
-500
-480
-499
-456
-400
-313
-220
-171
-135
-177
-139
-100
38
105
140
170
173
176
185
258
345
390
438
482
519
498
524
524
530
589
558
486
408
335
356
447
436
399
298
182
137
85
60
61
25
3
-1
-99
-130
-122
-145
-126
-145
-169
-210
-222
-217
-189
-144
-144
-123
-128
-171
-174
-225
-139
-135
-180
-261
-280
-227
-225
-165
-128
-94
-138
-120
-84
-46
-6
50
102
81
144
160
153
214
235
269
253
191
95
30
23
13
-28
-49
-82
-213
-283
-272
-276
-316
-359
-412
-453
-461
-475
-467
-529
-557
-580
-587
-568
-533
-465
-451
-428
-417
-339
-265
-215
-153
23
118
216
329
335
468
553
643
674
742
776
810
789
820
815
716
661
602
556
535
480
359
288
132
35
-30
-178
-281
-314
-354
-420
-440
-489
-450
-468
-490
-482
-441
-399
-346
-241
-175
-133
-137
-56
29
17
58
126
129
158
165
174
150
189
246
227
230
186
160
173
204
193
154
40
-5
4
-32
-19
-4
-25
-28
-26
-15
-22
3
7
9
54
42
12
-60
-60
-58
-51
-2
-51
-96
-154
-263
-232
-292
-281
-270
-310
-364
-416
-427
-518
-533
-492
-434
-399
-397
-466
-477
-426
-367
-274
-205
-177
-115
-70
-5
91
92
207
283
286
367
429
445
547
571
647
719
690
626
636
616
599
548
457
392
328
172
70
-20
-104
-184
-302
-419
-557
-573
-648
-665
-730
-776
-795
-815
-751
-737
-698
-635
-601
-506
-461
-364
-283
-200
-96
-56
28
59
102
228
265
362
342
346
320
322
367
444
472
401
392
332
351
399
404
421
461
403
357
355
360
398
410
425
353
297
301
274
264
247
200
178
182
134
87
81
92
128
123
69
30
62
35
37
2
-25
-1
-89
-129
-122
-102
-137
-115
-168
-155
-121
-50
11
14
27
44
48
73
145
166
207
196
181
180
232
246
270
275
274
250
198
184
145
124
78
79
63
-17
-61
-91
-66
-57
-178
-203
-214
-219
-214
-240
-179
-233
-258
-244
-182
-143
-103
-55
-22
33
55
74
140
191
253
317
332
324
297
347
398
417
401
457
393
334
322
265
257
219
186
196
158
122
65
68
77
65
75
55
139
145
101
121
100
127
208
225
278
244
219
220
241
296
325
326
267
255
264
270
280
247
277
297
275
309
338
287
315
326
316
346
293
295
311
322
227
212
206
165
173
135
110
58
51
-25
0
-25
7
43
9
-18
-34
-6
19
-14
-63
-26
-48
-54
-40
-53
-68
-94
-116
-150
-134
-155
-139
-154
-158
-167
-211
-222
-213
-184
-169
-167
-123
-47
-47
6
49
85
107
204
222
263
318
327
397
485
504
508
479
459
408
389
371
318
279
194
180
91
43
-22
-38
-98
-162
-163
-218
-205
-249
-242
-225
-209
-202
-196
-125
-143
-136
-108
-98
-35
-26
56
57
24
41
118
172
184
208
134
139
177
194
269
273
248
269
266
209
180
238
232
237
214
123
64
54
27
32
-48
-122
-183
-250
-274
-293
-290
-374
-414
-416
-451
-412
-451
-438
-393
-400
-344
-346
-344
-254
-234
-194
-168
-131
-165
-164
-100
-53
-47
-42
-26
-52
-78
-71
-25
13
33
0
-11
-40
-84
-47
17
47
55
135
102
63
79
80
134
174
224
151
73
64
91
68
67
-11
-2
12
-33
-57
-104
-104
-128
-154
-147
-192
-202
-238
-224
-221
-191
-222
-264
-254
-223
-159
-134
-139
-74
-14
65
64
78
131
119
174
251
297
280
379
403
426
467
504
548
526
506
474
516
537
506
485
420
333
282
267
188
96
-19
-123
-237
-270
-317
-364
-401
-481
-509
-541
-510
-514
-502
-485
-468
-436
-426
-395
-340
-313
-282
-245
-243
-219
-170
-147
-95
-54
-31
48
26
27
56
69
80
137
133
143
167
147
145
133
123
131
108
72
99
62
72
67
41
53
14
-32
-24
-41
-70
-53
-39
-42
-48
-40
1
-32
26
83
76
60
54
88
71
115
124
117
57
-6
55
39
10
-21
3
-22
-85
-90
-90
-150
-162
-118
-111
-157
-155
-148
-97
19
55
120
128
135
149
148
194
222
244
227
228
191
135
108
51
-8
-81
-111
-144
-192
-219
-275
-298
-263
-319
-365
-412
-439
-425
-417
-365
-331
-334
-357
-353
-370
-333
-347
-239
-201
-204
-198
-216
-219
-190
-107
-64
-75
-86
-57
-61
-108
-101
-48
-68
-59
-27
25
86
40
94
152
152
184
185
132
113
176
147
136
140
136
94
90
76
75
68
49
8
41
50
25
29
31
48
42
82
121
128
134
83
79
118
91
103
82
77
104
83
45
38
12
10
71
64
67
32
57
98
79
90
102
112
125
143
172
168
144
178
195
179
183
141
149
155
146
135
69
8
-19
-31
-73
-91
-122
-116
-127
-146
-122
-154
-116
-71
-51
-14
33
38
59
99
93
186
144
180
212
144
200
168
197
236
157
82
56
70
79
113
49
11
4
-35
3
-41
-52
-48
-78
-73
-78
-112
-170
-216
-177
-199
-216
-214
-248
-281
-315
-295
-269
-200
-213
-242
-107
1
140
331
548
638
567
469
222
81
-113
-247
-194
72
292
553
852
905
765
539
325
92
-112
-261
-181
-305
-471
-422
-416
-492
-449
-265
-105
106
363
545
553
601
539
379
324
298
205
83
105
83
-99
-172
-157
-290
-248
-106
91
75
72
50
-130
-363
-489
-533
-530
-309
-136
40
106
168
24
-66
-128
-71
1
116
275
357
366
257
149
-19
-159
-180
-166
-111
-51
-11
-23
-125
-237
-364
-429
-443
-369
-204
-60
-7
-77
-287
-628
-952
-1020
-866
-525
-51
403
602
664
533
278
-48
-225
-243
-106
183
422
631
576
431
142
-168
-389
-321
-205
63
329
581
652
497
339
-104
-366
-599
-525
-433
-101
310
659
885
864
726
331
77
-108
-190
-96
143
354
533
558
408
161
-144
-287
-352
-182
35
297
406
389
261
5
-141
-292
-326
-265
-131
-7
137
144
79
-29
-164
-240
-277
-254
-180
-65
38
46
-5
-38
-140
-233
-296
-292
-216
-97
6
7
1
-37
-165
-242
-314
-322
-306
-256
-211
-193
-148
-209
-230
-218
-298
-304
-217
-220
-239
-143
-177
-220
-284
-347
-370
-426
-381
-373
-305
-301
-296
-222
-216
-212
-191
-193
-214
-205
-126
-75
11
131
90
54
9
28
33
39
118
130
182
206
158
129
75
20
-82
-102
-142
-123
-55
10
-10
-33
-19
-139
-215
-258
-164
-123
-26
-4
23
67
62
50
50
45
105
133
138
216
268
259
232
244
115
60
29
19
59
0
22
-4
-71
-79
-137
-148
-189
-142
-111
-173
-230
-250
-243
-318
-279
-290
-345
-381
-388
-386
-378
-367
-247
-257
-129
-86
-81
-110
-147
-223
-394
-414
-423
-422
-428
-357
-353
-315
-328
-401
-413
-358
-314
-362
-284
-255
-291
-248
-204
-182
-199
-125
-95
-46
16
38
49
109
223
219
274
262
334
333
349
331
306
388
455
417
435
378
311
280
114
139
118
48
-25
0
12
21
-1
-58
-77
-106
-170
-195
-190
-162
-57
-80
-26
-14
-6
-54
-61
15
1
55
128
144
144
195
192
192
203
221
183
228
201
164
199
149
132
84
29
-36
-73
-83
-131
-180
-143
-147
-218
-206
-228
-229
-223
-276
-355
-405
-397
-387
-354
-305
-301
-342
-308
-270
-251
-221
-206
-121
-123
-168
-106
-75
-19
6
55
94
44
47
29
102
149
213
260
223
229
174
217
243
314
350
331
339
276
262
253
324
345
353
366
344
338
326
352
334
333
325
253
182
164
125
81
45
-42
-126
-237
-259
-297
-381
-369
-456
-502
-523
-591
-635
-634
-652
-655
-641
-661
-656
-658
-670
-694
-657
-642
-638
-591
-495
-411
-381
-299
-256
-257
-282
-266
-257
-255
-228
-211
-142
-87
-66
-31
-55
-44
-27
-8
-31
-14
99
124
270
333
456
516
601
644
720
829
880
1010
1064
1171
1287
1425
1438
1587
1692
1773
1928
2067
2262
2475
2618
2674
2675
2496
2121
1556
887
192
-354
-894
-1250
-1534
-1813
-1952
-2270
-2487
-2670
-2771
-2772
-2653
-2377
-2055
-1554
-1084
-632
-105
253
535
807
1043
1254
1411
1669
1908
1974
1924
1829
1559
1157
716
240
-261
-590
-924
-1257
-1533
-1854
-2234
-2633
-3047
-3464
-3765
-3845
-3786
-3513
-3074
-2662
-2169
-1766
-1350
-907
-537
-235
117
398
634
875
1027
1123
1140
1034
859
617
374
157
-37
-106
-139
-222
-180
-201
-265
-175
-75
91
245
589
969
1378
1810
2233
2690
3050
3276
3531
3852
4308
4791
5264
5776
6136
6263
5713
4468
2796
757
-1275
-2735
-3674
-3967
-3915
-4144
-4386
-4822
-5394
-5711
-5811
-5461
-4714
-3779
-2671
-1365
-62
1301
2462
3258
3738
3765
3538
3331
3313
3603
3927
4082
3969
3410
2290
923
-473
-1697
-2650
-3472
-4156
-4535
-4693
-4809
-4674
-4487
-4267
-4153
-4185
-3951
-3508
-2787
-1615
-399
818
1728
2157
2334
2247
2095
1907
1736
1561
1358
1035
670
303
-157
-643
-1344
-2119
-2823
-3413
-3713
-3688
-3379
-2918
-2438
-2112
-1874
-1539
-1241
-815
-333
193
773
1221
1728
2173
2544
2824
2945
2995
2906
2803
2777
2821
3020
3255
3362
3357
3274
3209
3308
3497
3878
4360
4826
5055
4375
3083
1290
-1066
-3108
-4508
-5097
-4789
-4349
-3983
-3703
-3816
-3911
-3911
-3834
-3202
-2278
-1452
-314
897
2198
3482
4349
4921
4960
4257
3209
2275
1576
1250
1130
1047
755
160
-976
-2328
-3507
-4507
-5256
-5778
-5839
-5489
-5016
-4226
-3198
-2117
-1190
-687
-400
-126
221
740
1514
2365
3146
3488
3373
2911
2102
1195
257
-710
-1533
-2407
-3047
-3600
-3925
-3855
-3830
-3894
-3942
-3913
-3878
-3545
-2920
-2003
-943
-28
757
1254
1612
1897
2088
2224
2315
2227
2031
1963
1912
1999
2097
2119
2056
1769
1432
1299
1239
1377
1666
1968
2396
2839
3413
4041
4818
5643
6257
6347
5410
3657
1487
-1140
-3112
-4107
-4397
-3756
-3387
-3276
-3304
-3735
-3972
-4028
-3814
-2957
-1986
-1122
60
1391
2787
4123
4965
5409
5097
4052
2720
1764
1198
899
896
635
221
-643
-2000
-3246
-4345
-5174
-5655
-6012
-5873
-5252
-4354
-3054
-1699
-405
510
860
977
1092
1476
1998
2679
3404
3831
3776
3229
2418
1392
238
-961
-2211
-3375
-4260
-4931
-5161
-4976
-4630
-4332
-4177
-4101
-3867
-3403
-2717
-1685
-516
549
1308
1816
2127
2295
2310
2184
1997
1694
1445
1201
1075
1231
1384
1449
1396
1272
1168
1095
1180
1463
1863
2197
2515
2995
3593
4509
5477
6479
7479
7930
7596
5828
3462
671
-2453
-4482
-5633
-5627
-4808
-4397
-3910
-3726
-3962
-4036
-4147
-3731
-2712
-1751
-434
1137
2879
4653
5918
6646
6633
5817
4271
2639
1513
656
327
104
-320
-697
-1686
-2954
-4051
-5175
-5880
-6351
-6559
-5878
-4795
-3240
-1360
368
1882
2737
2844
2762
2718
2738
2998
3359
3726
3879
3640
2890
1881
620
-875
-2550
-4255
-5601
-6552
-6979
-6755
-6020
-5078
-4260
-3662
-3171
-2658
-1997
-1240
-300
815
1762
2476
3024
3231
3232
2959
2444
1773
962
269
-187
-402
-312
-27
92
97
25
-66
-38
183
563
1104
1656
2308
3132
4077
5224
6444
7577
8516
9177
9420
8627
6558
3961
734
-2629
-4916
-6394
-6462
-5760
-5365
-4804
-4862
-5157
-5147
-5134
-4374
-2881
-1388
313
2128
3939
5705
6944
7620
7567
6492
4580
2736
1222
73
-331
-694
-1125
-1653
-2875
-4232
-5457
-6526
-6996
-7307
-7071
-6028
-4574
-2675
-559
1429
3018
3951
4107
3956
3631
3430
3556
3767
4036
4063
3578
2674
1538
98
-1464
-3276
-5044
-6402
-7470
-7754
-7345
-6339
-4974
-3830
-2857
-2115
-1424
-681
100
1116
2123
2905
3431
3734
3766
3520
3027
2145
1087
22
-986
-1646
-1975
-1942
-1692
-1499
-1490
-1574
-1651
-1605
-1297
-680
63
971
1908
2842
3892
4943
6202
7300
8237
9046
9446
9535
9001
7148
4511
1338
-2645
-5835
-8003
-9040
-8467
-7888
-7010
-6193
-5945
-5391
-4897
-4082
-2577
-900
772
2566
4493
6350
7970
9004
9113
8338
6306
3849
1636
-318
-1453
-1966
-2451
-2880
-3752
-5002
-6100
-7170
-7739
-7829
-7569
-6560
-5087
-3154
-756
1575
3749
5177
5754
5526
4995
4373
3948
3923
3872
3839
3469
2579
1405
-179
-2026
-3905
-5975
-7649
-8706
-9176
-8594
-7324
-5692
-3891
-2444
-1432
-666
-99
558
1354
2107
2976
3594
3809
3810
3529
2952
2084
887
-249
-1325
-2270
-2708
-2820
-2615
-2172
-1832
-1687
-1491
-1427
-1149
-591
68
1062
2113
3133
4345
5510
6564
7593
8298
8904
9260
9251
9030
7788
5355
2418
-1432
-5258
-7825
-9706
-9884
-9243
-8599
-7530
-6950
-6335
-5382
-4441
-3049
-1264
404
2151
4077
6023
7835
9280
9850
9461
7908
5426
2993
764
-971
-1846
-2569
-3300
-4041
-5287
-6379
-7282
-7991
-7950
-7729
-7021
-5659
-3930
-1538
1099
3595
5559
6671
6833
6369
5729
5050
4713
4474
4246
3924
3042
1825
266
-1636
-3643
-5754
-7700
-9073
-9793
-9723
-8664
-7034
-5176
-3403
-2010
-843
90
895
1856
2677
3371
3913
4158
4238
4108
3738
3088
2089
905
-350
-1544
-2400
-2773
-2817
-2514
-2167
-1956
-1778
-1667
-1520
-1091
-454
473
1500
2553
3677
4751
5805
6685
7543
8209
8543
8857
9008
8965
7971
5572
2723
-1130
-5092
-7804
-9877
-10144
-9621
-9111
-8062
-7416
-6615
-5605
-4786
-3360
-1666
-44
1796
3799
5940
7912
9336
9858
9451
8000
5574
3132
870
-928
-1882
-2775
-3477
-4113
-5231
-6194
-7101
-7760
-7793
-7780
-7194
-5706
-3751
-1179
1623
4184
6123
7130
7215
6773
6100
5507
5200
4955
4668
4329
3422
2040
459
-1536
-3629
-5817
-7837
-9195
-9890
-9702
-8526
-6907
-5100
-3270
-1891
-693
238
1035
1856
2597
3493
4252
4787
4982
4895
4416
3530
2208
714
-739
-1981
-2830
-3160
-3143
-2803
-2483
-2288
-2146
-2151
-2034
-1668
-1016
-29
1152
2437
3794
5029
6101
7013
7747
8250
8644
8876
8952
8942
8694
7116
4459
1244
-2847
-6299
-8813
-10199
-9909
-9393
-8613
-7690
-7231
-6376
-5559
-4699
-3224
-1583
257
2485
4767
6938
8668
9521
9503
8658
6813
4602
2579
642
-604
-1364
-2162
-2675
-3566
-4742
-5889
-7150
-7847
-7937
-7603
-6469
-4681
-2580
-191
2083
3913
5227
5789
5694
5379
5013
4906
5014
4942
4804
4355
3246
1734
-85
-2186
-4195
-6179
-7646
-8459
-8626
-7964
-6805
-5475
-4030
-2831
-1919
-1087
-317
434
1389
2375
3379
4284
4724
4845
4511
3736
2691
1355
26
-1073
-1960
-2493
-2629
-2525
-2333
-2214
-2250
-2329
-2380
-2338
-2021
-1244
-114
1140
2537
3844
5010
6024
6754
7458
8169
8588
8966
9300
9296
8873
6923
4126
1030
-3115
-6187
-8429
-9770
-9391
-9408
-8895
-8221
-8046
-7165
-6479
-5512
-3747
-1924
156
2562
4970
7107
8660
9305
9150
8379
6930
5280
3841
2348
1311
530
-640
-1466
-2653
-4196
-5523
-7067
-7968
-8292
-8225
-7095
-5446
-3482
-1344
495
2073
3204
3773
4067
4381
4672
5047
5586
5778
5765
5382
4221
2732
928
-1094
-3021
-4897
-6178
-6908
-7163
-6892
-6417
-5820
-5252
-4712
-4191
-3367
-2279
-1098
302
1593
2850
3890
4391
4596
4395
3800
3020
2057
1215
566
-9
-364
-645
-1037
-1455
-1999
-2535
-2988
-3273
-3271
-2891
-2136
-1060
291
1603
2895
3937
4797
5572
6146
6958
7858
8522
9302
9776
9666
8407
5718
2679
-1051
-4471
-6609
-8165
-8222
-8125
-8263
-7908
-8025
-7788
-7266
-6786
-5526
-3894
-2046
277
2787
5291
7173
8161
8422
8030
7155
6008
5076
4280
3480
2922
1993
771
-414
-2164
-3984
-5779
-7467
-8308
-8692
-8294
-6927
-5358
-3693
-2180
-966
-18
657
1220
1946
2905
3915
4983
5827
6275
6198
5474
4261
2687
1046
-711
-2306
-3633
-4620
-5202
-5728
-5907
-6027
-6209
-6182
-6052
-5549
-4662
-3568
-2203
-838
427
1592
2498
3058
3487
3650
3505
3306
3044
2785
2533
2125
1561
877
-63
-1045
-1958
-2719
-3146
-3297
-3145
-2684
-1982
-1202
-366
426
1259
2130
2988
3939
5020
6190
7266
8212
9051
9538
9310
7915
5599
2797
-644
-3381
-5309
-6504
-6520
-6929
-7329
-7541
-8142
-8215
-8009
-7606
-6307
-4830
-2986
-596
1738
4031
5693
6553
6929
6765
6295
5791
5431
5218
4761
4251
3401
2187
832
-1181
-3213
-5081
-6660
-7561
-7849
-7532
-6569
-5485
-4457
-3455
-2735
-2010
-1336
-607
491
1732
3131
4500
5530
5976
5935
5423
4503
3427
2203
877
-384
-1494
-2503
-3260
-3903
-4444
-4955
-5516
-5932
-6163
-6025
-5494
-4716
-3637
-2506
-1397
-293
703
1564
2318
2947
3298
3633
3808
3768
3537
3081
2512
1806
993
189
-621
-1376
-2081
-2469
-2675
-2593
-2245
-1840
-1267
-640
80
954
1862
2799
3951
4981
6015
6977
7696
8258
8288
7140
5400
3249
660
-1359
-3002
-3949
-4190
-4830
-5292
-5609
-6198
-6362
-6477
-6450
-5743
-4881
-3594
-1740
88
1907
3263
3974
4295
4293
4233
4228
4441
4608
4575
4387
3975
3308
2330
908
-649
-2091
-3516
-4461
-4717
-4694
-4182
-3623
-3329
-3089
-3122
-3186
-3035
-2613
-1847
-801
322
1374
2315
2832
3006
2846
2369
1775
1131
536
126
-43
-152
-319
-560
-1096
-1725
-2292
-2931
-3182
-3177
-2914
-2445
-1984
-1553
-1067
-704
-355
-3
257
587
896
1197
1566
1949
2119
2093
1875
1392
908
439
14
-230
-424
-596
-654
-619
-501
-240
9
388
804
1208
1641
1966
2352
2772
3177
3542
3825
4148
4373
4348
3879
2974
1840
557
-548
-1278
-1618
-1628
-1599
-1622
-1641
-1703
-1839
-1911
-2029
-2026
-1870
-1617
-1183
-704
-219
148
366
425
370
257
136
84
30
46
119
174
116
-18
-190
-449
-697
-829
-925
-819
-637
-432
-164
75
324
535
817
1073
1175
1162
1003
675
327
1
-229
-314
-415
-544
-827
-1157
-1492
-1836
-2182
-2425
-2471
-2393
-2167
-1777
-1247
-700
-238
85
252
362
434
467
631
897
1203
1492
1622
1574
1363
962
415
-274
-1106
-1704
-2095
-2236
-2206
-2143
-2044
-2101
-2155
-2131
-1892
-1443
-964
-485
-35
478
984
1472
1923
2194
2296
2338
2409
2523
2764
3039
3219
3395
3598
3713
3520
3178
2883
2398
2004
1680
1444
1337
1255
1091
975
1046
819
591
102
-383
-822
-1238
-1384
-1347
-1203
-1270
-1384
-1545
-1777
-1975
-2287
-2564
-2725
-2905
-2955
-2790
-2431
-2132
-1856
-1536
-1236
-968
-719
-342
119
508
829
1066
1264
1401
1576
1508
1455
1249
972
854
789
801
752
648
401
125
-171
-512
-618
-686
-715
-656
-644
-571
-589
-539
-572
-551
-526
-545
-370
-328
-312
-320
-365
-484
-637
-752
-947
-1173
-1511
-1738
-1831
-1854
-1731
-1484
-1310
-1187
-1145
-1050
-753
-318
218
730
1187
1538
1791
2019
2156
2276
2331
2288
2218
2134
2190
2286
2463
2699
2907
3060
3164
3008
2640
2375
2095
1716
1478
1300
1186
1113
833
573
463
175
-233
-707
-1197
-1492
-1732
-1790
-1700
-1554
-1632
-1842
-1949
-2120
-2323
-2428
-2560
-2604
-2561
-2453
-2082
-1660
-1327
-1043
-806
-686
-541
-337
-137
137
315
439
657
827
907
974
909
789
598
534
572
660
754
708
622
491
305
184
68
-71
-183
-359
-506
-653
-737
-713
-688
-660
-643
-743
-804
-889
-976
-991
-989
-1050
-1187
-1383
-1541
-1684
-1771
-1834
-1837
-1809
-1774
-1720
-1692
-1582
-1476
-1292
-997
-621
-197
195
553
835
1051
1241
1363
1504
1635
1666
1707
1672
1667
1790
1893
2148
2440
2693
2936
3155
3330
3475
3371
3075
2864
2561
2155
1801
1435
987
612
41
-405
-545
-738
-1064
-1478
-1803
-1955
-2170
-2274
-2262
-2184
-2130
-2182
-2082
-1975
-1901
-1801
-1797
-1691
-1544
-1406
-1202
-884
-664
-525
-399
-309
-190
-140
-81
10
72
171
331
469
633
789
904
975
943
810
731
587
421
308
203
239
268
390
368
257
106
-215
-489
-667
-768
-723
-562
-460
-365
-267
-315
-393
-603
-930
-1209
-1452
-1618
-1707
-1632
-1566
-1497
-1473
-1639
-1837
-2040
-2239
-2209
-2094
-1800
-1357
-903
-485
-78
226
425
520
625
792
999
1220
1441
1720
1992
2226
2478
2660
2721
2670
2531
2394
2447
2622
2848
3107
3318
3370
2988
2536
2126
1597
1056
716
424
227
45
-113
-69
-42
-224
-556
-939
-1205
-1540
-1789
-1796
-1730
-1664
-1742
-1715
-1669
-1823
-1954
-2150
-2265
-2253
-2198
-1978
-1629
-1190
-841
-535
-380
-216
-73
-21
254
559
895
1228
1491
1724
1698
1583
1426
1180
905
680
561
480
377
237
169
68
-137
-298
-451
-580
-660
-691
-491
-356
-186
22
57
-48
-274
-548
-785
-961
-1093
-1154
-1223
-1278
-1429
-1561
-1686
-1914
-2051
-2206
-2312
-2269
-2109
-1713
-1270
-914
-531
-230
8
221
429
644
856
1158
1416
1751
2114
2333
2452
2373
2303
2088
1797
1612
1480
1480
1549
1690
1865
1968
2022
2067
2138
2199
2054
2005
1995
1886
1866
1921
1986
2036
1912
1580
1336
1084
581
44
-503
-971
-1448
-1937
-2247
-2520
-2694
-2964
-3103
-3068
-3086
-2945
-2777
-2526
-2119
-1785
-1383
-838
-369
13
426
832
1120
1333
1316
1307
1204
1152
1189
1109
1081
880
648
423
166
-86
-265
-405
-482
-568
-523
-312
-123
162
457
605
726
688
654
665
625
584
485
360
139
-74
-407
-739
-1064
-1442
-1773
-2051
-2331
-2506
-2622
-2652
-2576
-2334
-2047
-1787
-1507
-1276
-979
-617
-351
73
481
809
1147
1393
1573
1712
1724
1564
1470
1321
1123
1030
979
915
868
799
615
501
371
270
373
681
1054
1555
2069
2595
3155
3697
3851
3920
3949
3679
3304
2910
2520
2060
1635
1003
430
-63
-755
-1381
-2040
-2565
-2918
-3186
-3209
-3099
-2850
-2555
-2293
-1879
-1629
-1448
-1235
-1040
-677
-331
-7
349
643
614
582
490
274
131
-209
-413
-601
-766
-818
-806
-746
-618
-538
-523
-354
-230
2
309
601
909
1243
1540
1726
1751
1706
1489
1232
993
702
475
151
-216
-613
-990
-1472
-1924
-2283
-2641
-2869
-2967
-2938
-2770
-2469
-2068
-1756
-1443
-1227
-1001
-748
-543
-277
-11
296
578
837
998
980
918
728
547
433
291
216
173
143
69
49
2
-7
-36
-64
-50
88
329
689
1065
1502
2089
2530
2905
3276
3470
3611
3705
3683
3419
3071
2681
2121
1627
1113
636
253
-161
-651
-930
-1082
-1247
-1368
-1537
-1520
-1493
-1513
-1389
-1240
-1049
-976
-901
-699
-662
-666
-732
-855
-892
-1026
-1158
-1115
-1220
-1385
-1430
-1474
-1478
-1429
-1377
-1224
-944
-729
-382
-16
309
642
907
1138
1308
1369
1436
1456
1402
1397
1380
1336
1169
915
681
345
-9
-390
-721
-977
-1211
-1351
-1364
-1309
-1237
-1082
-1059
-1088
-1028
-1092
-1096
-1041
-1018
-937
-764
-647
-538
-484
-527
-632
-775
-911
-1078
-1104
-1089
-976
-732
-570
-421
-303
-192
-111
-5
141
322
548
812
1213
1553
1867
2083
2177
2241
2165
2030
1892
1801
1760
1702
1714
1699
1695
1675
1757
1832
1625
1415
1239
959
758
687
641
703
679
524
500
415
185
-87
-437
-705
-878
-1106
-1236
-1308
-1421
-1607
-1746
-1834
-2051
-2225
-2329
-2404
-2341
-2202
-2006
-1652
-1391
-1188
-886
-648
-366
-135
99
452
679
889
1058
1217
1279
1269
1283
1188
1096
955
778
615
491
334
166
72
-26
-64
-58
38
105
196
224
277
242
117
37
-105
-218
-326
-383
-457
-504
-645
-838
-1006
-1250
-1519
-1706
-1874
-1949
-1951
-1886
-1784
-1654
-1536
-1424
-1274
-1109
-841
-552
-221
116
505
935
1282
1622
1821
1908
1908
1773
1675
1616
1509
1443
1275
1138
1001
803
662
588
557
604
747
955
1234
1523
1915
2272
2530
2599
2612
2524
2267
2056
1805
1605
1491
1204
958
828
558
106
-399
-907
-1250
-1617
-1905
-2032
-2053
-1984
-1969
-1846
-1766
-1736
-1637
-1613
-1413
-1150
-898
-590
-222
32
177
285
321
345
286
176
250
321
383
493
478
466
370
209
125
131
184
258
420
537
692
842
998
1062
1064
1025
868
840
677
607
554
412
260
0
-300
-661
-1064
-1430
-1754
-2056
-2289
-2390
-2400
-2400
-2378
-2308
-2180
-2032
-1791
-1589
-1264
-929
-563
-167
205
519
764
974
1074
1128
1108
1110
1108
1112
1060
974
819
630
484
339
219
211
188
227
256
352
476
670
891
1151
1485
1803
2112
2316
2616
2943
3206
3191
3092
2976
2651
2219
1823
1398
1082
710
284
94
-54
-407
-802
-1199
-1500
-1694
-1910
-1950
-1854
-1712
-1610
-1404
-1174
-1071
-1014
-1010
-949
-826
-739
-590
-358
-178
-81
-23
-84
-144
-179
-225
-195
-97
55
241
432
559
712
776
793
810
863
847
931
1041
1112
1199
1191
1116
975
818
552
319
68
-145
-322
-470
-660
-889
-1099
-1303
-1517
-1719
-1787
-1841
-1861
-1835
-1740
-1611
-1439
-1202
-1044
-833
-671
-542
-472
-355
-199
-64
54
143
210
176
122
43
33
-34
-29
24
42
73
111
181
288
404
430
476
560
675
784
916
1145
1374
1559
1701
1831
2027
2155
2230
2252
2291
2404
2359
2163
2004
1810
1434
1116
779
486
295
94
-93
-147
-175
-276
-439
-661
-784
-904
-951
-913
-866
-785
-751
-628
-549
-596
-698
-837
-1002
-1128
-1169
-1151
-1035
-933
-753
-650
-544
-487
-458
-353
-212
-1
286
628
935
1228
1311
1407
1397
1356
1286
1148
1086
996
914
754
743
592
438
233
-52
-284
-553
-708
-816
-923
-1004
-1001
-1032
-1066
-1137
-1191
-1185
-1172
-1186
-1128
-1003
-915
-801
-716
-686
-703
-738
-810
-753
-777
-760
-694
-670
-614
-518
-361
-290
-217
-129
-45
29
123
225
397
582
758
929
1035
1134
1167
1156
1111
1003
985
912
935
1028
1072
1225
1374
1471
1549
1651
1725
1836
1963
1894
1869
1835
1700
1595
1467
1311
1235
977
790
607
404
195
-125
-414
-670
-917
-1223
-1448
-1594
-1661
-1782
-1808
-1786
-1806
-1746
-1747
-1578
-1415
-1208
-908
-611
-310
-42
157
282
404
424
486
506
521
603
639
644
632
548
480
334
150
99
-38
-22
51
68
159
234
303
279
275
188
188
232
217
253
207
141
58
-84
-278
-482
-727
-1039
-1268
-1501
-1659
-1730
-1833
-1874
-1832
-1799
-1744
-1646
-1512
-1293
-1078
-811
-525
-233
53
343
583
762
944
1036
1123
1178
1096
1080
977
865
737
666
566
506
451
348
311
243
207
153
215
271
410
594
815
1107
1352
1626
1815
2068
2289
2411
2380
2301
2179
1964
1713
1411
1181
965
683
374
99
-99
-246
-427
-657
-770
-917
-924
-901
-842
-644
-574
-463
-409
-388
-406
-446
-501
-542
-544
-458
-351
-307
-295
-314
-427
-597
-608
-603
-536
-431
-224
49
278
500
707
874
926
1001
1074
1216
1280
1338
1367
1375
1347
1175
1034
715
439
107
-273
-562
-821
-1062
-1332
-1502
-1687
-1806
-1914
-1968
-1960
-1954
-1902
-1775
-1558
-1371
-1114
-873
-662
-480
-324
-178
-56
72
184
286
419
508
569
592
597
596
595
584
634
616
655
700
691
722
729
744
758
738
778
758
830
864
807
805
807
713
652
639
583
616
645
775
863
1040
1114
1173
1107
1082
1011
982
1017
998
1090
1037
1080
1038
989
864
694
476
236
40
-130
-261
-336
-428
-628
-813
-991
-1188
-1290
-1368
-1410
-1437
-1412
-1223
-1003
-779
-578
-422
-310
-116
9
184
376
586
759
926
1064
1147
1148
1105
1032
890
779
565
443
297
199
105
14
-103
-279
-408
-546
-668
-817
-886
-892
-857
-909
-884
-855
-885
-926
-1004
-1064
-1133
-1169
-1149
-1138
-1111
-1015
-919
-793
-783
-749
-631
-506
-387
-227
-64
158
351
625
860
990
1139
1188
1228
1304
1335
1343
1336
1319
1212
1121
1021
772
491
275
51
-146
-289
-386
-413
-422
-378
-326
-139
98
329
649
980
1287
1634
1881
1963
2026
1992
1898
1827
1727
1650
1559
1367
1175
904
634
294
-47
-355
-640
-786
-903
-906
-884
-856
-819
-777
-706
-679
-648
-604
-559
-481
-390
-256
-159
-67
-40
3
-44
-98
-135
-183
-123
-171
-121
-90
-68
-15
-9
1
-50
-65
-25
3
36
95
127
140
229
196
98
-52
-206
-407
-633
-777
-969
-1063
-1166
-1267
-1339
-1444
-1524
-1625
-1693
-1672
-1661
-1520
-1363
-1128
-941
-646
-387
-175
66
208
398
543
735
852
998
1058
1165
1195
1106
1070
888
715
494
314
200
126
98
53
66
71
82
132
131
142
243
374
485
594
620
746
904
994
1157
1285
1405
1444
1513
1557
1451
1412
1207
1066
972
839
691
522
455
381
356
282
226
163
67
-41
-129
-217
-243
-283
-289
-259
-220
-214
-315
-420
-573
-653
-767
-887
-922
-949
-950
-890
-772
-706
-631
-642
-592
-431
-359
-190
35
252
394
450
513
486
448
334
208
79
-69
-161
-248
-322
-447
-588
-778
-1022
-1210
-1325
-1427
-1544
-1507
-1541
-1465
-1319
-1197
-1109
-1028
-959
-870
-768
-642
-504
-383
-191
-59
49
123
180
220
220
158
170
187
210
248
283
362
352
370
316
330
385
433
458
507
594
631
685
708
744
688
626
545
534
508
556
618
599
637
670
719
717
733
735
838
969
998
1050
1027
1059
945
868
767
645
548
463
334
211
100
-69
-249
-409
-564
-711
-844
-1034
-1091
-1122
-1064
-1058
-1064
-972
-962
-927
-854
-725
-556
-438
-299
-121
85
202
235
333
344
321
251
190
130
84
5
-26
-79
-167
-268
-330
-459
-600
-646
-714
-693
-665
-680
-598
-532
-546
-512
-553
-570
-547
-596
-553
-554
-554
-514
-533
-557
-607
-661
-722
-712
-709
-716
-645
-566
-492
-360
-287
-182
-132
-75
37
93
256
397
561
681
749
759
780
802
763
770
705
665
603
510
502
420
345
247
185
117
109
162
227
306
382
513
616
733
870
1041
1174
1251
1373
1416
1486
1455
1437
1364
1227
1098
885
716
512
327
156
-19
-122
-253
-404
-480
-553
-590
-607
-660
-681
-632
-502
-380
-320
-247
-196
-208
-239
-308
-332
-409
-513
-565
-593
-642
-712
-726
-728
-766
-784
-762
-732
-666
-544
-392
-224
-64
69
180
246
326
346
374
391
373
272
247
98
-70
-167
-291
-417
-567
-755
-823
-897
-991
-997
-1001
-940
-863
-774
-734
-617
-463
-361
-183
-19
159
335
493
568
668
707
734
753
736
682
637
558
439
418
339
303
233
208
144
114
110
123
228
275
383
492
614
765
845
947
1003
1060
1062
1033
1000
983
987
941
906
857
809
682
608
503
431
392
352
261
227
172
160
166
127
127
142
181
188
204
194
143
63
6
-109
-180
-280
-470
-563
-704
-784
-857
-917
-1007
-1062
-1099
-1121
-1067
-970
-830
-698
-561
-395
-233
-129
-68
5
24
58
111
102
153
94
24
-75
-189
-309
-416
-545
-677
-782
-837
-852
-866
-821
-820
-760
-697
-668
-649
-558
-438
-317
-161
-52
87
121
173
180
158
134
131
108
59
66
-1
-73
-130
-144
-152
-214
-268
-230
-183
-116
-18
100
267
463
614
721
825
933
1045
1147
1184
1156
1138
1065
1044
939
878
849
789
722
628
577
474
454
511
542
664
659
773
856
982
1134
1109
1205
1170
1152
1133
1050
903
714
530
316
119
-107
-274
-513
-671
-870
-1032
-1153
-1246
-1338
-1338
-1317
-1216
-1052
-955
-832
-736
-567
-481
-377
-281
-205
-127
-36
-19
9
9
-6
-59
-174
-266
-412
-538
-632
-684
-741
-799
-835
-876
-871
-858
-855
-847
-813
-769
-730
-673
-585
-521
-465
-405
-357
-344
-389
-395
-407
-447
-487
-491
-537
-569
-560
-584
-631
-692
-674
-675
-648
-510
-379
-271
-152
5
105
174
287
306
369
390
448
548
560
566
524
527
460
398
309
324
272
276
326
328
364
447
536
595
679
791
866
966
1054
1106
1166
1211
1259
1193
1182
1100
1028
927
845
731
597
471
308
215
90
7
-65
-114
-184
-239
-319
-370
-368
-371
-349
-315
-280
-255
-220
-251
-176
-74
-100
-145
-220
-312
-367
-462
-631
-683
-728
-864
-996
-1005
-1055
-1078
-1108
-1081
-1015
-1003
-908
-888
-824
-728
-686
-669
-663
-624
-623
-627
-630
-624
-669
-718
-811
-901
-973
-1058
-1113
-1099
-1092
-1123
-1095
-1055
-1023
-932
-827
-717
-560
-407
-263
-114
-22
94
240
262
293
296
336
305
287
254
201
158
98
19
-63
-49
-147
-126
-97
-38
63
142
241
311
441
519
668
790
910
991
1100
1178
1185
1217
1201
1166
1069
1024
976
934
854
760
670
540
424
408
344
273
208
178
200
244
273
370
434
423
552
583
641
694
659
610
603
571
538
434
362
272
122
9
-173
-295
-418
-503
-568
-627
-661
-695
-647
-648
-700
-678
-600
-586
-525
-479
-419
-389
-396
-422
-417
-473
-531
-612
-715
-772
-864
-927
-1006
-1080
-1127
-1138
-1114
-1124
-1105
-1080
-996
-917
-746
-569
-430
-298
-164
-87
-67
6
38
123
153
191
183
186
157
95
-3
-80
-188
-271
-288
-381
-382
-349
-275
-246
-154
-17
80
193
278
411
485
619
763
844
842
869
965
978
1009
996
1040
988
985
927
870
783
715
653
558
527
486
480
468
474
509
545
571
606
647
641
677
689
721
737
665
675
644
644
576
538
439
327
239
164
111
47
-25
7
16
3
22
10
21
25
50
33
63
51
65
56
37
-9
-77
-133
-237
-321
-371
-482
-598
-700
-763
-773
-799
-870
-864
-896
-941
-923
-821
-740
-670
-604
-588
-584
-543
-569
-558
-545
-480
-460
-502
-476
-492
-503
-545
-583
-650
-701
-703
-722
-691
-664
-635
-552
-507
-467
-344
-275
-205
-129
-21
43
88
159
226
308
310
289
337
357
358
366
382
365
381
405
435
387
371
379
319
323
365
447
502
554
642
664
735
787
779
790
803
826
796
830
780
753
665
566
458
307
213
124
53
3
-57
-78
-94
-105
-71
-54
-71
-8
73
101
204
259
359
419
489
560
521
520
456
438
401
339
304
281
231
190
133
74
-2
-89
-135
-215
-224
-244
-241
-214
-229
-177
-157
-170
-179
-114
-139
-198
-175
-170
-225
-250
-267
-314
-357
-483
-577
-603
-698
-708
-714
-748
-715
-727
-711
-662
-685
-661
-629
-604
-507
-468
-446
-388
-351
-316
-331
-349
-388
-398
-333
-276
-292
-269
-254
-280
-276
-262
-295
-281
-271
-195
-98
-72
-10
41
139
141
215
189
216
282
278
350
391
436
425
360
346
314
251
167
74
-11
-36
-50
-83
-84
-97
-135
-139
-114
-101
-89
-38
20
17
104
224
339
393
416
417
403
370
359
402
417
426
392
341
409
349
311
332
299
315
318
376
408
468
451
475
443
473
450
441
472
412
377
377
369
280
241
136
70
-2
-75
-157
-170
-227
-267
-324
-362
-398
-424
-433
-464
-449
-458
-387
-364
-317
-290
-270
-224
-233
-250
-230
-251
-267
-271
-279
-310
-365
-406
-457
-549
-647
-710
-742
-731
-707
-682
-640
-623
-551
-528
-475
-405
-359
-337
-260
-120
-63
32
95
158
160
189
174
196
167
105
79
26
16
-27
-97
-140
-160
-224
-265
-294
-321
-322
-326
-339
-260
-211
-231
-212
-154
-174
-135
-132
-115
-80
-51
-9
-13
28
21
12
11
39
49
86
148
147
195
248
307
352
387
399
489
487
484
570
567
603
579
571
516
503
491
452
380
328
308
275
233
220
221
243
192
183
187
180
153
179
200
215
258
261
246
227
255
223
189
176
110
83
34
29
39
-17
-10
-36
-64
-83
-75
-91
-79
-37
-69
-18
20
50
71
63
61
84
111
140
116
135
146
170
149
140
154
105
71
50
26
-27
-36
-70
-57
-64
-69
-73
-79
-108
-154
-185
-173
-153
-135
-105
-117
-122
-103
-136
-183
-210
-284
-319
-373
-390
-396
-411
-452
-499
-445
-475
-513
-501
-481
-446
-391
-296
-221
-209
-122
-76
-93
-85
-66
-41
-9
24
36
70
20
44
20
-20
4
-9
-19
-13
18
73
100
149
165
159
154
101
112
123
210
237
242
249
279
298
248
228
259
276
280
275
277
334
324
356
377
324
340
322
353
362
347
451
484
450
504
470
501
494
449
480
457
419
358
402
380
348
324
286
240
171
208
156
135
156
154
188
191
241
264
270
258
240
173
201
230
227
246
281
249
186
198
167
116
81
4
-110
-178
-242
-267
-303
-362
-367
-363
-395
-388
-388
-352
-318
-284
-273
-234
-163
-128
-116
-127
-137
-92
-69
-62
-10
-8
-21
-24
-90
-179
-228
-239
-269
-231
-210
-253
-234
-224
-259
-219
-262
-258
-218
-228
-213
-157
-121
-165
-117
-159
-159
-143
-124
-94
-80
-61
-28
-49
-151
-122
-130
-159
-113
-138
-141
-90
-90
-46
-1
23
90
108
167
245
298
306
412
449
465
566
567
540
564
558
509
516
511
529
509
487
456
413
401
403
386
349
333
292
311
325
290
309
308
306
339
290
287
244
220
240
217
178
193
147
118
49
-6
-17
-89
-109
-174
-209
-224
-236
-277
-263
-253
-260
-270
-243
-246
-240
-220
-259
-228
-164
-83
-95
-85
-95
-101
-76
-115
-103
-54
-54
-85
-66
-52
-42
-76
-110
-92
-119
-147
-146
-132
-127
-86
-103
-56
-47
-61
-52
-38
9
-10
-40
-95
-83
-101
-119
-142
-180
-191
-213
-201
-229
-260
-239
-216
-153
-100
-36
-38
23
48
84
176
232
244
267
344
355
397
402
437
406
384
364
299
255
236
178
138
137
73
68
42
10
-19
-72
-29
14
-4
49
103
53
56
97
82
147
160
166
220
258
244
227
170
126
70
-18
-26
-69
-101
-92
-166
-163
-186
-172
-200
-206
-177
-188
-172
-204
-147
-115
-94
-65
35
11
38
53
8
74
63
52
70
30
9
11
-76
-107
-142
-195
-222
-264
-284
-294
-237
-212
-139
-148
-137
-47
-26
2
32
30
40
32
10
22
-13
-63
-97
-149
-188
-210
-179
-170
-139
-113
-120
-110
-85
-89
-60
-17
59
125
147
233
294
291
312
391
419
484
469
432
468
448
448
473
463
396
323
239
218
206
167
157
117
132
85
61
99
80
98
110
78
89
98
88
98
132
114
126
121
113
96
29
-13
-27
-58
-99
-123
-135
-149
-160
-151
-236
-231
-277
-288
-289
-289
-249
-189
-155
-135
-113
-104
-99
-121
-124
-151
-174
-176
-158
-140
-151
-120
-138
-175
-205
-260
-200
-198
-161
-140
-127
-57
-34
25
13
55
93
110
96
102
125
100
37
17
-2
-26
-55
-86
-109
-111
-106
-132
-144
-157
-168
-166
-162
-132
-93
-63
19
78
114
156
210
220
266
314
293
356
383
413
430
438
451
403
394
410
351
310
279
253
256
291
339
314
304
317
346
336
360
394
415
429
434
436
459
405
347
304
317
252
188
136
124
38
-33
-19
-36
-19
-50
-36
-84
-49
-26
-67
25
69
116
146
166
190
138
164
104
98
51
28
-27
-116
-139
-245
-263
-324
-317
-312
-308
-298
-286
-274
-219
-114
-77
-25
39
110
141
128
137
157
147
78
53
67
88
81
55
-55
-141
-171
-226
-244
-283
-319
-326
-311
-351
-337
-328
-303
-246
-165
-94
-25
6
9
39
29
83
87
121
148
107
172
130
132
152
135
128
127
163
196
238
249
305
312
362
356
409
478
518
540
565
628
666
670
683
672
693
646
617
554
454
369
287
203
174
97
39
38
-35
-75
-155
-152
-180
-169
-157
-80
-12
10
36
51
2
10
44
94
150
135
80
-21
-98
-141
-192
-223
-225
-207
-250
-289
-324
-372
-364
-376
-358
-305
-251
-186
-134
-103
-93
-30
9
9
50
82
116
122
70
44
-5
-52
0
-69
-116
-175
-278
-334
-363
-369
-353
-342
-337
-312
-256
-231
-187
-170
-143
-94
-105
-62
-61
-48
39
54
30
11
33
30
20
-43
-60
-57
-128
-137
-172
-187
-158
-100
-66
-51
31
88
145
182
275
382
490
522
569
629
635
620
610
580
532
481
394
313
304
266
243
215
192
204
154
153
190
201
212
222
264
283
318
347
328
389
363
370
356
286
274
218
125
48
5
-2
-23
-85
-107
-157
-193
-252
-251
-269
-282
-250
-247
-204
-159
-67
-38
41
22
3
4
2
26
-32
-1
-53
-107
-180
-266
-275
-252
-324
-323
-351
-336
-344
-370
-323
-295
-270
-257
-197
-177
-138
-147
-134
-86
-63
-17
-5
-10
12
-32
-44
-90
-95
-125
-163
-155
-235
-257
-234
-249
-247
-221
-191
-170
-118
-88
-93
2
73
173
247
277
269
261
302
326
327
306
345
288
290
265
223
215
169
181
189
184
170
175
159
158
134
191
198
189
206
197
168
124
121
167
155
179
187
166
182
106
92
78
30
-28
-81
-100
-91
-66
-67
-39
-68
-58
-40
-57
-27
10
30
8
64
69
96
84
71
70
-10
-35
-111
-159
-193
-220
-244
-300
-267
-309
-326
-285
-277
-256
-236
-251
-229
-185
-163
-94
-14
28
9
21
42
57
93
90
108
54
26
-4
-55
-59
-174
-166
-144
-203
-175
-200
-166
-232
-213
-175
-173
-184
-182
-135
-114
-41
13
7
69
147
155
216
153
162
156
186
199
205
235
195
179
116
165
194
208
210
224
219
230
254
311
326
311
326
315
336
319
343
343
329
328
321
263
231
145
78
115
97
105
106
66
18
7
39
48
74
131
200
247
296
266
295
309
283
303
271
201
173
132
89
52
34
6
-23
-70
-103
-69
-80
-137
-140
-176
-144
-142
-167
-171
-184
-96
-82
-69
-63
-63
-44
-26
0
35
34
94
52
33
-13
-49
-47
-99
-131
-115
-83
-103
-91
-81
-102
-74
-93
-117
-37
-67
-87
-63
-55
-28
60
81
123
164
147
185
144
149
130
93
44
41
43
48
103
100
70
105
146
145
200
230
282
298
326
319
387
441
423
428
379
388
398
390
357
290
262
266
218
158
141
102
70
79
74
103
101
126
145
158
206
184
242
267
279
285
212
240
227
228
278
277
217
140
112
75
23
-14
-30
-102
-143
-181
-194
-214
-203
-192
-200
-170
-178
-198
-187
-178
-164
-106
-108
-119
-93
-54
-46
-50
-8
-18
-23
-40
-90
-107
-87
-105
-91
-102
-83
-32
-63
-48
-16
-3
25
56
63
67
125
131
140
170
157
108
72
30
-53
-76
-111
-138
-124
-136
-99
-97
-131
-115
-126
-123
-85
-106
-66
-18
-12
0
69
145
199
264
261
280
290
255
198
217
198
168
110
101
80
119
173
170
123
130
120
106
143
144
170
157
184
188
190
214
260
313
334
342
