-79
-69
-80
-61
-26
-36
-81
-72
-84
-118
-58
-52
-49
-59
-79
-30
-40
-60
-34
-28
-25
0
-15
11
-37
-60
-30
-44
-4
-7
23
36
36
30
17
15
9
22
15
21
44
73
49
10
6
8
-8
-1
-2
0
-7
-35
-43
-22
-21
-43
-37
-82
3
16
35
30
-15
19
4
54
35
-14
0
-5
-49
-29
-48
-45
-39
-75
-69
19
28
-3
-4
22
12
-4
20
-5
26
-39
-37
-18
-43
-17
-29
-20
-24
-5
-2
-46
-18
-54
-28
-22
-39
-18
29
-21
-71
-40
-4
1
-23
-25
-85
-71
-47
-40
-28
-21
-51
-40
-57
-48
-59
-62
-41
-93
-99
-68
-75
-42
-79
-75
-84
-124
-134
-96
-67
-126
-74
-76
-62
-77
-95
-19
-29
-9
-16
-27
-16
-42
-61
-109
-91
-55
-84
-102
-96
-103
-69
-57
-82
-86
-84
-113
-128
-121
-134
-101
-139
-181
-160
-160
-169
-155
-152
-191
-142
-143
-160
-113
-109
-106
-123
-123
-99
-97
-95
-111
-92
-103
-109
-78
-85
-68
-89
-50
-33
-32
-43
-52
-43
-75
-85
-28
9
-20
-46
-6
0
-1
33
-15
35
15
36
-3
4
-20
-21
15
29
-9
-8
48
-5
6
-32
-58
-52
-2
-25
-19
-27
-46
-27
-32
-17
-59
-40
-21
-47
-4
-19
-39
-82
-83
-46
-39
-31
-59
-47
-36
-46
-30
-26
-22
-5
15
12
15
19
28
29
60
66
25
9
-4
7
11
10
20
41
51
54
82
105
76
87
63
87
99
57
42
85
97
50
39
47
28
45
30
15
54
19
23
14
-6
-44
15
-13
-25
-9
-77
-10
10
0
-4
-25
-10
-24
-17
-9
-46
-70
-72
-2
42
-7
35
58
43
48
74
42
9
42
18
-19
-28
14
-10
16
10
13
-1
26
9
9
37
7
7
-7
-43
-58
-22
-49
-37
-65
-45
-30
-19
-3
23
-2
0
-3
-8
-20
-56
-65
-78
-22
4
-21
-56
-29
5
5
21
-3
-25
-17
19
-13
-49
-43
-77
-21
-1
-32
-15
29
9
29
24
30
32
15
26
28
-35
-16
17
7
37
35
58
72
66
53
20
36
8
-21
3
-43
-12
-21
-58
-20
-50
-52
-25
-29
-36
-30
-24
-4
-63
-92
-120
-131
-99
-104
-92
-110
-98
-118
-100
-68
-35
-54
-25
-9
-2
21
1
-12
9
-24
-46
4
-5
-12
-5
7
6
23
34
-21
-27
-57
-49
10
26
-20
-24
-42
-11
20
-13
-26
-35
-14
-57
-64
-105
-82
-72
-82
-57
-78
-117
-138
-106
-63
-51
-27
-37
-18
-31
-27
-32
-37
-62
-50
-49
-49
-9
-34
-39
-2
3
-27
4
-108
-150
-104
-168
-128
-3
-46
-20
-71
-155
-109
-187
-217
-132
-118
-120
-134
-166
-215
-218
-228
-204
-139
-169
-156
-187
-241
-187
-234
-263
-192
-286
-243
-182
-224
-234
-255
-270
-252
-238
-228
-168
-242
-244
-283
-330
-254
-232
-189
-105
-93
-190
-207
-285
-276
-217
-219
-179
-118
-54
-107
-162
-140
-223
-277
-374
-619
-686
-775
-673
-162
240
673
885
533
207
110
217
799
1539
1999
2038
1651
1171
841
882
1446
2080
2391
2408
2036
1570
1333
1456
1923
2455
2834
2469
1431
385
-900
-1576
-1328
-949
-294
-227
-1083
-1924
-2912
-3284
-2565
-1641
-499
290
64
-335
-849
-1013
-253
662
1514
2060
1847
1351
841
407
444
768
976
1026
673
17
-628
-1247
-1514
-1474
-1436
-1354
-1382
-1562
-1760
-1921
-1975
-1851
-1554
-1281
-979
-746
-668
-683
-785
-906
-776
-594
-370
-175
-200
-359
-693
-988
-1078
-959
-715
-595
-607
-803
-1053
-1167
-1044
-684
-284
68
223
168
130
140
381
762
1204
1484
1556
1639
1555
1812
2131
2488
3030
3273
3456
3518
3313
3454
3551
3682
3819
3357
2419
1006
-527
-1757
-2393
-2147
-1624
-1480
-1889
-2998
-4090
-4673
-4422
-3142
-1603
-389
138
-170
-673
-862
-309
955
2280
3166
3313
2803
1983
1398
1303
1575
1935
1886
1356
445
-710
-1523
-2058
-2236
-2122
-2214
-2432
-2738
-3110
-3248
-3241
-2991
-2496
-2043
-1477
-960
-629
-198
75
303
654
1013
1438
1728
1912
1790
1374
875
319
-59
-245
-447
-685
-1155
-1825
-2395
-2895
-3080
-3031
-2928
-2688
-2658
-2692
-2635
-2506
-2017
-1404
-820
-170
176
525
861
1034
1332
1669
1913
2066
2183
2149
2092
2009
1993
2137
2318
2548
2814
2864
2879
2856
2765
2918
3178
3443
3834
3974
3576
2883
1428
29
-984
-1798
-1519
-955
-762
-897
-2063
-3368
-4108
-4256
-3219
-1643
-415
181
-187
-979
-1367
-1034
20
1542
2692
2996
2635
1773
1040
923
1226
1808
2250
1942
1231
148
-959
-1502
-1643
-1613
-1489
-1553
-1929
-2374
-2772
-2941
-2881
-2645
-2014
-1653
-1261
-544
-317
2
277
295
737
1224
1705
2207
2096
1706
996
94
-391
-599
-727
-823
-1195
-1838
-2617
-3221
-3469
-3441
-3018
-2559
-2385
-2318
-2250
-2209
-1877
-1291
-532
203
688
1075
1205
1227
1485
1643
1839
2101
2070
2042
1854
1418
1330
1289
1455
2014
2286
2686
2846
2654
2726
2779
3081
3839
4419
4950
5292
4996
4703
3996
2581
1351
169
-1095
-1444
-1256
-1366
-1559
-2729
-4286
-5149
-5609
-4870
-3079
-1768
-828
-760
-1476
-1497
-974
229
2111
3431
3812
3569
2726
2014
2075
2330
2805
2986
2181
1109
-97
-1346
-1905
-2131
-2292
-2392
-2884
-3398
-3585
-3734
-3498
-3253
-3108
-2490
-2143
-1517
-302
292
934
1220
1056
1452
1811
2336
3000
2890
2352
1385
19
-879
-1366
-1636
-1907
-2260
-2921
-3884
-4567
-4874
-4854
-4366
-3713
-3206
-2914
-2510
-2226
-1764
-857
19
855
1569
1936
2088
2160
2279
2475
2596
2735
2592
2324
1997
1673
1493
1616
1802
2000
2299
2301
2268
2408
2447
2759
3362
3850
4569
5106
5224
5202
4874
4356
3271
1780
693
-647
-1668
-1725
-1888
-2075
-2808
-4315
-5398
-6054
-5886
-4447
-2842
-1588
-948
-1184
-1418
-1096
-227
1370
3016
3978
4125
3712
2988
2591
2623
2823
3039
2670
1813
738
-477
-1507
-2141
-2540
-2878
-3201
-3501
-3714
-3761
-4009
-4010
-3772
-3669
-2769
-1740
-947
239
677
717
1012
1026
1663
2474
2896
3341
2658
1565
560
-614
-1322
-1465
-1770
-2243
-2662
-3472
-4193
-4517
-4585
-4127
-3671
-3229
-2536
-2247
-1815
-1175
-847
-108
562
905
1538
1901
2102
2357
2246
2193
2059
1788
1771
1730
1736
1823
1848
1957
2082
2244
2506
2794
3126
3336
3630
3958
4120
4796
5334
5759
6301
6140
5921
5439
3941
2141
722
-1130
-2461
-2562
-2767
-2901
-3556
-5438
-6644
-7419
-7499
-5722
-3924
-2265
-1093
-1401
-1466
-986
-306
1464
3440
4541
4977
4613
3886
3568
3302
3294
3525
3002
2010
1039
-314
-1491
-2186
-3074
-3550
-3940
-4415
-4423
-4462
-4482
-4437
-4331
-3814
-3038
-2095
-1022
35
796
1142
1422
1662
2084
2639
3070
3197
2709
1731
615
-605
-1472
-1867
-2299
-2578
-2967
-3625
-4241
-4811
-4924
-4515
-4143
-3406
-2613
-2225
-1703
-1302
-837
-190
311
1039
1675
2076
2401
2362
2226
2185
1910
1598
1657
1690
1742
1779
1821
1870
1858
1993
2267
2631
3066
3533
3856
4170
4478
4822
5282
5780
6103
6244
5996
5361
3678
1460
-240
-2419
-3424
-3137
-3163
-2995
-4014
-5941
-7250
-8386
-7928
-5853
-3726
-1707
-724
-966
-1094
-911
-45
1820
3745
5023
5461
5161
4338
3739
3380
3165
3220
2627
1826
1060
-286
-1453
-2417
-3507
-4141
-4560
-4845
-4446
-4187
-4161
-3953
-4007
-3849
-3094
-2241
-897
610
1277
1727
1740
1551
1829
2116
2512
2839
2191
1095
-259
-1808
-2586
-3034
-3170
-3106
-3430
-3905
-4600
-5105
-4896
-4503
-3759
-2662
-1839
-1149
-713
-321
186
650
1194
1877
2355
2820
3031
2850
2562
2137
1792
1662
1607
1742
1981
1875
2012
2016
1929
2184
2290
2624
3158
3329
3913
4329
4606
5551
6054
6452
6773
6414
6012
4872
2739
1037
-900
-2836
-3235
-3421
-3594
-3814
-5395
-6979
-7947
-8516
-7412
-5354
-3424
-1670
-989
-1067
-689
-121
956
2840
4365
5266
5686
5335
4902
4467
3808
3513
2936
1922
1209
351
-803
-1712
-2950
-4320
-5071
-5698
-5551
-4855
-4493
-4032
-3993
-4260
-3872
-3290
-2153
-356
956
1780
2108
1914
1831
1848
2127
2606
2446
1591
534
-826
-2003
-2424
-2740
-3012
-3184
-3713
-4267
-4585
-4661
-4175
-3706
-3145
-2295
-1778
-1200
-419
90
689
1152
1383
1833
2148
2561
2844
2746
2457
1957
1418
1151
1091
1322
1702
1886
2104
2213
2195
2258
2625
2962
3449
4145
4531
5134
5640
6120
6711
6856
6896
6713
5883
4072
1771
-300
-2695
-3970
-4006
-4212
-4051
-5006
-6797
-8006
-9249
-8909
-7036
-5050
-2612
-1249
-847
-301
125
924
2342
3857
5083
5856
6139
6130
5870
5142
4203
3340
1933
902
352
-443
-1038
-2118
-3799
-5343
-6584
-7067
-6408
-5398
-4433
-3795
-3955
-4010
-3642
-2991
-1446
319
1551
2408
2631
2538
2553
2466
2404
2218
1495
623
-275
-1174
-1658
-2195
-2763
-3538
-4397
-4889
-4953
-4659
-3906
-3303
-3115
-2836
-2615
-2042
-1099
-186
947
1461
1669
2064
2130
2546
3035
3180
3114
2583
2039
1578
1334
1634
1735
1760
1899
1701
1730
1937
2192
2673
2993
3342
3762
4288
5034
5859
6749
7039
6968
6604
5352
3640
1585
-241
-2224
-3567
-3757
-4066
-4156
-4966
-6475
-7710
-8735
-8464
-6966
-5002
-2684
-1190
-569
26
413
1117
2258
3577
4779
5401
5827
5913
5679
5092
4129
3016
1568
334
-400
-1061
-1594
-2383
-3619
-4929
-6203
-6727
-6371
-5625
-4518
-3673
-3324
-2951
-2609
-2084
-1100
148
1303
1977
2431
2671
2675
2327
1956
1544
367
-463
-1031
-1722
-1982
-2318
-2906
-3757
-4542
-4898
-5035
-4573
-3525
-2907
-2501
-2172
-1934
-1428
-784
182
1175
1886
2462
2825
3026
3199
3086
2931
2669
2390
2197
2095
2020
2025
2108
1746
1639
1778
1830
2362
2828
3292
3706
3858
4387
4891
5605
6547
7043
7246
6862
5289
2876
589
-1628
-3398
-3670
-3572
-3357
-3658
-5279
-6688
-7982
-8738
-7835
-6266
-4285
-2095
-914
-20
811
1336
2092
2817
3486
4289
5019
5681
6356
6314
5430
4045
2166
239
-868
-1490
-1772
-1920
-2735
-3979
-5419
-6864
-7346
-6995
-6166
-4849
-3897
-3143
-2368
-1824
-1304
-620
125
841
1539
2329
3022
3333
3108
2522
1418
151
-717
-1468
-1830
-1934
-2402
-3048
-3995
-4885
-5225
-5462
-5188
-4545
-3996
-3242
-2594
-1778
-896
-225
472
1071
1728
2408
3117
3837
4129
4264
3940
3395
3094
2708
2788
2900
3114
3302
3020
2702
2225
1859
1773
1933
2604
3391
4235
4968
5567
5863
5901
5821
5114
3445
1382
-550
-2620
-3373
-3395
-3057
-2531
-3680
-5056
-6478
-7908
-7702
-6483
-4785
-2659
-1189
-379
295
731
1390
2192
2732
3356
3969
4489
5137
5628
5407
4585
3121
1268
-143
-1252
-1778
-1887
-2400
-3220
-4311
-5646
-6363
-6646
-6456
-5646
-4849
-3951
-2942
-2000
-1115
-354
126
562
1012
1531
2283
2955
3262
3196
2386
1234
110
-854
-1337
-1692
-2092
-2479
-3318
-3997
-4454
-4839
-4793
-4705
-4480
-4102
-3607
-2796
-1778
-758
128
786
1292
1833
2461
3178
3887
4275
4427
4349
4105
3956
3908
3897
3976
3801
3653
3508
3090
2972
2779
2653
2872
3109
3687
4553
5125
5586
5748
5062
3669
1649
-643
-2547
-3530
-3739
-3256
-2648
-3095
-3861
-5136
-6578
-6807
-6669
-5652
-4083
-2895
-1440
-108
794
1626
2074
2188
2293
2425
3020
4142
5304
6042
5979
4860
3222
1539
147
-635
-886
-1152
-1554
-2321
-3330
-4221
-5022
-5655
-6136
-6308
-6304
-5556
-4358
-2872
-1270
-666
-316
-475
-707
-38
726
2019
3148
3437
3378
2586
1696
924
140
-372
-883
-1524
-1985
-2257
-2359
-2525
-2909
-3520
-4231
-4721
-4799
-3991
-2956
-1861
-1009
-732
-352
-193
349
1403
2274
3247
3753
4040
4368
4353
4745
4990
5078
5164
4728
4366
3891
3428
3493
3411
3664
3913
3951
4215
4180
4300
4344
3878
3102
1572
-283
-1897
-2938
-2958
-2242
-1574
-1455
-2192
-3647
-4921
-5555
-5157
-4007
-2782
-1790
-1216
-848
-373
225
1055
1560
1481
1084
654
643
1124
1773
2336
2265
1615
617
-422
-1009
-1207
-918
-441
-80
95
-34
-276
-533
-755
-863
-869
-743
-619
-468
-338
-335
-386
-482
-521
-536
-609
-749
-933
-1091
-1267
-1501
-1582
-1707
-1881
-1983
-2088
-2159
-2239
-2231
-2146
-2013
-1826
-1659
-1428
-1083
-733
-339
-37
144
253
233
230
282
439
567
701
736
731
640
343
48
-235
-505
-567
-507
-431
-420
-550
-889
-1144
-1336
-1324
-1128
-737
-220
196
563
919
1323
1787
2352
3003
3589
3961
4106
4064
3953
3725
3492
3298
3115
2929
2693
2513
2312
1903
1385
661
-71
-683
-1056
-1123
-1012
-914
-932
-1112
-1483
-1830
-2192
-2433
-2420
-2304
-2115
-1870
-1639
-1460
-1309
-1233
-1174
-1063
-863
-625
-473
-366
-266
-209
-175
-108
-145
-261
-474
-663
-711
-689
-604
-512
-401
-391
-484
-527
-589
-569
-537
-571
-617
-696
-720
-648
-509
-408
-318
-237
-173
-133
-33
0
-46
-159
-253
-271
-217
-56
94
254
272
90
-131
-281
-243
-88
140
392
556
620
621
573
537
503
478
465
386
337
254
153
82
16
-37
-131
-189
-262
-232
-71
158
503
941
1254
1547
1793
1861
2033
2168
2180
2199
2144
2156
2194
2264
2391
2406
2402
2256
1970
1623
1090
634
263
-33
-208
-186
-58
-27
-174
-526
-986
-1460
-1809
-1866
-1724
-1416
-1040
-745
-485
-283
-116
6
-47
-318
-675
-1058
-1267
-1164
-892
-512
-303
-370
-671
-1131
-1606
-1838
-1714
-1358
-866
-358
54
271
236
-31
-291
-519
-585
-398
-98
281
513
558
443
225
27
-181
-406
-600
-754
-886
-844
-791
-605
-464
-502
-588
-821
-918
-876
-672
-432
-185
-56
-19
54
138
307
365
355
177
-135
-454
-739
-1017
-1123
-1160
-1091
-811
-331
263
617
736
549
129
-27
199
921
1885
2951
3743
4146
4159
3817
3396
2958
2561
2356
2333
2530
2848
3074
3062
2572
1713
512
-750
-1795
-2476
-2697
-2543
-2171
-1784
-1579
-1561
-1770
-2052
-2304
-2425
-2253
-1816
-1030
17
1053
1832
2201
2110
1585
801
11
-508
-665
-497
-155
134
253
146
-140
-549
-826
-1008
-1061
-942
-726
-491
-253
107
504
768
806
713
335
-48
-394
-693
-704
-614
-398
-184
-130
-217
-411
-755
-1242
-1656
-2023
-2141
-1993
-1589
-1163
-764
-447
-431
-619
-852
-1033
-1133
-981
-624
-175
231
540
553
381
33
-393
-681
-865
-921
-796
-532
-248
-59
-3
-61
-113
-67
234
866
1582
2292
2900
3500
4028
4632
5303
6134
6783
6850
6354
5166
3626
2236
1254
906
1049
1100
928
31
-1335
-2871
-4267
-5105
-5657
-5728
-5663
-5402
-4810
-4059
-3028
-2157
-1618
-1394
-1335
-1072
-405
572
1714
2738
3448
3850
3969
4002
3807
3388
2771
1981
1287
836
739
899
963
752
254
-554
-1375
-2113
-2728
-2997
-3116
-2975
-2775
-2450
-2060
-1792
-1416
-1322
-1213
-1265
-1417
-1329
-1107
-752
-346
-93
187
279
417
412
331
335
34
-121
-323
-380
-309
-354
-452
-843
-1406
-1826
-2289
-2482
-2582
-2647
-2589
-2534
-2183
-1905
-1507
-1210
-1176
-960
-844
-534
-5
468
1230
1992
2825
3916
4910
5979
6822
7605
8273
8840
9459
9845
10091
9630
8429
6566
3950
1348
-1004
-2711
-3456
-4260
-4725
-5504
-6657
-7331
-8057
-8049
-7892
-7919
-7560
-7150
-6078
-4192
-1961
361
2016
3123
3863
4296
4897
5394
5816
6139
6212
6288
6207
6010
5591
4433
2963
1174
-613
-2071
-3343
-4128
-4715
-5110
-5385
-5596
-5762
-6020
-6272
-6204
-6011
-5404
-4578
-3501
-2169
-837
513
1494
2251
2418
2386
2422
2440
2889
2913
3108
2902
2328
2111
1502
1300
679
-358
-1344
-2736
-3644
-4081
-4319
-4175
-4144
-4063
-3995
-3878
-3664
-3282
-2837
-2397
-1680
-996
-124
803
1518
2161
2595
2890
3162
3287
3678
4288
4906
5784
6476
7187
7807
8266
8760
8914
9095
8691
7606
5900
3531
906
-1495
-3564
-4851
-5565
-6401
-6577
-7081
-7401
-7397
-7606
-7169
-7110
-6940
-6292
-5554
-3924
-1810
363
2551
4095
5186
5905
6239
6446
6326
6174
5903
5628
5471
5133
4728
3760
2499
944
-784
-2354
-3931
-5199
-6221
-6948
-7266
-7171
-6775
-6273
-5858
-5363
-4938
-4391
-3598
-2587
-1227
67
1235
2297
2964
3413
3904
3679
3946
3697
3166
2926
1670
1234
415
-378
-568
-1527
-2023
-2755
-3673
-4034
-4745
-5203
-5443
-5704
-5405
-4919
-3974
-2885
-1835
-897
-152
493
1048
1781
2367
2900
3300
3598
4003
4216
4608
5111
5470
5824
5978
6203
6583
7010
7555
7902
8113
8030
7262
5944
4018
1566
-822
-3023
-4624
-5441
-6298
-6738
-7020
-7348
-7003
-6764
-6197
-5812
-5946
-5738
-5460
-4567
-2973
-1180
878
2598
4023
5335
6264
6849
6961
6645
5971
5271
4678
4154
3689
3104
2363
1311
80
-1306
-2761
-4172
-5437
-6500
-7272
-7723
-7802
-7508
-6865
-5961
-5070
-4087
-3221
-2376
-1347
-294
624
1465
1768
2032
2530
2722
3584
3717
3623
3397
2189
1685
682
-248
-926
-2244
-2987
-3839
-4415
-4380
-4716
-4661
-4795
-4932
-4698
-4464
-3737
-3035
-2093
-1174
-232
859
1672
2667
3279
3901
4480
4818
5306
5508
5881
6100
6312
6559
6724
7096
7404
7761
8077
8207
7983
7096
5430
3249
467
-2004
-4140
-5645
-6295
-7072
-7014
-7189
-6995
-6387
-6077
-5375
-5316
-5298
-5007
-4610
-3394
-1910
-283
1362
2692
4070
5360
6568
7432
7738
7377
6451
5420
4311
3374
2717
2121
1503
718
-172
-1197
-2380
-3745
-5041
-6327
-7426
-8147
-8357
-8081
-7428
-6548
-5462
-4290
-3081
-1808
-596
517
1210
1812
2022
2038
2340
2364
2929
3144
3345
3436
2768
2518
1554
663
-320
-1763
-2889
-4221
-5034
-5486
-5761
-5586
-5382
-5084
-4551
-4168
-3481
-2801
-2038
-1205
-387
627
1573
2762
3783
4902
5874
6652
7278
7629
7978
8084
8276
8346
8374
8408
8289
8386
8330
7985
6883
5079
2655
-241
-2738
-5000
-6552
-7838
-8788
-9091
-9237
-8470
-7427
-6253
-5119
-4549
-3945
-3470
-2834
-1821
-771
469
1653
2933
4410
5713
7097
7973
8276
8087
7332
6234
4915
3443
1977
525
-840
-1865
-2605
-3106
-3628
-4135
-4766
-5530
-6261
-6947
-7473
-7693
-7594
-7044
-6195
-4922
-3339
-1616
14
1413
2491
3171
3427
3423
3216
2581
2123
1707
1397
1331
1148
1116
820
539
139
-599
-1494
-2719
-3890
-5029
-5775
-6075
-6167
-5730
-5006
-4100
-3058
-1989
-958
-136
638
1224
1783
2411
3070
3886
4674
5449
6240
6967
7804
8450
9023
9572
9766
9828
9698
9371
8777
7339
5626
3341
664
-1617
-3975
-5723
-7319
-8646
-9246
-9598
-9133
-8586
-7707
-7015
-6450
-5530
-4730
-3550
-2367
-1081
282
1459
2965
4509
5970
7288
8081
8439
8291
7759
7040
6072
4851
3343
1648
-34
-1485
-2551
-3538
-4386
-5197
-5955
-6635
-7183
-7578
-7771
-7788
-7631
-7273
-6586
-5511
-4210
-2740
-1276
143
1486
2508
3371
4002
4332
4355
4227
3876
3312
2664
1976
1332
615
-13
-663
-1385
-2135
-2906
-3649
-4381
-5019
-5443
-5720
-5846
-5801
-5424
-4753
-3776
-2567
-1315
-114
940
1858
2662
3457
4081
4713
5233
5742
6325
6966
7624
8210
8845
9253
9614
9849
9937
10025
9398
7930
6108
3467
611
-1994
-4498
-6385
-8177
-9477
-10169
-10431
-9838
-8836
-7694
-6658
-5676
-4880
-4041
-3267
-2385
-1310
-406
820
2291
3943
5752
7381
8650
9452
9698
9431
8757
7589
5959
4087
2022
135
-1606
-3010
-4134
-5084
-5688
-6261
-6657
-6873
-7166
-7496
-7791
-7982
-7856
-7334
-6416
-5172
-3710
-2111
-288
1510
3163
4593
5454
5927
5867
5446
4797
3915
3102
2117
1124
180
-688
-1375
-1986
-2530
-3130
-3866
-4592
-5308
-5866
-6327
-6577
-6587
-6319
-5609
-4641
-3371
-1860
-305
1295
2680
3953
4902
5623
6188
6592
6954
7238
7499
7641
7974
8207
8597
9093
9594
9994
9916
9147
7777
5849
3042
444
-2395
-4927
-7014
-9053
-9954
-10541
-10325
-9416
-8401
-7229
-6007
-4927
-3966
-3058
-2372
-1655
-1216
-652
134
1197
2565
4139
5732
7216
8426
9193
9579
9157
8147
6549
4372
2273
265
-1533
-3066
-4389
-5370
-6130
-6575
-6773
-6753
-6751
-6788
-6889
-7070
-7032
-6891
-6507
-5836
-4988
-3702
-2221
-518
1393
3023
4499
5420
5982
6178
5805
5311
4353
3172
1926
638
-506
-1597
-2467
-3122
-3636
-4004
-4265
-4494
-4695
-4952
-5153
-5236
-5283
-4980
-4410
-3654
-2546
-1244
306
1930
3548
5095
6317
7188
7819
8153
8382
8521
8592
8633
8430
8368
8343
8416
8414
7797
7038
5461
3332
1286
-1163
-3227
-5524
-7717
-9194
-10481
-10613
-10132
-9201
-7876
-6470
-5029
-3723
-2529
-1504
-658
-305
57
526
1071
1942
2829
3816
4819
5722
6524
7244
7552
7571
7064
5941
4481
2580
618
-1407
-3270
-4809
-6048
-6755
-6974
-6994
-6885
-6610
-6342
-6058
-5753
-5428
-5102
-4990
-4726
-4202
-3581
-2670
-1558
-319
848
2000
3273
4192
4953
5356
5265
4791
3980
3116
2054
921
-125
-1094
-2044
-2817
-3234
-3676
-4010
-4297
-4525
-4604
-4639
-4441
-4177
-3770
-3160
-2367
-1327
-168
1208
2649
4018
5340
6440
7466
8122
8551
8880
8927
8937
8849
8729
8711
8558
7827
7103
5926
4097
2576
354
-1528
-3587
-6026
-7579
-9296
-10042
-10103
-9881
-9113
-8200
-6959
-5611
-4112
-2755
-1413
-591
-10
629
1018
1767
2458
3054
3822
4320
5021
5748
6131
6468
6308
5759
5027
3891
2716
1383
-97
-1583
-3145
-4537
-5626
-6263
-6597
-6576
-6406
-6126
-5743
-5327
-4811
-4446
-4075
-3621
-3229
-2725
-2221
-1601
-931
-471
456
1249
2041
2855
3384
3804
3844
3842
3660
3087
2376
1439
354
-692
-1561
-2210
-2758
-3230
-3576
-3751
-3872
-3833
-3658
-3516
-3247
-2940
-2397
-1742
-989
31
1021
2157
3314
4420
5545
6422
7138
7698
8133
8489
8713
8849
8954
9128
8638
8091
7191
5521
4168
2079
267
-1598
-4098
-5737
-7617
-8656
-9023
-9242
-8717
-8163
-7351
-6427
-5377
-4305
-3103
-2236
-1560
-732
-198
599
1364
1948
2738
3203
3764
4417
4770
5182
5333
5181
4938
4285
3453
2465
1202
-74
-1391
-2570
-3639
-4450
-5144
-5576
-5879
-5920
-5728
-5408
-4886
-4539
-4072
-3636
-3250
-2857
-2498
-2142
-1824
-1574
-1175
-758
-263
399
933
1548
2124
2694
3083
3289
3205
2895
2326
1540
717
-219
-1142
-2056
-2749
-3281
-3596
-3690
-3498
-3254
-2932
-2427
-1809
-1062
-402
357
932
1454
2017
2485
3057
3499
3995
4396
4795
5405
6045
6691
7194
7796
8414
8622
8441
8149
7122
5887
4260
2377
623
-1686
-3486
-5227
-6637
-7381
-7791
-7659
-7325
-6571
-5723
-4781
-3838
-2901
-2051
-1595
-1078
-817
-557
-220
-13
426
854
1279
1919
2457
2925
3353
3598
3752
3636
3430
3039
2404
1666
780
-177
-1299
-2233
-3120
-3816
-4334
-4626
-4603
-4534
-4201
-3796
-3361
-2760
-2095
-1609
-1265
-1093
-1061
-1145
-1322
-1335
-1362
-1299
-1054
-655
-158
431
1071
1585
1944
2074
2040
1736
1256
715
47
-712
-1435
-1955
-2368
-2555
-2628
-2566
-2344
-2082
-1542
-1018
-415
162
617
1008
1354
1660
1981
2326
2578
2818
3008
3212
3588
3945
4241
4565
4928
5292
5746
6096
6189
6162
5725
5182
4434
3370
2479
1132
-152
-1399
-2710
-3528
-4325
-4718
-4916
-4868
-4618
-4216
-3610
-2937
-2338
-1779
-1201
-838
-591
-392
-343
-348
-412
-561
-565
-677
-724
-639
-585
-393
-159
234
570
792
904
821
539
148
-252
-731
-1202
-1615
-1895
-2055
-2190
-2023
-1784
-1494
-1068
-680
-247
185
507
789
897
895
826
608
301
-40
-373
-693
-861
-1004
-1100
-1207
-1290
-1377
-1402
-1410
-1412
-1346
-1447
-1538
-1596
-1667
-1660
-1695
-1707
-1736
-1723
-1514
-1261
-847
-361
116
584
970
1409
1736
1983
2207
2344
2464
2534
2511
2433
2283
2166
2076
2155
2296
2482
2743
3107
3505
3715
3973
3974
3843
3703
3273
2858
2063
1150
317
-609
-1244
-1814
-2128
-2302
-2358
-2271
-2172
-1882
-1522
-1134
-865
-620
-522
-536
-559
-731
-964
-1252
-1541
-1770
-1935
-2063
-2054
-1920
-1791
-1630
-1465
-1350
-1263
-1217
-1252
-1265
-1324
-1269
-1157
-1084
-921
-738
-525
-339
9
357
647
969
1224
1551
1760
1942
2094
1952
1816
1650
1345
940
453
-87
-671
-1250
-1762
-2216
-2654
-2982
-3236
-3331
-3239
-3063
-2747
-2539
-2332
-2125
-1877
-1720
-1564
-1311
-1215
-1067
-844
-488
-111
309
737
1124
1376
1679
1983
2214
2400
2437
2279
2099
1896
1646
1427
1164
1015
909
928
1081
1285
1531
1752
1932
2116
2242
2309
2437
2491
2562
2603
2576
2468
2178
1885
1507
1147
851
558
226
-60
-294
-582
-773
-954
-1061
-1067
-1077
-1006
-969
-972
-1026
-1213
-1430
-1737
-2092
-2422
-2730
-2942
-2970
-2922
-2707
-2348
-2010
-1682
-1323
-978
-659
-425
-223
7
235
438
656
836
983
1065
1119
1181
1198
1184
1094
960
777
527
271
-61
-426
-842
-1267
-1657
-2018
-2355
-2617
-2779
-2875
-2855
-2682
-2435
-2103
-1780
-1463
-1217
-971
-758
-586
-358
-104
117
280
461
708
976
1163
1287
1338
1288
1259
1172
1079
1055
886
850
741
720
686
607
586
548
486
462
449
491
581
764
951
1166
1496
1793
2134
2359
2594
2678
2662
2489
2182
1861
1433
990
624
240
-147
-341
-512
-655
-752
-816
-857
-919
-1014
-1157
-1312
-1481
-1706
-1960
-2122
-2261
-2359
-2373
-2355
-2206
-2019
-1842
-1553
-1289
-1013
-720
-430
-241
-62
86
201
320
368
444
527
532
508
496
420
374
224
29
-197
-502
-653
-848
-1028
-1102
-1250
-1354
-1452
-1445
-1408
-1404
-1399
-1417
-1373
-1257
-1214
-1057
-831
-656
-407
-213
-52
93
294
455
668
816
1019
1168
1106
1069
988
797
616
434
304
279
245
241
218
157
122
61
28
37
18
-57
-32
-5
58
263
531
840
1147
1489
1707
1817
1924
1923
1853
1695
1470
1275
1055
917
721
536
453
315
207
29
-114
-250
-400
-497
-599
-710
-744
-801
-914
-944
-952
-956
-915
-888
-846
-827
-798
-810
-766
-663
-610
-538
-514
-476
-373
-254
-224
-226
-158
-169
-199
-186
-217
-230
-281
-406
-480
-528
-554
-613
-630
-665
-699
-659
-619
-484
-390
-335
-327
-388
-473
-561
-607
-664
-682
-683
-679
-623
-492
-385
-199
-47
127
227
309
454
517
550
558
565
533
531
506
510
527
463
436
381
250
150
-12
-147
-340
-477
-430
-372
-228
-34
91
235
342
352
310
312
244
138
78
-42
-149
-196
-278
-236
-185
-102
2
94
263
365
446
482
417
429
442
451
527
549
620
654
710
680
743
763
683
672
647
607
493
345
197
62
-40
-189
-375
-494
-650
-747
-797
-905
-996
-1077
-1198
-1258
-1300
-1299
-1229
-1171
-1092
-928
-826
-650
-543
-470
-442
-427
-386
-333
-267
-224
-218
-303
-350
-350
-352
-304
-264
-206
-144
-90
7
69
150
162
138
45
24
40
101
213
277
371
359
389
453
477
516
492
361
297
280
260
240
235
256
217
301
411
588
685
707
655
545
392
160
31
-117
-272
-405
-550
-752
-861
-928
-968
-972
-961
-925
-912
-860
-762
-662
-576
-496
-388
-165
80
391
660
916
1159
1309
1521
1627
1701
1708
1624
1600
1582
1543
1396
1215
972
738
559
344
171
-106
-346
-681
-966
-1203
-1353
-1455
-1562
-1583
-1580
-1410
-1266
-989
-797
-654
-590
-534
-428
-336
-219
-206
-252
-256
-236
-122
-63
-34
-45
-71
-69
19
220
343
458
429
377
247
164
113
73
38
-18
-33
21
38
75
129
81
80
-7
2
34
124
206
318
402
464
549
669
731
789
814
795
799
707
646
539
395
262
156
36
-84
-309
-428
-567
-707
-862
-1014
-1085
-1249
-1344
-1388
-1395
-1352
-1234
-1074
-855
-644
-418
-3
327
694
1011
1250
1450
1548
1662
1692
1695
1699
1591
1523
1437
1414
1397
1293
1212
1038
859
613
327
68
-169
-430
-673
-915
-1113
-1201
-1227
-1305
-1233
-1082
-992
-850
-736
-685
-598
-579
-536
-443
-375
-243
-111
19
79
125
218
246
240
280
336
434
486
496
539
479
501
460
381
305
265
173
61
-69
-173
-312
-374
-376
-417
-421
-458
-417
-360
-308
-192
-82
-22
97
191
224
314
386
368
354
339
249
205
213
134
121
76
63
55
13
-102
-227
-462
-663
-904
-1033
-1146
-1281
-1320
-1386
-1325
-1201
-959
-724
-433
-169
78
316
542
756
940
1065
1132
1218
1232
1268
1304
1201
1189
1112
1056
967
879
795
626
489
301
160
-45
-189
-384
-579
-726
-821
-822
-861
-885
-969
-1064
-1142
-1173
-1156
-1100
-963
-805
-649
-449
-263
-24
136
235
281
336
385
378
454
489
533
596
671
700
754
802
793
834
786
668
580
465
325
193
109
-28
-154
-199
-282
-338
-369
-402
-373
-337
-327
-274
-185
-88
-9
79
124
87
96
159
116
127
133
135
169
179
151
217
245
191
158
44
-36
-189
-298
-411
-524
-621
-700
-705
-581
-409
-244
-8
94
226
281
372
488
616
690
775
823
832
847
847
888
787
722
646
533
420
341
241
189
102
-35
-103
-138
-158
-214
-233
-359
-483
-573
-697
-756
-836
-914
-937
-922
-870
-726
-581
-425
-303
-170
-92
55
185
254
362
438
518
555
630
663
718
747
787
762
837
894
888
885
838
823
693
573
421
278
126
-81
-227
-348
-467
-610
-672
-677
-655
-638
-577
-433
-415
-359
-387
-391
-445
-425
-337
-252
-163
-92
-14
48
87
149
192
186
188
137
51
-29
-31
-90
-201
-246
-176
-170
-118
-5
59
185
295
336
424
481
527
580
585
655
684
690
710
660
595
519
491
428
345
274
221
163
108
44
-25
-94
-176
-269
-373
-435
-498
-574
-657
-678
-675
-696
-657
-588
-561
-483
-433
-399
-306
-247
-170
-65
35
124
220
331
402
449
465
494
481
483
494
548
619
656
783
789
763
742
666
638
564
476
310
139
-63
-173
-253
-311
-362
-460
-494
-519
-540
-506
-506
-539
-558
-552
-566
-573
-564
-544
-504
-417
-300
-236
-110
-76
0
11
-29
-42
-60
-84
-118
-78
-34
71
109
208
267
245
391
470
502
545
592
633
618
633
670
659
702
679
668
650
540
466
391
340
319
317
272
256
183
147
76
-23
-152
-275
-377
-425
-511
-570
-550
-506
-491
-441
-375
-375
-325
-292
-265
-202
-134
-102
-58
-37
-14
69
118
194
268
286
243
238
141
88
96
143
235
279
355
426
508
529
563
514
416
345
237
139
55
-29
-80
-81
-191
-214
-229
-254
-245
-259
-266
-336
-386
-418
-457
-520
-533
-505
-468
-419
-436
-389
-383
-414
-383
-338
-319
-379
-355
-303
-154
-14
100
202
232
305
383
470
523
550
602
622
650
657
613
619
572
524
498
440
435
428
389
385
360
341
331
302
273
211
115
10
-97
-184
-237
-318
-397
-383
-350
-361
-274
-190
-153
-70
1
42
75
86
40
3
-37
-60
-37
-26
34
89
140
113
130
123
139
139
154
193
151
153
124
162
170
177
168
176
180
116
62
-25
-91
-117
-189
-221
-239
-167
-89
-79
-76
-113
-160
-158
-147
-190
-201
-224
-267
-328
-330
-325
-275
-189
-177
-148
-149
-143
-218
-232
-221
-229
-245
-286
-264
-229
-252
-136
7
120
208
280
326
430
496
621
706
691
645
542
480
410
384
358
348
309
297
273
280
294
257
261
213
158
123
46
-47
-166
-227
-356
-463
-571
-642
-600
-579
-516
-455
-354
-295
-180
-54
42
106
83
115
154
156
196
229
221
246
247
281
294
230
234
277
296
328
309
354
359
331
310
249
202
127
42
-45
-100
-181
-198
-227
-294
-335
-337
-318
-267
-140
-114
-47
-29
-85
-64
-95
-88
-116
-90
-56
-72
-89
-71
-29
16
48
86
117
125
99
59
65
16
-6
-25
-97
-106
-122
-133
-163
-130
-78
-52
63
128
220
245
271
357
409
488
499
546
556
533
572
567
595
565
534
504
431
316
271
177
78
-22
-148
-243
-277
-289
-331
-336
-313
-293
-301
-288
-274
-219
-157
-105
-58
13
43
62
163
208
253
323
365
409
411
435
376
358
365
340
390
397
402
374
334
278
194
160
129
70
19
-44
-30
-199
-325
-269
-351
-356
-399
-388
-376
-319
-289
-274
-269
-233
-94
-79
-82
-44
18
12
15
62
96
127
172
245
259
255
265
290
275
238
227
139
80
29
-73
-48
-134
-192
-217
-267
-321
-376
-314
-225
-141
-104
-32
40
122
180
310
381
457
541
576
604
547
448
371
336
261
263
185
150
124
78
82
67
30
-15
-63
-95
-128
-183
-139
-150
-162
-163
-104
-90
-43
41
82
117
177
260
323
377
410
434
422
392
327
357
249
179
162
64
110
43
44
29
-19
-57
-161
-183
-286
-322
-276
-320
-247
-153
-173
-172
-226
-368
-449
-465
-503
-475
-359
-277
-206
-152
-155
-179
-296
-296
-341
-291
-167
-124
15
115
168
285
280
259
199
53
-22
-68
-7
17
39
-29
-167
-289
-408
-481
-504
-446
-395
-319
-213
-81
99
269
383
506
497
438
434
427
410
512
570
596
617
590
613
652
652
650
665
615
522
429
352
320
252
96
48
-36
-154
-180
-195
-158
-123
-77
-80
-57
-73
-81
28
28
57
82
88
64
39
47
41
10
-2
-37
-127
-269
-423
-520
-596
-633
-679
-710
-753
-941
-1076
-1171
-1202
-1229
-1272
-1312
-1457
-1506
-1562
-1584
-1595
-1564
-1479
-1433
-1433
-1315
-1184
-1056
-907
-754
-592
-450
-226
-25
105
200
330
432
622
805
1010
1157
1226
1208
1182
1212
1189
1246
1252
1321
1206
1226
1222
1251
1377
1474
1807
2087
2290
2549
2671
2739
2786
2782
2655
2413
2115
1716
1395
1050
849
661
427
210
-147
-520
-964
-1374
-1695
-1979
-2085
-2173
-2174
-2231
-2389
-2501
-2530
-2457
-2229
-1903
-1533
-1203
-976
-864
-774
-743
-677
-584
-465
-324
-255
-158
-171
-182
-297
-412
-474
-532
-617
-688
-872
-1010
-1149
-1275
-1367
-1464
-1537
-1671
-1731
-1782
-1809
-1812
-1802
-1809
-1839
-1869
-1811
-1746
-1603
-1450
-1350
-1171
-1050
-971
-861
-686
-532
-373
-132
78
316
483
677
851
1052
1277
1525
1879
2128
2373
2576
2717
2785
2952
3240
3509
3818
4077
4284
4481
4507
4171
3657
2981
2399
2093
2013
1973
1711
1195
581
-136
-762
-1236
-1710
-2028
-2240
-2270
-2186
-2215
-2328
-2627
-2958
-3110
-3086
-2864
-2519
-2150
-1895
-1638
-1508
-1420
-1273
-1132
-1047
-865
-575
-256
166
437
636
625
532
488
578
730
842
885
826
724
650
542
365
89
-178
-415
-550
-661
-733
-889
-1179
-1485
-1785
-1947
-2105
-2110
-2167
-2239
-2238
-2240
-2190
-2171
-2188
-2122
-1988
-1784
-1461
-1139
-853
-673
-603
-487
-279
-11
261
523
754
892
1049
1162
1292
1449
1564
1705
1870
2097
2300
2473
2640
2782
3034
3325
3635
4011
4373
4712
4769
4322
3747
3139
2678
2621
2661
2651
2219
1565
888
311
8
-346
-900
-1625
-2202
-2432
-2321
-2147
-2174
-2626
-3199
-3553
-3628
-3242
-2857
-2606
-2477
-2495
-2429
-2183
-1814
-1538
-1479
-1462
-1315
-898
-293
200
453
401
352
405
602
836
1057
1092
1093
1175
1285
1400
1365
1148
728
385
160
184
166
-127
-582
-1126
-1529
-1607
-1682
-1911
-2218
-2539
-2612
-2576
-2358
-2268
-2381
-2498
-2560
-2324
-1935
-1542
-1271
-1115
-1041
-843
-515
-82
288
510
581
755
994
1227
1447
1555
1625
1636
1776
1990
2112
2237
2277
2345
2457
2693
3011
3365
3725
4079
4474
4759
4582
4030
3545
3054
2886
3023
2999
2653
1803
945
344
115
38
-496
-1411
-2389
-2984
-2832
-2393
-2152
-2337
-3085
-3734
-4084
-3840
-3186
-2786
-2695
-2797
-2811
-2516
-1912
-1433
-1221
-1335
-1483
-1318
-823
-75
400
619
542
434
496
743
1030
1140
1162
1246
1345
1553
1652
1597
1343
980
830
692
667
434
74
-315
-665
-881
-1026
-1299
-1689
-2160
-2366
-2311
-2184
-2059
-2149
-2353
-2522
-2410
-2080
-1714
-1459
-1362
-1294
-1098
-727
-282
73
307
389
505
683
917
1264
1419
1567
1535
1613
1826
1957
2138
2165
2198
2232
2357
2616
2891
3219
3523
3873
4285
4710
4836
4432
3917
3449
3179
3368
3317
2931
2158
1227
658
423
388
-63
-1106
-2235
-3035
-3162
-2787
-2503
-2592
-3236
-4007
-4454
-4308
-3669
-3113
-2974
-2987
-3027
-2784
-2107
-1425
-940
-919
-1199
-1302
-959
-215
489
838
859
638
613
750
1039
1316
1412
1442
1500
1609
1761
1838
1731
1507
1243
1003
781
589
348
41
-259
-542
-849
-1192
-1607
-2055
-2317
-2368
-2365
-2405
-2562
-2744
-2890
-2894
-2665
-2375
-2133
-1938
-1792
-1515
-1114
-662
-213
15
125
225
591
1049
1472
1769
1832
1802
1786
1984
2275
2456
2434
2334
2329
2399
2618
2943
3145
3358
3552
3902
4399
4919
5140
4627
4043
3523
3176
3305
3131
2734
2101
1102
565
350
183
-153
-1160
-2400
-3232
-3461
-3082
-2784
-2821
-3254
-4021
-4417
-4419
-3891
-3253
-3015
-2905
-2900
-2788
-2069
-1350
-966
-848
-1170
-1312
-1051
-463
238
635
738
690
602
675
735
997
1142
1143
1189
1218
1350
1474
1551
1488
1244
955
689
504
422
330
155
-120
-407
-817
-1206
-1518
-1856
-2017
-2082
-2232
-2353
-2523
-2691
-2739
-2621
-2382
-2233
-2095
-1941
-1769
-1384
-961
-606
-283
-72
92
297
652
1008
1373
1559
1620
1666
1721
1930
2146
2272
2313
2254
2219
2242
2416
2635
2896
3234
3549
3912
4314
4778
4929
4444
3905
3351
2787
2843
2713
2408
1854
858
215
-183
-458
-660
-1480
-2568
-3344
-3649
-3394
-3050
-2846
-3018
-3659
-4114
-4228
-3777
-3036
-2619
-2431
-2445
-2451
-1892
-1172
-653
-361
-604
-751
-698
-209
489
1037
1289
1144
941
782
850
1116
1362
1244
1090
987
1135
1430
1498
1482
1135
812
636
661
691
568
317
-33
-375
-648
-899
-1234
-1629
-1999
-2235
-2423
-2430
-2446
-2525
-2721
-2780
-2753
-2617
-2323
-2188
-2053
-1919
-1688
-1276
-879
-564
-308
-199
-69
178
554
929
1253
1403
1468
1674
1790
1959
2137
2206
2339
2403
2421
2659
2947
3269
3617
3907
4240
4668
4969
5047
4611
4120
3681
3152
3090
2814
2390
1875
818
71
-323
-684
-893
-1646
-2790
-3630
-4076
-3735
-3321
-3079
-3184
-3836
-4290
-4450
-3991
-3151
-2699
-2550
-2601
-2581
-1968
-1184
-625
-401
-590
-784
-702
-269
362
882
1118
1041
934
820
915
1047
1029
964
889
946
1119
1356
1364
1222
1046
889
810
781
566
331
104
-164
-231
-326
-727
-1206
-1844
-2371
-2471
-2598
-2499
-2541
-2907
-3119
-3183
-3016
-2740
-2563
-2529
-2582
-2477
-2101
-1506
-949
-652
-443
-282
-210
126
605
1011
1301
1390
1461
1672
1946
2277
2544
2641
2573
2553
2626
2834
3035
3158
3430
3756
4050
4512
4919
5335
5341
4731
4434
3810
3452
3527
2961
2625
1652
142
-620
-1400
-1907
-2268
-3439
-4433
-5086
-5292
-4687
-4122
-3532
-3548
-4165
-4614
-4684
-3733
-2515
-1642
-900
-760
-688
-98
196
579
833
480
435
468
775
1414
1843
1886
1616
1099
720
622
748
853
842
803
657
598
499
329
192
-21
-340
-534
-733
-876
-812
-1029
-1245
-1497
-1820
-2088
-2332
-2551
-2616
-2531
-2560
-2352
-2298
-2314
-2178
-2004
-1648
-1285
-1009
-921
-839
-732
-613
-376
-75
47
118
78
42
181
361
598
835
960
1158
1340
1551
1854
2077
2311
2423
2479
2706
2890
3298
3793
4335
4957
5566
6179
6519
6021
4881
3822
2370
1751
1569
1146
1227
323
-934
-1771
-2735
-3117
-3549
-4374
-4623
-4624
-4333
-3578
-3016
-2755
-3078
-3664
-3939
-3760
-2718
-1542
-512
293
423
577
912
995
1248
1339
1249
1540
1699
1983
2319
2331
1935
1404
750
326
403
415
611
670
496
177
-156
-546
-953
-1081
-1112
-1025
-873
-831
-1043
-1271
-1675
-2048
-2164
-2320
-2252
-2118
-2213
-2035
-1914
-1970
-1926
-2123
-2180
-1953
-1658
-1089
-643
-439
-427
-652
-857
-899
-828
-606
-447
-390
-396
-488
-478
-569
-497
-326
-123
395
881
1361
1904
2299
2694
3008
3216
3629
4166
4815
5681
6541
7447
8172
8844
9020
7886
6030
3949
1675
630
352
358
628
-899
-3249
-5555
-7742
-8379
-8326
-7965
-6909
-6302
-5967
-5452
-5156
-4572
-3974
-3390
-2310
-576
1576
3436
4791
5056
4506
4238
4188
4702
5684
6099
6048
5367
3960
2741
1618
486
-129
-756
-1256
-1518
-2083
-2807
-3678
-4740
-5584
-5900
-5731
-4944
-3974
-3226
-2658
-2420
-2222
-1962
-1548
-810
125
1206
2038
2462
2545
2160
1538
1094
947
964
1062
963
461
-333
-1406
-2259
-2865
-3298
-3411
-3398
-3484
-3625
-3845
-4004
-3804
-3520
-2895
-2080
-1502
-839
-298
60
589
1158
1721
2310
2928
3484
4101
4555
4834
5047
5039
5131
5447
5984
6573
7284
7623
7688
7921
7835
6861
4944
2485
-145
-1974
-2489
-2110
-1650
-2379
-4636
-7142
-8988
-9576
-8751
-7255
-5637
-4599
-4189
-3788
-3323
-2379
-1255
-259
977
2546
4171
5450
6162
6068
5237
4466
4164
4435
5005
5017
4206
2565
424
-1128
-2053
-2608
-2677
-2977
-3534
-4150
-4843
-5205
-5494
-5695
-5355
-4569
-3345
-2017
-957
-432
-421
-314
209
1174
2298
3210
3525
3036
2285
1753
1344
1033
664
71
-599
-1445
-2136
-2728
-3484
-4088
-4560
-4875
-4838
-4361
-3764
-3389
-3447
-3281
-2706
-1846
-589
588
1298
1555
1643
1855
2296
2849
3335
3565
3573
3581
3729
3819
3902
3959
3868
3680
3730
4038
4341
4768
5180
5538
6138
6677
6634
5327
2936
471
-1972
-3075
-2445
-1616
-1176
-2538
-5253
-7596
-9096
-8791
-6972
-4967
-3203
-2291
-2360
-2383
-1872
-1030
187
1730
3245
4854
5861
6105
5776
4794
3999
3617
3780
4201
4192
3303
1454
-730
-2694
-3863
-4157
-3920
-3690
-3756
-4330
-5139
-5691
-5738
-5257
-4217
-2850
-1438
-229
474
854
908
1159
1957
2938
3793
4256
3988
2985
1803
723
23
-394
-796
-1268
-2043
-3245
-4348
-5038
-5798
-5887
-5595
-5389
-4764
-4213
-3738
-3229
-2826
-2003
-1090
0
1282
2163
2643
2881
2812
2698
2918
3220
3503
3506
3032
2586
2120
2010
2197
2343
2607
2484
2263
2419
2586
3308
4464
5208
6318
7030
6728
5428
3171
1007
-1272
-2111
-1485
-992
-569
-2073
-4850
-7506
-9163
-8766
-7170
-4972
-3011
-2388
-2928
-3335
-3047
-2124
-230
1748
3434
4705
5222
5212
4876
4405
4126
4128
4426
4733
4405
3313
1673
-283
-2136
-3090
-3290
-3211
-2877
-3091
-4044
-4901
-5613
-5693
-4965
-3851
-2496
-1522
-824
-324
-112
113
683
1515
2402
3199
3421
3054
2175
1065
368
-130
-372
-504
-1120
-2102
-3255
-4356
-5003
-5031
-4885
-4477
-4138
-4045
-3816
-3481
-2889
-2067
-1158
-260
619
1329
1892
2200
2336
2460
2415
2527
2642
2608
2527
2146
1652
1377
1358
1707
2267
2412
2464
2483
2489
3154
4225
5545
6869
7861
8302
7612
5562
3269
1114
-875
-915
-447
-351
-726
-3172
-6237
-8578
-9613
-8885
-6996
-4964
-3526
-3307
-3938
-4116
-3591
-2257
217
2456
4101
5218
5185
4833
4628
4586
4932
5522
5843
5578
4479
2756
1004
-707
-1961
-2426
-2728
-2864
-2995
-3764
-4703
-5451
-5981
-5638
-4705
-3506
-2435
-1723
-1309
-1190
-723
56
1127
2310
2996
3195
2831
2382
1809
1309
1191
933
504
-321
-1274
-2465
-3441
-4036
-4416
-4242
-4244
-4236
-4067
-4222
-4151
-3681
-2920
-1773
-691
177
703
973
1417
1787
2217
2876
3215
3102
2831
2415
1956
1721
1732
1792
2020
2235
2196
2102
1914
2250
2692
3356
4845
5940
7038
7910
7430
5354
3049
868
-1310
-1247
-529
-191
-214
-2624
-5553
-8136
-9381
-8542
-6882
-4874
-3302
-3096
-3802
-3904
-3471
-2242
192
2296
4012
5149
5003
4734
4458
4381
4854
5356
5690
5532
4457
2688
921
-789
-1879
-2205
-2548
-2743
-3018
-4041
-5082
-5702
-5998
-5484
-4416
-3333
-2199
-1690
-1432
-983
-564
281
1385
2522
3253
3480
3158
2499
1831
1398
1222
1081
697
8
-1155
-2414
-3672
-4410
-4502
-4615
-4221
-4274
-4615
-4653
-4794
-4339
-3392
-2060
-689
184
894
1216
1439
1885
2491
3086
3602
3951
3668
3016
2514
2074
1980
2025
2359
2625
2362
2287
1876
1704
2416
3257
4574
5690
6721
7168
6546
4908
2625
937
-1094
-1235
-496
-415
-388
-2539
-5306
-7423
-8610
-7973
-6257
-4355
-3094
-2992
-3714
-4007
-3296
-1929
529
2682
3999
4834
4457
4097
4061
4243
5051
5764
5959
5573
4243
2408
843
-490
-1383
-1614
-1921
-2454
-3191
-4461
-5497
-5916
-5855
-5011
-4052
-3154
-2380
-2118
-1932
-1744
-1124
-154
971
2443
3250
3405
2997
2091
1309
1086
1437
1744
1671
938
-274
-1863
-3205
-3747
-3864
-3621
-3237
-3432
-3855
-4431
-4717
-4275
-3568
-2195
-910
-81
550
608
733
1150
1719
2448
3113
3425
3288
2745
2113
1706
1534
1783
2228
2528
2745
2455
2074
2085
2370
3365
4761
5765
6852
7400
6976
5525
3563
1959
105
-378
54
227
216
-1451
-4042
-6415
-7684
-7399
-6248
-4629
-3567
-3471
-4176
-4447
-3833
-2701
-551
1430
2739
3623
3612
3560
3718
4155
4989
5684
6205
5982
4936
3332
1796
654
14
-142
-472
-1206
-2154
-3586
-4949
-5581
-5538
-4932
-4255
-3877
-3738
-3811
-3777
-3220
-2422
-1318
67
994
1589
1881
1689
1451
1321
1626
2101
2272
2104
1523
532
-507
-1405
-1971
-2127
-2338
-2640
-3082
-3815
-4298
-4364
-4176
-3622
-2932
-2376
-1963
-1613
-1017
-563
-42
762
1414
1878
2271
2488
2315
2223
2182
2258
2595
2965
3296
3284
3138
3024
2909
3408
4235
5140
6054
6666
7283
7131
5743
3977
2131
-104
-1103
-1041
-971
-899
-2292
-4764
-6973
-8359
-8302
-7153
-5568
-4167
-3812
-4264
-4263
-3710
-2563
-349
1654
3097
4134
4283
4243
4332
4587
5308
6025
6368
6151
5046
3328
1814
521
-215
-497
-929
-1735
-2835
-4260
-5475
-5975
-5886
-5283
-4763
-4337
-4147
-4110
-3952
-3425
-2510
-1545
-162
1230
1988
2451
2434
2074
1799
1982
2615
2875
2748
2257
1184
-132
-1173
-1655
-2147
-2338
-2512
-3193
-3880
-4615
-4886
-4838
-4394
-3544
-2938
-2499
-2039
-1696
-1197
-449
485
1307
1957
2453
2608
2622
2614
2791
2982
3219
3611
3655
3559
3462
3286
3246
3644
4272
5021
5785
6294
6613
6868
6087
4341
2820
577
-1039
-1071
-1235
-958
-1721
-3935
-6093
-7892
-8210
-7281
-5808
-4311
-3468
-3823
-4119
-3632
-2749
-834
1380
2818
3998
4344
4203
4253
4302
4819
5505
5908
5915
5215
3688
2109
737
-325
-710
-956
-1530
-2215
-3414
-4771
-5459
-5666
-5257
-4640
-4259
-3877
-3865
-3795
-3041
-2184
-1195
60
1018
1608
2104
2369
2452
2414
2393
2619
2533
2178
1812
960
41
-731
-1470
-1871
-2445
-2876
-3261
-3984
-4436
-4680
-4633
-4299
-3683
-3047
-2554
-2151
-1715
-1202
-685
164
909
1454
1990
2110
2142
2221
2300
2449
2613
2884
3005
2914
2955
2922
2798
3031
3408
3887
4742
5365
5891
6649
7077
6261
4519
2835
425
-1085
-948
-679
-231
-1193
-3420
-5821
-7775
-7850
-6856
-5326
-3741
-3084
-3496
-3946
-3600
-2767
-893
1317
2754
3809
3945
3618
3473
3468
4157
4936
5390
5380
4492
2862
1290
69
-597
-584
-806
-1424
-2277
-3560
-4597
-5034
-4985
-4405
-4000
-3700
-3337
-3247
-2913
-2186
-1574
-797
195
1037
1662
2127
2209
2043
1842
1706
1840
1733
1479
982
100
-857
-1716
-2275
-2544
-2855
-3080
-3408
-4036
-4223
-4123
-3982
-3447
-2837
-2189
-1756
-1384
-834
-468
85
908
1393
1784
2126
2113
2015
2029
2186
2306
2500
2656
2711
2703
2699
2775
2881
3295
3834
4423
5189
5983
6714
7338
6750
4773
3188
720
-897
-429
-306
275
-497
-3008
-5447
-7473
-7761
-6492
-4827
-3345
-2707
-3410
-4092
-3711
-2923
-923
1424
2633
3628
3643
3129
3084
2965
3498
4476
4879
4967
4327
2554
920
-369
-1243
-1064
-876
-1240
-1775
-3125
-4430
-4851
-4741
-3874
-2982
-2537
-2208
-2318
-2314
-1629
-977
-170
876
1468
1804
2064
1904
1754
1526
1232
1324
1132
774
279
-820
-1948
-2780
-3331
-3466
-3300
-3267
-3491
-3952
-4506
-4466
-4000
-3286
-2071
-1345
-931
-616
-580
-259
157
821
1434
1832
2202
2120
1850
1666
1638
1756
1991
2353
2565
2475
2475
2507
2325
2903
3683
4361
5435
6287
6841
7505
7352
5359
4051
2029
-249
50
-42
374
228
-2207
-4515
-6657
-7540
-6317
-4635
-3152
-2256
-2984
-4108
-3823
-2940
-1077
1546
2666
3331
3277
2507
2723
2896
3398
4286
4404
4156
3578
2027
523
-513
-1508
-1507
-1168
-1431
-1757
-2825
-4267
-4800
-4795
-3756
-2364
-1670
-1204
-1449
-1809
-1257
-448
627
1898
2600
2688
2605
2105
1649
1488
1090
1172
948
396
-146
-1266
-2473
-3455
-4093
-4298
-4123
-3764
-3671
-4030
-4473
-4567
-4294
-3352
-1962
-936
-265
-36
-154
-48
318
1001
1500
1848
2042
1755
1420
1248
1182
1284
1530
1779
1904
1917
2165
2127
2107
2637
3157
3884
5094
5966
6730
7470
7937
6495
4681
3403
513
-121
247
18
433
-1161
-3634
-5992
-7503
-6886
-5237
-3456
-2131
-2206
-3473
-3793
-3086
-1769
923
2686
2986
3135
2167
1707
2075
2416
3306
3626
3236
2601
1113
-546
-1515
-2354
-2676
-2187
-2215
-2524
-3031
-4285
-4848
-4682
-3860
-2266
-1152
-472
-355
-738
-434
302
1243
2472
3426
3552
3321
2812
1968
1465
911
626
501
-100
-801
-1878
-3122
-4110
-4857
-4814
-4559
-4212
-3794
-3895
-4170
-4197
-3709
-2880
-1622
-333
438
724
817
847
956
1272
1793
1871
1881
1789
1248
913
736
745
795
1146
1512
1569
1737
1874
1941
2249
2899
3633
4636
5747
6687
7480
8235
7811
5715
4447
1951
44
491
155
493
-344
-2988
-5338
-7355
-7457
-5943
-4070
-2491
-1899
-2762
-3561
-2877
-1795
591
3086
3624
3894
3204
2155
2253
2432
2998
3503
3200
2497
1188
-670
-2076
-2910
-3450
-3098
-2768
-3059
-3268
-4172
-4859
-4545
-3840
-2259
-774
142
637
405
442
1127
1939
2934
3865
4097
3769
3279
2370
1480
772
136
-227
-718
-1391
-2212
-3423
-4427
-5137
-5451
-4944
-4341
-3873
-3377
-3533
-3532
-3073
-2310
-1045
42
1059
1442
1199
1213
1181
1167
1470
1634
1492
1184
657
23
-476
-553
-368
-157
202
555
641
954
1218
1623
2331
3074
4166
5118
6042
7119
7666
8447
8346
6298
4996
2456
124
194
-286
-218
-777
-3362
-5779
-7578
-7865
-6398
-4440
-2770
-1874
-2300
-2799
-1858
-711
1398
3716
4175
4321
3782
2740
2524
2541
2643
2857
2337
1360
8
-1931
-3411
-4201
-4755
-4205
-3674
-3839
-3805
-4406
-4776
-4104
-2978
-1301
258
1082
1603
1661
1772
2376
2933
3432
3904
3797
3266
2790
1723
655
-340
-1471
-2023
-2477
-2937
-3458
-4373
-5153
-5814
-5945
-4976
-4107
-3149
-2340
-2431
-2261
-1599
-712
393
1450
2071
1885
1419
1113
782
636
809
710
263
101
-442
-926
-996
-885
-618
-293
397
852
1140
1599
1790
2120
2848
3901
4963
6058
7072
7566
7880
8295
6845
5224
4035
1125
202
-102
-900
-885
-2571
-4719
-6349
-7170
-6213
-4394
-2718
-1393
-960
-1512
-1043
17
1214
3430
4427
4435
4297
3165
2401
1940
1406
1308
844
-37
-1040
-2567
-4190
-4949
-5371
-5067
-4080
-3717
-3564
-3471
-3783
-3226
-2083
-639
1065
1999
2432
2410
2177
2514
2967
3185
3262
3075
2306
1497
689
-388
-1074
-1958
-2655
-2916
-3280
-3489
-3791
-4178
-4339
-4215
-3619
-2567
-1596
-991
-568
-617
-603
-174
245
736
1044
1055
640
-54
-388
-830
-1033
-842
-809
-733
-718
-840
-1200
-1220
-817
-346
362
1191
1694
1974
2331
2622
2867
3674
4454
5104
5855
6226
6540
6756
6925
7253
5664
4148
2460
-835
-1694
-2088
-2373
-1919
-3157
-4871
-6242
-6516
-5258
-3277
-1116
614
1260
911
1328
1846
2526
4120
4586
4415
3986
2720
1480
580
-185
-739
-1439
-2203
-3025
-4112
-5057
-5359
-5319
-4826
-3832
-3388
-2845
-2214
-1943
-1012
1
943
1915
2460
2887
2953
2833
2824
2473
2019
1567
1155
642
94
-596
-1599
-2506
-3328
-3660
-3549
-3318
-3066
-3105
-3257
-3144
-2704
-1687
-676
11
421
374
156
159
322
434
534
392
-206
-906
-1370
-1843
-1991
-1735
-1471
-1410
-1299
-1206
-1328
-1236
-626
32
737
1549
2105
2295
2474
2780
3116
3704
4297
4758
4969
5029
5216
5117
5417
5832
5910
4612
2801
970
-1726
-2472
-2444
-2385
-1707
-2462
-3787
-4920
-5305
-4105
-2290
-71
1866
2455
2183
1938
1796
1957
2935
3431
3459
3210
2013
647
-753
-1894
-2386
-2757
-2900
-3021
-3603
-4197
-4624
-4733
-4319
-3427
-2471
-1494
-537
-124
304
607
919
1641
2195
2807
3056
2770
2299
1416
587
173
-27
-88
-321
-983
-2009
-2928
-3700
-3883
-3583
-3090
-2602
-2420
-2421
-2242
-1837
-1274
-631
29
421
653
703
335
34
-347
-525
-539
-617
-832
-1377
-1749
-2067
-2116
-1710
-1209
-841
-660
-520
-340
69
695
1462
2052
2585
2940
3005
3223
3521
3889
4295
4577
4767
4950
4977
5322
5490
5693
4586
2804
1217
-1232
-1990
-1917
-1842
-1068
-1856
-3134
-4166
-4673
-3438
-1801
229
1844
2465
2200
1673
1527
1623
2510
3056
3089
2870
1633
328
-1053
-2255
-2556
-2733
-2647
-2646
-3173
-3732
-4247
-4310
-3825
-2955
-2039
-1210
-383
9
309
612
963
1657
2087
2566
2808
2527
2028
1170
490
50
-201
-208
-460
-971
-1668
-2559
-3259
-3459
-3272
-3009
-2599
-2302
-2262
-1996
-1862
-1621
-1274
-895
-252
132
360
349
-115
-592
-838
-797
-678
-659
-781
-1250
-1693
-1912
-1755
-1410
-998
-574
-287
-84
346
891
1308
1841
2271
2628
3037
3378
3680
3743
3794
3848
4019
4566
5118
5592
5858
5428
3544
1843
55
-1921
-1793
-1541
-1333
-634
-1736
-2908
-3769
-4115
-2626
-863
1102
2736
2751
2126
1406
771
946
1943
2758
2975
2576
1142
-537
-2090
-3134
-3100
-2907
-2581
-2442
-3139
-3727
-4141
-4273
-3639
-2546
-1583
-769
-241
46
366
573
977
1657
2004
2386
2428
1876
1362
598
48
-195
-341
-433
-679
-1235
-1822
-2460
-2918
-3057
-2986
-2721
-2333
-1969
-1703
-1595
-1493
-1464
-1428
-1051
-502
-54
226
-46
-661
-1182
-1460
-1168
-872
-607
-641
-1189
-1661
-1844
-1705
-1099
-441
-1
263
399
590
977
1255
1632
2077
2255
2560
2801
3049
3169
3209
3425
3666
4137
4758
5160
5517
5090
3575
2224
521
-769
-595
-404
20
54
-1138
-2243
-3190
-3142
-1896
-478
956
1932
1971
1490
849
580
866
1569
2289
2465
2108
908
-546
-1883
-2791
-2779
-2452
-2202
-2160
-2790
-3571
-4050
-4107
-3503
-2659
-1769
-939
-554
-299
72
374
828
1350
1813
2185
2157
1870
1450
910
458
216
17
-133
-378
-931
-1552
-2176
-2624
-2843
-2890
-2780
-2538
-2379
-2206
-1955
-1951
-1903
-1712
-1398
-829
-272
67
61
-294
-659
-741
-615
-227
5
-134
-532
-1060
-1325
-1263
-898
-403
21
178
266
340
591
1017
1508
1883
2156
2407
2642
2980
3233
3527
3896
4295
4854
5393
5941
5927
4898
3447
1740
209
-315
-337
-59
83
-730
-1713
-2757
-3194
-2637
-1591
-250
816
1404
1427
947
603
655
1051
1692
2070
2144
1555
422
-770
-1868
-2498
-2597
-2545
-2386
-2530
-3042
-3460
-3825
-3814
-3395
-2779
-1959
-1272
-686
-206
142
518
1003
1342
1686
1927
2032
2061
1819
1471
1045
683
301
-28
-485
-954
-1412
-1859
-2259
-2628
-2878
-2974
-2828
-2560
-2154
-1904
-1776
-1831
-1743
-1440
-978
-353
59
172
25
-229
-332
-188
6
195
90
-223
-506
-732
-724
-509
-211
5
73
37
205
525
858
1247
1531
1751
1970
2120
2409
2867
3313
3846
4249
4564
4941
5164
5065
4523
3562
2332
1200
449
156
168
108
-266
-963
-1680
-1924
-1847
-1389
-699
-274
118
307
284
431
407
586
711
735
752
479
112
-177
-640
-960
-1217
-1445
-1645
-1967
-2288
-2533
-2500
-2337
-2204
-2165
-2160
-2241
-2110
-1752
-1114
-416
83
377
425
423
506
669
891
1074
1140
1162
1014
753
311
-270
-805
-1214
-1495
-1631
-1796
-1939
-2103
-2191
-2100
-2075
-1936
-1732
-1595
-1385
-1193
-907
-576
-398
-356
-190
-84
91
228
211
102
-176
-398
-456
-427
-347
-299
-439
-777
-994
-1039
-909
-633
-402
-211
-91
-41
112
450
912
1539
2075
2670
3257
3732
4069
4385
4652
4867
4844
4608
4152
3383
2704
2232
1768
1486
1078
676
352
-28
-178
-340
-487
-482
-586
-503
-165
33
133
55
-272
-676
-1059
-1114
-943
-816
-762
-1058
-1466
-1804
-2123
-2068
-1914
-1851
-1883
-2100
-2138
-2081
-1895
-1634
-1364
-1194
-1108
-1091
-975
-738
-447
-170
48
227
317
284
186
125
-55
-348
-553
-668
-777
-942
-1200
-1431
-1674
-1855
-1899
-1797
-1670
-1536
-1489
-1391
-1252
-1170
-960
-608
-274
-10
227
390
502
540
471
315
238
248
312
475
510
426
183
11
-19
51
213
379
399
506
595
813
1194
1638
2141
2553
3070
3605
4128
4454
4634
4702
4427
4033
3455
2823
2374
1933
1718
1434
957
514
-125
-542
-649
-796
-732
-701
-653
-414
-280
-83
-3
-190
-340
-647
-891
-809
-763
-688
-751
-984
-1278
-1683
-1927
-2018
-2049
-1877
-1769
-1728
-1775
-1882
-1904
-1907
-1741
-1417
-1150
-978
-796
-615
-369
-190
-26
53
108
213
354
389
369
209
-72
-381
-755
-934
-1068
-1149
-1384
-1616
-1833
-1997
-1991
-1891
-1752
-1693
-1647
-1497
-1231
-917
-509
-184
-20
102
197
231
175
151
59
26
91
140
249
196
31
-183
-196
-95
63
238
301
298
283
430
670
1098
1642
2127
2615
3083
3592
4013
4338
4602
4552
4405
4141
3542
2921
2453
1994
1789
1465
1112
620
-24
-484
-827
-868
-774
-732
-699
-544
-518
-332
-218
-418
-582
-856
-979
-933
-833
-728
-808
-1096
-1351
-1724
-1918
-1968
-1953
-1745
-1744
-1740
-1813
-1918
-1899
-1867
-1616
-1321
-1117
-953
-750
-588
-384
-186
-69
22
-13
36
170
312
305
144
-189
-534
-782
-941
-1008
-1073
-1224
-1406
-1591
-1681
-1573
-1471
-1347
-1287
-1192
-1062
-829
-519
-224
-13
127
197
222
281
238
168
134
81
85
65
44
-27
-119
-185
-240
-160
2
136
155
230
341
582
851
1194
1588
2032
2470
2857
3325
3741
4126
4453
4717
4740
4443
3890
3148
2546
2165
2060
2006
1621
1080
327
-357
-562
-588
-481
-347
-480
-519
-598
-662
-572
-657
-795
-984
-1231
-1260
-1167
-1111
-1123
-1360
-1589
-1805
-1951
-1828
-1737
-1653
-1670
-1812
-1875
-1790
-1647
-1430
-1309
-1236
-1211
-1155
-903
-639
-382
-211
-245
-327
-378
-259
-29
143
142
-44
-294
-579
-767
-862
-946
-1098
-1263
-1455
-1528
-1575
-1540
-1445
-1396
-1261
-1160
-996
-732
-554
-351
-116
-80
47
148
170
191
36
-51
-116
-150
-148
-131
-162
-223
-167
-60
26
67
166
177
324
522
804
1132
1384
1705
1984
2308
2674
3055
3426
3798
4135
4499
4697
4474
4070
3362
2545
2044
1784
1765
1778
1342
760
120
-444
-497
-449
-280
-234
-362
-471
-586
-566
-441
-524
-669
-877
-1119
-1193
-1141
-1027
-1036
-1202
-1340
-1474
-1543
-1413
-1394
-1418
-1567
-1619
-1560
-1385
-1132
-1058
-1128
-1186
-1313
-1265
-964
-741
-496
-436
-504
-560
-609
-468
-303
-256
-254
-403
-634
-792
-954
-1044
-1103
-1229
-1310
-1405
-1430
-1328
-1249
-1154
-1062
-944
-772
-617
-402
-279
-208
-204
-211
-124
-77
-55
-49
-160
-225
-318
-339
-222
-80
151
339
512
577
538
520
618
816
1138
1496
1789
1936
1912
1910
2048
2349
2782
3211
3561
3767
4012
4170
4142
3919
3510
2958
2327
1923
1721
1638
1453
984
480
-74
-340
-272
-225
-194
-423
-784
-937
-938
-825
-686
-778
-1037
-1402
-1768
-1855
-1721
-1516
-1411
-1466
-1530
-1673
-1758
-1775
-1638
-1506
-1417
-1285
-1156
-1005
-991
-1057
-1142
-1181
-1166
-1083
-911
-707
-617
-656
-707
-646
-567
-424
-318
-311
-380
-529
-593
-674
-744
-832
-947
-1096
-1162
-1145
-1057
-915
-836
-754
-732
-655
-566
-488
-337
-319
-342
-298
-302
-267
-224
-306
-424
-482
-504
-437
-211
-20
250
382
469
514
549
617
674
794
945
1245
1449
1590
1652
1580
1586
1788
2158
2614
3017
3390
3643
3822
4009
3925
3684
3255
2660
2296
2073
1889
1807
1398
900
475
53
33
6
-173
-427
-861
-1052
-989
-829
-636
-736
-1062
-1384
-1796
-1883
-1694
-1468
-1147
-1091
-1136
-1300
-1453
-1490
-1391
-1228
-1088
-1004
-894
-827
-833
-942
-1145
-1234
-1263
-1190
-1052
-958
-906
-986
-1039
-949
-833
-708
-608
-608
-710
-762
-782
-720
-734
-773
-839
-983
-1046
-1079
-1076
-1016
-842
-725
-727
-655
-638
-728
-752
-741
-630
-521
-523
-463
-505
-563
-664
-740
-635
-402
-154
131
414
497
606
686
787
868
961
1080
1177
1372
1502
1589
1601
1586
1576
1748
2093
2477
2819
3020
3217
3376
3656
3966
3940
3642
3088
2459
2052
1851
1800
1679
1342
917
450
99
92
-130
-446
-689
-1021
-1001
-815
-527
-469
-840
-1291
-1807
-2029
-1786
-1331
-912
-720
-882
-1070
-1306
-1430
-1324
-1197
-942
-812
-860
-875
-1040
-1165
-1238
-1362
-1375
-1366
-1388
-1365
-1396
-1358
-1262
-1195
-975
-894
-830
-816
-894
-874
-826
-728
-707
-690
-641
-699
-777
-787
-775
-725
-710
-622
-462
-458
-453
-608
-813
-832
-798
-668
-514
-454
-478
-619
-690
-631
-519
-274
-22
219
439
651
735
798
937
1059
1189
1331
1433
1485
1515
1575
1611
1610
1652
1683
1861
2162
2412
2685
2985
3205
3453
3669
3699
3603
3276
2840
2411
2022
1733
1553
1291
953
656
244
-36
-261
-587
-797
-1060
-1125
-983
-898
-799
-850
-1239
-1573
-1814
-1853
-1609
-1306
-1024
-1041
-1254
-1440
-1520
-1509
-1297
-1135
-1031
-1077
-1187
-1278
-1347
-1319
-1343
-1279
-1299
-1411
-1495
-1501
-1427
-1257
-1072
-869
-788
-723
-724
-720
-673
-621
-544
-571
-629
-617
-680
-760
-729
-768
-721
-701
-618
-494
-438
-458
-540
-632
-603
-523
-530
-542
-548
-520
-507
-475
-373
-255
-152
-27
159
335
460
582
670
769
965
1098
1176
1151
1097
1146
1226
1338
1402
1451
1433
1513
1720
1996
2329
2559
2783
3015
3305
3449
3451
3299
3003
2686
2358
2041
1751
1413
1012
714
461
212
10
-273
-503
-638
-769
-667
-586
-572
-654
-919
-1132
-1242
-1263
-1115
-937
-849
-884
-1017
-1114
-1181
-1155
-1070
-956
-914
-975
-1108
-1221
-1315
-1297
-1191
-1142
-1113
-1263
-1403
-1455
-1400
-1188
-997
-798
-692
-710
-705
-750
-727
-643
-604
-571
-612
-599
-668
-678
-700
-786
-809
-810
-761
-640
-531
-480
-484
-510
-540
-577
-538
-523
-576
-584
-517
-450
-376
-296
-233
-223
-92
42
225
337
536
629
736
863
875
1003
1028
1146
1168
1263
1337
1436
1493
1475
1603
1723
1955
2238
2506
2724
2930
3072
3184
3363
3384
3278
3111
2603
2082
1794
1465
1354
1126
794
474
39
-207
-404
-496
-447
-515
-597
-626
-675
-669
-690
-730
-720
-765
-814
-885
-969
-967
-1049
-1088
-1048
-1049
-1070
-1045
-1137
-1315
-1447
-1482
-1487
-1376
-1293
-1318
-1442
-1575
-1597
-1530
-1354
-1150
-1043
-1001
-1011
-1005
-916
-888
-821
-744
-753
-739
-782
-801
-750
-766
-757
-776
-823
-784
-781
-702
-589
-584
-468
-518
-629
-690
-746
-719
-590
-488
-416
-365
-347
-266
-146
39
263
409
505
605
658
779
907
1065
1164
1261
1301
1335
1397
1397
1368
1345
1411
1475
1586
1776
1920
2022
2162
2242
2400
2647
2826
2951
3029
2947
2780
2532
2217
1922
1619
1362
1122
826
594
453
270
169
8
-272
-481
-657
-703
-635
-525
-434
-541
-748
-930
-1141
-1180
-1178
-1140
-1036
-942
-913
-927
-1027
-1116
-1239
-1348
-1289
-1346
-1325
-1277
-1251
-1282
-1336
-1320
-1297
-1316
-1278
-1219
-1198
-1090
-1027
-902
-772
-766
-735
-789
-761
-712
-651
-648
-642
-638
-677
-657
-694
-607
-562
-516
-473
-513
-590
-664
-672
-685
-625
-554
-465
-417
-422
-379
-300
-184
51
226
372
553
679
751
842
968
1065
1167
1293
1403
1383
1319
1251
1200
1250
1254
1321
1357
1413
1449
1463
1583
1699
1905
2125
2314
2412
2512
2526
2592
2657
2629
2415
2001
1699
1349
1201
1158
1044
899
549
193
-92
-374
-519
-585
-650
-640
-610
-666
-767
-973
-1109
-1168
-1161
-1109
-1058
-966
-931
-923
-933
-975
-1137
-1296
-1380
-1371
-1349
-1339
-1371
-1432
-1480
-1542
-1500
-1479
-1459
-1405
-1398
-1352
-1296
-1180
-1071
-913
-829
-829
-828
-725
-671
-614
-605
-662
-665
-663
-656
-610
-545
-557
-688
-774
-881
-925
-884
-851
-751
-757
-760
-689
-621
-482
-306
-159
29
151
249
395
528
730
832
976
1103
1132
1232
1225
1230
1128
1125
1133
1122
1067
1006
1023
922
977
999
1080
1174
1337
1569
1683
1869
2019
2119
2323
2542
2698
2742
2714
2500
2150
1874
1622
1413
1327
1071
873
628
315
144
-29
-207
-372
-496
-544
-592
-567
-550
-571
-617
-737
-892
-952
-947
-890
-901
-924
-992
-1121
-1212
-1252
-1313
-1398
-1526
-1633
-1657
-1664
-1596
-1548
-1528
-1539
-1613
-1562
-1488
-1410
-1257
-1133
-1012
-854
-741
-643
-575
-545
-569
-611
-593
-567
-541
-557
-644
-678
-711
-814
-804
-836
-881
-883
-930
-950
-904
-749
-573
-392
-232
-138
-32
84
256
416
602
798
935
1099
1139
1209
1158
1061
1092
1052
1067
1006
964
893
812
686
689
671
744
796
847
939
1020
1192
1316
1496
1673
1894
2102
2278
2441
2539
2561
2471
2338
2123
1758
1363
968
785
641
481
351
236
46
-126
-306
-363
-418
-371
-261
-190
-66
-138
-148
-262
-415
-605
-799
-926
-958
-942
-980
-981
-1146
-1355
-1477
-1596
-1586
-1533
-1476
-1506
-1552
-1498
-1392
-1280
-1151
-1055
-1071
-970
-869
-702
-565
-430
-379
-376
-414
-393
-387
-385
-428
-573
-721
-859
-857
-915
-891
-877
-896
-969
-973
-968
-944
-755
-579
-386
-251
-131
-70
65
215
393
564
642
743
792
813
800
764
712
646
599
604
514
422
387
360
351
409
430
499
514
584
671
813
988
1126
1322
1516
1763
2021
2187
2264
2380
2477
2583
2647
2579
2436
2106
1662
1454
1223
1129
958
748
577
360
231
175
109
75
129
114
122
83
96
-68
-228
-427
-647
-768
-911
-1025
-1122
-1271
-1466
-1570
-1683
-1697
-1735
-1750
-1771
-1766
-1758
-1678
-1522
-1350
-1283
-1234
-1019
-942
-812
-724
-609
-505
-500
-502
-495
-527
-587
-633
-669
-677
-733
-797
-957
-1130
-1121
-1129
-1047
-1028
-1004
-889
-747
-571
-505
-383
-279
-200
-99
68
237
333
445
504
513
505
510
511
499
450
378
317
248
171
199
197
187
143
82
86
204
357
581
746
888
977
1011
1175
1341
1545
1711
1809
1862
1934
2026
2097
2181
2253
2228
2062
1877
1628
1424
1313
1102
989
840
748
691
581
514
481
410
371
330
282
261
102
-41
-222
-436
-582
-749
-939
-1151
-1294
-1431
-1544
-1625
-1637
-1714
-1703
-1720
-1721
-1590
-1569
-1454
-1384
-1256
-1052
-1038
-887
-651
-545
-416
-399
-430
-445
-441
-472
-500
-616
-666
-693
-775
-834
-947
-975
-981
-957
-989
-929
-840
-801
-705
-560
-368
-278
-150
-75
39
174
247
356
384
424
479
469
419
340
223
127
68
11
8
26
5
-36
-38
-44
-62
-24
117
263
436
622
740
816
1001
1077
1185
1297
1420
1497
1536
1586
1690
1788
1829
1814
1846
1830
1836
1915
1855
1764
1571
1410
1351
1229
1259
1219
1092
1079
958
915
816
636
491
282
100
-2
-126
-295
-541
-798
-977
-1120
-1281
-1338
-1460
-1541
-1559
-1607
-1555
-1546
-1455
-1408
-1345
-1202
-1102
-1042
-990
-893
-778
-628
-555
-545
-550
-607
-670
-677
-640
-624
-649
-728
-839
-898
-958
-998
-974
-949
-930
-867
-777
-725
-681
-557
-397
-284
-143
-45
37
89
125
217
233
222
166
74
33
-107
-205
-321
-353
-364
-333
-312
-329
-306
-304
-260
-173
-92
45
177
385
560
635
783
810
1014
1162
1214
1237
1272
1254
1226
1285
1330
1402
1436
1466
1495
1536
1610
1662
1657
1622
1536
1476
1437
1415
1442
1403
1315
1169
1041
920
818
695
552
352
161
-7
-226
-436
-582
-731
-944
-1107
-1207
-1337
-1438
-1476
-1474
-1436
-1329
-1244
-1144
-1060
-1085
-1086
-1025
-934
-851
-771
-704
-695
-756
-756
-799
-830
-887
-933
-942
-918
-917
-946
-934
-919
-892
-862
-837
-794
-780
-713
-624
-522
-407
-263
-184
-131
3
7
56
76
93
94
100
98
-32
-126
-263
-389
-455
-469
-447
-413
-411
-383
-386
-337
-231
-92
53
222
335
387
416
435
530
637
765
881
888
881
859
803
822
830
857
901
914
998
1057
1131
1249
1270
1371
1454
1465
1528
1547
1564
1523
1551
1503
1447
1381
1204
1054
855
777
554
342
149
-36
-196
-375
-515
-659
-793
-921
-1017
-1132
-1155
-1152
-1117
-1020
-972
-972
-928
-838
-782
-754
-764
-780
-730
-758
-759
-738
-801
-832
-888
-952
-910
-921
-861
-859
-886
-780
-746
-661
-637
-587
-462
-382
-302
-224
-162
-109
-67
-36
-15
27
32
102
114
16
-8
-130
-175
-228
-273
-312
-405
-463
-435
-419
-415
-374
-357
-313
-209
-84
45
216
302
383
439
440
427
411
395
488
557
617
556
511
526
499
515
531
598
719
763
845
1004
1105
1265
1349
1448
1565
1694
1696
1652
1643
1582
1593
1473
1416
1312
1170
1008
715
570
383
215
61
-122
-261
-368
-565
-708
-777
-849
-913
-937
-944
-939
-882
-853
-824
-819
-812
-801
-785
-809
-855
-944
-983
-943
-915
-925
-981
-1025
-1110
-1113
-1060
-1025
-974
-891
-878
-793
-682
-622
-519
-451
-284
-180
-91
44
73
129
153
105
119
122
110
103
43
-47
-121
-212
-330
-418
-473
-511
-492
-479
-462
-425
-339
-294
-168
-156
-46
76
161
265
325
422
469
476
431
413
377
331
304
320
292
315
341
352
341
409
463
498
561
715
860
1034
1219
1352
1459
1493
1617
1661
1653
1605
1473
1421
1319
1206
1095
976
840
685
441
300
205
49
-27
-123
-220
-311
-363
-430
-444
-490
-568
-554
-618
-617
-563
-537
-535
-612
-647
-671
-837
-917
-934
-978
-973
-1044
-1105
-1203
-1218
-1195
-1148
-1097
-1034
-987
-927
-837
-722
-616
-519
-390
-278
-141
-43
40
61
92
97
80
69
65
-2
-90
-140
-225
-299
-329
-421
-494
-524
-477
-424
-411
-360
-308
-226
-118
-36
42
145
239
304
392
418
391
396
374
384
426
383
297
257
127
117
121
97
140
155
177
132
201
318
451
643
802
952
1019
1063
1105
1323
1451
1507
1622
1570
1475
1342
1176
1032
887
830
719
631
518
327
164
70
-36
-86
-130
-165
-229
-278
-263
-327
-327
-368
-472
-536
-602
-579
-590
-669
-714
-800
-825
-852
-920
-973
-1061
-1184
-1243
-1174
-1081
-1009
-1006
-893
-834
-770
-671
-615
-506
-377
-270
-193
-106
-47
-14
-9
5
-37
-69
-130
-138
-193
-248
-283
-342
-377
-435
-470
-493
-521
-492
-407
-353
-264
-208
-132
-90
-29
78
140
186
202
239
273
315
326
301
259
245
219
259
232
182
154
106
107
93
130
153
231
342
443
608
712
727
772
873
950
1059
1143
1276
1314
1292
1248
1192
1214
1128
1084
1022
930
844
705
557
504
431
359
322
213
205
128
86
63
30
19
6
-22
-71
-161
-284
-319
-501
-564
-596
-648
-620
-728
-852
-931
-983
-1035
-1051
-1037
-1002
-932
-921
-870
-818
-745
-643
-593
-503
-411
-406
-336
-309
-262
-206
-199
-218
-232
-252
-279
-333
-339
-377
-431
-451
-492
-546
-659
-668
-578
-513
-370
-294
-249
-227
-184
-162
-130
-37
-27
-21
66
168
207
226
209
195
185
201
222
198
213
192
170
189
152
134
229
286
369
458
537
603
683
682
755
792
873
933
975
999
958
958
916
818
764
804
796
849
820
787
710
676
663
605
586
544
556
501
453
469
422
363
269
253
240
153
66
-65
-143
-270
-316
-324
-427
-500
-631
-772
-825
-863
-895
-893
-860
-879
-885
-851
-826
-811
-731
-662
-539
-510
-499
-464
-448
-380
-344
-333
-389
-447
-509
-498
-521
-546
-569
-562
-596
-638
-713
-752
-726
-707
-624
-585
-491
-454
-405
-348
-266
-200
-143
-121
-91
-42
40
131
137
197
180
223
238
226
256
281
278
225
196
157
155
201
298
364
430
532
563
636
695
724
737
764
793
798
710
704
642
625
579
504
571
588
599
547
515
461
438
431
377
438
439
446
438
398
420
404
382
381
399
312
263
246
126
-22
-126
-173
-204
-290
-357
-403
-550
-567
-589
-666
-683
-639
-689
-710
-662
-639
-607
-575
-553
-559
-542
-556
-532
-481
-431
-434
-452
-482
-551
-590
-612
-599
-646
-668
-698
-686
-691
-728
-730
-768
-716
-678
-643
-541
-532
-469
-339
-280
-290
-221
-166
-140
-88
-79
-27
10
47
64
91
66
44
138
144
107
72
42
30
70
147
177
253
332
429
483
560
593
636
657
667
724
762
773
744
756
677
605
555
532
480
473
454
457
390
383
405
365
354
364
415
356
369
328
330
341
325
365
369
371
318
288
179
82
65
85
65
19
-44
-185
-264
-309
-244
-216
-212
-220
-260
-222
-198
-181
-140
-160
-163
-159
-191
-175
-150
-153
-145
-158
-117
-148
-234
-214
-214
-249
-307
-332
-362
-404
-468
-480
-507
-516
-497
-487
-516
-507
-492
-441
-435
-413
-362
-364
-286
-288
-241
-241
-228
-224
-215
-222
-243
-233
-222
-226
-264
-268
-256
-242
-159
-104
-80
-2
27
52
87
154
226
227
274
361
364
384
367
362
379
324
272
265
236
302
301
306
300
270
250
256
257
237
300
287
326
355
356
343
274
223
153
138
146
209
180
147
169
163
193
136
97
104
44
24
36
3
55
58
27
24
-35
-27
-8
78
155
127
155
161
215
298
319
349
360
354
335
333
342
341
311
292
212
135
87
35
37
27
23
10
45
-21
-15
0
-20
-11
-36
-48
-123
-107
-93
-52
-71
-106
-166
-247
-285
-270
-283
-276
-286
-350
-336
-413
-367
-364
-340
-329
-259
-229
-231
-214
-249
-231
-197
-158
-141
-112
-114
-122
-140
-164
-208
-225
-298
-276
-275
-279
-318
-282
-251
-348
-359
-347
-330
-305
-250
-242
-239
-189
-186
-134
-133
-150
-84
-28
-21
25
43
69
69
59
95
82
90
80
118
95
90
126
92
106
198
231
252
315
284
281
262
296
370
354
356
419
407
368
366
338
312
350
372
332
352
349
317
282
278
296
262
231
221
224
249
205
179
193
203
208
151
133
185
156
190
228
197
179
138
96
70
84
57
-8
2
-11
-53
-88
-91
-110
-120
-101
-79
-78
-57
-56
28
34
14
37
52
38
19
-29
-19
-35
-65
-116
-154
-186
-214
-250
-292
-295
-349
-397
-402
-413
-425
-430
-464
-464
-485
-500
-474
-457
-358
-362
-401
-395
-406
-411
-363
-340
-303
-281
-275
-259
-225
-154
-132
-91
-94
-33
-26
2
1
-27
39
44
49
96
96
118
137
141
183
194
212
225
252
253
290
273
226
275
277
278
282
300
336
353
386
402
399
376
346
354
368
341
373
357
333
332
287
300
314
238
198
183
159
128
129
151
83
61
44
47
38
52
40
76
67
40
88
129
163
133
213
185
161
181
149
153
171
173
124
99
73
45
20
-18
-9
-59
-122
-228
-226
-288
-317
-283
-326
-324
-341
-376
-430
-448
-456
-469
-470
-459
-479
-492
-475
-436
-441
-442
-473
-430
-418
-440
-377
-383
-333
-328
-315
-318
-292
-298
-310
-316
-366
-294
-222
-214
-232
-230
-210
-154
-231
-167
-84
-96
-91
-82
-52
-37
6
64
63
66
97
163
190
217
307
326
362
349
347
365
343
364
364
361
340
291
271
218
205
188
155
164
106
91
68
34
-41
-72
-64
-104
-111
-89
-45
-28
-36
-40
-53
-62
-96
-62
-1
42
42
64
77
61
55
14
24
8
26
7
-4
-20
-25
-37
-87
-90
-131
-105
-121
-145
-144
-203
-229
-262
-265
-286
-318
-319
-369
-348
-341
-323
-271
-271
-282
-281
-278
-240
-206
-176
-134
-163
-188
-185
-211
-188
-164
-128
-165
-146
-130
-182
-136
-162
-198
-205
-197
-189
-185
-201
-222
-235
-167
-161
-147
-92
-83
-51
-73
-58
8
24
88
143
171
159
207
204
166
208
219
273
279
285
269
265
271
242
236
251
201
188
151
107
113
89
77
36
2
27
34
44
49
20
35
32
48
56
53
66
59
69
62
57
97
126
108
83
122
117
97
95
99
66
58
36
13
-2
-49
-72
-109
-138
-197
-220
-294
-335
-358
-365
-405
-415
-423
-403
-411
-422
-390
-334
-315
-283
-275
-267
-224
-214
-149
-190
-213
-208
-192
-174
-188
-184
-205
-175
-183
-168
-168
-203
-237
-216
-256
-253
-210
-255
-267
-275
-261
-263
-236
-207
-167
-162
-143
-101
-78
-44
-47
-17
-20
23
31
-14
11
37
83
97
98
97
126
155
147
101
47
55
100
128
181
225
196
189
163
133
132
97
105
97
83
95
87
116
129
92
111
79
102
142
127
167
164
177
173
169
172
160
178
207
187
192
196
203
201
117
92
31
-48
-67
-103
-172
-212
-218
-239
-210
-236
-241
-260
-266
-221
-263
-211
-234
-195
-184
-174
-150
-183
-137
-137
-135
-141
-106
-174
-199
-150
-213
-206
-242
-225
-201
-193
-217
-236
-200
-214
-218
-173
-184
-183
-180
-217
-221
-178
-144
-121
-87
-71
-49
-21
7
42
51
45
49
42
22
38
59
44
22
43
55
58
69
42
57
23
50
73
126
139
99
83
57
65
89
109
96
113
110
94
58
76
93
48
4
34
51
87
84
51
111
126
129
169
218
254
288
340
296
249
260
174
174
162
189
151
133
100
34
-12
-71
-112
-131
-142
-151
-179
-176
-177
-212
-201
-155
-144
-120
-79
-53
-62
-33
-6
43
-7
20
20
-19
-19
-28
-51
-69
-118
-188
-184
-226
-216
-193
-186
-172
-177
-175
-174
-169
-209
-251
-235
-207
-165
-140
-125
-121
-82
-87
-111
-44
1
0
7
-19
7
-14
-42
-100
-93
-87
-66
-73
-93
-62
-73
-63
-93
-81
-35
-22
-23
11
3
-2
-1
-21
-22
2
14
-20
-79
-71
-49
-34
-33
-44
-64
-41
8
73
103
99
152
191
227
276
297
308
353
348
332
383
391
361
331
281
206
178
129
90
99
49
50
26
-10
-31
-89
-75
-88
-77
-44
-33
47
39
33
53
35
78
58
72
110
73
73
50
32
-3
-27
-53
-62
-63
-100
-112
-148
-194
-172
-168
-160
-140
-138
-90
-100
-83
-85
-72
-64
-58
-95
-69
-65
-68
-92
-56
-15
-45
-118
-115
-67
-113
-67
-94
-62
-46
-112
-43
-28
-6
-25
0
44
49
97
120
115
69
103
81
40
26
23
28
15
11
18
5
16
11
-15
4
-1
45
59
127
121
129
167
163
205
223
243
277
287
255
248
214
220
230
198
197
160
93
85
57
-9
-35
-20
-38
-45
-112
-164
-140
-162
-103
-102
-55
-28
-38
-30
-51
-16
-39
22
-25
-71
-39
-81
-90
-154
-167
-148
-154
-175
-175
-188
-195
-211
-227
-181
-155
-168
-157
-90
-91
-91
-66
-25
-52
-25
-1
21
20
-28
8
-24
5
22
-6
-46
-68
-92
-93
-105
-71
-63
-61
-59
-72
-44
-74
-67
-77
-91
-28
18
-28
18
-6
-13
26
-18
-81
-105
-106
-129
-124
-97
-77
-107
-143
-182
-158
-79
-136
-83
-41
-65
-43
-18
22
52
86
122
102
112
149
106
136
113
160
55
15
36
-77
-91
-124
-114
-151
-216
-220
-248
-260
-240
-217
-170
-207
-125
-93
-98
-68
-30
-42
-30
-29
-51
-59
-77
-112
-110
-126
-156
-174
-166
-222
-212
-162
-202
-192
-159
-144
-135
-116
-102
-101
-102
-35
-20
-22
-19
-17
-15
-32
-27
-55
-33
-76
-37
-107
-118
-111
-137
-151
-160
-186
-197
-248
-260
-186
-193
-164
-169
-121
-152
-84
-68
-57
-35
-6
40
12
25
-5
-52
-52
-60
-101
-86
-95
-94
-113
-143
-138
-139
-95
-56
-54
-51
-33
16
29
59
80
92
89
117
118
116
159
146
165
148
174
111
69
45
39
0
-30
-27
-26
-47
-107
-87
-121
-111
-68
-60
-31
-4
-31
-1
18
30
71
77
95
77
49
33
66
67
30
12
13
26
23
-21
-56
-45
-76
-83
-76
-71
-27
-25
23
9
-17
-14
-13
23
-4
-4
7
-5
-30
-48
-64
-125
-106
-109
-130
-158
-185
-193
-244
-283
-239
-260
-270
-217
-221
-207
-174
-166
-177
-145
-80
-90
-69
-67
-45
-56
-84
-51
-78
-42
-37
-75
-66
-12
-51
-54
-32
-20
-43
-43
-11
-11
69
57
54
89
90
97
125
122
126
125
105
76
105
109
59
74
70
43
50
40
-11
-25
-71
-90
-68
