-12
-12
-65
-73
-62
-56
-43
-51
-53
-44
-52
-30
-60
-47
-51
-30
-34
-70
-64
-79
-47
-62
-33
-83
-88
-63
-96
-42
-35
-36
-72
-49
-58
-65
-47
-4
22
-32
1
-200
-611
-592
-934
-984
-392
-410
-54
-65
-510
-591
-755
-396
53
498
811
563
311
-100
-153
114
427
855
749
458
24
-376
-364
-263
73
211
87
-136
-587
-701
-529
-377
-51
66
-25
-108
-295
-217
-56
115
239
271
260
126
115
126
195
193
117
63
83
5
26
7
-106
-214
-325
-373
-269
-103
-89
-93
-171
-344
-305
-209
-51
160
22
-42
-327
-478
-231
-101
266
469
294
172
-77
-85
10
202
373
343
164
-69
-205
-252
-122
-17
19
38
-108
-254
-252
-266
-106
-23
1
50
4
15
92
123
205
221
201
243
243
281
306
222
168
162
133
184
212
231
132
14
-44
-71
-72
43
82
62
62
-32
-56
-16
111
182
296
306
194
124
99
111
197
292
274
181
78
-27
-150
-139
-143
-165
-275
-363
-477
-563
-544
-593
-587
-596
-619
-589
-606
-615
-624
-630
-622
-614
-556
-534
-481
-462
-470
-440
-407
-382
-333
-271
-229
-179
-102
30
165
199
275
262
300
230
124
155
110
178
133
81
140
-38
25
-29
-9
96
-5
191
227
267
474
467
546
626
722
866
957
1136
1212
1270
1277
1310
1376
1424
1388
1204
860
461
-53
-371
-558
-649
-606
-861
-1209
-1613
-1902
-1903
-1691
-1351
-1010
-889
-896
-917
-836
-534
-95
346
613
676
518
371
293
357
461
492
324
18
-371
-760
-989
-1082
-1134
-1144
-1269
-1481
-1742
-2076
-2222
-2393
-2375
-2181
-2008
-1661
-1547
-1501
-1421
-1353
-960
-519
42
471
551
550
371
378
560
893
1158
1130
981
649
381
326
323
611
757
718
741
674
726
993
1398
1649
2038
2250
2428
2788
3110
3556
3833
3359
2367
1507
333
-274
7
224
259
-470
-1837
-3048
-3819
-3536
-2440
-1528
-963
-1106
-1878
-2361
-1983
-819
546
1727
2068
1693
1045
662
1073
1714
2446
2753
2174
1041
107
-493
-682
-537
-399
-662
-1391
-2096
-2629
-2841
-2634
-2195
-1883
-1800
-1692
-1627
-1562
-1164
-571
-109
330
700
948
965
997
1120
962
878
740
405
150
-270
-707
-1037
-1624
-1793
-1929
-2039
-2015
-2130
-2104
-2130
-1909
-1511
-1108
-592
-273
-3
164
445
785
1150
1547
1755
1872
1798
1698
1751
1753
1845
2004
1907
1858
1747
1704
1804
1885
2133
2257
2252
2401
2549
2803
2612
1756
1050
-6
-1007
-849
-513
-127
-260
-1270
-2373
-3378
-3360
-2276
-1092
-111
104
-616
-1440
-1526
-625
692
1969
2633
2164
1215
537
516
1041
1670
2170
1787
655
-521
-1306
-1557
-1375
-1040
-1071
-1656
-2368
-2903
-3194
-2919
-2329
-1843
-1615
-1482
-1296
-1263
-902
-278
235
675
963
1137
1143
1075
1089
834
567
374
-116
-475
-766
-1309
-1691
-2293
-2889
-2995
-3117
-2910
-2618
-2505
-2387
-2376
-2054
-1572
-999
-219
330
552
696
874
1080
1607
1912
2126
2223
1979
1865
1819
1825
2170
2306
2121
2175
1742
1674
1826
1825
2451
2538
2638
2949
2719
2777
2152
1249
749
-411
-788
-494
-397
-285
-1041
-2170
-3109
-3680
-2966
-1842
-936
-385
-837
-1518
-1890
-1349
-25
1175
2156
2165
1353
723
538
1049
1835
2346
2367
1443
157
-725
-1201
-1117
-787
-677
-1180
-2085
-2762
-3305
-3220
-2639
-2056
-1696
-1711
-1660
-1652
-1528
-864
-64
594
1056
1218
1315
1181
1169
1361
1277
1239
921
408
-74
-636
-1047
-1528
-1841
-2008
-2529
-2761
-2873
-3004
-2762
-2578
-2271
-1777
-1536
-1109
-769
-383
148
479
956
1249
1409
1694
1653
1630
1712
1638
1750
1846
1793
1792
1692
1562
1596
1539
1653
1831
1906
2183
2423
2661
2967
3188
3503
3633
3293
2369
1430
419
-389
-167
77
30
-504
-1873
-3146
-3988
-3801
-2742
-1770
-1134
-1224
-2002
-2567
-2280
-1120
406
1604
2093
1581
832
531
917
1712
2397
2675
2033
890
-60
-634
-734
-501
-389
-769
-1586
-2402
-2905
-3077
-2718
-2153
-1878
-1780
-1724
-1635
-1501
-1044
-348
219
673
998
1187
1223
1180
1227
1152
962
786
400
-89
-427
-1030
-1464
-1859
-2437
-2548
-2709
-2918
-2697
-2741
-2644
-2425
-2253
-1699
-1324
-806
-284
-42
450
757
968
1431
1626
1781
1891
1802
1755
1686
1784
1903
1912
1940
1781
1525
1413
1427
1678
2029
2267
2451
2545
2593
2866
3344
3899
4323
4138
3008
1744
668
-372
-313
267
319
-157
-1660
-3317
-4371
-4470
-3296
-2004
-1287
-1198
-2037
-2848
-2728
-1599
144
1532
2256
1958
1028
496
660
1460
2387
2885
2643
1468
179
-701
-1116
-1015
-754
-773
-1423
-2341
-3101
-3570
-3534
-2984
-2391
-1975
-1831
-1821
-1930
-1851
-1209
-385
414
1051
1319
1214
911
775
719
735
846
654
273
-436
-1143
-1682
-2212
-2285
-2321
-2312
-2334
-2597
-2699
-2735
-2480
-1819
-1317
-765
-449
-351
-96
96
606
1205
1579
1859
1832
1584
1501
1476
1669
2005
2118
2175
1922
1643
1568
1577
1893
2158
2416
2612
2619
2598
2851
3228
3622
4118
4213
3988
2861
1388
422
-676
-879
-376
-457
-905
-2243
-3944
-4862
-5118
-4066
-2598
-1763
-1441
-2081
-2847
-2756
-1679
179
1739
2623
2495
1515
902
955
1733
2736
3165
2969
1816
274
-692
-1180
-1043
-799
-838
-1463
-2483
-3256
-3808
-3810
-3189
-2388
-1939
-1706
-1690
-1813
-1791
-1159
-158
690
1448
1774
1739
1362
1058
1029
1055
1122
990
587
-43
-812
-1498
-2018
-2279
-2159
-2220
-2289
-2339
-2700
-2779
-2652
-2191
-1469
-929
-623
-501
-417
-273
175
801
1435
1707
1745
1507
1348
1499
1784
2178
2389
2440
2028
1758
1545
1564
2122
2435
2848
2909
2676
2813
2906
3372
4187
4557
4858
4616
3530
2178
1044
134
-569
-516
-389
-944
-1971
-3561
-4780
-5137
-4819
-3538
-2463
-2056
-2103
-2751
-2955
-2140
-623
1084
2234
2672
2185
1387
1224
1650
2477
3146
3231
2591
1109
-181
-876
-1249
-1025
-874
-1234
-2090
-3155
-3838
-4084
-3736
-2873
-2201
-1926
-1850
-1996
-2023
-1598
-568
474
1236
1704
1509
1095
744
577
761
1016
1026
673
-67
-970
-1739
-2203
-2195
-2036
-1890
-2062
-2565
-2823
-3048
-2882
-2219
-1538
-910
-766
-815
-708
-564
68
833
1376
1834
1676
1432
1426
1475
1942
2397
2467
2486
2163
1700
1705
1704
2123
2402
2431
2606
2352
2426
2761
3145
3876
4241
4449
4543
4011
3322
2006
987
100
-1005
-903
-992
-1523
-2176
-3716
-4717
-5182
-4981
-3678
-2724
-2041
-1971
-2515
-2534
-1955
-478
1093
2090
2574
2037
1478
1442
1789
2557
2890
2804
2136
723
-236
-858
-1158
-1170
-1304
-1642
-2408
-3125
-3474
-3624
-3326
-2815
-2360
-2026
-1833
-1582
-1479
-1089
-327
298
945
1205
1218
1051
654
594
528
549
430
-28
-524
-1215
-1736
-2038
-2181
-2128
-2167
-2286
-2470
-2681
-2554
-2346
-1919
-1288
-917
-633
-502
-266
101
553
1059
1574
1762
1760
1798
1764
1911
2249
2494
2666
2568
2207
2053
1862
1967
2292
2512
2777
2740
2829
2940
3141
3652
3981
4307
4608
4362
3891
2695
1150
174
-1182
-1740
-1398
-1752
-2119
-3249
-4853
-5638
-5905
-5023
-3568
-2464
-1869
-2087
-2482
-2345
-1306
325
1882
3087
3119
2411
1917
1696
2146
2800
3047
2894
1880
435
-598
-1347
-1598
-1595
-1678
-2088
-2760
-3449
-3927
-3844
-3431
-2793
-2184
-1873
-1558
-1416
-1281
-590
42
688
1231
1258
1224
1078
772
846
700
434
171
-534
-948
-1410
-1862
-2034
-2378
-2559
-2754
-2876
-2629
-2447
-2224
-1987
-1755
-1348
-919
-464
136
623
968
1172
1313
1581
1799
2106
2337
2438
2500
2305
2152
2160
2113
2166
2248
2220
2161
2121
2225
2464
2821
3195
3437
3752
3962
4054
4287
4437
4294
3567
2047
676
-856
-2141
-2074
-1913
-2068
-2578
-4050
-5349
-6124
-5933
-4506
-3032
-1924
-1498
-1818
-2079
-1666
-376
1151
2579
3472
3164
2589
2094
1977
2356
2539
2719
2330
1221
164
-844
-1665
-2074
-2230
-2369
-2607
-2977
-3363
-3714
-3794
-3451
-2798
-2201
-1436
-911
-788
-547
-296
162
751
1119
1658
1700
1306
1139
458
40
-96
-492
-742
-1099
-1618
-2158
-2688
-2918
-3085
-3039
-2846
-2674
-2482
-2280
-2068
-1669
-1161
-657
-47
460
929
1290
1516
1753
1978
2156
2366
2539
2736
2745
2632
2542
2408
2277
2374
2478
2601
2743
2611
2586
2597
2856
3415
3866
4304
4452
4285
3986
3462
2348
1128
-58
-1508
-2226
-2242
-2389
-2626
-3415
-4650
-5603
-6071
-5337
-3742
-2424
-1437
-1150
-1531
-1592
-781
569
2088
3455
3727
3230
2581
2011
2004
2256
2391
2360
1460
171
-880
-1939
-2563
-2765
-2888
-3059
-3389
-3661
-3813
-3925
-3658
-3002
-2415
-1675
-829
-399
-141
125
415
668
1004
1533
1722
1565
1237
596
-135
-642
-1045
-1348
-1529
-1823
-2432
-3021
-3532
-3776
-3590
-3309
-2794
-2453
-2269
-1969
-1772
-1251
-556
144
871
1233
1533
1751
1841
2081
2277
2410
2568
2637
2726
2723
2678
2581
2397
2352
2291
2349
2637
2610
2762
2953
2751
3147
3512
3925
4490
4550
4527
4020
2824
1284
-78
-1401
-2389
-2222
-2201
-2556
-3113
-4621
-5756
-6134
-5782
-4026
-2539
-1529
-900
-1367
-1614
-933
405
1943
3422
4045
3619
2945
2242
2100
2345
2192
2181
1511
172
-691
-1714
-2556
-2911
-3378
-3594
-3722
-3836
-3535
-3460
-3436
-3086
-2664
-1983
-937
140
771
1074
1147
951
928
1090
1334
1570
1399
975
243
-753
-1564
-2095
-2263
-2367
-2389
-2483
-2975
-3317
-3588
-3629
-3188
-2507
-1811
-1183
-733
-566
-418
46
450
1207
1967
2281
2419
2248
2074
2021
2212
2443
2615
2798
2613
2402
2202
1957
2018
2178
2575
2927
3131
3349
3243
3342
3607
4001
4693
4954
5160
4940
3829
2170
327
-1236
-2666
-3036
-2625
-2716
-3082
-4282
-5886
-6732
-6951
-5557
-3561
-1981
-632
-541
-1037
-1046
-181
1344
3068
4470
4757
4180
3157
2240
1983
1767
1849
1633
574
-559
-1778
-2965
-3704
-4179
-4357
-4500
-4574
-4123
-3739
-3522
-3173
-2642
-2099
-1265
-103
754
1339
1557
1478
1355
1248
1473
1615
1536
1057
233
-623
-1715
-2286
-2518
-2889
-2894
-3124
-3565
-3776
-3909
-3735
-3363
-2794
-2067
-1441
-747
-304
8
404
645
1021
1586
2058
2429
2602
2535
2223
2106
1980
2033
2277
2212
2164
1982
1771
1826
1951
2165
2410
2638
2840
3078
3546
4032
4617
4919
5098
5205
4998
4755
3993
2437
825
-1017
-2756
-3466
-3504
-3397
-3538
-4458
-5753
-6749
-7006
-5921
-3968
-2161
-778
-162
-420
-323
454
1712
3359
4448
4793
4435
3540
2894
2500
2033
1692
1060
-84
-1113
-1995
-2777
-3444
-4050
-4491
-4821
-4903
-4428
-3618
-3017
-2421
-1980
-1663
-1149
-440
483
1226
1702
2036
1786
1386
1251
665
378
161
-443
-822
-1385
-2215
-2756
-3188
-3677
-3704
-3416
-3198
-2814
-2514
-2414
-2385
-2060
-1505
-789
203
866
1200
1259
1195
1314
1548
2085
2464
2756
2873
2448
2228
2110
1841
1956
2081
2065
2239
2336
2460
2447
2675
3016
3266
3923
4433
4862
5226
5107
5071
5002
4720
4135
2655
817
-1330
-3280
-4187
-4115
-3834
-3760
-4315
-5744
-6903
-7247
-6453
-4508
-2448
-842
94
73
131
656
1670
3096
4195
4708
4625
4082
3403
2761
2087
1352
512
-455
-1470
-2172
-2814
-3494
-4152
-4898
-5377
-5493
-5029
-4060
-3158
-2454
-1924
-1663
-1280
-602
232
1135
1764
2037
1971
1666
1352
1050
757
454
-146
-824
-1466
-2061
-2471
-2679
-3059
-3409
-3586
-3606
-3271
-2727
-2055
-1696
-1428
-1186
-868
-156
520
1334
1801
1835
1805
1617
1756
2037
2487
2844
2770
2609
2321
2181
2195
2274
2451
2548
2638
2671
2716
2862
3045
3391
3758
4159
4680
5173
5393
5471
5181
4661
3825
2299
745
-971
-2494
-3300
-3735
-3741
-3925
-4596
-5383
-6285
-6681
-6050
-4767
-3082
-1453
-299
223
405
736
1328
2385
3410
4263
4585
4236
3811
3040
2227
1574
755
42
-803
-1594
-2161
-2833
-3454
-4202
-4787
-5031
-5006
-4322
-3494
-2740
-2129
-1828
-1476
-1086
-516
148
830
1252
1579
1592
1383
1226
899
521
58
-732
-1204
-1609
-1940
-1841
-2044
-2370
-2879
-3362
-3505
-3278
-2585
-1836
-1246
-964
-912
-773
-530
169
975
1608
2094
2104
2144
2199
2440
2888
3131
3405
3193
2852
2607
2399
2638
2852
3155
3325
3145
3119
3045
3231
3678
4073
4530
4676
4621
4464
3960
3080
1757
76
-1706
-2984
-3524
-3362
-2868
-2905
-3553
-4676
-5926
-6321
-5822
-4601
-2922
-1539
-583
-161
28
311
794
1378
2136
2796
3228
3613
3694
3627
3199
2321
1277
241
-548
-900
-934
-1053
-1484
-2268
-3267
-4183
-4574
-4396
-3738
-2950
-2324
-1912
-1828
-1739
-1513
-1164
-622
-142
344
751
951
1240
1251
957
497
-169
-722
-1090
-1078
-799
-688
-784
-1216
-1771
-2138
-2261
-1954
-1508
-990
-582
-376
-126
-38
188
396
679
1032
1262
1727
2077
2459
2675
2572
2433
2027
1769
1726
1726
1838
1894
1648
1359
982
734
781
998
1317
1688
1918
2132
2392
2499
2564
2703
2723
2494
2207
1768
1284
929
588
387
242
-16
-242
-475
-919
-1380
-1825
-2175
-2258
-2231
-2139
-2052
-2052
-2114
-2093
-2061
-1932
-1726
-1425
-1092
-831
-647
-458
-269
-65
80
162
181
117
64
9
46
113
210
214
152
63
-22
-80
-62
-56
-84
-262
-399
-515
-488
-367
-350
-410
-602
-783
-947
-990
-993
-1002
-1013
-1144
-1210
-1227
-1130
-1023
-928
-880
-940
-955
-979
-870
-695
-610
-508
-524
-585
-651
-599
-525
-435
-370
-365
-327
-380
-354
-267
-178
-117
-75
-100
-89
9
107
196
273
297
400
504
645
791
955
1055
1093
1054
1083
1219
1438
1790
1977
2203
2216
2183
2223
2194
2238
2300
2342
2233
2019
1635
1238
849
555
463
588
778
920
850
577
174
-219
-463
-477
-288
-22
216
298
177
-50
-329
-567
-583
-494
-314
-217
-209
-389
-662
-950
-1210
-1323
-1266
-1242
-1216
-1296
-1547
-1811
-2002
-1978
-1855
-1566
-1347
-1276
-1306
-1333
-1289
-1161
-950
-725
-501
-363
-275
-113
-58
-37
-27
-44
-57
-110
-59
32
27
-94
-236
-351
-500
-534
-474
-407
-376
-356
-319
-290
-198
-114
-55
54
47
-13
-147
-309
-399
-387
-147
58
378
579
666
817
1016
1303
1459
1457
1285
1093
940
1087
1297
1593
1830
1922
1983
2006
2170
2399
2613
2739
2685
2454
2097
1718
1333
1054
745
623
580
531
460
117
-343
-939
-1456
-1735
-1670
-1324
-916
-645
-647
-814
-1123
-1368
-1450
-1402
-1171
-773
-362
9
371
514
466
229
-210
-644
-1074
-1329
-1324
-1145
-853
-623
-604
-693
-1017
-1368
-1588
-1571
-1246
-794
-278
50
183
212
111
53
67
154
254
289
325
244
149
-34
-270
-438
-661
-816
-978
-1063
-1394
-1674
-2058
-2266
-2020
-1667
-949
-387
-90
-158
-448
-745
-804
-592
-146
491
848
1043
898
501
45
-332
-482
-318
60
429
713
697
544
300
10
-40
52
316
666
1021
1409
1811
2297
2789
3201
3442
3690
3628
3328
2873
2208
1655
1202
1019
1040
1160
1165
863
226
-763
-1673
-2347
-2755
-2680
-2424
-2094
-1717
-1491
-1445
-1494
-1565
-1615
-1454
-1035
-374
412
1110
1528
1596
1395
948
404
41
-260
-394
-405
-350
-278
-235
-168
-181
-333
-533
-779
-983
-999
-818
-489
-157
105
213
174
9
-218
-448
-671
-822
-972
-1151
-1293
-1407
-1504
-1571
-1661
-1779
-1963
-2160
-2247
-2277
-2093
-1819
-1456
-1041
-703
-467
-433
-532
-696
-692
-635
-329
-37
236
442
362
239
-76
-285
-532
-468
-336
-49
418
810
1370
1494
1623
1592
1476
1555
1798
2345
3048
3797
4414
4961
5300
5572
5697
5579
5036
3958
2558
900
-542
-1400
-1748
-1668
-1556
-1670
-2409
-3516
-4671
-5555
-5716
-5385
-4357
-3269
-2156
-1159
-428
308
837
1236
1534
1851
2110
2488
3001
3575
4021
4127
3877
3125
1895
593
-582
-1300
-1546
-1413
-1150
-1193
-1571
-2237
-2926
-3558
-3813
-3807
-3610
-3245
-2833
-2162
-1454
-716
-181
6
-105
-477
-713
-744
-535
-74
389
759
763
566
139
-540
-1209
-1892
-2141
-2125
-1908
-1436
-1161
-987
-1076
-1314
-1509
-1664
-1600
-1418
-1065
-703
-261
189
578
885
1063
1174
1313
1474
1790
2344
2903
3440
3866
4059
4175
4144
4121
4250
4390
4752
5182
5669
6148
6415
6256
5291
3620
1180
-1555
-3692
-5122
-5250
-4706
-4148
-3716
-4044
-4621
-5320
-5652
-5494
-5108
-4185
-3081
-1573
167
2048
3817
4916
5401
5060
4402
3748
3330
3469
3857
4303
4525
4007
2772
1048
-1047
-2897
-4385
-5410
-5839
-6083
-6051
-5911
-5632
-5201
-4891
-4604
-4447
-4359
-4109
-3502
-2348
-1065
351
1619
2443
2928
2944
2706
2213
1450
787
203
-151
-202
-164
-160
-472
-1224
-2255
-3399
-4300
-4735
-4648
-4143
-3412
-2743
-2237
-1718
-1438
-1009
-564
-173
340
790
1443
2351
3352
4457
5481
5995
6155
5818
5192
4700
4243
4179
4193
4297
4464
4528
4823
4940
4935
4676
4126
3164
1548
-219
-2316
-4088
-5278
-5865
-5579
-5349
-4881
-4751
-5028
-5031
-5059
-4558
-3890
-3054
-1907
-841
513
1973
3449
4599
5335
5560
5245
4751
4090
3638
3296
2922
2631
2048
1145
16
-1248
-2558
-3942
-5274
-6400
-7278
-7684
-7499
-6822
-5877
-5013
-4367
-3960
-3601
-3171
-2443
-1414
-256
799
1738
2382
2936
3442
3681
3754
3359
2598
1505
370
-483
-1122
-1498
-1840
-2176
-2643
-3129
-3653
-3995
-4272
-4428
-4395
-4231
-3672
-2881
-1885
-793
203
1093
1791
2400
3142
3842
4638
5324
5927
6330
6343
6360
6127
5918
5640
5322
5031
4558
4401
4292
4348
4512
4489
4296
3186
1463
-841
-3379
-5258
-6672
-6913
-6695
-6303
-5601
-5355
-4900
-4466
-3935
-3269
-2901
-2423
-1915
-1045
231
1844
3687
5194
6218
6605
6367
5737
4928
4208
3464
2826
2214
1489
728
-209
-1186
-2193
-3324
-4470
-5586
-6642
-7360
-7848
-7848
-7396
-6683
-5609
-4567
-3524
-2640
-1927
-1264
-826
-189
536
1440
2438
3206
4005
4223
4123
3705
2858
1981
962
64
-757
-1600
-2335
-2941
-3386
-3571
-3690
-3769
-3853
-3966
-4057
-3936
-3717
-3138
-2252
-1295
-74
1174
2499
3771
4840
5693
6120
6234
6216
5930
5806
5792
5935
6151
6116
6113
5950
5850
5753
5490
5155
4417
3126
1506
-475
-2540
-4250
-5594
-6281
-6645
-6804
-6621
-6342
-5691
-4947
-4186
-3501
-3209
-2858
-2497
-1654
-410
1053
2687
3896
4814
5313
5632
5681
5471
5078
4340
3349
2281
1242
384
-394
-945
-1561
-2442
-3475
-4670
-5768
-6636
-7224
-7557
-7524
-7266
-6750
-6080
-5277
-4392
-3403
-2376
-1564
-772
-121
546
1257
1950
2779
3260
3599
3634
3374
3031
2409
1696
843
-188
-1161
-2020
-2651
-3035
-3344
-3463
-3641
-3831
-3828
-3676
-3289
-2713
-2012
-1242
-342
564
1645
2823
4038
5089
5934
6530
6703
6717
6636
6443
6291
6122
5887
5780
5791
5883
5927
5979
5749
5120
3869
2054
-230
-2605
-4631
-6184
-7001
-7460
-7432
-7029
-6338
-5295
-4322
-3398
-2890
-2599
-2283
-1996
-1336
-543
616
1911
3095
4266
5197
5924
6241
6100
5596
4660
3407
2086
855
-175
-941
-1546
-2052
-2606
-3271
-4008
-4757
-5486
-6147
-6641
-7085
-7294
-7237
-6963
-6312
-5346
-4202
-3035
-1905
-886
-120
605
1239
1742
2168
2448
2558
2628
2618
2662
2600
2339
1901
1185
361
-504
-1373
-2265
-3031
-3540
-3861
-3881
-3682
-3270
-2698
-2178
-1566
-899
-266
515
1380
2207
3051
3854
4518
5217
5836
6297
6676
6758
6763
6510
6312
6216
6118
6217
6137
6150
6003
5473
4523
2971
1066
-1191
-3366
-5183
-6532
-7414
-7967
-8050
-7801
-7100
-5910
-4640
-3388
-2342
-1620
-1096
-772
-273
400
1195
1981
2867
3726
4484
5201
5727
5945
5718
4999
3891
2535
1013
-342
-1565
-2580
-3435
-4114
-4486
-4741
-4917
-4906
-5025
-5323
-5765
-6138
-6460
-6451
-6100
-5446
-4522
-3423
-2138
-882
335
1478
2462
3008
3228
3079
2763
2257
1814
1500
1293
1113
855
632
269
-120
-555
-1021
-1504
-2037
-2562
-2955
-3217
-3268
-3005
-2525
-1721
-682
335
1390
2247
3062
3774
4272
4706
4893
5033
5021
4961
4986
5032
5361
5649
6111
6520
6707
6789
6583
6417
5824
4781
3391
1398
-695
-2828
-4492
-5763
-6756
-7323
-7681
-7524
-6997
-6056
-4879
-3862
-2859
-2151
-1547
-1093
-558
144
683
1282
1852
2638
3516
4429
5177
5540
5367
4687
3773
2652
1518
325
-794
-1964
-3081
-3968
-4577
-4881
-4988
-4938
-5009
-5235
-5466
-5703
-5782
-5751
-5486
-5099
-4753
-4139
-3323
-2240
-932
452
1726
2685
3152
3288
3180
2853
2403
1816
1110
301
-441
-909
-1135
-1199
-1118
-1066
-1170
-1312
-1553
-1720
-1732
-1706
-1528
-1323
-983
-544
-28
613
1285
1923
2563
3053
3449
3737
3934
4173
4331
4494
4628
4694
4768
4872
5110
5454
5787
6089
6255
6330
5962
5236
4079
2373
560
-1481
-3221
-4770
-6042
-6877
-7396
-7391
-7052
-6230
-5306
-4215
-3062
-2218
-1437
-929
-422
-77
156
455
805
1367
2052
2855
3663
4464
4990
5299
5266
4780
3924
2764
1348
-208
-1628
-2875
-3886
-4618
-5102
-5361
-5568
-5580
-5475
-5393
-5317
-5329
-5252
-5217
-5034
-4675
-4090
-3322
-2439
-1296
-121
970
1981
2805
3355
3524
3363
2965
2216
1356
540
-273
-889
-1444
-1794
-1878
-1809
-1555
-1139
-667
-251
21
103
187
173
224
520
886
1401
1895
2354
2872
3353
3877
4398
4917
5318
5466
5426
5346
5334
5321
5375
5405
5447
5523
5359
5008
4534
3682
2677
1453
69
-1382
-2947
-4405
-5697
-6640
-7148
-7147
-6647
-5977
-5086
-4038
-3018
-2027
-1030
-145
377
606
657
647
718
941
1349
1878
2340
2796
3205
3526
3737
3719
3484
2935
2109
1039
-96
-1255
-2373
-3360
-4352
-5234
-5788
-6130
-6155
-6017
-5696
-5275
-4932
-4420
-3925
-3338
-2613
-1881
-1118
-455
130
638
1071
1401
1636
1778
1686
1499
1224
838
361
12
-243
-423
-478
-497
-543
-583
-637
-629
-497
-235
34
317
532
666
886
1143
1409
1687
1959
2132
2289
2394
2418
2500
2509
2490
2537
2547
2528
2497
2540
2624
2658
2860
3216
3603
4054
4369
4533
4415
4194
3836
3370
2813
1986
999
-22
-1060
-1926
-2636
-3072
-3311
-3500
-3537
-3495
-3240
-2986
-2632
-2257
-2018
-1941
-1944
-1983
-1974
-1914
-1756
-1471
-1208
-841
-623
-368
-199
-63
92
279
415
436
439
339
184
-10
-316
-595
-923
-1210
-1384
-1520
-1615
-1612
-1526
-1457
-1341
-1222
-986
-787
-728
-708
-821
-945
-1068
-1174
-1162
-1094
-1029
-1013
-1008
-998
-1002
-964
-922
-840
-680
-501
-355
-203
-111
-72
-96
-96
-62
31
113
231
262
261
348
338
413
454
544
616
681
742
853
898
914
925
924
898
857
832
884
941
1088
1371
1672
2025
2420
2758
3120
3415
3654
3887
3990
3979
3869
3620
3187
2643
2038
1367
683
48
-496
-1030
-1428
-1733
-1921
-1957
-1888
-1736
-1622
-1482
-1371
-1191
-1090
-981
-926
-1016
-1133
-1376
-1608
-1781
-1890
-1906
-1901
-1845
-1856
-1840
-1811
-1746
-1739
-1641
-1563
-1599
-1502
-1462
-1355
-1228
-1075
-878
-707
-581
-503
-397
-284
-130
6
200
422
591
658
709
650
474
237
-81
-429
-736
-997
-1185
-1296
-1321
-1267
-1219
-1088
-970
-876
-823
-729
-603
-511
-391
-217
-83
-6
121
242
466
611
728
855
908
965
1057
1221
1444
1588
1677
1695
1613
1577
1450
1345
1250
1140
967
770
707
735
820
987
1117
1249
1396
1491
1557
1554
1574
1456
1329
1206
1070
957
821
752
649
554
516
514
447
337
179
75
-121
-347
-508
-676
-914
-1132
-1370
-1514
-1707
-1947
-2057
-2229
-2338
-2446
-2483
-2501
-2438
-2308
-2179
-1968
-1703
-1534
-1280
-1086
-910
-745
-623
-495
-414
-262
-149
115
376
598
681
742
775
764
724
647
472
230
-39
-217
-404
-529
-630
-741
-788
-922
-988
-1012
-1002
-924
-879
-825
-669
-512
-275
-55
168
293
306
275
277
341
348
397
489
510
545
579
648
723
798
767
676
554
423
337
258
266
221
186
81
99
155
206
305
362
384
367
409
511
691
921
1249
1565
1818
1999
2175
2308
2305
2241
2051
1763
1428
1062
784
582
379
97
-106
-324
-601
-863
-1178
-1383
-1628
-1802
-1963
-2086
-2079
-2085
-2027
-1928
-1759
-1528
-1238
-994
-716
-444
-238
-122
-13
85
165
263
334
345
340
277
204
122
-4
-184
-244
-326
-479
-576
-585
-632
-583
-505
-439
-387
-416
-390
-436
-445
-404
-294
-253
-143
-50
-67
23
121
209
300
376
412
346
273
255
282
332
374
346
281
125
-32
-132
-186
-198
-249
-326
-432
-542
-646
-697
-702
-638
-602
-567
-583
-579
-570
-563
-512
-388
-201
19
248
514
764
976
1176
1308
1399
1388
1232
1117
970
831
810
805
837
824
752
634
509
325
140
-83
-251
-404
-566
-622
-600
-514
-407
-310
-207
-118
-43
88
203
343
523
724
926
1033
1055
1007
913
768
675
620
509
406
274
99
-64
-294
-442
-635
-832
-946
-1023
-1057
-1074
-976
-917
-828
-701
-593
-487
-353
-280
-115
-13
-19
35
90
150
179
184
184
98
12
-109
-188
-313
-421
-423
-463
-458
-412
-364
-337
-255
-218
-208
-232
-226
-230
-335
-349
-398
-580
-622
-679
-739
-842
-915
-865
-826
-705
-667
-500
-338
-243
-103
-32
12
24
2
7
15
39
85
156
296
372
425
455
338
274
186
60
-61
-135
-143
-179
-152
-66
-25
16
84
133
232
379
475
669
772
889
1054
1123
1126
1060
1003
993
936
820
747
619
484
339
178
-10
-226
-344
-481
-568
-602
-614
-617
-626
-623
-519
-336
-137
113
287
440
560
635
622
648
667
644
598
545
502
455
402
239
58
-146
-357
-487
-595
-697
-769
-755
-728
-724
-570
-445
-308
-165
-23
82
156
211
239
265
293
340
318
334
317
319
264
208
181
139
91
5
-76
-206
-358
-491
-659
-811
-945
-999
-937
-835
-694
-586
-481
-411
-420
-370
-325
-378
-373
-371
-348
-258
-218
-116
-82
-67
-32
-43
53
127
225
345
516
694
825
957
1023
1065
1087
1049
976
856
745
641
489
388
212
36
-183
-434
-656
-787
-871
-954
-877
-746
-598
-360
-207
38
229
420
508
622
672
657
707
683
727
662
684
639
555
406
262
134
38
-88
-245
-374
-479
-592
-689
-763
-783
-665
-578
-482
-384
-257
-207
-146
6
101
250
352
461
502
511
550
576
624
631
638
513
383
192
37
-89
-269
-398
-565
-697
-812
-861
-864
-849
-800
-816
-847
-815
-801
-756
-729
-757
-731
-664
-615
-523
-406
-341
-289
-203
-108
-43
42
56
157
207
265
345
416
533
637
781
852
840
848
851
769
692
666
575
397
233
59
-123
-264
-426
-576
-678
-800
-883
-846
-766
-667
-507
-328
-182
-89
-50
11
105
131
189
242
310
377
408
435
461
477
371
335
226
98
78
-61
-180
-276
-367
-411
-434
-385
-398
-385
-320
-313
-212
-180
-118
-17
60
187
392
551
666
754
854
920
929
981
896
794
608
408
192
49
-107
-181
-226
-286
-314
-343
-303
-251
-251
-298
-320
-405
-486
-562
-579
-626
-590
-613
-608
-554
-569
-471
-456
-358
-259
-169
-49
54
186
276
381
456
571
642
711
777
819
821
741
702
619
610
560
509
382
281
161
54
-41
-212
-269
-372
-455
-504
-532
-589
-630
-681
-728
-711
-671
-573
-482
-430
-363
-334
-235
-80
92
224
354
434
385
323
249
230
155
97
30
-62
-92
-121
-33
-22
5
-32
-87
-148
-200
-186
-187
-144
-111
-66
17
115
198
293
435
476
484
478
440
395
367
323
251
196
178
109
109
87
30
62
-21
5
13
13
14
-7
-60
-137
-217
-252
-233
-183
-110
-87
-90
-152
-209
-270
-291
-276
-223
-194
-181
-113
-107
-74
-44
-37
-18
29
81
122
172
164
139
188
231
274
303
276
227
162
141
115
125
133
85
-46
-171
-268
-348
-356
-398
-448
-505
-537
-546
-506
-447
-407
-312
-253
-119
-17
143
304
351
330
259
180
110
202
298
357
452
481
457
466
431
407
390
355
313
248
191
177
164
153
211
186
132
116
85
62
-50
-76
-148
-206
-231
-267
-226
-243
-321
-344
-345
-302
-345
-327
-266
-236
-190
-165
-97
-84
-69
-64
-36
-50
74
154
177
220
284
273
290
267
219
144
66
45
-22
-42
-92
-116
-145
-216
-265
-299
-272
-233
-93
15
66
79
37
48
52
44
127
129
132
93
9
-43
-60
-63
-45
-99
-187
-319
-450
-489
-523
-481
-517
-476
-493
-444
-404
-381
-318
-240
-187
-177
-110
-151
-78
-29
15
87
163
228
304
333
366
383
418
468
384
291
265
237
151
166
149
151
142
123
84
64
-5
-62
-87
-99
-147
-139
-149
-207
-220
-241
-230
-308
-310
-338
-344
-300
-298
-291
-222
-156
-129
-99
-51
38
77
110
126
196
272
346
354
381
465
435
419
391
367
342
311
300
298
329
332
288
301
343
307
266
282
268
296
288
307
251
166
71
24
-43
-104
-13
-11
4
-20
-50
-97
-186
-188
-270
-346
-347
-416
-426
-390
-344
-310
-267
-174
-138
-65
-51
-5
84
113
186
168
232
299
313
429
392
392
433
471
460
396
399
370
322
261
186
134
64
-9
-87
-127
-171
-174
-199
-183
-175
-153
-154
-194
-144
-100
-64
-23
-18
-12
-77
-110
-110
-109
-155
-191
-256
-319
-293
-300
-309
-263
-268
-265
-253
-293
-243
-181
-113
20
133
214
317
314
321
325
292
312
259
210
197
195
233
240
258
273
288
286
298
212
187
83
-57
-108
-153
-116
-43
-8
-15
4
-62
-83
-91
-101
-179
-175
-178
-178
-150
-100
-86
-77
-66
-83
-84
-65
53
85
98
140
125
180
237
318
399
428
465
412
384
349
307
301
289
283
296
324
314
280
226
148
176
75
34
41
-3
-26
-18
12
125
213
239
232
190
215
110
64
55
-1
-62
-72
-70
23
69
68
111
53
43
-45
-126
-231
-288
-381
-506
-600
-836
-791
-874
-766
-536
-358
-104
-19
98
172
258
336
307
212
142
110
109
271
343
388
472
425
520
617
674
776
806
830
792
834
662
568
488
366
294
275
328
303
304
83
-61
-219
-303
-105
194
507
705
664
434
189
80
25
123
335
634
869
958
870
652
416
238
160
146
225
230
277
302
317
172
-17
-135
-227
-236
-242
-254
-336
-453
-544
-680
-757
-839
-806
-694
-580
-412
-336
-285
-304
-362
-367
-349
-332
-368
-369
-315
-270
-276
-297
-296
-372
-413
-457
-470
-429
-340
-287
-196
-97
-35
23
80
219
405
619
797
999
1043
1178
1362
1434
1570
1606
1730
1883
2054
2209
2288
2290
2302
2238
2220
2266
2245
2243
2241
2092
1881
1639
1297
964
635
357
-21
-401
-713
-1039
-1316
-1509
-1672
-1804
-1871
-1922
-1930
-1946
-1944
-1856
-1810
-1666
-1555
-1407
-1283
-1178
-1045
-993
-966
-1010
-1122
-1236
-1279
-1226
-1175
-1132
-1125
-1155
-1262
-1291
-1404
-1503
-1543
-1663
-1657
-1642
-1721
-1778
-1841
-1966
-1993
-2000
-1895
-1746
-1605
-1420
-1297
-1183
-1077
-1014
-828
-673
-482
-232
-54
193
391
562
700
821
971
1146
1300
1490
1724
1915
2162
2410
2641
3034
3401
3780
4220
4591
4915
5079
4987
4584
3980
3270
2643
2208
1862
1703
1409
1053
524
-190
-1011
-1831
-2547
-3033
-3207
-3097
-2805
-2496
-2354
-2495
-2822
-3133
-3245
-3073
-2640
-2123
-1725
-1416
-1231
-1100
-979
-921
-742
-643
-506
-391
-131
154
492
848
929
920
640
377
210
72
143
255
270
307
172
-92
-445
-857
-1183
-1476
-1669
-1749
-1772
-1812
-1869
-2005
-2149
-2362
-2486
-2478
-2421
-2216
-2019
-1830
-1667
-1596
-1460
-1282
-1087
-868
-717
-490
-234
46
352
663
893
1107
1310
1474
1609
1782
1936
2028
2183
2370
2597
2767
2957
3200
3614
4080
4524
4983
5348
5567
5593
5107
4314
3327
2417
1930
1599
1565
1350
886
400
-323
-1037
-1715
-2455
-2941
-3329
-3403
-3105
-2823
-2474
-2396
-2464
-2618
-2883
-2794
-2435
-1989
-1400
-994
-742
-532
-389
-234
-132
-162
-196
-232
-117
307
710
1117
1199
1010
635
172
-73
-119
-30
115
184
78
-31
-209
-321
-468
-819
-1116
-1477
-1676
-1749
-1767
-1684
-1707
-1893
-2155
-2424
-2525
-2461
-2295
-2047
-1956
-1883
-1781
-1702
-1433
-1252
-1077
-929
-846
-630
-376
-81
213
469
624
826
932
1085
1355
1589
1846
2017
2158
2346
2562
2808
3114
3499
3930
4418
4914
5380
5778
5981
5849
5117
4165
3158
2545
2428
2401
2394
1947
1121
232
-710
-1283
-1876
-2560
-3142
-3776
-3962
-3836
-3524
-3091
-3076
-3285
-3597
-3817
-3499
-2972
-2231
-1667
-1384
-1107
-880
-525
-139
16
72
87
133
429
915
1464
1816
1859
1607
1205
870
696
809
827
733
530
266
147
39
-44
-367
-841
-1260
-1630
-1781
-1807
-1823
-1887
-2064
-2398
-2664
-2865
-2803
-2522
-2426
-2206
-2288
-2278
-2105
-1828
-1429
-1216
-1060
-993
-868
-559
-202
154
483
662
799
902
1029
1260
1421
1613
1759
1871
1975
2036
2257
2493
2749
3202
3655
4101
4577
5081
5572
5849
5712
4975
4226
3528
3183
3245
3117
2983
2275
1319
522
-211
-618
-1132
-1923
-2697
-3396
-3614
-3358
-3009
-2688
-2883
-3341
-3617
-3828
-3405
-2800
-2291
-1895
-1780
-1593
-1258
-791
-391
-212
-342
-387
-285
82
678
1161
1455
1425
1236
989
695
661
804
793
773
707
571
590
500
435
230
-128
-437
-736
-984
-1136
-1236
-1308
-1484
-1885
-2205
-2595
-2714
-2691
-2638
-2555
-2570
-2599
-2551
-2375
-2219
-1968
-1774
-1682
-1629
-1420
-1133
-747
-280
9
239
355
615
903
1264
1511
1645
1808
1922
2208
2437
2721
3016
3221
3482
3787
4139
4626
5048
5476
5734
5661
5209
4447
3942
3491
3364
3272
2830
2280
1287
530
34
-418
-770
-1680
-2674
-3460
-3788
-3432
-3004
-2716
-2829
-3380
-3654
-3675
-3337
-2666
-2228
-1941
-1874
-1701
-1285
-666
-124
80
-28
-337
-405
-172
343
913
1206
1197
957
576
421
350
417
519
429
350
202
294
411
394
372
54
-311
-721
-1035
-1208
-1148
-1179
-1337
-1586
-2154
-2506
-2728
-2807
-2622
-2665
-2706
-2865
-2901
-2630
-2418
-1949
-1685
-1724
-1712
-1672
-1352
-732
-213
262
446
492
636
853
1356
1767
1977
2136
2160
2258
2492
2763
3040
3227
3312
3323
3620
4059
4724
5258
5689
5879
5733
5238
4522
4096
3575
3581
3247
2649
1913
749
163
-359
-531
-940
-2165
-3377
-4396
-4644
-4114
-3595
-3269
-3441
-4147
-4470
-4497
-3921
-3107
-2721
-2459
-2472
-2241
-1564
-715
-41
133
-105
-388
-438
-56
665
1219
1587
1531
1221
870
714
732
909
989
854
734
601
778
887
906
877
518
47
-459
-877
-1052
-1001
-997
-1030
-1384
-2033
-2447
-2782
-2729
-2477
-2358
-2407
-2610
-2721
-2535
-2105
-1612
-1268
-1255
-1356
-1307
-965
-342
339
738
799
717
699
906
1367
1873
2123
2230
2145
2137
2382
2686
2973
3030
2881
2926
3201
3750
4477
5091
5552
5573
5377
4634
4065
3520
3145
3118
2569
2169
1420
481
-3
-496
-707
-1314
-2570
-3752
-4578
-4640
-4087
-3588
-3294
-3555
-4181
-4498
-4634
-3997
-3245
-2773
-2451
-2418
-2191
-1532
-861
-263
-12
-261
-430
-573
-281
293
873
1295
1315
1104
700
373
336
537
676
764
738
628
597
611
696
708
573
239
-246
-794
-1131
-1090
-1010
-885
-1267
-1776
-2314
-2860
-2736
-2597
-2335
-2315
-2623
-2668
-2695
-2329
-1756
-1378
-1223
-1329
-1352
-1094
-595
68
460
612
549
397
612
1052
1559
1952
2034
1936
1887
1959
2234
2562
2622
2730
2679
2891
3380
3899
4603
5072
5449
5629
5170
4462
4006
3335
3424
3257
2856
2462
1250
501
-39
-387
-484
-1332
-2461
-3546
-4345
-4179
-3730
-3280
-2933
-3480
-4091
-4570
-4684
-3884
-3201
-2600
-2347
-2490
-2359
-1869
-1291
-568
-266
-456
-712
-1034
-706
-99
529
1009
997
643
232
-33
77
432
595
815
735
602
529
452
704
841
715
417
-178
-742
-946
-1019
-833
-801
-1104
-1625
-2340
-2642
-2700
-2415
-2271
-2287
-2395
-2688
-2610
-2320
-1732
-1205
-1063
-1113
-1177
-1096
-659
-74
476
733
654
656
636
999
1537
1881
2186
2097
1911
1860
2038
2358
2731
2863
2884
2916
3138
3742
4389
5185
5838
6117
6244
5826
5595
4991
4339
4004
2986
2303
1444
417
-142
-1159
-2217
-3649
-5261
-6090
-6374
-6039
-5092
-4146
-3525
-3398
-3817
-3831
-3655
-2901
-1799
-833
361
1067
1343
1451
1056
562
290
11
28
263
585
1104
1142
978
619
92
-432
-999
-1343
-1453
-1460
-1279
-1117
-1340
-1684
-2242
-2590
-2753
-2855
-2562
-2177
-1875
-1542
-1317
-1352
-1396
-1633
-1556
-1296
-978
-289
321
706
790
571
343
99
78
276
486
634
504
266
-64
-426
-721
-910
-827
-697
-535
-332
-166
6
212
486
890
1326
1724
2201
2652
3019
3519
4070
4615
5293
5936
6789
7713
8350
8377
6881
4752
2533
391
-106
-221
291
470
-1028
-2641
-4755
-6327
-6800
-6935
-6259
-5398
-4647
-3677
-3111
-2676
-2396
-2504
-2240
-1760
-542
1385
3054
4395
4668
4008
3108
2160
1807
2044
2277
2448
2163
1074
-291
-1804
-3125
-3928
-4452
-4604
-4540
-4399
-4203
-4256
-4514
-4847
-5038
-4748
-3934
-2562
-948
424
1431
1693
1503
1397
1557
2264
3092
3581
3786
3388
2482
1588
700
-100
-745
-1315
-1794
-2120
-2505
-2875
-3281
-3895
-4378
-4385
-4076
-3311
-2387
-1705
-1298
-1201
-995
-581
106
960
1883
2679
3206
3698
4136
4447
4724
4832
5041
5197
5440
5854
6287
6698
7149
7514
7792
7668
6537
4036
1268
-1603
-3770
-3901
-3609
-2705
-2846
-4851
-6890
-8998
-9661
-8500
-6650
-4028
-2038
-953
-410
-236
330
1160
2212
3405
4541
5810
6680
6841
6364
4883
3191
1819
979
751
618
24
-1329
-3392
-5793
-7501
-8497
-8372
-7449
-6578
-5893
-5589
-5430
-5275
-4683
-3449
-1905
-61
1787
3389
4698
5295
5626
5648
5476
5413
5411
5341
4866
3920
2553
994
-763
-2209
-3236
-4153
-4841
-5576
-6225
-6866
-7079
-6747
-6114
-5266
-4289
-3300
-2399
-1598
-609
451
1400
2343
3129
3600
3741
3628
3431
3136
2985
3180
3386
3513
3555
3140
2493
1968
1756
1973
2653
3719
4725
5564
6138
6363
6223
4709
2466
598
-1618
-2155
-1359
-696
58
-1299
-3641
-5801
-7500
-6940
-5051
-2811
-714
117
-297
-1076
-1297
-608
661
2394
3825
4789
5022
4431
3791
2803
1725
1190
858
771
822
268
-1027
-2896
-5039
-6424
-6833
-6202
-4847
-3728
-3456
-3822
-4302
-4430
-3566
-1983
-487
845
1923
2031
2777
3361
3592
4299
4012
3876
3547
2908
2705
1790
588
-471
-1874
-3140
-3818
-4184
-4438
-4929
-5622
-5974
-6223
-5760
-4414
-3363
-2371
-1521
-1108
-772
-206
877
1898
2712
3284
3373
2980
2432
2165
1866
1573
1791
1924
1957
2204
2073
1751
1368
1363
1825
2587
3857
5192
6281
7217
7561
7373
5727
3238
1515
-804
-1347
-636
-443
75
-1680
-4250
-6526
-8335
-7763
-6112
-4021
-1934
-1011
-1467
-2216
-2187
-1521
211
2466
4114
5243
5288
4643
3960
3023
2458
2306
2064
1998
1799
725
-887
-2754
-4847
-6116
-6385
-5875
-4670
-4055
-4135
-4640
-5378
-5245
-4018
-2262
-58
1729
2567
2955
3034
3196
3835
4599
5227
5604
5214
4371
3260
1844
586
-567
-1746
-2719
-3473
-4264
-5000
-5894
-6550
-7000
-7222
-6271
-5009
-3762
-2480
-1934
-1658
-1310
-513
784
2079
3312
3948
3627
3038
2507
1942
1821
2081
2257
2332
2096
1724
1334
936
840
1029
1440
2333
3461
4456
5527
6527
7093
7246
6216
4061
2340
131
-1066
-614
-432
147
-877
-3345
-5597
-7611
-7987
-6740
-4826
-2778
-1518
-1658
-2347
-2486
-2136
-753
1470
3141
4473
4811
4269
3905
3196
2724
2603
2320
2194
1935
937
-416
-2044
-3912
-5202
-5767
-5555
-4675
-4096
-4085
-4365
-5087
-5130
-4289
-2772
-528
1336
2389
2849
2848
2761
3239
4042
5031
5733
5636
4815
3518
1965
803
-94
-1037
-1690
-2629
-3811
-4803
-5880
-6578
-6740
-6953
-6286
-5443
-4634
-3571
-3019
-2350
-1796
-1075
0
1113
2201
2848
2999
2667
2090
1658
1355
1444
1631
1651
1611
1182
1032
889
836
1191
1481
2106
2939
3890
5060
6106
7338
7889
7870
6327
4016
2348
-3
-290
185
361
701
-1244
-3839
-6342
-8200
-7895
-6476
-4330
-2377
-1670
-2380
-3322
-3320
-2806
-686
1785
3542
4954
4814
4206
3578
2818
2800
2987
3057
3106
2495
1138
-523
-2413
-4209
-5148
-5403
-5022
-4192
-3982
-4277
-4953
-5646
-5305
-4174
-2604
-182
1127
1676
2455
2112
2555
3499
4428
5644
5930
5624
4806
3233
1995
1303
296
-676
-1320
-2546
-3681
-4570
-5839
-6364
-7085
-7185
-6347
-5920
-4642
-3744
-3450
-2943
-2603
-1745
-528
819
2193
2910
3002
2767
2355
1948
2024
2301
2464
2825
2750
2456
2256
1888
1917
2277
2623
3342
4266
5062
6055
6787
6992
6992
5409
3149
1636
-549
-1103
-616
-586
-340
-1920
-4347
-6473
-8038
-7805
-6173
-4208
-2530
-1566
-2217
-3119
-2896
-2306
-243
2370
4006
5258
4958
3987
3432
2724
2865
3358
3317
3127
2368
749
-983
-2687
-4282
-4990
-5230
-5058
-4357
-4272
-4624
-5122
-5711
-5332
-3978
-2104
201
1917
2366
1895
1643
1602
2202
4367
5733
6601
6256
4451
2731
613
63
82
-190
-304
-1204
-2821
-4910
-6331
-6937
-7258
-6585
-5616
-4913
-4571
-4349
-4118
-4125
-3135
-1717
-462
1010
2168
2692
2575
2303
2279
2171
2301
2890
3114
3050
2924
2366
1839
1582
1650
2068
2486
3218
4005
4544
5115
5870
6349
6552
5933
4112
2435
349
-902
-701
-487
62
-700
-2799
-4902
-6732
-7225
-6257
-4378
-2655
-1631
-1769
-2873
-3273
-3013
-1557
924
2816
4320
4379
3388
2595
2059
2218
2936
3444
3466
2811
1140
-542
-2072
-3438
-3952
-4001
-3967
-3651
-3748
-4346
-4930
-5473
-5293
-4232
-2658
-809
712
1435
1661
1641
1679
2517
3790
4889
5722
5490
4477
3014
1566
741
336
82
-274
-1064
-2337
-3747
-5070
-5949
-6171
-5946
-5531
-4895
-4462
-4245
-4006
-3837
-3211
-2323
-1067
388
1389
1998
2116
1919
1763
1917
2289
2775
3259
3409
3140
2620
2239
1962
1721
2023
2497
3070
3797
4454
5069
5672
6177
6422
5989
4276
2873
1156
-360
-70
-157
-5
-533
-2529
-4348
-6141
-6991
-6460
-5180
-3726
-2481
-2215
-3067
-3450
-3410
-2548
-220
1766
3332
3940
3233
2576
1960
1944
2943
3748
4028
3576
2049
154
-1377
-2507
-2885
-2640
-2652
-2742
-3327
-4346
-4991
-5391
-5157
-4056
-2705
-1285
-157
284
500
732
1073
1977
3192
4159
4909
4764
3952
2922
1689
992
674
304
9
-771
-1948
-3315
-4639
-5478
-5821
-5761
-5366
-4850
-4656
-4438
-4311
-4188
-3621
-2782
-1577
-357
628
1219
1399
1502
1644
1936
2463
3042
3533
3626
3459
3134
2721
2571
2666
3022
3300
3695
4047
4460
5028
5785
6584
6938
6568
4781
2876
908
-764
-504
-186
293
11
-2123
-4343
-6555
-7601
-6933
-5329
-3514
-2255
-2179
-3318
-3959
-3805
-2762
-260
1881
3372
3897
2936
2307
1958
2194
3311
4103
4252
3652
2092
191
-1165
-2044
-2354
-2250
-2464
-2737
-3374
-4435
-5016
-5262
-5000
-4010
-2830
-1455
-406
9
174
361
675
1540
2885
3980
4814
4800
3753
2370
995
447
474
476
363
-560
-2090
-3778
-5189
-5850
-5785
-5263
-4752
-4468
-4546
-4636
-4525
-4114
-3121
-2013
-944
-85
469
875
1082
1421
1984
2513
3059
3443
3555
3472
3337
3117
2961
3165
3167
3232
3231
3263
3630
4065
4889
5785
6748
7289
6807
4985
3074
1122
-644
-405
180
916
729
-1474
-4094
-6627
-7831
-7102
-5351
-3313
-1927
-2174
-3631
-4537
-4565
-3400
-692
1635
3164
3458
2357
1539
1176
1587
2890
3739
3883
3331
1684
-90
-1335
-2176
-2320
-2240
-2357
-2467
-3056
-4083
-4788
-5131
-4823
-3739
-2521
-1148
-151
110
112
90
282
1220
2647
3865
4695
4317
3098
1551
91
-358
-234
-99
-120
-993
-2633
-4198
-5455
-5915
-5586
-4950
-4306
-4068
-4119
-4133
-3906
-3232
-2239
-1121
-287
315
717
955
1298
1737
2289
2711
3075
3339
3297
3180
3050
2928
2877
2947
2899
2845
2884
2851
3265
3909
4688
5536
6350
7094
7399
6199
4451
2920
559
145
632
1062
1703
66
-2415
-5152
-7217
-7279
-5960
-3981
-2218
-1690
-3119
-4598
-5004
-4572
-2191
461
2147
3053
2123
1034
573
569
1744
2890
3307
3190
2082
353
-896
-1751
-2133
-1974
-1953
-1954
-2054
-2760
-3382
-3724
-3837
-3096
-1972
-699
431
764
676
421
171
697
1891
3059
3979
4021
2881
1270
-448
-1403
-1269
-1000
-830
-1154
-2578
-4207
-5610
-6100
-5586
-4709
-3500
-3122
-3221
-3332
-3411
-2870
-1772
-345
558
1053
1185
959
959
1255
1926
2484
2965
3106
2877
2648
2462
2403
2444
2455
2488
2545
2554
2660
3143
3622
4210
5104
5741
6606
7680
7758
6213
4920
2634
418
635
676
1738
1860
-387
-2888
-5971
-7463
-6829
-5237
-3158
-1766
-2246
-4098
-5260
-5555
-4107
-1256
862
2412
2313
897
233
-382
143
1671
2279
2638
2142
629
-802
-1936
-2594
-2529
-2351
-2167
-1889
-2191
-2785
-3123
-3427
-2916
-1689
-390
1075
1734
1690
1494
984
1045
1808
2785
3664
3894
2996
1288
-589
-2290
-2676
-2610
-2397
-2104
-3129
-4432
-5768
-6794
-6403
-5346
-3758
-2525
-2258
-2120
-2262
-2110
-1174
-129
915
1592
1789
1663
1469
1501
1852
2284
2551
2707
2595
2340
2105
1781
1698
1709
1633
1757
1827
2048
2415
2804
3458
4262
5070
5704
6145
6886
6821
5386
4839
2962
1181
1389
701
1166
969
-642
-2226
-4394
-5043
-4426
-3436
-1936
-915
-1277
-2500
-3028
-3245
-2152
-152
864
1709
1185
9
-600
-1393
-1203
-516
-580
-603
-1013
-2043
-2921
-3606
-3881
-3440
-2879
-2192
-1363
-1175
-1072
-985
-1095
-253
1015
2183
3309
3531
3174
2550
1771
1615
1817
2088
2257
1705
387
-1278
-3036
-4204
-4498
-4394
-3953
-3839
-4291
-4915
-5318
-5277
-4362
-2895
-1462
-348
207
402
346
437
941
1315
1813
2025
1818
1316
701
398
181
322
595
630
653
532
302
178
327
673
1072
1618
2073
2520
3005
3552
4483
5476
6494
7495
8196
8726
9246
8123
6431
4858
1752
421
41
-272
409
-975
-3050
-5296
-7387
-7091
-5747
-3554
-1257
-502
-1291
-2390
-2738
-2177
-125
1773
2840
3116
1702
394
-594
-1405
-1032
-942
-1235
-1516
-2621
-3832
-4665
-5080
-4804
-4076
-3201
-2080
-1257
-970
-539
-369
86
1316
2494
3674
4294
4048
3395
2316
1641
1532
1648
1778
1382
137
-1877
-3727
-5274
-5847
-5459
-4886
-4241
-4309
-4759
-5092
-5061
-3964
-2304
-574
896
1536
1729
1336
1120
1207
1306
1684
1742
1480
866
122
-500
-945
-912
-672
-483
-269
-231
-330
-338
-134
335
892
1647
2390
3117
3744
4126
4690
5223
5965
6978
7821
8608
9122
9193
8738
6650
4646
2391
-397
-1003
-1500
-1595
-1576
-3366
-5199
-7204
-7929
-6492
-4534
-2025
-200
80
-545
-1225
-1167
-171
1587
2948
3391
2807
1331
-40
-1182
-1848
-1776
-1844
-2137
-2771
-3706
-4428
-4833
-4733
-4101
-3238
-2147
-1076
-343
240
795
1258
1931
2738
3321
3693
3533
3015
2441
1758
1247
691
117
-517
-1495
-2741
-3935
-5094
-5783
-5738
-5375
-4753
-4350
-4253
-4067
-3794
-2963
-1561
-81
1271
2010
2062
1718
1163
806
796
1042
1139
955
371
-410
-1031
-1405
-1429
-1241
-814
-487
-348
-313
-282
19
404
1000
1960
2825
3506
3988
4029
4355
4799
5442
6403
7225
7816
7946
7737
7449
6446
4549
3089
861
-1093
-1681
-2432
-2289
-2688
-4012
-5056
-6271
-6008
-4437
-2693
-621
560
588
204
-137
174
1135
2105
2564
2444
1396
40
-967
-1876
-2207
-2293
-2591
-2880
-3363
-3852
-4090
-4007
-3476
-2576
-1735
-767
126
758
1420
1950
2375
2775
2973
3032
3027
2741
2367
1743
871
63
-841
-1651
-2260
-2967
-3755
-4564
-5131
-5331
-5196
-4682
-4116
-3622
-3076
-2458
-1590
-522
658
1595
1976
2035
1761
1520
1384
1344
1213
906
298
-431
-1050
-1554
-1801
-1780
-1631
-1607
-1451
-1271
-1083
-781
-256
331
1078
1888
2579
3000
3274
3610
3953
4469
5056
5630
6195
6406
6473
6348
6208
6227
6221
5977
4425
2749
305
-2251
-2944
-3295
-2635
-2050
-2889
-3756
-5041
-5434
-4231
-2756
-615
994
1422
1294
551
221
384
739
1159
1464
1119
350
-614
-1757
-2572
-3043
-3315
-3239
-2919
-2624
-2389
-2364
-2369
-2085
-1466
-515
705
1734
2454
2517
2114
1707
1434
1443
1695
1699
1317
566
-676
-1887
-2954
-3546
-3671
-3656
-3704
-3991
-4385
-4788
-4760
-4187
-3293
-1974
-741
66
702
926
1012
1250
1478
1877
2079
1898
1413
564
-355
-1066
-1582
-1845
-1880
-2089
-2242
-2425
-2514
-2378
-1986
-1440
-761
46
818
1413
1819
2178
2493
2944
3457
4031
4676
5005
5173
5071
4813
4718
4817
5234
5519
5599
5313
4706
3967
2484
1205
-88
-1644
-2120
-2258
-2172
-1924
-2644
-3390
-3890
-3990
-2705
-1185
264
1337
1363
895
398
157
577
1104
1449
1510
855
-95
-1042
-1647
-1912
-1972
-1893
-1931
-1948
-1991
-1961
-1702
-1488
-1218
-809
-389
250
813
1160
1280
939
573
355
216
383
425
47
-582
-1573
-2446
-2986
-3113
-2851
-2606
-2754
-2998
-3280
-3260
-2779
-2007
-1176
-540
-138
87
382
690
1066
1317
1310
1069
612
97
-283
-773
-1153
-1496
-1914
-2259
-2510
-2635
-2528
-2106
-1538
-1067
-724
-428
-123
352
879
1562
2265
2773
3115
3196
3165
3098
3236
3503
3713
3870
3901
3715
3476
3274
3211
3243
3355
3590
3783
3758
3086
1790
382
-1150
-1801
-1649
-1139
-301
-433
-1087
-1933
-2722
-2343
-1272
60
1399
1900
1754
1104
58
-493
-429
48
666
908
668
-55
-923
-1681
-2016
-1871
-1454
-1060
-1064
-1344
-1751
-1999
-2008
-1703
-1295
-828
-466
-403
-432
-607
-857
-995
-968
-709
-404
-285
-411
-790
-1334
-1724
-1736
-1512
-1050
-845
-981
-1371
-1771
-1997
-1813
-1325
-840
-423
-298
-346
-448
-581
-581
-593
-606
-568
-602
-703
-952
-1178
-1336
-1422
-1255
-941
-636
-469
-490
-488
-359
49
650
1199
1511
1481
1307
1293
1404
1766
2236
2446
2406
2048
1758
1644
1825
2208
2601
2855
2921
2815
2785
2853
3121
3513
3929
3990
3450
2507
1190
114
-553
-681
-223
185
176
-70
-752
-1325
-1428
-1227
-590
140
617
850
668
219
-135
-360
-337
-25
359
565
459
29
-619
-1189
-1571
-1698
-1671
-1683
-1720
-1808
-2030
-2165
-2301
-2446
-2390
-2241
-1993
-1706
-1499
-1236
-1043
-914
-645
-405
-170
93
306
383
275
36
-320
-589
-743
-822
-905
-1182
-1549
-1848
-2001
-1853
-1545
-1323
-1203
-1245
-1284
-1194
-925
-623
-225
18
110
95
-6
16
74
211
419
527
453
287
70
-151
-259
-335
-373
-312
-247
-145
-109
-126
-182
-218
-82
170
474
804
935
1020
1072
1163
1450
1695
2051
2323
2484
2648
2691
2686
2759
2925
3107
3250
3257
3063
2713
2203
1910
1744
1769
2033
1917
1717
1234
763
489
218
227
173
-3
-127
-358
-675
-892
-1210
-1420
-1641
-1811
-1810
-1994
-2094
-2317
-2635
-2633
-2581
-2432
-2314
-2384
-2443
-2520
-2399
-1942
-1464
-1073
-872
-927
-1013
-1015
-839
-559
-313
-136
-243
-392
-649
-953
-1188
-1463
-1616
-1601
-1583
-1478
-1516
-1707
-1740
-1669
-1385
-959
-444
-136
-61
-41
-56
5
207
514
827
998
861
524
155
-112
-81
108
284
292
152
-213
-467
-536
-413
-68
269
472
531
457
345
398
576
818
1119
1326
1455
1534
1570
1692
1799
1953
2166
2319
2534
2828
3081
3269
3392
3481
3495
3361
3241
3048
2758
2494
2072
1826
1650
1496
1322
946
522
46
-545
-866
-982
-1106
-1151
-1380
-1647
-1963
-2392
-2700
-2865
-2913
-2708
-2503
-2313
-2252
-2297
-2323
-2318
-2038
-1528
-1087
-658
-499
-543
-638
-702
-719
-685
-613
-522
-668
-826
-982
-1176
-1275
-1339
-1304
-1254
-1308
-1383
-1498
-1590
-1473
-1332
-1022
-774
-687
-598
-584
-524
-433
-210
127
384
509
411
143
-153
-311
-393
-262
-152
-175
-378
-809
-1027
-1048
-935
-650
-425
-297
-245
-290
-291
-160
160
482
801
1016
1051
950
909
916
1060
1317
1522
1650
1731
1744
1759
1840
1994
2194
2497
2756
2992
3255
3409
3535
3685
3774
3760
3729
3526
3123
2613
2102
1734
1371
1193
900
533
102
-431
-1018
-1513
-1910
-2142
-2238
-2308
-2297
-2403
-2580
-2682
-2787
-2756
-2471
-2125
-1619
-1242
-983
-796
-721
-599
-596
-530
-453
-448
-353
-409
-630
-934
-1323
-1604
-1758
-1718
-1557
-1401
-1334
-1437
-1498
-1478
-1294
-969
-654
-554
-563
-666
-763
-589
-383
-84
94
39
-130
-348
-474
-427
-259
-117
-131
-395
-736
-1064
-1226
-1165
-977
-722
-635
-677
-785
-895
-820
-686
-417
-140
30
179
239
208
155
134
220
336
522
683
748
659
605
508
651
1038
1475
1895
2125
2248
2289
2366
2674
3054
3485
3892
4084
4164
4051
3913
3749
3499
3262
2885
2469
1989
1380
871
358
-223
-516
-907
-1179
-1421
-1834
-2089
-2421
-2543
-2416
-2113
-1651
-1291
-1261
-1176
-1260
-1162
-760
-411
9
157
74
-134
-416
-652
-906
-1082
-1186
-1332
-1354
-1400
-1568
-1765
-2050
-2271
-2340
-2179
-1822
-1547
-1354
-1329
-1383
-1383
-1261
-970
-597
-324
-180
-242
-345
-402
-416
-349
-272
-260
-316
-427
-574
-595
-584
-631
-755
-947
-1037
-1068
-1006
-814
-649
-616
-699
-760
-731
-584
-346
-140
-18
-12
-60
-100
-64
86
254
326
337
324
356
492
695
994
1283
1490
1639
1743
1932
2111
2306
2445
2574
2648
2620
2615
2580
2560
2637
2783
2822
2855
2769
2469
2140
1865
1484
1205
924
667
531
309
150
-59
-282
-338
-462
-487
-514
-570
-501
-405
-325
-204
-267
-460
-614
-849
-949
-1106
-1222
-1389
-1530
-1627
-1647
-1702
-1777
-1939
-2082
-2088
-1994
-1712
-1572
-1449
-1517
-1720
-1764
-1725
-1446
-1094
-839
-692
-763
-875
-960
-902
-743
-680
-638
-598
-598
-548
-556
-618
-662
-806
-833
-805
-638
-442
-318
-338
-470
-633
-740
-603
-350
-53
139
113
-55
-171
-245
-194
-3
193
323
330
278
193
183
286
425
568
727
852
938
1039
1017
1059
1111
1228
1347
1457
1524
1435
1386
1289
1258
1338
1391
1466
1527
1644
1684
1834
2002
2132
2327
2620
2810
2802
2680
2334
1962
1721
1483
1441
1375
1203
875
429
16
-355
-639
-727
-780
-859
-967
-1138
-1238
-1441
-1558
-1523
-1530
-1440
-1343
-1252
-1136
-1147
-1163
-1145
-1145
-1108
-1079
-1039
-1000
-1064
-1095
-1255
-1415
-1534
-1640
-1695
-1737
-1736
-1738
-1762
-1756
-1587
-1472
-1269
-1162
-1102
-950
-873
-704
-524
-327
-129
-80
-181
-302
-407
-351
-237
-84
-46
-145
-367
-615
-749
-710
-628
-452
-389
-422
-495
-552
-457
-372
-190
-7
146
316
444
541
655
675
625
580
627
781
978
1074
992
758
546
468
526
739
893
893
850
817
814
961
1249
1548
1828
2096
2257
2437
2696
2863
3122
3360
3559
3638
3468
3135
2677
2145
1630
1228
896
687
424
104
-332
-705
-956
-1080
-1051
-1074
-951
-889
-848
-756
-730
-777
-867
-939
-999
-918
-912
-945
-1106
-1324
-1552
-1778
-1870
-2004
-2056
-2089
-2187
-2245
-2206
-2103
-2078
-1949
-1836
-1801
-1630
-1430
-1132
-806
-543
-361
-307
-277
-290
-274
-205
-140
-16
-22
-103
-386
-683
-916
-1113
-1177
-1081
-889
-784
-773
-890
-905
-911
-785
-455
-181
120
241
259
208
149
245
349
405
465
440
397
308
250
186
76
7
-85
-15
128
204
259
212
118
189
390
815
1255
1519
1717
1840
1962
2128
2416
2673
2802
2799
2682
2563
2413
2399
2335
2340
2324
2278
2196
2074
1779
1489
1255
849
698
542
493
476
345
232
2
-168
-267
-391
-380
-385
-558
-613
-745
-851
-928
-1119
-1261
-1552
-1785
-1929
-1952
-1898
-1817
-1767
-1706
-1750
-1770
-1700
-1662
-1403
-1147
-944
-736
-730
-800
-904
-936
-864
-776
-652
-679
-770
-960
-1179
-1227
-1241
-1236
-1167
-1089
-1098
-1053
-1043
-932
-784
-665
-410
-222
-186
-175
-243
-187
-77
36
144
90
-20
-209
-459
-582
-691
-688
-578
-583
-647
-719
-908
-959
-800
-549
-248
36
204
269
391
482
741
1047
1287
1498
1673
1755
1810
1814
1765
1628
1468
1380
1267
1231
1210
1209
1170
1121
1033
988
1021
1126
1403
1623
1830
2018
2160
2381
2465
2338
2181
1894
1567
1404
1219
1021
780
381
-36
-353
-585
-657
-809
-922
-1134
-1428
-1533
-1501
-1417
-1253
-1147
-1148
-1170
-1156
-1060
-959
-819
-747
-752
-694
-750
-857
-912
-1034
-1153
-1246
-1344
-1484
-1627
-1740
-1850
-1937
-1947
-1939
-1841
-1634
-1472
-1250
-1074
-924
-742
-603
-355
-107
80
150
95
-57
-243
-352
-337
-354
-381
-506
-680
-850
-933
-997
-1036
-1041
-1099
-1120
-1059
-938
-754
-618
-514
-367
-189
38
375
672
941
1124
1258
1276
1306
1308
1232
1209
1108
1020
922
784
613
460
289
215
223
325
528
725
829
900
1021
1124
1295
1518
1703
1945
2126
2243
2352
2306
2351
2405
2390
2372
2310
2139
1854
1536
1188
879
598
475
304
177
56
-118
-215
-248
-227
-134
-33
20
113
199
255
169
56
-111
-297
-462
-645
-828
-1018
-1278
-1504
-1702
-1856
-1914
-1960
-1940
-1926
-1914
-1800
-1662
-1476
-1289
-1141
-1000
-914
-822
-650
-500
-415
-329
-333
-394
-490
-560
-659
-676
-701
-750
-868
-975
-1067
-1065
-1051
-1060
-1006
-1011
-960
-915
-838
-736
-651
-591
-510
-387
-274
-79
18
115
83
46
113
170
266
280
258
176
93
62
109
160
251
261
270
276
344
506
607
690
823
898
1006
1085
1184
1249
1271
1331
1348
1391
1388
1392
1386
1479
1548
1607
1652
1654
1803
1908
2003
2183
2313
2372
2302
2159
1897
1666
1565
1484
1500
1476
1271
996
652
309
95
-82
-202
-346
-614
-803
-995
-1207
-1338
-1494
-1629
-1706
-1733
-1674
-1605
-1528
-1435
-1385
-1264
-1178
-1035
-851
-714
-617
-590
-603
-668
-771
-803
-844
-818
-794
-834
-895
-1019
-1130
-1181
-1243
-1141
-954
-923
-832
-885
-986
-1003
-958
-849
-644
-543
-497
-556
-633
-675
-719
-652
-547
-522
-533
-531
-601
-675
-722
-733
-742
-667
-580
-523
-495
-449
-401
-285
-184
-71
88
218
265
404
565
646
753
760
833
815
792
841
851
882
920
968
991
1064
1046
1146
1192
1294
1449
1540
1653
1817
1920
2057
2180
2309
2487
2588
2679
2738
2828
2812
2697
2496
2154
1785
1500
1161
907
697
399
183
-125
-371
-493
-647
-746
-833
-889
-829
-854
-829
-779
-864
-896
-984
-1025
-1042
-1064
-1073
-1071
-1083
-1031
-978
-1027
-1020
-1065
-1091
-1137
-1147
-1111
-1054
-1055
-1079
-1241
-1367
-1465
-1385
-1205
-1005
-851
-827
-866
-947
-990
-944
-823
-727
-642
-683
-671
-739
-872
-931
-965
-913
-806
-728
-794
-828
-912
-984
-990
-928
-851
-815
-728
-720
-642
-546
-505
-363
-206
-72
73
191
255
319
431
475
605
718
804
882
848
872
816
791
832
910
1031
1168
1269
1314
1358
1341
1455
1626
1730
1914
1967
1969
1950
1893
1943
1933
2001
2076
2108
2179
2258
2228
2190
2084
1880
1688
1435
1250
1072
899
732
501
316
89
-110
-174
-262
-372
-499
-646
-664
-623
-588
-549
-564
-633
-802
-928
-968
-937
-922
-925
-992
-1093
-1182
-1275
-1244
-1251
-1228
-1249
-1287
-1355
-1295
-1285
-1232
-1196
-1189
-1146
-1176
-1040
-978
-888
-849
-938
-914
-918
-821
-729
-744
-753
-875
-1006
-1069
-1095
-1024
-1025
-1039
-1070
-1188
-1220
-1250
-1104
-974
-855
-785
-846
-836
-802
-779
-578
-396
-269
-205
-165
-59
57
192
364
461
517
570
561
613
692
729
830
874
975
1023
1039
1043
1094
1141
1144
1215
1271
1332
1354
1508
1528
1544
1556
1525
1642
1653
1711
1799
1814
1785
1780
1795
1887
1977
1986
2014
1875
1765
1554
1348
1247
1086
998
900
755
629
496
342
181
19
-75
-290
-436
-573
-656
-705
-825
-995
-1130
-1307
-1381
-1402
-1399
-1251
-1237
-1211
-1187
-1239
-1199
-1172
-1102
-1012
-999
-867
-747
-762
-717
-765
-818
-849
-903
-932
-886
-822
-807
-864
-900
-976
-1103
-1200
-1252
-1185
-1149
-1089
-1053
-1103
-1175
-1166
-1161
-1052
-943
-893
-822
-852
-785
-724
-629
-575
-486
-380
-335
-247
-245
-187
-183
-80
68
182
294
360
386
449
488
516
629
695
753
789
804
894
882
928
984
1073
1147
1246
1259
1216
1226
1139
1134
1169
1250
1334
1397
1426
1367
1417
1515
1665
1802
1985
2151
2188
2267
2307
2347
2338
2301
2063
1735
1431
1074
865
688
531
352
52
-240
-496
-594
-584
-492
-442
-565
-576
-615
-668
-632
-582
-516
-598
-693
-727
-760
-757
-761
-859
-940
-1051
-1143
-1210
-1234
-1239
-1319
-1427
-1539
-1592
-1605
-1572
-1515
-1516
-1586
-1637
-1619
-1570
-1457
-1342
-1252
-1189
-1160
-1123
-1132
-1112
-1030
-959
-973
-960
-919
-874
-921
-957
-995
-1035
-948
-911
-845
-783
-773
-823
-848
-765
-583
-423
-222
-78
-1
99
200
347
514
648
741
854
869
922
972
1000
980
910
892
818
791
849
804
838
843
792
801
896
1029
1211
1361
1518
1604
1673
1776
1810
1846
1801
1742
1693
1653
1761
1823
1847
1828
1687
1552
1519
1502
1477
1393
1220
1000
855
818
819
799
720
608
476
373
237
139
92
-10
-93
-143
-286
-415
-564
-785
-966
-1138
-1243
-1345
-1397
-1429
-1399
-1350
-1422
-1524
-1546
-1540
-1442
-1331
-1251
-1204
-1225
-1286
-1198
-1130
-1086
-1017
-1032
-1079
-1158
-1209
-1250
-1276
-1184
-1158
-1233
-1300
-1414
-1480
-1549
-1522
-1483
-1475
-1414
-1410
-1422
-1361
-1326
-1252
-1122
-1006
-865
-738
-630
-512
-403
-264
-177
-86
10
95
168
238
299
336
386
368
355
397
380
441
503
529
595
649
715
804
979
1085
1220
1233
1215
1211
1287
1380
1431
1509
1517
1549
1539
1553
1547
1559
1575
1593
1624
1768
1841
1903
1951
1966
2038
2046
2075
2104
2091
1956
1812
1557
1364
1165
985
840
644
447
244
-23
-238
-386
-554
-579
-657
-712
-779
-857
-919
-902
-936
-943
-994
-1105
-1167
-1226
-1222
-1113
-1024
-1005
-1102
-1227
-1325
-1401
-1409
-1352
-1303
-1262
-1306
-1376
-1429
-1571
-1570
-1499
-1446
-1435
-1442
-1442
-1486
-1483
-1482
-1454
-1367
-1297
-1204
-1106
-1115
-1104
-1122
-1070
-974
-857
-739
-667
-599
-627
-593
-545
-490
-424
-355
-284
-162
-140
-35
-29
-1
127
262
430
638
643
622
633
678
721
799
898
943
971
981
934
896
939
941
1005
1058
1114
1163
1221
1259
1323
1323
1341
1411
1461
1498
1516
1608
1705
1658
1647
1629
1702
1727
1688
1728
1605
1555
1493
1474
1440
1382
1271
1102
867
620
483
309
275
156
28
-86
-258
-354
-449
-431
-489
-548
-652
-673
-726
-887
-868
-981
-1014
-1013
-1197
-1284
-1313
-1392
-1366
-1265
-1289
-1273
-1327
-1383
-1432
-1433
-1425
-1498
-1501
-1525
-1516
-1526
-1558
-1574
-1588
-1586
-1571
-1487
-1471
-1399
-1319
-1328
-1207
-1131
-1056
-1024
-1000
-942
-908
-860
-775
-713
-689
-585
-481
-425
-412
-386
-287
-226
-132
-70
-47
-7
34
107
223
235
303
330
384
420
517
571
666
731
740
830
920
960
1082
1136
1198
1261
1257
1299
1289
1332
1258
1255
1254
1174
1152
1128
1125
1123
1121
1107
1113
1060
1009
1014
1045
1097
1086
1067
1085
1076
1099
1087
1173
1318
1364
1456
1398
1354
1263
1090
981
829
712
537
400
244
124
-42
-267
-344
-485
-589
-742
-797
-828
-887
-903
-982
-1048
-1113
-1145
-1142
-1154
-1171
-1201
-1219
-1238
-1204
-1128
-1118
-1150
-1233
-1255
-1300
-1366
-1327
-1312
-1350
-1338
-1363
-1329
-1334
-1344
-1294
-1235
-1258
-1191
-1116
-1052
-985
-908
-787
-769
-709
-691
-616
-545
-471
-447
-378
-362
-394
-334
-283
-278
-240
-202
-177
-136
-89
-16
48
113
170
261
343
401
464
568
675
756
858
871
830
871
833
871
898
946
898
855
827
820
803
776
787
738
775
757
740
764
781
837
836
882
914
943
1034
1123
1219
1328
1357
1323
1305
1242
1257
1261
1276
1291
1255
1251
1168
1148
1019
950
799
566
425
302
172
66
91
76
-26
-169
-266
-320
-365
-415
-454
-543
-731
-800
-780
-869
-901
-981
-1140
-1195
-1230
-1275
-1278
-1269
-1251
-1259
-1275
-1264
-1254
-1284
-1268
-1254
-1244
-1197
-1168
-1093
-1057
-1023
-1008
-1019
-1021
-956
-914
-868
-769
-796
-791
-824
-812
-775
-760
-704
-673
-595
-611
-566
-504
-420
-376
-285
-178
-157
-80
-59
6
17
80
139
98
148
198
215
343
400
394
410
429
449
398
435
501
467
517
525
530
541
543
588
655
700
722
759
790
840
876
923
973
989
1031
1012
1002
913
888
855
892
932
982
929
863
860
847
901
958
1058
1113
1119
1152
1180
1202
1262
1201
1180
1066
996
904
676
539
388
276
218
103
28
-79
-287
-441
-534
-603
-548
-565
-586
-709
-809
-793
-817
-809
-798
-825
-884
-956
-962
-952
-970
-952
-977
-1024
-1091
-1150
-1204
-1249
-1255
-1218
-1229
-1166
-1134
-1159
-1127
-1069
-1021
-929
-871
-763
-676
-603
-565
-560
-539
-497
-500
-452
-405
-462
-437
-464
-509
-516
-482
-487
-468
-475
-468
-438
-379
-271
-163
-74
-7
51
125
181
296
424
574
613
676
726
740
769
710
659
623
606
623
634
562
480
412
347
286
306
313
371
419
471
477
524
554
604
728
813
863
883
928
914
998
1061
1089
1070
1035
1010
1014
966
995
996
995
1011
1004
1047
1029
1009
973
890
707
626
520
372
299
291
177
26
-59
-154
-276
-313
-371
-464
-535
-556
-639
-731
-720
-766
-800
-867
-898
-914
-954
-987
-947
-900
-840
-761
-761
-783
-810
-782
-784
-743
-722
-775
-801
-871
-945
-1011
-1043
-1073
-1067
-1068
-1105
-1065
-1066
-1000
-933
-871
-810
-763
-728
-629
-502
-423
-337
-329
-294
-191
-121
-46
-52
-24
-36
-40
-33
-82
-93
-135
-148
-201
-186
-155
-144
-47
39
67
102
157
207
298
353
429
445
465
490
542
545
523
586
588
570
469
419
323
309
342
383
387
387
461
432
481
506
564
667
811
814
906
1000
1074
1141
1188
1199
1225
1210
1187
1180
1186
1162
1122
1136
1044
895
705
550
423
320
240
195
101
0
-108
-153
-185
-195
-246
-238
-223
-262
-234
-237
-304
-350
-396
-477
-525
-571
-582
-580
-629
-652
-686
-724
-781
-808
-875
-905
-899
-937
-938
-939
-925
-933
-882
-860
-830
-776
-757
-766
-769
-736
-736
-725
-712
-732
-668
-710
-719
-685
-700
-710
-671
-625
-575
-489
-457
-344
-321
-325
-272
-268
-210
-216
-130
-47
9
40
77
41
-39
-22
-27
-5
13
-32
-40
-71
-132
-157
-186
-157
-88
-39
-3
30
1
44
120
184
251
368
444
523
519
490
539
576
657
738
780
798
786
834
844
873
937
997
1029
967
947
974
1028
1105
1235
1232
1321
1359
1378
1363
1400
1383
1266
1196
1031
930
782
676
667
555
429
273
100
92
11
-17
-31
-86
-125
-171
-210
-292
-304
-369
-398
-424
-461
-476
-512
-539
-580
-603
-643
-693
-758
-877
-930
-979
-1059
-1120
-1168
-1181
-1251
-1261
-1235
-1223
-1152
-1103
-1037
-986
-913
-891
-829
-764
-714
-664
-666
-652
-640
-651
-606
-590
-575
-533
-565
-623
-535
-492
-562
-572
-583
-597
-598
-591
-582
-585
-579
-521
-434
-348
-262
-215
-169
-101
-69
-31
-51
-3
-10
14
21
27
16
54
120
130
139
110
163
155
204
327
453
560
656
685
719
771
906
1010
1135
1193
1245
1307
1256
1293
1276
1273
1244
1299
1275
1235
1236
1231
1304
1247
1268
1275
1294
1330
1339
1359
1221
1145
1044
956
928
876
778
688
623
543
436
308
187
65
-92
-197
-230
-352
-416
-484
-580
-667
-754
-841
-872
-882
-876
-876
-869
-881
-892
-950
-966
-960
-985
-1007
-1029
-1037
-1039
-1068
-1033
-1052
-1004
-1019
-953
-898
-876
-881
-937
-935
-946
-891
-862
-849
-838
-810
-855
-864
-854
-823
-772
-735
-650
-655
-642
-635
-652
-659
-651
-603
-571
-495
-508
-465
-432
-421
-387
-287
-207
-148
-70
-52
-11
-49
22
64
108
195
282
283
310
313
307
336
399
480
558
635
696
714
679
789
854
961
1017
1085
1167
1183
1254
1289
1396
1447
1507
1531
1501
1497
1477
1499
1548
1589
1641
1555
1558
1480
1413
1374
1343
1336
1220
1251
1172
1090
960
788
659
549
458
407
328
295
200
96
-27
-178
-265
-327
-368
-410
-457
-502
-561
-649
-700
-744
-740
-775
-839
-904
-938
-875
-888
-906
-947
-980
-1062
-1148
-1181
-1225
-1222
-1259
-1256
-1245
-1295
-1332
-1381
-1359
-1394
-1351
-1280
-1278
-1237
-1245
-1302
-1295
-1288
-1251
-1230
-1152
-1090
-1110
-1094
-1064
-1035
-977
-879
-816
-791
-796
-776
-730
-716
-698
-645
-566
-476
-411
-335
-304
-295
-204
-192
-126
-22
11
115
144
160
263
319
377
476
505
552
600
695
725
757
833
885
975
1001
1001
1011
1096
1103
1165
1216
1283
1311
1380
1441
1473
1473
1437
1456
1436
1516
1585
1583
1552
1493
1453
1400
1377
1419
1352
1289
1171
1075
1027
1045
1036
981
928
796
667
568
469
478
452
421
338
257
177
59
-48
-172
-262
-300
-314
-428
-491
-588
-701
-817
-970
-1067
-1100
-1145
-1194
-1294
-1344
-1435
-1537
-1564
-1565
-1594
-1631
-1690
-1741
-1725
-1721
-1696
-1659
-1658
-1617
-1628
-1610
-1552
-1570
-1491
-1390
-1362
-1317
-1284
-1214
-1189
-1205
-1137
-1044
-970
-865
-829
-804
-786
-778
-727
-680
-636
-552
-538
-456
-415
-345
-326
-258
-101
-66
-26
14
67
138
193
236
340
368
368
451
472
534
611
722
739
761
840
873
935
966
1025
1060
1134
1121
1189
1201
1281
1287
1261
1349
1409
1479
1481
1575
1573
1593
1572
1571
1627
1638
1608
1696
1672
1633
1612
1511
1482
1381
1346
1238
1207
1185
1054
987
915
877
825
774
710
565
488
388
275
237
175
130
-50
-213
-343
-440
-568
-650
-731
-809
-948
-1108
-1207
-1335
-1452
-1537
-1571
-1642
-1672
-1725
-1732
-1791
-1774
-1807
-1841
-1859
-1815
-1784
-1741
-1692
-1652
-1656
-1656
-1555
-1545
-1461
-1399
-1331
-1319
-1274
-1249
-1168
-1122
-1088
-1045
-1022
-956
-919
-920
-883
-768
-715
-676
-630
-546
-522
-459
-398
-384
-265
-164
-139
-25
65
135
167
256
355
424
440
457
486
536
564
627
688
787
951
998
1032
1096
1141
1214
1310
1368
1456
1493
1574
1595
1595
1648
1572
1548
1563
1517
1489
1447
1395
1353
1319
1348
1311
1345
1295
1229
1129
1089
1093
1076
1079
1060
1061
976
929
829
812
748
711
681
635
524
441
307
205
110
-10
-74
-150
-254
-313
-381
-499
-518
-555
-630
-706
-708
-734
-802
-912
-950
-1003
-1100
-1096
-1069
-1095
-1145
-1176
-1247
-1335
-1376
-1382
-1342
-1382
-1349
-1384
-1417
-1416
-1454
-1364
-1363
-1359
-1347
-1351
-1357
-1351
-1340
-1303
-1225
-1143
-1100
-1091
-1077
-1002
-948
-916
-903
-824
-760
-734
-723
-713
-612
-619
-556
-451
-389
-307
-237
-218
-157
-44
101
186
278
350
390
489
561
628
669
752
809
882
882
890
852
860
895
962
1001
1020
1050
1024
1080
1060
1097
1083
1131
1110
1143
1195
1155
1168
1140
1132
1107
1087
1100
1056
998
987
939
906
903
875
816
753
718
671
621
637
553
492
492
466
405
394
366
307
291
273
210
159
128
39
-58
-129
-178
-235
-274
-320
-331
-395
-415
-511
-557
-575
-667
-630
-629
-629
-621
-596
-569
-632
-659
-673
-759
-780
-812
-771
-745
-764
-742
-743
-746
-762
-782
-859
-898
-932
-947
-962
-983
-885
-882
-954
-1013
-958
-892
-871
-822
-803
-742
-718
-617
-559
-517
-512
-487
-435
-419
-400
-359
-279
-203
-158
-128
-49
-32
40
54
94
156
234
318
309
358
383
412
443
471
519
615
666
611
658
742
740
777
833
816
856
829
705
704
695
670
687
636
632
651
625
608
577
521
519
506
521
481
471
439
339
320
277
209
142
154
150
92
108
76
73
31
-32
-23
-45
-56
-68
-85
-61
-113
-191
-199
-242
-257
-269
-273
-245
-218
-240
-259
-311
-307
-305
-311
-305
-333
-337
-353
-305
-306
-276
-316
-328
-299
-318
-334
-336
-381
-425
-421
-419
-355
-370
-377
-399
-376
-365
-389
-367
-327
-284
-285
-294
-280
-249
-226
-238
-172
-166
-104
-94
-66
-22
-34
-10
66
91
92
105
131
209
178
226
269
218
227
214
232
299
344
389
374
394
396
395
433
441
422
396
393
351
269
205
211
153
127
132
88
72
35
3
-11
-72
-90
-103
-140
-173
-189
-204
-222
-225
-242
-258
-264
-290
-309
-306
-263
-279
-266
-293
-276
-286
-325
-344
-348
-348
-323
-285
-271
-235
-267
-277
-264
-202
-159
-120
-90
-82
-74
-31
-38
-34
-33
-46
-36
-104
-48
-67
-107
-98
-122
-179
-193
-195
-209
-215
-259
-265
-274
-250
-217
-178
-151
-164
-180
-146
-126
-93
-43
-33
-57
-45
-42
-4
52
114
136
97
114
139
128
187
207
242
282
232
285
285
326
376
408
453
438
461
513
493
540
541
594
642
620
641
630
611
601
571
508
449
440
438
431
320
312
238
191
165
97
114
154
126
84
82
35
16
-26
-76
-132
-127
-232
-308
-333
-374
-426
-500
-570
-613
-656
-698
-707
-710
-725
-740
-747
-798
-837
-848
-846
-829
-854
-776
-806
-866
-791
-790
-764
-758
-776
-750
-734
-728
-737
-741
-765
-768
-724
-704
-708
-648
-642
-617
-551
-534
-490
-510
-436
-388
-337
-290
-316
-230
-196
-186
-142
-107
-110
-113
-151
-100
-56
-55
-11
10
61
43
15
74
142
219
251
257
268
355
366
345
425
450
480
446
486
530
530
491
475
443
453
436
391
419
370
412
425
446
459
466
483
430
455
475
528
584
581
595
561
513
466
459
524
545
518
496
457
414
356
315
270
236
190
137
101
84
35
-29
-70
-67
-52
-64
-83
-111
-154
-164
-231
-278
-249
-206
-219
-244
-298
-336
-336
-373
-437
-443
-465
-470
-476
-517
-518
-560
-568
-520
-500
-592
-508
-504
-477
-478
-474
-488
-521
-481
-496
-521
-583
-590
-589
-584
-598
-580
-580
-599
-590
-605
-643
-602
-611
-576
-559
-510
-446
-467
-414
-330
-288
-247
-216
-179
-93
-53
-30
12
48
47
52
61
39
15
-5
13
21
66
136
144
152
141
133
193
221
284
342
365
382
384
406
413
437
470
512
518
493
445
403
399
347
354
306
272
184
160
136
105
163
166
197
214
182
187
228
240
212
201
155
147
153
135
89
58
-33
-87
-79
-78
-114
-144
-149
-162
-169
-229
-266
-263
-203
-192
-173
-174
-211
-186
-179
-226
-170
-141
-102
-91
-97
-124
-115
-144
-130
-156
-116
-83
-113
-119
-162
-204
-219
-205
-209
-207
-203
-238
-251
-281
-263
-201
-179
-166
-159
-154
-169
-183
-206
-207
-223
-205
-208
-240
-244
-296
-340
-330
-321
-264
-321
-305
-253
-284
-252
-226
-212
-144
-96
-100
-55
-57
-66
-27
-17
35
35
7
9
-5
-50
-43
-37
-96
-110
-125
-130
-160
-198
-171
-152
-152
-110
-90
-73
-11
-24
41
74
75
108
121
160
150
124
131
89
90
21
20
34
14
8
2
-25
-63
-4
-56
-48
-18
-20
-5
-2
19
17
19
35
32
8
5
36
23
37
40
24
42
-31
-56
-103
-132
-111
-131
-148
-170
-147
-203
-196
-219
-237
-161
-154
-157
-101
-70
-100
-112
-131
-163
-148
-164
-165
-177
-216
-200
-235
-279
-289
-328
-261
-284
-281
-286
-283
-299
-258
-218
-213
-163
-151
-122
-85
-52
7
38
31
42
37
33
-8
15
25
74
79
20
-42
-71
-110
-123
-135
-115
-72
-12
30
-34
-20
-2
28
41
87
110
150
171
127
168
128
100
110
88
63
51
63
50
20
-9
-40
-42
-38
-27
3
9
13
5
-9
-1
-10
-10
-31
-47
-1
30
-5
-13
1
-16
-39
-87
-69
-54
-115
-106
-106
-143
-110
-125
-165
-138
-132
-40
-58
-15
23
56
53
27
117
24
59
78
18
-35
26
-30
-76
-103
-172
-97
-133
-143
-170
-181
-186
-179
-197
-208
-198
-185
-152
-142
-104
-110
-104
-100
-64
-50
-67
-58
-77
-92
-140
-147
-163
-146
-196
-198
-186
-265
-291
-287
-295
-263
-264
-294
-257
-273
-223
-256
-192
-164
-171
-108
-103
-72
-11
28
1
-11
-40
-14
-40
-27
18
49
78
99
65
61
87
47
78
55
110
133
150
211
187
195
154
164
168
176
218
159
146
172
124
122
19
-10
-9
-18
-28
-17
-19
-75
-56
-78
-64
-81
-88
-87
-106
-108
-72
-72
-65
-61
-55
-61
-45
-71
-67
-66
-90
-74
-79
-90
-136
-124
-83
-77
-145
-123
-94
-122
-93
-60
-59
-118
-48
-37
-15
-1
-48
-27
-24
-27
-14
-40
-80
-69
-57
-50
-76
-121
-113
-125
-138
-240
-238
-230
-261
-212
-250
-239
-251
-277
-267
-237
-236
-225
-241
-225
-244
-242
-255
-231
-252
-284
-256
-282
-241
-202
-235
-230
-235
-240
-231
-220
-203
-204
-199
-140
-90
-93
-44
-32
-63
-58
-19
34
8
-16
31
64
74
93
158
177
170
151
122
169
183
198
250
213
204
169
178
196
187
197
179
135
151
104
59
133
133
53
7
9
6
-32
-37
14
-13
-18
-22
-35
-10
-16
18
42
21
19
45
37
60
40
44
61
52
38
12
32
10
3
44
35
50
19
-9
11
8
23
-62
-19
-41
-120
-140
-137
-144
-179
-183
-196
-212
-233
-252
-252
-246
-262
-244
-304
-304
-306
-324
-340
-351
-382
-402
-386
-416
-408
-387
-426
-409
-395
-388
-367
-377
-352
-343
-334
-353
-337
-342
-333
-295
-270
-262
-249
-224
-169
-152
-106
-75
-153
-113
-79
-70
-17
62
84
99
57
35
50
75
100
120
161
166
180
195
195
192
218
214
225
204
244
243
263
274
247
283
263
313
288
222
304
307
354
332
318
339
346
302
277
236
261
267
195
213
174
280
273
235
231
214
243
233
225
199
189
147
128
130
126
131
130
107
49
40
0
-21
-18
-41
-48
-82
-116
-96
-102
-116
-122
-135
-170
-134
-151
-152
-164
-186
-207
-196
-169
-182
-190
-235
-294
-284
-278
-309
-309
-351
-354
-408
-391
-452
-482
-502
-493
-478
-465
-424
-430
-419
-413
-392
-407
-367
-360
-374
-367
-347
-328
-334
-342
-319
-281
-253
-232
-248
-264
-259
-202
-185
-212
-177
-180
-144
-152
-136
-77
-62
-65
10
46
45
87
102
152
230
246
327
359
359
378
361
356
341
365
373
412
420
397
426
389
397
428
444
439
418
454
458
447
400
386
352
323
361
369
360
353
324
306
266
257
270
220
179
188
117
172
198
177
170
131
162
151
95
83
105
133
113
72
100
45
17
-30
-27
-31
-50
-47
-56
-69
-143
-179
-168
-243
-263
-258
-275
-259
-240
-217
-204
-208
-235
-251
-255
-247
-285
-313
-315
-367
-352
-373
-393
-377
-451
-485
-431
-394
-402
-374
-372
-407
-428
-353
-347
-367
-333
-293
-241
-223
-191
-176
-157
-133
-107
-81
-60
-44
-7
-12
-42
-22
-4
52
82
21
45
148
179
228
257
279
312
334
413
453
445
419
447
452
467
491
493
474
499
515
488
458
424
404
391
310
318
325
336
285
238
246
205
258
233
215
256
238
256
272
297
270
227
234
210
217
219
217
188
127
97
112
68
93
63
40
23
-23
10
5
-33
-71
-85
-88
-94
-101
-70
-126
-127
-150
-180
-178
-178
-186
-255
-261
-296
-298
-336
-415
-390
-463
-411
-413
-467
-452
-436
-444
-460
-455
-455
-456
-470
-428
-372
-380
-384
-380
-346
-350
-305
-306
-284
-238
-291
-263
-286
-257
-273
-291
-208
-182
-144
-84
-107
-124
-80
-35
-45
3
69
50
100
128
143
165
188
243
230
272
304
341
413
374
394
391
374
320
339
370
389
414
434
462
438
497
508
530
512
501
503
527
525
531
521
524
504
518
487
426
423
392
399
377
352
332
315
287
234
278
209
187
210
182
162
155
153
106
105
47
31
9
45
28
-6
-52
-113
-90
-141
-169
-213
-213
-274
-290
-292
-347
-335
-375
-341
-344
-388
-370
-393
-350
-388
-374
-359
-416
-351
-330
-352
-322
-321
-351
-362
-359
-398
-400
-370
-381
-362
-354
-331
-331
-319
-315
-309
-282
-282
-266
-261
-216
-186
-135
-122
-149
-164
-127
-63
-34
-20
-22
-25
-14
15
52
56
