2
22
7
10
8
-17
-16
-42
-38
-74
-71
-107
-55
-41
-48
-45
-40
-75
-82
-60
-109
-78
-81
-110
-95
-36
-38
-24
-28
-11
-77
-65
-23
-62
-32
-84
-88
-76
-56
-75
-99
-81
-102
-44
-96
-63
-56
-63
-52
-35
-58
-56
-15
13
13
-13
-26
-13
-1
-14
23
-19
-7
1
-6
-8
-16
20
36
4
-8
-42
-26
-55
-44
-29
-59
-34
-45
-87
-112
-73
-103
-86
-50
-48
-75
-64
-54
-88
-81
-64
-51
-89
-84
-97
-125
-126
-131
-99
-57
-57
-62
-34
-35
-56
-41
-4
5
27
30
42
64
47
62
49
101
82
66
90
50
-2
14
47
56
93
27
30
66
60
43
13
49
62
43
57
77
27
23
53
52
43
34
39
37
10
22
18
-9
-24
-10
-13
-30
-26
21
-20
-31
-11
-39
-8
-2
13
-9
6
4
-28
8
19
0
14
-9
13
8
59
32
0
52
12
37
26
15
-3
12
23
14
79
55
39
51
35
10
-10
6
3
15
1
1
18
-15
1
-19
-26
-24
-27
-51
-43
-18
-49
-24
-40
-8
-24
-73
-63
-10
-22
-26
-39
-45
-38
8
12
9
11
-48
3
31
34
-12
-38
-45
-43
-20
-24
-7
7
11
18
-18
-16
-11
-18
-11
16
0
-30
-42
-74
-68
-64
-40
-57
-93
-86
-81
-115
-127
-127
-121
-113
-106
-112
-118
-80
-114
-118
-87
-111
-119
-105
-112
-144
-150
-145
-142
-134
-160
-165
-147
-177
-130
-126
-116
-96
-90
-115
-76
-120
-123
-182
-312
-222
-346
-362
-114
-215
-68
-14
-312
-250
-245
-228
32
98
134
186
-53
-119
-71
-104
111
117
22
71
-126
-190
-160
-210
-88
-75
-96
-82
-220
-272
-252
-228
-183
-191
-224
-142
-201
-180
-182
-204
-140
-168
-145
-134
-140
-112
-135
-132
-147
-139
-124
-163
-136
-121
-191
-144
-199
-203
-156
-213
-141
-169
-152
-139
-121
-97
-64
-51
-15
-4
-18
-17
18
31
13
22
-47
-21
-35
-34
-47
-100
-66
-79
-153
-94
-111
-168
-161
-179
-198
-110
-64
-29
17
-149
-174
-220
-240
-112
-104
-3
20
-20
-13
-81
59
178
237
467
525
530
641
474
356
326
221
318
316
253
284
2
-120
-130
-268
-58
9
54
160
64
102
113
153
274
282
376
460
387
433
427
359
467
438
480
590
525
542
453
349
318
373
397
443
406
308
142
36
-10
41
168
191
205
88
-51
-105
-138
-95
-13
-41
-173
-290
-465
-549
-589
-599
-582
-629
-714
-840
-923
-895
-885
-826
-755
-786
-786
-759
-768
-687
-616
-529
-431
-421
-440
-363
-318
-148
-38
6
83
49
117
252
210
306
363
255
302
183
213
297
292
362
344
407
550
653
875
1223
1380
1673
1907
1976
2252
2513
2721
3006
3258
3152
2845
2168
1126
202
-533
-920
-852
-922
-1276
-1821
-2746
-3391
-3458
-3077
-2079
-1276
-852
-668
-900
-944
-384
350
1256
2016
2047
1903
1488
1090
1137
1205
1224
1080
477
-226
-831
-1512
-1817
-1971
-2128
-2243
-2450
-2613
-2612
-2575
-2362
-2032
-1670
-1250
-803
-412
-18
295
421
640
763
932
1062
1066
904
616
175
-319
-662
-949
-1129
-1373
-1654
-1988
-2290
-2472
-2467
-2332
-2043
-1762
-1552
-1368
-1138
-880
-402
69
515
932
1100
1159
1185
1303
1471
1622
1695
1654
1432
1228
1102
1138
1445
1766
1933
2165
2077
1972
1955
1948
2347
2740
3101
3496
3261
2740
2068
738
-47
-504
-843
-351
-248
-680
-1247
-2420
-3122
-2900
-2410
-1179
-270
-150
-146
-613
-841
-140
723
1774
2536
2349
1901
1340
877
1012
1243
1327
1219
559
-294
-1041
-1563
-1857
-1813
-1837
-1975
-2130
-2406
-2419
-2216
-2031
-1579
-1150
-782
-250
62
399
696
782
931
1174
1301
1458
1410
1079
687
50
-573
-952
-1260
-1516
-1744
-2155
-2560
-2835
-3044
-2905
-2573
-2313
-1901
-1587
-1333
-946
-551
-21
560
1000
1403
1512
1648
1760
1685
1859
1919
1855
1818
1634
1526
1434
1432
1630
1803
1916
2003
1932
1955
2099
2209
2661
2987
3252
3596
3595
3501
3251
2359
1350
437
-536
-744
-478
-499
-697
-1590
-2885
-3636
-3853
-3132
-1832
-1027
-585
-792
-1414
-1317
-707
356
1732
2379
2350
1956
1262
978
1214
1520
1689
1476
634
-284
-1150
-1775
-1913
-1951
-2090
-2298
-2655
-2896
-2905
-2807
-2469
-2005
-1641
-1136
-645
-234
288
594
877
1162
1362
1618
1846
1811
1601
1177
560
-14
-566
-955
-1323
-1916
-2444
-3067
-3656
-3741
-3714
-3555
-3229
-3050
-2931
-2632
-2152
-1531
-763
-106
396
692
952
1239
1448
1763
1999
2068
1942
1651
1385
1253
1219
1376
1511
1535
1582
1415
1435
1561
1618
2142
2619
2757
3157
3343
3541
4109
4356
4619
4607
3810
2634
1404
186
-542
-573
-474
-668
-1465
-2866
-4140
-4716
-4597
-3479
-2260
-1519
-1245
-1676
-1940
-1527
-588
926
2239
2625
2643
2130
1610
1662
1885
2188
2333
1863
936
-73
-1119
-1746
-2063
-2179
-2308
-2579
-2907
-3151
-3304
-3232
-2904
-2442
-1765
-1062
-558
-83
236
432
779
1264
1730
2201
2396
2221
1897
1286
725
311
-58
-315
-889
-1771
-2609
-3552
-4134
-4202
-4078
-3818
-3653
-3690
-3704
-3536
-2919
-2077
-1085
-275
228
545
684
916
1309
1723
2075
2125
1867
1507
1017
699
652
731
961
1111
1113
1055
886
840
1131
1690
2330
2973
3335
3496
3797
4115
4710
5482
5897
6140
5826
4726
3029
1628
288
-783
-724
-783
-1342
-2272
-4066
-5605
-6092
-5929
-4431
-2945
-2239
-1749
-2310
-2537
-1719
-603
1298
2816
3231
3239
2635
2058
2217
2627
3064
3170
2342
1195
-22
-1241
-1805
-1993
-2343
-2543
-3040
-3685
-3900
-4017
-3838
-3409
-2997
-2497
-1922
-1439
-761
-168
246
838
1329
1735
2230
2438
2499
2307
1724
1188
609
74
-182
-817
-1599
-2423
-3450
-4015
-4152
-4050
-3734
-3599
-3701
-3672
-3615
-3022
-2059
-1140
-243
351
557
691
961
1366
1800
2039
2193
1902
1422
1113
748
712
902
1024
1158
1208
1187
1051
1194
1621
2010
2628
3060
3132
3379
3579
3989
4873
5652
6308
6455
6100
5479
4473
2918
1732
663
-729
-1242
-1645
-2442
-3268
-4710
-6089
-6484
-6432
-5285
-3678
-2850
-2208
-2309
-2513
-1662
-517
1177
2989
3583
3526
3134
2540
2491
2872
3274
3461
2786
1544
276
-981
-1759
-1957
-2176
-2450
-2815
-3509
-4003
-4147
-4163
-3744
-3179
-2666
-1968
-1505
-1004
-385
-51
432
1102
1564
2123
2468
2364
2107
1490
865
461
-56
-447
-904
-1821
-2610
-3239
-3982
-4128
-4029
-4116
-3929
-3789
-3731
-3353
-2791
-2013
-1210
-641
-63
314
561
997
1342
1705
1976
1845
1689
1355
1120
1072
1133
1305
1324
1401
1291
1199
1289
1479
1910
2442
2863
3110
3287
3400
3609
4079
4815
5575
6206
6418
6222
5726
4996
3692
2181
968
-663
-1748
-1960
-2446
-2923
-3956
-5662
-6380
-6722
-6163
-4332
-3037
-2053
-1766
-2249
-1884
-986
475
2513
3695
3979
3656
2932
2593
2836
3328
3715
3462
2457
1220
-101
-1188
-1652
-1907
-2230
-2617
-3243
-3877
-4184
-4231
-4017
-3627
-3165
-2537
-1981
-1438
-635
-121
281
876
1274
1749
2188
2318
2195
1680
1023
357
-308
-822
-1146
-1518
-2111
-2704
-3351
-3908
-4077
-3972
-3679
-3289
-2840
-2575
-2395
-1875
-1374
-775
2
623
1053
1228
1339
1377
1467
1647
1629
1676
1611
1383
1259
1156
1285
1536
1749
1894
2084
2304
2498
2888
3113
3317
3669
3773
4037
4684
5226
5935
6348
6089
5858
5094
4137
2716
1130
-213
-1959
-2680
-2797
-3344
-3762
-5051
-6564
-7099
-7196
-5940
-3995
-2705
-1639
-1681
-1881
-1179
-171
1701
3491
4345
4505
3995
3373
3222
3362
3677
3658
2941
1821
522
-809
-1803
-2321
-2752
-3235
-3691
-4246
-4567
-4599
-4618
-4377
-3969
-3357
-2539
-1831
-984
-199
174
656
1126
1476
1973
2244
2287
1856
1077
330
-456
-941
-1152
-1442
-1839
-2427
-3113
-3738
-3938
-3717
-3346
-2841
-2464
-2282
-2047
-1699
-1165
-441
237
748
1133
1186
1271
1446
1550
1719
1844
1865
1820
1800
1792
1891
2076
2141
2232
2311
2373
2657
2842
3204
3508
3504
3795
4055
4440
5177
5782
6222
6290
5968
5446
4160
2289
706
-1089
-2539
-2710
-2836
-3207
-3965
-5735
-7196
-7810
-7516
-5648
-3654
-2289
-1464
-1806
-1919
-1120
241
2354
4250
4910
4876
4308
3635
3536
3677
3872
3761
2793
1555
334
-1069
-2044
-2718
-3468
-3927
-4343
-4625
-4547
-4517
-4533
-4375
-4115
-3446
-2392
-1388
-221
519
608
856
1089
1459
2040
2392
2389
1831
829
-82
-826
-1374
-1491
-1766
-2386
-3075
-3747
-4140
-4185
-3719
-3177
-2822
-2214
-1944
-1597
-1041
-504
206
696
1222
1590
1681
1873
1931
1896
2053
2100
2223
2377
2368
2423
2417
2297
2221
2370
2413
2621
3014
2895
2913
3241
3317
3852
4548
5192
5860
5918
5772
5330
4375
2815
1219
-229
-1954
-2670
-2622
-3045
-3334
-4704
-6453
-7103
-7519
-6210
-4083
-2698
-1413
-1355
-1680
-1098
-272
1516
3624
4607
4882
4502
3741
3401
3303
3365
3419
2722
1520
349
-981
-2202
-2916
-3641
-4158
-4433
-4733
-4600
-4423
-4372
-4125
-3946
-3388
-2423
-1526
-305
602
829
1007
1184
1404
1650
1930
2071
1674
894
161
-691
-1503
-1944
-2391
-2863
-3294
-3688
-3932
-4144
-4066
-3737
-3501
-2805
-1947
-1381
-630
-133
184
677
1160
1849
2344
2626
2730
2536
2468
2512
2642
2954
3065
2883
2622
2139
2000
2100
2143
2494
2545
2387
2490
2533
2955
3768
4414
5303
5610
5440
5393
4615
3250
1676
239
-1328
-2373
-2197
-2272
-2594
-3519
-5351
-6505
-7233
-6683
-4697
-3164
-1734
-1161
-1639
-1377
-833
403
2386
3710
4474
4445
3927
3506
3161
3070
3008
2586
1665
717
-392
-1653
-2643
-3561
-4378
-4799
-4995
-4766
-4392
-4203
-4046
-4010
-3724
-2810
-1772
-576
537
991
1172
1254
1501
1788
1989
2137
1854
1052
142
-570
-1367
-2001
-2467
-3059
-3680
-4192
-4521
-4675
-4570
-4351
-4058
-3607
-2959
-2143
-1321
-484
186
758
1406
2004
2582
3019
3342
3494
3514
3548
3527
3558
3624
3442
3236
2954
2543
2438
2405
2302
2239
2098
1943
2019
2237
2785
3565
4372
5099
5390
5373
4970
3550
1595
182
-1449
-2420
-1990
-1894
-1988
-2794
-4784
-6080
-6962
-6672
-4665
-3050
-1653
-901
-1342
-1268
-820
22
1784
3222
3958
4211
3855
3498
3349
3063
2770
2412
1525
718
42
-1032
-1945
-3018
-4202
-4897
-5264
-5117
-4460
-4147
-3865
-3760
-3762
-3095
-2177
-988
371
1142
1419
1536
1764
2099
2268
2415
2225
1460
673
-52
-824
-1626
-2178
-2924
-3776
-4282
-4566
-4696
-4664
-4433
-4348
-4095
-3537
-2782
-1931
-988
-177
448
1079
1642
2173
2734
3177
3595
4007
4297
4615
4638
4626
4336
4064
3907
3650
3710
3495
3147
2827
2337
2280
2281
2623
3141
3353
3870
4093
4113
4326
3621
1831
101
-1733
-3416
-3413
-2736
-2312
-2161
-3617
-5291
-6385
-6939
-5341
-3275
-1677
-230
-197
-440
-149
404
1536
2839
3466
3867
3940
3758
3800
3425
2806
2068
843
-215
-655
-1072
-1600
-2274
-3544
-4814
-5682
-6048
-5360
-4480
-3736
-3239
-3289
-3157
-2560
-1683
-265
964
1576
2016
2137
2270
2678
2710
2582
2227
1167
372
-254
-1035
-1444
-2238
-3219
-4012
-4960
-5213
-5156
-5067
-4581
-4372
-4192
-3685
-3184
-2243
-1414
-643
307
867
1470
1996
2549
2938
3235
3682
3981
4286
4547
4625
4594
4491
4190
4075
4024
4066
4239
3925
3660
3374
3143
3416
3876
4637
5149
5238
5096
4211
2438
426
-1486
-3370
-3954
-3569
-3055
-2474
-3452
-5011
-6215
-7456
-6904
-5187
-3413
-1251
-184
131
659
653
1327
2420
3092
3955
4479
4766
4991
4777
3996
2801
1401
222
-501
-954
-1244
-1792
-2990
-4386
-5625
-6323
-6182
-5599
-4743
-4032
-3722
-3379
-2803
-2008
-898
94
785
1247
1582
2140
2740
3183
3229
2748
1929
862
110
-336
-758
-1166
-1842
-2813
-3680
-4452
-4767
-4698
-4531
-4250
-4120
-3855
-3367
-2828
-2091
-1451
-846
-160
381
973
1699
2320
2766
3077
3408
3711
4080
4409
4547
4587
4448
4210
4171
4238
4338
4522
4342
4157
4108
4022
4359
4908
5290
5733
5636
4889
3423
1134
-1031
-3170
-4247
-4216
-4032
-3222
-3663
-5100
-6170
-7651
-7681
-6343
-5072
-2968
-1484
-794
270
658
1166
2058
2536
3224
4033
4632
5309
5705
5373
4448
3052
1480
381
-291
-808
-1254
-2163
-3337
-4477
-5521
-6026
-6015
-5748
-5271
-4795
-4310
-3538
-2619
-1605
-805
-275
208
481
1077
1936
2560
3003
3008
2384
1601
787
162
-125
-495
-933
-1475
-2118
-2767
-3272
-3748
-4149
-4364
-4360
-3951
-3359
-2677
-1903
-1543
-1361
-1189
-884
-220
588
1408
2127
2555
2817
3056
3376
3702
3936
4126
4147
4177
4288
4549
4674
4698
4574
4402
4368
4507
5044
5621
6075
6297
5996
5335
3854
1728
-375
-2555
-3679
-3854
-3567
-2847
-3405
-4580
-6118
-7975
-8125
-7481
-6206
-4207
-3096
-1996
-1040
-655
209
738
1145
1924
2589
3649
4767
5478
5843
5376
4225
3017
1913
1163
741
383
-217
-1114
-2178
-3267
-4057
-4555
-4852
-4968
-5063
-5002
-4582
-3834
-2867
-1982
-1459
-1318
-1357
-1255
-576
359
1322
1897
1948
1560
964
476
130
-43
-345
-541
-864
-1169
-1252
-1433
-1481
-1644
-1927
-2008
-1806
-1256
-399
357
879
1034
839
734
753
1042
1419
1714
1885
1794
1510
1168
885
526
139
-169
-324
-336
-212
-102
38
89
30
215
526
1207
1827
2429
3024
3393
3680
3830
3826
3712
3409
2987
2591
2325
2330
2353
2162
1698
839
-105
-984
-1589
-1838
-1957
-1935
-2050
-2301
-2462
-2528
-2399
-2229
-2100
-2015
-2032
-2006
-1764
-1442
-1117
-774
-537
-378
-255
-215
-190
-328
-479
-523
-498
-242
24
264
375
342
182
37
22
86
235
318
447
433
416
317
92
-191
-540
-921
-1262
-1445
-1612
-1798
-1986
-2156
-2302
-2311
-2219
-2079
-1942
-1879
-1818
-1666
-1324
-909
-484
-108
86
93
20
-59
48
310
528
691
662
499
256
-5
-199
-297
-386
-460
-471
-434
-389
-347
-317
-273
-153
103
418
765
1111
1327
1610
1996
2481
3044
3567
4002
4219
4206
4169
3966
3727
3340
2897
2306
1740
1357
1116
999
840
638
256
-254
-791
-1126
-1246
-1062
-727
-416
-150
-111
-308
-698
-1041
-1336
-1464
-1315
-1017
-814
-770
-830
-1042
-1138
-1177
-1016
-833
-765
-805
-996
-1150
-1172
-992
-673
-445
-383
-548
-738
-937
-1051
-881
-632
-439
-345
-241
-266
-342
-541
-844
-1127
-1383
-1423
-1331
-1166
-954
-871
-869
-895
-845
-732
-600
-434
-357
-324
-318
-275
-135
115
336
363
219
40
-141
-219
-261
-284
-245
-257
-261
-261
-278
-271
-204
-115
-33
123
345
667
955
1261
1513
1754
2051
2480
2952
3419
3826
4125
4327
4334
4312
4072
3692
3092
2420
1810
1424
1296
1264
1139
712
14
-852
-1703
-2226
-2447
-2346
-1973
-1626
-1310
-1178
-1224
-1355
-1645
-1923
-2080
-1944
-1629
-1168
-648
-252
80
300
369
383
359
79
-124
-315
-412
-332
-250
-12
46
89
58
-197
-377
-580
-676
-515
-163
301
659
860
776
275
-264
-874
-1361
-1514
-1478
-1218
-969
-799
-798
-1038
-1337
-1663
-1968
-2153
-2163
-1984
-1683
-1356
-1099
-891
-780
-1024
-1354
-1795
-2026
-2090
-1790
-1186
-741
-256
-131
-124
-72
-24
207
541
922
1463
2042
2602
3053
3115
2976
2841
2896
3230
3884
4743
5626
6442
7014
7589
7939
7801
6821
4918
2588
292
-1156
-1542
-1152
-823
-1149
-2358
-4308
-6113
-7427
-7932
-7896
-7651
-6956
-6012
-4750
-3277
-2042
-1367
-1267
-1366
-990
41
1615
3261
4684
5598
5991
6146
5924
5471
4662
3644
2767
2146
1891
1742
1457
839
-137
-1348
-2613
-3787
-4710
-5375
-5738
-5649
-5308
-4796
-4267
-3850
-3522
-3280
-3072
-2665
-2147
-1375
-419
508
1352
1941
2199
2116
1791
1351
728
251
-245
-636
-878
-1180
-1433
-1883
-2341
-3031
-3636
-3927
-4086
-3823
-3449
-2992
-2398
-2032
-1466
-956
-447
190
750
1454
2216
3104
4012
4722
5279
5581
5686
5740
5748
5878
6104
6442
6976
7570
8194
8656
8586
7513
5204
2146
-1266
-4010
-5525
-5839
-5458
-5537
-5868
-6778
-7818
-8232
-8600
-8349
-7987
-7405
-5896
-3958
-1341
1278
3152
4408
4776
4901
5128
5493
6229
6783
7342
7550
7323
7043
6109
4712
2838
565
-1611
-3540
-4753
-5338
-5613
-5761
-6167
-6750
-7217
-7585
-7651
-7520
-7195
-6464
-5201
-3451
-1304
819
2564
3628
4068
4216
4157
4131
4124
4173
3997
3674
3162
2327
1340
86
-1482
-3123
-4810
-6053
-6854
-7293
-7265
-7124
-6839
-6481
-6018
-5415
-4746
-3938
-2963
-1928
-644
836
2470
4024
5369
6403
7015
7374
7567
7676
7718
7716
7632
7632
7573
7394
7384
7184
6947
6710
6267
5879
4653
2726
297
-2983
-5539
-7465
-8378
-8152
-8279
-8129
-8147
-8389
-7707
-7214
-6542
-5735
-5345
-4062
-2405
-276
2345
4428
5989
7008
7376
7573
7696
7623
7402
6993
6389
5765
5177
4367
3374
1881
-86
-2316
-4597
-6476
-7709
-8373
-8582
-8404
-8219
-7908
-7444
-7001
-6301
-5449
-4569
-3416
-2206
-836
883
2549
4115
5438
6023
6080
5552
4685
3894
2933
2150
1496
638
-129
-1082
-2200
-3436
-4864
-6319
-7488
-8183
-8373
-7881
-7189
-6305
-5300
-4470
-3476
-2521
-1494
-440
553
1683
2897
4144
5395
6597
7448
8054
8424
8432
8236
7852
7385
7178
6896
7023
7459
7503
7822
7530
6474
4722
1854
-1053
-4148
-6417
-7759
-8436
-8243
-8318
-7824
-7367
-6953
-6076
-5890
-5486
-5450
-5291
-3944
-2357
8
2562
4467
5972
6609
6720
6725
6464
6186
5861
5356
4858
4440
3872
3140
2238
818
-761
-2545
-4273
-5659
-6844
-7547
-7850
-7734
-7334
-6670
-5830
-5100
-4362
-3698
-3003
-2132
-1069
139
1350
2409
3337
3989
4468
4612
4299
3705
2753
1596
570
-359
-1147
-1766
-2395
-2832
-3433
-4037
-4608
-5356
-5922
-6378
-6449
-6012
-5306
-4144
-3131
-2097
-1117
-326
709
1842
3026
4146
5069
5822
6471
7044
7651
8010
8300
8329
8304
8281
8174
8283
8114
8067
7575
6398
4489
1845
-1214
-4079
-6444
-8143
-8814
-9479
-9346
-8853
-8481
-7157
-6353
-5648
-4897
-4635
-3669
-2527
-1131
892
2589
4307
5833
6803
7720
8114
7962
7340
6122
4834
3686
2773
2112
1599
766
-368
-1802
-3523
-4996
-6335
-7285
-7913
-8268
-8150
-7722
-6874
-5810
-4627
-3517
-2472
-1507
-598
378
1337
2322
3322
4091
4527
4738
4512
4001
3316
2387
1437
446
-674
-1606
-2560
-3326
-3993
-4679
-5105
-5571
-5726
-5654
-5511
-5140
-4783
-4246
-3595
-2781
-1806
-570
750
2045
3394
4345
5182
5963
6446
6910
7129
7509
7842
7925
8207
8166
8330
8387
8434
8454
7981
6893
4590
2014
-1318
-4371
-6567
-8554
-9239
-10046
-10038
-9379
-8876
-7350
-6468
-5707
-5029
-4745
-3731
-2588
-924
1277
3121
4977
6568
7922
8916
9405
9339
8548
7332
5899
4715
3632
2517
1460
99
-1422
-2972
-4481
-5761
-7086
-8194
-9106
-9785
-9989
-9653
-8750
-7521
-6007
-4366
-2813
-1229
247
1511
2672
3483
4270
4815
5173
5573
5478
5341
4882
3922
2989
1660
363
-923
-2289
-3543
-4706
-5602
-6163
-6585
-6765
-6624
-6550
-6209
-5645
-4928
-3892
-2752
-1414
-155
985
2227
3362
4519
5786
6799
7671
8252
8415
8458
8263
8026
7994
8096
8291
8516
8730
8651
8129
6435
4007
1077
-2610
-5290
-7867
-9597
-10237
-10951
-10302
-9638
-8405
-6651
-5749
-4807
-4316
-3926
-3114
-2135
-549
1351
3095
4839
6530
7953
8931
9585
9461
8802
7679
6224
4992
3459
2045
762
-773
-1993
-3186
-4448
-5589
-6969
-8256
-9408
-10234
-10546
-10352
-9714
-8656
-7338
-5825
-4020
-2189
-352
1542
2925
3998
4748
5069
5466
5505
5707
5640
5107
4564
3630
2710
1667
473
-777
-2404
-3858
-5178
-6357
-7112
-7564
-7534
-7158
-6546
-5737
-4793
-3784
-2727
-1524
-363
902
2295
3676
5099
6353
7506
8439
8958
9334
9503
9580
9660
9603
9572
9449
9366
9091
8240
6638
4236
1473
-2039
-4836
-7341
-9548
-10725
-11917
-11721
-11042
-9865
-7948
-6584
-5272
-4125
-3207
-2003
-744
574
1988
3212
4582
6164
7643
8879
9726
9764
9146
8173
6772
5430
3742
1916
238
-1679
-2985
-4091
-5124
-5776
-6680
-7559
-8411
-9169
-9457
-9545
-9316
-8758
-8041
-6875
-5251
-3330
-1331
733
2483
3687
4553
4972
5203
5024
4918
4633
4128
3653
3031
2495
1773
979
-4
-1311
-2575
-3750
-4920
-5635
-6190
-6371
-6332
-6080
-5448
-4654
-3615
-2493
-1249
-183
839
1973
2992
4093
5060
6125
6907
7564
8250
8768
9384
9796
10224
10485
10526
10555
10303
9273
7323
4906
1765
-1633
-4360
-7117
-9029
-10717
-11957
-11952
-11885
-10627
-9104
-7941
-6469
-5458
-4259
-2856
-1516
78
1542
2921
4535
6243
7734
9220
10172
10504
10284
9344
8214
6858
5025
3290
1204
-863
-2441
-4027
-5176
-6054
-6926
-7668
-8409
-8950
-9211
-9415
-9302
-8956
-8370
-7268
-5825
-4048
-2158
-252
1488
2769
3813
4648
5055
5084
5002
4492
3812
3047
2298
1573
733
216
-399
-1252
-1976
-2873
-3803
-4631
-5337
-5764
-5956
-5847
-5254
-4421
-3287
-2004
-697
616
1754
2777
3716
4448
5109
5754
6223
6719
7193
7709
8166
8659
9306
9725
10115
10366
10189
9325
7437
5288
2255
-791
-3211
-5912
-7692
-9686
-10812
-11104
-11203
-9965
-8937
-7784
-6615
-5617
-4512
-3453
-2176
-939
217
1408
2837
4408
5958
7645
8875
9567
9900
9611
9074
7864
6208
4440
2200
315
-1296
-2840
-3898
-4985
-5901
-6642
-7424
-7829
-8225
-8598
-8623
-8663
-8403
-7661
-6608
-5178
-3542
-1789
-8
1555
3057
4292
4972
5389
5391
4884
4146
3203
2341
1460
633
97
-642
-1288
-1912
-2781
-3485
-4229
-4891
-5336
-5749
-5749
-5586
-5197
-4350
-3279
-1993
-534
904
2515
3899
5090
6146
6740
7194
7507
7758
7991
8197
8579
9052
9452
10038
10381
10134
9075
7297
5031
2010
-617
-3216
-5687
-7796
-9947
-10858
-11408
-10850
-9513
-8368
-6949
-5715
-4472
-3361
-2360
-1377
-629
-66
773
1941
3309
4882
6428
7565
8460
8863
8977
8689
7781
6640
4937
3012
1242
-593
-2095
-3450
-4636
-5519
-6265
-6588
-6739
-6827
-6869
-7005
-7201
-7315
-7137
-6753
-6121
-5156
-3871
-2376
-773
1005
2434
3576
4429
4727
4683
4206
3578
2734
1764
1039
365
-269
-859
-1364
-1841
-2333
-2766
-3180
-3649
-4240
-4681
-5016
-5094
-4794
-4193
-3211
-2057
-577
1030
2591
4245
5554
6706
7512
8074
8752
9094
9538
9782
9901
10159
10274
10334
9798
8739
7234
4891
2553
26
-2621
-5167
-7937
-9881
-11390
-11897
-11434
-10619
-9265
-7896
-6261
-4778
-3331
-1920
-790
124
826
1629
2385
3308
4246
5033
6006
6845
7502
8059
8111
7835
6944
5575
4042
2165
358
-1505
-3237
-4643
-5810
-6511
-6803
-6790
-6607
-6406
-6142
-5949
-5663
-5435
-5270
-5006
-4581
-3919
-3045
-1870
-751
274
1236
2085
2813
3265
3538
3480
3005
2358
1614
759
-156
-934
-1698
-2391
-2917
-3245
-3441
-3523
-3488
-3446
-3328
-3103
-2803
-2467
-2025
-1434
-695
241
1289
2652
4015
5241
6402
7470
8388
9276
9945
10338
10636
10788
10819
10267
9350
8116
6123
4133
2035
-111
-2268
-4754
-6711
-8425
-9621
-10087
-10220
-9834
-9238
-8374
-7293
-6109
-4677
-3205
-1904
-741
425
1455
2494
3444
4193
5003
5679
6360
6912
7148
7197
6898
6264
5355
4232
2944
1437
-81
-1513
-2923
-4119
-5162
-5979
-6501
-6799
-6850
-6745
-6473
-6119
-5735
-5250
-4637
-3963
-3249
-2491
-1755
-1149
-461
248
934
1604
2135
2569
2702
2619
2566
2326
1861
1281
597
-135
-910
-1601
-2206
-2815
-3310
-3579
-3660
-3522
-3163
-2812
-2371
-1876
-1237
-457
297
1268
2135
2914
3674
4383
5220
5984
6807
7495
8036
8603
9087
9371
9323
9010
8195
7017
5746
4110
2412
327
-1855
-3823
-5647
-6863
-7703
-8182
-8334
-8164
-7645
-6789
-5593
-4228
-2940
-1841
-899
-75
565
1184
1678
1970
2321
2580
2907
3217
3497
3836
3926
3981
3876
3578
3187
2498
1678
709
-345
-1279
-2217
-3063
-3749
-4371
-4691
-4951
-5011
-4944
-4778
-4371
-3858
-3216
-2604
-2010
-1498
-1058
-729
-318
-34
124
159
66
23
-16
118
183
191
92
-97
-356
-621
-853
-1177
-1430
-1644
-1871
-1924
-1812
-1682
-1502
-1333
-1156
-915
-504
-44
500
939
1344
1641
2033
2506
2951
3461
3939
4420
4697
5050
5475
5821
6074
6039
5846
5488
4981
4424
3697
2884
1876
780
-273
-1209
-1922
-2591
-3038
-3354
-3521
-3414
-2998
-2395
-1662
-947
-314
140
432
693
894
924
877
689
453
201
-83
-206
-268
-405
-519
-670
-741
-814
-872
-947
-1113
-1248
-1426
-1584
-1706
-1740
-1699
-1676
-1589
-1465
-1250
-969
-610
-252
-60
41
188
347
558
678
679
619
333
90
-170
-441
-824
-1315
-1788
-2219
-2461
-2626
-2645
-2622
-2621
-2644
-2577
-2376
-2082
-1786
-1519
-1296
-1102
-896
-594
-324
-109
51
135
168
240
471
732
957
1156
1265
1404
1690
1929
2296
2510
2604
2691
2772
2829
2910
3055
3150
3245
3274
3287
3270
3216
3077
2790
2374
2011
1648
1306
1137
975
780
609
500
427
387
341
315
269
213
137
20
-138
-373
-663
-906
-1179
-1401
-1561
-1699
-1790
-1936
-2057
-2145
-2224
-2235
-2203
-2108
-2050
-2051
-2035
-1966
-1801
-1568
-1228
-953
-746
-539
-388
-248
-23
125
139
142
63
-19
-42
-138
-252
-414
-634
-918
-1157
-1397
-1640
-1849
-2009
-2083
-2083
-1886
-1733
-1551
-1395
-1223
-1063
-940
-691
-496
-280
-84
100
252
452
607
756
818
811
739
647
701
777
964
1103
1238
1269
1280
1339
1466
1600
1753
1928
2035
2207
2383
2534
2743
2914
3079
3123
3117
3148
3012
2863
2645
2342
2058
1782
1525
1378
1165
952
646
365
144
-109
-328
-534
-749
-1023
-1228
-1425
-1632
-1771
-1864
-1983
-2171
-2311
-2343
-2315
-2167
-2092
-1971
-1819
-1697
-1510
-1369
-1187
-1061
-987
-909
-835
-763
-671
-631
-556
-477
-440
-396
-400
-406
-453
-539
-594
-608
-685
-742
-742
-816
-942
-1091
-1147
-1174
-1171
-1103
-984
-855
-723
-590
-410
-250
-143
-8
63
180
276
412
504
654
720
770
759
687
629
556
532
467
376
318
276
196
122
16
-92
-185
-161
-42
167
495
963
1404
1821
2205
2556
2866
3073
3240
3260
3224
3161
3078
2996
2951
2810
2637
2384
2054
1678
1349
972
578
130
-327
-723
-1009
-1242
-1479
-1665
-1948
-2140
-2331
-2355
-2343
-2311
-2262
-2242
-2170
-2067
-1817
-1587
-1296
-1103
-1002
-872
-813
-720
-737
-766
-756
-758
-746
-741
-751
-764
-778
-776
-750
-714
-728
-759
-750
-758
-760
-631
-506
-415
-352
-365
-354
-328
-315
-279
-233
-173
-98
1
136
257
366
400
409
392
388
370
372
398
345
258
255
204
199
118
2
-78
-210
-349
-461
-511
-617
-608
-469
-301
-90
151
375
635
940
1302
1602
1800
2033
2158
2303
2486
2659
2744
2832
2842
2740
2554
2383
2211
1865
1544
1146
747
386
14
-367
-733
-1012
-1257
-1423
-1505
-1619
-1681
-1828
-1952
-1979
-1900
-1697
-1535
-1360
-1217
-1073
-954
-828
-673
-616
-555
-581
-561
-545
-550
-593
-638
-746
-794
-815
-893
-893
-936
-963
-961
-943
-898
-822
-735
-637
-571
-505
-430
-360
-297
-185
20
168
357
494
579
675
686
673
721
718
653
587
466
381
244
142
35
-45
-109
-149
-214
-333
-393
-484
-583
-668
-687
-617
-519
-329
-176
14
201
432
604
783
907
972
1051
1168
1286
1413
1564
1617
1768
1876
2029
2182
2187
2096
2015
1885
1721
1584
1370
1144
886
590
307
93
-160
-391
-588
-839
-986
-1107
-1150
-1135
-1149
-1135
-1108
-1068
-998
-955
-936
-931
-938
-967
-938
-907
-822
-752
-734
-763
-765
-775
-804
-803
-851
-762
-655
-599
-518
-534
-600
-653
-717
-763
-830
-818
-777
-661
-556
-427
-270
-85
100
261
370
485
564
634
652
527
407
193
20
-107
-214
-260
-350
-403
-400
-454
-528
-575
-616
-654
-623
-635
-594
-459
-403
-334
-240
-141
45
256
410
563
637
726
795
846
865
906
894
873
896
939
976
1013
980
983
1058
1093
1083
1070
1110
1121
1143
1071
1022
881
793
717
714
666
590
501
277
132
-51
-230
-335
-418
-488
-553
-564
-635
-741
-836
-923
-1038
-1125
-1199
-1234
-1200
-1153
-1075
-1007
-960
-841
-791
-744
-679
-672
-637
-662
-629
-562
-532
-514
-591
-662
-684
-716
-599
-434
-208
33
228
374
435
513
501
469
428
384
346
331
277
184
89
23
-45
-52
-121
-135
-72
-54
-17
92
87
46
81
99
166
224
257
299
339
397
429
451
495
513
557
556
550
553
598
623
638
606
534
526
552
485
391
338
213
112
78
30
75
89
163
219
274
306
258
219
243
308
297
327
349
321
207
33
-56
-132
-256
-278
-360
-491
-553
-777
-917
-1041
-1087
-1073
-1125
-1160
-1120
-1136
-1056
-936
-869
-778
-770
-755
-834
-827
-774
-750
-639
-515
-437
-359
-212
-138
-65
-10
69
122
152
228
261
280
215
155
71
9
-3
-26
40
62
45
119
130
189
238
252
299
329
312
268
239
223
198
115
21
-38
-138
-178
-189
-167
-76
-53
36
131
199
264
334
465
592
689
730
735
679
624
575
485
424
443
434
390
254
177
81
-52
-115
-122
-138
-128
-97
-150
-139
-194
-224
-123
-44
26
113
213
221
205
172
156
122
69
9
-2
-60
-65
-53
-88
-128
-223
-277
-351
-370
-410
-466
-506
-585
-614
-668
-667
-606
-573
-523
-471
-372
-276
-196
-107
-62
-19
21
-27
-100
-94
-88
-58
-41
21
56
75
166
190
253
354
444
502
563
537
560
597
581
570
473
311
229
170
49
-124
-306
-419
-592
-669
-704
-648
-583
-509
-437
-384
-251
-92
50
114
194
286
350
383
414
492
566
541
532
561
562
535
476
417
328
253
137
57
-49
-228
-344
-430
-435
-394
-363
-373
-408
-425
-380
-316
-231
-137
-56
30
59
115
184
159
219
217
161
148
169
177
114
-1
-29
-60
-103
-107
-151
-141
-218
-224
-259
-313
-251
-289
-277
-262
-269
-298
-297
-282
-261
-291
-237
-181
-130
-11
9
143
218
371
477
532
505
496
483
536
576
642
665
635
494
407
321
243
231
135
13
-99
-182
-209
-227
-280
-321
-375
-377
-358
-313
-302
-239
-227
-202
-133
-110
-27
-9
83
102
181
281
348
408
418
441
376
304
201
138
60
31
-40
-141
-179
-249
-329
-378
-392
-365
-372
-288
-253
-208
-144
-72
39
147
246
326
338
393
418
371
384
312
329
314
308
263
238
188
87
-7
-116
-211
-290
-369
-399
-473
-591
-630
-733
-705
-641
-644
-565
-447
-351
-286
-206
-61
50
203
337
467
556
676
743
757
852
837
775
690
593
468
332
181
86
-42
-232
-291
-363
-407
-373
-383
-380
-370
-329
-276
-203
-128
-177
-218
-229
-266
-253
-213
-182
-154
-124
-28
28
105
194
258
266
204
179
122
45
-15
-107
-198
-336
-358
-409
-473
-505
-554
-562
-601
-546
-515
-481
-407
-337
-234
-67
78
270
360
421
478
501
544
590
616
589
644
633
629
618
573
517
468
297
153
63
-42
-217
-403
-525
-642
-764
-824
-886
-936
-882
-823
-774
-659
-524
-384
-233
-173
40
281
423
589
722
899
1005
1062
1067
1008
936
807
786
697
559
392
278
153
30
-54
-92
-165
-203
-199
-231
-159
-97
-78
10
30
45
94
157
157
122
91
44
40
33
138
233
315
361
360
364
335
297
209
83
-27
-229
-323
-407
-499
-494
-613
-557
-597
-590
-498
-468
-426
-346
-277
-193
-88
-5
103
178
245
328
319
428
470
442
564
612
677
715
819
811
834
803
766
654
571
423
223
48
-165
-284
-416
-494
-497
-486
-481
-458
-436
-431
-400
-390
-322
-237
-174
56
191
368
509
567
708
674
721
722
636
544
476
398
253
196
87
24
-103
-155
-207
-308
-334
-374
-296
-227
-187
-125
-70
22
97
178
309
336
372
390
423
424
435
430
440
429
375
387
363
308
208
88
9
-106
-226
-263
-362
-507
-570
-647
-652
-635
-600
-476
-418
-389
-244
-183
-81
87
218
370
489
596
655
679
664
651
575
593
600
623
621
589
641
577
512
386
317
252
171
90
-18
-142
-268
-376
-419
-453
-389
-337
-288
-206
-174
-49
-76
-67
-43
19
95
184
297
360
414
490
496
480
477
420
346
269
207
90
-16
-97
-170
-198
-215
-244
-195
-222
-154
-129
-114
-155
-173
-77
3
122
183
257
287
347
428
531
517
557
565
522
496
515
431
337
278
190
65
-121
-228
-403
-533
-658
-678
-675
-612
-530
-547
-474
-485
-494
-515
-427
-347
-251
-64
93
351
474
624
752
863
887
847
865
790
714
642
609
460
402
312
258
198
89
-60
-227
-358
-486
-480
-576
-578
-538
-610
-583
-532
-488
-407
-317
-250
-48
59
158
276
384
443
502
508
503
539
469
524
446
363
222
78
-45
-145
-229
-296
-316
-386
-318
-262
-193
-189
-112
-40
-10
36
8
43
72
94
98
158
248
320
372
474
482
494
478
423
468
385
406
415
444
499
474
462
368
292
104
-18
-30
-44
-15
93
226
352
405
436
470
465
427
412
441
565
640
743
822
950
997
970
965
933
936
942
1003
1016
1040
1013
886
746
560
283
99
-107
-254
-354
-460
-575
-687
-860
-972
-1066
-1196
-1232
-1269
-1255
-1277
-1283
-1241
-1213
-1217
-1225
-1210
-1179
-1119
-981
-869
-714
-674
-693
-726
-855
-894
-957
-993
-1002
-958
-899
-785
-706
-675
-643
-589
-535
-455
-323
-184
-15
172
351
618
863
1099
1329
1441
1641
1824
2126
2457
2703
2887
3133
3346
3553
3719
3764
3703
3433
3050
2662
2231
1914
1686
1363
1103
605
186
-223
-643
-979
-1446
-1800
-2066
-2270
-2277
-2238
-2238
-2345
-2568
-2681
-2691
-2577
-2341
-2134
-1874
-1633
-1379
-1128
-957
-847
-841
-802
-701
-482
-235
-30
77
165
120
11
-74
-266
-397
-512
-575
-585
-538
-508
-626
-838
-1113
-1278
-1352
-1304
-1222
-1173
-1164
-1155
-1148
-1120
-1082
-1137
-1202
-1270
-1321
-1318
-1274
-1232
-1271
-1261
-1204
-1084
-967
-901
-833
-788
-705
-560
-404
-224
-80
24
248
566
833
1110
1406
1682
1937
2266
2670
3042
3425
3778
4178
4467
4588
4585
4332
3890
3487
3067
2786
2565
2222
1794
1158
569
77
-351
-747
-1269
-1847
-2327
-2562
-2512
-2367
-2438
-2744
-3119
-3378
-3346
-3065
-2763
-2498
-2261
-2061
-1820
-1499
-1177
-977
-955
-869
-717
-394
-53
329
593
653
760
799
845
823
729
650
635
604
658
531
346
63
-218
-297
-361
-388
-477
-687
-813
-898
-911
-858
-947
-1142
-1317
-1435
-1499
-1469
-1412
-1469
-1583
-1730
-1689
-1581
-1425
-1284
-1218
-1163
-1118
-965
-756
-542
-387
-232
-35
166
346
649
869
1165
1447
1745
2070
2273
2543
2871
3264
3690
4121
4568
4896
5171
5380
5355
5099
4680
4248
3861
3574
3272
2888
2198
1512
965
453
-27
-651
-1466
-2202
-2686
-2785
-2652
-2650
-2837
-3215
-3529
-3668
-3485
-3083
-2815
-2568
-2381
-2204
-1802
-1374
-1134
-970
-958
-935
-758
-378
109
435
553
560
456
479
513
553
532
426
347
328
397
400
330
87
-89
-110
-52
-39
-86
-175
-304
-409
-471
-496
-707
-949
-1276
-1518
-1606
-1711
-1765
-1922
-2135
-2216
-2220
-2127
-2021
-1921
-1830
-1876
-1746
-1519
-1288
-1020
-888
-671
-414
9
401
707
980
1181
1437
1716
2052
2277
2571
2777
3006
3353
3736
4226
4594
4919
5245
5352
5323
4957
4582
4136
3755
3669
3395
3022
2321
1585
1009
489
48
-522
-1423
-2258
-2818
-2921
-2679
-2629
-2799
-3269
-3699
-3708
-3438
-2924
-2531
-2381
-2313
-2206
-1861
-1395
-1091
-918
-976
-1025
-869
-511
27
313
294
106
-61
-88
81
89
41
-80
-234
-49
93
230
312
136
82
169
336
624
609
452
329
165
183
99
-181
-480
-883
-1146
-1330
-1393
-1479
-1787
-2072
-2299
-2330
-2213
-2112
-2108
-2146
-2164
-2059
-1759
-1436
-1140
-839
-621
-308
137
533
950
1253
1498
1835
2194
2509
2776
2999
3119
3267
3593
3888
4236
4545
4787
5003
5156
5184
4790
4383
3868
3508
3491
3252
2964
2346
1471
973
528
167
-238
-1143
-1913
-2471
-2540
-2244
-2047
-2180
-2693
-3248
-3496
-3382
-2932
-2594
-2464
-2392
-2416
-2183
-1706
-1334
-1181
-1278
-1436
-1383
-1035
-547
-213
-45
-174
-304
-243
-158
41
155
128
262
312
426
666
685
806
781
712
801
796
732
651
463
282
63
-207
-504
-857
-1252
-1589
-1793
-2034
-2305
-2582
-2866
-3117
-3156
-3060
-2890
-2771
-2719
-2660
-2487
-2155
-1737
-1380
-1015
-661
-324
59
501
928
1324
1695
1998
2354
2673
3001
3232
3440
3446
3487
3567
3731
4060
4357
4671
4878
4901
4798
4323
3940
3580
3206
3201
2838
2499
2023
1225
885
671
396
18
-784
-1530
-1964
-2084
-1760
-1635
-1821
-2387
-3057
-3307
-3298
-2948
-2650
-2611
-2720
-2902
-2801
-2486
-2229
-2050
-2210
-2461
-2380
-2023
-1476
-968
-625
-496
-438
-406
-257
81
405
769
987
1067
1140
1116
1313
1379
1448
1389
1155
1017
855
778
769
548
217
-232
-818
-1160
-1491
-1581
-1685
-1969
-2270
-2663
-2843
-2940
-2843
-2716
-2626
-2603
-2507
-2260
-1994
-1653
-1296
-923
-698
-377
-58
372
787
1262
1612
1845
2060
2157
2347
2548
2708
2826
2879
2823
2868
3016
3319
3697
3961
4213
4390
4436
4310
3906
3642
3199
3044
3142
2930
2740
2129
1469
1194
985
781
414
-467
-1249
-1808
-1955
-1688
-1593
-1803
-2440
-3207
-3585
-3631
-3280
-2934
-2975
-3138
-3452
-3419
-3026
-2584
-2278
-2322
-2434
-2332
-2035
-1292
-549
-42
99
-44
6
142
680
1134
1298
1386
1207
1172
1371
1423
1581
1381
1030
866
534
534
499
299
83
-381
-797
-1135
-1439
-1587
-1794
-1898
-2059
-2302
-2334
-2378
-2411
-2399
-2410
-2278
-2110
-1949
-1739
-1498
-1239
-969
-680
-455
-243
-71
134
482
801
988
1188
1195
1246
1398
1576
1766
1894
1906
1955
2112
2389
2841
3282
3593
3806
4070
4343
4491
4275
4152
3934
3729
3913
3774
3545
3085
2284
1887
1548
1223
896
55
-878
-1603
-1998
-1895
-1836
-2038
-2544
-3406
-3947
-4042
-3767
-3368
-3282
-3400
-3589
-3624
-3197
-2609
-2103
-1973
-2132
-2116
-1894
-1341
-556
-19
193
67
-21
-82
269
656
940
1168
971
893
858
909
1112
1092
951
731
354
186
94
126
189
59
-252
-676
-1055
-1191
-1276
-1289
-1322
-1533
-1792
-1976
-2081
-2010
-1908
-1869
-1842
-1972
-2233
-2536
-2720
-2620
-2329
-1912
-1286
-641
-147
378
768
1071
1371
1554
1830
2075
2324
2620
2636
2563
2601
2833
3372
4019
4715
5216
5723
6086
6301
6011
4841
3475
2106
1062
1009
1071
1266
1080
-219
-1406
-2432
-2987
-2814
-2761
-2668
-2608
-2844
-2933
-3122
-3456
-3706
-3981
-3744
-3015
-1945
-790
-111
103
-68
-236
196
929
1751
2403
2431
2221
1850
1412
1176
963
793
594
415
304
167
-59
-758
-1729
-2405
-3038
-3033
-2428
-2171
-1886
-2297
-3012
-3240
-3462
-3026
-2306
-1979
-1515
-1388
-1330
-1102
-917
-642
-374
-16
382
830
1122
1215
1060
736
427
370
390
430
323
-72
-550
-1090
-1450
-1574
-1510
-1266
-1004
-676
-410
-203
-25
266
665
1282
2041
2802
3548
4222
4916
5646
6572
7666
8646
9019
8235
6428
4407
2539
1722
1975
2255
2036
443
-2232
-4445
-6016
-6396
-5876
-5492
-5173
-5200
-5496
-5427
-5192
-4768
-4051
-3253
-2038
-600
942
2156
2588
2484
2235
2410
3288
4351
5115
5036
4117
2831
1511
654
370
240
-34
-707
-1606
-2692
-3677
-4432
-5045
-5260
-5141
-4705
-4113
-3708
-3695
-4123
-4152
-3686
-2600
-858
417
1282
1541
1193
1408
1841
2512
3487
3694
3604
3263
2444
1804
1092
481
-14
-440
-861
-1350
-1994
-2886
-3701
-4363
-4640
-4300
-3840
-3467
-3217
-3316
-3318
-3010
-2337
-1386
-393
686
1443
2089
2556
2971
3536
4109
4813
5482
6144
6654
7037
7397
7780
8376
9012
9378
8968
7040
4244
1528
-849
-1574
-1191
-1110
-1801
-4216
-7175
-9276
-10218
-9381
-7707
-6274
-5245
-5135
-5303
-4834
-3741
-1993
-90
1712
3259
4411
5156
5376
5360
5182
5330
5691
6042
5992
5191
3696
1661
-394
-1865
-2719
-3100
-3280
-3847
-4770
-6027
-7149
-7668
-7427
-6444
-5107
-4076
-3551
-2978
-2795
-2035
-653
762
2503
3547
4216
4435
4250
4269
4218
4326
4510
4215
3603
2561
1258
76
-1112
-1924
-2665
-3148
-3715
-4404
-4912
-5552
-5807
-5738
-5263
-4613
-3863
-3189
-2619
-2048
-1518
-776
147
1132
2155
2924
3372
3731
3960
4199
4508
4831
5191
5261
5274
5205
5292
5583
6042
6726
7243
7380
6512
4419
1806
-418
-2174
-2443
-1835
-1725
-2314
-4483
-6996
-8637
-9069
-7798
-5805
-4189
-3170
-3143
-3572
-3394
-2425
-745
1353
3236
4430
4860
4671
4418
4277
4313
4680
4867
4777
4264
3086
1462
-340
-1959
-3061
-3524
-3550
-3528
-3979
-4860
-5998
-6754
-6696
-5690
-4264
-2919
-2024
-1996
-1703
-1458
-550
1466
2735
3998
4414
3999
3852
3340
3368
3464
3051
2694
1948
818
-275
-1487
-2579
-3504
-4096
-4334
-4551
-4814
-4977
-5412
-5640
-5350
-4792
-3847
-2864
-1812
-1199
-788
-182
379
1121
2127
3039
3662
4069
4133
4077
4161
4333
4670
4809
4869
4810
4581
4590
4875
5402
6064
6732
6949
6056
3896
1361
-812
-2302
-1967
-1163
-977
-1689
-4088
-6544
-8034
-8054
-6524
-4660
-3132
-2426
-2906
-3478
-3303
-2259
-422
1743
3368
4231
4352
3996
3765
3840
4221
4691
4873
4614
3851
2552
1086
-438
-1814
-2790
-3319
-3423
-3628
-4072
-5038
-6228
-6981
-6820
-5731
-4270
-2609
-1937
-1977
-1818
-1666
-484
1267
2858
3996
4195
3987
3480
3138
3212
3358
3234
2787
2107
951
-272
-1421
-2534
-3311
-3842
-4057
-4237
-4561
-4716
-5016
-5291
-5113
-4529
-3775
-2832
-1896
-1397
-937
-309
276
1000
1802
2608
3097
3437
3852
3969
4083
4263
4361
4250
4272
4290
4427
4768
4999
5584
5896
6414
6783
5932
4287
2008
-190
-1661
-1444
-616
-393
-1093
-3612
-6259
-7849
-7821
-6163
-4396
-2951
-2556
-3366
-4103
-3923
-2796
-873
1308
2791
3545
3734
3460
3370
3576
4097
4693
4905
4723
4063
2759
1251
-196
-1472
-2208
-2616
-2912
-3377
-4059
-5094
-6101
-6630
-6432
-5473
-4227
-2932
-2202
-2336
-2225
-1942
-1334
775
2534
3663
4323
3705
3071
2654
2957
3647
3735
3590
2752
1207
-196
-1106
-1752
-2170
-2223
-2737
-3581
-4251
-4781
-4962
-4879
-4385
-3898
-3607
-3121
-2709
-2360
-1686
-833
-92
708
1604
2252
2701
3084
3370
3551
3917
4369
4657
4766
4641
4395
4305
4596
5297
6016
6640
7109
6996
5791
3809
1791
-36
-1044
-688
-305
-446
-1566
-4079
-6420
-7689
-7356
-5855
-4190
-2912
-2759
-3565
-3991
-3603
-2355
-272
1812
3044
3610
3644
3317
3358
3873
4758
5413
5426
5036
3946
2464
1272
227
-706
-1370
-2046
-2794
-3508
-4362
-5274
-5944
-6314
-6113
-5396
-4422
-3353
-2784
-2590
-2345
-1855
-782
868
2360
3341
3657
3369
3088
2913
3156
3560
3520
3132
2203
968
-280
-1253
-1817
-2467
-2861
-3354
-4120
-4677
-5188
-5390
-5352
-4944
-4428
-4016
-3499
-3039
-2565
-1882
-909
71
1023
1943
2559
2911
3395
3903
4379
4833
5175
5292
5211
5257
5229
5384
5834
6312
6790
7259
7524
6912
5171
2792
487
-1321
-1558
-813
-580
-1162
-3421
-6196
-8034
-8298
-6878
-5146
-3745
-3306
-4092
-4887
-4655
-3401
-1351
846
2323
3041
3200
3084
3068
3546
4360
5193
5568
5400
4676
3330
1969
830
23
-528
-1015
-1794
-2748
-3759
-4772
-5494
-5811
-5703
-5273
-4722
-4040
-3400
-2956
-2597
-2188
-1699
-734
711
1710
2573
3144
2908
2639
2462
2511
2667
2692
2605
1735
554
-284
-1269
-2054
-2279
-2729
-3349
-3824
-4274
-4531
-4698
-4569
-4258
-4000
-3562
-3019
-2627
-2006
-1319
-564
201
1048
1841
2348
2897
3300
3691
4149
4584
4945
5110
5205
5314
5453
5896
6478
7017
7580
8031
7610
5701
3547
1205
-757
-876
-244
254
-327
-2645
-5584
-7800
-8249
-6993
-5334
-3978
-3569
-4435
-5437
-5350
-4171
-2118
195
1683
2323
2528
2470
2661
3137
4020
5021
5557
5546
4891
3644
2376
1378
555
171
-151
-876
-1869
-3225
-4408
-5247
-5657
-5483
-5104
-4761
-4468
-4216
-3966
-3390
-2710
-1867
-648
486
1419
2193
2485
2584
2613
2838
3231
3370
3359
2947
1885
713
-217
-926
-1343
-1507
-2007
-2775
-3723
-4582
-4907
-5000
-4514
-3992
-3784
-3491
-3483
-3336
-2828
-2023
-974
1
878
1515
1880
2260
2761
3377
4119
4685
5008
5158
5110
5106
5205
5482
6041
6396
6929
7610
8052
7730
5918
3734
1280
-635
-570
35
636
37
-2655
-5718
-7961
-8258
-6894
-5133
-3872
-3836
-4917
-5875
-5541
-4065
-1810
382
1479
1980
2090
2160
2609
3269
4265
5045
5382
5362
4750
3699
2503
1392
545
114
-128
-761
-1735
-3027
-4329
-5168
-5608
-5398
-4960
-4608
-4248
-4123
-3888
-3302
-2572
-1650
-414
701
1546
2212
2636
2857
2963
3116
3249
3243
3078
2710
1817
841
-28
-939
-1606
-1981
-2501
-3304
-4128
-4921
-5230
-5216
-4917
-4464
-4287
-4104
-3879
-3598
-2918
-1951
-816
166
914
1544
1897
2459
3057
3736
4403
4893
5171
5095
4966
5007
5220
5610
6216
6790
7283
7875
8046
6788
4756
2433
23
-869
-298
420
541
-1219
-4375
-7160
-8525
-7699
-5854
-4240
-3541
-4330
-5615
-5928
-4960
-2958
-527
1142
1853
2035
2031
2346
2937
3743
4637
5168
5235
4959
4093
2923
1831
718
76
-263
-712
-1386
-2488
-3854
-4929
-5627
-5723
-5367
-5057
-4659
-4342
-4128
-3643
-2962
-2174
-1027
135
1240
2147
2635
3018
3025
3144
3428
3356
3334
3106
2298
1343
218
-764
-1485
-2057
-2488
-3262
-4216
-4917
-5407
-5525
-5219
-4854
-4502
-4258
-3926
-3472
-2825
-1854
-777
134
1078
1877
2435
3020
3604
4301
4866
5383
5689
5702
5672
5538
5579
5874
6365
6883
7310
7615
7942
6984
4981
3003
360
-1109
-805
-318
162
-981
-3873
-6654
-8476
-8106
-6310
-4512
-3316
-3634
-5014
-5648
-4936
-3151
-562
1413
2159
2248
2043
2273
3019
3929
4924
5287
5142
4700
3834
2842
1984
1065
183
-429
-1150
-1911
-2846
-4109
-5043
-5695
-5841
-5483
-5227
-4897
-4606
-4447
-3805
-2866
-1905
-672
452
1349
2061
2482
2876
3134
3300
3596
3596
3258
2886
2089
1029
90
-746
-1355
-1922
-2563
-3350
-4408
-5196
-5432
-5512
-5229
-4771
-4645
-4469
-4144
-3532
-2640
-1566
-324
451
1207
1955
2568
3350
4013
4730
5247
5587
5900
5869
5808
5708
5573
5825
6216
6747
7164
7440
7675
6364
4221
2241
-324
-1442
-941
-490
-119
-1503
-4361
-6969
-8428
-7644
-5675
-4003
-3004
-3414
-4861
-5277
-4357
-2359
282
1982
2486
2359
1858
2085
2930
3926
4979
5181
4772
4060
2991
2067
1412
600
-115
-752
-1671
-2504
-3490
-4624
-5371
-5756
-5714
-5166
-4823
-4606
-4532
-4430
-3702
-2597
-1402
24
1127
1761
2232
2510
2791
3086
3359
3743
3675
3091
2474
1399
324
-532
-1148
-1695
-2325
-2886
-3821
-4819
-5362
-5553
-5424
-4955
-4610
-4478
-4310
-3858
-3159
-2149
-831
309
1098
1748
2387
2880
3621
4556
5317
5853
6176
6105
5914
5875
5918
6195
6672
7151
7461
7632
7587
6245
4109
2155
-236
-1326
-920
-648
-396
-1916
-4744
-7128
-8450
-7539
-5497
-3790
-2874
-3412
-4803
-5174
-4211
-2107
672
2437
2858
2458
1789
1883
2651
3752
4987
5313
4876
3953
2579
1375
617
43
-344
-654
-1466
-2427
-3656
-5053
-5946
-6362
-5909
-4929
-4258
-3902
-4139
-4579
-4203
-3128
-1387
533
1954
2570
2622
2594
2811
3235
3959
4589
4455
3926
2987
1692
601
-135
-665
-1204
-1847
-2594
-3683
-4808
-5450
-5827
-5865
-5324
-4822
-4467
-4266
-4032
-3684
-2929
-1499
-20
1160
2104
2621
2867
3325
4008
4882
5726
6244
6356
6093
5943
5891
6031
6365
6848
7428
7675
7872
6841
4498
2433
-92
-1445
-759
-211
136
-1237
-4289
-6861
-8448
-7819
-5650
-3775
-2756
-3215
-4706
-5262
-4373
-2494
169
2082
2682
2712
2115
2048
2563
3113
4223
4878
4813
4500
3339
1888
675
-327
-814
-900
-1166
-1820
-2906
-4498
-5690
-6428
-6353
-5395
-4542
-3830
-3663
-4066
-4157
-3700
-2495
-559
1205
2502
3056
3038
2917
2885
3364
4045
4527
4578
3959
2625
1091
-171
-856
-1113
-1400
-1922
-3039
-4321
-5408
-5994
-5919
-5476
-4839
-4467
-4357
-4188
-3844
-3152
-1972
-583
552
1496
2157
2650
3226
3810
4503
5127
5587
5854
5854
5818
5821
5767
5872
6145
6579
6865
7172
7345
5938
3829
1871
-528
-1263
-592
-86
20
-1762
-4545
-6844
-7917
-6806
-4876
-3338
-2631
-3411
-4714
-4813
-3710
-1720
730
2090
2394
2219
1722
1906
2381
3109
3994
4195
4102
3626
2431
1234
267
-596
-1002
-1250
-1632
-2190
-3300
-4619
-5542
-6074
-5731
-4906
-4321
-3704
-3652
-3832
-3536
-2904
-1641
-35
1314
2369
2879
3081
3170
3246
3684
4256
4453
4312
3780
2457
1095
3
-677
-885
-1241
-1841
-2985
-4388
-5173
-5632
-5456
-4797
-4521
-4457
-4510
-4453
-3933
-3021
-1754
-687
66
780
1429
2057
2788
3653
4164
4667
5069
5260
5329
5316
5222
5131
5326
5790
6164
6484
6656
6744
6190
4451
2878
865
-754
-605
-265
70
-600
-3005
-5466
-7166
-7146
-5607
-4096
-3011
-3036
-4233
-4842
-4210
-2797
-739
1064
1625
1680
1357
1351
1847
2327
3154
3597
3396
3262
2623
1628
813
-94
-688
-1173
-1501
-1895
-2625
-3638
-4587
-5153
-5206
-4473
-3832
-3312
-2955
-3079
-2883
-2437
-1632
-351
781
1794
2559
2966
3206
3194
3242
3469
3728
3862
3620
2881
1574
216
-747
-1289
-1613
-1847
-2497
-3654
-4695
-5256
-5418
-4962
-4288
-3987
-3948
-3984
-3653
-3177
-2151
-914
-231
473
1151
1613
2204
2897
3581
4140
4518
4937
5053
5080
5165
4955
4942
5408
5923
6207
6511
6645
6766
5836
4068
2494
179
-915
-354
-31
385
-763
-3533
-5748
-7094
-6499
-4693
-3277
-2364
-2878
-4166
-4437
-3602
-2108
-22
1291
1658
1793
1486
1606
1901
2076
2644
2738
2545
2523
1835
915
-22
-1059
-1585
-1828
-2001
-2169
-2850
-3806
-4444
-4811
-4493
-3477
-2694
-2076
-1693
-1577
-1346
-996
-306
799
1746
2674
3380
3513
3393
3044
2889
3008
3197
3253
2754
1588
133
-1287
-2234
-2632
-2725
-2861
-3521
-4360
-5009
-5287
-4969
-4355
-3740
-3270
-3049
-2771
-2354
-1702
-916
-208
411
927
1495
2074
2502
2827
3114
3324
3641
3993
4266
4282
4120
3970
3930
4304
4692
5048
5551
5960
6027
4746
2942
1165
-718
-1017
-236
431
487
-1208
-3605
-5285
-5670
-4203
-2257
-874
-391
-1086
-1991
-2064
-1228
110
1423
2093
2181
1956
1500
1205
913
574
501
277
85
-127
-946
-2022
-3175
-4076
-4256
-4053
-3596
-3204
-3491
-4008
-4358
-4242
-3363
-1997
-696
228
738
955
1120
1364
1995
2979
3733
4327
4565
4101
3191
2289
1731
1543
1510
1380
751
-544
-1991
-3251
-3910
-3847
-3467
-3299
-3671
-4198
-4559
-4398
-3655
-2703
-1862
-1360
-1254
-1154
-907
-504
-84
395
782
1005
1409
1588
1525
1513
1570
1863
2337
2909
3339
3336
3122
2918
2992
3503
4328
5165
5977
6646
6816
5712
3967
2292
753
542
1288
1926
1646
-265
-2861
-4769
-5453
-4364
-2528
-1281
-898
-1413
-2246
-2450
-1995
-812
569
1488
2011
2051
1611
1179
700
230
195
463
707
623
-224
-1552
-2960
-4084
-4204
-3644
-2988
-2573
-2889
-3695
-4270
-4299
-3522
-2198
-888
219
866
1083
1158
1340
1890
2720
3680
4376
4628
4172
3284
2385
1734
1575
1520
1328
717
-475
-1847
-2915
-3661
-3840
-3780
-3742
-3715
-3869
-3915
-3646
-3260
-2740
-2190
-1742
-1307
-901
-612
-437
-367
-162
175
630
1093
1343
1228
1056
967
1152
1622
2197
2628
2645
2421
2205
2374
2900
3657
4482
5296
5935
6430
6226
4970
3454
1844
962
1224
1897
2253
1293
-899
-3233
-4752
-4750
-3486
-1995
-1222
-1363
-2006
-2555
-2500
-2002
-1112
-46
661
1155
1323
1084
641
47
-370
-296
170
524
458
-460
-1877
-3024
-3641
-3520
-3108
-2725
-2548
-2758
-3049
-3250
-3188
-2680
-1820
-794
232
1031
1561
1727
1692
1829
2308
3072
3727
4101
3963
3231
2351
1600
1078
821
603
285
-360
-1322
-2297
-3126
-3638
-3884
-3761
-3490
-3128
-2838
-2661
-2679
-2732
-2466
-2026
-1315
-606
-133
82
26
-37
10
255
599
829
969
1081
1080
1074
1163
1165
1235
1244
1311
1553
1775
2182
2509
2854
3308
3890
4644
5193
5142
4426
3453
2486
1996
2202
2599
2475
1669
259
-1016
-1677
-1794
-1529
-1396
-1590
-1666
-1627
-1516
-1482
-1801
-1959
-1898
-1547
-886
-289
64
46
-324
-748
-956
-867
-545
-406
-452
-756
-1339
-1715
-1946
-2050
-1941
-1877
-1796
-1710
-1776
-1672
-1441
-1046
-582
-197
112
346
604
1061
1569
2036
2390
2408
2181
1783
1334
1129
1204
1197
1082
561
-153
-952
-1674
-2053
-2172
-2118
-2055
-2065
-2170
-2355
-2554
-2591
-2471
-2247
-1921
-1523
-1177
-1040
-1034
-1046
-986
-769
-502
-194
4
62
12
-26
5
82
261
393
527
652
821
946
1024
1251
1563
2061
2539
2987
3379
3737
3914
3847
3779
3571
3376
3232
3125
3055
2901
2461
1895
1348
769
495
244
-83
-391
-869
-1278
-1345
-1387
-1409
-1492
-1791
-2015
-2206
-2169
-1896
-1566
-1419
-1445
-1597
-1779
-1879
-2022
-1913
-1834
-1721
-1449
-1206
-1061
-1213
-1436
-1471
-1320
-797
-112
355
521
324
86
162
530
1080
1551
1596
1251
749
428
465
596
592
343
-209
-668
-1071
-1313
-1467
-1725
-1990
-2202
-2232
-2083
-1951
-2044
-2194
-2411
-2391
-2093
-1744
-1427
-1312
-1385
-1454
-1297
-982
-477
-82
61
69
-25
43
281
635
906
1076
1114
1093
1146
1292
1507
1773
2057
2267
2499
2875
3372
3816
4093
4303
4341
4150
3872
3627
3488
3286
3072
2688
2253
1780
1110
619
175
-150
-523
-1024
-1362
-1600
-1723
-1865
-2108
-2357
-2626
-2834
-2772
-2618
-2355
-2123
-2238
-2358
-2417
-2510
-2246
-1997
-1839
-1520
-1283
-1133
-998
-927
-826
-806
-700
-381
-129
254
500
476
515
506
635
881
1097
1124
840
534
413
456
487
397
70
-322
-706
-981
-1046
-1142
-1315
-1629
-1875
-1964
-1987
-1910
-1852
-1872
-1988
-2008
-1906
-1733
-1575
-1528
-1505
-1428
-1266
-962
-672
-415
-328
-259
-243
-38
326
656
878
974
1047
1056
1209
1351
1595
1845
1978
2185
2395
2636
3056
3539
4123
4506
4567
4390
4092
3745
3693
3755
3721
3490
2896
2154
1426
852
510
229
-67
-419
-938
-1257
-1600
-1877
-2118
-2439
-2654
-2752
-2817
-2650
-2512
-2504
-2551
-2767
-2737
-2466
-2170
-1757
-1576
-1563
-1575
-1571
-1366
-972
-620
-437
-436
-520
-534
-455
-148
141
366
578
527
470
391
234
202
200
253
424
450
323
68
-301
-634
-834
-815
-711
-788
-953
-1278
-1659
-1813
-1833
-1649
-1474
-1452
-1514
-1632
-1756
-1740
-1747
-1579
-1380
-1273
-1079
-1000
-923
-825
-626
-275
109
419
678
838
989
1179
1363
1630
1881
2050
2185
2333
2425
2516
2755
3159
3688
4167
4484
4428
4170
3826
3486
3424
3564
3465
3208
2586
1738
1039
374
123
-36
-247
-478
-934
-1377
-1647
-1882
-2009
-2230
-2408
-2344
-2351
-2231
-2064
-2249
-2459
-2660
-2603
-2148
-1838
-1625
-1637
-1922
-2067
-1993
-1594
-1028
-826
-829
-1030
-1233
-1145
-904
-537
-181
-21
15
64
116
188
142
127
193
278
484
659
604
289
-174
-467
-534
-412
-266
-402
-797
-1290
-1661
-1697
-1503
-1343
-1323
-1474
-1703
-1847
-1903
-1803
-1666
-1566
-1461
-1394
-1300
-1141
-959
-746
-426
-98
268
665
1030
1234
1467
1631
1835
2180
2401
2720
2856
3004
3053
3162
3317
3669
4128
4408
4567
4461
4244
4009
3691
3358
3102
2640
2239
1785
1205
693
26
-481
-756
-1091
-1137
-1312
-1548
-1635
-1885
-2016
-2102
-2192
-2122
-2118
-2059
-1924
-1964
-1998
-2047
-2109
-1961
-1874
-1787
-1621
-1723
-1714
-1641
-1546
-1221
-1123
-1079
-1079
-1181
-1143
-988
-812
-402
-166
-41
84
119
136
95
189
264
390
421
442
295
66
-211
-492
-576
-610
-583
-599
-778
-967
-1125
-1338
-1478
-1520
-1512
-1428
-1357
-1362
-1410
-1601
-1719
-1690
-1530
-1214
-911
-668
-453
-249
39
338
726
1091
1316
1523
1768
2030
2242
2431
2569
2745
2984
3321
3688
4031
4213
4323
4452
4558
4565
4435
4159
3611
3047
2511
2030
1666
1293
811
384
-142
-542
-926
-1187
-1277
-1421
-1456
-1471
-1556
-1633
-1964
-2224
-2400
-2472
-2133
-1878
-1805
-1880
-2168
-2371
-2343
-2217
-1945
-1807
-1697
-1672
-1696
-1644
-1631
-1656
-1617
-1491
-1358
-1117
-934
-809
-721
-697
-524
-252
3
168
36
-131
-217
-281
-115
-13
-61
-206
-448
-633
-763
-818
-843
-828
-839
-814
-862
-946
-1064
-1237
-1311
-1318
-1224
-1067
-918
-944
-995
-996
-961
-723
-340
50
304
458
606
819
1134
1405
1588
1638
1739
1825
2045
2338
2493
2654
2829
3077
3482
3901
4257
4421
4442
4163
3935
3762
3480
3331
2927
2480
2111
1470
1144
779
495
348
-88
-475
-837
-1316
-1387
-1382
-1449
-1440
-1751
-2000
-2287
-2557
-2455
-2377
-2329
-2279
-2424
-2396
-2459
-2614
-2556
-2619
-2510
-2128
-1914
-1659
-1645
-1810
-1871
-1978
-1773
-1348
-955
-577
-504
-524
-454
-437
-248
-40
90
155
64
-46
-156
-205
-241
-300
-358
-410
-495
-571
-613
-627
-635
-664
-702
-763
-760
-871
-955
-1063
-1158
-1104
-926
-700
-511
-433
-445
-447
-308
-12
386
782
966
1049
1106
1274
1474
1613
1790
1844
1944
2052
2237
2466
2683
2969
3106
3390
3816
4147
4378
4204
3843
3258
2707
2452
2424
2399
2254
1717
1123
584
206
313
210
41
-193
-682
-992
-1098
-1144
-1104
-1350
-1661
-1886
-2159
-2119
-2144
-2355
-2449
-2652
-2677
-2595
-2582
-2513
-2630
-2809
-2849
-2726
-2412
-2067
-1980
-2018
-2113
-2151
-1928
-1633
-1166
-794
-601
-547
-496
-390
-209
-34
86
153
42
-75
-185
-223
-197
-243
-266
-312
-326
-376
-481
-583
-614
-684
-609
-564
-496
-513
-713
-908
-1085
-1069
-899
-559
-214
52
22
11
45
251
583
950
1263
1416
1516
1505
1640
1822
1961
2107
2231
2294
2541
2892
3132
3360
3509
3761
4145
4438
4509
4216
3722
3056
2454
2139
2012
2028
1777
1324
789
39
-250
-294
-280
-159
-397
-684
-993
-1284
-1247
-1294
-1482
-1604
-1822
-1880
-1827
-1948
-2045
-2313
-2570
-2512
-2506
-2405
-2314
-2469
-2559
-2699
-2688
-2492
-2309
-2191
-2107
-2152
-2125
-1936
-1657
-1302
-979
-712
-578
-556
-533
-449
-281
-90
155
291
251
122
-74
-214
-251
-173
-86
73
7
-133
-324
-485
-629
-649
-521
-385
-290
-462
-613
-772
-872
-786
-472
-106
183
336
364
362
486
715
1089
1336
1534
1625
1609
1731
1812
1939
2114
2320
2556
2762
2948
3157
3349
3603
3917
4232
4387
4282
3871
3170
2459
2002
1633
1590
1490
1159
825
188
-193
-480
-845
-845
-941
-953
-859
-956
-1086
-1379
-1768
-1938
-2061
-1979
-1712
-1717
-1785
-2039
-2382
-2492
-2431
-2339
-2173
-2203
-2281
-2384
-2507
-2476
-2469
-2309
-2228
-2199
-2238
-2170
-2083
-1894
-1633
-1375
-1072
-929
-852
-795
-675
-612
-387
-102
131
325
425
402
231
120
87
166
389
525
586
429
142
-126
-246
-243
-114
6
-9
-105
-315
-427
-412
-232
-15
226
390
517
666
826
1063
1263
1265
1372
1513
1650
1862
2027
2182
2358
2462
2570
2796
3080
3455
3753
3974
4161
4228
4143
3895
3484
2877
2324
1803
1429
1155
829
700
432
202
4
-357
-571
-878
-1110
-1026
-1032
-979
-991
-1210
-1389
-1682
-1937
-1946
-1954
-1913
-1882
-1895
-1930
-2100
-2172
-2179
-2167
-2096
-2150
-2196
-2279
-2323
-2289
-2260
-2203
-2188
-2213
-2155
-2027
-1873
-1625
-1498
-1446
-1340
-1195
-933
-696
-552
-332
-185
-85
22
239
411
451
504
507
502
580
658
591
550
392
249
153
112
147
75
-38
-136
-206
-169
6
145
213
203
261
413
611
882
1162
1281
1414
1402
1403
1511
1574
1850
2044
2173
2364
2475
2538
2583
2724
2928
3119
3370
3597
3622
3464
3028
2468
2100
1723
1563
1509
1085
813
303
-80
-46
-187
-203
-444
-848
-1013
-1181
-1067
-932
-1129
-1387
-1773
-2055
-2020
-1904
-1763
-1807
-2050
-2216
-2275
-2129
-1939
-1852
-1818
-1947
-2008
-1988
-1963
-1893
-1901
-1884
-1880
-1967
-1881
-1792
-1700
-1545
-1468
-1333
-1219
-1127
-1017
-851
-734
-548
-369
-247
-24
159
266
375
422
461
492
544
531
551
545
523
445
369
318
286
192
78
-20
-73
-80
-42
60
134
229
289
334
535
677
872
1026
1177
1259
1359
1501
1571
1735
1875
1912
2018
2262
2431
2592
2715
2824
2968
3170
3415
3450
3357
3124
2715
2351
2026
1680
1536
1254
944
631
279
159
-40
-226
-419
-758
-941
-942
-938
-875
-938
-1215
-1505
-1795
-1889
-1886
-1941
-1921
-2050
-2201
-2289
-2349
-2323
-2211
-2107
-2025
-2080
-2111
-2160
-2205
-2082
-1946
-1862
-1839
-1831
-1880
-1862
-1803
-1646
-1475
-1368
-1243
-1133
-1023
-948
-838
-718
-588
-470
-242
-23
106
211
182
152
148
243
380
516
561
440
274
184
129
177
237
294
234
142
117
80
149
264
336
358
454
596
747
904
987
1093
1201
1316
1466
1727
1883
1874
1954
2064
2248
2457
2705
2852
2837
2909
3108
3250
3257
3087
2721
2301
1915
1566
1438
1242
930
624
240
18
-135
-300
-423
-611
-862
-982
-941
-936
-941
-1146
-1339
-1586
-1778
-1801
-1872
-1916
-2104
-2234
-2278
-2326
-2329
-2280
-2220
-2158
-2110
-2087
-2121
-2162
-2129
-2068
-1925
-1822
-1783
-1764
-1719
-1659
-1552
-1336
-1138
-1054
-952
-782
-663
-483
-380
-289
-174
-41
74
207
347
454
529
475
459
465
538
654
727
709
600
515
466
471
503
513
456
386
373
355
403
431
459
495
566
668
792
890
972
1080
1214
1387
1598
1803
1945
2074
2283
2481
2660
2931
3145
3269
3444
3504
3465
3375
3153
2764
2278
1866
1506
1223
973
688
466
115
-170
-401
-645
-692
-797
-888
-925
-1020
-1010
-991
-1121
-1237
-1444
-1600
-1664
-1805
-1760
-1719
-1805
-1843
-1984
-2110
-2089
-2148
-2054
-2034
-2011
-2028
-2083
-2081
-2095
-2093
-2136
-2153
-2014
-1881
-1752
-1595
-1483
-1400
-1264
-1136
-1000
-787
-644
-458
-299
-224
-185
-61
30
192
363
517
564
486
439
527
623
667
693
664
537
363
348
358
368
346
300
205
196
206
185
182
227
234
335
486
594
695
762
910
1119
1354
1588
1817
1955
2074
2226
2459
2689
2962
3144
3224
3295
3370
3362
3221
2988
2521
2053
1612
1225
1053
771
503
191
-182
-368
-561
-713
-849
-1093
-1206
-1270
-1182
-1062
-1152
-1291
-1502
-1742
-1846
-1853
-1833
-1754
-1788
-1814
-1933
-2035
-2058
-2070
-2103
-2167
-2198
-2161
-2077
-2078
-2065
-2154
-2289
-2325
-2244
-2090
-1870
-1659
-1587
-1577
-1465
-1328
-1124
-936
-747
-518
-367
-183
-166
-98
-37
96
358
504
622
630
578
566
610
711
803
805
702
578
482
421
393
366
366
391
375
331
199
140
194
206
323
435
541
509
556
632
693
884
1115
1314
1487
1645
1749
1932
2131
2335
2547
2683
2847
2988
3114
3129
2980
2716
2299
1901
1646
1329
1114
854
591
283
-114
-228
-391
-567
-630
-865
-982
-995
-1030
-922
-999
-1145
-1287
-1569
-1672
-1774
-1828
-1796
-1874
-1908
-1984
-2078
-2144
-2171
-2254
-2282
-2306
-2310
-2250
-2164
-2160
-2276
-2348
-2370
-2216
-2056
-1857
-1625
-1557
-1446
-1287
-1120
-873
-655
-417
-293
-251
-167
-130
-23
121
291
436
488
411
348
342
303
340
412
461
469
409
336
247
149
162
235
364
463
467
363
258
241
346
520
687
777
737
673
709
791
880
995
1146
1251
1399
1583
1721
1842
1914
2054
2145
2333
2571
2727
2832
2906
2874
2708
2551
2286
1957
1679
1387
1165
952
739
590
311
136
-48
-300
-443
-606
-703
-700
-739
-710
-854
-1116
-1336
-1592
-1742
-1791
-1863
-1875
-1890
-1973
-2064
-2155
-2236
-2257
-2225
-2236
-2158
-2150
-2171
-2184
-2219
-2195
-2125
-2047
-1848
-1632
-1514
-1380
-1301
-1146
-903
-641
-382
-153
-34
4
5
64
175
303
447
506
507
489
393
318
300
288
384
460
424
407
276
144
146
210
345
461
436
394
305
250
266
374
555
647
690
700
685
650
719
723
874
1029
1184
1329
1405
1494
1497
1549
1621
1781
1940
2028
2143
2266
2326
2447
2555
2529
2393
2183
1914
1629
1469
1306
1186
1014
801
562
320
168
-83
-210
-315
-437
-466
-553
-642
-789
-1016
-1223
-1481
-1791
-1835
-1925
-2012
-2066
-2170
-2257
-2319
-2374
-2390
-2356
-2314
-2331
-2373
-2413
-2353
-2238
-2102
-1990
-1914
-1825
-1674
-1504
-1341
-1110
-910
-697
-517
-368
-187
-39
-4
95
117
227
354
396
389
300
290
190
190
243
296
321
262
195
180
184
230
329
275
273
303
304
332
349
355
405
453
482
582
635
619
665
693
742
879
1035
1130
1213
1378
1467
1587
1697
1749
1758
1731
1756
1813
1926
2023
2168
2193
2217
2288
2169
2139
2043
1823
1670
1488
1279
1190
987
829
594
340
198
-1
-127
-219
-418
-551
-720
-839
-906
-1082
-1255
-1476
-1693
-1894
-2016
-2084
-2066
-2135
-2184
-2244
-2288
-2377
-2453
-2434
-2436
-2392
-2292
-2204
-2050
-1946
-1828
-1702
-1585
-1403
-1201
-1036
-904
-665
-522
-387
-239
-147
-21
45
139
194
192
177
141
123
132
170
189
165
132
97
129
164
153
147
131
150
162
132
115
138
173
261
317
296
270
277
303
422
597
742
855
878
891
872
976
1179
1304
1389
1500
1589
1634
1610
1574
1560
1639
1718
1825
1929
1984
2002
2067
2151
2260
2392
2314
2204
1949
1634
1378
1260
1165
1063
892
682
446
181
-86
-342
-478
-600
-730
-786
-873
-974
-1207
-1471
-1712
-1928
-2034
-2062
-2162
-2196
-2254
-2383
-2442
-2512
-2489
-2419
-2362
-2251
-2148
-2070
-1893
-1757
-1597
-1455
-1206
-1023
-941
-815
-722
-583
-419
-280
-162
-45
-14
0
-19
-3
9
21
61
83
95
105
97
37
6
13
-11
14
11
-8
-23
-48
-62
-54
5
115
197
206
225
196
233
366
549
769
920
954
1033
1023
1064
1171
1234
1346
1416
1455
1478
1496
1418
1388
1387
1400
1478
1494
1561
1577
1545
1591
1671
1822
2006
2077
2123
2108
1990
1917
1769
1567
1487
1262
1015
759
456
262
-8
-184
-289
-476
-656
-858
-1049
-1122
-1198
-1258
-1361
-1498
-1659
-1866
-2003
-2158
-2241
-2297
-2276
-2205
-2233
-2252
-2200
-2177
-2102
-1963
-1815
-1578
-1399
-1189
-1078
-938
-820
-696
-670
-606
-477
-437
-308
-282
-241
-156
-124
-80
-44
-6
-6
46
43
40
26
-2
-6
-93
-85
-136
-233
-241
-258
-194
-147
-101
-24
-10
24
101
205
314
421
489
494
490
594
636
707
800
919
985
1017
994
990
960
980
1061
1083
1239
1299
1368
1329
1301
1305
1296
1373
1477
1604
1672
1692
1685
1694
1712
1792
1790
1781
1679
1491
1319
995
783
589
380
231
-25
-285
-468
-674
-760
-873
-1013
-1052
-1183
-1247
-1304
-1432
-1470
-1491
-1527
-1538
-1554
-1615
-1681
-1695
-1712
-1743
-1607
-1515
-1437
-1355
-1331
-1309
-1270
-1206
-1072
-995
-869
-813
-808
-829
-818
-711
-603
-583
-562
-474
-459
-346
-323
-254
-204
-212
-252
-260
-280
-233
-258
-254
-270
-229
-187
-166
-166
-243
-226
-206
-133
-22
66
105
179
239
258
268
333
381
456
509
594
688
682
683
724
766
828
911
1013
1099
1125
1109
1147
1167
1210
1327
1398
1397
1387
1406
1423
1453
1506
1479
1407
1323
1285
1295
1257
1250
1228
1198
1124
1004
900
753
593
396
310
128
78
-7
-215
-333
-486
-625
-697
-715
-687
-713
-804
-740
-712
-680
-667
-641
-599
-623
-677
-759
-847
-951
-974
-906
-879
-890
-992
-1076
-1109
-1095
-1061
-1035
-1013
-970
-945
-909
-857
-864
-845
-810
-856
-838
-727
-705
-691
-681
-623
-575
-570
-509
-518
-463
-481
-485
-516
-552
-489
-414
-368
-334
-175
-128
-94
-50
-11
49
123
171
255
283
307
377
355
475
565
623
672
691
660
755
818
929
979
981
996
1010
1072
1070
1179
1195
1252
1191
1152
1075
974
980
952
909
889
816
694
654
600
615
550
478
404
418
365
356
320
234
166
168
168
132
165
112
89
74
60
67
89
110
100
50
86
55
-54
-55
-24
-55
-111
-233
-419
-566
-631
-693
-699
-797
-883
-897
-975
-1025
-1009
-1010
-1023
-1045
-1077
-1057
-1058
-1043
-1076
-1100
-1042
-1005
-984
-960
-942
-938
-866
-827
-801
-697
-662
-627
-568
-583
-579
-543
-482
-387
-288
-268
-248
-248
-187
-65
9
83
138
180
237
294
327
338
435
456
462
498
518
668
685
699
754
755
820
834
858
853
816
778
738
779
769
773
696
633
610
527
460
469
408
390
349
302
314
268
247
239
192
148
100
144
227
212
214
285
350
434
541
681
753
776
794
781
811
852
866
843
762
610
509
447
430
426
355
266
90
-13
-118
-229
-333
-394
-417
-516
-615
-701
-820
-908
-974
-995
-980
-993
-1031
-1019
-1089
-1129
-1180
-1180
-1170
-1151
-1052
-1058
-1046
-1069
-1052
-1010
-967
-853
-864
-900
-933
-940
-829
-707
-627
-514
-453
-385
-392
-368
-243
-195
-98
-41
-31
53
127
182
250
287
250
300
322
388
429
364
376
340
359
403
392
370
336
301
290
307
325
336
360
342
295
253
229
287
313
344
392
338
293
296
295
352
375
441
518
572
659
729
768
735
810
875
937
1037
1055
1087
1027
955
937
923
945
926
927
905
812
713
671
587
499
485
399
305
247
167
89
41
-5
-87
-153
-195
-209
-263
-289
-307
-359
-338
-360
-412
-530
-563
-628
-617
-706
-728
-682
-764
-766
-852
-881
-914
-937
-958
-870
-874
-860
-831
-845
-729
-687
-655
-606
-601
-519
-467
-453
-348
-330
-261
-263
-315
-296
-318
-268
-237
-274
-262
-240
-240
-230
-216
-211
-228
-241
-244
-198
-185
-172
-165
-207
-204
-199
-138
-88
-28
17
24
39
48
131
168
242
335
383
448
505
575
641
669
674
733
810
872
917
984
997
1017
1047
1057
1087
1078
1073
987
978
906
899
888
832
782
722
630
587
579
506
470
392
353
345
352
325
302
206
200
117
91
168
120
114
74
99
98
123
118
77
26
-81
-124
-151
-164
-183
-202
-256
-310
-317
-347
-330
-282
-228
-202
-229
-254
-309
-287
-232
-176
-132
-167
-226
-240
-291
-338
-336
-406
-455
-478
-528
-534
-612
-616
-641
-621
-624
-614
-598
-603
-640
-671
-640
-648
-558
-554
-508
-485
-504
-494
-486
-458
-438
-420
-421
-396
-347
-318
-235
-212
-228
-162
-115
-31
36
85
180
220
301
362
444
504
530
589
598
628
602
649
685
724
732
678
655
637
580
512
545
512
497
468
438
372
349
380
394
434
368
387
315
296
269
289
315
318
372
394
367
286
270
244
273
270
324
339
279
187
161
123
132
198
206
309
321
268
240
255
274
256
306
355
358
288
231
232
159
150
207
130
124
58
-28
-92
-139
-197
-209
-186
-191
-165
-188
-249
-251
-203
-169
-135
-140
-125
-186
-167
-197
-195
-175
-244
-233
-248
-276
-243
-295
-350
-335
-323
-326
-346
-368
-349
-350
-346
-288
-277
-219
-193
-198
-195
-218
-180
-176
-145
-20
-24
20
-5
-14
-46
-58
-65
-82
-58
-65
-49
-70
-122
-172
-192
-203
-156
-116
-81
-51
-56
-1
33
75
100
171
230
238
250
237
265
266
284
290
270
314
283
252
256
295
343
400
383
374
392
418
440
438
483
451
455
448
401
377
373
315
300
303
297
254
229
266
234
205
227
166
188
206
178
141
138
150
154
171
228
217
246
238
247
297
308
339
343
328
325
301
216
193
100
138
123
114
137
111
64
3
-59
-16
16
37
42
-9
-28
-51
-60
-84
-48
-84
-99
-136
-172
-209
-169
-203
-298
-284
-377
-349
-389
-419
-410
-449
-463
-514
-510
-516
-466
-505
-531
-484
-459
-440
-372
-377
-393
-362
-329
-239
-251
-214
-177
-188
-209
-186
-160
-132
-99
-13
-31
9
87
8
35
65
84
118
117
137
182
179
158
175
214
174
269
268
222
202
167
199
180
164
160
110
68
120
129
104
116
163
178
224
278
262
234
268
275
303
279
294
321
212
247
217
190
158
186
158
184
209
183
137
96
79
53
110
140
180
197
168
120
124
150
131
87
120
102
110
127
145
142
79
-12
-51
-59
-54
-126
-147
-167
-240
-274
-301
-343
-354
-337
-389
-330
-291
-211
-194
-150
-142
-198
-222
-197
-150
-135
-124
-168
-147
-87
-24
65
68
119
115
129
160
172
161
132
132
116
112
95
133
98
121
84
109
136
155
171
124
132
75
96
46
22
16
-65
-113
-169
-121
-121
-82
-45
-52
-54
26
86
59
73
59
129
119
126
120
100
183
153
127
134
106
112
134
140
111
95
80
84
97
118
146
171
185
148
190
212
180
198
210
194
163
174
188
216
223
185
167
96
-1
-45
-174
-187
-134
-186
-224
-269
-290
-372
-402
-375
-381
-339
-261
-201
-261
-324
-302
-289
-282
-238
-183
-202
-148
-122
-88
-47
-35
-16
-29
16
76
77
20
34
53
-10
-8
48
67
57
99
117
48
75
15
32
44
18
17
13
3
-24
20
21
6
-22
-68
-71
-130
-73
2
60
138
122
40
27
29
-19
6
-25
-15
-29
15
-29
-95
-76
-105
-113
-105
-82
-40
-44
-68
-51
-70
-85
-21
8
19
49
17
42
67
126
140
155
192
182
160
219
237
276
269
251
215
162
130
126
134
75
64
-16
-31
-48
-115
-148
-175
-181
-204
-219
-195
-238
-280
-237
-265
-221
-205
-156
-143
-98
-18
-19
56
55
85
99
107
108
143
166
150
154
120
104
141
145
139
151
129
122
96
94
62
12
23
13
-53
-79
-89
-105
-91
-67
-62
-89
-105
-104
-139
-114
-152
-153
-106
-112
-90
-68
-111
-95
-90
-133
-75
-51
-96
-96
-70
-83
-112
-128
-112
-84
-91
-75
-54
-54
-20
-59
-52
-4
11
6
49
76
107
117
150
139
172
185
216
244
216
203
206
206
194
159
127
166
120
110
95
59
39
-13
-68
-52
-98
-100
-67
-72
-69
-65
-91
-74
-37
-30
61
61
66
75
64
53
69
81
43
32
20
59
95
107
101
106
78
74
71
73
39
4
-23
-51
-70
-72
-129
-133
-171
-196
-183
-156
-177
-138
-101
-184
-163
-178
-156
-131
-103
-152
-142
-220
-195
-126
-127
-109
-137
-159
-161
-134
-131
-109
-139
-132
-147
-170
-170
-164
-148
-116
-53
-48
-8
10
14
20
80
129
112
162
152
157
165
152
128
133
170
190
197
183
176
199
135
128
106
98
28
-21
-27
-86
-86
-167
-232
-282
-309
-298
-278
-255
-201
-145
-134
-138
-105
-114
-85
-54
-24
-31
-45
13
10
82
90
82
54
35
140
156
172
215
218
226
191
128
69
87
63
128
130
127
95
75
31
-27
-15
-72
-40
-68
-25
-16
-131
-156
-154
-125
-167
-151
-137
-169
-159
-144
-131
-131
-93
-74
-75
-130
-139
-111
-95
-53
-58
-38
-24
-9
-55
-41
-38
12
33
86
76
15
24
29
26
72
112
100
87
86
128
99
100
107
133
104
172
163
129
117
110
76
48
-8
-38
-68
-120
-135
-208
-226
-249
-238
-230
-219
-230
-254
-276
-293
-228
-195
-177
-118
-83
-106
-143
-121
-86
-54
-26
3
39
74
41
21
23
40
122
109
164
162
154
216
214
204
170
126
116
40
39
23
-28
-28
-76
-97
-78
-41
-85
-70
-78
-114
-83
-93
-90
-64
-128
-220
-229
-249
-222
-168
-167
-167
-180
-165
-145
-206
-154
-95
-44
-31
-76
-56
-88
-58
-64
-49
20
81
68
38
57
85
104
103
125
198
168
161
132
117
136
146
149
164
156
113
94
25
6
-42
-25
49
26
31
-38
-111
-134
-115
-102
-107
-85
-149
-124
-167
-174
-160
-219
-213
-197
-177
-151
-99
-54
-69
-87
-37
-54
3
54
45
32
-17
-15
-22
69
61
68
63
42
28
34
59
77
99
59
38
-15
-74
-109
-52
-46
-44
-42
-63
-71
-139
-148
-187
-190
-185
-186
-184
-218
-228
-273
-330
-298
-268
-278
-251
-232
-261
-308
-276
-257
-210
-174
-162
-122
-92
-77
-52
-36
43
146
179
182
179
227
238
231
264
271
281
259
231
215
235
215
211
236
230
220
214
187
134
53
45
75
74
68
59
-35
-42
-78
-97
-77
-125
-104
-108
-121
-139
-144
-162
-213
-178
-121
-115
-93
-104
-115
-130
-124
-134
-75
-78
-42
-57
-83
-42
-56
-40
-35
-15
6
-75
-48
-93
-109
-79
-129
-56
-44
-102
-138
-134
-180
-115
-126
-177
-200
-223
-205
-271
-232
-238
-269
-209
-175
-204
-257
-250
-264
-263
-273
-235
-243
-235
-328
-369
-332
-388
-325
-398
-341
-310
-282
-199
-142
-94
-107
-23
-8
32
64
110
123
147
176
186
189
221
227
250
275
291
307
290
309
303
285
241
205
174
141
162
157
142
110
85
29
23
25
89
49
63
74
28
34
12
-9
-31
-66
-99
-83
-120
-105
-107
-123
-148
-77
-70
-57
-27
-29
-34
-53
-51
-34
-60
-59
-80
-98
-78
-101
-87
-52
-42
-67
-11
-53
-80
-63
-74
-106
-114
-105
-99
-99
-153
-195
-235
-247
-263
-209
-179
-191
-254
-248
-270
-287
-280
-304
-311
-306
-259
-291
-339
-292
-258
-243
-223
-166
-143
-158
-145
-166
-101
-57
-18
23
8
32
8
76
120
132
144
148
189
201
197
202
213
209
224
229
262
221
224
224
195
195
137
165
168
165
213
176
137
143
146
181
206
182
134
140
148
128
149
136
124
115
96
71
76
71
93
98
73
30
1
-17
-58
-63
-68
-62
-74
-67
-107
-98
-101
-108
-97
-127
-113
-84
-99
-110
-149
-131
-148
-147
-159
-168
-185
-217
-187
-191
-235
-244
-243
-253
-247
-270
-287
-337
-326
-364
-392
-374
-357
-302
-257
-250
-267
-265
-269
-212
-138
-109
-89
-86
-30
-29
-17
23
34
21
10
-15
32
64
49
100
105
68
89
116
116
167
141
155
187
128
193
160
183
203
197
166
161
188
217
212
193
183
230
255
178
189
168
172
182
200
250
235
209
213
222
201
152
176
206
177
173
161
130
99
148
80
56
95
85
143
130
107
85
71
73
65
69
73
29
22
-46
-80
-87
-98
-76
-113
-146
-132
-155
