8
12
26
6
-7
4
-11
10
-37
-37
-47
-26
-25
-22
-8
-11
-24
-26
-21
-45
-11
-36
-27
-15
-18
0
-13
40
32
32
41
102
57
21
-6
20
68
16
85
50
69
33
18
91
26
47
11
25
4
25
26
-7
7
-30
43
51
11
38
44
14
-34
-40
-23
5
-51
-111
-67
-95
-36
-25
-19
-21
-21
13
-18
4
11
41
28
26
38
-5
-5
12
48
34
-3
41
20
-5
23
-28
0
5
-46
-14
15
-10
-37
13
-6
10
-11
-7
78
63
59
86
49
81
66
62
83
73
55
74
75
48
56
33
3
-9
-13
2
11
32
62
68
32
-16
7
35
-5
9
67
38
5
30
42
36
62
77
34
43
63
74
99
79
72
64
34
38
83
96
72
101
99
116
6
18
47
31
46
25
19
18
80
61
43
51
55
76
60
23
59
57
36
85
47
24
-1
-23
63
42
60
35
7
53
23
28
21
13
34
34
54
65
52
-2
10
43
71
71
27
63
33
11
13
-7
19
29
35
46
48
41
43
29
26
-14
-29
20
42
58
63
7
36
34
16
28
29
7
-26
2
12
-12
-22
14
19
-36
-14
-46
-57
-42
-64
-74
-89
-43
-80
-61
-6
6
-17
-24
-16
5
-16
4
-10
-10
-9
-29
27
16
49
62
34
11
46
66
72
27
8
49
17
33
-2
-52
21
-2
-15
-16
-34
-35
-4
-28
-6
-11
-14
-23
-65
-78
-85
-72
-79
-70
-73
-77
-81
-41
-54
-54
-16
-18
-32
-32
0
-24
-31
-26
-31
-34
-29
-1
-32
3
0
-32
-28
-53
-53
-57
-1
14
6
26
50
36
37
31
14
47
4
4
-2
7
13
15
29
50
50
26
46
-32
-1
2
1
27
-14
6
-15
-9
-4
-15
-9
-5
21
15
-3
4
4
32
15
24
6
17
-15
-1
12
4
33
-3
0
-23
-22
-3
26
3
6
5
2
-19
-6
-10
10
27
-3
-32
-31
-18
-18
-31
-48
-15
-17
-41
-18
-44
-54
-25
-60
-72
-58
24
44
12
20
-23
-48
-15
-50
-18
21
16
-10
34
11
34
77
68
67
63
63
36
52
31
28
17
48
-1
8
16
14
29
25
27
29
60
30
11
11
8
24
55
59
70
79
84
69
91
83
70
87
100
118
116
124
108
57
68
46
71
57
48
56
89
48
91
-7
0
83
62
54
11
31
12
40
21
70
68
72
72
26
7
47
51
50
80
68
71
64
64
50
51
53
69
91
81
70
18
44
49
36
-23
-15
45
74
48
70
65
56
99
99
102
106
74
89
55
27
106
156
111
86
127
86
107
59
48
111
102
111
114
107
113
77
42
48
64
60
68
62
65
27
12
-18
-42
28
21
-18
-32
-36
-34
-41
-37
-35
-36
-48
-26
-30
-28
-30
-11
2
18
28
-9
-6
22
-14
-23
-24
-34
-5
-18
9
-2
-4
-33
-2
-21
-104
-56
-71
-39
-41
-45
-39
-37
-31
-52
-14
-15
-55
-45
-96
-55
-43
-58
-37
-12
-19
-8
-29
-47
-43
-41
-59
-40
-78
-79
-50
-29
17
-40
-23
-3
35
6
43
38
7
63
37
61
87
68
75
85
76
62
42
43
69
79
65
59
38
26
47
71
21
10
-8
-8
49
48
23
19
11
29
39
47
43
60
55
43
51
54
85
47
65
40
39
78
77
40
60
54
29
20
-25
17
12
5
11
-4
-7
27
-10
-16
50
78
64
90
119
102
89
57
53
113
107
121
137
172
165
152
154
163
145
88
88
106
109
95
97
102
91
93
108
111
117
86
90
56
94
106
101
89
62
52
61
23
-11
25
31
7
15
-8
-13
19
44
29
11
-31
-11
-23
-45
14
32
57
56
24
15
17
-10
-20
-43
-21
2
-1
-43
-38
-48
-77
-54
-73
-100
-48
-24
2
6
-23
-31
-68
-85
-66
-84
-59
-15
-11
-96
-112
-88
-88
-70
-52
-74
-126
-116
-159
-172
-228
-242
-255
-443
-533
-640
-665
-540
-495
-435
-389
-572
-671
-615
-586
-372
-178
-98
-127
-145
-227
-288
-130
68
119
129
147
11
-104
20
81
138
283
207
204
353
258
337
428
416
492
512
638
793
819
928
949
913
1099
1102
1308
1581
1648
1829
1889
1970
2206
2358
2611
2794
2676
1987
1287
337
-646
-675
-630
-449
-316
-1069
-1956
-2712
-3185
-2617
-1759
-885
-57
-333
-782
-828
-809
101
1185
1805
2183
1743
1203
873
664
966
1228
1107
780
135
-748
-1248
-1586
-1697
-1733
-1872
-1984
-2195
-2400
-2417
-2417
-2419
-2210
-1960
-1726
-1306
-812
-722
-618
-611
-526
-178
95
514
725
639
395
49
-148
-50
77
254
248
-75
-300
-606
-593
-268
40
396
570
507
597
710
1068
1784
2401
3024
3427
3496
3676
3734
3925
4429
4838
5172
4927
3487
1893
50
-1750
-1888
-1554
-1251
-1095
-2522
-4357
-5731
-6398
-5131
-3212
-1538
-276
-638
-1470
-1652
-1209
509
2639
3999
4512
3786
2635
2027
1899
2305
2916
2812
1954
631
-923
-2055
-2568
-2776
-2787
-3036
-3504
-3697
-3960
-4032
-3692
-3422
-2843
-2086
-1434
-520
164
593
937
1017
1275
1783
2108
2366
2267
1505
485
-484
-1127
-1255
-1241
-1329
-1790
-2659
-3455
-3954
-3882
-3170
-2336
-1792
-1520
-1608
-1536
-1170
-444
597
1386
1902
2001
1770
1653
1780
2140
2543
2789
2895
2780
2592
2604
2640
2775
2940
2885
2961
2952
2985
3172
3230
3406
3377
2936
2159
962
-215
-1271
-1881
-1445
-1037
-1017
-1290
-2491
-3458
-3766
-3354
-1744
-241
676
949
143
-335
-197
541
2088
3203
3490
3053
1880
949
653
876
1371
1469
881
-159
-1453
-2445
-2912
-2952
-2720
-2610
-2785
-2986
-3049
-3061
-2758
-2277
-1687
-993
-363
312
849
1133
1335
1407
1585
1894
2094
2202
1951
1272
231
-834
-1668
-2084
-2231
-2388
-2610
-3238
-3991
-4476
-4582
-4112
-3215
-2406
-1787
-1554
-1440
-1174
-656
272
1250
2012
2389
2328
2083
1931
1926
2139
2475
2595
2480
2283
1977
1863
1784
2011
2170
2187
2388
2258
2222
2623
2768
3172
3732
3835
4131
4080
3295
2076
719
-461
-1103
-919
-399
-351
-941
-2445
-3912
-4586
-4420
-2949
-1377
-459
-224
-1129
-1804
-1587
-702
1113
2655
3293
3079
2022
1100
992
1343
2070
2494
1991
938
-441
-1695
-2377
-2603
-2537
-2561
-2817
-3180
-3557
-3794
-3702
-3482
-2967
-2217
-1506
-763
-117
272
399
568
931
1526
2183
2592
2461
1741
598
-529
-1345
-1615
-1523
-1658
-2096
-2892
-3956
-4664
-4706
-4188
-3268
-2527
-2110
-2062
-2076
-1780
-1185
-257
722
1364
1614
1657
1506
1559
1842
2021
2247
2362
2309
2268
2200
2217
2310
2357
2391
2344
2394
2456
2481
2815
2966
3121
3492
3729
4111
4398
4507
4490
3884
2486
1206
46
-925
-961
-796
-926
-1458
-2796
-4283
-4908
-4908
-3730
-2182
-1375
-976
-1463
-2003
-1580
-650
862
2432
2983
2866
2219
1394
1295
1525
1893
2177
1652
627
-425
-1594
-2323
-2531
-2742
-2831
-3005
-3394
-3531
-3586
-3535
-3142
-2771
-2160
-1447
-821
-138
362
541
711
983
1296
1787
2031
1998
1303
198
-994
-1996
-2295
-2216
-2233
-2477
-3221
-4222
-4973
-5162
-4558
-3528
-2558
-2012
-1960
-2046
-1961
-1392
-231
794
1582
1926
1768
1586
1582
1910
2320
2864
3192
3138
2905
2691
2336
2322
2408
2427
2652
2616
2506
2395
2471
2557
3030
3672
4308
4846
4974
4924
4656
3897
2498
1403
220
-883
-951
-906
-1164
-1706
-3372
-4860
-5441
-5489
-4045
-2464
-1488
-999
-1796
-2348
-1927
-965
977
2762
3438
3279
2275
1240
986
1381
2001
2496
2018
787
-599
-2021
-2767
-2896
-2859
-2806
-3084
-3620
-3908
-4116
-4058
-3570
-3050
-2260
-1496
-1005
-358
69
116
360
689
1016
1419
1512
1330
754
-200
-858
-1408
-1647
-1600
-2034
-2576
-3190
-3886
-4132
-3978
-3456
-2873
-2399
-2089
-2023
-1830
-1397
-787
69
805
1283
1584
1629
1625
1829
2026
2435
2829
3046
3165
2943
2698
2366
2266
2440
2484
2900
3136
3001
3017
2877
2950
3343
3878
4689
5330
5561
5592
5075
4470
3279
1683
774
-678
-1555
-1492
-1968
-2257
-3278
-5097
-5943
-6401
-5795
-3954
-2699
-1692
-1576
-2367
-2311
-1645
-159
1919
3340
3795
3300
2213
1492
1582
2062
2619
2667
1753
273
-1270
-2653
-3174
-3259
-3363
-3363
-3795
-4367
-4618
-4808
-4564
-3967
-3287
-2213
-1451
-818
-131
-36
34
367
719
1316
1682
1687
1438
562
-475
-1041
-1561
-1612
-1517
-1946
-2382
-3083
-3713
-3864
-3584
-2997
-2338
-2017
-1801
-1804
-1744
-1277
-670
171
778
1160
1319
1261
1440
1709
2073
2688
3146
3228
3209
3081
2839
2875
2882
3189
3466
3352
3271
2994
2742
2997
3332
3873
4575
4867
5166
4990
4624
4495
3702
2289
1155
-367
-1741
-1999
-2104
-2185
-2608
-4236
-5582
-6214
-6216
-4654
-3019
-1887
-1217
-1916
-2346
-1773
-728
1168
2888
3466
3298
2356
1435
1517
1866
2342
2564
1698
426
-939
-2222
-2856
-3009
-3274
-3523
-4007
-4462
-4442
-4436
-4172
-3695
-3371
-2686
-1825
-1163
-294
165
117
107
221
647
1176
1652
1694
1079
91
-841
-1406
-1496
-1271
-1232
-1692
-2354
-3194
-3790
-3615
-3044
-2333
-1821
-1635
-1622
-1771
-1539
-930
-155
613
1148
1345
1364
1533
1903
2433
3037
3552
3735
3587
3500
3527
3554
3878
4086
4107
3862
3494
3256
3176
3482
3891
4292
4687
4964
5143
5281
5088
4919
3401
1231
-113
-1923
-2561
-1898
-1908
-1988
-3356
-5757
-6849
-7300
-6177
-3608
-2051
-1038
-1237
-2547
-2593
-1612
169
2577
3987
4136
3472
2195
1574
1804
2185
2667
2563
1391
18
-1347
-2666
-3288
-3672
-4078
-4074
-4337
-4394
-4301
-4585
-4534
-4341
-3877
-2720
-1648
-730
2
-289
-734
-683
-245
794
1827
2194
1848
679
-533
-1123
-1276
-768
-413
-786
-1463
-2550
-3566
-3761
-3476
-2758
-1986
-1808
-1731
-1814
-1806
-1351
-735
118
832
1385
1949
2228
2609
3007
3259
3747
4153
4459
4738
4733
4552
4309
3982
3857
3786
3731
3723
3459
3509
3503
3568
4036
4281
4755
5072
4842
4266
2201
215
-1412
-3236
-2768
-1852
-1564
-1511
-3721
-5975
-7129
-7490
-5274
-2727
-1055
-180
-1387
-2677
-2709
-1798
458
2781
3995
3962
2892
1671
1097
1379
1738
2130
1897
788
-308
-1734
-2855
-3445
-4284
-4532
-4459
-4445
-3965
-3937
-4138
-4269
-4488
-3824
-2588
-1367
13
523
182
-197
-456
-26
950
1882
2369
1994
879
-229
-1046
-1241
-929
-812
-1030
-1667
-2518
-3242
-3560
-3403
-2984
-2546
-2099
-1867
-1662
-1370
-1069
-592
3
638
1386
2160
2843
3389
3644
3844
4060
4273
4583
4914
4953
4771
4462
4056
3853
3758
3687
3754
3591
3499
3725
3960
4373
4689
4683
4403
3749
2072
223
-1291
-2892
-3294
-2775
-2658
-2548
-3669
-5596
-6462
-6923
-5784
-3492
-1988
-747
-664
-1510
-1450
-826
460
2264
3295
3684
3469
2605
2162
1962
1642
1565
1118
220
-465
-1303
-2404
-3259
-4255
-5089
-5349
-5339
-4688
-4086
-3930
-3857
-4190
-4118
-3294
-2277
-776
497
856
883
595
468
808
1396
2063
2237
1782
1033
14
-856
-1138
-1352
-1503
-1569
-2048
-2489
-2988
-3360
-3228
-3180
-2658
-2060
-1718
-982
-682
-425
112
386
1104
2023
2765
3692
4195
4219
4293
4195
4411
5005
5231
5408
5193
4450
3969
3424
3273
3526
3595
3864
3875
3905
4152
4246
4338
4112
3219
1371
-608
-2096
-3463
-3381
-2640
-2588
-2729
-4232
-5877
-6397
-6408
-4709
-2679
-1440
-308
-556
-1084
-619
62
1458
2795
3391
3522
3088
2571
2185
1922
1446
944
290
-615
-1220
-2025
-2936
-3652
-4733
-5432
-5528
-5379
-4600
-4098
-3873
-3670
-3896
-3551
-2691
-1861
-562
501
843
1129
1078
996
1137
1313
1633
1566
1281
784
-26
-812
-1485
-1926
-2279
-2332
-2514
-2928
-3150
-3594
-3771
-3428
-3041
-2236
-1598
-1179
-675
-462
37
732
1518
2634
3256
3812
4391
4356
4721
4825
4758
5236
5176
5206
5191
4668
4332
3710
3463
3432
3580
4239
4425
4678
4758
4196
3923
3054
1063
-578
-2510
-4120
-4001
-3470
-2896
-2771
-4192
-5827
-6864
-6993
-5027
-2665
-752
569
256
-542
-565
16
1472
3149
3873
4074
3468
2459
1959
1518
993
654
-130
-1046
-1746
-2719
-3572
-4394
-5438
-6059
-6225
-5909
-5032
-4346
-3998
-4108
-4406
-4101
-3237
-1893
-208
974
1456
1494
1254
1328
1634
1979
2321
2215
1672
985
246
-454
-996
-1550
-2061
-2660
-3043
-3138
-3333
-3325
-3400
-3496
-3233
-2842
-2159
-1280
-573
119
542
1099
1997
2753
3730
4519
4897
5399
5541
5581
5893
5705
5360
5091
4620
4397
4067
3938
3693
3342
3380
3227
3521
4138
4293
4308
3620
1901
-165
-2124
-3452
-3881
-3135
-2397
-2294
-2971
-4577
-5772
-6130
-5354
-3329
-1459
0
703
320
103
174
622
1616
2406
3008
3305
3115
2717
1900
797
-264
-1068
-1588
-1803
-1976
-2613
-3637
-4958
-6272
-6778
-6539
-5792
-4813
-4244
-4001
-4181
-4292
-3614
-2688
-1252
239
1075
1681
1780
1756
1911
2062
2360
2463
2297
1957
1346
545
-217
-974
-1573
-1925
-2296
-2537
-2821
-3064
-3233
-3307
-3241
-2973
-2441
-1978
-1361
-638
-94
667
1359
2138
3100
3805
4616
5308
5659
5944
5866
5640
5571
5405
5343
5285
5084
4582
4106
3771
3474
3915
4003
4212
4496
3729
3147
1614
-926
-2471
-4400
-5135
-4174
-3793
-2885
-3067
-4747
-5782
-6484
-5853
-3708
-1644
270
1352
1311
1111
1114
1508
2275
3078
3517
3787
3832
3405
3077
2147
741
-354
-1585
-2308
-2433
-2935
-3443
-4490
-5968
-6875
-7448
-7076
-5996
-5179
-4608
-4470
-4587
-4269
-3494
-2422
-934
339
1107
1772
2104
2427
2801
2826
2628
2467
2224
2024
1691
1185
398
-761
-1774
-2586
-2914
-2810
-2799
-2845
-3130
-3506
-3718
-3626
-3075
-2294
-1446
-559
195
1062
1876
2655
3451
4176
4955
5666
6417
6936
6984
6816
6329
5836
5721
5522
5558
5432
5082
4848
4326
4200
4132
3650
3022
1024
-1489
-3761
-5936
-6034
-5170
-4175
-3071
-3843
-5214
-6305
-6964
-5714
-3643
-1461
506
1316
1575
1680
1644
2038
2564
3087
3480
3904
4350
4431
4210
3143
1518
-68
-1356
-1786
-1699
-1826
-2302
-3639
-5298
-6656
-7538
-7311
-6556
-5876
-5445
-5604
-5821
-5625
-4979
-3933
-2641
-1546
-702
145
964
1780
2512
2825
2940
2790
2555
2620
2690
2772
2586
1800
910
-50
-796
-1169
-1501
-1746
-2092
-2468
-2761
-2876
-2718
-2496
-2200
-1752
-1134
-216
835
1883
2772
3280
3621
3990
4448
4928
5411
5662
5626
5396
5119
4922
4858
4796
4676
4603
4403
4343
4195
3690
2741
1205
-684
-2384
-3337
-3297
-2340
-1316
-917
-1377
-2571
-3717
-3996
-3381
-2025
-662
-40
173
83
109
540
827
719
101
-857
-1471
-1312
-695
89
293
-392
-1653
-2835
-3410
-3122
-2338
-1650
-1289
-1570
-1978
-2158
-2004
-1589
-1060
-830
-925
-1063
-1180
-853
-362
68
338
142
-273
-668
-851
-668
-342
-97
-91
-331
-843
-1319
-1436
-1269
-869
-606
-608
-805
-1066
-1154
-958
-625
-296
-137
-243
-427
-590
-497
-210
-15
67
-43
-333
-571
-548
-398
-152
184
238
211
204
162
416
761
1107
1398
1497
1538
1458
1523
1675
1858
2109
2404
2651
2975
3299
3388
3315
3073
2702
2385
2324
2574
2931
3187
3174
2859
2273
1562
995
590
412
274
58
-180
-536
-809
-1090
-1348
-1601
-2029
-2481
-2824
-2987
-2852
-2611
-2456
-2424
-2608
-2892
-3032
-2974
-2652
-2289
-1941
-1810
-1711
-1705
-1627
-1449
-1384
-1297
-1274
-1205
-1103
-953
-805
-659
-571
-467
-355
-171
-83
-204
-359
-559
-631
-470
-225
55
187
161
63
-75
-120
-47
117
302
411
337
223
18
-244
-496
-677
-779
-771
-779
-878
-862
-953
-932
-660
-364
-78
186
376
574
853
1173
1631
2072
2419
2672
2994
3201
3392
3623
3771
3927
4038
4140
4124
3968
3612
3115
2524
2107
1963
2084
2264
2252
1925
1210
346
-359
-807
-839
-712
-702
-774
-1040
-1294
-1353
-1421
-1529
-1711
-2010
-2249
-2290
-2023
-1666
-1363
-1349
-1563
-1815
-1922
-1756
-1499
-1271
-1300
-1528
-1739
-1778
-1632
-1343
-1098
-1133
-1270
-1493
-1547
-1390
-917
-353
17
217
119
-173
-402
-495
-373
-61
214
412
442
316
253
347
490
653
701
596
397
168
29
31
-14
-111
-319
-712
-1132
-1459
-1593
-1585
-1531
-1474
-1496
-1540
-1470
-1357
-1127
-910
-761
-616
-430
-229
78
459
835
1113
1263
1379
1392
1414
1547
1779
1959
2248
2490
2727
3018
3239
3503
3758
3754
3516
3218
2741
2314
2158
2207
2336
2452
2355
2011
1428
842
252
-225
-513
-811
-1053
-1247
-1289
-1217
-1102
-968
-1093
-1618
-2237
-2844
-3130
-3007
-2559
-2055
-1688
-1661
-1794
-1944
-2093
-2256
-2609
-2808
-3224
-3077
-2505
-1521
-326
264
482
-165
-962
-1298
-1044
-41
1248
2300
2882
2920
2464
1647
941
373
169
337
706
1149
1341
1200
772
61
-616
-1269
-1867
-2191
-2308
-2212
-1813
-1525
-1484
-1835
-2502
-3112
-3319
-3025
-2436
-1762
-1488
-1506
-1846
-2013
-1917
-1482
-897
-438
-117
287
694
1403
2320
3191
3836
4026
3793
3435
3308
3418
3851
4324
4669
4807
4717
4660
4947
5387
6060
6524
6337
5300
3478
1221
-807
-1853
-2078
-1530
-1193
-1539
-2650
-4398
-5747
-6474
-6374
-5781
-5248
-4736
-4171
-3253
-2014
-958
-378
-392
-776
-799
-57
1421
3079
4232
4699
4353
3762
3051
2453
1930
1455
1041
691
331
107
-209
-815
-1615
-2794
-3861
-4740
-5172
-4884
-4184
-3212
-2450
-2171
-2189
-2391
-2198
-1600
-803
142
689
1036
1278
1335
1445
1270
1053
683
254
54
-169
-293
-646
-1155
-1787
-2506
-2973
-3325
-3511
-3515
-3575
-3459
-3231
-2986
-2645
-2258
-1784
-1223
-534
266
1182
2168
3129
3890
4419
4795
5063
5291
5530
5744
5908
5946
6159
6437
6935
7553
7949
8304
8304
8008
7028
4834
1983
-1549
-4385
-5822
-5956
-4959
-4689
-5138
-6610
-8521
-9229
-9300
-8365
-7093
-6063
-4511
-2991
-1001
1034
2281
3157
3111
3004
3311
3984
5363
6587
7489
7610
6688
5381
3618
2024
741
-550
-1634
-2870
-3871
-4416
-4797
-5025
-5657
-6639
-7608
-8238
-7948
-6816
-5173
-3514
-2190
-1076
-217
707
1617
2319
2965
3249
3383
3560
3627
3776
3653
3052
2103
772
-578
-1793
-2649
-3195
-3775
-4322
-4955
-5470
-5625
-5597
-5331
-5206
-5097
-4714
-4121
-2980
-1720
-374
871
1812
2853
3738
4622
5570
6256
6768
7091
7271
7333
7315
7277
7102
6697
6523
6339
6229
6465
6575
6861
6656
5706
3614
593
-2807
-6020
-7701
-8191
-7408
-6453
-6153
-6131
-6860
-7104
-6964
-6735
-5964
-5318
-4102
-2162
183
2863
4770
5706
5688
5017
4487
4234
4572
5011
5331
5236
4580
3751
2474
1107
-498
-2525
-4498
-6401
-7667
-7920
-7542
-6771
-6097
-6033
-6251
-6445
-6317
-5488
-4218
-2736
-1191
333
1722
3080
4138
4810
5062
4801
4105
3410
2769
2411
2275
1974
1381
200
-1222
-2608
-3863
-4720
-5366
-5952
-6206
-6439
-6162
-5421
-4659
-3621
-3040
-2503
-1949
-1369
-203
1088
2605
4104
5305
6312
6803
7111
7225
7217
7202
7103
7050
7013
7164
7434
7746
7928
7886
7643
7009
6133
4323
1598
-1426
-4909
-6998
-8081
-8199
-7428
-7492
-7378
-7633
-7652
-6811
-6193
-5260
-4632
-4091
-2806
-1027
1526
3912
5702
6609
6428
5933
5254
5010
5050
5013
4866
4210
3374
2440
1269
4
-1815
-3900
-5974
-7645
-8460
-8660
-8156
-7713
-7165
-6727
-6386
-5532
-4807
-3732
-2645
-1667
-202
1235
3066
4812
5874
6443
6193
5487
4735
3964
3482
2905
2029
986
-222
-1420
-2484
-3481
-4573
-5563
-6527
-7112
-7354
-7294
-6780
-6091
-5088
-4046
-2882
-1653
-605
442
1340
2217
3256
4473
5779
6914
7763
8265
8263
8275
8072
7931
7773
7414
7239
7078
7215
7422
7787
7750
6943
4750
1680
-2068
-5905
-8230
-9819
-9813
-9405
-9035
-8083
-7684
-6637
-5480
-4852
-4219
-4136
-3655
-2372
-437
2298
4866
6853
8032
8416
8236
7821
7302
6274
5092
3694
2456
1670
1082
619
-267
-1982
-4194
-6594
-8685
-9877
-10478
-10507
-10220
-9698
-8648
-7349
-5711
-4044
-2688
-1575
-800
107
1352
2825
4380
5668
6679
7285
7280
6875
6031
4803
3319
1796
499
-772
-1856
-2923
-3870
-4681
-5475
-6120
-6780
-7250
-7493
-7437
-7003
-6173
-4943
-3530
-1991
-572
696
1840
2751
3714
4664
5550
6315
7053
7465
7774
8038
8127
8144
7964
7759
7563
7454
7461
7412
7439
7352
6480
4759
2148
-1000
-4243
-6750
-8622
-9619
-10118
-10244
-9556
-8716
-7162
-5619
-4520
-3643
-3211
-2583
-1601
-230
1620
3562
5400
7012
8262
9091
9440
9223
8295
6903
5144
3438
2169
1012
95
-982
-2303
-3699
-5241
-6541
-7861
-8973
-10059
-10654
-10633
-10131
-8777
-7457
-5628
-4084
-2622
-793
485
2050
3183
3906
4531
4949
5541
5944
6082
5877
5189
4184
2995
1846
520
-795
-2267
-3784
-5088
-5988
-6436
-6551
-6378
-6194
-5901
-5721
-5177
-4568
-3921
-2794
-1933
-671
716
2060
3761
4946
6079
6769
7064
7352
7333
7293
7136
6861
6708
6497
6557
6800
7033
7313
7503
7516
6910
5477
3171
401
-2843
-5470
-7334
-8510
-8865
-9222
-8818
-8066
-6896
-5177
-3911
-2950
-2574
-2370
-1834
-906
668
2446
3989
5296
6320
7257
7977
8488
8332
7282
5726
3719
2031
550
-616
-1601
-2695
-3742
-4787
-5785
-6647
-7443
-8275
-9063
-9647
-9662
-9420
-8342
-6865
-5190
-3251
-1639
361
1928
3362
4565
4950
5292
5260
5170
4952
4484
4000
3205
2355
1624
596
-568
-1743
-3020
-4276
-5418
-6240
-6819
-7036
-6867
-6356
-5548
-4619
-3613
-2618
-1627
-744
95
1022
1819
2824
3857
4862
5872
6649
7207
7330
7437
7327
6927
6674
6279
6045
5765
5704
5903
6232
6997
7199
6649
5020
2299
-899
-4088
-6554
-8318
-9229
-9780
-9651
-8815
-7430
-5358
-3543
-2062
-1235
-862
-507
-67
586
1515
2366
3268
4399
5752
7244
8508
9053
8611
7295
5387
3380
1361
-418
-1982
-3520
-4660
-5467
-6005
-6218
-6474
-6750
-7262
-7873
-8383
-8645
-8459
-8043
-6832
-5523
-3557
-1344
575
2739
3989
5138
5884
6018
5904
5249
4370
3265
2252
1536
1006
462
-75
-656
-1466
-2315
-3451
-4561
-5709
-6786
-7222
-7372
-6900
-5905
-4697
-3169
-1750
-340
1011
1966
2911
3560
3987
4343
4606
5097
5647
6238
6776
7169
7345
7367
7264
7064
6913
6631
6344
6137
6112
6003
5263
3844
1887
-806
-3428
-5550
-7539
-8687
-9714
-10081
-9611
-8762
-6984
-5333
-3705
-2239
-1189
-170
688
1516
2419
3132
3712
4449
5221
6188
7196
7897
8131
7803
6823
5463
3739
1823
-62
-2090
-3836
-5346
-6495
-7161
-7539
-7649
-7715
-7772
-7739
-7746
-7638
-7309
-6818
-6205
-5038
-3582
-1748
290
2155
3904
5122
6012
6351
5899
5295
4299
3119
2239
1306
576
-273
-1014
-1605
-2237
-2702
-3182
-3823
-4525
-5176
-5688
-5914
-5723
-5249
-4401
-3343
-2101
-577
808
2252
3356
4258
4938
5231
5655
5771
5838
5984
6009
6266
6471
6822
7271
7473
7664
7685
7631
7475
6881
5690
3921
1711
-949
-3458
-5670
-7583
-8900
-9971
-9993
-9412
-8222
-6327
-4877
-3488
-2566
-1870
-1013
-215
848
1834
2615
3417
4213
5218
6306
7340
8075
8272
7912
7056
5933
4337
2588
591
-1492
-3188
-4656
-5575
-6180
-6626
-6823
-7085
-7211
-7230
-7322
-7300
-7299
-7089
-6609
-5628
-4246
-2654
-910
704
2158
3421
4545
5205
5283
4912
4030
2935
1896
877
-2
-791
-1315
-1713
-2002
-2032
-2215
-2621
-3200
-3742
-4258
-4640
-4725
-4596
-4148
-3361
-2299
-914
516
1924
3159
4137
4860
5530
6069
6376
6462
6395
6106
5985
6090
6489
7169
7617
8254
8679
8797
8559
7362
5562
2946
-275
-3154
-5825
-7827
-9164
-10327
-10521
-10283
-9264
-7488
-5789
-3898
-2451
-1427
-746
-310
124
746
1322
2114
3258
4431
5797
7075
7960
8570
8586
8068
7137
5530
3792
1621
-622
-2486
-4218
-5386
-6243
-6722
-6836
-6805
-6616
-6496
-6461
-6458
-6525
-6575
-6348
-5977
-5254
-4186
-2871
-1326
257
1873
3376
4322
4869
4903
4279
3340
2132
1039
-40
-932
-1541
-2079
-2289
-2295
-2263
-2170
-2222
-2400
-2709
-3070
-3385
-3575
-3619
-3377
-2689
-1714
-335
1137
2770
4284
5499
6535
7182
7544
7580
7338
7030
6714
6533
6640
6956
7505
8213
8864
8869
8220
6955
4642
1818
-1246
-4489
-7475
-10271
-12135
-12990
-12872
-11363
-9576
-7525
-5396
-3591
-1874
-640
307
884
863
780
1006
1624
2665
4040
5433
6842
8059
8927
9402
9031
8033
6392
4105
1678
-850
-3263
-5285
-6828
-7775
-8178
-7969
-7368
-6679
-6001
-5470
-5282
-5265
-5307
-5342
-5376
-5175
-4462
-3345
-1947
-291
1240
2584
3702
4543
4984
4824
4304
3242
1767
422
-768
-1711
-2420
-2868
-3106
-3211
-3140
-3020
-2804
-2745
-2707
-2717
-2728
-2570
-2302
-1681
-949
196
1526
2978
4642
5953
7209
7936
8421
8721
8825
8931
8726
8646
8445
8416
8289
7819
7158
5791
3906
1755
-610
-3078
-5593
-8199
-10175
-11720
-12281
-11916
-11023
-9643
-8113
-6202
-4397
-2528
-834
598
1461
2023
2499
2747
3312
3873
4571
5331
6102
6923
7682
8189
8110
7403
6118
4381
2316
176
-2058
-4093
-5876
-7231
-7953
-8201
-8052
-7539
-6930
-6388
-5819
-5249
-4768
-4549
-4290
-3998
-3740
-3120
-2408
-1616
-566
394
1488
2424
3182
3804
3888
3790
3315
2559
1630
462
-651
-1774
-2745
-3415
-3779
-3987
-3918
-3671
-3380
-2841
-2258
-1402
-536
402
1232
2027
2956
3650
4490
5224
5870
6613
7169
8016
8846
9649
10477
10830
10751
10068
8894
7115
4988
2582
-68
-2697
-5343
-7415
-8989
-9986
-10192
-10161
-9640
-8802
-7709
-6310
-4959
-3628
-2462
-1597
-889
-224
526
1276
2057
2887
3665
4541
5509
6434
7021
7356
7250
6674
5832
4647
3259
1648
-102
-1715
-3252
-4505
-5507
-6227
-6582
-6725
-6473
-6036
-5479
-4873
-4451
-4144
-3850
-3631
-3349
-3046
-2706
-2257
-1853
-1307
-542
167
1104
1797
2276
2620
2707
2695
2245
1794
912
-85
-1019
-2007
-2724
-3387
-3793
-3998
-4005
-3641
-3072
-2327
-1472
-548
384
1326
2334
3206
4030
4522
4973
5333
5665
6201
6698
7332
7830
8582
9015
9078
9072
8460
7482
6007
4149
2009
-493
-2994
-5268
-7172
-8538
-9313
-9598
-9371
-8652
-7560
-6226
-4798
-3377
-2105
-1185
-299
376
838
1183
1422
1748
2078
2666
3343
3887
4386
4764
5025
5137
5070
4738
4170
3313
2268
985
-430
-1726
-3014
-4137
-5048
-5668
-5973
-6094
-5890
-5543
-5136
-4563
-3881
-3162
-2466
-1890
-1544
-1414
-1295
-1225
-1218
-1249
-1133
-999
-706
-78
617
1245
1651
1842
1736
1302
745
30
-864
-1819
-2751
-3455
-3848
-3813
-3463
-2994
-2298
-1487
-626
302
1283
2250
3018
3672
4006
4201
4378
4619
5033
5437
5929
6408
6905
7263
7483
7535
7164
6573
5665
4587
3290
1747
96
-1534
-3070
-4433
-5503
-6249
-6547
-6509
-6062
-5423
-4545
-3534
-2527
-1553
-626
191
865
1365
1595
1694
1590
1526
1503
1415
1386
1281
1201
1111
1046
1052
996
914
787
580
286
-29
-507
-953
-1412
-1819
-2143
-2423
-2714
-2889
-3011
-3100
-2980
-2758
-2401
-2019
-1506
-1017
-544
-135
217
490
564
480
171
-166
-522
-857
-1131
-1297
-1396
-1437
-1393
-1394
-1401
-1462
-1576
-1736
-1895
-1919
-1892
-1721
-1450
-1114
-721
-415
-101
152
353
576
859
1086
1433
1804
2119
2637
3135
3565
3932
4209
4448
4668
4855
5041
5046
4945
4678
4216
3786
3214
2629
2024
1402
742
30
-586
-1046
-1359
-1514
-1546
-1463
-1327
-1117
-806
-487
-231
52
254
306
313
237
6
-294
-484
-736
-963
-1145
-1319
-1481
-1661
-1820
-1927
-1973
-1990
-1919
-1866
-1785
-1768
-1774
-1622
-1449
-1212
-970
-722
-508
-262
-14
150
311
388
474
526
555
649
724
782
750
484
84
-343
-865
-1272
-1585
-1929
-2229
-2468
-2648
-2702
-2682
-2647
-2580
-2575
-2543
-2423
-2235
-2026
-1763
-1465
-1139
-764
-490
-165
71
243
318
375
560
836
1117
1469
1747
1986
2183
2331
2462
2613
2692
2757
2840
2861
2901
2944
2984
2895
2811
2621
2435
2305
2154
2022
1823
1610
1440
1303
1239
1272
1208
1065
929
820
701
645
632
522
388
221
-18
-225
-380
-619
-897
-1265
-1698
-2115
-2438
-2635
-2746
-2803
-2868
-2942
-2948
-2854
-2698
-2478
-2274
-2079
-1858
-1605
-1359
-1026
-665
-365
-2
327
651
881
1074
1131
1096
1048
881
671
414
113
-211
-458
-752
-1016
-1323
-1598
-1809
-1971
-2050
-2089
-2097
-2128
-2132
-2046
-1860
-1689
-1417
-1081
-783
-472
-142
119
408
656
799
901
854
802
734
816
842
1109
1355
1571
1693
1615
1535
1359
1312
1304
1271
1227
1146
1114
1097
1222
1434
1591
1737
1786
1781
1798
1811
1936
2043
2071
2132
2124
2038
1997
1972
1790
1721
1547
1283
1076
805
560
233
-210
-654
-1105
-1528
-1836
-2104
-2238
-2407
-2547
-2595
-2669
-2659
-2598
-2538
-2465
-2375
-2324
-2225
-1978
-1703
-1450
-1253
-976
-637
-317
4
200
296
350
416
504
573
614
499
251
9
-271
-493
-665
-823
-996
-1124
-1177
-1205
-1190
-1108
-1108
-1110
-1137
-1093
-1014
-875
-624
-458
-183
51
301
535
719
777
800
761
712
690
703
676
682
729
718
655
634
552
388
249
77
-86
-250
-385
-475
-429
-276
-58
261
670
1064
1390
1686
1922
2162
2311
2494
2591
2610
2628
2678
2748
2727
2671
2559
2243
1822
1426
1004
618
199
-241
-642
-999
-1308
-1535
-1784
-1858
-1876
-1952
-2011
-2031
-2061
-2018
-1960
-1888
-1752
-1677
-1620
-1454
-1278
-1131
-1001
-874
-705
-606
-473
-406
-326
-300
-261
-207
-172
-103
-172
-215
-272
-358
-395
-406
-409
-409
-322
-220
-119
-48
-53
-81
-107
-104
-93
-11
88
179
227
260
268
348
429
508
508
486
380
338
255
143
162
40
-58
-98
-163
-246
-346
-452
-572
-689
-805
-819
-730
-622
-504
-379
-194
113
449
767
1063
1279
1425
1606
1773
1918
2013
2049
2145
2188
2180
2177
2162
2086
1960
1766
1444
1157
810
425
93
-228
-533
-850
-1111
-1253
-1383
-1409
-1420
-1366
-1227
-1171
-1100
-1005
-950
-887
-888
-881
-873
-839
-754
-622
-529
-493
-477
-523
-549
-599
-575
-587
-615
-659
-672
-615
-546
-526
-489
-500
-520
-569
-580
-495
-373
-263
-159
-41
48
105
131
171
218
285
303
411
488
505
477
370
226
117
25
-14
-60
-160
-174
-165
-156
-120
-136
-191
-285
-430
-461
-478
-468
-411
-370
-256
-156
-10
115
290
408
558
699
882
1163
1410
1625
1704
1700
1608
1479
1440
1420
1360
1351
1251
1100
953
877
760
649
490
273
-51
-332
-498
-555
-568
-551
-561
-669
-665
-615
-535
-456
-418
-376
-407
-394
-392
-376
-422
-480
-533
-556
-577
-543
-520
-517
-523
-541
-523
-491
-507
-504
-524
-599
-562
-561
-521
-546
-592
-637
-674
-631
-548
-432
-298
-185
-61
49
225
365
451
505
563
645
650
573
451
356
250
218
194
189
185
159
113
63
24
-52
-99
-168
-167
-125
-92
-85
-127
-194
-173
-145
-73
35
153
278
329
409
480
551
674
814
850
888
902
919
931
1010
944
892
806
660
484
370
244
181
148
60
-35
-148
-270
-414
-541
-573
-623
-575
-460
-382
-345
-386
-404
-396
-432
-435
-446
-464
-468
-452
-361
-372
-385
-438
-491
-562
-550
-473
-373
-293
-275
-258
-260
-297
-343
-376
-413
-442
-476
-417
-427
-412
-390
-365
-257
-89
87
219
366
478
528
567
625
640
563
448
367
284
207
216
103
68
86
98
112
104
115
111
88
101
100
105
118
81
65
52
4
-50
-87
-97
-60
-62
-111
-103
-63
-27
-13
100
236
285
389
414
460
511
517
493
462
478
422
365
229
87
-24
-101
-162
-159
-169
-222
-240
-306
-329
-385
-367
-401
-386
-285
-213
-177
-116
-100
-45
25
-6
-31
-48
-105
-149
-183
-202
-266
-281
-220
-263
-258
-250
-283
-280
-252
-261
-217
-224
-268
-304
-412
-394
-353
-266
-177
-45
146
248
359
430
522
641
709
734
707
661
504
317
191
70
-28
-155
-215
-188
-128
-57
83
187
193
103
82
20
-14
-45
-127
-168
-215
-223
-239
-241
-183
-183
-176
-155
-138
-112
-57
18
56
107
149
251
272
340
354
343
311
251
159
52
6
-104
-127
-126
-183
-196
-212
-227
-283
-342
-296
-237
-201
-178
-214
-212
-183
-74
58
219
345
409
380
401
384
348
387
347
283
220
143
80
27
6
2
-9
-46
-99
-133
-224
-243
-287
-283
-186
-155
-126
-75
-64
-84
-47
98
196
258
323
354
406
389
439
451
389
365
288
225
176
110
105
34
-36
-57
-13
103
129
156
169
98
52
-6
-65
-88
-122
-212
-271
-312
-333
-260
-162
-82
-21
36
7
-10
6
55
50
73
128
154
222
305
353
308
268
191
59
28
-86
-150
-179
-236
-265
-266
-268
-299
-303
-286
-180
-127
-139
-92
-48
-19
-63
-47
-22
53
105
164
211
179
187
147
80
58
84
90
144
209
232
311
286
258
203
139
52
3
-73
-144
-177
-252
-252
-193
-98
-54
-28
21
3
13
-25
-40
-60
-73
-89
-116
-112
-63
27
76
217
276
342
330
323
273
279
291
333
359
345
369
364
316
288
234
141
88
-29
-123
-121
-118
-147
-104
-91
-25
41
80
67
47
19
-53
-76
-116
-71
17
96
142
226
252
273
258
252
294
271
267
222
189
179
205
174
196
181
126
81
-3
-4
-43
-115
-180
-249
-270
-290
-301
-226
-140
-65
-23
49
52
105
169
239
326
376
401
519
617
679
704
618
560
431
289
192
78
-29
-135
-147
-101
-95
-99
-162
-295
-419
-545
-629
-629
-589
-562
-493
-426
-299
-171
-21
203
342
488
505
558
584
678
726
674
648
595
465
441
371
236
131
65
-55
-222
-324
-408
-376
-389
-345
-256
-235
-173
-183
-156
-95
-135
-188
-208
-163
-147
-82
77
142
197
252
315
338
359
385
344
280
197
69
-27
-77
-133
-127
-195
-256
-285
-322
-382
-390
-353
-324
-221
-142
-41
72
119
195
276
337
431
467
498
502
499
552
561
637
593
666
653
612
580
516
438
357
207
-8
-146
-330
-455
-546
-554
-556
-570
-584
-641
-621
-559
-466
-398
-303
-235
-101
67
226
400
526
610
685
765
827
828
818
736
599
472
348
269
159
-16
-150
-248
-362
-439
-463
-496
-475
-459
-413
-354
-240
-81
42
129
190
238
253
214
178
186
194
273
360
384
392
411
307
236
141
38
-35
-208
-349
-493
-633
-694
-743
-744
-725
-666
-612
-531
-439
-398
-343
-215
-64
51
257
400
559
641
789
877
914
961
894
879
788
758
678
621
527
409
333
262
198
93
11
-130
-372
-525
-703
-804
-845
-853
-861
-848
-733
-603
-423
-259
-217
-121
-8
45
225
375
528
667
761
777
804
734
693
597
491
342
226
116
-47
-165
-354
-467
-611
-639
-670
-694
-623
-595
-526
-414
-291
-161
-11
88
154
237
303
396
463
570
634
672
695
619
563
491
484
383
292
185
16
-126
-310
-465
-572
-660
-742
-781
-849
-857
-829
-772
-707
-646
-517
-374
-212
-31
131
270
335
480
613
725
909
986
1063
1090
1034
1001
957
902
826
670
527
372
179
57
-69
-258
-406
-621
-808
-906
-935
-923
-937
-797
-708
-545
-346
-226
4
156
225
367
489
603
819
897
919
908
795
767
683
588
464
285
154
26
-145
-284
-427
-628
-781
-847
-865
-814
-692
-587
-456
-329
-222
-124
37
179
225
374
511
542
623
642
655
681
724
767
761
704
605
461
266
158
-14
-191
-334
-547
-723
-810
-911
-977
-913
-890
-805
-707
-643
-615
-607
-541
-442
-323
-117
164
407
609
776
853
905
948
909
974
985
1018
1012
921
888
750
574
413
268
118
-32
-228
-414
-607
-727
-802
-807
-766
-724
-722
-689
-617
-503
-337
-149
111
300
538
615
741
853
920
1027
1060
994
998
960
853
822
698
626
516
291
128
-31
-193
-348
-477
-505
-442
-419
-369
-309
-259
-181
-97
-38
-38
56
210
272
338
447
568
680
748
820
875
858
790
718
664
619
612
587
538
409
221
29
-149
-371
-486
-610
-702
-710
-671
-607
-510
-383
-343
-283
-199
-148
-51
27
160
363
445
509
545
584
606
665
612
550
501
420
369
353
412
415
342
177
-12
-173
-325
-357
-454
-520
-529
-605
-670
-632
-545
-467
-326
-281
-228
-193
-100
48
164
306
461
581
608
581
520
532
499
473
481
502
440
336
247
116
-36
-133
-200
-259
-325
-359
-301
-327
-327
-196
-179
-192
-232
-250
-298
-314
-248
-149
-65
69
128
221
313
350
392
378
356
310
229
112
49
-54
-183
-364
-517
-683
-858
-997
-1106
-1178
-1213
-1222
-1242
-1254
-1234
-1155
-1052
-928
-843
-801
-710
-703
-565
-405
-277
-126
-80
16
107
187
314
396
477
563
659
690
759
808
851
910
843
895
875
1011
1150
1280
1469
1613
1833
1987
2142
2343
2510
2468
2329
2227
1988
1911
1847
1654
1547
1299
996
638
299
-16
-371
-778
-1148
-1493
-1791
-2036
-2247
-2445
-2685
-2771
-2790
-2804
-2716
-2657
-2493
-2260
-2080
-1799
-1535
-1351
-1367
-1366
-1386
-1331
-1198
-1066
-939
-809
-643
-500
-363
-328
-353
-382
-500
-589
-619
-692
-752
-838
-977
-1113
-1230
-1419
-1552
-1646
-1674
-1667
-1590
-1477
-1353
-1237
-1116
-946
-758
-546
-283
-7
266
555
876
1233
1630
2088
2410
2788
3234
3689
4226
4735
5129
5419
5415
5217
4815
4345
3979
3495
3190
2725
2230
1692
1030
543
14
-497
-1129
-1958
-2587
-3093
-3317
-3171
-3187
-3276
-3595
-3968
-4093
-4008
-3738
-3380
-2967
-2637
-2360
-2020
-1763
-1508
-1368
-1340
-1274
-1148
-879
-546
-214
79
284
543
732
917
1053
1178
1260
1222
1254
1224
1181
991
760
497
292
186
-33
-199
-428
-727
-907
-1075
-1199
-1377
-1648
-1908
-2171
-2304
-2332
-2319
-2304
-2365
-2309
-2207
-1997
-1642
-1338
-1129
-1032
-1007
-848
-678
-349
-143
-5
162
290
540
862
1108
1255
1406
1517
1693
1852
2102
2255
2427
2567
2779
3129
3518
3923
4258
4676
4964
5023
4656
4051
3386
2781
2676
2574
2318
1778
916
250
-195
-487
-874
-1614
-2579
-3341
-3586
-3282
-2859
-2571
-2673
-3107
-3425
-3423
-3022
-2479
-2099
-1991
-2119
-2036
-1734
-1351
-939
-843
-1000
-1110
-1007
-594
0
415
618
530
400
438
646
790
896
858
683
587
623
695
778
718
573
455
363
376
244
34
-250
-616
-911
-1180
-1356
-1625
-1943
-2153
-2286
-2241
-2189
-2227
-2286
-2358
-2325
-2148
-1962
-1757
-1640
-1607
-1565
-1437
-1142
-803
-551
-304
-101
195
578
904
1257
1433
1606
1766
1955
2262
2503
2687
2724
2864
3146
3498
3948
4385
4771
5015
5145
5028
4466
3928
3281
2828
2751
2393
1967
1157
287
-226
-630
-812
-1310
-2180
-2975
-3536
-3461
-2975
-2632
-2587
-3031
-3638
-3833
-3651
-3043
-2474
-2198
-2233
-2370
-2086
-1568
-967
-507
-577
-781
-872
-671
-32
553
850
802
510
303
364
646
1008
1128
1021
823
803
858
988
1036
921
716
498
426
371
291
126
-146
-480
-799
-1107
-1441
-1790
-2005
-2142
-2166
-2202
-2286
-2489
-2669
-2753
-2668
-2454
-2178
-2024
-1957
-1837
-1649
-1238
-845
-463
-262
-116
171
572
1057
1430
1718
1823
1826
1967
2196
2473
2707
2742
2700
2718
3015
3465
3861
4194
4467
4722
4890
4917
4519
3968
3419
2982
2952
2778
2494
1914
1050
521
156
16
-403
-1356
-2348
-3154
-3348
-2933
-2596
-2613
-3208
-4053
-4423
-4419
-3784
-3167
-2905
-2931
-3236
-3162
-2688
-1946
-1370
-1305
-1540
-1704
-1463
-661
205
758
923
591
458
525
953
1433
1697
1716
1539
1546
1587
1809
2030
1948
1714
1413
1170
1008
958
792
437
-92
-706
-1200
-1698
-2031
-2355
-2680
-2999
-3250
-3400
-3560
-3701
-3824
-3808
-3610
-3331
-3020
-2719
-2477
-2232
-1814
-1326
-820
-424
-148
129
508
955
1369
1737
1835
1873
2002
2171
2429
2683
2763
2693
2646
2682
2845
3189
3544
3911
4194
4565
4979
5201
4891
4444
3920
3520
3512
3374
3202
2524
1524
937
527
352
12
-973
-2140
-3146
-3520
-3173
-2684
-2528
-3030
-3885
-4471
-4577
-3980
-3364
-3011
-2942
-3281
-3252
-2660
-1773
-980
-862
-1054
-1310
-1275
-726
140
841
981
865
598
562
876
1296
1635
1707
1497
1307
1290
1429
1642
1638
1391
1006
582
467
409
377
148
-279
-800
-1299
-1616
-1960
-2172
-2429
-2738
-2845
-2927
-3101
-3055
-3007
-2842
-2601
-2381
-2062
-1830
-1559
-1272
-1044
-690
-420
-177
31
202
450
736
1085
1288
1447
1500
1570
1605
1728
1931
2079
2149
2230
2206
2292
2559
2906
3354
3773
4211
4683
5098
5250
4913
4450
3892
3442
3449
3270
3040
2447
1362
662
186
-58
-348
-1230
-2409
-3449
-3991
-3719
-3262
-2968
-3195
-3925
-4506
-4774
-4278
-3448
-2732
-2387
-2543
-2666
-2250
-1538
-636
-213
-356
-707
-972
-570
295
1130
1553
1373
912
594
663
1078
1441
1465
1128
767
618
784
1213
1336
1089
571
93
-14
78
222
204
-197
-624
-1040
-1241
-1296
-1435
-1613
-1987
-2387
-2512
-2482
-2306
-2247
-2355
-2483
-2630
-2435
-2118
-1805
-1717
-1746
-1708
-1565
-1204
-806
-520
-310
-265
-97
220
668
1010
1219
1232
1268
1311
1404
1789
1952
2176
2243
2240
2527
3070
3652
4183
4656
4965
5369
5469
5178
4949
4282
3878
3677
3348
3269
2561
1459
756
167
-37
-176
-1029
-2012
-3171
-3877
-3657
-3129
-2547
-2636
-3268
-3971
-4424
-3978
-3094
-2391
-2088
-2475
-2742
-2444
-1809
-811
-332
-578
-1073
-1596
-1409
-690
131
774
804
428
71
36
441
868
1115
959
654
579
789
1214
1551
1588
1317
987
705
667
659
583
332
-27
-414
-814
-1153
-1579
-1928
-2284
-2589
-2736
-2903
-2935
-3056
-3238
-3298
-3248
-3063
-2889
-2785
-2692
-2552
-2206
-1746
-1195
-761
-531
-356
-112
285
822
1370
1762
1994
2028
2186
2429
2784
3156
3248
3152
3045
3145
3578
4057
4506
4754
4942
5230
5565
5876
5936
5638
4727
4029
3152
2537
2234
1319
502
-458
-1426
-2125
-3108
-4125
-4825
-5458
-5235
-4347
-3511
-3037
-3553
-4359
-4827
-4716
-3462
-1739
-256
604
576
335
166
234
669
872
813
670
693
1191
1770
2021
1674
910
244
130
591
1191
1477
1272
642
-71
-494
-526
-295
-305
-619
-1031
-1472
-1679
-1658
-1818
-2189
-2794
-3349
-3412
-3074
-2572
-2217
-2217
-2448
-2612
-2398
-1686
-828
-141
130
21
-313
-491
-379
-151
10
18
-60
-142
-78
149
420
623
741
741
849
1095
1397
1831
2159
2454
2692
2890
3319
4027
4926
6037
7104
7966
8681
8619
7474
5403
3129
1218
510
694
1181
1107
-518
-2718
-5037
-6689
-6999
-6548
-5694
-4833
-4502
-4440
-4363
-4317
-4013
-3644
-3069
-2020
-590
1092
2487
3251
3138
2575
2308
2496
3369
4359
4867
4600
3460
1905
563
-279
-563
-582
-781
-1325
-2114
-2934
-3669
-4184
-4670
-4898
-4782
-4286
-3254
-2293
-1676
-1471
-1627
-1658
-1215
-314
943
2102
2546
2423
1872
1268
991
1067
1287
1344
962
285
-640
-1598
-2251
-2688
-2941
-2974
-3070
-3241
-3428
-3771
-4029
-4159
-3959
-3330
-2580
-1795
-1145
-600
-89
349
1041
1955
2860
3790
4533
4968
5230
5325
5475
5769
6192
7007
7856
8596
9232
9606
9600
8634
6383
3486
516
-1729
-2347
-1914
-1472
-2072
-4457
-7538
-9903
-10776
-9694
-7768
-5837
-4406
-4082
-4170
-3910
-2978
-1322
542
2379
4071
5397
6322
6688
6540
5841
5222
5009
5008
5143
4718
3483
1423
-1119
-3340
-4751
-5180
-4955
-4697
-4906
-5576
-6557
-7432
-7571
-6831
-5411
-3572
-1903
-679
195
678
1364
2357
3359
4443
5258
5678
5816
5321
4503
3427
2216
1280
493
-55
-794
-1809
-3116
-4754
-6087
-6838
-7005
-6534
-5925
-5546
-5512
-5572
-5296
-4603
-3430
-2027
-719
377
1187
1788
2213
2745
3287
3921
4656
5206
5545
5549
5133
4587
4225
4078
4200
4549
4698
4805
4868
4868
5510
6315
6789
6284
4083
1425
-1143
-3088
-2930
-2112
-1442
-1688
-3815
-6132
-7800
-8222
-7054
-5282
-3443
-2047
-1722
-1752
-1432
-619
545
2014
3373
4423
5142
5240
4967
4402
3712
3252
2952
2678
2381
1597
249
-1518
-3362
-4920
-5635
-5483
-4889
-4268
-4157
-4454
-4836
-5034
-4333
-3006
-1309
96
851
1594
1642
2062
3014
3710
4580
4653
4288
3614
2657
2058
1210
132
-766
-1892
-2974
-3845
-4531
-5257
-6033
-6509
-6929
-6907
-6353
-5504
-4600
-3962
-3389
-2817
-2112
-1026
257
1355
2208
2630
2809
2985
3265
3755
4153
4270
4296
4095
3813
3653
3386
3209
3042
3026
3160
3462
4111
4784
5490
6338
7195
7667
6992
5097
2611
10
-1825
-1782
-1207
-611
-1048
-3376
-5933
-8001
-8550
-7552
-5879
-3893
-2810
-2923
-3284
-3233
-2539
-1028
1026
2661
3826
4281
4140
3919
3711
3682
3785
3733
3607
3191
2153
730
-1002
-2775
-4106
-4623
-4494
-3976
-3654
-3977
-4728
-5452
-5649
-4870
-3351
-1495
-15
644
873
983
1312
2136
3180
4080
4603
4486
3834
2838
1738
797
-54
-770
-1424
-2244
-3177
-4109
-5163
-6047
-6549
-6549
-6129
-5519
-4695
-4072
-3653
-3272
-2756
-1976
-919
444
1656
2495
2860
2931
2746
2780
3246
3829
4360
4611
4511
3955
3350
2906
2677
2885
3381
3732
4172
4499
4880
5473
6240
7464
7765
6646
4569
2008
-813
-1876
-1401
-821
-197
-1554
-4121
-6605
-8260
-8087
-6844
-5073
-3339
-2889
-3284
-3576
-3433
-2513
-708
1399
3146
4332
4453
3997
3474
3154
3385
3611
3845
3874
3074
1659
13
-1722
-3223
-4175
-4493
-4220
-3670
-3608
-4077
-4833
-5607
-5464
-4445
-2498
-301
1008
983
691
431
346
2165
3834
5058
5818
4831
3468
1840
1058
927
483
425
-291
-1935
-3500
-4684
-5508
-5878
-5715
-5419
-5180
-4997
-4629
-4431
-4207
-3402
-2547
-1650
-623
425
1049
1421
1935
2033
2158
2596
3096
3574
3967
4129
3846
3247
3013
2827
2773
3271
3708
3965
4093
4400
4690
5217
6523
7596
7757
6246
3851
991
-1765
-1777
-991
-3
332
-1851
-4723
-7330
-8467
-7788
-6103
-3857
-2491
-2567
-3316
-3868
-3703
-2522
-198
1897
3604
4551
4322
3763
3124
2999
3306
3785
4327
4105
3112
1489
-309
-2025
-3360
-4058
-4382
-4009
-3721
-3992
-4599
-5592
-6067
-5767
-4501
-2494
-744
397
791
679
610
1318
2606
4054
5258
5516
4865
3562
2136
1292
693
446
220
-639
-1963
-3527
-4962
-6032
-6404
-6237
-5914
-5544
-5352
-5174
-5167
-4801
-3986
-3044
-1744
-484
591
1321
1822
2225
2490
3105
3736
4361
5014
5238
5302
4914
4610
4481
4279
4423
4660
4819
4934
5029
5185
5571
6258
7194
7375
5827
3684
893
-2070
-2621
-2129
-1282
-649
-2410
-5024
-7689
-9201
-8699
-7184
-5009
-3156
-2789
-3306
-3603
-3611
-2716
-508
1690
3632
4901
4809
4313
3585
3304
3713
4179
4643
4531
3516
1838
125
-1601
-2940
-3580
-4075
-4047
-3976
-4339
-4836
-5722
-6214
-5977
-5000
-3129
-1329
-164
397
323
259
970
2274
3833
5305
5955
5497
4357
3031
2187
1658
1380
1206
368
-1005
-2675
-4590
-5919
-6609
-6754
-6367
-6070
-5808
-5674
-5702
-5410
-4818
-3695
-2377
-1083
142
1004
1540
2010
2487
2987
3634
4268
4762
5087
5205
5056
4696
4507
4476
4416
4439
4579
4469
4270
4454
4641
5453
6489
7175
6429
4081
1847
-1273
-2850
-2250
-1516
-317
-1119
-3634
-6455
-8622
-8666
-7492
-5442
-3357
-2520
-2961
-3601
-3827
-3451
-1690
769
2849
4488
4831
4340
3553
3061
3427
3960
4724
5075
4369
2784
882
-848
-2260
-2814
-3068
-3282
-3275
-3693
-4317
-5061
-5656
-5510
-4764
-3198
-1298
-31
620
704
499
232
1094
2287
3328
4884
5050
4402
3209
1616
594
-197
-20
151
-697
-1662
-3099
-4777
-5951
-6389
-6091
-5777
-5030
-4390
-4484
-4511
-4279
-3940
-3102
-1635
-191
875
1683
2021
2100
2437
3139
3731
4278
4876
5049
4932
4862
4784
4606
4304
4417
4650
4764
5444
5709
5742
6100
6607
6933
5738
4004
1991
-1095
-2205
-2023
-1568
-767
-1967
-4336
-6877
-8438
-8222
-7218
-5497
-3923
-3534
-3956
-4058
-3840
-3218
-1375
380
1978
3430
3921
3994
3641
3500
3772
4086
4680
4936
4216
2957
1547
14
-1287
-1870
-2390
-2755
-2994
-3644
-4135
-4895
-5235
-5058
-4603
-3338
-2004
-1119
-382
-138
-47
491
1464
2673
3737
4334
4177
3405
2547
2040
1507
1324
885
-23
-1138
-2437
-3463
-4343
-4928
-5281
-5618
-5798
-5661
-5453
-5164
-4827
-4363
-3866
-3294
-2380
-1325
-320
519
1214
1710
2241
2854
3405
3935
4412
4689
4782
4884
4980
4911
4733
4641
4607
4927
5550
6045
6426
6703
7119
7243
5835
4198
2125
-669
-1432
-1379
-968
-509
-2251
-4771
-7392
-8890
-8420
-7139
-5271
-3912
-3932
-4573
-4660
-4190
-2947
-864
951
2358
3334
3544
3816
4028
4264
4730
4838
4997
4931
4174
3003
1818
344
-909
-1628
-2446
-2878
-3360
-4152
-4754
-5534
-5823
-5549
-5035
-3863
-2805
-2117
-1422
-1072
-580
416
1563
2700
3562
3825
3659
3226
2815
2570
2115
1832
1320
333
-722
-1844
-2923
-3709
-4249
-4545
-4793
-5053
-5162
-5212
-5209
-4867
-4292
-3624
-2969
-2176
-1478
-743
208
1135
1935
2658
3264
3548
3772
4214
4546
4784
5082
5133
4980
4700
4555
4384
4597
5229
5852
6368
6828
7199
6829
5060
3245
1010
-1222
-1316
-1046
-587
-736
-3017
-5627
-7955
-8722
-7621
-6109
-4348
-3605
-4255
-4938
-4827
-3852
-2060
92
1556
2537
2944
3015
3448
3888
4543
5028
5010
4922
4366
3292
2210
1101
-34
-964
-1679
-2503
-3177
-3935
-4757
-5292
-5632
-5494
-5047
-4371
-3206
-2394
-1774
-1087
-535
258
724
1804
2717
2904
3764
3649
3106
2880
2183
1621
915
590
-69
-1377
-2116
-2995
-3986
-4597
-4776
-5174
-5506
-5092
-4915
-4702
-4235
-3704
-3475
-3153
-2116
-1370
-296
1012
1741
2216
2711
3399
3654
4202
4891
5040
5097
5086
5045
4775
4816
4939
4829
5205
5668
6206
6770
7309
7355
5293
3247
1030
-1660
-1803
-1267
-643
-597
-2897
-5627
-8227
-9185
-7964
-6210
-4268
-3363
-4037
-5274
-5372
-4258
-2205
526
2152
2992
3077
2764
3077
3486
4510
5464
5575
5309
4603
3332
2034
918
-149
-927
-1392
-2091
-2676
-3614
-4726
-5541
-6290
-6109
-5489
-4781
-3650
-2852
-2376
-1864
-1489
-631
724
2044
3235
4035
4174
4029
3574
3199
3261
2953
2602
1926
456
-860
-2131
-3168
-3839
-4447
-4745
-5535
-6223
-6362
-6524
-6080
-5315
-4546
-3869
-3215
-2561
-2070
-1222
-42
1136
2290
3292
3892
4030
4214
4415
4644
5175
5536
5626
5381
4987
4505
4072
4406
4827
5312
5953
6455
7032
6502
4646
2700
114
-1939
-1734
-1081
-234
-209
-2745
-5679
-8068
-8893
-7362
-5142
-3082
-2316
-3561
-5017
-5279
-4295
-1686
1111
2702
3354
2979
2286
2368
2936
4061
5109
5151
4961
4076
2660
1525
163
-976
-1495
-1902
-2223
-2489
-3325
-4343
-5259
-5960
-5694
-4813
-3630
-2339
-1847
-1611
-1365
-1077
18
1561
2970
3940
4176
3851
3214
2659
2533
2464
2242
1864
843
-670
-2113
-3382
-4172
-4530
-4601
-4728
-5191
-5616
-5870
-5855
-5302
-4340
-3313
-2425
-1765
-1200
-842
-329
593
1523
2484
3387
3810
3798
3756
3708
3789
4093
4512
4748
4372
3933
3399
2995
3288
3911
4740
5526
6223
6687
5816
3917
2245
-213
-1444
-699
68
1004
345
-2329
-5108
-7178
-7169
-5366
-3240
-1513
-1532
-3258
-4615
-4666
-3456
-785
1523
2468
2551
1694
974
1052
1556
2639
3308
3258
3054
2147
1121
287
-811
-1718
-2002
-2124
-2011
-1940
-2428
-3106
-3915
-4212
-3576
-2532
-1065
70
276
206
-55
19
1036
2323
3520
4106
3711
2805
1694
886
601
461
172
-496
-1648
-3164
-4412
-5300
-5627
-5492
-5275
-5005
-5059
-5078
-4800
-4402
-3622
-2478
-1363
-523
370
896
1237
1591
1925
2387
2759
3307
3516
3343
3189
2821
2607
2586
2684
2695
2548
2442
2194
2250
2501
3042
3853
4646
5774
6494
5363
3941
2025
-527
-648
320
1341
2329
803
-1708
-4113
-5475
-4382
-2590
-755
239
-940
-2718
-3491
-3476
-2128
-76
1003
1435
988
111
-104
-400
-245
293
216
403
334
-434
-1079
-2057
-3018
-3327
-3048
-2391
-1595
-1455
-1627
-1857
-2230
-1637
-553
708
2253
2887
3016
3043
2631
2739
3074
3440
3765
3521
2766
1588
232
-900
-1532
-2097
-2489
-3017
-3970
-5208
-6257
-6626
-6546
-5811
-4735
-4162
-3845
-3379
-2781
-1989
-739
481
1201
1719
2003
1913
1887
2006
1935
1665
1641
1561
1244
1135
946
666
553
666
817
933
1115
1182
1295
1775
2620
3634
4697
6040
7091
7684
6768
5195
3608
1491
1380
2016
2406
2726
674
-1983
-4099
-5218
-4072
-2426
-847
-115
-1028
-2356
-2817
-2422
-1167
610
1366
1463
1159
414
180
-179
-378
-302
-626
-638
-808
-1559
-2295
-3266
-4177
-4317
-3846
-3032
-2022
-1513
-1455
-1423
-1485
-815
295
1499
2899
3519
3681
3565
3053
2963
3124
3205
3264
2837
1930
656
-721
-1781
-2397
-2750
-2918
-3259
-3988
-4750
-5429
-5712
-5252
-4540
-3598
-2813
-2527
-2143
-1572
-956
-161
624
1175
1311
1362
1358
1169
1028
858
621
391
300
47
-100
-162
-152
5
254
549
772
1019
1243
1555
2170
2978
4050
5088
6073
7111
7953
8249
6866
5424
3488
1348
1414
1457
1781
1456
-1025
-3348
-5460
-5926
-4398
-2818
-1236
-580
-1312
-2038
-1886
-1275
-95
1295
1984
2448
2253
1752
1362
369
-385
-840
-1145
-816
-889
-1651
-2817
-4252
-5264
-5337
-4522
-3294
-2030
-1537
-1413
-1407
-1459
-617
631
2110
3678
4426
4584
4200
3446
3003
2958
3148
3274
2843
1827
284
-1458
-2720
-3300
-3401
-3311
-3473
-4130
-4970
-5605
-5538
-4970
-3957
-2714
-2106
-1558
-1124
-893
-531
-210
332
727
1104
1463
1268
1005
551
53
-114
-14
308
440
421
316
173
267
545
1001
1287
1676
2019
2481
3230
4006
4965
5774
6675
7649
7942
6805
5245
3324
1048
670
907
1261
1457
-491
-2750
-4582
-5377
-4068
-2367
-724
296
-43
-641
-715
-440
229
1121
1823
2197
2288
1769
1037
-81
-1387
-2064
-2502
-2365
-2073
-2580
-3462
-4680
-5672
-5726
-5070
-3753
-2284
-1344
-983
-874
-917
-580
539
1947
3572
4614
4866
4459
3439
2679
2319
2407
2748
2699
1841
237
-1567
-2999
-3523
-3400
-3065
-2966
-3383
-4165
-4726
-4901
-4498
-3510
-2578
-1815
-1193
-876
-664
-554
-469
-207
134
533
1014
1192
953
420
-273
-563
-517
-87
437
760
762
518
323
349
712
1177
1918
2494
3029
3525
4057
4808
5471
6423
7314
7238
6057
4428
2251
598
340
554
1073
754
-898
-2452
-3940
-4307
-3206
-1835
-411
416
342
53
-121
-162
95
470
995
1530
1577
1177
393
-840
-2152
-2880
-3182
-2935
-2732
-2962
-3437
-4276
-4951
-5047
-4502
-3346
-1985
-751
-29
151
78
117
575
1678
3218
4435
4982
4540
3341
2207
1522
1436
1669
1736
1249
12
-1560
-2811
-3534
-3729
-3528
-3250
-3197
-3395
-3566
-3587
-3503
-3065
-2470
-1738
-921
-305
108
25
-291
-446
-445
4
643
1109
1135
548
-143
-610
-688
-254
369
836
1098
1075
900
842
954
1402
1940
2600
3481
4283
4872
5296
5765
6302
6585
5926
4904
3325
1531
835
560
804
779
-285
-1413
-2533
-3237
-2837
-1953
-1006
-176
55
10
-96
-316
-386
-285
-121
204
554
531
150
-623
-1779
-2697
-3299
-3387
-3061
-2869
-2933
-3189
-3702
-4127
-4116
-3659
-2648
-1398
-280
438
624
539
614
946
1836
3037
3969
4381
4011
3150
2208
1385
1092
1054
969
487
-422
-1484
-2480
-3169
-3537
-3630
-3607
-3467
-3287
-3037
-2840
-2675
-2513
-2222
-1680
-972
-240
280
400
200
-182
-360
-121
307
719
884
623
84
-409
-569
-388
78
668
1033
1209
1200
1098
1107
1332
1858
2627
3559
4327
4941
5422
5899
6201
5929
5147
3884
2540
1742
1497
1663
1736
1000
-196
-1274
-1945
-1892
-1460
-981
-642
-537
-524
-523
-481
-549
-707
-843
-986
-758
-387
-144
-110
-693
-1509
-2294
-2956
-2983
-2684
-2373
-2114
-2189
-2599
-2982
-3169
-3075
-2625
-2021
-1272
-602
-109
218
409
655
1098
1633
2226
2666
2954
2985
2763
2463
2139
1747
1297
743
182
-337
-860
-1206
-1700
-2199
-2706
-3110
-3256
-3085
-2691
-2368
-2174
-2120
-1956
-1690
-1264
-777
-407
-227
-213
-156
3
283
418
474
321
1
-279
-365
-302
-152
4
65
162
163
152
137
248
581
1097
1760
2410
2985
3527
4061
4598
5009
5136
4909
4481
4068
3640
3457
3307
3068
2734
2214
1679
1090
497
82
-334
-716
-930
-1159
-1175
-1117
-1262
-1401
-1746
-1913
-1843
-1770
-1478
-1430
-1497
-1700
-2019
-2159
-2062
-2011
-2013
-2110
-2288
-2427
-2505
-2374
-2264
-2076
-1980
-1876
-1667
-1407
-1119
-681
-71
531
1034
1289
1496
1478
1496
1574
1577
1584
1368
1089
680
168
-229
-614
-1068
-1552
-2049
-2457
-2633
-2495
-2249
-2091
-2202
-2395
-2528
-2367
-1865
-1338
-829
-593
-490
-321
-141
160
458
649
812
921
1053
1203
1266
1362
1289
1229
1359
1499
1688
1905
2129
2347
2649
3037
3570
4166
4655
4978
4891
4573
3969
3383
3049
2963
3005
2888
2414
1693
971
462
251
31
-156
-554
-935
-1083
-1182
-1079
-1106
-1399
-1703
-2090
-2229
-1894
-1526
-1291
-1487
-1887
-2163
-2294
-2121
-1927
-1922
-2186
-2526
-2661
-2483
-2177
-1990
-2022
-2216
-2317
-2135
-1746
-1192
-730
-357
31
504
989
1219
1302
1276
1278
1497
1776
2036
1937
1541
1026
404
102
-134
-310
-554
-971
-1458
-1882
-2045
-2052
-2002
-1980
-2029
-2148
-2040
-1846
-1512
-1183
-980
-772
-550
-292
-88
96
236
415
591
850
1147
1331
1421
1389
1299
1313
1509
1885
2295
2692
2995
3198
3496
3813
4275
4545
4525
4429
3979
3472
3048
2643
2455
2272
1956
1613
1068
699
406
23
-273
-666
-910
-824
-720
-527
-615
-1146
-1573
-2052
-2093
-1733
-1429
-1235
-1252
-1606
-2001
-2325
-2390
-2284
-2174
-2097
-2192
-2317
-2402
-2497
-2519
-2427
-2329
-2183
-2041
-1755
-1541
-1217
-862
-591
-186
173
569
951
1077
1088
1043
1048
1220
1448
1576
1515
1194
596
5
-434
-527
-524
-493
-654
-1169
-1606
-1983
-2069
-1875
-1644
-1428
-1397
-1395
-1346
-1186
-991
-755
-561
-368
-151
47
297
445
547
586
759
1048
1386
1668
1737
1729
1771
2022
2415
2904
3360
3747
3953
4116
4246
4152
3954
3581
3081
2893
2826
2765
2619
1986
1308
735
427
528
481
325
17
-641
-777
-681
-507
-46
-201
-599
-977
-1487
-1417
-1197
-1087
-989
-1160
-1234
-1396
-1754
-1988
-2278
-2475
-2431
-2372
-2190
-2097
-2272
-2551
-2843
-2873
-2575
-2063
-1461
-1047
-818
-718
-661
-468
-152
261
799
1188
1317
1280
1185
1094
1165
1326
1457
1394
1013
541
76
-305
-452
-434
-430
-528
-868
-1310
-1568
-1695
-1597
-1465
-1388
-1269
-1235
-1209
-1237
-1282
-1250
-1086
-827
-446
-84
113
258
243
361
580
992
1438
1722
1959
2162
2324
2621
3033
3476
3960
4436
4747
4859
4653
4211
3755
3190
2846
2721
2604
2449
1887
1193
505
-124
-167
-212
-237
-311
-767
-882
-913
-898
-580
-572
-639
-806
-1218
-1353
-1411
-1425
-1244
-1349
-1403
-1490
-1747
-1951
-2294
-2562
-2694
-2645
-2400
-2283
-2255
-2387
-2674
-2807
-2831
-2536
-1936
-1357
-815
-489
-392
-366
-316
-148
339
879
1324
1534
1390
1209
951
892
979
1045
923
563
80
-379
-590
-590
-516
-479
-602
-927
-1228
-1378
-1323
-1210
-1150
-1122
-1089
-1128
-1103
-1128
-1231
-1241
-1144
-851
-382
108
512
614
466
411
542
994
1514
1949
2263
2456
2555
2826
3265
3798
4340
4731
4940
4841
4521
3912
3213
2840
2664
2614
2650
2276
1749
935
128
-179
-370
-284
-154
-321
-426
-615
-758
-580
-643
-646
-721
-1009
-1092
-1188
-1310
-1312
-1474
-1582
-1616
-1785
-1861
-2100
-2392
-2523
-2640
-2511
-2344
-2243
-2235
-2382
-2544
-2683
-2646
-2146
-1545
-968
-482
-324
-351
-444
-410
-146
324
779
1115
1143
967
701
529
515
540
512
360
71
-274
-539
-654
-660
-597
-613
-731
-855
-1000
-1080
-1096
-1115
-1050
-927
-898
-786
-809
-938
-986
-1007
-785
-396
45
481
694
704
468
505
701
1072
1540
1981
2366
2592
2751
2965
3286
3748
4178
4593
4891
4680
4291
3513
2729
2404
2242
2373
2264
1696
1143
293
-177
-288
-483
-273
-356
-579
-505
-656
-648
-593
-816
-850
-1062
-1251
-1279
-1480
-1517
-1663
-1856
-1787
-1826
-1824
-1953
-2304
-2592
-2811
-2700
-2419
-2181
-1991
-2047
-2252
-2352
-2403
-2099
-1571
-1066
-542
-263
-173
-182
-262
-240
12
371
757
921
849
604
332
164
157
210
240
156
-18
-211
-418
-492
-546
-482
-453
-517
-548
-610
-720
-764
-749
-653
-654
-703
-754
-867
-907
-1000
-887
-672
-371
-54
201
400
444
434
473
639
977
1397
1810
2162
2384
2616
2942
3275
3642
4100
4492
4698
4521
4134
3490
2706
2300
2105
2125
2055
1612
1158
445
-69
-250
-527
-461
-433
-565
-470
-644
-713
-727
-918
-902
-1008
-1287
-1466
-1694
-1796
-1821
-1808
-1626
-1629
-1717
-1971
-2220
-2474
-2668
-2575
-2351
-2134
-2048
-2012
-2131
-2208
-2344
-2154
-1682
-1283
-792
-528
-395
-381
-439
-387
-203
63
210
390
347
207
97
-40
-91
-182
-193
-234
-303
-313
-288
-342
-408
-382
-491
-433
-367
-370
-372
-424
-465
-549
-633
-688
-740
-789
-769
-688
-632
-460
-203
12
226
383
554
674
826
1096
1430
1797
2162
2530
2863
3163
3551
4004
4469
4818
5097
4988
4538
3899
3035
2417
2017
1931
1955
1697
1344
691
13
-337
-687
-828
-692
-733
-556
-462
-547
-571
-941
-1149
-1225
-1447
-1405
-1457
-1576
-1636
-1819
-1793
-1803
-1877
-1991
-2227
-2412
-2485
-2576
-2477
-2350
-2183
-2059
-2056
-2053
-2217
-2179
-1933
-1600
-1150
-744
-478
-323
-357
-408
-473
-437
-253
-138
-63
-11
-29
-95
-186
-275
-358
-400
-320
-246
-167
-131
-141
-183
-183
-197
-209
-198
-164
-172
-206
-206
-245
-296
-354
-412
-397
-289
-190
-67
121
309
517
695
831
960
1127
1300
1543
1836
2149
2468
2836
3223
3615
4086
4406
4690
4691
4349
3898
3205
2525
2201
1867
1878
1656
1244
936
346
55
-234
-661
-768
-978
-1016
-689
-589
-489
-690
-1205
-1499
-1854
-1903
-1799
-1846
-1791
-1906
-2029
-2033
-2116
-2196
-2315
-2497
-2573
-2665
-2537
-2404
-2327
-2226
-2208
-2167
-2127
-2067
-1894
-1697
-1440
-1134
-866
-561
-346
-232
-220
-259
-347
-396
-327
-212
-46
23
33
-5
-176
-248
-236
-194
-114
-90
-68
-85
-163
-172
-192
-226
-259
-286
-349
-304
-183
-151
-62
-55
-104
-92
-63
57
205
328
525
683
790
931
1058
1201
1404
1588
1810
2059
2374
2669
2899
3283
3682
4031
4362
4399
4048
3503
2675
2046
1753
1532
1737
1660
1321
995
444
325
251
-73
-132
-532
-787
-626
-631
-387
-506
-1064
-1400
-1875
-2033
-1877
-1892
-1726
-1887
-2123
-2173
-2393
-2436
-2483
-2661
-2654
-2685
-2631
-2463
-2409
-2286
-2301
-2286
-2240
-2185
-2000
-1760
-1464
-1142
-900
-720
-562
-496
-374
-382
-382
-322
-284
-172
-49
43
-24
-32
-131
-185
-107
-36
45
186
225
109
105
16
-67
-116
-50
-42
-123
-148
-236
-213
-105
-7
-37
-19
-65
-90
29
208
388
643
828
992
1131
1264
1370
1469
1677
1884
2179
2540
2784
3028
3252
3502
3810
4042
4018
3679
3126
2459
2004
1784
1714
1723
1400
991
633
215
139
42
-135
-275
-576
-557
-398
-398
-388
-783
-1222
-1579
-1903
-1850
-1824
-1808
-1838
-2073
-2267
-2348
-2418
-2445
-2537
-2564
-2483
-2486
-2379
-2348
-2318
-2250
-2180
-2072
-2000
-1870
-1727
-1498
-1244
-1002
-765
-579
-469
-426
-433
-414
-440
-419
-339
-241
-47
60
-66
-70
-157
-207
-129
51
235
311
276
232
139
-27
1
1
-20
-41
-150
-264
-307
-336
-293
-188
-125
-83
-23
-22
43
225
515
726
945
1197
1292
1463
1514
1708
1902
2115
2467
2754
2994
3201
3502
3781
4097
4323
4114
3677
3068
2382
2061
1893
1882
1840
1406
1005
609
332
223
-85
-257
-433
-639
-499
-420
-397
-521
-1104
-1589
-1971
-2145
-2009
-1955
-1914
-2043
-2332
-2480
-2654
-2718
-2694
-2788
-2692
-2603
-2570
-2471
-2510
-2446
-2411
-2285
-2091
-1948
-1837
-1729
-1617
-1345
-1074
-866
-595
-576
-597
-673
-730
-624
-485
-312
-204
-118
-26
-12
-59
-74
-68
7
147
398
588
553
467
229
59
47
142
307
360
261
62
-128
-144
-37
55
184
209
180
218
322
475
706
956
1052
1114
1211
1382
1565
1783
2056
2261
2498
2779
3031
3274
3453
3654
3891
4074
3972
3563
2947
2155
1642
1356
1279
1423
1340
1107
674
231
10
-243
-309
-394
-608
-618
-567
-539
-594
-977
-1490
-1932
-2271
-2305
-2231
-2139
-2121
-2298
-2424
-2564
-2585
-2582
-2614
-2581
-2602
-2591
-2523
-2427
-2248
-2071
-1932
-1822
-1800
-1795
-1754
-1573
-1240
-835
-654
-524
-528
-587
-573
-515
-443
-358
-289
-203
19
163
220
186
136
115
262
469
712
818
720
585
376
291
330
397
442
397
246
50
-78
-102
-68
-40
-40
-4
16
74
161
246
365
525
596
736
1073
1276
1576
1770
1901
2113
2178
2390
2504
2654
2896
3140
3438
3694
3780
3643
3232
2756
2235
1806
1557
1449
1361
1115
898
614
256
55
-150
-375
-491
-634
-692
-621
-638
-774
-1045
-1443
-1713
-1899
-2021
-2113
-2235
-2264
-2374
-2361
-2350
-2374
-2420
-2498
-2481
-2552
-2579
-2536
-2409
-2175
-1945
-1743
-1721
-1815
-1798
-1686
-1402
-1126
-879
-694
-665
-567
-420
-266
-169
-165
-154
-86
-14
122
208
252
191
164
249
341
496
517
357
278
236
202
247
267
242
180
72
-70
-164
-236
-250
-187
-89
-20
98
190
244
345
485
555
728
948
1100
1328
1505
1724
1805
1943
2014
2021
2232
2447
2661
2926
3154
3269
3351
3340
3268
3045
2727
2265
1732
1484
1286
1283
1234
1061
786
399
57
-131
-292
-384
-404
-555
-619
-763
-1009
-1260
-1536
-1779
-1969
-2213
-2387
-2487
-2542
-2542
-2511
-2538
-2539
-2607
-2682
-2665
-2625
-2621
-2535
-2341
-2157
-1933
-1826
-1819
-1801
-1767
-1570
-1287
-1001
-753
-553
-432
-335
-238
-211
-139
-100
-7
52
84
75
25
20
97
239
374
421
299
223
105
108
143
151
205
198
167
125
57
-94
-191
-245
-240
-69
107
309
437
501
514
538
646
744
892
1073
1279
1444
1560
1614
1682
1735
1820
1952
2075
2295
2516
2619
2724
2767
2785
2870
2998
3124
3032
2846
2507
2020
1763
1594
1524
1509
1230
915
597
278
155
-126
-341
-574
-890
-1004
-1127
-1190
-1311
-1573
-1836
-2167
-2436
-2606
-2721
-2724
-2687
-2668
-2566
-2553
-2633
-2704
-2766
-2705
-2560
-2375
-2105
-1954
-1834
-1730
-1609
-1400
-1259
-1050
-927
-769
-545
-335
-131
-82
-9
61
87
160
168
148
96
82
184
160
206
289
228
224
93
23
-39
-77
-18
37
73
12
-50
-64
-89
-87
-38
65
197
331
435
522
620
691
787
896
991
1117
1208
1400
1395
1470
1501
1470
1566
1577
1783
1987
2046
2066
2064
2073
2115
2272
2382
2526
2724
2778
2636
2424
2159
1854
1569
1315
1286
1195
1029
766
436
85
-168
-449
-692
-925
-1131
-1259
-1443
-1503
-1666
-1926
-2202
-2500
-2766
-2888
-2936
-2908
-2782
-2727
-2722
-2702
-2702
-2659
-2604
-2482
-2364
-2221
-2073
-1922
-1721
-1473
-1277
-1112
-887
-713
-500
-329
-231
-80
94
250
392
535
604
567
532
468
389
382
455
460
449
412
269
182
74
-8
-7
-38
-20
-126
-207
-253
-271
-215
-98
-75
-9
88
122
273
364
449
630
755
880
1044
1134
1202
1258
1241
1286
1372
1479
1604
1702
1824
1888
1865
1879
1841
1811
1926
2059
2210
2359
2395
2542
2670
2686
2583
2400
2128
1738
1481
1275
1135
964
661
321
-45
-275
-623
-970
-1158
-1390
-1511
-1593
-1705
-1766
-1963
-2208
-2365
-2584
-2652
-2669
-2625
-2515
-2409
-2303
-2226
-2176
-2135
-2098
-2086
-2009
-1907
-1700
-1512
-1350
-1116
-965
-833
-687
-622
-573
-476
-411
-227
-6
192
356
392
418
347
271
254
310
327
309
288
200
49
10
-19
-15
-52
-153
-259
-359
-362
-300
-283
-228
-208
-180
-124
-69
39
151
226
345
471
676
812
924
1036
1096
1095
1119
1259
1292
1390
1426
1560
1644
1631
1656
1519
1471
1551
1667
1861
1979
2019
2117
2262
2413
2561
2708
2584
2307
2017
1596
1313
1121
934
872
665
401
37
-406
-741
-989
-1150
-1214
-1387
-1522
-1594
-1672
-1728
-1891
-2056
-2212
-2312
-2290
-2236
-2121
-1995
-1971
-1906
-1886
-1924
-1919
-1914
-1821
-1739
-1620
-1432
-1240
-1091
-1029
-926
-848
-815
-689
-557
-337
-91
81
208
228
247
243
255
298
315
324
253
129
93
43
13
2
-56
-137
-271
-369
-404
-393
-334
-223
-221
-229
-124
-125
9
151
292
364
483
621
793
978
1097
1174
1207
1260
1229
1316
1353
1442
1515
1539
1563
1468
1411
1359
1360
1445
1476
1543
1610
1718
1862
1979
2095
2156
2233
2291
2364
2439
2406
2208
1920
1517
1060
778
514
229
-4
-280
-559
-813
-1066
-1282
-1506
-1662
-1718
-1789
-1785
-1760
-1786
-1863
-1942
-1974
-2051
-2022
-1999
-1919
-1854
-1795
-1735
-1777
-1766
-1766
-1587
-1432
-1302
-1238
-1262
-1206
-1079
-935
-765
-555
-448
-365
-385
-384
-346
-257
-65
59
138
132
23
-47
-50
-67
-18
-45
-125
-227
-342
-405
-449
-440
-447
-447
-413
-306
-255
-159
-94
-59
39
111
263
434
631
802
899
943
942
961
1078
1121
1192
1185
1162
1173
1228
1270
1176
1107
1062
1096
1170
1296
1408
1506
1646
1656
1705
1786
1835
1927
1981
2010
2110
2097
2014
1948
1804
1602
1306
1026
709
425
227
-49
-291
-513
-694
-800
-925
-1037
-1170
-1293
-1370
-1395
-1379
-1387
-1380
-1342
-1374
-1406
-1364
-1386
-1483
-1428
-1355
-1262
-1151
-1134
-1117
-1145
-1173
-1151
-1136
-1044
-989
-907
-831
-747
-666
-729
-779
-736
-650
-535
-438
-379
-387
-428
-402
-392
-369
-325
-339
-438
-550
-568
-546
-562
-564
-494
-497
-519
-519
-470
-380
-269
-118
-34
52
146
276
356
435
478
538
630
746
856
943
964
1010
1053
1058
1109
1040
1003
915
949
1038
1145
1298
1297
1309
1342
1415
1558
1551
1603
1552
1519
1605
1639
1631
1565
1457
1341
1238
1283
1239
1199
1077
938
730
533
401
187
51
-85
-241
-361
-485
-554
-581
-628
-704
-723
-743
-826
-813
-837
-839
-814
-865
-850
-814
-804
-805
-925
-1019
-1124
-1094
-1081
-1028
-943
-959
-1043
-1132
-1171
-1160
-1117
-1032
-913
-889
-875
-858
-860
-844
-854
-785
-806
-802
-785
-795
-789
-753
-706
-670
-682
-659
-638
-704
-685
-610
-500
-382
-276
-169
-58
-57
-17
79
215
310
403
503
562
592
670
742
830
894
865
880
882
988
1058
1150
1217
1254
1248
1204
1126
1060
1157
1177
1227
1246
1250
1291
1254
1262
1132
1110
976
908
946
965
1034
953
895
758
670
661
731
773
759
699
651
619
499
431
411
291
233
193
76
12
-69
-122
-152
-159
-136
-173
-125
-139
-163
-190
-270
-352
-412
-463
-508
-605
-711
-844
-955
-987
-994
-1020
-1069
-1177
-1249
-1233
-1231
-1257
-1311
-1337
-1376
-1400
-1439
-1375
-1346
-1305
-1217
-1137
-1092
-1044
-1037
-1064
-935
-898
-851
-703
-607
-545
-513
-409
-342
-359
-239
-154
-85
58
152
209
314
398
494
543
509
504
497
536
646
814
925
915
937
886
885
791
839
838
822
855
862
903
862
782
735
727
698
731
760
797
816
823
738
627
504
512
488
460
518
534
544
467
458
462
511
508
484
518
517
567
540
632
639
716
759
765
811
729
717
706
611
651
581
537
494
396
276
163
57
-19
-103
-195
-335
-504
-655
-791
-878
-997
-1090
-1211
-1331
-1437
-1509
-1541
-1538
-1534
-1470
-1415
-1430
-1446
-1457
-1460
-1435
-1365
-1300
-1212
-1147
-1059
-1002
-903
-829
-788
-668
-580
-484
-404
-358
-344
-280
-180
-92
-20
-11
20
13
111
187
354
484
474
459
379
429
481
536
595
609
600
626
596
628
626
582
561
504
580
596
592
548
557
529
558
550
537
545
492
489
464
435
438
493
550
533
552
579
540
558
548
625
671
790
853
871
939
981
1049
1054
1128
1135
1201
1189
1130
1120
1076
957
883
767
618
559
506
460
297
173
82
-78
-141
-224
-384
-478
-614
-736
-768
-878
-923
-962
-1000
-994
-1007
-1042
-1100
-1105
-1159
-1145
-1119
-1121
-1109
-1093
-1075
-1021
-1011
-1012
-996
-999
-941
-931
-882
-802
-763
-684
-675
-664
-661
-672
-600
-457
-352
-267
-239
-286
-316
-317
-260
-202
-165
-92
-101
-107
-136
-175
-164
-173
-192
-151
-170
-213
-209
-238
-230
-168
-74
-43
9
36
57
121
132
154
202
332
338
318
303
243
245
251
336
410
464
533
577
609
612
648
687
727
786
858
899
1014
984
1020
1022
987
959
956
967
902
921
934
880
885
820
718
588
436
369
328
325
265
307
248
173
110
115
129
83
49
26
50
40
56
15
-65
-194
-216
-253
-278
-306
-305
-367
-385
-395
-456
-447
-527
-553
-567
-557
-573
-586
-535
-521
-483
-489
-483
-497
-543
-596
-604
-557
-531
-530
-574
-599
-642
-694
-835
-835
-852
-883
-856
-890
-876
-891
-900
-885
-816
-789
-709
-713
-670
-622
-583
-495
-436
-291
-212
-163
-147
-141
-169
-191
-165
-144
-54
-35
22
78
153
180
292
404
456
496
565
628
670
728
711
751
748
781
753
711
676
667
700
713
672
621
585
579
551
463
443
437
409
390
410
334
296
308
234
226
228
300
349
362
355
371
352
348
383
412
409
416
397
339
338
328
345
366
372
353
358
338
353
329
370
374
325
374
366
345
306
235
163
120
88
86
121
102
-44
-148
-227
-362
-373
-429
-438
-423
-485
-559
-632
-644
-678
-665
-627
-625
-633
-652
-680
-701
-727
-675
-618
-615
-672
-729
-757
-795
-805
-799
-760
-733
-739
-711
-710
-694
-644
-640
-601
-522
-472
-311
-256
-189
-105
-148
-110
-84
-54
12
52
62
48
42
45
42
24
-2
14
-34
-81
-46
-59
-72
-20
17
13
2
-29
26
64
67
211
227
266
302
271
293
294
350
397
396
387
489
479
503
483
503
479
484
509
523
545
506
478
463
466
463
556
551
527
516
468
468
471
451
509
487
397
357
293
226
169
133
70
62
32
23
-11
-42
-72
-47
8
59
100
52
39
11
2
20
59
67
44
25
-68
-92
-157
-133
-149
-189
-137
-130
-138
-165
-166
-176
-185
-203
-220
-236
-207
-144
-159
-225
-338
-305
-258
-195
-150
-176
-192
-224
-340
-465
-520
-519
-532
-543
-597
-676
-664
-716
-722
-761
-724
-706
-690
-637
-651
-607
-544
-463
-410
-382
-361
-365
-348
-309
-320
-261
-186
-116
-77
-70
-113
-103
-98
-65
1
27
49
105
122
156
240
232
244
291
269
273
286
333
339
350
351
318
334
277
260
210
187
168
156
182
184
200
192
104
113
131
101
210
266
294
256
244
321
320
331
333
337
333
350
357
364
384
370
353
379
396
402
450
416
429
445
459
440
452
479
484
452
433
379
337
378
350
373
347
315
292
204
91
20
28
-25
-153
-223
-270
-335
-350
-372
-381
-369
-371
-405
-362
-337
-337
-335
-288
-185
-197
-198
-196
-212
-207
-228
-235
-253
-244
-210
-197
-239
-258
-258
-236
-206
-187
-161
-178
-185
-216
-171
-94
-72
-85
-108
-160
-136
-82
-77
-58
-106
-75
-58
-13
9
21
-10
-80
-160
-180
-159
-107
-99
-128
-175
-194
-160
-160
-97
-70
-35
-92
-49
2
-23
10
93
101
76
67
43
107
111
123
165
196
214
263
281
320
311
276
252
249
279
300
272
250
245
310
311
313
348
381
444
344
323
256
193
154
129
79
42
-25
-83
-142
-179
-133
-230
-269
-279
-287
-240
-190
-189
-130
-65
-84
-62
-58
-52
-41
13
59
47
45
46
43
-2
-44
-58
-49
-32
-11
-19
21
24
-14
-30
-33
42
42
23
11
14
52
71
56
53
9
4
9
-49
-2
-67
-100
-78
-86
-126
-125
-90
-122
-142
-88
-97
-165
-105
-112
-68
-22
58
28
81
89
64
108
96
126
163
146
151
188
229
154
91
74
60
42
14
27
0
0
52
46
29
36
11
21
58
168
232
258
253
214
191
161
122
94
87
59
31
-6
-12
-70
-147
-203
-282
-324
-326
-330
-276
-258
-260
-240
-213
-180
-134
-63
-61
-27
-8
-28
-2
4
-10
-56
-72
-94
-41
-19
-13
6
43
39
-2
24
0
-34
-70
-83
-152
-112
-95
-110
-91
-81
-107
-73
-93
-115
-146
-122
-134
-164
-156
-152
-185
-211
-241
-206
-162
-176
-135
-116
-89
-50
-24
0
95
104
146
187
260
284
278
328
313
324
347
360
327
294
261
261
231
202
180
162
122
147
211
239
256
181
199
157
144
144
216
247
195
219
155
121
82
105
82
41
12
16
-5
-25
-50
-119
-201
-272
-271
-273
-218
-191
-172
-174
-192
-178
-133
-85
-69
-35
25
29
45
80
87
78
44
75
95
100
105
62
30
-5
-43
-12
28
34
47
-36
-77
-97
-115
-137
-143
-146
-172
-146
-206
-218
-235
-229
-185
-224
-181
-218
-226
-223
-245
-218
-178
-174
-234
-246
-261
-211
-161
-103
-38
34
78
29
72
111
140
168
187
193
200
251
244
236
248
234
224
263
257
285
263
247
265
257
258
246
223
239
242
233
205
165
200
167
160
131
142
95
55
24
9
46
40
62
-15
-74
-132
-147
-150
-115
-53
-34
-10
-22
-14
-7
20
87
69
83
112
151
210
196
190
181
162
151
184
181
184
128
90
99
84
87
29
42
-7
-47
-52
-96
-81
-69
-60
-82
-137
-144
-182
-203
-184
-173
-205
-192
-184
-203
-234
-275
-190
-221
-214
-179
-201
-211
-230
-230
-210
-163
-144
-66
-79
-94
-42
-54
-1
42
111
151
147
171
122
85
95
103
180
234
231
241
197
184
185
159
175
210
193
176
204
185
110
102
112
81
82
59
44
21
19
-23
-82
-52
-57
-104
-109
-150
-199
-206
-254
-200
-203
-253
-247
-248
-224
-201
-121
-83
-76
-57
-76
-69
-28
-45
-62
-7
23
63
88
69
46
18
37
46
102
134
109
117
64
9
24
67
63
57
-6
57
23
-22
-26
-56
-34
-54
-7
-21
-47
-55
-83
-109
-103
-103
-87
-93
-140
-141
-206
-285
-258
-247
-219
-174
-104
-51
-66
-66
-16
-24
23
86
143
124
116
78
46
69
55
108
150
117
124
135
115
124
95
91
87
61
41
55
40
-12
-118
-63
-28
-67
-63
-105
-110
-144
-135
-74
-58
-25
-37
-116
-160
-178
-162
-110
-68
-70
-43
-96
-111
-103
-47
-6
19
64
56
45
12
-17
-15
-29
-40
9
25
2
-46
-19
14
-30
32
65
68
53
44
8
-59
-47
-29
-6
-10
-65
-61
-63
-92
-107
-129
-90
-56
-99
-63
-70
-65
-133
-143
-85
-45
13
49
46
11
14
-20
-37
12
79
123
155
109
119
179
170
196
222
224
190
191
187
183
215
200
243
242
225
172
194
213
195
255
196
226
217
233
179
125
138
162
109
86
58
-16
-19
-4
-58
-51
-35
-49
-49
-45
-55
-63
-12
-2
5
14
33
13
3
23
15
22
5
29
85
96
89
96
72
30
39
69
113
122
98
78
39
35
61
29
40
38
17
-15
-33
-60
-68
-62
-95
-120
-88
-137
-128
-117
-155
-140
-195
-184
-161
-194
-226
-213
-214
-243
-233
-264
-218
-147
-159
-152
-169
-180
-165
-102
-117
-95
-97
-79
-37
-7
4
29
78
32
19
50
57
81
97
141
157
168
177
158
173
183
146
165
160
204
200
164
200
152
89
111
89
24
52
39
50
-21
-71
0
-13
-38
-77
-99
-78
-37
-55
-24
26
10
7
-11
0
8
13
4
19
35
69
43
36
79
37
43
7
60
100
66
79
77
22
-3
-8
10
-24
-59
-59
-79
-93
-95
-131
-105
-89
-126
-157
-165
-174
-209
-243
-262
-234
-236
-199
-182
-180
-221
-203
-224
-210
-192
-182
-148
-159
-147
-119
-116
-87
1
-10
35
29
49
58
87
99
82
148
157
146
121
108
115
100
149
178
176
195
219
179
171
147
121
163
160
210
221
237
251
190
134
189
242
210
229
233
227
225
173
140
101
86
65
49
44
96
106
126
125
130
142
100
111
78
122
188
211
207
222
199
205
230
180
188
201
205
253
256
247
242
196
203
181
160
142
142
108
101
73
16
16
4
-26
-58
-76
-104
-142
-135
-146
-165
-172
-214
-239
-217
-245
-251
-306
-303
-257
-222
-220
-192
-217
-266
-229
-206
-187
-107
-73
-70
-85
-87
-51
-91
-53
-14
38
22
9
15
12
32
23
65
52
77
124
97
103
101
80
106
137
188
196
190
227
229
236
217
234
259
251
282
266
258
283
264
224
246
255
247
177
160
200
162
156
160
211
280
243
229
224
221
248
255
251
261
181
196
207
206
193
135
160
154
124
160
181
119
120
75
103
78
64
30
-21
-21
-21
-57
-49
-55
-81
-73
-116
-139
-159
-149
-120
-156
-227
-279
-288
-325
-326
-328
-319
-288
-285
-266
-302
-261
-261
-291
-229
-161
-92
-108
-95
-124
-148
-79
-63
-72
-29
-10
-25
-11
-37
-74
-68
-120
-84
-76
-82
-58
-58
-15
-48
-50
-32
16
13
13
-1
55
61
53
100
112
153
111
108
91
78
46
82
81
99
102
80
58
73
101
96
111
87
136
147
134
98
158
225
226
258
252
235
216
217
205
218
233
279
247
214
191
170
161
175
192
220
205
190
202
142
148
98
56
118
126
88
90
90
44
52
31
66
65
59
32
-1
-60
-105
-106
-156
-130
-142
-178
-176
-186
-251
-233
