-276
-235
-177
-226
-183
-186
-149
-107
-64
7
-32
11
-3
-29
-52
-68
-37
-94
-147
-175
-181
-175
-156
-98
-18
-60
-4
-82
-76
-5
64
170
179
167
150
148
97
113
196
236
206
101
58
85
93
232
285
302
337
222
215
244
235
305
252
288
280
242
251
231
252
268
302
361
265
334
360
389
471
483
501
452
387
356
340
301
271
231
114
93
33
36
65
42
48
-16
-60
-44
-4
24
74
39
-11
-11
-49
-112
-118
-135
-174
-210
-307
-255
-201
-207
-215
-285
-359
-467
-477
-438
-404
-377
-442
-460
-524
-577
-552
-553
-485
-501
-527
-526
-593
-589
-593
-582
-589
-651
-571
-645
-597
-645
-641
-597
-634
-597
-623
-663
-649
-627
-618
-567
-600
-513
-483
-489
-457
-455
-392
-371
-373
-403
-339
-241
-264
-271
-217
-90
2
107
193
264
318
345
412
570
695
800
959
974
1039
1068
1038
1191
1262
1342
1431
1384
1345
1293
1197
1158
1211
1279
1409
1493
1448
1364
1258
1248
1320
1538
1733
1736
1791
1729
1626
1617
1570
1527
1473
1314
1127
767
432
155
-109
-385
-672
-989
-1261
-1424
-1570
-1617
-1609
-1633
-1581
-1462
-1358
-1137
-928
-712
-498
-353
-214
-123
-76
10
8
-38
-105
-205
-378
-563
-787
-1085
-1308
-1588
-1815
-2035
-2295
-2364
-2406
-2419
-2338
-2173
-2040
-1813
-1544
-1365
-1139
-897
-697
-450
-326
-258
-251
-328
-323
-351
-384
-425
-513
-676
-838
-942
-948
-878
-794
-746
-695
-721
-740
-722
-566
-248
-82
181
390
525
648
870
1075
1239
1474
1550
1703
1817
1948
2123
2110
2064
1955
1823
1883
1990
2044
2008
1851
1637
1558
1663
1828
2074
2152
2010
1923
1884
2081
2443
2722
2977
2928
2679
2374
1971
1613
1167
696
122
-427
-893
-1289
-1580
-1888
-2095
-2310
-2405
-2325
-2110
-1750
-1384
-1113
-888
-590
-332
14
336
599
749
795
713
670
618
497
421
173
-109
-482
-954
-1341
-1629
-1881
-2035
-2230
-2435
-2541
-2664
-2583
-2386
-2159
-1893
-1608
-1365
-1119
-826
-535
-203
89
236
303
297
296
259
170
44
-144
-345
-568
-749
-889
-1061
-1088
-1220
-1257
-1219
-1200
-1105
-1005
-837
-675
-497
-310
-136
61
206
346
591
741
935
1100
1109
1192
1170
1236
1372
1462
1499
1405
1325
1165
1225
1355
1497
1633
1571
1631
1708
1810
2089
2211
2416
2594
2673
2892
3022
3182
3375
3428
3514
3511
3340
2963
2086
1074
67
-662
-1079
-1267
-1470
-2005
-2643
-3394
-3849
-3650
-3190
-2432
-1846
-1583
-1405
-1348
-968
-275
466
1110
1537
1595
1490
1284
1255
1300
1249
1212
839
270
-371
-950
-1348
-1777
-2021
-2289
-2591
-2806
-3036
-3163
-3176
-3019
-2761
-2495
-2129
-1748
-1468
-1174
-853
-532
-174
162
371
507
516
400
283
127
4
-130
-302
-453
-663
-874
-1094
-1209
-1234
-1230
-1219
-1121
-1074
-1009
-891
-727
-481
-228
66
275
454
602
818
989
1233
1510
1610
1611
1686
1705
1670
1920
2051
2072
2120
2015
1886
1954
2158
2340
2430
2423
2337
2380
2561
2832
3141
3394
3677
3845
3919
3849
3410
2477
1244
-83
-1096
-1539
-1573
-1587
-1977
-2820
-3913
-4725
-4722
-3887
-2756
-1846
-1437
-1432
-1601
-1439
-645
492
1559
2161
2165
1812
1474
1307
1505
1715
1795
1567
880
5
-821
-1433
-1817
-1987
-2190
-2517
-2948
-3407
-3687
-3665
-3472
-3188
-2883
-2537
-2250
-2001
-1703
-1358
-889
-384
-27
370
535
536
515
407
348
196
59
-115
-349
-677
-1025
-1290
-1403
-1501
-1477
-1452
-1487
-1419
-1420
-1294
-1075
-822
-510
-254
-28
151
266
523
772
1092
1451
1672
1866
1855
1868
1872
1834
1928
2082
2170
2201
2199
2110
2041
2125
2199
2371
2613
2734
2867
3116
3261
3674
4006
4367
4694
4511
4126
3156
1766
332
-806
-1347
-1461
-1546
-1988
-3058
-4362
-5339
-5435
-4703
-3485
-2446
-2016
-1983
-2115
-1892
-1022
215
1384
2215
2402
2214
1970
1912
2085
2422
2628
2415
1822
910
-74
-796
-1320
-1599
-1791
-2254
-2744
-3360
-3905
-4100
-4004
-3795
-3470
-3084
-2810
-2599
-2312
-1875
-1323
-692
-136
337
599
732
783
773
742
662
535
338
103
-200
-592
-941
-1174
-1381
-1465
-1565
-1655
-1702
-1773
-1698
-1593
-1435
-1081
-798
-502
-217
27
339
611
972
1240
1626
1834
1936
2127
2132
2230
2443
2479
2504
2474
2339
2330
2379
2454
2593
2774
2896
3066
3212
3263
3630
3957
4311
4657
4500
4021
2971
1483
139
-864
-1412
-1453
-1649
-2236
-3350
-4609
-5426
-5344
-4525
-3464
-2620
-2262
-2226
-2190
-1743
-788
513
1656
2373
2560
2477
2333
2316
2595
2909
2995
2773
2187
1297
397
-347
-910
-1220
-1533
-2044
-2645
-3296
-3838
-4161
-4214
-4032
-3651
-3401
-3210
-3036
-2757
-2195
-1625
-914
-299
168
465
619
745
839
935
924
803
656
382
87
-179
-582
-864
-1120
-1344
-1410
-1448
-1458
-1533
-1534
-1457
-1356
-1080
-803
-494
-157
118
496
732
1056
1457
1729
2098
2378
2528
2703
2821
2823
2969
3216
3288
3411
3427
3344
3500
3437
3561
3815
3953
4397
4666
4732
4592
3780
2632
1073
-411
-1229
-1694
-1727
-2066
-2922
-4169
-5577
-6250
-5990
-5101
-3901
-3222
-2913
-2816
-2669
-1933
-708
784
2049
2828
3115
3095
3032
3044
3344
3752
3824
3561
2838
1758
658
-361
-965
-1362
-1825
-2362
-3184
-3970
-4546
-4818
-4774
-4499
-4115
-3796
-3514
-3278
-2987
-2456
-1775
-967
-175
436
841
992
1080
1265
1368
1526
1490
1288
914
468
26
-338
-609
-898
-1179
-1458
-1702
-1925
-1994
-2030
-1897
-1763
-1565
-1217
-914
-583
-113
134
649
1206
1708
2305
2628
2960
3086
3209
3440
3558
3738
3803
3686
3515
3399
3348
3309
3497
3674
3749
3993
4179
4409
4544
4343
3679
2476
781
-567
-1402
-1762
-1634
-1929
-2907
-4233
-5647
-6239
-5803
-4890
-3895
-3388
-3261
-3235
-2939
-2111
-782
578
1688
2454
2777
2965
3102
3319
3662
3958
4002
3616
2950
2037
1019
138
-526
-1093
-1635
-2433
-3249
-3967
-4507
-4809
-4821
-4740
-4576
-4289
-3988
-3561
-3102
-2572
-1975
-1308
-515
190
734
1179
1345
1479
1509
1640
1549
1447
1246
745
314
-162
-632
-1106
-1471
-1699
-1860
-2004
-2069
-2166
-2172
-2140
-2005
-1606
-1048
-642
-149
298
693
1340
1939
2524
3057
3307
3559
3785
3882
4180
4316
4386
4432
4284
4320
4293
4340
4540
4506
4736
4752
4574
4211
3353
1854
53
-1262
-2171
-2395
-2403
-2946
-3924
-5406
-6688
-6738
-6177
-5064
-4124
-3713
-3484
-3425
-2915
-1897
-603
813
1924
2657
3139
3296
3527
3842
4229
4556
4595
4225
3361
2291
1253
449
-173
-833
-1643
-2634
-3713
-4555
-5090
-5349
-5422
-5536
-5530
-5397
-5110
-4499
-3704
-2967
-2115
-1446
-773
10
789
1524
2149
2527
2646
2596
2451
2215
1984
1672
1225
683
-105
-776
-1390
-1987
-2307
-2659
-3015
-3160
-3381
-3411
-3224
-2987
-2471
-1981
-1418
-743
-169
665
1470
2365
3158
3762
4363
4756
5118
5459
5605
5844
5916
5804
5750
5606
5456
5369
5299
5447
5327
4822
3831
2068
340
-1162
-2159
-2398
-2724
-3329
-4422
-5825
-6703
-7023
-6678
-5893
-5282
-4726
-4370
-3935
-3142
-2196
-856
346
1355
2199
2780
3228
3684
4142
4665
5006
5039
4662
3922
2979
2140
1584
929
184
-820
-1955
-3126
-4068
-4618
-4971
-5200
-5478
-5815
-6001
-5984
-5654
-4977
-4221
-3380
-2627
-2067
-1484
-781
105
998
1848
2429
2716
2740
2550
2442
2409
2289
2026
1605
886
158
-611
-1252
-1735
-2035
-2310
-2675
-2924
-3271
-3457
-3362
-3133
-2768
-2336
-1870
-1281
-697
50
961
1807
2685
3356
3958
4592
5066
5592
6059
6309
6490
6439
6495
6752
6842
7022
7083
6766
6262
5195
3770
2124
550
-646
-1479
-2142
-2865
-4017
-5360
-6541
-7349
-7298
-6935
-6378
-5949
-5748
-5395
-4818
-3961
-2754
-1526
-337
677
1461
2173
2777
3479
4261
4918
5315
5275
4892
4287
3565
3026
2630
2049
1225
115
-1036
-2073
-2988
-3627
-4139
-4540
-4954
-5409
-5755
-6000
-6024
-5620
-5058
-4398
-3783
-3371
-2918
-2423
-1680
-760
116
805
1308
1613
1874
1995
2072
2201
2171
2000
1756
1429
977
488
76
-288
-555
-810
-1114
-1418
-1680
-1919
-2012
-1928
-1727
-1455
-1073
-628
-203
323
946
1521
2122
2715
3268
3865
4363
4792
5303
5832
6379
6892
7367
7701
7795
7428
6589
5226
3700
2539
1778
1228
622
-287
-1766
-3463
-4904
-5574
-5738
-5768
-5859
-5918
-6069
-6200
-6134
-5829
-5222
-4493
-3604
-2580
-1718
-1063
-517
67
791
1613
2433
3060
3381
3302
3076
2986
2970
2826
2616
2373
1955
1430
835
290
-278
-742
-1112
-1371
-1585
-1936
-2336
-2715
-2919
-2971
-2921
-2785
-2765
-2751
-2610
-2542
-2407
-2215
-2029
-1739
-1479
-1173
-893
-714
-684
-523
-344
-394
-174
-160
-123
90
86
-18
-150
-256
-300
-99
96
391
366
390
523
560
588
712
732
764
860
878
958
859
953
852
827
780
946
1138
1384
1736
2065
2499
2997
3510
3827
3919
3508
3102
2744
2769
3097
3306
3287
2748
1755
982
650
629
886
860
653
145
-533
-952
-1278
-1455
-1665
-1957
-2057
-2166
-2330
-2417
-2657
-2907
-3087
-3121
-2784
-2430
-2185
-2049
-2168
-2286
-2203
-1930
-1450
-1051
-859
-827
-743
-541
-372
-102
167
217
371
584
825
989
954
884
746
700
703
616
535
281
-69
-348
-638
-930
-1159
-1444
-1693
-1881
-2092
-2099
-2232
-2333
-2394
-2435
-2207
-1996
-1779
-1543
-1431
-1311
-1079
-824
-449
-112
169
446
552
773
1003
1283
1496
1645
1757
1771
1811
1847
1931
2020
1945
1984
2060
2232
2387
2733
3117
3440
3917
4116
4391
4326
4108
3667
3331
3194
3229
3258
3051
2738
1852
1216
687
333
199
-90
-531
-919
-1441
-1907
-2129
-2392
-2561
-2874
-3031
-3042
-3003
-2932
-2987
-3121
-3211
-3101
-2723
-2167
-1845
-1762
-1868
-1931
-1796
-1575
-1058
-659
-610
-653
-734
-631
-335
-84
201
379
355
370
519
674
884
792
607
527
317
320
243
94
-149
-500
-715
-934
-1074
-1241
-1521
-1708
-1908
-2046
-2017
-2042
-1982
-1965
-1972
-1808
-1632
-1389
-1172
-1059
-928
-840
-671
-368
-80
197
425
486
620
738
1013
1238
1438
1632
1702
1800
1828
1840
1979
2185
2369
2693
3050
3466
3851
4129
4438
4515
4238
3864
3585
3220
3106
3184
2897
2748
1952
1218
684
296
173
-153
-544
-983
-1443
-1977
-2232
-2582
-2711
-3012
-3327
-3298
-3356
-3316
-3369
-3503
-3538
-3520
-3302
-2816
-2452
-2197
-2065
-2073
-1940
-1806
-1508
-1119
-839
-635
-527
-403
-190
-75
197
497
709
956
1048
1189
1254
1151
1134
1068
1003
888
777
611
287
-114
-565
-827
-1000
-1168
-1350
-1618
-1897
-2155
-2321
-2259
-2169
-2152
-1973
-1903
-1773
-1701
-1587
-1366
-1218
-923
-661
-381
-173
51
251
420
616
862
1252
1457
1715
1904
2005
2128
2135
2137
2318
2456
2641
3002
3209
3660
3916
4084
4374
4296
4042
3737
3290
3152
3016
3088
2891
2592
2092
1360
961
578
480
216
-43
-545
-924
-1256
-1624
-1917
-2329
-2613
-2843
-2782
-2749
-2726
-2845
-3090
-3315
-3323
-3115
-2726
-2373
-2345
-2406
-2597
-2676
-2560
-2303
-1973
-1676
-1505
-1331
-1167
-1019
-793
-538
-199
167
508
775
978
982
863
854
1016
1209
1229
1200
875
520
203
16
40
-62
-213
-456
-845
-1225
-1423
-1588
-1508
-1573
-1667
-1710
-1863
-1919
-1937
-1875
-1753
-1710
-1477
-1355
-1225
-1038
-953
-639
-388
-64
251
556
826
1024
1259
1555
1742
2008
2264
2389
2748
2964
3370
3883
4248
4599
4768
4853
4909
4642
4253
3888
3595
3396
3317
3103
2815
2193
1406
927
435
257
83
-201
-587
-1057
-1572
-1810
-2135
-2441
-2656
-2937
-2904
-2871
-2849
-2865
-3062
-3245
-3306
-3168
-2715
-2308
-2156
-2133
-2368
-2433
-2220
-1961
-1528
-1212
-1124
-1007
-903
-633
-309
-108
157
319
440
642
782
816
783
759
680
643
574
439
192
-112
-365
-534
-626
-747
-930
-1188
-1469
-1590
-1621
-1586
-1470
-1473
-1517
-1548
-1505
-1374
-1221
-1116
-1047
-1058
-996
-831
-724
-465
-345
-212
-13
83
271
542
685
938
1160
1333
1642
1832
2079
2346
2591
2940
3418
3959
4593
4884
5140
5193
5032
4758
4500
4287
4182
4195
3914
3744
3106
2373
1789
1283
999
555
154
-350
-767
-1365
-1808
-2214
-2609
-3003
-3321
-3293
-3363
-3322
-3358
-3596
-3735
-3820
-3737
-3330
-2951
-2839
-2788
-2840
-2780
-2594
-2286
-1796
-1420
-1130
-923
-696
-388
-105
228
470
683
930
1115
1297
1300
1155
1039
926
843
730
519
318
-64
-428
-757
-1028
-1173
-1437
-1615
-1782
-1962
-2061
-2116
-2127
-2090
-2002
-1871
-1639
-1414
-1216
-1073
-985
-893
-738
-510
-302
-101
48
136
211
320
479
653
832
852
977
1064
1171
1386
1503
1693
1926
2200
2584
3105
3616
3989
4172
4451
4308
4179
4147
3964
3838
3965
3821
3673
3452
2722
2393
1908
1546
1253
788
346
-101
-608
-1061
-1482
-1917
-2367
-2843
-2980
-3052
-3164
-3172
-3479
-3690
-3731
-3856
-3530
-3173
-3053
-2968
-2996
-3045
-2890
-2618
-2198
-1753
-1516
-1279
-963
-595
-233
108
520
666
933
1190
1408
1653
1600
1539
1355
1294
1085
917
839
486
151
-217
-599
-838
-1062
-1387
-1508
-1752
-1873
-1893
-1963
-1922
-2061
-2041
-1950
-1833
-1559
-1368
-1223
-923
-909
-684
-448
-304
36
174
354
603
595
817
898
903
1031
1129
1261
1397
1538
1624
1784
2062
2411
2917
3486
3731
4044
3877
3664
3458
3347
3409
3534
3666
3427
3179
2657
2276
1983
1874
1626
1395
937
517
105
-320
-665
-1152
-1502
-1934
-2130
-2263
-2453
-2656
-2940
-3241
-3404
-3429
-3281
-2972
-2894
-3056
-3190
-3296
-3162
-2908
-2549
-2173
-1974
-1848
-1674
-1379
-956
-558
-113
176
404
699
1021
1400
1702
1726
1658
1669
1661
1625
1605
1428
1041
694
245
-15
-211
-492
-758
-1049
-1437
-1730
-1965
-2063
-2162
-2296
-2325
-2405
-2369
-2294
-2099
-1954
-1904
-1677
-1421
-1058
-570
-241
16
317
458
726
998
1267
1520
1555
1719
1800
2011
2275
2531
2861
2966
3298
3433
3638
3882
3760
3599
3228
2958
2723
2889
2854
2736
2460
1739
1375
1039
1033
1041
875
536
183
-250
-469
-615
-950
-1170
-1619
-1789
-1836
-1839
-1765
-2025
-2330
-2633
-2784
-2599
-2287
-2116
-2052
-2182
-2507
-2605
-2610
-2301
-1990
-1775
-1721
-1740
-1671
-1512
-1222
-962
-676
-390
-63
280
646
963
1048
1129
1056
1195
1450
1563
1765
1521
1230
833
521
430
318
136
-132
-544
-969
-1145
-1345
-1411
-1591
-1843
-2005
-2160
-2199
-2158
-2111
-2072
-2119
-2028
-1874
-1595
-1120
-830
-436
-149
114
426
829
1198
1597
1856
2176
2245
2478
2678
2858
3364
3498
4111
4181
4482
4498
4013
3635
2938
2734
2734
3072
3002
2690
1881
723
41
-191
95
420
393
-53
-801
-1735
-2189
-2242
-2288
-2328
-2660
-2839
-2987
-3254
-3156
-3235
-3235
-3009
-2597
-1794
-1309
-1322
-1371
-1449
-1181
-417
250
905
1006
667
549
587
900
1254
1481
1609
1418
1138
1057
781
630
520
362
349
44
-623
-1173
-1880
-2254
-2272
-2362
-2474
-2881
-3223
-3507
-3522
-3295
-3069
-2739
-2477
-2267
-1872
-1678
-1579
-1236
-937
-495
-45
110
256
408
550
1113
1775
2301
2703
2882
3232
3523
3967
4461
4605
4945
5056
5192
5706
6081
6743
7339
7849
8133
7434
5439
3291
1967
1042
1435
1876
795
-1226
-4418
-6636
-7162
-6699
-5949
-5558
-5975
-6915
-7700
-7994
-7130
-5617
-3544
-1947
-1131
-1191
-1617
-1038
624
2776
4867
5672
5401
4701
3865
4108
4898
5364
5426
4665
3374
2142
962
93
-370
-824
-1358
-2133
-3301
-4568
-5663
-6106
-5926
-5524
-5211
-5308
-5711
-5948
-5942
-5316
-4252
-3263
-2555
-1914
-1464
-1229
-686
114
1189
2105
2871
3122
2838
2673
2807
3065
3396
3561
3106
2211
1207
519
43
-234
-423
-961
-1520
-2012
-2317
-2242
-1791
-1195
-586
-129
343
816
1552
2417
3351
4569
5522
6518
7589
8562
9180
8890
7279
5757
4714
3675
3952
4042
2923
1093
-1960
-4180
-5061
-5187
-4741
-4623
-5591
-6709
-8003
-8617
-7690
-6259
-4365
-3169
-2831
-3184
-3377
-2447
-392
1964
3795
4319
3969
3365
3067
3849
4699
5314
5327
4260
2925
1752
867
491
267
-194
-893
-2141
-3426
-4407
-5159
-5284
-5103
-5117
-5249
-5604
-6205
-6445
-6315
-5915
-4799
-4000
-3655
-2866
-2690
-2261
-1284
-356
799
1591
1984
2351
2173
2218
2748
2816
2988
3018
2517
1770
1264
903
745
805
1037
1077
1140
1122
1052
1227
1581
2275
2753
3318
4017
4660
5618
6686
7753
8576
8006
6251
4768
3177
2456
3145
3221
2622
605
-2726
-4875
-5821
-5765
-4714
-4545
-5363
-6162
-7685
-8073
-6847
-5453
-3392
-2108
-1710
-1853
-2074
-1349
489
2675
4468
5312
4961
4233
3824
4090
4932
5696
5616
4701
3148
1684
773
265
-16
-441
-1498
-2796
-4034
-5239
-5732
-5915
-5875
-5764
-5997
-6267
-6396
-6393
-6291
-5675
-4945
-4720
-3801
-2996
-2466
-1456
-1022
-397
411
1079
2046
2578
2590
2892
2585
2362
2699
2422
2223
1905
1317
688
195
13
-80
72
537
631
765
850
961
1579
2171
2862
3897
4542
5283
6198
6991
8175
8612
7622
5979
4650
3217
3163
3775
3503
2541
-221
-3106
-4441
-4923
-4398
-3667
-4231
-5018
-6081
-7318
-6759
-5821
-4384
-2834
-2146
-1628
-1604
-1557
-517
943
2592
4067
4635
4428
4038
3749
4024
4650
4855
4625
3646
2396
1507
803
171
-207
-1116
-2128
-2966
-3997
-4561
-5146
-5564
-5659
-5885
-5876
-5632
-5871
-5993
-5791
-5750
-4976
-4239
-3622
-2580
-2221
-1825
-1103
-562
245
1073
1564
2094
2010
1910
2122
1712
1831
1809
1348
1086
548
201
44
215
571
791
1058
1330
1310
1625
2126
2503
3379
4070
5067
6255
7073
8173
8646
8115
6540
5269
3902
3451
4129
4006
3299
955
-2096
-3895
-4490
-4202
-3312
-3838
-5122
-6236
-7601
-7174
-5966
-4885
-3779
-3687
-3466
-2963
-2309
-1052
157
1142
1985
2561
2997
3528
3889
4210
4419
4188
3846
3463
3002
2922
2773
2124
1050
139
-1320
-2040
-2079
-2423
-2475
-3357
-4538
-5193
-5879
-5777
-4914
-5139
-5238
-5402
-6004
-5517
-4868
-3936
-3058
-2753
-2280
-1879
-1229
-316
487
862
977
1209
1381
1418
1658
1704
1302
966
585
393
472
760
991
1150
1167
1087
1343
1558
2204
2894
3381
3890
4468
5470
6430
7687
8495
8395
6870
5410
3904
2994
3636
3883
3652
1983
-862
-3228
-4379
-4654
-3642
-3511
-4556
-5532
-6839
-6884
-5866
-4945
-3946
-3713
-3598
-2878
-1794
-433
815
1521
1829
2321
3126
4166
5000
5283
4999
4339
3767
3579
3535
3583
3269
2338
1290
-289
-1269
-1987
-2744
-2594
-3182
-4061
-4922
-5905
-6413
-6328
-6054
-5362
-5544
-5788
-5652
-5768
-4813
-3696
-2795
-2087
-1840
-1354
-758
93
1316
2052
2126
1995
1935
2021
2326
2671
2655
2147
1404
957
783
885
1162
1193
1156
1027
871
1031
1273
1567
2101
2703
3414
4517
5385
6277
6952
6844
5857
4849
3684
2786
3300
3309
3375
2304
41
-1653
-2944
-3687
-3057
-2945
-3306
-3854
-4968
-4999
-4685
-4308
-3692
-3520
-3158
-2582
-1874
-787
-51
268
436
751
1575
2643
3512
4006
3798
2935
2396
2406
2677
3186
2923
2332
1531
499
-221
-865
-1020
-1575
-1949
-2515
-3269
-3615
-4327
-4728
-4762
-4977
-5148
-5182
-5409
-5125
-5034
-4583
-3889
-3671
-3225
-2746
-1949
-1122
-262
449
603
786
880
1051
1468
1765
1856
1847
1568
1398
1257
1172
1313
1663
1957
2198
2292
2155
2039
2070
2363
2868
3778
4444
5299
5801
6239
6572
5988
5041
4005
2600
2109
2221
2213
2062
556
-1062
-2401
-3866
-4100
-3821
-3923
-3764
-4221
-4388
-4267
-4281
-3825
-3469
-3160
-2476
-1677
-635
447
880
1020
1129
1445
2244
3093
3745
4024
3489
2735
2403
2205
2418
2228
1847
1518
791
213
-327
-1041
-1542
-2230
-2811
-2976
-3148
-3365
-3772
-4113
-4350
-4641
-4748
-4635
-4586
-4588
-4488
-4056
-3581
-3381
-3034
-2586
-2181
-1581
-864
-168
383
673
873
998
1181
1403
1509
1588
1647
1622
1445
1169
1148
1231
1219
1312
1412
1228
1292
1082
1126
1228
1620
2315
3014
3815
4465
5289
5516
5103
4400
3539
2455
2369
2519
3009
2819
1696
605
-685
-1761
-2014
-2115
-2088
-2368
-2844
-2763
-2713
-2652
-2627
-2804
-2967
-2827
-2241
-1241
-375
159
404
289
425
852
1324
1904
2251
2364
2466
2222
2064
1944
1612
1527
1312
1078
944
524
4
-813
-1247
-2040
-2345
-2282
-2427
-2412
-2769
-3123
-3463
-4161
-4120
-3959
-4114
-3773
-3832
-3600
-3466
-3111
-2363
-2275
-2080
-1701
-1500
-863
-267
424
952
951
1205
1228
1164
1146
1196
1156
1188
1233
1321
1070
633
417
354
367
438
586
617
511
558
949
1424
2065
2734
3470
4097
4287
4184
4058
3503
3011
2848
2676
2770
2515
2166
1869
1338
674
108
-666
-1258
-1625
-1718
-1404
-1334
-1404
-1665
-2200
-2655
-2839
-2624
-2066
-1555
-1000
-573
-574
-433
-339
-208
76
335
702
1058
1269
1392
1481
1425
1343
1132
907
700
485
382
226
29
-114
-400
-714
-1003
-1464
-1665
-1781
-1847
-1837
-1994
-2305
-2839
-3155
-3122
-2987
-2794
-2672
-2627
-2486
-2417
-2107
-1661
-1331
-983
-798
-633
-388
-247
-121
-68
-36
23
-68
-148
-136
-87
65
170
293
381
342
369
394
524
726
911
1114
1407
1606
1982
2582
3184
3752
4327
4536
4280
3866
3505
3220
3094
3027
2910
2534
1863
1307
987
518
180
-262
-781
-1390
-1816
-1845
-1843
-1914
-1910
-2014
-2142
-2259
-2287
-2125
-1922
-1627
-1256
-991
-694
-278
38
208
337
541
701
861
984
997
997
944
1008
1118
1131
892
481
119
-278
-435
-438
-358
-375
-684
-1053
-1351
-1578
-1633
-1655
-1687
-1787
-1998
-1995
-1942
-1912
-1765
-1672
-1614
-1588
-1527
-1345
-1229
-1189
-1054
-892
-800
-841
-906
-941
-1006
-1039
-1084
-1162
-1268
-1315
-1229
-1028
-727
-459
-188
-89
67
248
422
844
1303
1737
1922
2062
2188
2369
2841
3411
4022
4555
4658
4586
4373
3981
3498
3134
2826
2530
2167
1781
1404
957
549
156
-293
-730
-1303
-1770
-2093
-2202
-2131
-1993
-1826
-1787
-1817
-1796
-1636
-1434
-1159
-848
-445
-149
176
394
604
897
1074
1231
1233
1100
917
760
645
674
654
572
368
30
-302
-565
-736
-875
-1038
-1263
-1433
-1580
-1518
-1404
-1377
-1339
-1439
-1596
-1700
-1658
-1494
-1323
-1280
-1197
-1130
-1092
-1111
-1169
-1087
-1106
-1020
-888
-808
-790
-863
-921
-852
-770
-584
-449
-421
-415
-455
-389
-175
93
299
449
530
619
743
916
1128
1366
1514
1635
1615
1648
1853
2069
2488
2844
3042
3164
3198
3067
2867
2616
2348
2062
1696
1467
1286
1016
796
477
189
-52
-285
-573
-870
-1198
-1409
-1455
-1367
-1092
-788
-669
-642
-611
-558
-417
-189
35
228
366
538
672
705
710
588
409
258
58
-85
-251
-440
-590
-662
-662
-722
-742
-801
-867
-974
-1018
-1119
-1139
-1091
-1094
-1034
-994
-891
-796
-801
-795
-882
-1012
-1027
-1039
-1060
-1098
-1087
-1070
-1050
-905
-769
-789
-892
-962
-972
-888
-719
-371
-80
76
99
49
123
255
411
642
698
710
647
661
635
720
936
935
1015
940
894
847
750
739
760
948
1154
1389
1646
1802
1877
1917
1936
1949
1898
1708
1489
1368
1222
1192
1187
1109
1067
881
728
586
365
152
-67
-162
-213
-173
-138
-175
-186
-311
-362
-407
-375
-424
-459
-517
-674
-703
-786
-748
-625
-576
-574
-587
-701
-823
-985
-971
-801
-652
-546
-441
-399
-367
-325
-437
-454
-548
-547
-555
-632
-673
-753
-815
-896
-822
-701
-708
-731
-847
-954
-994
-999
-875
-728
-679
-659
-624
-590
-465
-354
-267
-152
-166
-147
-88
-53
112
264
288
272
366
378
480
518
504
486
456
389
379
471
430
359
234
207
274
396
531
588
587
652
787
1055
1379
1672
1888
1925
1939
1943
1845
1816
1698
1591
1505
1423
1418
1270
1089
865
600
374
82
-114
-261
-411
-592
-734
-852
-896
-768
-625
-502
-488
-492
-627
-768
-808
-744
-668
-608
-640
-667
-696
-772
-780
-803
-827
-941
-1070
-1153
-1100
-1007
-846
-722
-605
-593
-616
-492
-431
-202
-62
29
119
154
189
212
335
342
342
372
279
114
24
-72
-166
-238
-311
-391
-487
-533
-559
-636
-625
-579
-536
-474
-448
-442
-401
-324
-281
-116
17
122
232
306
279
336
370
488
658
740
783
744
734
709
788
893
1060
1160
1259
1367
1395
1530
1659
1756
1722
1606
1522
1240
1037
860
650
544
329
136
-31
-204
-277
-345
-409
-407
-485
-560
-589
-611
-606
-602
-510
-426
-299
-224
-219
-179
-205
-220
-270
-286
-345
-530
-648
-755
-783
-824
-880
-829
-845
-851
-829
-804
-772
-683
-504
-264
-126
-17
71
125
151
148
278
411
441
504
468
304
190
119
123
68
22
-15
-162
-280
-405
-462
-539
-581
-601
-637
-643
-636
-548
-502
-501
-452
-394
-357
-204
31
225
305
296
313
357
441
561
730
790
701
667
690
694
668
560
453
344
256
252
358
494
625
739
759
791
899
1036
1212
1326
1253
1053
841
703
636
610
538
380
246
96
57
68
60
-61
-250
-462
-693
-841
-896
-919
-950
-938
-935
-840
-827
-760
-640
-595
-575
-557
-495
-448
-428
-371
-315
-253
-223
-201
-223
-203
-165
-134
-36
46
54
-9
26
42
28
48
81
101
203
264
338
357
329
248
129
66
94
155
192
181
44
-149
-312
-392
-330
-157
-47
-75
-278
-419
-506
-528
-402
-257
-199
-206
-227
-203
-124
6
56
-4
-109
-241
-180
-47
145
217
209
132
70
151
264
445
551
626
653
735
959
1173
1389
1507
1550
1608
1550
1530
1494
1281
992
570
243
-39
-302
-375
-489
-555
-681
-719
-774
-795
-845
-939
-893
-772
-670
-543
-413
-356
-294
-173
33
223
327
301
273
137
21
-177
-330
-423
-550
-639
-767
-750
-817
-783
-781
-708
-551
-484
-467
-438
-462
-506
-435
-302
-97
96
220
269
328
349
427
573
693
692
590
412
272
129
9
17
-116
-200
-366
-504
-607
-672
-747
-945
-1084
-1275
-1368
-1273
-1101
-993
-854
-775
-627
-406
-113
136
235
263
300
416
539
796
1135
1273
1289
1318
1374
1601
1814
2064
2169
2099
1923
1924
2008
2031
2063
1763
1346
880
383
51
-227
-545
-860
-1110
-1215
-1275
-1264
-1153
-1113
-1091
-1042
-1000
-924
-874
-775
-733
-659
-629
-469
-197
29
351
490
562
478
309
154
-10
-116
-172
-347
-547
-648
-748
-703
-578
-418
-270
-105
-68
-77
-97
-154
-203
-358
-414
-412
-435
-282
-198
-107
-77
-72
33
0
30
-20
-184
-349
-665
-858
-949
-968
-986
-950
-887
-886
-866
-816
-620
-445
-355
-262
-326
-330
-386
-269
44
246
569
668
647
669
651
864
1047
1117
1006
1006
916
872
944
1001
1264
1437
1775
2090
2361
2707
2907
2936
2764
2388
2024
1509
1005
510
-124
-603
-1090
-1362
-1295
-1271
-1128
-1145
-1196
-1332
-1561
-1628
-1659
-1640
-1661
-1611
-1533
-1344
-991
-454
131
674
1147
1360
1271
1131
916
606
277
-98
-346
-692
-890
-788
-617
-287
9
272
428
490
427
124
-305
-709
-1233
-1630
-1766
-1835
-1795
-1722
-1526
-1140
-811
-369
-136
-84
-169
-408
-641
-927
-1124
-1224
-1261
-1173
-986
-785
-481
-254
20
286
403
421
329
224
53
-120
-184
-166
-112
84
339
549
744
910
934
950
955
1007
1067
1119
1196
1304
1514
1873
2366
3026
3775
4310
4555
4427
3922
3189
2373
1582
650
-265
-1067
-1937
-2474
-2668
-2679
-2246
-1909
-1643
-1569
-1715
-1856
-2001
-2001
-2065
-2038
-2002
-1777
-1302
-627
328
1222
2079
2780
3129
3232
3008
2503
1856
970
119
-749
-1416
-1814
-2120
-2104
-1942
-1582
-1149
-711
-382
-280
-550
-1008
-1586
-2280
-2550
-2890
-3037
-2645
-2445
-1667
-1048
-310
655
958
1533
1535
1199
871
155
-268
-853
-1396
-1648
-1888
-1856
-1574
-1144
-671
-286
-124
-66
-167
-418
-528
-759
-827
-836
-839
-502
-79
571
1309
1908
2498
2806
2933
2968
2791
2775
2747
2753
2949
3315
3931
4643
5275
5647
5694
5196
4152
2843
1326
-228
-1726
-3245
-4502
-5262
-5670
-5467
-4851
-4014
-3030
-2267
-1613
-1163
-878
-718
-763
-871
-916
-817
-429
221
1224
2329
3387
4256
4880
5197
5079
4636
3601
2323
714
-1049
-2391
-3383
-3977
-4236
-4195
-3995
-3659
-3228
-2731
-2335
-2132
-2274
-2774
-3026
-3471
-3759
-3285
-2967
-2107
-1098
-168
1429
2381
3444
4240
3995
3750
2755
1702
593
-727
-1711
-2738
-3478
-3699
-3554
-3118
-2497
-1910
-1432
-1124
-1032
-858
-892
-937
-863
-961
-726
-364
311
1286
2257
3285
4062
4601
4962
5075
5137
5170
5040
4879
4816
4789
4973
5036
4821
4519
3653
2419
1128
-552
-2134
-3702
-5341
-6420
-7283
-7578
-7128
-6378
-5167
-3874
-2692
-1452
-358
612
1504
1969
2210
2389
2379
2547
3053
3579
4236
4686
4919
5046
4699
4303
3516
2321
903
-908
-2729
-4298
-5567
-6390
-6810
-6892
-6669
-6184
-5449
-4593
-3780
-3030
-2529
-2407
-2147
-2086
-1672
-995
-466
507
1161
2049
2962
3625
4333
4361
4079
3327
2186
946
-365
-1569
-2771
-3791
-4555
-5035
-5036
-4735
-4004
-3279
-2583
-1926
-1500
-1112
-901
-525
-200
77
587
1135
1911
2776
3654
4475
5208
5758
6125
6373
6533
6662
6578
6421
6433
6296
5854
4950
3697
2040
-24
-1942
-4030
-5863
-7527
-9029
-9609
-9912
-9445
-8199
-6742
-4697
-2865
-1124
576
1985
3362
4342
4926
5232
5313
5229
5216
5441
5689
5961
5813
5400
4863
3944
2853
1404
-295
-2180
-4394
-6294
-7839
-8904
-9377
-9326
-8788
-7855
-6635
-5243
-3765
-2398
-1131
-389
390
861
1036
1549
1822
2385
2915
3193
3733
3821
3900
3752
3082
2481
1377
-28
-1539
-3141
-4453
-5600
-6355
-6663
-6484
-6005
-5233
-4057
-2851
-1580
-605
232
982
1384
1738
1965
2278
2580
2842
3426
4000
4716
5340
5777
6260
6502
6681
6852
6921
6761
6653
6507
6208
5367
3887
2183
-293
-2679
-4845
-7203
-8698
-10390
-11432
-11346
-11004
-9287
-7306
-5075
-2360
-158
2043
3935
5436
6674
7225
7297
7050
6671
6115
5781
5588
5351
5050
4343
3676
2836
1551
135
-1653
-3650
-5730
-7972
-9654
-10788
-11250
-10974
-10052
-8586
-6690
-4607
-2333
-200
1719
3118
3906
4493
4461
4425
4135
3615
3479
2975
2743
2591
2203
2115
1437
672
-268
-1702
-3139
-4795
-6227
-7309
-8306
-8560
-8319
-7619
-6289
-4664
-2771
-839
868
2282
3490
4168
4554
4607
4467
4227
3830
3652
3702
3896
4372
4837
5315
5862
6344
6822
7097
7137
7226
6964
6408
5286
3265
1255
-1632
-4379
-6546
-8958
-10263
-11622
-12297
-11597
-10761
-8523
-5918
-3213
-212
2023
4156
5789
7114
8067
8378
8158
7509
6850
6010
5378
4986
4544
4081
3151
2193
1138
-278
-1788
-3541
-5545
-7625
-9684
-11084
-11767
-11768
-10912
-9506
-7628
-5319
-2842
-204
2225
4154
5569
6242
6352
6063
5560
4968
4198
3513
2631
1721
1106
501
185
-377
-1261
-2337
-3782
-5140
-6516
-7564
-8167
-8755
-8724
-8298
-7273
-5696
-3843
-1497
572
2380
3878
4826
5509
5824
5775
5340
4664
3996
3416
3239
3260
3654
4138
4542
5210
5719
6389
6844
7019
7323
6998
6496
5298
3280
1251
-1817
-4536
-6878
-9295
-10562
-11880
-12248
-11414
-10303
-7809
-5189
-2453
536
2774
4880
6468
7639
8319
8346
7915
7109
6267
5270
4563
4096
3616
3234
2481
1644
698
-673
-2073
-3788
-5732
-7713
-9619
-10949
-11553
-11405
-10475
-8876
-6834
-4472
-1918
751
3079
4970
6255
6597
6453
5865
4929
3989
2896
1846
896
-122
-747
-1127
-1341
-1578
-2157
-2846
-3856
-4992
-6031
-6796
-7443
-7884
-7776
-7473
-6447
-4865
-2952
-755
1171
2976
4398
5356
6005
6215
5990
5473
4770
3967
3363
3051
2998
3313
3688
4235
4988
5648
6456
7072
7543
7896
7530
6802
5122
2879
238
-3110
-5697
-8489
-10652
-11914
-13078
-12567
-11531
-9555
-6524
-3718
-302
2519
4804
6829
8155
9074
9140
8633
7720
6591
5467
4419
3863
3329
2807
2327
1545
800
-189
-1435
-2785
-4654
-6787
-8846
-10577
-11591
-11920
-11304
-10036
-8132
-5818
-3167
-237
2584
5021
6718
7681
7718
7170
6343
5136
3817
2524
1095
-175
-1231
-1851
-2037
-2232
-2495
-2933
-3689
-4601
-5468
-6291
-7006
-7634
-8046
-7917
-7443
-6339
-4547
-2614
-421
1605
3351
4819
5799
6523
6705
6378
5686
4872
4017
3258
2918
2877
3030
3327
3805
4521
5459
6356
7112
7778
7999
7935
7275
5636
3540
677
-2514
-5339
-8228
-10246
-11744
-12932
-12566
-11600
-9629
-6690
-3752
-408
2482
4833
6870
8286
9205
9383
8913
7934
6788
5558
4405
3739
3070
2514
1950
1212
575
-379
-1531
-2843
-4558
-6584
-8605
-10260
-11408
-11712
-11409
-10359
-8651
-6502
-3864
-959
1915
4562
6521
7654
8072
7693
6974
5738
4404
3023
1369
-142
-1462
-2259
-2684
-3014
-3200
-3526
-4006
-4648
-5273
-5851
-6465
-6956
-7399
-7489
-7114
-6337
-4851
-3121
-1181
753
2538
4105
5317
6245
6629
6601
6157
5432
4551
3755
3204
2825
2787
2924
3142
3855
4703
5637
6742
7397
8077
8378
7934
6774
4737
2248
-1026
-4077
-6989
-9607
-11362
-12896
-13031
-12243
-10701
-7804
-4858
-1342
1918
4457
6806
8386
9502
9836
9399
8487
7167
5699
4332
3402
2796
2283
1852
1334
858
175
-781
-1805
-3316
-5231
-7162
-9091
-10555
-11381
-11573
-10866
-9572
-7672
-5197
-2389
554
3416
5720
7315
8179
8186
7952
7111
5798
4459
2708
995
-489
-1737
-2430
-2974
-3448
-3816
-4360
-4918
-5437
-5852
-6355
-6916
-7311
-7595
-7475
-6835
-5633
-4058
-2308
-327
1594
3307
4907
6166
7076
7377
7246
6810
5922
5012
4285
3614
3119
2734
2681
3065
3609
4474
5429
6219
7081
7733
7860
7397
5864
3743
902
-2249
-5179
-7999
-10090
-11972
-12931
-12836
-11895
-9562
-6624
-3209
275
3271
5972
7993
9531
10302
10201
9437
7980
6357
4730
3313
2377
1672
1187
824
455
326
-25
-521
-1402
-2884
-4663
-6697
-8468
-9859
-10774
-11039
-10652
-9559
-7856
-5427
-2548
442
3307
5531
7206
8182
8579
8466
7692
6538
4903
2967
1113
-460
-1679
-2595
-3386
-3918
-4399
-4885
-5177
-5446
-5715
-6138
-6601
-6987
-7278
-7219
-6621
-5595
-4239
-2639
-869
978
2809
4597
6057
7080
7568
7670
7354
6723
5988
5172
4403
3672
3142
2915
2857
3250
3972
4723
5531
6344
7088
7354
6891
5699
3817
1197
-1555
-4337
-6928
-9261
-11275
-12389
-12684
-11869
-9847
-7198
-4002
-770
2384
5168
7388
9128
10127
10196
9433
8174
6509
4754
3199
1945
972
243
-266
-418
-438
-379
-423
-828
-1681
-2933
-4446
-6075
-7652
-8869
-9764
-10216
-10016
-9179
-7559
-5380
-2844
-223
2279
4402
6121
7467
8165
8255
7739
6461
4756
2989
1277
-298
-1717
-2972
-3984
-4799
-5385
-5649
-5727
-5790
-5936
-6109
-6336
-6446
-6259
-5821
-5088
-4203
-3137
-1777
-271
1345
3095
4678
5936
6850
7394
7565
7467
7106
6602
5960
5166
4502
4069
3828
3985
4315
4757
5272
5915
6456
6450
5937
4799
2977
755
-1765
-4185
-6551
-8943
-10623
-11803
-12092
-11326
-9753
-7422
-4764
-1899
940
3562
5837
7695
8856
9121
8796
7913
6635
5316
3946
2697
1643
732
157
-140
-163
-63
-72
-313
-862
-1599
-2482
-3537
-4711
-5884
-6942
-7911
-8482
-8459
-7918
-6915
-5576
-3948
-2173
-303
1616
3275
4625
5579
6003
5850
5310
4555
3561
2414
1165
-102
-1283
-2262
-3102
-3595
-3928
-4263
-4413
-4514
-4632
-4618
-4445
-4236
-3924
-3535
-3042
-2345
-1455
-381
712
1806
2821
3701
4472
4999
5370
5577
5581
5313
5009
4780
4603
4652
4790
4961
5314
5654
5952
5955
5629
4949
3849
2565
1012
-587
-2335
-4140
-5622
-6854
-7572
-7597
-7143
-6178
-4980
-3591
-2056
-489
999
2235
3130
3577
3561
3323
2868
2417
1883
1383
980
565
428
371
484
677
906
1030
998
864
691
342
-94
-507
-1023
-1658
-2203
-2700
-2965
-3073
-3109
-2994
-2797
-2453
-2113
-1651
-1172
-775
-603
-497
-472
-403
-338
-367
-451
-667
-916
-1212
-1396
-1495
-1523
-1495
-1520
-1513
-1541
-1457
-1302
-1090
-795
-552
-348
-179
90
329
618
835
961
1092
1089
1084
1045
1079
1032
927
798
750
778
974
1310
1729
2163
2452
2799
3140
3319
3386
3414
3234
3026
2737
2296
1798
1315
777
442
265
244
448
735
1091
1524
1943
2298
2516
2516
2362
2064
1614
1118
605
60
-470
-997
-1471
-1853
-2139
-2200
-2234
-2181
-2047
-1950
-1846
-1830
-1864
-1950
-2152
-2250
-2310
-2340
-2274
-2140
-1853
-1478
-1062
-572
-94
231
559
737
802
788
688
499
192
-85
-373
-651
-942
-1120
-1293
-1447
-1518
-1605
-1582
-1652
-1702
-1683
-1636
-1581
-1490
-1374
-1224
-1020
-846
-590
-452
-295
-202
-166
-110
-198
-240
-372
-415
-425
-385
-347
-273
-97
108
408
752
1201
1501
1853
2186
2478
2702
2827
2905
2864
2866
2731
2536
2339
2219
2118
2105
2202
2298
2272
2328
2397
2472
2552
2534
2506
2385
2156
1803
1491
1253
905
641
261
-56
-329
-631
-842
-974
-1016
-1146
-1284
-1439
-1580
-1702
-1841
-2028
-2175
-2362
-2466
-2535
-2484
-2382
-2285
-2148
-1997
-1786
-1598
-1387
-1175
-1089
-1088
-1133
-1176
-1245
-1291
-1305
-1274
-1293
-1354
-1333
-1341
-1235
-1082
-989
-932
-895
-861
-818
-736
-604
-453
-323
-217
-74
105
284
418
535
569
583
581
490
443
402
365
268
169
96
7
-5
37
202
394
574
809
936
1060
1122
1257
1357
1416
1461
1463
1450
1380
1393
1461
1627
1830
1981
2195
2387
2636
2884
3097
3206
3096
2889
2621
2309
1903
1643
1336
879
466
103
-204
-421
-551
-656
-690
-717
-837
-900
-937
-1012
-1143
-1218
-1376
-1485
-1576
-1730
-1806
-1849
-1850
-1788
-1652
-1594
-1437
-1359
-1354
-1355
-1326
-1355
-1425
-1438
-1442
-1470
-1479
-1481
-1430
-1410
-1369
-1241
-1140
-1018
-915
-772
-668
-598
-518
-407
-297
-158
-63
42
125
174
230
259
373
510
607
628
661
603
587
580
604
576
457
349
204
80
-19
-16
-78
-86
-107
-140
-204
-208
-214
-194
-179
-231
-206
-183
-158
-140
70
334
609
947
1282
1769
2185
2480
2775
2919
2906
2935
2851
2719
2522
2211
1872
1430
1044
719
450
229
47
-91
-191
-192
-264
-246
-267
-332
-300
-362
-390
-411
-437
-419
-411
-423
-395
-353
-328
-322
-411
-573
-750
-986
-1220
-1431
-1692
-1958
-2181
-2383
-2589
-2748
-2753
-2636
-2510
-2321
-2203
-1933
-1640
-1390
-1067
-771
-529
-329
-125
-7
173
337
499
594
692
774
926
1133
1270
1514
1633
1731
1679
1619
1453
1217
900
556
280
-27
-335
-602
-810
-951
-1080
-1103
-1015
-934
-904
-867
-743
-674
-548
-405
-249
-77
29
148
322
587
867
1082
1294
1465
1565
1607
1588
1636
1585
1518
1436
1279
1146
927
742
677
599
513
465
469
500
493
512
484
501
479
487
486
519
523
437
336
276
257
214
194
130
23
-134
-299
-479
-643
-772
-936
-1138
-1294
-1452
-1611
-1825
-1961
-1996
-2008
-2044
-1997
-1850
-1689
-1507
-1385
-1196
-966
-772
-570
-409
-326
-252
-196
-179
-151
-5
131
326
500
701
892
1100
1226
1285
1287
1125
937
636
337
25
-327
-617
-882
-1066
-1153
-1178
-1102
-990
-775
-602
-422
-233
-83
51
170
264
319
392
453
532
519
583
677
745
766
753
780
770
624
479
339
178
27
-145
-201
-273
-320
-280
-211
-96
62
250
436
668
875
1074
1206
1290
1317
1362
1412
1317
1293
1193
1109
994
852
653
422
289
100
-95
-286
-454
-654
-847
-994
-1194
-1264
-1280
-1303
-1302
-1262
-1169
-1022
-784
-558
-329
-65
70
154
358
372
321
260
165
10
-112
-218
-314
-334
-259
-149
-38
123
222
331
353
372
259
115
-42
-251
-537
-823
-1044
-1267
-1283
-1223
-1120
-981
-774
-502
-239
62
294
501
561
634
671
572
563
542
503
440
332
285
209
181
211
175
141
134
69
-28
-168
-249
-372
-475
-570
-657
-667
-654
-651
-559
-342
-127
39
172
430
604
822
903
1002
1035
1051
948
818
824
720
648
513
460
381
325
259
204
179
101
-13
-118
-234
-288
-362
-458
-500
-489
-487
-481
-463
-346
-142
17
127
202
211
198
153
80
-29
-101
-166
-268
-359
-359
-317
-221
-109
-16
-22
-1
29
-25
-107
-179
-318
-488
-645
-840
-950
-1019
-1015
-933
-754
-596
-434
-249
-78
114
320
405
422
338
272
207
88
70
-33
-82
-150
-189
-118
-55
1
76
105
119
92
106
79
52
-53
-180
-224
-343
-404
-444
-433
-335
-234
-139
-41
147
246
319
430
471
514
532
456
401
292
181
111
42
81
179
257
294
417
509
627
722
805
821
781
726
533
424
320
202
92
36
8
-16
-46
-82
-96
-111
-106
-102
-128
-113
-169
-215
-309
-349
-265
-219
-195
-138
-150
-143
-137
-110
-81
-66
-90
-132
-202
-249
-234
-281
-195
-135
-165
-120
-103
-70
27
28
49
-20
-168
-278
-419
-562
-697
-819
-915
-1007
-1002
-1012
-961
-882
-678
-492
-320
-111
62
256
457
599
630
656
597
498
363
278
195
115
88
44
49
91
186
225
258
246
228
79
-101
-236
-385
-521
-613
-694
-697
-619
-504
-291
-31
207
469
763
1004
1176
1273
1299
1289
1264
1199
1041
897
800
693
592
488
479
438
359
306
256
166
118
-24
-106
-197
-320
-440
-475
-495
-523
-577
-647
-635
-680
-648
-619
-623
-574
-453
-375
-316
-171
-15
149
299
444
573
702
761
755
684
671
530
289
85
-172
-391
-647
-869
-1065
-1242
-1330
-1367
-1312
-1165
-989
-790
-596
-380
-139
107
327
460
548
539
485
430
351
240
120
28
-51
-86
-34
-19
60
121
116
152
109
59
-78
-233
-347
-557
-741
-792
-791
-738
-686
-512
-288
-49
179
446
693
868
1031
1062
1049
1005
851
703
594
449
321
241
146
114
130
147
207
270
271
323
311
267
204
129
10
-69
-126
-254
-300
-356
-379
-390
-438
-493
-443
-411
-377
-369
-291
-208
-107
112
252
399
549
707
760
867
888
822
660
475
216
-72
-293
-541
-830
-1084
-1266
-1367
-1340
-1253
-1109
-919
-751
-463
-149
82
330
495
553
550
471
353
226
116
-70
-206
-323
-441
-479
-462
-410
-360
-229
-220
-216
-244
-300
-412
-471
-572
-680
-750
-812
-723
-656
-532
-323
-173
9
225
347
495
649
712
691
662
598
485
338
233
93
-8
-82
-145
-127
-164
-111
-63
11
67
77
132
154
142
121
128
78
63
-8
-98
-123
-195
-154
-154
-165
-116
-49
29
53
124
149
207
265
343
481
531
565
572
588
629
609
531
450
347
161
17
-168
-380
-535
-662
-701
-724
-635
-545
-361
-122
109
392
593
742
837
870
796
674
500
205
6
-285
-528
-679
-783
-794
-704
-599
-517
-476
-379
-294
-277
-268
-327
-402
-499
-533
-531
-524
-437
-336
-235
-75
42
194
329
428
501
503
500
446
383
282
189
85
23
-42
-66
-87
-79
-28
-19
101
115
180
238
256
264
248
269
310
280
292
300
247
238
181
134
107
116
76
20
1
-16
-29
-21
12
14
63
86
111
202
227
245
294
304
291
282
224
178
134
15
-92
-208
-338
-401
-387
-383
-336
-172
-27
147
321
528
663
758
788
707
569
412
211
-7
-231
-474
-664
-832
-881
-868
-802
-734
-625
-483
-452
-377
-300
-262
-221
-222
-283
-271
-255
-208
-102
-44
33
110
213
299
407
441
464
410
323
204
109
-3
-137
-161
-216
-247
-260
-247
-170
-96
-22
75
75
92
124
85
109
154
193
219
259
298
352
403
408
420
344
282
263
86
31
-43
-157
-229
-373
-375
-451
-499
-431
-388
-283
-166
-92
1
107
112
156
113
115
78
-41
-149
-228
-303
-331
-278
-230
-146
-21
106
285
428
541
578
604
550
416
261
87
-86
-335
-498
-677
-804
-811
-796
-723
-614
-504
-405
-290
-249
-174
-122
-115
-138
-118
-83
-51
2
48
103
229
356
468
587
664
675
691
634
605
489
409
244
56
38
-141
-200
-293
-310
-298
-246
-179
-155
-95
-32
67
23
67
156
185
224
253
250
305
408
442
476
511
492
448
402
255
215
114
-51
-154
-282
-375
-478
-507
-521
-422
-347
-280
-175
-96
2
36
134
157
57
13
-53
-107
-104
-104
-117
-20
65
138
276
464
631
757
769
737
686
594
449
296
133
-58
-281
-416
-529
-600
-570
-611
-494
-554
-428
-275
-244
-194
-128
-63
-98
-99
-78
-35
21
100
147
171
253
284
353
413
440
467
417
360
279
229
124
38
-12
-88
-165
-247
-276
-228
-142
-82
-10
91
134
181
216
292
357
376
450
437
437
451
445
469
452
401
368
324
240
125
16
-82
-180
-247
-330
-414
-455
-457
-396
-328
-251
-126
-48
48
106
139
184
161
101
7
-125
-229
-293
-341
-347
-348
-316
-213
-90
2
182
327
382
412
409
379
267
152
57
-43
-178
-267
-334
-275
-271
-194
-72
-69
30
109
170
179
201
203
177
179
115
111
173
181
205
244
244
286
321
363
315
233
132
70
33
-80
-138
-203
-271
-292
-275
-184
-103
34
110
223
355
414
500
591
633
609
674
632
624
568
529
564
518
497
420
373
315
206
114
11
-118
-245
-375
-480
-602
-648
-668
-620
-503
-368
-197
-36
134
301
445
602
733
720
687
629
451
335
181
53
-88
-205
-265
-355
-393
-398
-339
-272
-207
-186
-203
-291
-339
-417
-468
-498
-585
-637
-664
-581
-500
-350
-282
-142
-4
61
199
258
315
331
344
309
247
286
289
293
335
354
362
368
356
261
204
85
-94
-155
-278
-485
-626
-707
-707
-759
-723
-640
-556
-358
-178
37
230
380
585
706
707
753
768
763
754
764
765
751
698
645
557
521
480
349
202
38
-149
-333
-495
-652
-787
-858
-942
-919
-872
-725
-544
-408
-176
37
240
435
594
662
690
672
607
536
460
316
195
99
-32
-94
-156
-164
-130
-116
-105
-170
-171
-211
-244
-296
-368
-400
-484
-542
-519
-479
-404
-345
-242
-78
18
91
162
221
276
274
258
244
239
221
261
293
311
303
331
367
403
420
377
318
201
103
-62
-244
-325
-385
-430
-505
-532
-501
-411
-306
-182
-41
57
238
395
530
602
609
600
576
583
520
458
414
388
323
217
189
138
64
-18
-131
-242
-344
-433
-576
-627
-705
-771
-744
-636
-547
-452
-264
-63
135
331
533
651
761
745
714
578
423
293
89
-75
-296
-473
-588
-701
-735
-739
-733
-744
-710
-650
-590
-495
-454
-429
-392
-371
-350
-300
-175
-24
96
260
361
466
559
651
675
675
648
623
532
424
380
296
189
81
13
-46
-82
-152
-164
-161
-160
-226
-283
-355
-426
-455
-535
-522
-561
-524
-450
-339
-218
-102
47
220
415
613
768
871
954
946
989
930
795
747
636
545
384
211
84
-10
-33
-145
-232
-315
-385
-486
-522
-593
-601
-591
-546
-490
-404
-264
-157
16
211
376
513
660
751
797
802
783
635
483
289
79
-102
-310
-467
-636
-746
-803
-835
-854
-864
-834
-743
-652
-621
-565
-445
-342
-255
-102
22
106
240
343
415
549
592
660
706
772
778
761
704
630
593
481
407
280
116
22
-61
-199
-209
-246
-301
-323
-379
-461
-453
-493
-432
-379
-418
-362
-361
-311
-224
-169
-13
138
273
380
550
667
732
796
767
764
705
627
529
434
250
140
12
-125
-184
-320
-402
-456
-475
-515
-522
-567
-493
-463
-437
-359
-274
-93
-46
93
227
389
537
637
682
662
642
564
444
329
173
34
-147
-320
-471
-626
-742
-818
-811
-838
-906
-868
-813
-800
-743
-649
-609
-463
-375
-278
-110
95
219
319
413
474
558
575
592
604
567
497
430
421
346
305
240
110
50
-31
-57
-140
-180
-241
-279
-350
-390
-367
-361
-337
-297
-303
-162
-111
-97
-4
75
213
317
370
457
554
624
688
704
773
771
726
681
621
492
356
199
39
-98
-294
-443
-504
-586
-667
-722
-669
-642
-633
-600
-526
-431
-305
-163
-44
103
222
450
529
634
702
731
747
734
685
565
414
215
39
-193
-387
-545
-722
-795
-821
-874
-876
-875
-856
-815
-756
-678
-608
-520
-469
-367
-245
-119
37
116
292
381
458
520
552
639
593
497
462
417
330
301
234
146
9
-66
-151
-209
-251
-287
-319
-358
-338
-385
-353
-346
-317
-199
-183
-111
-23
52
128
255
343
382
452
542
603
621
667
664
632
581
604
629
555
501
386
244
137
-58
-153
-280
-416
-533
-626
-676
-700
-739
-653
-575
-513
-422
-353
-189
-70
148
305
421
614
750
814
906
889
871
786
614
487
283
127
-89
-285
-478
-687
-764
-876
-932
-891
-876
-842
-830
-820
-715
-623
-541
-439
-313
-176
-61
96
274
395
514
597
671
739
760
778
751
726
648
522
448
343
204
100
45
4
-121
-179
-275
-342
-354
-353
-348
-366
-352
-310
-198
-143
-68
47
81
139
228
289
376
427
453
501
508
589
620
637
567
526
506
468
456
333
242
111
10
-79
-188
-296
-370
-429
-513
-601
-633
-647
-608
-562
-527
-476
-366
-260
-107
25
179
371
494
634
707
754
774
722
616
465
306
146
-35
-233
-386
-530
-669
-714
-774
-802
-797
-775
-746
-711
-621
-571
-545
-486
-406
-329
-226
-75
52
180
274
347
428
506
570
601
613
570
509
443
376
283
179
59
-105
-154
-207
-272
-297
-343
-312
-324
-314
-273
-237
-166
-128
-63
2
46
127
202
263
299
288
338
397
415
445
448
462
458
470
420
396
380
290
243
150
78
-26
-43
-127
-222
-210
-273
-295
-328
-314
-336
-366
-353
-315
-229
-216
-200
-157
-65
13
103
168
265
337
365
459
443
418
405
297
164
87
-71
-199
-317
-387
-429
-436
-469
-466
-402
-334
-245
-172
-92
-15
55
126
142
175
205
282
327
293
314
372
394
381
337
377
352
286
290
229
162
113
28
-8
-108
-184
-194
-269
-281
-317
-286
-226
-215
-137
-82
71
129
164
325
328
378
387
395
375
345
375
323
309
275
285
283
264
227
194
173
137
57
-2
-25
-125
-178
-244
-318
-303
-322
-354
-308
-257
-172
-169
-138
-60
4
17
79
89
80
80
63
80
94
48
64
68
33
4
-53
-61
-120
-193
-319
-398
-462
-581
-655
-692
-702
-689
-633
-554
-462
-340
-264
-188
-51
84
185
327
430
438
511
540
531
540
520
493
456
441
376
350
301
253
205
102
39
-67
-174
-234
-320
-411
-480
-468
-491
-496
-433
-401
-298
-182
3
87
201
280
335
401
430
466
459
449
438
422
389
379
352
317
279
309
236
213
145
86
39
-64
-141
-255
-307
-357
-380
-428
-404
-372
-354
-321
-261
-218
-137
-48
-52
-6
-26
4
17
-67
-28
33
50
70
85
52
-5
-16
-74
-96
-155
-210
-310
-388
-466
-535
-583
-658
-701
-756
-623
-482
-417
-301
-207
-87
58
143
248
349
438
452
461
446
402
338
311
254
191
219
188
188
170
175
188
128
85
67
10
-50
-103
-118
-190
-218
-173
-162
-93
-48
84
164
217
310
321
355
346
281
275
243
100
82
34
7
25
15
19
25
-6
-33
-40
-98
-88
-103
-141
-193
-206
-231
-188
-217
-194
-152
-92
-7
30
107
83
106
91
64
46
2
-41
-89
-125
-137
-170
-199
-216
-228
-240
-246
-271
-218
-257
-317
-301
-335
-348
-404
-422
-401
-398
-370
-336
-240
-139
-24
112
221
287
346
465
554
587
589
531
508
433
341
254
192
127
48
17
-31
-66
-83
-82
-70
-79
-49
-58
-72
-60
-62
-92
-57
-23
-53
16
90
175
248
314
373
388
421
439
423
379
278
223
177
83
4
-83
-119
-178
-225
-254
-250
-243
-281
-301
-309
-297
-341
-295
-297
-304
-255
-202
-137
-112
-57
5
-10
53
99
146
174
164
159
78
12
-13
-33
-68
-110
-155
-151
-208
-267
-278
-295
-328
-359
-379
-426
-413
-444
-468
-431
-438
-394
-302
-233
-151
-51
30
146
242
318
367
448
534
483
447
396
328
237
189
97
-26
-106
-236
-290
-309
-344
-345
-352
-349
-262
-235
-227
-194
-223
-161
-154
-92
-46
27
87
111
165
231
274
269
311
295
309
281
202
162
115
55
-1
-85
-132
-183
-222
-278
-301
-327
-361
-338
-351
-359
-353
-349
-390
-385
-324
-317
-280
-190
-158
-101
-14
2
11
25
58
43
44
31
35
-17
-68
-76
-150
-192
-243
-236
-313
-302
-313
-313
-355
-378
-411
-385
-310
-336
-288
-279
-249
-200
-159
-115
-66
39
141
231
346
417
441
495
565
518
473
454
421
320
210
116
23
-58
-142
-197
-185
-214
-231
-221
-239
-229
-220
-157
-83
-96
-32
-61
-9
127
128
179
217
253
239
266
251
249
257
190
174
97
67
27
-33
-86
-100
-132
-172
-190
-212
-229
-281
-305
-320
-328
-300
-292
-273
-301
-249
-206
-235
-167
-146
-36
-41
5
25
32
59
28
43
45
-1
-72
-126
-172
-145
-202
-273
-286
-294
-339
-386
-338
-340
-348
-381
-356
-312
-305
-264
-236
-181
-133
-96
-12
11
37
116
128
184
184
213
273
323
331
284
262
223
204
130
84
47
-57
-42
-102
-123
-115
-124
-141
-90
-86
-78
-55
-68
-8
40
100
109
204
264
293
305
318
366
329
247
270
235
156
148
108
58
-9
-39
-124
-163
-187
-206
-203
-223
-221
-268
-271
-292
-328
-332
-314
-296
-303
-290
-249
-237
-209
-154
-140
-80
-59
-38
-79
-122
-121
-100
-161
-193
-159
-203
-274
-297
-283
-288
-317
-346
-295
-319
-311
-330
-311
-296
-254
-231
-213
-140
-147
-102
-68
-41
9
35
117
144
175
206
212
200
202
146
97
123
35
3
-23
-64
-103
-133
-151
-162
-168
-181
-169
-165
-155
-173
-167
-157
-123
-42
-42
-32
-8
5
45
148
172
218
238
243
233
185
170
130
76
28
-8
-103
-205
-220
-266
-326
-320
-307
-326
-323
-300
-293
-253
-242
-205
-195
-242
-158
-144
-132
-155
-215
-166
-146
-96
-157
-165
-189
-211
-171
-205
-253
-318
-366
-393
-424
-439
-418
-429
-471
-490
-471
-409
-381
-351
-303
-234
-197
-175
-137
-108
-53
-24
-17
-11
26
85
125
143
186
221
236
267
284
290
304
275
195
133
91
12
-32
-67
-158
-176
-196
-197
-153
-146
-170
-69
-32
-2
19
78
135
185
196
186
198
195
269
295
305
327
292
271
321
260
204
152
104
11
-62
-78
-179
-204
-235
-259
-295
-281
-263
-252
-230
-167
-107
-42
-23
53
98
87
144
159
144
123
106
136
148
87
30
24
-28
-71
-84
-162
-196
-262
-274
-322
-355
-371
-416
-448
-465
-419
-387
-331
-288
-236
-156
-119
-65
-35
0
107
127
151
161
162
184
188
184
184
185
167
183
163
199
140
93
77
42
-32
-104
-153
-223
-248
-316
-376
-330
-285
-192
-129
-47
16
49
164
191
233
269
307
330
341
311
320
307
228
313
255
212
183
121
56
-21
-77
-110
-181
-242
-279
-363
-406
-419
-454
-458
-438
-411
-376
-293
-183
-134
-62
-33
69
67
99
141
154
157
92
87
23
24
-71
-142
-154
-214
-231
-231
-263
-301
-367
-377
-378
-395
-383
-386
-343
-355
-297
-248
-176
-154
-91
32
37
77
160
191
240
235
224
283
278
258
239
248
195
207
201
180
134
74
48
-18
-42
-98
-196
-218
-272
-285
-310
-331
-301
-277
-165
-97
-18
28
128
219
276
320
347
385
368
384
343
312
307
258
237
231
159
45
-32
-132
-289
-459
-805
-1533
-2243
-2872
-2955
-2247
-948
495
1304
1203
228
-989
-1669
-1567
-578
603
1394
1405
729
-320
-1287
-1577
-1124
-219
702
1220
1119
500
-105
-383
-297
63
400
575
326
74
-187
-364
-371
-359
-293
-204
154
442
639
677
483
300
245
284
505
735
890
1038
1179
1355
1362
1284
1115
849
709
646
620
524
610
603
475
235
-208
-558
-884
-963
-899
-881
-832
-916
-1097
-1258
-1344
-1343
-1215
-1063
-897
-747
-630
-541
-499
-412
-493
-521
-534
-553
-496
-474
-406
-376
-477
-571
-704
-725
-664
-464
-212
-26
198
349
576
794
1096
1422
1762
2150
2502
2903
3216
3440
3703
4045
4348
4736
5231
5734
6174
6501
6694
6641
6276
5298
3424
946
-1700
-3892
-5104
-5363
-5057
-4842
-5329
-6308
-7473
-8163
-7837
-6679
-4903
-2866
-907
705
1807
2731
3510
4034
4457
4775
5207
5658
6282
6603
6262
5231
3445
1333
-632
-2209
-3178
-3748
-4303
-4924
-5844
-6851
-7790
-8446
-8599
-8272
-7357
-5983
-4373
-2839
-1616
-681
-112
424
943
1546
2365
3011
3460
3417
2828
1803
669
-339
-1107
-1544
-1716
-1850
-2026
-2168
-2354
-2510
-2458
-2092
-1588
-706
305
1258
2394
3295
4119
4901
5654
6656
7739
9000
10279
11292
12061
11982
10242
6924
2385
-2523
-6239
-7993
-8066
-7180
-6867
-7875
-9911
-12170
-13380
-13155
-11542
-8580
-4988
-1638
1258
3676
5556
6820
7261
7314
7390
7698
8679
9790
10400
10127
8305
5077
1220
-2489
-5285
-6875
-7613
-7981
-8290
-9011
-9820
-10481
-10737
-10311
-9432
-8044
-6174
-3788
-1088
1378
3385
4641
5021
4879
4665
4620
4818
5073
4895
4014
2340
193
-1899
-3695
-4900
-5563
-5754
-5782
-5682
-5481
-5296
-4825
-4200
-3285
-2102
-802
833
2404
3763
4974
5725
6268
6571
6716
7123
7507
7862
8202
8132
8091
7905
7681
7582
7639
7483
5556
2253
-2392
-7603
-11259
-12920
-12452
-10359
-8561
-7670
-7922
-8572
-8374
-7313
-5129
-1904
1625
4850
7598
9677
11197
11941
11463
10011
8048
6083
4988
4439
4151
3796
2278
-566
-4253
-8021
-10861
-12376
-12544
-11609
-10269
-8884
-7654
-6605
-5603
-4424
-3285
-2052
-358
1604
3874
5952
7481
8322
7918
6641
5047
3426
2284
1436
589
-467
-1990
-3754
-5537
-7039
-7902
-8206
-8009
-7403
-6390
-5131
-3699
-2279
-1044
44
885
1691
2622
3488
4347
5082
5463
5613
5399
5032
4738
4483
4618
4626
4521
4451
4255
4066
4049
4212
4623
5244
5827
6226
5351
2993
-481
-4912
-8413
-9993
-9809
-7733
-5563
-4245
-3876
-4580
-5162
-5076
-4349
-2376
167
2634
5044
6959
8329
9003
8572
7082
5113
2959
1537
1100
1299
1948
1804
318
-2234
-5386
-8146
-9767
-10245
-9474
-8070
-6538
-5000
-3803
-2665
-1663
-1000
-518
43
748
2086
3772
5331
6549
6482
5297
3428
1323
-271
-1194
-1636
-1865
-2528
-3656
-5040
-6320
-6983
-6948
-6449
-5563
-4620
-3627
-2522
-1384
-207
754
1196
1380
1523
1835
2756
3836
4895
5516
5585
5281
4836
4577
4780
5251
5416
5590
5533
5309
5467
5657
6100
6722
6990
6440
4429
1195
-2754
-6992
-9587
-10379
-9563
-7660
-6217
-5502
-5743
-5984
-5883
-5084
-3360
-803
1802
4218
6554
8592
9962
10357
9454
7612
5522
3537
2600
2347
2511
2434
1138
-1195
-4177
-7069
-9248
-10335
-10303
-9506
-8257
-6855
-5388
-3937
-2576
-1347
-577
-34
554
1480
2739
4151
5286
5802
5324
4015
2401
747
-350
-1128
-1733
-2489
-3452
-4557
-5462
-6005
-6136
-5902
-5501
-4835
-3876
-2612
-1143
255
1225
1656
1664
1651
1952
2666
3530
4303
4664
4527
4084
3561
3385
3508
3824
4089
3972
3679
3442
3291
3478
3983
4488
5102
5720
6243
6132
4434
1563
-2421
-6810
-9430
-10328
-9094
-6539
-4674
-3607
-3773
-4408
-4648
-4312
-2856
-503
1958
4335
6472
8189
9326
9523
8378
6369
3969
1784
814
648
1254
1700
949
-899
-3595
-6544
-8774
-9934
-9877
-8651
-7165
-5516
-3911
-2496
-1178
-211
185
493
782
1315
2339
3558
4792
5443
5107
4063
2445
789
-443
-1418
-2274
-3012
-3711
-4415
-4962
-5297
-5387
-5484
-5333
-4973
-4237
-2977
-1565
-159
752
1123
1182
1135
1411
2026
2815
3519
3900
3947
3759
3628
3743
3995
4167
4216
3964
3585
3534
3377
3939
4665
5219
6089
6457
6826
5778
3239
-194
-4667
-8109
-9744
-9536
-7352
-5142
-3676
-3403
-4105
-4623
-4686
-3729
-1752
889
3256
5467
7510
8881
9691
9073
7334
5151
2646
1166
651
965
1828
1630
278
-2122
-5074
-7649
-9276
-9762
-9097
-7742
-6190
-4519
-2896
-1386
-57
511
675
648
596
1266
2152
3563
4598
4637
3943
2177
432
-1006
-2090
-2798
-3454
-4083
-4730
-5352
-5769
-5607
-5231
-4802
-4080
-3362
-2357
-1267
-84
1195
1919
2465
2616
2457
2516
2737
2876
3042
3163
3024
2720
2503
2496
2676
2841
2877
2971
2850
2880
3294
3778
4833
5962
6940
7982
7821
6135
3209
-1282
-5572
-8205
-9215
-7800
-5519
-3893
-2856
-3360
-4234
-4689
-4797
-3443
-1195
1273
3977
6280
8073
9520
9598
8344
6382
3783
1795
832
684
1555
2004
1196
-604
-3498
-6377
-8544
-9883
-9793
-8816
-7569
-5889
-4270
-2552
-793
276
775
848
554
621
1224
2217
3596
4341
4144
3291
1683
199
-1000
-2135
-2768
-3572
-4415
-4939
-5418
-5271
-4821
-4453
-3967
-3473
-2791
-1880
-871
358
1421
1965
2113
2013
1924
2151
2444
2639
2732
2537
2202
1811
1959
2519
3012
3373
3405
3303
3194
3131
3598
4456
5567
6800
7954
8541
7741
5437
1756
-3102
-7135
-9433
-9820
-7907
-5657
-3852
-3148
-3585
-4046
-4434
-4055
-2476
-316
2130
4723
7135
9091
10196
9778
7903
5191
2193
183
-703
-453
503
655
-198
-2072
-4776
-7299
-9299
-10132
-9808
-8764
-7080
-4906
-2618
-406
1360
2219
2427
1998
1530
1468
1848
2806
3732
4173
3894
2855
1423
-192
-1743
-3157
-4355
-5261
-5814
-6018
-5737
-5206
-4648
-4188
-3718
-3051
-2298
-1317
-53
1111
2002
2495
2567
2421
2273
2203
1962
1810
1511
1248
1011
962
1537
2184
2713
2908
2917
2725
2649
2891
3511
4608
5828
7071
8333
9288
9139
7186
3641
-1243
-5835
-8731
-9621
-7882
-5390
-3554
-2822
-3508
-4292
-4937
-4943
-3594
-1554
830
3191
5441
7585
9064
9317
8184
5947
3114
805
-424
-495
481
1142
845
-537
-3024
-5695
-7983
-9302
-9455
-8750
-7439
-5492
-3247
-958
1045
2176
2603
2435
1783
1444
1555
2244
3425
4153
4320
3817
2501
809
-944
-2576
-3775
-4675
-5261
-5370
-5328
-5098
-4725
-4442
-4086
-3768
-3255
-2367
-1306
76
1315
2008
2426
2552
2423
2276
2230
2210
2067
1973
1904
1930
2105
2414
2567
2537
2553
2337
1973
1849
2156
2804
3760
4837
5944
7229
8306
8180
6076
2736
-1701
-5907
-8215
-8668
-6833
-4652
-3201
-2611
-3267
-3905
-4226
-4071
-2706
-778
1180
3181
5246
7286
8762
9072
8052
6058
3292
1010
-265
-614
120
605
287
-908
-3073
-5411
-7401
-8774
-9076
-8737
-7586
-5526
-3192
-549
1606
2917
3303
2791
1873
1316
1447
2353
3517
4318
4526
3807
2418
633
-1011
-2448
-3561
-4366
-5048
-5453
-5554
-5333
-4877
-4346
-3815
-3429
-3109
-2546
-1610
-365
958
2026
2626
2913
2704
2386
2038
1602
1372
1142
999
945
1026
1188
1267
1246
1104
836
540
633
1111
2092
3459
4987
6666
8181
9503
9753
8277
5447
1254
-3257
-6353
-7765
-7161
-5481
-4235
-3711
-4146
-4922
-5437
-5461
-4585
-2813
-988
1051
3347
5625
7653
8708
8528
7181
4879
2614
1174
587
1051
1614
1485
542
-1341
-3759
-5967
-7631
-8476
-8488
-8066
-6784
-4832
-2580
-164
1551
2298
2241
1562
998
937
1706
2996
3944
4663
4578
3789
2590
1230
-71
-1445
-2742
-4029
-4945
-5381
-5191
-4611
-4077
-3791
-3807
-4047
-4059
-3509
-2365
-937
480
1536
2029
2217
2055
1785
1355
1006
855
632
732
1071
1504
2051
2251
2115
1714
1220
1079
1270
2096
3469
4842
6295
7271
8208
8830
8282
6479
3549
-408
-4400
-6939
-8073
-7217
-5618
-4432
-3769
-4016
-4344
-4383
-4167
-2933
-1148
555
2465
4422
6478
8256
9164
8800
7266
4916
2668
1096
367
662
948
638
-257
-2032
-4048
-5912
-7415
-8242
-8530
-8071
-6677
-4541
-2005
526
2129
2645
2382
1522
999
1103
2004
3250
4124
4564
4201
3242
1897
342
-1185
-2773
-4038
-5010
-5547
-5406
-4855
-4195
-3953
-4101
-4513
-4772
-4507
-3521
-2009
-414
1029
1909
2204
2089
1854
1555
1228
902
632
550
807
1317
1739
2021
1933
1500
1055
712
1145
1981
3188
4586
5652
6560
7414
8409
8973
8327
6170
2687
-1855
-5691
-7779
-8006
-6424
-4780
-3827
-3735
-4378
-4865
-4880
-4194
-2591
-854
783
2707
4837
7175
8938
9398
8515
6397
3723
1683
606
609
1275
1521
945
-498
-2732
-5109
-7112
-8481
-9003
-8940
-8028
-6265
-3847
-1252
845
2014
2057
1542
921
943
1701
2921
4160
4559
4183
3279
1780
460
-776
-1928
-2923
-4049
-4891
-5364
-5365
-4881
-4534
-4516
-4726
-4907
-4694
-3899
-2422
-767
597
1383
1818
1819
1807
1829
1599
1526
1325
1214
1278
1488
2003
2366
2337
1991
1474
1243
1356
1958
2913
3887
5009
5787
6639
7568
8649
9310
8314
5975
2228
-2295
-5673
-7492
-7297
-5791
-4616
-3941
-4212
-4831
-5090
-5011
-4247
-2726
-1104
458
2461
4750
7056
8689
8941
8022
5963
3581
1997
1166
1399
1959
1873
982
-716
-2917
-5069
-6875
-8105
-8593
-8640
-7764
-5829
-3580
-1081
765
1548
1605
949
691
918
1692
3039
3847
4168
3999
2951
1831
699
-264
-1195
-2443
-3467
-4207
-4543
-4334
-3911
-3719
-3746
-4049
-4382
-4216
-3448
-2064
-664
442
1410
1763
1787
1740
1603
1614
1560
1392
1246
1120
1347
1700
1883
1999
1947
1790
1645
1786
2221
2817
3566
4435
5301
6162
7147
8052
8442
7572
5287
1823
-2433
-5874
-7777
-8057
-6782
-5495
-4612
-4500
-4973
-5243
-5252
-4609
-3176
-1449
397
2425
4742
6997
8632
9026
8211
6526
4260
2552
1524
1358
1619
1546
880
-635
-2774
-4944
-6868
-8153
-8660
-8493
-7456
-5713
-3585
-1519
-4
842
1091
938
901
1073
1660
2540
3127
3470
3580
3168
2472
1546
404
-772
-2012
-2913
-3351
-3446
-3058
-2700
-2780
-3148
-3790
-4271
-4303
-3854
-2824
-1602
-584
173
498
600
689
645
669
480
264
298
445
960
1619
2180
2399
2302
2020
1798
1941
2400
3206
4121
4994
5636
6161
6767
7333
8023
7775
6285
3621
-159
-4055
-6809
-8014
-7550
-6242
-5266
-4680
-4800
-4979
-4864
-4368
-3178
-1489
138
2012
4122
6201
8101
9084
9104
8000
6083
4031
2415
1605
1536
1568
1195
287
-1407
-3565
-5599
-7242
-8196
-8467
-8108
-6970
-5372
-3644
-1940
-596
168
569
573
794
1423
2173
3255
4011
4363
4264
3632
2712
1681
675
-386
-1281
-2040
-2460
-2734
-3006
-3224
-3825
-4614
-5321
-5766
-5546
-4893
-3799
-2636
-1759
-1095
-789
-566
-230
196
655
1183
1732
2385
2906
3409
3786
3960
3847
3653
3524
3479
3679
3866
4119
4255
4380
4477
4611
4928
5428
5845
5406
3978
1357
-2029
-5283
-7366
-7817
-7025
-5606
-4446
-3733
-3562
-3404
-3133
-2560
-1606
-447
758
2217
4087
6058
7739
8425
8009
6504
4322
2295
1014
576
793
1118
818
-161
-1783
-3727
-5470
-6833
-7524
-7707
-7161
-6134
-4660
-3119
-1633
-373
219
579
702
902
1232
1814
2559
3105
3379
3381
2919
2185
1365
391
-530
-1290
-1875
-2335
-2704
-3254
-3791
-4442
-5020
-5360
-5394
-5003
-4343
-3484
-2684
-1966
-1397
-917
-371
235
1027
1812
2572
3208
3665
3961
4076
4057
3972
3816
3665
3459
3361
3237
3054
2913
2693
2774
3014
3495
4223
5012
5573
5082
3532
946
-2186
-4835
-6260
-6306
-5054
-3656
-2621
-2121
-2216
-2404
-2560
-2424
-1700
-454
898
2578
4183
5729
6747
6759
6066
4701
2962
1677
999
884
1249
1233
730
-483
-2213
-3995
-5497
-6496
-6865
-6881
-6455
-5572
-4640
-3239
-1887
-675
270
564
644
595
739
1235
1946
2637
3127
3188
2874
2349
1698
946
59
-1029
-2097
-2981
-3647
-4019
-4272
-4487
-4721
-4861
-4961
-4890
-4565
-4009
-3263
-2444
-1502
-474
725
1828
2819
3570
3955
4113
4172
4217
4315
4450
4467
4348
4125
3697
3111
2573
2189
2074
2235
2506
3032
3608
4389
5152
5114
4247
2282
-599
-3555
-5615
-6207
-5355
-4031
-2909
-2430
-2679
-3116
-3402
-3322
-2589
-1418
-201
1136
2565
4150
5646
6476
6585
5807
4370
2819
1653
1222
1320
1471
1089
108
-1461
-3234
-4909
-6221
-7037
-7573
-7767
-7340
-6355
-4766
-2995
-1477
-136
315
289
46
-21
502
1328
2352
3286
3837
3924
3655
2958
1867
612
-804
-2050
-2956
-3446
-3513
-3600
-3744
-4112
-4601
-5115
-5408
-5261
-4653
-3728
-2576
-1296
-30
1177
2300
3070
3572
3930
4063
4055
4024
4144
4287
4329
4143
3645
2872
1992
1257
756
660
986
1546
2275
2991
3779
4688
5348
5251
4057
1910
-882
-3436
-4926
-5062
-4123
-3066
-2412
-2390
-2855
-3282
-3588
-3379
-2602
-1528
-316
1007
2564
4219
5627
6302
6155
5116
3547
2119
1180
930
1164
1350
1076
129
-1451
-3209
-4912
-6290
-7140
-7441
-7081
-6179
-4735
-3015
-1330
-88
493
402
-146
-441
-285
486
1817
3008
3958
4259
3772
2918
1673
490
-652
-1657
-2322
-2729
-2790
-2769
-2831
-3163
-3669
-4421
-4987
-5114
-4864
-3948
-2686
-1235
88
1163
1972
2447
2714
2832
2870
2982
3180
3406
3557
3582
3399
2892
2230
1496
918
672
814
1321
2058
2782
3446
4033
4754
5619
6016
5528
3949
1282
-1730
-4058
-5122
-4746
-3650
-2806
-2477
-2885
-3534
-3996
-4198
-3782
-2858
-1581
-152
1511
3262
4915
5986
6136
5352
3990
2456
1416
1124
1434
2047
2166
1660
289
-1554
-3435
-5089
-6192
-6729
-6688
-5969
-4878
-3556
-2159
-1179
-639
-644
-971
-1224
-1086
-344
664
1901
2902
3388
3283
2803
2058
1120
236
-674
-1361
-1776
-1971
-1967
-2068
-2429
-3029
-3676
-4298
-4647
-4586
-4208
-3369
-2396
-1416
-522
231
704
974
1100
1306
1540
1898
2298
2580
2767
2693
2506
2168
1875
1733
1716
1814
1953
2316
2820
3493
4162
4791
5548
6059
6278
5563
3843
1335
-1588
-3898
-5164
-5077
-4347
-3636
-3361
-3681
-4200
-4754
-4904
-4452
-3486
-2028
-370
1434
3241
4728
5723
5890
5404
4407
3282
2498
2182
2399
2707
2746
2284
1038
-798
-2880
-4710
-5994
-6669
-6642
-6036
-4971
-3796
-2694
-1993
-1569
-1532
-1773
-1734
-1648
-813
376
1565
2827
3512
3769
3433
2607
1644
572
-239
-758
-979
-972
-963
-1176
-1645
-2380
-3341
-4251
-4892
-5070
-4790
-4061
-2983
-1898
-1069
-447
-143
201
479
930
1532
2193
2858
3234
3506
3573
3563
3377
3086
2775
2567
2494
2617
2963
3433
3898
4201
4432
4578
4856
5039
4682
3383
1189
-1397
-3751
-5050
-5236
-4548
-3706
-3152
-3081
-3526
-3898
-4065
-3684
-2840
-1614
-25
1586
3153
4383
5242
5495
5121
4247
3203
2456
2114
2194
2558
2713
2484
1585
-89
-2045
-3912
-5249
-5915
-5934
-5310
-4345
-3295
-2483
-2076
-1976
-2247
-2611
-2835
-2713
-2043
-887
576
1941
2885
3243
2935
2125
1024
111
-396
-421
-144
190
315
33
-664
-1708
-2777
-3710
-4369
-4639
-4463
-3857
-2974
-2116
-1408
-899
-607
-436
-238
127
753
1561
2308
2946
3419
3630
3534
3303
3140
3038
3017
3072
3149
3300
3456
3685
3937
4264
4607
5025
5263
4941
3817
1728
-802
-3212
-4755
-5091
-4506
-3568
-2957
-3061
-3724
-4488
-5014
-4848
-4072
-2668
-935
828
2381
3420
4102
4401
4359
3996
3511
3090
2942
3045
3309
3527
3294
2401
960
-832
-2737
-4193
-5015
-5170
-4676
-3968
-3360
-3080
-3174
-3443
-3828
-3999
-3818
-3182
-2255
-1147
0
1064
1931
2366
2359
2071
1479
990
713
713
933
1184
1223
814
87
-1105
-2335
-3327
-4044
-4282
-4159
-3772
-3315
-2827
-2369
-2028
-1613
-1250
-811
-292
390
1175
1933
2620
3024
3307
3345
3212
3040
2842
2719
2736
2802
2859
3019
3261
3444
3572
3687
3924
4386
4683
4581
3777
2231
122
-2059
-3567
-4005
-3568
-2634
-1904
-1900
-2535
-3458
-4223
-4331
-3770
-2640
-1259
13
1124
1883
2313
2515
2669
2719
2718
2702
2748
2724
2662
2591
2458
2082
1407
458
-815
-2110
-3178
-3742
-3802
-3420
-2860
-2452
-2302
-2540
-2935
-3318
-3393
-3152
-2506
-1504
-409
678
1461
1824
1836
1395
936
678
530
599
745
743
575
177
-504
-1268
-2084
-2753
-3285
-3513
-3410
-3071
-2577
-2106
-1573
-1187
-868
-489
-135
280
708
1142
1510
1810
2084
2192
2216
2125
1913
1752
1621
1574
1662
1650
1620
1614
1753
2107
2475
2887
3243
3488
3543
3371
2887
2209
1266
197
-721
-1408
-1554
-1314
-846
-392
-227
-399
-850
-1296
-1571
-1521
-1011
-170
880
1821
2371
2570
2332
1736
1047
465
189
165
294
438
359
131
-357
-943
-1542
-2065
-2413
-2596
-2444
-2106
-1729
-1356
-1098
-916
-880
-840
-800
-839
-861
-732
-548
-245
129
522
822
760
470
46
-332
-644
-738
-828
-823
-746
-741
-944
-1235
-1605
-1946
-2159
-2269
-2111
-1795
-1284
-801
-379
-77
44
0
-198
-300
-268
-54
234
655
1088
1287
1346
1206
1134
1044
989
1129
1324
1632
1927
2162
2302
2216
1969
1569
1087
837
727
851
1154
1588
1952
2082
2052
1752
1439
1087
693
522
571
894
1391
1913
2308
2354
2014
1370
525
-303
-967
-1324
-1250
-938
-544
-357
-562
-1038
-1713
-2386
-2679
-2570
-2041
-1218
-509
47
397
592
522
265
-28
-333
-434
-265
55
492
827
784
429
-217
-871
-1486
-1917
-2149
-2220
-2024
-1723
-1341
-1125
-1170
-1389
-1836
-2265
-2387
-2209
-1747
-1104
-496
-45
114
25
-150
-336
-361
-305
-102
123
356
534
729
819
755
616
374
210
152
284
586
1017
1269
1462
1485
1422
1281
1189
1236
1274
1258
1235
1165
1086
1059
1041
1034
1035
1121
1292
1691
2252
2924
3540
3753
3662
3074
2245
1372
812
609
808
1136
1179
986
313
-557
-1533
-2351
-2910
-3082
-2820
-2338
-1630
-1055
-651
-553
-687
-997
-1265
-1091
-550
175
883
1414
1537
1398
1102
674
269
-98
-383
-658
-864
-961
-953
-1047
-1198
-1538
-1956
-2384
-2712
-2813
-2761
-2552
-2204
-1884
-1512
-1118
-778
-575
-517
-382
-378
-297
-93
140
487
696
663
536
174
-92
-343
-427
-409
-359
-225
-213
-229
-217
-162
-47
70
139
221
361
633
894
1145
1314
1387
1395
1193
956
784
716
693
775
864
978
1044
1159
1260
1491
1833
2206
2595
2925
3271
3715
4157
4385
4346
3739
2642
1236
-214
-1192
-1587
-1356
-910
-610
-721
-1321
-2143
-2974
-3459
-3497
-3020
-2136
-1087
-122
497
797
673
424
132
78
321
682
1044
1276
1328
1170
958
551
3
-650
-1366
-2088
-2544
-2731
-2596
-2403
-2261
-2125
-2261
-2369
-2530
-2605
-2454
-2186
-1673
-1087
-511
-53
249
313
255
280
211
209
208
291
431
505
500
415
254
-8
-219
-352
-360
-320
-163
-149
-156
-136
-181
-137
-127
-133
-129
-150
-80
54
179
357
498
574
739
959
1195
1501
1799
2027
2230
2368
2513
2728
3011
3365
3651
3843
3858
3699
3567
3531
3354
3014
2326
1171
-291
-1744
-2636
-2877
-2566
-2044
-1573
-1451
-1725
-2066
-2324
-2323
-2008
-1382
-536
299
1114
1515
1666
1486
1126
845
640
548
501
513
251
33
-359
-777
-1186
-1704
-2188
-2775
-3204
-3458
-3418
-3116
-2755
-2239
-1770
-1555
-1476
-1551
-1578
-1364
-963
-385
194
608
820
845
699
592
520
423
390
276
199
138
84
85
22
-163
-410
-680
-920
-1056
-1082
-1006
-908
-830
-766
-795
-786
-694
-572
-286
19
404
791
1101
1370
1638
1881
2102
2259
2416
2579
2705
2745
2753
2712
2593
2476
2323
2306
2326
2362
2375
2283
2183
2109
1905
1509
824
-102
-1133
-1800
-1952
-1592
-838
-232
48
-199
-599
-1065
-1172
-1003
-596
10
397
679
678
501
341
82
-147
-389
-585
-847
-1058
-1201
-1326
-1390
-1419
-1461
-1664
-1872
-2146
-2361
-2443
-2407
-2068
-1709
-1335
-911
-735
-584
-527
-595
-664
-708
-610
-370
-94
133
343
439
426
312
120
-23
-175
-261
-306
-353
-183
-130
-237
-440
-794
-1228
-1575
-1714
-1597
-1317
-1023
-747
-537
-252
30
387
775
1177
1538
1783
1998
2194
2440
2590
2738
2690
2568
2328
1900
1563
1317
1151
1099
1000
932
828
760
757
867
1078
1342
1730
2118
2560
2905
2931
2522
1709
590
-409
-955
-846
-238
368
733
514
-140
-854
-1398
-1606
-1510
-1207
-885
-568
-390
-368
-463
-692
-898
-1051
-1202
-1228
-1261
-1169
-1072
-953
-761
-672
-773
-1033
-1422
-1802
-1975
-1957
-1638
-1196
-822
-576
-562
-653
-895
-1113
-1169
-1091
-678
-196
354
758
893
795
536
235
-18
-199
-367
-482
-650
-733
-840
-947
-1032
-1200
-1406
-1474
-1409
-1171
-723
-175
444
889
1166
1413
1502
1628
1807
1881
1910
1938
1873
1770
1527
1302
1142
943
751
588
457
387
340
387
486
546
670
831
1119
1487
1882
2222
2550
2759
2842
2878
2886
2851
2497
1889
1070
276
-317
-680
-703
-620
-550
-603
-840
-1189
-1415
-1510
-1512
-1344
-1122
-823
-547
-461
-444
-543
-612
-717
-788
-806
-797
-808
-757
-721
-577
-334
-303
-298
-530
-801
-1143
-1409
-1471
-1407
-1191
-935
-757
-715
-756
-889
-1004
-1070
-1042
-833
-580
-359
-252
-124
-57
-182
-240
-289
-320
-334
-305
-229
-126
58
248
357
341
253
166
81
-16
-47
90
228
319
447
479
367
329
219
95
85
192
411
664
853
1014
1157
1180
1184
1162
1248
1374
1489
1597
1651
1628
1500
1298
1186
1068
1098
1347
1679
1897
2039
2236
2160
1961
1597
1099
543
-73
-600
-890
-1003
-985
-903
-870
-948
-1119
-1255
-1406
-1442
-1326
-1089
-793
-486
-305
-187
-118
-105
-9
50
88
16
-233
-519
-724
-927
-1013
-1074
-1173
-1304
-1647
-1945
-2157
-2289
-2253
-2110
-1805
-1473
-1208
-965
-854
-798
-741
-652
-496
-299
-47
198
427
624
702
734
573
485
404
256
161
58
-98
-298
-499
-673
-833
-1050
-1121
-1152
-1076
-903
-590
-211
39
295
454
465
510
577
705
1000
1298
1578
1713
1708
1672
1462
1217
1022
895
813
864
1011
1084
1148
1043
819
602
544
655
851
1115
1513
1802
1853
1808
1571
1180
786
350
-11
-361
-575
-701
-683
-552
-488
-409
-378
-375
-361
-330
-218
-65
56
233
257
166
-41
-225
-384
-593
-774
-1110
-1307
-1497
-1612
-1706
-1711
-1629
-1581
-1684
-1898
-2079
-2231
-2165
-1906
-1489
-963
-505
-176
-57
-52
-12
-13
97
186
275
411
520
501
444
317
148
-13
-173
-364
-613
-809
-958
-1002
-943
-817
-709
-645
-700
-753
-756
-649
-346
72
601
1011
1287
1317
1272
1124
1036
1079
1114
1108
1119
1056
985
886
785
660
469
352
237
192
240
407
589
763
862
930
959
997
1058
1178
1293
1515
1692
1745
1864
1933
1970
1923
1698
1464
1076
674
391
186
105
93
14
-162
-456
-655
-863
-952
-939
-943
-926
-943
-938
-898
-799
-815
-804
-890
-1020
-1196
-1339
-1371
-1395
-1407
-1434
-1385
-1363
-1256
-1184
-1031
-891
-782
-705
-678
-645
-550
-434
-308
-161
-45
-53
-106
-144
-228
-299
-325
-297
-232
-144
-77
-108
-219
-331
-561
-734
-843
-855
-755
-604
-371
-203
-56
77
321
490
591
627
558
599
593
703
868
919
968
948
764
595
430
331
342
395
439
501
479
417
445
481
590
760
995
1256
1417
1664
1850
1971
2073
2179
2245
2303
2335
2302
2206
1917
1530
1037
490
73
-249
-426
-497
-612
-659
-747
-908
-967
-1040
-994
-998
-933
-851
-769
-660
-566
-474
-440
-431
-555
-720
-985
-1204
-1395
-1560
-1601
-1597
-1533
-1522
-1474
-1445
-1465
-1517
-1541
-1496
-1395
-1278
-1141
-973
-817
-634
-480
-339
-188
-126
-99
-129
-242
-341
-452
-426
-280
-125
-6
55
-66
-155
-247
-265
-213
-97
54
165
300
368
403
381
377
344
336
291
282
307
375
488
583
580
584
581
490
477
526
658
836
1027
1155
1234
1330
1445
1568
1702
1809
1890
1993
1972
1893
1817
1704
1669
1551
1392
1311
1054
786
500
113
-166
-354
-432
-489
-482
-503
-477
-436
-379
-292
-243
-179
-231
-298
-388
-571
-654
-737
-801
-812
-869
-935
-1077
-1271
-1508
-1885
-2225
-2387
-2531
-2469
-2260
-2043
-1677
-1373
-1161
-956
-888
-800
-703
-563
-407
-307
-154
-75
-76
-123
-208
-367
-420
-518
-562
-511
-484
-401
-312
-261
-260
-359
-426
-423
-511
-475
-369
-218
-69
47
107
198
263
342
461
618
788
975
1021
991
925
789
709
726
798
839
982
1016
1022
1012
975
907
960
1042
1217
1391
1485
1631
1648
1667
1616
1521
1404
1275
1168
1048
1084
1062
1130
1234
1119
1001
733
404
104
-143
-286
-293
-262
-242
-212
-243
-246
-225
-282
-307
-431
-550
-590
-714
-821
-947
-1084
-1180
-1301
-1418
-1471
-1677
-1879
-2005
-2145
-2038
-1949
-1831
-1590
-1325
-1167
-998
-831
-733
-660
-703
-683
-638
-600
-429
-325
-162
-62
-165
-201
-364
-459
-545
-621
-656
-658
-661
-649
-627
-605
-595
-630
-619
-529
-354
-164
91
258
368
403
350
327
369
545
709
884
1030
1087
1052
1097
1050
1043
1054
1032
1068
1060
1119
1090
1124
1050
970
844
729
593
546
662
778
891
1003
1021
934
776
707
659
733
834
902
1065
1172
1329
1365
1397
1244
1005
678
402
182
8
-78
-196
-330
-502
-696
-830
-906
-1027
-1098
-1156
-1105
-1044
-972
-893
-870
-904
-1025
-1239
-1391
-1446
-1366
-1160
-979
-851
-887
-980
-1085
-1113
-1122
-1085
-931
-829
-746
-668
-630
-646
-664
-661
-735
-763
-799
-800
-802
-773
-690
-592
-481
-412
-364
-302
-289
-324
-303
-230
-189
-104
6
98
223
292
384
411
383
381
454
621
743
812
893
875
834
808
843
807
712
616
468
406
356
325
371
383
488
575
602
757
926
1036
1056
1074
1066
1048
1083
1099
1202
1267
1355
1316
1174
1012
897
778
649
575
406
196
-62
-256
-436
-552
-608
-565
-502
-455
-352
-286
-246
-240
-345
-393
-443
-440
-413
-422
-452
-567
-719
-863
-894
-845
-795
-802
-847
-964
-1101
-1185
-1245
-1218
-1155
-1114
-1062
-1056
-1002
-857
-723
-578
-506
-469
-517
-657
-711
-624
-530
-466
-423
-483
-462
-474
-487
-325
-177
-19
125
169
186
191
210
240
297
310
362
408
384
397
334
212
36
-149
-325
-443
-438
-318
-82
90
209
289
308
284
298
436
562
727
841
993
1160
1219
1269
1267
1163
1029
911
802
665
610
584
544
537
419
328
216
33
-71
-187
-198
-101
5
123
205
229
163
95
52
109
220
295
396
412
417
340
257
153
-22
-106
-193
-335
-391
-435
-461
-472
-522
-545
-589
-669
-736
-795
-751
-676
-591
-440
-344
-339
-261
-316
-398
-413
-454
-388
-305
-164
-3
158
218
235
192
101
83
19
-1
1
-21
-21
-103
-222
-351
-495
-605
-733
-824
-852
-839
-795
-714
-592
-513
-472
-405
-350
-232
-92
106
320
489
506
478
465
401
416
443
467
528
578
564
495
431
389
240
187
122
50
12
23
48
67
68
-2
-17
-67
-15
51
185
389
518
620
705
763
778
751
640
525
450
430
393
355
264
165
17
-137
-275
-394
-413
-443
-345
-298
-237
-259
-292
-303
-234
-150
-93
15
93
159
242
298
392
474
458
501
436
405
440
454
494
514
491
412
287
167
97
43
74
55
-1
-88
-146
-284
-368
-489
-570
-641
-752
-692
-677
-601
-506
-385
-274
-259
-209
-130
-118
-109
-125
-131
-79
-54
-22
-4
-28
-12
-86
-138
-196
-224
-232
-265
-169
-183
-207
-142
-200
-254
-302
-416
-513
-644
-614
-459
-249
-77
73
141
119
158
169
202
355
469
563
645
652
590
475
371
256
134
-10
-42
-154
-161
-71
-81
-63
-171
-307
-469
-462
-425
-290
-72
93
268
347
446
520
606
684
779
820
922
969
925
951
976
991
954
833
704
620
572
523
427
361
257
175
83
42
-72
-169
-270
-344
-358
-336
-293
-251
-190
-157
-75
-77
-43
-18
-5
80
129
187
276
261
246
202
125
40
-94
-116
-130
-87
-42
-89
-155
-272
-357
-462
-545
-554
-576
-579
-539
-580
-580
-602
-592
-502
-436
-326
-265
-195
-90
-21
113
143
149
141
53
-16
-86
-149
-180
-202
-254
-257
-377
-489
-570
-642
-658
-670
-602
-517
-475
-421
-283
-210
-105
25
33
108
206
265
334
463
606
671
713
699
702
644
659
638
661
620
504
503
430
371
337
317
381
426
405
434
373
315
186
119
116
117
136
172
159
157
139
63
79
50
33
53
89
126
181
219
260
260
250
256
306
302
336
375
379
329
204
124
31
-52
-122
-212
-288
-313
-357
-407
-372
-378
-380
-278
-215
-158
-140
-92
-77
3
132
165
299
300
231
164
36
-34
-91
-108
-186
-261
-336
-377
-433
-414
-425
-525
-637
-719
-748
-695
-598
-514
-338
-236
-193
-212
-276
-282
-221
-80
8
118
198
277
290
251
288
271
238
254
223
275
304
356
457
427
433
402
364
301
176
128
77
94
122
149
161
105
84
2
-6
-12
-36
1
23
130
178
255
263
288
389
378
416
404
380
407
438
436
370
276
174
15
-97
-220
-324
-417
-486
-482
-487
-531
-519
-522
-480
-410
-278
-190
-43
28
158
275
358
419
434
441
358
260
174
94
-2
-60
-113
-107
-170
-230
-326
-496
-559
-643
-708
-647
-605
-456
-345
-305
-352
-305
-237
-193
-61
71
200
385
550
661
700
664
591
443
398
380
366
427
456
478
443
338
167
3
-93
-203
-218
-241
-201
-96
-76
-122
-197
-194
-182
-225
-173
-46
62
150
257
291
289
233
235
227
261
261
261
308
306
264
186
81
-22
-113
-210
-240
-318
-310
-280
-297
-284
-312
-365
-428
-454
-433
-399
-333
-254
-210
-135
-73
-52
-51
-34
67
159
229
282
276
254
177
52
20
6
-11
-26
-98
-173
-161
-253
-279
-282
-308
-267
-334
-365
-365
-311
-304
-268
-174
-107
-37
50
141
223
297
397
454
496
570
579
636
702
730
765
734
703
585
490
409
275
176
98
86
66
13
-113
-163
-241
-311
-307
-260
-186
-104
27
88
119
166
209
229
277
301
398
467
469
480
423
335
291
231
138
99
95
77
48
25
-39
-125
-197
-312
-379
-405
-437
-399
-364
-336
-317
-285
-257
-180
-135
-47
8
64
131
227
279
256
295
264
252
220
181
180
166
71
8
-54
-87
-144
-211
-260
-337
-349
-407
-382
-377
-328
-236
-225
-164
-138
-45
1
54
151
231
307
356
444
459
451
453
417
422
414
466
474
458
374
291
223
136
38
-38
-108
-152
-172
-184
-134
-155
-110
-67
-57
-105
-128
-90
-117
-65
-41
85
125
119
182
156
143
95
77
37
113
185
172
233
217
158
113
-4
-91
-165
-158
-150
-179
-144
-174
-284
-350
-437
-472
-475
-431
-381
-298
-226
-215
-163
-139
-109
-41
45
165
208
204
257
232
194
152
89
30
-107
-193
-259
-377
-446
-515
-553
-594
-623
-677
-640
-566
-474
-313
-146
-26
85
187
288
402
508
567
571
524
480
460
467
449
405
346
240
153
54
-41
-118
-137
-165
-134
-133
-108
-87
-97
-77
-73
-22
56
157
182
210
282
353
366
373
367
331
333
344
335
320
311
305
254
238
206
172
166
150
201
162
184
187
125
70
22
-4
-104
-103
-84
-146
-164
-197
-234
-236
-267
-320
-319
-233
-200
-147
-59
3
46
76
101
104
109
125
148
177
176
146
40
-28
-65
-98
-166
-197
-273
-320
-318
-362
-353
-334
-317
-345
-284
-217
-130
11
133
214
314
380
395
375
379
388
391
371
383
378
322
272
235
202
104
8
-34
-116
-168
-128
-153
-178
-194
-237
-205
-162
-142
-105
-87
-61
-17
32
85
141
191
223
206
211
237
287
307
283
283
251
266
266
245
209
146
51
-19
-95
-176
-177
-192
-216
-250
-252
-265
-287
-206
-200
-167
-82
-70
-3
108
151
184
152
178
198
121
164
146
142
121
115
76
14
-17
-145
-216
-328
-376
-379
-377
-331
-316
-284
-242
-256
-282
-250
-198
-223
-161
-108
-34
84
182
200
186
236
197
171
148
200
187
187
205
220
204
167
116
-11
-105
-152
-149
-194
-191
-191
-237
-281
-289
-326
-287
-256
-236
-200
-147
-16
54
171
207
243
211
213
238
264
318
368
426
378
369
284
209
170
65
-73
-126
-149
-107
-154
-211
-279
-306
-334
-319
-282
-215
-114
-98
-19
46
127
246
263
268
297
313
331
274
269
240
205
146
68
2
-63
-139
-222
-326
-404
-483
-515
-508
-513
-451
-467
-446
-386
-318
-281
-188
-106
-41
21
77
141
208
270
311
308
261
199
147
138
107
64
66
76
46
45
-2
-19
-56
-54
-78
-105
-80
-113
-124
-205
-268
-292
-345
-342
-317
-308
-261
-189
-127
-47
18
43
104
137
164
260
299
332
360
291
249
151
112
72
49
-3
-68
-80
-142
-186
-256
-337
-365
-411
-467
-449
-400
-304
-238
-108
-55
-64
10
8
30
88
162
186
221
274
284
264
144
41
-37
-68
-123
-179
-192
-234
-280
-321
-458
-566
-564
-553
-495
-441
-376
-313
-296
-277
-255
-217
-203
-137
-66
6
105
164
186
217
219
276
317
272
279
318
273
205
193
162
88
46
-26
-105
-124
-184
-210
-280
-248
-301
-299
-232
-233
-176
-139
-92
1
13
45
121
176
176
263
289
289
356
338
277
255
213
141
151
132
117
59
-1
-115
-192
-220
-259
-280
-249
-257
-238
-232
-196
-103
-69
-43
2
22
-15
104
151
222
269
248
251
180
172
164
90
3
28
-53
-93
-78
-150
-144
-185
-215
-254
-259
-263
-290
-267
-227
-218
-251
-246
-236
-232
-240
-196
-181
-159
-144
-110
-47
23
94
173
240
267
261
253
223
215
229
212
230
177
160
88
34
-90
-207
-279
-344
-330
-332
-305
-279
-198
-166
-62
-22
10
101
151
248
350
369
394
435
345
328
215
171
117
72
48
-1
-41
-78
-116
-211
-226
-239
-246
-249
-229
-215
-193
-166
-145
-113
-87
-58
-91
-54
-22
20
63
73
69
60
68
33
43
2
0
-62
-59
-73
-92
-54
-89
-91
-147
-141
-143
-124
-127
-155
-126
-107
-68
-33
-46
-71
-78
-138
-198
-232
-259
-258
-211
-180
-62
1
40
91
95
137
161
191
217
258
334
320
301
277
196
164
70
-39
-104
-158
-186
-213
-224
-263
-239
-268
-279
-255
-235
-179
-140
-36
59
131
184
219
256
227
274
235
209
178
158
92
62
75
12
-74
-159
-264
-324
-363
-389
-419
-480
-478
-475
-441
-433
-435
-367
-313
-229
-113
-103
-37
24
52
125
152
153
127
128
106
67
54
-4
4
-52
-71
-128
-169
-172
-239
-290
-302
-279
-299
-301
-260
-226
-199
-187
-176
-169
-143
-86
-96
-65
-42
-1
37
22
27
70
76
69
81
80
128
97
106
120
109
86
36
-12
-55
-112
-139
-189
-153
-146
-180
-172
-155
-116
-84
-52
-77
-60
67
120
141
224
259
306
292
342
326
298
260
188
155
163
180
124
78
35
3
-67
-167
-239
-281
-309
-336
-341
-312
-317
-311
-347
-366
-329
-259
-188
-88
-37
-25
32
39
79
121
103
21
-39
-83
-60
-78
-146
-194
-221
-244
-263
-254
-256
-235
-259
-276
-232
-225
-208
-164
-121
-10
26
-1
47
97
117
157
208
233
311
383
359
387
388
319
343
363
333
294
283
255
156
187
99
18
39
7
-64
-99
-138
-185
-134
-144
-115
-52
-11
9
35
72
119
128
181
