-28
17
70
106
31
2
-46
-99
-58
-78
-81
-102
-152
-203
-209
-205
-162
-108
-169
-150
-204
-211
-216
-159
-107
0
28
57
72
-5
19
75
138
193
187
149
82
10
-12
-23
29
-3
1
-51
-40
-75
-101
-70
-147
-137
-100
-50
-32
-78
-111
-131
-92
-34
84
175
147
81
-23
-32
21
52
141
157
83
25
-78
-116
-148
-73
-31
-68
15
-87
-124
-182
-256
-119
-42
133
186
152
-9
-147
-170
-131
61
200
274
135
-182
-321
-325
-246
-58
-14
17
-109
-284
-322
-229
-116
27
119
120
102
40
-38
-23
1
69
140
146
96
-10
-129
-208
-181
-57
79
161
94
-121
-307
-343
-280
-20
73
10
-25
-254
-331
-243
-115
39
78
44
7
1
9
52
89
53
-25
-54
-23
-35
-69
-75
-77
-113
-136
-148
-142
-114
-148
-170
-99
-77
-18
18
31
61
33
59
91
100
45
20
-21
-2
1
-57
-33
-36
-39
-57
-61
-65
-55
-94
-43
42
76
45
13
-51
-38
57
19
91
73
25
46
-39
14
86
111
150
151
134
169
161
78
57
53
0
86
214
199
176
19
-70
-56
42
126
228
266
167
68
-12
3
148
243
334
227
103
68
59
110
146
140
135
49
-101
-158
-146
-60
-60
-60
-81
-106
-137
-165
-154
-92
-25
32
2
-21
-60
-154
-159
-133
-73
-50
-105
-172
-214
-302
-330
-223
-164
-154
-186
-318
-319
-289
-259
-191
-209
-206
-237
-316
-332
-312
-330
-291
-260
-293
-300
-298
-340
-364
-376
-376
-361
-325
-258
-284
-241
-272
-309
-243
-185
-109
-84
-129
-158
-137
-159
-112
15
17
50
122
117
148
182
184
203
311
368
418
449
451
432
351
323
390
526
590
690
765
732
784
770
794
945
1028
1104
1061
972
820
769
792
899
981
1044
981
856
826
786
776
767
773
637
538
402
352
313
329
328
263
196
87
56
1
39
42
51
12
-176
-273
-426
-473
-557
-611
-733
-927
-1039
-1162
-1267
-1338
-1374
-1417
-1441
-1484
-1436
-1472
-1483
-1477
-1380
-1299
-1266
-1232
-1162
-1137
-1096
-1055
-1049
-1075
-1000
-942
-995
-980
-971
-940
-938
-924
-931
-904
-927
-885
-822
-779
-736
-735
-697
-598
-506
-429
-314
-286
-229
-138
23
170
326
511
632
705
732
822
926
1025
1178
1290
1359
1394
1365
1359
1413
1575
1689
1783
1901
2018
1947
1917
1943
2056
2236
2352
2409
2378
2293
2264
2375
2514
2653
2680
2561
2373
2008
1617
1215
680
144
-467
-1011
-1442
-1815
-2160
-2355
-2549
-2760
-2804
-2696
-2396
-2014
-1626
-1310
-1030
-758
-409
23
431
752
931
999
959
888
818
744
578
335
-36
-539
-1005
-1491
-1907
-2284
-2599
-2829
-2994
-3106
-3208
-3228
-3105
-2882
-2548
-2184
-1803
-1459
-1140
-763
-497
-146
126
302
453
433
316
192
57
-52
-179
-415
-665
-900
-1110
-1231
-1278
-1288
-1329
-1357
-1317
-1220
-1036
-824
-542
-280
-91
72
257
464
752
1034
1293
1518
1607
1695
1717
1840
1995
2059
2167
2181
2043
1996
1906
1766
1806
1775
1730
1882
1796
1744
1831
1811
2173
2447
2636
2879
2777
2815
2938
2994
3167
3002
2452
1734
931
275
-99
-426
-802
-1345
-1988
-2559
-2953
-3046
-2844
-2591
-2374
-2243
-2177
-1965
-1637
-1157
-618
-110
203
444
635
701
907
1013
1087
1051
855
569
219
-172
-512
-882
-1264
-1596
-1951
-2268
-2493
-2691
-2777
-2746
-2710
-2543
-2341
-2117
-1814
-1575
-1253
-875
-589
-320
-84
66
238
285
190
270
225
130
32
-134
-202
-381
-547
-601
-697
-803
-809
-864
-833
-724
-683
-506
-376
-370
-199
-86
109
429
602
785
886
1009
1154
1305
1465
1633
1696
1726
1739
1777
1963
2119
2216
2305
2253
2229
2377
2538
2767
2880
2848
2822
2780
2902
3288
3724
3859
3630
2975
1970
893
-19
-642
-878
-1147
-1632
-2314
-3240
-3989
-4426
-4336
-3714
-3084
-2636
-2387
-2459
-2346
-1929
-1152
-126
707
1190
1236
1101
1051
1193
1531
1885
1950
1600
1006
227
-394
-779
-1028
-1249
-1610
-2183
-2802
-3291
-3553
-3545
-3439
-3144
-2966
-2810
-2608
-2362
-1912
-1429
-876
-447
-9
206
350
446
516
632
645
556
360
134
-113
-281
-447
-554
-717
-893
-1021
-1088
-1129
-1102
-1039
-979
-853
-775
-558
-408
-193
81
226
480
737
945
1204
1506
1640
1791
1865
1839
1972
2053
2179
2334
2308
2229
2300
2330
2493
2707
2817
2768
2633
2674
2791
3080
3499
3775
3845
3676
3217
2506
1663
729
-149
-783
-1314
-1749
-2184
-2848
-3666
-4374
-4688
-4397
-3690
-3016
-2541
-2338
-2307
-2036
-1465
-477
598
1389
1773
1689
1567
1647
1907
2250
2490
2382
1858
1114
400
-169
-601
-990
-1464
-1927
-2548
-3135
-3643
-3934
-3880
-3793
-3590
-3407
-3236
-3009
-2744
-2332
-1642
-1019
-491
-59
177
353
503
665
856
940
866
654
332
87
-104
-229
-318
-529
-719
-911
-1031
-1062
-1087
-1055
-1003
-903
-777
-578
-386
-185
111
353
642
961
1196
1386
1645
1807
1921
2075
2267
2429
2562
2656
2691
2618
2577
2704
2715
2787
2876
2947
3112
3275
3491
3727
3927
4009
3984
3608
2845
1800
482
-602
-1258
-1672
-1879
-2355
-3322
-4409
-5373
-5648
-5052
-4193
-3421
-3027
-3064
-2942
-2550
-1654
-313
863
1612
1911
1890
1935
2199
2600
3076
3247
3046
2485
1744
1083
466
-103
-599
-1164
-1838
-2553
-3297
-3913
-4281
-4404
-4293
-4124
-4010
-3795
-3550
-3150
-2582
-1824
-1003
-376
125
419
672
973
1253
1432
1641
1521
1219
881
538
245
107
-127
-390
-633
-996
-1214
-1393
-1419
-1359
-1316
-1232
-1215
-1136
-941
-669
-306
201
579
845
1120
1297
1664
2034
2384
2729
2855
2863
2971
2969
3101
3165
3032
3026
2869
2769
2920
2907
3063
3205
3283
3697
3847
3733
3324
2195
1080
71
-648
-813
-1116
-1599
-2376
-3556
-4600
-5164
-4944
-4247
-3569
-3213
-3148
-3231
-2999
-2294
-1136
88
1088
1654
1760
1852
1963
2333
2862
3304
3454
3132
2528
1738
1004
397
-39
-401
-968
-1686
-2614
-3591
-4224
-4441
-4430
-4190
-4066
-4011
-4048
-3968
-3541
-2787
-1870
-1050
-424
-46
132
367
765
1225
1566
1702
1534
1133
745
410
231
44
-107
-366
-750
-1084
-1381
-1498
-1463
-1417
-1246
-1185
-1203
-1052
-893
-532
-65
394
830
1192
1537
1819
2070
2411
2661
2915
3124
3214
3298
3306
3164
3092
3017
2895
2993
3053
3024
3094
3069
3184
3586
3806
4046
3909
2980
1853
459
-667
-979
-1175
-1206
-1611
-2868
-4193
-5364
-5670
-4968
-4092
-3387
-3218
-3488
-3557
-3224
-2189
-709
602
1431
1794
1791
1870
2167
2714
3348
3768
3785
3310
2543
1618
958
353
24
-299
-983
-1937
-3062
-4002
-4553
-4731
-4565
-4310
-4267
-4346
-4472
-4290
-3711
-2780
-1752
-863
-266
71
325
682
1205
1638
2052
2090
1841
1473
1037
732
479
258
-18
-333
-755
-1146
-1461
-1567
-1543
-1509
-1472
-1429
-1382
-1271
-953
-521
4
602
1070
1435
1681
2011
2395
2770
3236
3504
3620
3638
3582
3509
3458
3398
3273
3093
2975
2835
2861
3011
2988
3124
3288
3255
3214
2598
1728
819
-205
-574
-851
-1233
-1702
-2728
-3697
-4345
-4664
-4360
-3961
-3688
-3492
-3610
-3438
-3043
-2277
-1250
-318
520
1013
1266
1482
1774
2174
2691
3091
3274
3007
2494
1820
1196
772
409
60
-545
-1391
-2384
-3293
-3906
-4207
-4228
-4221
-4323
-4379
-4447
-4334
-3892
-3210
-2377
-1626
-1022
-574
-216
137
570
1064
1428
1656
1611
1390
1108
799
616
388
205
-72
-452
-935
-1205
-1460
-1575
-1475
-1479
-1420
-1439
-1473
-1190
-765
-175
462
935
1338
1642
1923
2397
2943
3593
4044
4284
4305
4078
4172
4127
4086
4191
3948
3804
3832
3601
3816
3921
3579
3594
3010
2193
1513
337
-429
-905
-1625
-1861
-2495
-3405
-4094
-4951
-5157
-4825
-4466
-3949
-3714
-3696
-3403
-3011
-2188
-1175
-235
625
1127
1490
1766
2141
2610
3033
3387
3536
3401
2967
2368
1834
1315
876
434
-236
-1046
-1949
-2904
-3623
-4139
-4436
-4589
-4780
-4968
-5035
-4976
-4721
-4132
-3445
-2696
-2014
-1428
-903
-340
288
827
1308
1693
1794
1808
1739
1625
1483
1348
1100
703
266
-77
-469
-719
-882
-1133
-1383
-1661
-1826
-1896
-1789
-1548
-1159
-741
-299
118
494
884
1411
2018
2669
3332
3774
4127
4412
4596
4986
5270
5425
5594
5455
5432
5612
5647
5687
5360
4369
3154
1716
537
-79
-585
-1177
-1963
-3146
-4315
-5277
-5866
-5818
-5528
-5338
-5174
-5132
-5160
-4864
-4215
-3253
-2127
-1118
-347
250
742
1256
1944
2800
3490
3963
4047
3883
3597
3176
2912
2657
2370
1867
1124
212
-728
-1583
-2338
-2876
-3304
-3814
-4344
-4819
-5206
-5387
-5249
-4928
-4525
-4091
-3751
-3322
-2879
-2286
-1571
-825
-104
378
766
1066
1293
1589
1811
1951
1983
1869
1570
1291
955
736
641
461
207
-185
-644
-1018
-1200
-1214
-1024
-767
-644
-487
-341
-108
319
839
1408
1938
2422
2873
3300
3761
4337
4829
5268
5722
6123
6475
6603
6411
5968
5063
3837
2807
2049
1510
1058
350
-757
-2045
-3480
-4341
-4555
-4433
-4393
-4587
-4998
-5358
-5498
-5317
-4656
-3894
-3165
-2605
-2128
-1872
-1630
-1147
-376
617
1500
2012
2135
2003
1768
1896
2244
2599
2720
2522
1964
1335
811
459
264
46
-186
-644
-1220
-1756
-2202
-2425
-2500
-2492
-2422
-2485
-2705
-2924
-3036
-2973
-2722
-2410
-2175
-1954
-1849
-1695
-1516
-1213
-787
-392
-53
137
337
453
531
613
658
690
834
946
927
854
562
512
681
737
1026
1213
1178
957
853
801
986
1113
1247
1298
1290
1267
969
954
879
1063
1131
1210
1280
1390
1536
1650
1692
1662
1554
1519
1580
1477
1568
1362
1382
1347
1159
1033
683
497
398
227
197
157
-22
-93
-370
-462
-488
-568
-596
-745
-893
-1037
-1189
-1269
-1297
-1416
-1502
-1611
-1557
-1451
-1527
-1473
-1480
-1498
-1433
-1402
-1203
-1153
-1065
-920
-806
-637
-595
-528
-369
-213
-14
149
202
280
179
116
107
86
118
14
-196
-398
-646
-861
-939
-1006
-1068
-1192
-1333
-1498
-1549
-1562
-1451
-1187
-1107
-1008
-948
-842
-696
-508
-252
51
167
281
364
406
457
654
856
1034
1102
1019
1013
965
1060
1132
1299
1372
1442
1387
1406
1525
1683
2045
2315
2577
2852
2977
2958
2836
2752
2752
2724
2646
2474
2255
1873
1597
1346
970
798
632
363
115
-106
-312
-469
-624
-709
-832
-983
-1162
-1224
-1278
-1269
-1241
-1258
-1295
-1310
-1306
-1340
-1220
-1134
-1117
-1083
-1059
-1054
-1037
-1012
-1078
-1082
-1046
-1010
-1024
-1047
-1030
-1041
-1050
-1092
-1093
-1023
-943
-880
-928
-1005
-1016
-1037
-944
-934
-963
-953
-1034
-1045
-1103
-1111
-1101
-1083
-1045
-1078
-1017
-973
-889
-766
-681
-453
-259
-109
57
103
212
284
448
595
775
911
945
996
1085
1142
1273
1332
1453
1563
1591
1762
1905
2092
2358
2629
2834
3014
3311
3394
3362
3309
3088
2935
2755
2736
2644
2512
2144
1684
1355
959
790
550
358
129
-14
-251
-660
-1026
-1309
-1443
-1606
-1620
-1585
-1722
-1845
-2025
-2127
-2137
-2042
-1893
-1741
-1648
-1641
-1543
-1592
-1546
-1515
-1371
-1217
-1151
-1042
-1048
-1035
-1058
-1031
-937
-808
-681
-570
-502
-515
-560
-456
-393
-188
-191
-46
-73
-277
-47
-22
-154
-299
-258
-447
-560
-526
-645
-792
-780
-726
-774
-817
-716
-763
-642
-446
-404
-312
-255
-106
-14
173
357
427
473
557
574
728
944
984
1212
1317
1491
1500
1586
1666
1739
1945
2117
2308
2573
2858
3097
3217
3425
3539
3521
3440
3193
3195
2969
2838
2699
2435
2287
1910
1511
1180
801
457
132
-174
-280
-514
-821
-1174
-1562
-1829
-2082
-2125
-2129
-2163
-2351
-2488
-2617
-2679
-2712
-2605
-2431
-2423
-2369
-2394
-2271
-2204
-2155
-2057
-1864
-1612
-1320
-1154
-1038
-982
-1031
-867
-669
-478
-241
-149
4
-20
-18
117
179
259
306
301
287
226
176
150
79
22
-52
-115
-166
-250
-321
-356
-455
-460
-469
-451
-487
-548
-593
-581
-555
-491
-396
-400
-323
-268
-196
-126
64
229
347
493
601
835
963
1173
1440
1540
1765
1973
2125
2441
2669
2830
3209
3493
3684
3556
3582
3388
3141
3189
2884
2817
2589
2312
2029
1464
1191
858
607
413
91
-306
-565
-924
-1147
-1339
-1578
-1718
-1973
-2168
-2322
-2443
-2496
-2568
-2629
-2583
-2633
-2648
-2570
-2582
-2416
-2327
-2136
-1911
-1820
-1670
-1572
-1435
-1169
-935
-741
-578
-510
-378
-363
-207
-6
127
267
265
197
179
93
80
67
-36
-46
-256
-394
-481
-612
-611
-718
-789
-862
-863
-836
-806
-800
-738
-695
-605
-453
-383
-342
-312
-243
-164
34
176
327
486
532
575
689
790
988
1147
1250
1405
1584
1701
1915
2154
2354
2713
3001
3131
3310
3444
3504
3604
3479
3447
3110
3003
2972
2606
2519
2119
1707
1437
1031
796
521
164
80
-190
-455
-644
-1050
-1356
-1617
-1778
-1842
-1993
-2127
-2353
-2647
-2811
-2847
-2852
-2784
-2795
-2798
-2841
-2862
-2730
-2603
-2476
-2264
-2091
-1918
-1734
-1548
-1266
-1056
-750
-500
-320
-96
49
277
557
631
743
805
781
781
679
590
535
353
243
24
-283
-560
-775
-953
-1037
-1091
-1202
-1345
-1555
-1653
-1673
-1449
-1260
-1061
-932
-941
-779
-588
-280
64
411
664
920
1102
1241
1512
1621
1873
1998
2106
2384
2482
2720
2855
2957
3111
3191
3314
3390
3336
3238
3045
2927
2720
2606
2504
2153
2073
1682
1408
1166
881
699
460
312
155
54
-202
-366
-619
-806
-991
-1116
-1161
-1287
-1404
-1589
-1822
-2037
-2172
-2248
-2230
-2350
-2449
-2543
-2711
-2757
-2785
-2673
-2604
-2549
-2451
-2352
-2216
-2040
-1957
-1785
-1553
-1318
-964
-738
-495
-272
-145
63
282
507
708
838
971
948
884
841
842
735
600
409
214
-18
-254
-401
-572
-682
-899
-1112
-1174
-1219
-1249
-1226
-1096
-1035
-874
-609
-432
-188
17
337
644
993
1272
1507
1893
2163
2470
2748
3044
3375
3472
3620
3730
3616
3579
3403
3191
3022
2669
2334
2064
1707
1523
1262
810
605
225
-42
-162
-421
-459
-498
-751
-819
-960
-1079
-1135
-1232
-1087
-1112
-1215
-1294
-1440
-1470
-1561
-1666
-1576
-1685
-1835
-1881
-1961
-1944
-1962
-1967
-1916
-1950
-1992
-1934
-1903
-1806
-1749
-1699
-1556
-1497
-1364
-1265
-1159
-964
-875
-650
-398
-295
-148
13
157
377
449
542
667
693
787
804
871
870
852
817
701
607
456
291
173
112
-71
-180
-288
-425
-547
-524
-573
-563
-400
-440
-316
-260
-133
153
536
838
1123
1496
1789
2361
2747
3188
3403
3632
3740
3909
3878
3669
3580
3206
3163
2843
2591
2224
1651
1225
875
510
244
-15
-341
-532
-810
-971
-1150
-1401
-1512
-1648
-1664
-1613
-1714
-1737
-1772
-1725
-1633
-1604
-1535
-1544
-1616
-1640
-1545
-1513
-1442
-1544
-1498
-1451
-1460
-1385
-1396
-1319
-1302
-1281
-1214
-1128
-1112
-979
-891
-798
-720
-704
-639
-478
-423
-359
-232
-167
-125
-152
-43
-24
64
132
132
251
262
0
-180
-165
-308
-169
-109
163
249
-83
-46
218
365
430
663
757
670
822
998
1083
1087
1113
1355
1619
1924
2217
2658
3110
3424
3926
4309
4553
4456
4128
3768
3531
3376
3207
3124
2622
1927
1036
30
-588
-894
-1295
-1611
-2148
-2662
-3303
-3930
-4105
-4215
-4130
-4084
-3982
-3796
-3773
-3716
-3318
-2784
-2262
-1511
-843
-284
-62
81
492
988
1615
2189
2464
2522
2266
1991
1956
1911
1884
1645
1243
712
23
-573
-993
-1379
-1720
-2029
-2455
-2806
-3346
-3782
-4017
-4131
-3973
-3911
-3819
-3684
-3620
-3438
-3135
-2632
-2064
-1517
-1011
-590
-227
179
690
1269
1682
2007
2335
2423
2530
2733
2956
3228
3379
3421
3416
3330
3346
3485
3682
3885
4012
4037
4203
4431
4865
5478
5819
5893
5735
4741
3088
1995
1129
711
899
510
-396
-2140
-4309
-5300
-5026
-4482
-3939
-4139
-4843
-5443
-5965
-5453
-4112
-2962
-2092
-1579
-1289
-1155
-956
-119
1280
2615
3415
3699
3686
3187
2896
3159
3734
4222
4024
3190
2087
993
228
124
108
-224
-997
-2190
-3302
-4036
-4599
-4669
-4487
-4627
-5023
-5629
-5995
-5985
-5602
-4804
-4127
-3651
-3429
-3232
-2817
-2048
-1038
-122
583
900
1014
1158
1482
2048
2569
2766
2581
2212
1785
1446
1355
1292
1225
903
465
122
75
259
583
915
1189
1410
1575
1974
2606
3519
4379
5121
5850
6582
7149
7376
7131
6022
4751
3951
3301
3242
2984
1734
-60
-2252
-3756
-4089
-3990
-3853
-4209
-5263
-6045
-6502
-6314
-5190
-4169
-3329
-2764
-2590
-2346
-1905
-927
420
1713
2656
3141
3115
2910
2861
3101
3559
3957
3795
3024
1934
967
331
3
-144
-503
-1350
-2401
-3417
-4156
-4524
-4663
-4726
-4846
-5107
-5456
-5531
-5385
-4901
-4308
-3814
-3291
-2941
-2560
-1947
-1304
-550
89
481
799
910
1136
1438
1731
1925
1891
1589
1226
872
714
660
575
429
199
85
67
258
743
1171
1569
1943
2182
2830
3566
4548
5467
6419
7259
7516
7602
6663
5210
4500
3681
3490
3694
2752
1416
-832
-3197
-3798
-4012
-3589
-3297
-4511
-5426
-6551
-7111
-5967
-4681
-3314
-2551
-2670
-2675
-2508
-1625
116
1862
3022
3461
3301
3119
3224
3768
4438
4852
4692
3871
2787
1678
1033
736
478
203
-829
-2260
-3482
-4467
-4772
-4800
-4736
-4979
-5645
-6275
-6633
-6232
-5431
-4472
-3770
-3614
-3667
-3441
-2723
-1469
-96
865
1340
1208
1192
1399
1964
2846
3313
3199
2573
1840
1283
982
1063
1126
859
439
-111
-486
-429
-155
439
829
1043
1276
1366
1973
2974
4153
5416
6317
6690
6639
6024
4863
4084
3698
3504
3756
3288
2055
177
-2117
-3381
-3222
-2742
-2176
-2775
-4187
-5353
-6353
-5736
-4073
-2533
-1686
-1956
-2570
-2717
-2128
-498
1514
2788
3213
2739
2126
2101
2677
3628
4319
4414
3629
2368
1243
671
658
807
768
30
-1318
-2751
-3729
-4082
-3871
-3637
-3500
-4071
-4997
-5632
-5970
-5181
-4178
-3397
-2975
-3234
-3530
-3294
-2423
-1023
105
619
692
314
290
668
1415
2194
2340
2046
1445
823
523
673
867
957
567
-14
-419
-451
-33
606
1041
1017
1074
1160
1818
2959
4253
5374
6026
6238
6133
5792
4988
4467
3908
3308
3227
2841
2010
757
-1191
-2538
-2894
-2914
-2422
-2617
-3425
-4337
-5442
-5414
-4393
-3118
-2022
-1788
-2095
-2352
-2183
-961
745
2107
2948
2896
2448
2301
2676
3484
4260
4223
3814
2698
1594
1248
929
1001
925
95
-958
-2182
-3142
-3251
-3508
-3411
-3441
-4059
-4630
-5303
-5369
-5205
-4778
-4017
-3847
-3756
-3629
-3500
-2904
-1993
-1009
-339
-140
199
328
500
1095
1598
1815
1783
1646
1257
1037
1005
956
880
586
342
151
220
549
663
999
1109
1094
1455
1976
2802
3878
4633
5310
5724
5868
5964
5225
4296
3597
2589
2369
2319
1951
1131
-670
-2529
-3646
-3962
-3349
-2762
-2953
-3679
-5016
-5833
-5370
-4019
-2349
-1329
-1244
-1694
-2182
-1767
-186
1666
3061
3683
3199
2677
2403
2822
3843
4505
4402
3586
2410
1267
819
774
928
345
-580
-1857
-3037
-3532
-3642
-3675
-3834
-4192
-4993
-5426
-5482
-5084
-4681
-4342
-4042
-3992
-3798
-3349
-2623
-1911
-1213
-755
-365
63
679
1171
1508
1838
1813
1839
1819
1912
1882
1693
1464
1053
681
556
507
470
553
559
554
575
578
740
1166
1628
2449
3340
4075
4753
5253
5585
5762
5167
4419
3705
2821
2763
2839
2779
2182
481
-1241
-2471
-3066
-2443
-1876
-1728
-2300
-3809
-4804
-4827
-3953
-2552
-1536
-1253
-1668
-2424
-2330
-1307
133
1474
2049
2032
1749
1507
1800
2585
3070
3382
3059
2431
2024
1670
1655
1706
1091
178
-579
-1551
-1619
-1702
-1982
-2294
-3150
-3885
-4245
-4337
-3677
-3452
-3633
-3630
-4190
-4161
-3755
-3021
-2201
-1937
-1596
-1523
-1484
-927
-416
62
569
736
856
778
808
948
941
1027
1048
883
791
660
477
500
558
639
784
882
1000
1112
1259
1716
2208
2937
3725
4347
4922
5169
5067
4397
3607
2987
2315
2287
2465
2351
1767
335
-1023
-1980
-2484
-2081
-1604
-1442
-1831
-2773
-3387
-3433
-3097
-2369
-1705
-1354
-1359
-1485
-1369
-878
-273
233
648
992
1233
1368
1605
1801
1669
1539
1321
1333
1515
1622
1658
1372
604
-139
-638
-1030
-724
-976
-1271
-1523
-2199
-2656
-2887
-2919
-2814
-2978
-2875
-2768
-3115
-2885
-2951
-2858
-2496
-2225
-1610
-1407
-1209
-915
-834
-433
-61
278
679
759
925
876
813
972
947
859
759
583
451
339
181
203
178
111
204
301
420
703
1074
1536
2071
2678
3288
3866
4257
4537
4531
4051
3682
3166
2699
2534
2535
2461
1910
1016
221
-686
-1372
-1487
-1478
-1425
-1629
-1968
-2350
-2722
-2772
-2611
-2317
-1890
-1674
-1520
-1351
-1070
-774
-490
-197
171
401
630
1016
1203
1235
1235
1161
1108
1079
1228
1387
1201
896
428
143
-355
-465
-649
-1053
-1137
-1459
-1607
-1693
-1926
-1944
-2288
-2550
-2506
-2797
-2479
-2299
-2093
-1927
-2105
-1935
-2048
-1905
-1316
-948
-407
-120
40
92
58
289
569
784
975
941
771
524
288
200
128
104
62
54
26
43
217
447
577
800
1149
1324
1775
2370
3020
3691
4131
4470
4330
3750
3349
2943
2836
2852
2855
2785
2144
1369
616
-66
-476
-696
-896
-1206
-1647
-1932
-2028
-2157
-2203
-2343
-2570
-2662
-2569
-2273
-1732
-1202
-847
-775
-799
-655
-324
297
874
1209
1393
1314
1253
1264
1320
1407
1494
1344
1056
815
706
538
317
-167
-692
-1021
-1335
-1231
-1101
-1145
-1391
-1769
-1944
-2037
-2054
-1800
-1887
-1851
-1787
-1753
-1452
-1260
-1006
-1042
-1204
-1169
-1067
-666
-281
-24
-45
-237
-453
-603
-596
-456
-410
-451
-514
-543
-497
-239
33
157
183
163
275
553
1007
1532
1903
2152
2216
2298
2540
2964
3505
3945
4162
4201
3731
3210
2611
2156
1975
1947
1919
1611
1102
378
-313
-805
-1081
-1295
-1395
-1698
-1967
-2106
-2161
-2174
-2117
-2128
-2206
-2261
-2082
-1739
-1278
-756
-374
-108
58
243
426
793
1090
1297
1478
1429
1390
1339
1235
1118
877
503
227
-53
-181
-244
-508
-884
-1233
-1569
-1858
-1858
-1819
-1725
-1674
-1639
-1601
-1658
-1645
-1560
-1539
-1405
-1162
-856
-548
-424
-293
-400
-555
-571
-549
-400
-316
-368
-545
-779
-877
-817
-736
-732
-746
-861
-916
-816
-599
-268
45
267
436
534
753
885
1189
1555
1901
2311
2592
2816
3007
3262
3489
3716
3850
3686
3282
2762
2183
1772
1593
1561
1327
947
500
-2
-527
-846
-1005
-1162
-1321
-1488
-1632
-1698
-1587
-1463
-1252
-1210
-1193
-1160
-1032
-710
-337
102
455
687
791
788
894
977
952
928
790
629
434
290
176
59
-112
-309
-557
-835
-1110
-1198
-1247
-1263
-1170
-1063
-1055
-1140
-1261
-1348
-1284
-1074
-906
-681
-567
-598
-672
-659
-612
-510
-371
-325
-377
-535
-635
-660
-514
-389
-285
-392
-569
-760
-800
-729
-590
-424
-308
-232
-290
-243
-135
65
217
402
647
734
867
897
1091
1332
1503
1689
1794
1875
1896
1998
2177
2466
2696
2861
2821
2622
2240
1820
1471
1204
1103
993
864
669
401
125
-137
-273
-427
-676
-855
-982
-946
-766
-499
-238
-146
-194
-299
-461
-405
-236
-53
94
86
20
-76
-176
-238
-199
-322
-523
-811
-942
-997
-956
-821
-680
-578
-616
-636
-745
-943
-974
-893
-750
-483
-353
-286
-369
-497
-467
-510
-488
-423
-519
-635
-767
-805
-741
-605
-485
-372
-455
-595
-658
-704
-630
-414
-215
-94
-64
-100
-126
-62
22
53
130
125
135
157
261
415
547
602
565
571
498
472
578
703
784
867
873
915
979
1082
1252
1377
1560
1675
1761
1831
1771
1719
1619
1530
1414
1281
1119
918
826
722
635
551
500
309
160
-89
-275
-413
-533
-510
-528
-512
-579
-640
-656
-688
-806
-823
-947
-949
-896
-860
-756
-673
-542
-472
-523
-574
-581
-598
-586
-459
-300
-151
-180
-311
-304
-362
-355
-323
-408
-510
-654
-759
-726
-677
-560
-535
-548
-579
-647
-662
-626
-515
-450
-389
-426
-442
-368
-280
-85
92
148
108
54
-10
59
205
389
564
660
652
581
478
451
439
514
507
521
485
417
343
291
229
262
279
238
230
208
222
285
543
871
1055
1225
1318
1342
1432
1507
1648
1660
1585
1452
1214
1121
1019
917
857
700
471
255
62
-135
-270
-423
-599
-856
-932
-990
-920
-756
-752
-717
-747
-797
-788
-726
-641
-563
-578
-500
-437
-394
-298
-330
-388
-398
-486
-515
-530
-589
-674
-706
-644
-592
-492
-383
-366
-379
-508
-510
-306
-247
-59
22
-38
-121
-200
-112
-36
73
71
-46
-244
-372
-390
-363
-253
-193
-155
-185
-201
-166
-134
-116
-57
57
124
157
249
293
290
354
393
514
548
535
427
278
235
299
435
575
656
604
538
503
551
685
901
1012
1086
1041
993
1038
1139
1256
1236
1174
930
783
673
594
578
480
290
39
-96
-193
-190
-180
-308
-456
-637
-732
-784
-776
-738
-738
-742
-797
-762
-735
-674
-618
-744
-873
-947
-966
-949
-862
-820
-788
-803
-832
-784
-697
-563
-506
-411
-303
-318
-276
-98
6
180
322
292
265
222
212
232
239
167
80
-37
-191
-293
-306
-351
-357
-353
-397
-466
-556
-579
-512
-435
-335
-263
-276
-249
-155
-9
181
307
424
492
471
567
653
789
864
826
808
778
730
817
903
894
871
803
687
584
510
485
428
334
249
281
399
527
651
771
754
755
715
698
635
564
423
344
312
232
198
139
100
1
-81
-186
-260
-371
-473
-655
-801
-862
-907
-908
-893
-874
-948
-956
-982
-994
-919
-892
-842
-782
-765
-710
-604
-444
-306
-232
-149
-139
-162
-208
-268
-303
-306
-239
-231
-183
-224
-164
-186
-200
-191
-139
-91
-80
-6
-18
-56
-27
-2
77
162
234
229
157
161
157
151
132
157
153
114
87
148
164
206
229
265
296
263
264
295
265
294
316
353
379
410
438
399
425
472
611
718
777
783
745
799
936
1086
1195
1304
1397
1340
1344
1242
1097
929
701
475
326
233
98
-2
-108
-272
-439
-521
-610
-675
-782
-910
-1039
-1077
-1092
-1052
-931
-768
-635
-571
-456
-306
-211
-90
28
1
28
-110
-223
-188
-232
-208
-207
-275
-413
-507
-632
-717
-798
-887
-986
-1033
-1071
-987
-817
-738
-638
-627
-482
-345
-205
-63
114
247
256
315
377
504
659
807
867
810
733
656
570
545
458
362
208
46
3
-106
-99
-143
-182
-217
-305
-374
-425
-369
-247
-65
50
157
275
388
545
786
1047
1235
1358
1429
1546
1693
1880
1994
2019
1977
1856
1628
1423
1109
781
469
127
-228
-467
-631
-653
-615
-679
-767
-884
-993
-1063
-1062
-1041
-963
-919
-842
-697
-677
-568
-446
-296
-145
-71
-32
-87
-191
-318
-370
-418
-398
-409
-443
-500
-594
-661
-709
-734
-749
-802
-869
-1036
-1183
-1314
-1272
-1086
-870
-585
-519
-462
-432
-311
-117
56
183
245
200
84
30
30
164
279
347
368
370
307
194
77
-3
-113
-185
-258
-329
-364
-325
-220
-169
-49
-6
63
250
392
533
701
809
950
1094
1170
1366
1611
1854
2105
2245
2392
2484
2526
2457
2264
2035
1558
1020
408
-87
-480
-811
-1071
-1243
-1415
-1493
-1458
-1427
-1307
-1213
-1163
-1120
-1016
-868
-716
-525
-220
5
300
610
922
1109
1242
1174
988
740
505
296
106
-7
-223
-440
-626
-737
-677
-545
-482
-477
-589
-905
-1217
-1413
-1607
-1676
-1682
-1720
-1673
-1501
-1282
-855
-532
-218
11
112
132
84
99
25
-65
-144
-198
-246
-209
-269
-258
-237
-284
-303
-270
-352
-351
-429
-440
-488
-591
-401
-192
94
284
434
653
836
988
1141
1232
1347
1413
1498
1597
1742
1962
2259
2486
2768
3049
3269
3339
3182
2771
2040
1170
262
-553
-1275
-1808
-2183
-2447
-2555
-2522
-2337
-2002
-1581
-1243
-1130
-1066
-1002
-986
-835
-573
-199
242
715
1168
1657
2151
2564
2721
2693
2476
1925
1293
705
75
-447
-922
-1304
-1578
-1664
-1667
-1564
-1398
-1227
-1179
-1278
-1348
-1493
-1538
-1638
-1605
-1502
-1519
-1337
-1030
-594
-76
184
429
478
417
364
24
-67
-278
-561
-767
-1065
-1120
-1128
-976
-778
-651
-559
-530
-527
-562
-555
-613
-599
-554
-498
-272
-18
330
668
977
1229
1389
1593
1675
1813
1894
1885
1923
2046
2309
2692
3050
3458
3829
4221
4435
4457
4081
3228
2096
572
-794
-2066
-3151
-3829
-4465
-4598
-4486
-4180
-3468
-2775
-1891
-1225
-890
-663
-557
-351
-159
230
727
1195
1794
2351
3030
3648
4127
4363
4172
3695
2771
1614
491
-577
-1476
-2228
-2775
-3137
-3317
-3267
-2995
-2638
-2288
-2020
-1922
-1922
-1885
-1828
-1724
-1536
-1207
-962
-557
-11
632
1350
1634
1916
1876
1548
1218
504
-31
-634
-1282
-1729
-2190
-2338
-2321
-2193
-1938
-1742
-1577
-1424
-1281
-1144
-958
-822
-718
-517
-372
-4
452
984
1534
1952
2360
2629
2873
3047
3069
2993
2885
2774
2755
2825
3096
3468
3963
4390
4789
4892
4460
3627
2214
431
-1414
-3209
-4863
-6052
-6990
-7351
-7064
-6410
-5153
-3812
-2327
-883
96
901
1452
1823
2081
2138
2229
2412
2586
2915
3430
3961
4366
4497
4256
3770
2852
1634
239
-1355
-2832
-4202
-5337
-5913
-6048
-5746
-5119
-4290
-3349
-2386
-1582
-786
-105
406
750
987
1133
1230
1384
1571
1710
1861
1824
1553
1295
714
116
-590
-1487
-2137
-2992
-3630
-3995
-4369
-4130
-3863
-3422
-2838
-2337
-1562
-956
-371
179
455
778
908
1046
1324
1649
2024
2323
2645
2952
3192
3362
3549
3748
3775
3786
3753
3705
3839
4058
4376
4816
5089
5070
4436
3121
1489
-767
-2903
-4953
-6799
-8060
-9201
-9564
-9170
-8052
-6096
-3963
-1620
547
2117
3249
3962
4476
4773
4696
4356
3919
3481
3181
3188
3444
3783
3812
3375
2567
1361
-45
-1586
-3200
-4649
-6118
-7403
-8218
-8403
-7794
-6556
-4891
-3006
-1187
413
1701
2737
3526
4069
4247
3973
3265
2640
1959
1307
1181
887
660
-39
-971
-1646
-2724
-3301
-3958
-4861
-5365
-6076
-6191
-6027
-5381
-3963
-2860
-1491
-292
722
1700
2379
2967
3255
3182
2781
2332
1926
1690
1713
1782
2156
2521
2829
3207
3514
3997
4279
4493
4632
4531
4634
4768
4935
5147
4809
3769
2231
-5
-2402
-4584
-6555
-7906
-9141
-9984
-9843
-9206
-7450
-5086
-2524
406
2531
4199
5306
5978
6478
6447
6030
5362
4407
3409
2683
2299
2250
2235
1974
1393
493
-742
-2043
-3496
-4947
-6292
-7687
-8550
-8784
-8322
-6948
-5136
-2924
-604
1525
3480
4957
5996
6634
6732
6305
5251
3867
2587
1048
98
-689
-1471
-1654
-2804
-3203
-3817
-4752
-4627
-5632
-5784
-6098
-6482
-5730
-5518
-4036
-2445
-1232
560
1601
2877
3752
4165
4513
4124
3495
2530
1493
619
102
-70
-9
335
742
1463
2190
2821
3725
4242
4633
4803
4734
5012
5223
5573
5931
5470
4479
2877
486
-1730
-3923
-5862
-7296
-8905
-9848
-10009
-9587
-7835
-5657
-3015
-60
2073
3932
5233
6102
6816
6757
6364
5585
4474
3289
2262
1591
1461
1449
1197
754
-26
-1092
-2153
-3373
-4594
-5693
-6907
-7861
-8470
-8315
-7135
-5373
-3196
-753
1470
3516
5093
6215
7131
7473
7095
5912
4191
2416
525
-677
-1776
-2492
-2882
-3862
-4129
-4684
-4881
-4618
-5104
-4980
-5347
-5601
-5310
-5240
-3954
-2661
-1252
497
1565
2945
3938
4525
5092
4790
4240
3156
1739
542
-531
-1048
-1197
-1081
-602
131
957
1869
2917
3929
4820
5316
5563
5744
5832
6138
6312
6082
5313
3932
1899
-574
-2828
-4866
-6399
-7739
-8966
-9330
-9437
-8472
-6596
-4298
-1242
1186
3252
4863
5701
6633
6998
6957
6635
5666
4457
3128
2024
1490
1276
1182
872
239
-722
-1817
-2921
-4061
-4980
-6021
-7042
-7792
-8228
-7807
-6632
-4803
-2429
-79
2231
4143
5522
6735
7543
7772
7325
6107
4438
2313
567
-989
-2071
-2687
-3689
-4212
-5099
-5768
-5636
-5920
-5597
-5453
-5769
-5531
-5596
-4842
-3518
-2242
-274
1110
2322
3483
4122
4828
5028
4756
4044
2686
1167
-217
-1275
-1692
-1680
-1354
-768
-96
723
1753
2884
3988
4893
5468
5763
5744
5851
6044
6341
6352
5637
4491
2506
134
-2069
-4260
-5749
-7262
-8632
-9271
-9754
-9028
-7421
-5243
-2240
345
2653
4508
5579
6660
7292
7464
7287
6350
5157
3808
2539
1798
1434
1238
1038
458
-448
-1472
-2538
-3578
-4580
-5652
-6725
-7707
-8490
-8493
-7671
-6148
-3928
-1625
680
2898
4590
6245
7456
8204
8146
7302
5790
3661
1847
69
-1329
-2382
-3612
-4386
-5332
-5936
-5945
-6086
-5668
-5537
-5546
-5370
-5478
-4852
-3932
-2736
-1047
345
1714
2888
3736
4602
5069
5058
4642
3543
2182
761
-428
-1140
-1518
-1544
-1283
-913
-249
657
1685
2826
3843
4595
5039
5252
5290
5624
6025
6444
6650
5956
4801
2906
706
-1238
-3278
-4845
-6470
-8078
-9004
-9592
-8939
-7416
-5320
-2517
-94
2014
3774
4988
6150
6889
7160
6999
6160
5056
3819
2690
1972
1553
1312
1068
564
-208
-1113
-2061
-3086
-4097
-5239
-6452
-7529
-8407
-8640
-8057
-6838
-4928
-2730
-527
1757
3818
5684
7097
8083
8290
7583
6385
4470
2632
866
-901
-2299
-3841
-4995
-6010
-6745
-6722
-6725
-6373
-5975
-5811
-5376
-5010
-4249
-3140
-2011
-661
530
1545
2586
3392
4058
4557
4543
4223
3459
2317
1375
429
-74
-324
-452
-265
-69
359
950
1697
2479
3240
3827
4257
4456
4717
5155
5601
6129
6151
5514
4306
2460
498
-1495
-3217
-4655
-6181
-7316
-8130
-8321
-7555
-6163
-4038
-1617
579
2509
3841
4875
5614
5971
6105
5757
5002
3938
2852
1989
1394
1096
1043
928
575
-8
-758
-1639
-2670
-3677
-4830
-5965
-7033
-7805
-7993
-7605
-6544
-4988
-3032
-988
959
2864
4482
5732
6639
6887
6691
5931
4705
3299
1740
260
-1099
-2405
-3509
-4412
-5115
-5627
-5941
-5975
-5988
-5821
-5592
-5156
-4522
-3777
-2807
-1797
-586
539
1558
2432
3145
3688
3912
3889
3525
2986
2476
1955
1514
1213
1068
1006
1021
1132
1356
1655
1939
2315
2620
2944
3266
3600
4034
4608
5183
5360
5053
4197
2744
1115
-552
-2188
-3544
-4940
-6004
-6795
-7066
-6448
-5420
-3759
-1781
57
1723
2882
3728
4273
4529
4509
4171
3591
2815
2037
1338
911
776
989
1168
1167
894
451
-154
-942
-1892
-3035
-4173
-5372
-6343
-7013
-7229
-6807
-5909
-4657
-3150
-1558
114
1699
2995
4108
4783
5062
4940
4317
3473
2390
1244
15
-1173
-2135
-2919
-3565
-4048
-4335
-4434
-4432
-4300
-4057
-3814
-3496
-3158
-2802
-2318
-1750
-1164
-479
241
843
1455
2004
2392
2724
2966
3184
3297
3317
3310
3243
3169
2962
2781
2634
2472
2308
2201
2280
2344
2563
2859
3249
3806
4239
4338
4143
3372
2210
881
-668
-2012
-3253
-4498
-5388
-6068
-6099
-5531
-4629
-3131
-1604
0
1353
2239
2859
3168
3383
3250
2834
2265
1560
991
537
377
531
892
1400
1689
1722
1678
1414
969
202
-709
-1803
-3005
-4148
-5269
-6006
-6352
-6322
-5913
-5172
-4196
-2989
-1776
-558
585
1559
2292
2733
2840
2627
2262
1702
1030
374
-243
-766
-1205
-1547
-1775
-1851
-1873
-1836
-1837
-1843
-1888
-1979
-2031
-2098
-2033
-1955
-1737
-1505
-1218
-777
-313
229
852
1452
2049
2576
2988
3243
3376
3411
3305
3185
2979
2732
2563
2355
2312
2314
2337
2565
2899
3276
3410
3459
3299
2849
2246
1475
825
96
-639
-1345
-2004
-2389
-2569
-2570
-2291
-1870
-1369
-994
-745
-580
-537
-470
-481
-595
-793
-1024
-1222
-1319
-1253
-975
-495
169
785
1286
1764
2113
2308
2324
2221
1893
1439
767
58
-653
-1269
-1849
-2301
-2603
-2824
-2877
-2901
-2707
-2413
-2095
-1666
-1257
-853
-588
-505
-449
-511
-594
-682
-828
-864
-863
-866
-816
-713
-554
-334
-199
-170
-179
-232
-364
-568
-694
-815
-918
-1001
-1103
-1098
-996
-931
-780
-516
-252
65
333
531
720
888
891
834
767
695
660
619
611
725
845
1003
1165
1351
1649
1982
2335
2710
3001
3233
3442
3650
3743
3743
3640
3420
3083
2691
2329
1925
1628
1253
822
326
-120
-629
-1020
-1326
-1554
-1706
-1919
-2101
-2253
-2319
-2276
-2038
-1749
-1397
-1144
-913
-746
-680
-607
-622
-650
-725
-809
-983
-1168
-1243
-1299
-1354
-1366
-1386
-1419
-1390
-1322
-1301
-1188
-1106
-969
-861
-787
-682
-679
-650
-643
-677
-662
-599
-532
-424
-318
-231
-142
-32
73
150
167
61
-114
-348
-612
-834
-1002
-1138
-1232
-1293
-1293
-1211
-977
-740
-398
-39
263
574
812
998
1172
1276
1360
1473
1507
1582
1590
1621
1718
1779
1940
2094
2221
2350
2411
2422
2445
2447
2406
2429
2334
2270
2083
1883
1645
1387
1174
950
793
550
323
107
-120
-270
-367
-465
-531
-613
-732
-849
-927
-1020
-1018
-1033
-1065
-1089
-1183
-1233
-1251
-1240
-1280
-1317
-1350
-1453
-1526
-1623
-1717
-1844
-1881
-1855
-1864
-1885
-1851
-1825
-1737
-1566
-1438
-1290
-1247
-1140
-1098
-1089
-1069
-1025
-904
-791
-615
-367
-122
205
623
909
1233
1438
1554
1543
1374
1204
890
569
243
-114
-447
-715
-903
-995
-936
-804
-559
-304
-54
153
392
517
602
718
765
899
956
1060
1133
1192
1313
1374
1466
1560
1609
1641
1691
1711
1663
1638
1540
1525
1394
1323
1248
1112
1027
912
835
775
797
708
655
572
604
629
643
684
670
559
450
317
55
-150
-324
-535
-782
-971
-1138
-1214
-1250
-1272
-1253
-1182
-1172
-1161
-1183
-1274
-1406
-1561
-1652
-1686
-1715
-1762
-1780
-1731
-1571
-1446
-1364
-1236
-1130
-1024
-934
-954
-887
-815
-783
-719
-602
-422
-257
-65
233
550
848
1020
1216
1207
1120
1040
842
610
320
69
-224
-558
-778
-938
-987
-886
-714
-538
-305
-18
151
323
414
592
728
804
833
875
908
1032
1152
1231
1404
1462
1532
1483
1356
1249
1080
971
755
603
417
201
9
-130
-80
-75
-113
-20
57
183
371
541
774
916
1060
1190
1256
1304
1379
1334
1287
1114
843
651
460
314
84
-102
-263
-455
-636
-722
-740
-749
-879
-1021
-1166
-1376
-1514
-1677
-1775
-1815
-1813
-1827
-1801
-1741
-1675
-1544
-1497
-1427
-1328
-1326
-1332
-1345
-1227
-1133
-1000
-849
-711
-542
-327
-26
283
541
817
981
1145
1144
1134
1114
980
816
639
519
262
102
54
30
33
72
146
225
239
274
279
260
219
173
134
111
133
167
266
405
631
763
943
1091
1122
1151
1056
893
723
522
328
193
32
-124
-263
-343
-413
-352
-253
-92
134
263
429
598
730
906
1020
1138
1157
1114
1004
847
673
473
273
79
-65
-218
-349
-505
-549
-530
-524
-511
-556
-588
-683
-813
-860
-961
-1047
-1068
-1066
-1065
-1000
-894
-751
-632
-515
-490
-432
-427
-456
-490
-551
-630
-815
-917
-962
-951
-910
-860
-704
-537
-414
-143
67
245
492
666
787
807
827
806
737
698
680
636
573
556
569
493
444
435
365
318
221
130
-5
-34
-70
-49
34
143
292
452
602
788
902
1001
1010
832
689
508
361
185
4
-203
-306
-420
-465
-448
-385
-227
-79
134
276
469
542
667
809
878
961
907
823
679
532
330
189
95
-10
-120
-198
-317
-370
-392
-356
-264
-279
-311
-396
-540
-665
-747
-823
-897
-982
-1000
-989
-929
-845
-674
-467
-365
-306
-228
-212
-194
-128
-168
-186
-322
-476
-554
-663
-643
-601
-522
-433
-292
-89
87
319
460
727
880
955
923
906
918
781
655
544
462
271
189
86
-18
-85
-76
-156
-272
-339
-423
-377
-314
-104
116
308
465
593
702
907
1042
1123
1089
992
762
526
290
99
-92
-305
-414
-623
-722
-718
-671
-623
-444
-273
-226
-193
-212
-160
-72
-2
53
22
-27
-76
-114
-134
-111
-65
5
34
9
31
114
205
314
373
374
336
204
53
-90
-169
-290
-449
-617
-675
-749
-701
-639
-558
-416
-323
-274
-287
-283
-281
-259
-294
-360
-432
-554
-633
-662
-601
-493
-330
-150
-13
220
459
672
888
1146
1259
1286
1302
1241
1167
1022
875
678
444
285
109
-84
-224
-366
-504
-597
-668
-690
-647
-638
-484
-343
-211
21
205
433
643
730
838
872
831
765
652
457
266
137
-85
-298
-487
-622
-661
-643
-634
-556
-489
-405
-441
-429
-443
-420
-361
-387
-383
-406
-401
-420
-445
-336
-234
-102
-4
82
185
307
373
494
650
683
741
671
594
518
395
309
196
93
-8
-98
-193
-325
-300
-307
-303
-346
-419
-475
-533
-564
-646
-693
-663
-733
-754
-694
-699
-615
-485
-350
-168
71
301
538
698
926
1119
1243
1350
1305
1294
1184
1044
842
709
538
329
116
-53
-199
-350
-459
-558
-597
-642
-542
-452
-282
-138
38
135
270
388
508
655
612
596
522
402
265
105
-76
-128
-289
-415
-511
-610
-545
-495
-429
-363
-281
-240
-197
-127
-93
-25
-62
-67
-102
-201
-258
-316
-350
-378
-365
-349
-344
-285
-222
-126
-12
78
219
286
348
375
421
393
403
418
354
273
129
113
170
130
151
170
70
-27
-108
-175
-269
-366
-437
-526
-555
-622
-654
-682
-617
-588
-503
-341
-284
-185
-35
144
230
376
459
531
534
586
546
511
505
397
353
263
133
10
-85
-164
-190
-212
-184
-154
-106
-4
91
204
348
420
462
504
573
596
572
462
253
78
-110
-237
-376
-513
-580
-684
-762
-787
-791
-699
-599
-463
-312
-204
-89
25
110
171
206
202
200
151
42
-105
-183
-270
-294
-341
-371
-393
-428
-369
-293
-175
-92
-10
54
84
155
232
242
258
286
204
229
244
223
224
245
238
194
208
110
85
39
-10
-76
-150
-202
-276
-298
-293
-310
-316
-276
-221
-212
-114
22
151
225
223
222
237
264
233
265
249
238
160
64
90
102
126
145
142
124
137
116
159
260
292
330
357
420
459
449
480
526
585
561
552
447
264
139
9
-106
-227
-351
-484
-602
-655
-709
-717
-603
-457
-311
-187
-46
104
148
275
312
297
299
215
150
23
-79
-103
-214
-276
-332
-332
-341
-374
-309
-218
-131
-113
-38
3
31
74
99
97
71
7
-41
-57
-54
46
39
78
148
164
161
211
223
253
222
158
72
-60
-107
-185
-230
-250
-282
-278
-267
-236
-113
-56
20
68
116
143
116
196
216
167
190
164
121
106
111
141
138
133
128
182
175
184
225
247
309
272
293
329
295
288
305
332
389
364
353
295
176
91
-11
-106
-217
-370
-469
-613
-686
-711
-714
-676
-581
-502
-431
-346
-272
-188
-93
-40
-23
1
24
27
-54
-64
-64
-156
-144
-175
-172
-184
-224
-164
-175
-127
-105
-127
-118
-11
-5
-48
-45
-146
-77
-55
-73
-40
45
77
190
231
236
287
276
365
363
309
219
147
1
-96
-223
-309
-363
-429
-422
-421
-358
-295
-189
-176
-73
-54
-62
-30
-5
58
120
127
160
191
202
209
270
318
313
353
321
251
216
207
127
85
84
42
15
47
76
122
220
273
208
208
152
78
13
-35
-73
-145
-237
-375
-486
-526
-536
-522
-436
-426
-421
-391
-398
-339
-307
-300
-284
-295
-306
-259
-250
-246
-155
-124
-133
-139
-108
-66
-43
7
-15
24
46
49
78
120
159
207
176
147
76
46
28
-5
17
19
57
108
177
175
258
321
350
365
291
254
194
84
48
-47
-153
-185
-212
-192
-252
-273
-220
-210
-131
-181
-168
-243
-194
-369
-572
-485
-773
-573
-369
-211
-29
61
129
156
220
244
264
266
246
195
200
182
157
169
187
229
282
350
332
317
314
223
160
108
61
1
-97
-195
-258
-278
-275
-271
-259
-295
-287
-352
-419
-464
-546
-584
-609
-669
-665
-598
-534
-395
-356
-227
-130
-73
11
28
112
159
238
272
289
336
237
252
282
309
218
144
95
-11
-65
-135
-177
-216
-229
-210
-194
-203
-166
-112
-48
36
122
190
230
262
322
322
271
253
282
293
224
155
109
25
-90
-115
-178
-297
-348
-392
-460
-487
-470
-469
-430
-396
-357
-304
-208
-75
-53
9
151
149
190
201
236
311
283
307
317
291
356
399
392
355
359
290
186
115
68
60
39
6
0
33
80
60
-59
-170
-438
-637
-641
-647
-532
-368
-306
-204
-154
-128
-54
26
-4
-2
-3
-12
-12
-26
72
99
171
251
323
367
382
445
434
404
435
384
307
178
40
-93
-250
-377
-417
-416
-392
-361
-353
-265
-225
-154
-55
4
111
202
270
419
550
604
666
673
652
559
515
433
340
263
108
14
-105
-170
-272
-366
-410
-465
-521
-552
-502
-492
-354
-266
-150
-21
72
167
236
281
330
395
404
430
433
404
399
388
377
329
284
187
93
10
-22
-69
-78
-88
-136
-127
-132
-143
-59
53
81
35
-20
-102
-246
-361
-438
-499
-587
-604
-633
-589
-538
-447
-325
-253
-123
-22
72
143
235
352
429
504
548
532
531
476
458
388
270
214
61
-28
-159
-260
-282
-297
-312
-308
-385
-377
-291
-202
-158
-98
-76
58
166
242
338
384
428
400
421
384
350
337
294
272
172
71
6
-98
-193
-241
-268
-337
-380
-400
-385
-346
-249
-202
-108
-26
30
80
117
167
184
141
107
69
-25
-90
-139
-166
-190
-195
-208
-226
-240
-314
-352
-416
-384
-313
-323
-264
-224
-145
-92
-69
39
116
137
136
80
54
4
-30
-29
-107
-138
-127
-181
-149
-104
-126
-65
-77
-87
-55
-53
-3
88
135
156
153
137
78
57
16
19
-2
-74
-103
-154
-182
-155
-126
-46
6
99
152
223
287
307
323
365
368
384
307
288
285
218
166
118
57
1
-62
-159
-226
-277
-281
-415
-402
-431
-494
-467
-474
-476
-402
-326
-286
-200
-57
33
136
263
336
416
439
461
494
456
406
346
287
192
102
75
28
-64
-140
-184
-253
-333
-407
-439
-480
-495
-473
-467
-444
-405
-311
-252
-205
-136
-111
-42
37
72
73
113
148
232
270
258
292
291
366
364
377
385
330
247
192
179
132
55
17
-31
-104
-167
-238
-273
-321
-325
-336
-303
-261
-195
-58
-1
104
233
315
396
445
477
475
464
441
387
306
237
143
37
-32
-72
-111
-191
-227
-274
-321
-319
-352
-379
-444
-472
-494
-493
-471
-427
-430
-411
-378
-284
-162
-70
-14
27
80
157
192
244
229
253
266
225
246
248
202
163
141
122
75
62
-17
-49
-75
-160
-190
-237
-222
-236
-274
-312
-314
-344
-330
-279
-229
-180
-156
-86
-119
-73
2
47
86
100
143
181
205
188
183
151
135
118
62
10
-52
-120
-170
-243
-330
-387
-422
-457
-477
-464
-441
-417
-357
-267
-164
-54
98
183
277
353
448
500
472
436
328
226
88
-19
-119
-256
-343
-385
-418
-438
-397
-378
-364
-328
-316
-308
-290
-223
-254
-310
-238
-202
-156
-112
-80
-62
-18
53
74
96
85
42
32
18
8
-9
-12
-96
-101
-115
-130
-138
-99
-118
-104
-77
-81
-130
-150
-131
-177
-126
-151
-155
-138
-148
-158
-159
-165
-197
-189
-197
-174
-128
-99
-67
-21
2
-1
61
89
104
129
141
126
140
122
102
95
51
26
14
-53
-56
-75
-131
-108
-171
-220
-329
-314
-272
-274
-164
-126
1
144
260
397
507
573
586
634
539
468
404
294
129
-9
-111
-249
-294
-332
-375
-332
-328
-250
-190
-124
-140
-79
-35
-45
48
65
88
114
148
154
187
220
265
249
259
241
192
131
64
28
-78
-114
-178
-227
-244
-361
-350
-375
-382
-370
-347
-290
-246
-188
-162
-125
-37
65
19
35
79
70
74
46
35
-6
-39
-49
-65
-53
-29
-42
-33
6
22
100
162
182
231
260
271
265
304
253
256
227
197
160
122
114
56
26
-10
-44
-121
-157
-210
-214
-162
-113
-62
-16
65
162
312
364
437
498
549
532
470
382
257
145
-14
-130
-233
-319
-310
-341
-438
-371
-328
-271
-221
-171
-136
-117
-23
21
73
100
131
121
150
227
205
234
240
189
138
156
102
20
34
14
-42
-124
-160
-206
-277
-286
-281
-268
-222
-177
-138
-84
-34
42
28
84
119
137
170
173
150
115
116
21
-38
-101
-167
-169
-133
-139
-102
-49
20
76
131
187
187
226
209
245
263
267
255
240
232
127
83
75
48
28
-28
-82
-148
-195
-251
-231
-222
-222
-213
-183
-144
-77
30
153
244
281
320
356
350
347
350
248
206
136
22
-21
-95
-125
-163
-164
-162
-146
-163
-142
-119
-94
-71
-29
-41
-5
37
-13
17
35
33
28
82
77
100
158
165
147
134
69
21
53
-38
-45
-54
-59
-30
-61
-76
-75
-57
-28
-13
-2
10
15
48
37
54
46
10
-8
-9
-89
-150
-119
-142
-128
-130
-119
-104
-26
49
93
165
222
244
265
305
316
325
300
278
271
261
244
170
89
60
56
22
-37
-64
-107
-166
-150
-197
-162
-208
-181
-122
-65
-67
-22
91
117
146
147
152
115
103
103
125
86
41
-64
-116
-160
-167
-182
-128
-88
-92
-68
-54
1
16
56
40
37
19
-24
-61
-81
-105
-115
-82
-100
-98
-112
-20
14
35
60
47
48
-1
-32
-74
-14
-20
7
8
-29
-9
2
60
66
67
33
38
-6
-1
-34
-93
-106
-161
-185
-207
-218
-231
-212
-211
-198
-169
-128
-53
-5
43
131
130
180
176
240
232
186
164
161
189
144
163
141
150
158
86
41
18
28
30
-2
-11
-2
-43
-76
-79
-95
-95
-107
-58
-54
-82
-106
-81
-34
-75
-127
-138
-178
-207
-257
-310
-259
-252
-259
-212
-164
-133
-70
-23
49
72
115
129
111
48
-26
8
17
-44
-49
-78
-131
-132
-120
-95
-73
-72
-55
-16
-70
-71
-59
-80
-66
-69
-34
-29
-15
15
54
77
55
101
81
89
54
-2
2
14
3
-8
-17
-53
-44
-38
-27
-11
19
1
54
45
92
173
135
101
116
92
143
185
126
123
55
56
-3
-81
-109
-148
-159
-214
-207
-204
-246
-186
-139
-31
-63
-77
-3
-31
19
22
-33
-28
-18
-40
-45
-51
-113
-112
-157
-184
-235
-268
-321
-372
-377
-415
-394
-397
-356
-331
-288
-256
-171
-142
-125
-93
-68
-35
-46
-59
-77
-71
-45
-39
-44
-60
-56
-51
-39
-41
-31
4
-11
-31
-29
-71
-73
-1
-43
-13
-34
-43
-63
-108
-29
-73
-64
-94
-102
-114
-144
-101
-153
-118
-128
-68
-95
-33
-20
-18
16
40
100
120
146
132
213
288
290
270
279
279
240
219
218
138
18
-1
-72
-141
-199
-225
-197
-202
-157
-204
-183
-149
-152
-109
-120
-81
-80
-114
-120
-189
-223
-152
-96
-107
-79
-37
-68
-90
-94
-70
-74
-94
-110
-121
-144
-126
-115
-117
-118
-108
-90
-36
-35
-65
-53
-83
-85
-66
-111
-100
-123
-134
-153
-158
-137
-107
-62
-36
11
77
94
135
170
209
241
181
196
133
111
135
64
33
20
-5
-23
-46
-88
-122
-161
-151
-167
-141
-185
-196
-180
-235
-171
-157
-122
-126
-101
-68
-2
10
29
57
82
121
136
173
157
164
144
134
71
37
-10
-126
-83
-124
-151
-139
-142
-164
-187
-179
-154
-168
-250
-253
-250
-284
-269
-309
-286
-294
-281
-241
-274
-221
-179
-167
-179
-160
-147
-169
-194
-181
-239
-259
-211
-200
-157
-131
-120
-69
-21
-28
33
-7
-21
-2
-58
-100
-100
-134
-118
-154
-137
-94
-64
-85
-18
11
-23
3
15
77
89
94
39
35
28
33
24
24
-26
-59
-23
-71
-102
-145
-146
-174
-199
-188
-222
-215
-211
-213
-220
-264
-297
-262
-299
-262
-180
-183
-186
-164
-133
-139
-111
-104
-96
-80
-95
-47
-79
-116
-120
-130
-66
-96
-128
-99
-89
-60
-77
-58
-55
-50
-31
-51
-77
-122
-131
-146
-168
-169
-197
-159
-138
-112
-144
-142
-180
-210
-224
-255
-280
-341
-309
-342
-332
-282
-261
-220
-190
-123
-30
-15
56
77
23
35
30
-4
-1
-8
-107
-127
-141
-161
-145
-184
-147
-118
-60
-33
-25
7
6
48
24
56
14
-35
-38
-3
42
1
26
15
16
10
-8
-25
-103
-100
-144
-164
-89
-62
-31
-66
-38
-103
-108
-99
-87
-54
-18
-52
-23
-1
1
-9
-31
2
-53
-34
-37
-56
-77
-74
-126
-121
-63
-72
-27
-2
-12
-21
1
29
11
-2
27
-6
1
-32
-101
-62
-95
-71
-82
-124
-76
-85
-96
-113
-90
-155
-184
-210
-214
-208
-253
-234
-210
-148
-106
-5
27
158
178
171
203
154
141
105
107
75
12
4
-53
-101
-131
-165
-133
-93
-89
-105
-106
-84
-56
-37
-51
-45
-8
-1
-6
46
26
67
111
119
92
38
55
24
32
0
48
41
10
-1
-67
-83
-180
-199
-198
-140
-97
-52
-44
-152
-281
-374
-353
-358
-441
-567
-808
-1136
-1231
-1054
-611
-80
187
51
-417
-958
-1044
-675
-4
661
825
597
19
-475
-674
-485
59
647
812
633
108
-448
-586
-289
255
680
896
652
227
-118
-223
-11
288
556
652
470
249
148
228
405
519
558
460
431
530
624
735
802
807
713
597
452
390
520
539
562
413
191
58
-28
20
16
-76
-162
-323
-466
-519
-622
-665
-609
-715
-811
-955
-981
-938
-897
-868
-910
-992
-1095
-1048
-905
-754
-640
-571
-528
-565
-595
-527
-490
-381
-290
-227
-160
-115
-24
149
327
492
701
896
1179
1507
1726
2022
2203
2303
2495
2581
2750
2970
3254
3597
3860
4122
4379
4646
4928
5101
5084
4817
3632
1633
-757
-3275
-4973
-5668
-5449
-4480
-3970
-3992
-4605
-5423
-5523
-5124
-4053
-2316
-477
1384
2754
3665
4374
4669
4632
4373
3936
3561
3476
3453
3388
3036
2014
379
-1596
-3715
-5248
-6084
-6180
-5697
-5432
-5232
-5437
-5703
-5693
-5392
-4588
-3344
-1847
-438
803
1614
2207
2341
2089
1744
1230
778
519
272
-53
-674
-1647
-2696
-3733
-4310
-4303
-3882
-3086
-2244
-1456
-836
-309
310
1027
1759
2562
3531
4320
5079
5803
6372
6893
7267
7744
7995
8217
8481
8439
7715
5396
1693
-2839
-7497
-10435
-11582
-10828
-9104
-8151
-7858
-8534
-8993
-8616
-7457
-5110
-2000
1237
4107
6385
8138
9452
9993
9623
8581
7183
5968
5163
4481
3956
3062
1205
-1516
-4928
-7990
-10155
-11165
-10848
-9959
-8720
-7482
-6462
-5499
-4423
-3138
-1776
-276
1305
2907
4528
5837
6739
6961
6208
4840
3054
1405
111
-750
-1533
-2483
-3684
-5116
-6441
-7437
-7675
-7343
-6534
-5345
-4014
-2648
-1425
-203
939
1878
2701
3521
4181
4701
5172
5402
5361
5003
4427
3772
3150
2707
2481
2319
2253
2241
2211
2366
2765
3459
4388
5137
4978
3444
573
-2907
-6272
-8212
-8142
-6627
-4442
-2977
-2455
-2750
-3281
-3402
-2974
-1565
523
2798
4709
6097
7159
7717
7543
6479
4794
2845
1053
-135
-649
-509
-229
-553
-1806
-3756
-5952
-7597
-8293
-7948
-6671
-4922
-3252
-1990
-1086
-536
93
656
1101
1636
1963
2491
3093
3574
3936
3536
2646
1243
-373
-1738
-2729
-3120
-3423
-3750
-4098
-4627
-4951
-4805
-4335
-3490
-2487
-1630
-837
-157
542
1200
1620
1916
1922
1613
1323
1203
1374
1746
2080
2207
2092
1995
2031
2309
2815
3352
3854
4074
4250
4433
4960
5753
6727
7701
7676
6374
3304
-868
-5283
-8722
-10078
-9632
-7642
-5720
-4649
-4399
-4893
-5152
-4947
-3913
-1824
681
3194
5357
7222
8624
9341
9012
7673
5632
3313
1344
185
-148
39
57
-737
-2396
-4903
-7332
-9199
-10063
-9460
-8042
-5931
-3845
-2080
-565
514
1372
1869
2247
2673
3028
3498
4036
4417
4470
3950
2747
1054
-636
-2267
-3553
-4574
-5217
-5563
-5905
-5860
-5729
-5319
-4706
-4117
-3211
-2273
-1168
88
987
1846
2412
2533
2665
2638
2636
2762
2875
3047
3001
2833
2704
2618
2619
2785
2865
2834
2735
2477
2532
2865
3461
4445
5504
6497
7062
6487
4321
932
-3238
-7043
-9129
-9488
-7797
-5580
-4063
-3213
-3458
-3808
-4013
-3723
-2190
40
2437
4630
6372
7863
8849
8836
7845
5979
3589
1384
-186
-855
-533
-104
-236
-1201
-3238
-5571
-7762
-9026
-8917
-7925
-6152
-4148
-2173
-270
1199
2293
2886
2988
2836
2621
2595
3012
3386
3255
2457
490
-1496
-3212
-4373
-4412
-4380
-4031
-4036
-4246
-4218
-4157
-3352
-2321
-1144
-169
409
801
987
1235
1466
1661
1469
1104
745
542
711
1162
1692
2047
2132
1978
1825
1858
2277
2817
3282
3594
3572
3589
3638
4122
4853
5731
6811
7224
6661
4365
779
-3488
-7461
-9573
-9982
-8368
-6175
-4584
-3604
-3752
-3937
-4037
-3492
-1841
259
2653
4827
6784
8478
9458
9466
8263
6196
3591
1174
-493
-1235
-962
-749
-1152
-2327
-4347
-6476
-8387
-9381
-9106
-8133
-6360
-4240
-2095
145
2102
3460
4009
3929
3428
2915
2726
3079
3786
4305
4313
3493
1911
18
-1895
-3365
-4434
-5147
-5560
-5993
-6046
-5695
-5117
-4320
-3498
-2869
-2292
-1646
-816
291
1432
2447
2969
2987
2629
1975
1427
1111
976
1008
1015
1012
1003
1039
1112
1220
1193
1149
1088
1092
1439
1977
2765
3719
4717
5730
6756
7771
8290
7400
4996
1265
-3215
-6736
-8605
-8447
-6631
-4946
-3765
-3588
-4067
-4299
-4350
-3496
-1638
582
2551
4194
5743
7371
8584
8807
8064
6282
3806
1406
-386
-886
-519
-210
-406
-1765
-3830
-6110
-8175
-9233
-9159
-8256
-6554
-4452
-2375
-245
1427
2593
2992
2582
2081
1630
1688
2536
3653
4598
4798
3900
2218
108
-2026
-3642
-4920
-5562
-5753
-5721
-5278
-4664
-3904
-3269
-2842
-2579
-2388
-2006
-1131
191
1508
2702
3250
3065
2305
1274
469
-132
-98
270
645
1036
1265
1417
1527
1554
1539
1532
1529
1722
2141
2926
3999
5083
6182
7061
7854
8477
8138
6377
3343
-1050
-5439
-8385
-9563
-8290
-6238
-4420
-3286
-3391
-3677
-3994
-3806
-2463
-479
1677
3509
5234
6950
8533
9218
8905
7389
4705
1879
-698
-2148
-2228
-1712
-1282
-1687
-3269
-5280
-7462
-9012
-9332
-8783
-7121
-4922
-2681
-407
1408
2886
3802
3958
3725
3209
2801
2791
3046
3482
3785
3615
2686
1082
-923
-3033
-4811
-6132
-6677
-6578
-6036
-5266
-4382
-3602
-2979
-2446
-1942
-1431
-718
228
1190
2120
2765
2976
2684
2017
1233
453
-84
-205
-102
191
606
920
1105
1119
1220
1366
1598
1921
2255
2737
3367
4127
5040
6131
7467
8821
9553
8879
6323
2354
-2701
-7028
-9510
-9914
-8132
-6182
-4579
-3815
-4117
-4435
-4815
-4362
-2798
-743
1488
3649
5688
7687
9134
9535
8885
7008
4216
1345
-1001
-2181
-2158
-1818
-1438
-1927
-3440
-5527
-7790
-9304
-9658
-8943
-7258
-5008
-2564
-172
1900
3490
4383
4594
4181
3533
2876
2777
3065
3653
4191
4087
3263
1608
-539
-2744
-4719
-6057
-6638
-6741
-6310
-5618
-4866
-4142
-3418
-2825
-2306
-1824
-1172
-335
665
1873
2853
3343
3364
2884
2086
1152
372
-64
-192
32
378
751
1093
1441
1622
1722
1644
1612
1642
1880
2433
3353
4592
5826
7104
8234
9079
9198
7888
4956
920
-3881
-7590
-9526
-9571
-7759
-6137
-4686
-4275
-4578
-4697
-4849
-3876
-2082
52
2178
4069
5948
7720
9131
9543
8921
7060
4231
1479
-800
-1814
-1772
-1370
-1106
-1949
-3643
-5694
-7695
-8668
-8696
-7872
-6391
-4792
-2859
-745
1427
3366
4633
4968
4451
3410
2361
1848
2085
2958
3818
4002
3247
1620
-602
-2822
-4625
-5638
-6002
-6036
-5715
-5160
-4325
-3375
-2496
-1889
-1632
-1460
-1240
-772
72
1222
2315
2907
2877
2187
1114
16
-830
-1287
-1283
-780
-43
657
1321
1912
2247
2292
2198
2073
2123
2427
2947
3884
4997
6247
7392
8468
9293
9147
7355
3997
-306
-5071
-8546
-10267
-9799
-7892
-6224
-4745
-4447
-4519
-4579
-4553
-3361
-1564
667
2765
4833
6982
8933
10192
10304
9283
6818
3731
759
-1490
-2263
-2100
-1671
-1548
-2478
-4116
-6185
-8205
-9264
-9525
-8664
-6938
-4820
-2030
716
3134
4896
5511
5171
4134
2965
2276
2391
3166
4147
4686
4182
2871
819
-1419
-3347
-4891
-5770
-6363
-6589
-6445
-5909
-4984
-3957
-3050
-2609
-2542
-2509
-2238
-1384
-41
1540
2766
3507
3649
3173
2448
1637
993
388
2
-58
271
848
1452
1987
2205
1925
1450
876
520
762
1449
2695
4272
5810
7306
8553
9357
9005
6722
3133
-1459
-5970
-8621
-9431
-8109
-5961
-4376
-3521
-3795
-4248
-4570
-4227
-2739
-558
1683
3717
5660
7421
8932
9726
9450
8115
5602
2669
69
-1522
-1724
-1320
-927
-1207
-2465
-4363
-6525
-8241
-8958
-8766
-7667
-5947
-3836
-1427
930
2924
4270
4758
4391
3445
2422
1930
2140
3007
4024
4460
4027
2568
406
-1837
-3818
-5225
-6006
-6448
-6347
-5947
-5349
-4553
-3940
-3484
-3288
-3320
-3125
-2527
-1316
349
1987
3473
4256
4244
3624
2576
1580
821
323
263
564
1024
1465
1776
1837
1717
1339
964
733
729
1114
1834
3019
4459
5965
7347
8516
9155
8642
6536
3222
-808
-4789
-7390
-8378
-7577
-5921
-4703
-3876
-3838
-3912
-3976
-3716
-2570
-909
999
2872
4887
6951
8719
9666
9497
8186
5770
2896
365
-1193
-1488
-1263
-1120
-1545
-2893
-4837
-7029
-8647
-9322
-9091
-7903
-6186
-4011
-1655
576
2477
3743
4248
4029
3371
2709
2564
3035
3833
4575
4584
3660
1980
-157
-2193
-3876
-4992
-5607
-5940
-6001
-5948
-5661
-5242
-4764
-4278
-3872
-3401
-2822
-1807
-400
1312
2938
4056
4592
4437
3925
3121
2347
1727
1073
548
183
153
292
594
958
1152
1005
744
412
291
743
1751
3131
4591
5971
7100
8040
8633
8577
7221
4576
907
-3387
-6670
-8354
-8168
-6618
-5251
-4087
-3863
-4137
-4398
-4323
-3132
-1397
683
2570
4396
6169
7673
8772
8922
8126
6156
3484
923
-949
-1717
-1811
-1865
-2281
-3491
-5120
-6754
-8019
-8441
-8215
-7376
-6261
-4833
-2949
-808
1521
3518
4876
5241
4828
4130
3519
3456
3676
3998
3946
3186
1915
212
-1298
-2573
-3611
-4570
-5677
-6530
-7005
-6936
-6187
-4973
-3695
-2713
-2087
-1741
-1366
-542
744
2370
3860
4888
5318
5076
4298
3202
2058
960
-14
-695
-995
-889
-517
37
450
463
161
-204
-309
75
1085
2501
4132
5669
6987
8027
8759
9035
8268
6114
2968
-993
-4826
-7249
-8105
-7273
-5990
-4998
-4430
-4462
-4404
-4351
-3648
-2146
-394
1384
2913
4618
6360
7973
8895
8775
7533
5041
2289
-161
-1574
-1942
-1888
-1651
-1922
-2986
-4504
-6170
-7519
-8176
-8091
-7260
-5895
-3891
-1490
1058
3265
4650
5096
4615
3710
2817
2423
2721
3404
3949
3839
2962
1536
-324
-2015
-3575
-4798
-5658
-6304
-6403
-6121
-5370
-4461
-3640
-3086
-2883
-2726
-2378
-1571
-151
1554
3157
4255
4564
4160
3317
2313
1347
625
58
-374
-500
-441
-77
523
990
1170
1007
759
668
911
1686
2779
4048
5304
6298
7108
7695
7902
7398
5467
2462
-1347
-5137
-7583
-8473
-7461
-5671
-4190
-3173
-3083
-3294
-3431
-3076
-1964
-390
1369
2994
4675
6185
7451
8089
7705
6319
3949
1452
-554
-1609
-1609
-1148
-711
-852
-1940
-3599
-5437
-6873
-7409
-7132
-6156
-4771
-3101
-1266
523
1963
2855
3110
2655
1912
1214
941
1313
1961
2607
2647
2022
891
-625
-1939
-3066
-3725
-4094
-4303
-4317
-4149
-3671
-3133
-2594
-2312
-2247
-2244
-2085
-1532
-605
593
1707
2392
2656
2445
1982
1431
943
564
252
126
186
489
1181
1935
2558
2832
2624
2241
1924
1885
2262
3138
4171
5157
5825
6175
6506
6427
5666
3730
813
-2597
-5964
-7946
-8395
-7138
-5238
-3847
-3008
-3063
-3204
-3202
-2540
-1101
656
2460
3881
5157
6307
7236
7693
7258
6008
3908
1496
-446
-1561
-1768
-1524
-1293
-1635
-2765
-4323
-5950
-7076
-7448
-7109
-6181
-4927
-3362
-1664
89
1645
2687
3160
2853
2263
1678
1475
1851
2475
3153
3292
2815
1702
222
-1189
-2391
-3196
-3682
-4029
-4222
-4202
-4023
-3733
-3408
-3249
-3213
-3208
-3053
-2365
-1273
59
1345
2354
2876
2845
2521
1973
1562
1314
1131
1173
1256
1422
1579
1699
1746
1723
1500
1351
1372
1625
2167
2774
3518
4145
4740
5319
5859
6215
5724
4040
1348
-1928
-5068
-6938
-7246
-6185
-4593
-3493
-2904
-2981
-3113
-3013
-2500
-1286
153
1631
3030
4391
5652
6684
7114
6785
5568
3557
1393
-321
-1225
-1237
-827
-622
-1062
-2380
-4114
-5810
-6968
-7254
-6785
-5768
-4447
-3047
-1595
-195
900
1718
2057
2068
1899
1776
2013
2439
3144
3641
3506
2871
1601
190
-1227
-2389
-3193
-3718
-4047
-4274
-4333
-4281
-4115
-3963
-3822
-3623
-3306
-2730
-1859
-774
447
1506
2472
3065
3316
3301
3025
2705
2274
1867
1634
1547
1583
1726
1826
1855
1655
1263
979
827
970
1377
1969
2783
3499
4236
5023
5668
5989
5517
3971
1496
-1482
-4308
-5928
-6200
-5267
-3892
-2993
-2533
-2587
-2653
-2604
-2192
-1208
4
1249
2429
3716
4953
5914
6271
5923
4896
3138
1250
-235
-1010
-1111
-919
-865
-1299
-2386
-3780
-5110
-6070
-6345
-6060
-5282
-4268
-3101
-1771
-459
695
1538
1947
1956
1801
1669
1761
2273
2923
3402
3423
2804
1729
464
-841
-1949
-2687
-3204
-3511
-3701
-3820
-3864
-3817
-3719
-3488
-3336
-3092
-2789
-2289
-1473
-385
791
1801
2507
2761
2723
2362
2032
1832
1749
1828
2052
2313
2509
2536
2443
2158
1828
1459
1176
1217
1441
1945
2554
3196
3751
4157
4672
4796
4368
2993
671
-2003
-4610
-6069
-6238
-5189
-3693
-2577
-1881
-1933
-2094
-2138
-1816
-959
131
1404
2558
3761
4876
5735
6056
5626
4496
2717
860
-577
-1292
-1238
-808
-485
-787
-1734
-3063
-4444
-5453
-5892
-5759
-5090
-4076
-2813
-1448
-128
974
1540
1610
1185
707
413
545
1163
2035
2799
2906
2229
1052
-454
-1675
-2616
-3141
-3233
-3326
-3280
-3192
-3059
-2935
-2848
-2821
-2871
-2864
-2587
-2043
-1193
-155
971
1842
2354
2499
2317
2044
1855
1762
1763
1963
2210
2407
2544
2510
2316
2078
1676
1353
1130
1095
1366
1858
2558
3261
3898
4443
4913
5044
4526
3128
879
-1701
-4032
-5298
-5232
-4134
-2681
-1822
-1548
-1868
-2340
-2630
-2366
-1425
-111
1271
2584
3769
4651
5349
5459
5015
3981
2446
982
-53
-345
-77
312
444
-82
-1332
-2887
-4350
-5252
-5511
-5187
-4411
-3493
-2527
-1612
-771
-22
451
387
115
-192
-275
252
1058
2076
2717
2654
1992
755
-498
-1493
-2078
-2313
-2400
-2467
-2555
-2672
-2707
-2668
-2630
-2630
-2732
-2832
-2762
-2253
-1461
-367
676
1453
1842
1891
1785
1726
1876
2051
2348
2607
2741
2645
2534
2417
2206
1974
1658
1351
1257
1430
1785
2406
3129
3770
4260
4741
5034
4912
4066
2218
-193
-2724
-4604
-5329
-4807
-3453
-2293
-1672
-1815
-2276
-2660
-2744
-2102
-966
416
1767
2870
3778
4561
5152
5235
4786
3715
2250
934
120
-102
82
345
312
-412
-1791
-3422
-4840
-5699
-5858
-5536
-4893
-4043
-3203
-2333
-1556
-972
-616
-485
-503
-560
-207
493
1520
2483
3076
3063
2386
1335
209
-715
-1301
-1668
-1847
-2011
-2189
-2434
-2658
-2831
-3014
-3249
-3402
-3431
-3258
-2666
-1864
-936
-96
632
1150
1536
1856
2182
2467
2739
2904
3021
3111
3090
3032
2890
2744
2501
2174
1894
1754
1775
1974
2349
2870
3368
3975
4528
4786
4470
3083
926
-1720
-3903
-5046
-5001
-3822
-2571
-1641
-1430
-1755
-2183
-2548
-2367
-1704
-603
608
1753
2875
3843
4750
5181
5165
4408
3105
1669
472
-42
-70
330
530
258
-669
-2236
-3908
-5303
-5978
-5979
-5483
-4701
-3830
-2919
-2166
-1473
-1031
-806
-776
-852
-691
-200
701
1735
2645
3151
2981
2194
1025
-132
-1028
-1606
-1844
-1965
-1993
-2085
-2223
-2342
-2524
-2632
-2812
-3025
-3196
-3045
-2456
-1517
-303
810
1698
2198
2346
2351
2308
2288
2315
2595
2799
2917
2963
2839
2707
2493
2300
2079
1759
1725
1919
2357
3161
3900
4604
5109
5293
4908
3691
1592
-955
-3287
-4850
-5221
-4491
-3314
-2358
-2078
-2363
-2899
-3464
-3529
-3076
-2027
-590
939
2314
3436
4249
4813
5045
4824
4089
2906
1818
1002
705
895
1202
1210
533
-759
-2560
-4400
-5727
-6352
-6146
-5370
-4323
-3368
-2707
-2237
-2030
-1852
-1725
-1641
-1427
-1001
-169
961
2059
2844
3151
2714
1724
448
-710
-1437
-1718
-1612
-1359
-1160
-1292
-1661
-2179
-2675
-2970
-3064
-2960
-2610
-2051
-1356
-641
81
707
1230
1541
1659
1721
1850
2047
2311
2570
2800
2916
2878
2723
2589
2458
2353
2361
2508
2776
3070
3473
3874
4386
4860
5024
4704
3692
1860
-513
-2813
-4523
-5006
-4379
-3237
-2213
-1882
-2287
-3136
-4023
-4416
-4050
-3016
-1506
131
1609
2690
3490
3878
4007
4011
3734
3185
2611
2007
1618
1625
1787
1917
1742
923
-419
-2253
-4048
-5155
-5468
-4902
-3888
-2859
-2248
-2200
-2592
-3211
-3540
-3543
-3084
-2294
-1332
-285
515
1117
1385
1360
1069
575
-31
-501
-742
-680
-448
-142
94
121
-116
-634
-1174
-1702
-1980
-1942
-1622
-1117
-593
-140
142
261
328
401
470
770
1108
1494
1821
2082
2320
2324
2278
2264
2366
2469
2623
2820
3037
3337
3621
3982
4356
4671
4818
4494
3542
1951
83
-1771
-3082
-3536
-3138
-2233
-1448
-1184
-1429
-2172
-3208
-3900
-4073
-3477
-2266
-804
669
1822
2388
2482
2209
1862
1583
1499
1650
1773
1860
1817
1681
1450
1117
659
-43
-915
-1859
-2730
-3245
-3278
-2886
-2244
-1659
-1377
-1531
-2059
-2619
-3039
-3097
-2842
-2296
-1473
-612
159
631
695
424
-11
-498
-819
-756
-404
149
626
715
547
177
-286
-788
-1099
-1172
-1118
-916
-728
-511
-364
-197
-108
-72
-70
-108
-160
-78
199
474
895
1158
1319
1295
1147
955
884
972
1163
1396
1622
1747
1669
1604
1518
1525
1640
1596
1619
1721
1884
2148
2243
2096
1678
965
188
-398
-583
-358
176
654
911
975
733
290
-82
-432
-646
-705
-618
-342
-91
93
68
-227
-793
-1403
-1945
-2320
-2349
-2125
-1683
-1253
-883
-726
-671
-693
-753
-810
-811
-743
-577
-245
158
598
869
912
658
278
-88
-367
-552
-653
-726
-803
-846
-864
-801
-724
-741
-884
-1208
-1561
-1701
-1671
-1400
-976
-440
-20
110
-13
-206
-429
-557
-414
-171
242
588
732
804
732
567
437
267
149
108
151
371
621
927
1131
1221
1225
1197
1143
1136
1207
1235
1313
1158
1115
1102
1199
1381
1446
1501
1422
1385
1437
1563
1811
1924
1853
1454
849
272
-138
-108
183
640
1045
1173
913
434
-245
-958
-1582
-1948
-2166
-2028
-1618
-1200
-821
-746
-905
-1274
-1653
-1904
-1758
-1194
-422
332
891
1197
1152
907
555
209
6
-145
-224
-169
-117
-118
-250
-470
-783
-1172
-1507
-1739
-1802
-1796
-1650
-1490
-1317
-1163
-895
-683
-519
-359
-355
-379
-377
-402
-308
-51
196
437
505
433
254
36
-170
-273
-277
-155
-1
76
114
162
159
250
315
441
572
749
1001
1108
1199
1184
1099
1000
922
855
957
1068
1177
1162
1060
885
759
831
1005
1413
1783
2129
2455
2620
2713
2726
2439
1892
1239
586
128
-60
88
393
549
371
-159
-950
-1846
-2579
-3011
-3040
-2701
-2063
-1352
-777
-439
-419
-531
-690
-753
-641
-316
217
700
1077
1340
1379
1268
921
464
-74
-516
-890
-1090
-1106
-978
-823
-802
-907
-1137
-1442
-1705
-1954
-2025
-1960
-1737
-1406
-1048
-681
-355
-249
-345
-470
-584
-627
-654
-575
-395
-192
114
378
550
627
517
309
29
-176
-236
-104
144
407
545
643
566
390
151
-86
-302
-396
-374
-206
159
520
895
1022
1032
809
599
477
489
760
1140
1614
1965
2243
2268
2205
2080
2009
2064
2273
2629
2915
2906
2505
1704
596
-440
-1256
-1621
-1626
-1353
-1076
-980
-1145
-1516
-1977
-2441
-2604
-2503
-2042
-1379
-667
-35
361
513
462
371
316
359
526
680
712
609
339
-11
-318
-633
-812
-1002
-1127
-1321
-1474
-1670
-1877
-1976
-2007
-1831
-1643
-1422
-1200
-990
-832
-710
-605
-439
-172
124
366
566
648
737
722
687
641
492
294
80
-99
-253
-286
-277
-234
-230
-329
-444
-521
-689
-727
-783
-803
-642
-417
11
385
778
1008
1140
1040
935
881
926
1123
1389
1553
1605
1618
1456
1296
1101
1036
1075
1232
1514
1754
2037
2195
2232
2185
2229
2175
2105
1797
1178
344
-515
-1259
-1704
-1664
-1345
-1032
-946
-1081
-1405
-1850
-2187
-2272
-2107
-1553
-899
-98
489
944
1082
888
657
326
147
107
173
193
165
25
-211
-551
-808
-1170
-1612
-1906
-2236
-2340
-2237
-1941
-1526
-1167
-832
-580
-382
-330
-265
-252
-211
-98
95
468
756
977
997
733
323
-82
-465
-701
-782
-829
-791
-734
-715
-768
-821
-926
-1059
-1147
-1084
-889
-679
-299
92
446
813
1035
1080
1002
806
678
601
714
986
1234
1455
1479
1366
1130
968
848
921
1098
1372
1634
1805
1993
2095
2162
2180
2118
2017
2038
1983
1941
1779
1229
451
-479
-1453
-2019
-2091
-1761
-1212
-796
-622
-706
-926
-1201
-1251
-1138
-820
-369
112
437
657
681
498
278
-31
-303
-494
-727
-885
-1019
-1189
-1176
-1124
-1089
-1104
-1190
-1367
-1569
-1696
-1590
-1270
-836
-439
-96
103
151
74
-35
-92
-117
-31
109
204
232
104
-68
-325
-576
-747
-892
-906
-935
-976
-1008
-1019
-944
-847
-774
-667
-485
-327
-119
125
377
624
742
752
723
651
653
595
643
795
938
967
1010
1026
1010
1028
1015
1124
1212
1292
1271
1294
1226
1228
1186
1093
1225
1208
1342
1532
1693
1882
2001
2031
1820
1372
789
107
-541
-920
-1040
-831
-480
-162
-65
-201
-462
-803
-1112
-1314
-1295
-1188
-898
-528
-327
-369
-513
-729
-1014
-1110
-1040
-923
-829
-765
-787
-814
-807
-714
-563
-436
-460
-657
-936
-1148
-1341
-1381
-1225
-1021
-785
-573
-483
-498
-613
-806
-898
-893
-772
-572
-310
-37
69
69
-12
-263
-411
-544
-585
-549
-495
-405
-290
-169
-54
29
52
-5
-138
-217
-233
-88
171
450
741
833
753
627
493
474
547
698
912
1080
1179
1250
1275
1317
1286
1281
1189
1041
971
976
1042
1160
1302
1402
1510
1632
1770
1948
2121
2210
2094
1756
1144
386
-312
-715
-727
-498
-240
-31
-101
-398
-777
-1155
-1393
-1563
-1556
-1434
-1150
-734
-341
-175
-117
-257
-487
-599
-695
-586
-419
-331
-257
-306
-336
-373
-506
-709
-939
-1224
-1462
-1594
-1622
-1514
-1372
-1252
-1164
-1073
-1010
-1015
-989
-816
-571
-261
-15
159
303
281
271
203
127
95
109
125
218
308
247
146
-108
-400
-704
-791
-729
-619
-424
-267
-214
-252
-292
-292
-236
-37
230
531
785
1079
1311
1475
1637
1650
1644
1521
1348
1277
1205
1137
1186
1236
1263
1239
1155
1030
917
821
919
991
1280
1653
2005
2325
2336
1953
1241
302
-637
-1317
-1552
-1381
-1031
-584
-277
-160
-168
-232
-378
-516
-603
-665
-603
-501
-268
-114
2
115
41
10
-165
-392
-671
-978
-1198
-1297
-1312
-1230
-1043
-993
-1049
-1236
-1469
-1772
-1988
-2025
-1939
-1717
-1343
-920
-475
-170
-39
-41
-100
-129
-150
-184
-126
73
254
472
627
640
447
122
-273
-652
-1019
-1199
-1236
-1222
-1117
-1035
-998
-939
-910
-830
-639
-443
-162
189
513
856
1077
1226
1287
1320
1287
1239
1240
1221
1285
1320
1316
1239
1220
1157
1081
1015
966
948
1053
1206
1370
1507
1653
1740
1739
1824
1851
1896
1927
1901
1732
1332
831
129
-581
-1147
-1455
-1422
-1173
-796
-452
-236
-167
-234
-296
-280
-279
-250
-270
-284
-290
-358
-366
-428
-460
-514
-680
-940
-1195
-1475
-1811
-2020
-2118
-2055
-1955
-1872
-1819
-1846
-1796
-1672
-1548
-1304
-1067
-860
-655
-468
-192
0
226
440
543
566
471
260
-57
-395
-653
-779
-748
-634
-570
-648
-850
-1122
-1355
-1422
-1325
-1085
-754
-325
89
450
748
935
1096
1169
1151
1234
1231
1214
1202
1248
1303
1249
1279
1266
1196
1101
1026
927
969
998
1072
1189
1257
1387
1420
1459
1450
1491
1541
1639
1726
1693
1664
1630
1581
1495
1369
1222
1033
751
403
66
-269
-486
-591
-603
-516
-470
-330
-269
-271
-244
-321
-453
-558
-715
-846
-958
-1093
-1173
-1262
-1344
-1493
-1674
-1918
-2223
-2444
-2572
-2561
-2411
-2190
-1995
-1723
-1512
-1256
-990
-787
-563
-378
-164
-39
60
115
125
126
77
-22
-173
-302
-408
-478
-603
-715
-869
-937
-985
-948
-845
-720
-574
-451
-316
-148
123
393
622
817
873
833
791
753
758
824
942
1047
1114
1006
853
724
588
579
677
827
958
999
1067
1083
1121
1120
1212
1298
1357
1446
1409
1421
1405
1389
1397
1365
1367
1365
1360
1317
1224
1122
899
674
405
91
-178
-372
-412
-351
-320
-209
-184
-210
-184
-231
-260
-346
-423
-525
-568
-775
-1023
-1366
-1697
-1997
-2232
-2226
-2235
-2101
-1986
-1975
-1940
-1971
-1918
-1874
-1746
-1521
-1257
-987
-653
-396
-243
-226
-285
-374
-548
-599
-639
-607
-439
-242
-186
-232
-395
-567
-753
-870
-833
-694
-413
-185
18
175
244
289
297
342
323
358
438
573
725
789
844
848
852
784
718
679
686
738
755
748
702
613
534
505
486
592
753
838
939
947
999
985
972
992
1091
1214
1287
1412
1408
1426
1411
1402
1334
1250
1201
1103
1121
1171
1135
1136
1040
802
535
216
-79
-341
-443
-526
-545
-607
-689
-735
-836
-960
-1112
-1273
-1371
-1415
-1465
-1474
-1531
-1552
-1572
-1622
-1569
-1566
-1502
-1378
-1260
-1100
-1044
-1018
-1002
-1064
-1192
-1245
-1221
-1306
-1302
-1257
-1229
-1187
-1089
-1003
-900
-771
-682
-609
-446
-327
-238
-89
37
151
278
355
428
417
402
414
339
340
344
418
373
358
371
332
351
263
257
239
255
319
365
425
562
657
689
759
746
791
836
864
943
1012
1122
1164
1172
1127
1131
1086
994
1021
1004
1040
1077
1122
1124
1180
1213
1196
1137
1087
1122
1102
1160
1157
1194
1110
946
843
675
529
263
-49
-304
-575
-777
-866
-928
-901
-881
-851
-861
-885
-859
-843
-835
-741
-666
-632
-584
-594
-669
-794
-1022
-1278
-1555
-1811
-1909
-1955
-1902
-1743
-1700
-1728
-1702
-1661
-1601
-1481
-1286
-1001
-652
-262
29
249
327
419
432
312
196
98
44
36
91
147
113
-90
-221
-337
-464
-535
-513
-477
-395
-302
-200
-108
-38
68
180
282
403
585
704
812
838
803
733
706
663
655
717
738
779
763
741
610
554
565
619
736
925
1055
1186
1193
1184
1101
1007
916
872
797
752
759
679
646
575
582
460
366
241
155
126
60
105
110
69
45
-5
-15
-33
-43
-25
-33
-1
-34
-150
-298
-521
-731
-876
-1066
-1174
-1285
-1420
-1493
-1624
-1713
-1801
-1797
-1737
-1619
-1482
-1308
-1093
-921
-621
-381
-145
-48
-8
-6
-21
-41
-134
-141
-236
-328
-421
-480
-564
-612
-568
-545
-542
-535
-541
-609
-620
-556
-520
-445
-303
-256
-135
-28
36
108
202
269
305
294
254
267
227
231
217
220
292
303
365
401
480
541
518
556
562
553
610
655
660
675
604
579
597
619
595
538
448
409
327
191
121
150
230
336
465
624
726
678
608
555
525
523
535
657
715
740
703
585
458
323
203
42
-52
-186
-290
-358
-429
-491
-544
-574
-626
-606
-563
-504
-445
-394
-320
-247
-214
-161
-197
-196
-207
-278
-249
-244
-258
-285
-305
-369
-386
-418
-499
-496
-558
-587
-620
-632
-666
-622
-644
-656
-552
-565
-529
-483
-468
-479
-456
-458
-423
-389
-375
-342
-359
-297
-186
-148
-107
-120
-111
-168
-176
-142
-130
-47
49
141
253
355
420
461
426
416
446
492
528
561
576
573
589
524
467
347
213
118
77
100
214
266
257
291
358
405
462
576
621
654
647
635
616
530
478
386
329
328
249
147
22
-94
-168
-199
-167
-107
-144
-131
-118
-84
-11
83
154
272
342
441
489
490
580
565
536
464
423
449
437
458
408
373
296
173
138
29
-81
-251
-373
-498
-572
-531
-480
-386
-316
-250
-219
-208
-239
-288
-302
-334
-360
-345
-327
-391
-496
-544
-601
-653
-716
-689
-681
-741
-730
-722
-704
-694
-623
-611
-528
-399
-269
-233
-142
-146
-142
-122
-92
-63
-17
-11
-98
-135
-167
-114
-136
-121
-173
-227
-259
-265
-191
-107
-19
50
159
207
197
215
259
246
228
128
10
-91
-170
-183
-142
-82
-63
4
-11
-4
-21
-30
-15
73
139
227
311
437
564
708
823
796
717
600
558
590
599
669
726
723
712
633
569
528
456
472
446
448
373
323
281
248
296
288
342
358
329
291
259
251
287
251
201
200
129
49
-76
-166
-257
-340
-385
-399
-416
-383
-276
-201
-91
-69
-97
-146
-230
-324
-312
-369
-340
-271
-270
-267
-342
-375
-528
-645
-766
-825
-856
-819
-734
-694
-651
-671
-588
-523
-444
-379
-374
-337
-354
-297
-193
-96
-46
-63
-202
-296
-455
-573
-554
-542
-493
-446
-458
-451
-495
-490
-388
-307
-195
-57
75
164
286
388
447
492
507
436
458
451
454
512
553
575
594
550
491
475
470
431
484
483
447
496
423
557
666
746
791
781
774
629
604
530
485
525
566
559
527
418
327
227
136
75
7
-65
-168
-105
-12
31
88
64
101
134
115
178
185
246
276
206
179
98
45
-42
-135
-182
-278
-333
-348
-385
-420
-490
-618
-672
-667
-603
-542
-476
-344
-284
-266
-266
-295
-267
-225
-283
-353
-413
-429
-486
-478
-458
-424
-342
-427
-445
-522
-559
-554
-580
-515
-449
-402
-312
-241
-148
-46
11
46
-36
-72
-122
-174
-127
-105
-71
-41
12
15
16
60
42
77
131
223
328
364
413
462
444
533
645
724
666
690
668
594
539
513
450
334
288
186
154
80
95
46
87
69
42
39
24
83
76
151
211
265
258
277
301
313
361
385
428
483
447
336
267
135
9
-76
-116
-204
-349
-376
-459
-488
-502
-414
-278
-225
-124
-33
29
72
146
198
281
267
240
217
154
74
148
163
152
117
-4
-79
-161
-248
-300
-291
-298
-358
-317
-227
-197
-177
-139
-121
-154
-94
-45
-29
69
119
113
144
78
96
122
93
126
169
169
138
97
14
-65
-140
-190
-177
-119
-38
-25
-58
-94
-108
-142
-181
-116
-112
-106
-74
-83
-98
-152
-218
-260
-266
-294
-314
-232
-156
-45
49
63
82
63
72
28
50
35
21
11
53
81
75
52
-5
-57
-31
-106
-121
-198
-201
-252
-276
-174
-186
-102
-87
-50
7
30
60
86
185
203
188
188
188
146
63
-7
-1
-24
-42
-88
-115
-122
-147
-141
-144
-144
-171
-204
-286
-291
-222
-144
-52
25
100
49
74
-14
-66
-20
-17
18
140
208
225
306
300
340
300
265
312
293
259
213
211
247
210
200
166
120
48
-43
-110
-144
-157
-172
-247
-322
-296
-276
-309
-260
-286
-267
-204
-186
-100
-73
-24
1
22
35
30
6
-18
-60
-31
-72
-175
-222
-308
-389
-427
-478
-566
-645
-620
-662
-705
-618
-661
-590
-483
-445
-304
-203
-176
-68
38
53
154
218
265
275
252
200
122
44
1
-13
-43
4
-11
-78
-91
-63
-112
-142
-164
-122
-54
-11
83
139
201
226
219
162
124
119
65
37
68
72
128
150
191
227
253
271
305
337
353
354
326
374
351
323
366
355
333
307
244
165
66
1
-41
-76
-58
-57
-74
-111
-142
-146
-154
-76
-38
-24
-2
101
205
327
422
472
540
462
426
334
248
187
144
119
31
-37
-127
-262
-355
-469
-581
-645
-678
-671
-665
-603
-538
-416
-314
-267
-161
-86
-35
39
144
186
199
211
125
105
82
-11
-65
-119
-90
-131
-142
-109
-170
-168
-214
-233
-256
-218
-163
-78
4
61
65
25
69
50
56
55
6
-14
29
68
70
152
197
234
275
285
292
327
375
368
380
342
298
298
298
263
249
188
145
130
111
71
22
-31
-27
10
61
19
-9
-32
-27
-2
11
77
75
84
206
241
240
278
289
265
239
202
180
108
89
48
-43
-46
-130
-194
-205
-234
-360
-350
-352
-382
-433
-419
-393
-304
-242
-285
-231
-189
-115
-35
26
74
6
-14
-1
-33
-2
-30
-8
4
7
-20
-95
-146
-153
-191
-199
-120
-100
-33
-31
22
-4
23
17
42
47
44
74
54
64
26
-30
-45
14
52
123
147
210
285
295
310
293
264
213
191
150
99
43
68
49
-22
-23
-91
-113
-149
-180
-108
-67
-20
56
76
117
130
134
193
274
293
333
312
265
240
232
198
165
171
107
75
74
-8
-22
-24
-103
-140
-218
-173
-200
-247
-251
-283
-248
-347
-335
-302
-255
-212
-209
-175
-130
-107
-157
-180
-104
-67
-72
-42
-58
8
-24
-11
-60
-89
-96
-135
-151
-158
-100
-114
-124
-188
-200
-233
-234
-226
-237
-183
-138
-41
-30
-39
11
68
94
68
130
183
176
225
271
316
357
375
317
334
294
274
235
216
188
134
82
32
36
-71
-97
-168
-181
-157
-147
-59
24
130
127
146
159
120
117
146
217
251
291
293
285
244
178
139
124
106
77
8
21
-35
-97
-76
-145
-152
-190
-201
-209
-220
-226
-217
-185
-180
-148
-183
-161
-213
-154
-106
-103
-88
-93
-41
-5
34
-18
-27
-34
9
73
77
28
53
12
13
30
-7
3
11
58
-12
5
36
113
114
108
138
161
138
113
133
72
96
81
89
119
135
137
128
190
192
218
204
189
219
246
242
250
173
134
52
1
-19
1
4
-113
-121
-137
-117
-108
-120
-90
-86
-51
-71
-45
37
27
62
50
76
101
109
119
131
64
34
7
-43
-112
-156
-150
-173
-160
-233
-228
-213
-226
-268
-299
-310
-281
-233
-275
-242
-212
-198
-137
-97
-68
-37
-118
-108
-78
-78
-45
-64
-49
-98
-68
-60
-54
-63
-106
-156
-225
-201
-198
-189
-184
-237
-209
-147
-116
-68
-41
10
50
79
151
204
191
202
216
231
209
204
126
75
41
6
29
25
42
60
57
73
113
73
93
102
127
136
121
85
58
-27
-40
-72
-84
-102
-160
-193
-217
-221
-217
-197
-187
-192
-173
-118
-103
-9
10
77
74
73
47
35
-23
-21
-14
-17
36
-9
33
-30
-130
-176
-213
-267
-313
-314
-309
-329
-306
-318
-319
-272
-300
-262
-208
-186
-121
-86
-95
-12
26
61
43
24
55
-1
-47
-82
-105
-169
-249
-265
-278
-220
-292
-308
-246
-282
-206
-162
-116
-109
20
64
101
145
159
181
165
265
287
244
212
174
137
121
113
102
107
101
77
55
41
52
27
-11
-8
29
41
27
12
25
8
-5
3
-30
-44
-89
-93
-117
-165
-126
-161
-171
-151
-170
-169
-134
-112
-64
-53
-41
-38
-60
-14
-1
-26
-17
-23
-30
-42
-49
-123
-161
-150
-170
-189
-175
-134
-199
-221
-238
-243
-196
-179
-125
-109
-82
-33
11
37
31
-3
70
18
81
163
122
150
109
71
26
28
-65
-102
-103
-123
-103
-113
-123
-84
-151
-128
-80
-71
3
38
76
119
157
121
135
153
175
186
202
206
200
190
185
188
158
121
90
116
79
83
72
35
-9
-57
-113
-126
-187
-146
-96
-142
-94
-54
-133
-155
-125
-138
-89
-36
5
20
1
23
7
-27
-54
-84
-95
-137
-86
-44
-96
-110
-157
-184
-225
-263
-211
-191
-182
-195
-225
-266
-324
-381
-377
-311
-300
-254
-206
-224
-110
-85
-47
-42
-44
-27
-51
-8
16
20
92
92
65
50
9
27
24
39
31
27
-38
-29
35
-11
-24
-9
39
40
19
62
62
57
131
115
124
168
230
211
202
167
158
130
19
-4
1
-1
-2
25
-37
-24
-52
-45
-48
-91
-118
-92
-61
-68
-54
-131
-122
-112
-68
-64
-135
-145
-162
-157
-152
-130
-134
-144
-185
-219
-229
-211
-195
-209
-192
-179
-173
-230
-229
-185
-214
-197
-213
-186
-203
-249
-226
-202
-199
-251
-255
-262
-278
-266
-271
-233
-192
-177
-156
-118
-69
-58
-79
-76
-21
11
5
33
56
94
116
85
105
97
107
74
79
70
65
38
68
73
77
102
87
191
152
167
201
149
220
231
300
285
306
286
259
232
185
179
115
117
77
92
39
46
9
-1
-2
-17
15
-22
12
31
38
51
64
85
72
51
62
9
-85
-100
-121
-170
-194
-198
-253
-322
-269
-283
-336
-274
-266
-276
-273
-286
-266
-271
-253
-214
-193
-183
-216
-255
-308
-284
-267
-216
-173
-222
-209
-241
-271
-293
-320
-333
-285
-260
-228
-148
-95
-73
-57
-78
-100
-84
-98
-88
-28
32
70
98
89
88
67
42
42
60
81
87
74
72
82
97
151
151
182
226
223
230
232
311
366
349
294
253
255
174
104
60
49
50
51
11
58
40
-16
14
52
102
82
142
144
189
203
243
231
273
236
204
211
192
134
32
30
-9
-19
-86
-73
-101
-138
-172
-208
-226
-214
-236
-236
-215
-251
-245
-216
-215
-197
-257
-293
-274
-317
-310
-291
-282
-219
-195
-256
-288
-335
-333
-401
-358
-340
-323
-236
-220
-191
-156
-112
-117
-104
-111
-147
-100
-86
-52
-30
-27
8
-12
-39
-61
-39
7
43
54
79
65
128
167
199
193
280
299
277
317
310
296
288
312
316
326
268
274
258
256
222
187
198
144
163
119
93
113
77
107
74
125
149
172
224
211
245
241
271
238
238
278
252
232
135
117
103
-2
12
48
31
22
36
22
37
1
-59
-60
-80
