85
-16
-49
-43
-37
-4
43
71
76
46
6
-10
17
19
-8
-2
-17
-60
-45
-3
-1
10
-4
-14
10
4
12
28
33
17
24
8
38
24
13
54
30
-12
-15
-31
-51
-5
-15
32
7
-7
-1
-6
11
34
75
63
34
21
16
-2
-8
14
27
52
46
10
-39
-64
-45
-49
-44
-18
18
42
-6
-29
-44
-37
8
77
144
159
102
20
17
-70
-86
-3
33
11
-58
-95
-185
-180
-84
-67
-56
-30
-97
-165
-176
-158
-109
-64
-59
-26
-106
-160
-175
-188
-121
-85
-24
-9
1
-25
-71
-67
-69
-49
-7
7
-31
-62
-151
-181
-149
-122
-36
-20
23
-6
-30
-63
-95
-5
46
90
148
89
14
-77
-96
-44
17
76
33
27
-13
-132
-147
-23
6
56
39
-59
-134
-141
-74
-85
-59
-52
-47
-103
-123
-120
-100
-76
-50
-13
-52
-43
-21
-8
-8
-14
-34
-25
-23
-36
-41
-73
-74
-107
-98
-71
-78
-40
-54
-18
-38
-68
-66
-31
-9
-3
13
69
50
29
20
-18
41
63
97
92
54
62
10
-1
11
26
46
13
-32
-60
4
-5
-14
-5
-35
-65
-118
-107
-69
-18
-6
-14
-71
-72
-74
-38
6
18
90
3
19
-19
-33
27
92
122
164
84
-38
-10
-4
54
54
89
8
5
-25
-54
-79
-96
-97
-78
-22
-67
-92
-146
-146
-118
-84
-63
-29
-25
-69
-119
-160
-158
-148
-155
-133
-168
-195
-206
-258
-223
-209
-140
-122
-175
-199
-254
-277
-231
-277
-197
-189
-178
-141
-170
-148
-203
-160
-125
-88
-50
-81
-117
-138
-184
-185
-173
-96
-37
-60
-133
-165
-241
-224
-206
-150
-92
-103
-122
-210
-251
-315
-264
-138
-91
-75
-94
-79
-97
-108
-103
-110
-79
-76
-164
-222
-209
-209
-165
-159
-165
-139
-137
-177
-239
-220
-233
-184
-144
-81
-109
-101
-46
-150
-169
-99
-9
45
70
30
21
11
27
61
108
145
117
152
116
71
56
62
79
68
113
15
21
70
30
115
105
104
121
168
154
178
146
156
174
136
151
160
161
115
65
69
32
47
23
43
36
10
-57
-76
-55
-44
25
-25
0
-64
-147
-212
-149
-115
-134
-103
-109
-122
-152
-142
-138
-151
-140
-183
-295
-272
-302
-294
-307
-277
-300
-321
-331
-431
-411
-420
-441
-417
-411
-411
-477
-493
-451
-457
-446
-449
-437
-383
-406
-435
-457
-432
-438
-455
-450
-478
-481
-476
-432
-452
-469
-455
-449
-426
-391
-380
-378
-376
-343
-280
-301
-263
-251
-151
-68
-42
-3
24
122
182
214
235
293
378
465
545
594
602
734
835
958
1079
1076
1146
1179
1299
1381
1471
1530
1498
1484
1420
1357
1413
1393
1482
1558
1514
1455
1314
1273
1199
1237
1282
1242
1166
1004
816
660
422
276
140
-25
-175
-488
-705
-901
-1023
-1114
-1219
-1233
-1263
-1336
-1349
-1323
-1260
-1216
-1133
-1028
-924
-845
-803
-813
-781
-755
-725
-752
-769
-795
-927
-989
-1141
-1242
-1365
-1462
-1535
-1630
-1717
-1830
-1886
-1880
-1883
-1878
-1862
-1846
-1765
-1665
-1571
-1441
-1334
-1252
-1141
-1010
-823
-582
-408
-304
-281
-298
-235
-147
-73
20
89
104
34
73
59
118
347
468
563
686
879
1064
1277
1436
1616
1737
1893
2010
2150
2260
2294
2371
2401
2429
2484
2562
2672
2730
2766
2777
2795
2891
2886
3009
3085
3020
2886
2522
2107
1658
1061
421
-262
-920
-1457
-1825
-2114
-2352
-2641
-2986
-3210
-3203
-2940
-2612
-2092
-1672
-1391
-1113
-894
-535
-58
500
943
1217
1359
1332
1257
1212
1199
1219
1077
751
378
-127
-679
-1087
-1430
-1732
-2014
-2316
-2687
-2998
-3133
-3192
-3212
-3113
-2935
-2698
-2456
-2189
-1874
-1523
-1029
-608
-217
104
355
561
682
737
762
769
692
557
409
145
-169
-419
-715
-834
-987
-1197
-1331
-1444
-1576
-1555
-1522
-1405
-1236
-1188
-1101
-898
-659
-357
61
347
611
793
936
1190
1414
1701
2014
2236
2372
2404
2356
2296
2304
2262
2301
2460
2518
2489
2466
2383
2421
2577
2767
3016
3203
3379
3557
3652
3612
3285
2509
1655
725
19
-340
-596
-877
-1484
-2364
-3219
-3752
-3821
-3558
-3079
-2630
-2409
-2441
-2406
-2176
-1710
-929
-95
606
916
1007
930
963
1172
1493
1833
1917
1751
1268
636
161
-174
-378
-543
-867
-1319
-1908
-2413
-2799
-2999
-2999
-3023
-2977
-2963
-3021
-2939
-2821
-2508
-2071
-1594
-1147
-792
-615
-436
-173
74
370
556
615
669
600
425
277
102
3
-79
-153
-317
-516
-751
-935
-1066
-1079
-907
-819
-770
-735
-679
-601
-408
-141
116
337
532
692
844
1088
1430
1772
2136
2358
2447
2546
2633
2792
2938
3117
3252
3342
3426
3513
3561
3719
3920
4115
4440
4557
4571
4363
3612
2544
1252
77
-547
-888
-1035
-1322
-2218
-3421
-4559
-5025
-4744
-4071
-3383
-2899
-2676
-2692
-2682
-2404
-1610
-520
583
1397
1811
1767
1555
1526
1781
2346
2888
3078
2646
1801
834
117
-240
-346
-469
-905
-1586
-2421
-3199
-3645
-3772
-3723
-3575
-3430
-3410
-3480
-3477
-3290
-2774
-2100
-1431
-892
-508
-320
-190
26
389
737
951
1026
928
748
509
318
219
117
-13
-166
-432
-690
-922
-1044
-1098
-1055
-858
-726
-732
-668
-611
-373
-91
225
632
968
1339
1608
1775
2111
2371
2743
3220
3549
3775
3723
3647
3573
3659
3989
4326
4532
4814
4961
5077
5325
5281
4941
3902
2183
625
-559
-1034
-1102
-1349
-1918
-3248
-5055
-6169
-6293
-5653
-4752
-4163
-3658
-3331
-3414
-3302
-2775
-1665
-155
1216
2229
2609
2377
2110
2236
2789
3658
4242
4211
3519
2390
1240
498
139
23
-201
-800
-1785
-2880
-3874
-4549
-4802
-4797
-4546
-4326
-4446
-4673
-4756
-4468
-3697
-2727
-1780
-974
-546
-296
-4
371
899
1430
1776
1911
1791
1471
1104
686
542
425
301
60
-394
-882
-1246
-1460
-1564
-1445
-1282
-1209
-1267
-1304
-1199
-937
-562
-6
575
1135
1595
2013
2386
2745
3127
3616
4054
4386
4584
4626
4569
4633
4656
4716
5034
5224
5479
5776
5919
5957
4912
2861
1012
-411
-883
-775
-790
-1183
-2697
-5245
-6716
-6976
-6336
-5394
-5044
-4468
-4072
-4533
-4643
-4262
-3195
-1389
288
1707
2404
2081
1571
1682
2471
3855
4920
5094
4556
3446
2266
1561
1232
1078
1106
642
-366
-1524
-2782
-3891
-4433
-4661
-4386
-4074
-4428
-4855
-5378
-5532
-4937
-4121
-3078
-2073
-1577
-1300
-962
-740
-63
689
1276
1813
1989
1825
1423
983
737
853
941
899
624
-3
-583
-1032
-1274
-1158
-999
-1050
-1161
-1405
-1615
-1415
-1163
-644
133
609
1124
1501
1702
2257
2857
3467
4233
4609
4657
4677
4603
4767
5255
5749
6321
6722
6937
6930
6686
5436
3399
1730
305
-135
-156
-475
-1089
-2830
-5490
-6754
-6988
-6476
-5698
-5581
-5125
-4812
-5455
-5586
-5033
-3912
-2101
-518
787
1570
1255
1008
1547
2582
3951
5062
5223
4764
3969
2945
2527
2348
2097
1983
1396
306
-808
-2157
-3301
-3910
-4314
-4388
-4531
-5026
-5508
-5872
-5950
-5600
-5020
-4298
-3617
-2897
-2348
-1869
-1310
-719
3
690
1198
1596
1737
1474
1486
1412
1431
1445
1167
910
543
103
-154
-391
-575
-544
-757
-940
-1013
-1139
-1039
-793
-309
292
815
1299
1721
2172
2596
3116
3752
4390
4919
5281
5447
5644
5835
6033
6469
6959
7462
7578
6956
5275
3098
1245
-39
-423
-105
-283
-1037
-3331
-5880
-7095
-7362
-6705
-5828
-5339
-4681
-4805
-5617
-5792
-5338
-4064
-2007
-272
905
1179
316
220
861
2203
3761
4671
4929
4450
3351
2397
2058
2095
2327
2348
1905
963
-271
-1754
-2864
-3391
-3454
-3394
-3647
-4313
-5128
-5780
-5992
-5637
-4879
-4208
-3692
-3362
-3082
-2743
-2275
-1682
-821
180
770
1184
1116
791
746
917
1470
1922
1900
1633
1005
447
189
115
174
319
206
-119
-484
-879
-886
-541
9
859
1328
1487
1565
1802
2331
3205
4036
4807
5416
5584
5893
6344
6807
7539
8232
8468
8289
6593
4396
2624
1468
1161
1407
896
-45
-2251
-4854
-6045
-6318
-6018
-5493
-5277
-4989
-5176
-6101
-6388
-5990
-5028
-3420
-1651
-600
-172
-684
-775
-64
971
2111
3119
3558
3482
2880
2180
1915
1766
1844
2151
2330
1820
978
-228
-1250
-1927
-2229
-2281
-2285
-2594
-3161
-3878
-4512
-4801
-4685
-4263
-3605
-3093
-3034
-3095
-3283
-3202
-2599
-1774
-868
-176
-36
-172
-364
-358
51
681
1132
1508
1389
1022
682
507
648
969
1204
1240
1135
784
654
669
884
1275
1583
1727
1712
1680
1783
2174
2729
3193
3713
4101
4389
4808
5040
5508
6176
6445
6398
5568
4148
2972
1867
1364
1585
1574
1133
-195
-2189
-3368
-3811
-3773
-3253
-2897
-2751
-2801
-3538
-3927
-3690
-3414
-2708
-1882
-1067
-422
-652
-1013
-934
-662
-122
702
1271
1497
1128
411
25
-143
-235
-242
-210
-336
-570
-1080
-1504
-1835
-2061
-2043
-1825
-1480
-1372
-1392
-1444
-1445
-1273
-1067
-775
-334
-155
-62
69
-157
-285
-377
-376
-245
-243
-560
-594
-1393
-1959
-2009
-2363
-1818
-1549
-1387
-1541
-1864
-1934
-1657
-1202
-913
-685
-878
-707
-522
-371
69
40
461
786
1146
1324
1179
1375
1533
1915
2333
2415
2477
2560
2851
3379
3965
4291
4496
4605
4293
4181
3968
3811
3931
3995
3729
3838
3324
2710
2273
1597
1392
992
458
351
266
-241
-579
-1184
-1827
-2083
-2467
-2378
-2102
-2301
-2558
-2949
-3295
-3372
-3278
-3165
-2880
-2940
-3305
-3376
-3277
-3141
-2926
-2763
-2439
-2056
-1908
-1806
-1603
-1473
-1336
-968
-702
-356
-224
-362
-256
-221
-88
200
386
479
275
63
3
152
174
268
292
71
-112
-376
-485
-542
-536
-569
-556
-633
-842
-1100
-1213
-1104
-891
-821
-781
-657
-743
-575
-385
-4
452
783
1111
1394
1686
1881
2111
2582
3240
3770
4221
4594
4946
5217
5160
5179
4998
4821
4787
4424
4300
3899
3368
3050
2477
2096
1707
1147
712
409
158
135
-121
-581
-865
-1347
-1633
-1684
-1977
-2043
-2281
-2620
-2649
-2845
-3114
-3305
-3368
-3415
-3476
-3504
-3430
-3347
-3363
-3367
-3267
-2993
-2738
-2529
-2235
-1984
-1766
-1694
-1716
-1340
-1048
-740
-415
-346
-108
-167
-106
170
289
434
436
307
351
206
33
77
-27
-82
-72
-257
-322
-367
-640
-683
-775
-754
-667
-758
-789
-876
-1020
-995
-855
-678
-434
-339
-174
-35
131
495
784
1146
1543
1839
2297
2951
3508
4025
4570
5050
5374
5489
5379
5225
5117
4831
4659
4334
3948
3674
3063
2660
2283
1487
945
349
29
56
-219
-587
-874
-1381
-1797
-1978
-2280
-2170
-2032
-2316
-2592
-2917
-3198
-3189
-3140
-3040
-2942
-3128
-3348
-3300
-3244
-3092
-2879
-2793
-2588
-2421
-2342
-2198
-2023
-2034
-1951
-1587
-1376
-1051
-995
-1022
-846
-848
-556
-361
-178
-87
-173
-148
27
106
123
165
66
89
5
15
68
-108
-249
-290
-294
-119
-35
-31
29
-80
-106
-62
33
181
292
392
481
574
548
701
861
1058
1338
1426
1759
2136
2457
2998
3434
3923
4363
4504
4527
4436
4283
4222
4155
4226
3936
3674
3231
2582
2302
1747
1308
1142
760
614
531
-65
-250
-394
-838
-994
-1258
-1574
-1485
-1717
-1933
-1862
-2205
-2455
-2643
-2874
-2764
-2834
-3061
-2868
-2830
-2791
-2916
-2914
-2719
-2544
-2223
-1938
-1668
-1462
-1566
-1578
-1349
-1224
-859
-609
-611
-439
-648
-740
-591
-651
-521
-359
-307
-310
-510
-768
-789
-853
-723
-697
-650
-585
-792
-999
-988
-958
-692
-509
-487
-278
-432
-379
-232
-41
421
659
825
1066
1089
1190
1337
1481
1743
1996
2056
2269
2398
2721
3074
3407
4018
4205
4352
4373
3969
3855
3760
3537
3758
3455
3021
2718
2017
1797
1515
939
742
494
248
425
89
-205
-311
-755
-789
-745
-903
-869
-1032
-1464
-1472
-1730
-1902
-1927
-1990
-2079
-2249
-2533
-2646
-2612
-2688
-2722
-2736
-2785
-2778
-2443
-2501
-2104
-1985
-2000
-1537
-1454
-1175
-881
-777
-453
-203
-359
-65
-105
-163
4
-257
-127
-65
-341
-279
-345
-520
-641
-854
-907
-975
-1138
-1163
-1233
-1275
-1298
-1410
-1330
-1351
-1234
-1122
-1029
-672
-421
-283
-14
89
394
807
981
1505
1709
1674
2072
2288
2680
3328
3470
3922
4268
4202
4476
4477
4093
4108
3770
3353
3519
3065
2617
2382
1665
1584
1359
769
589
130
-118
54
-89
-260
-142
-505
-555
-537
-748
-676
-691
-845
-779
-957
-1210
-1468
-1625
-1673
-1748
-1905
-2028
-2009
-2090
-2245
-2360
-2454
-2465
-2519
-2276
-2163
-2022
-1866
-2118
-1833
-1780
-1563
-1145
-982
-786
-577
-679
-438
-219
-414
-246
-192
-182
35
-134
-187
-312
-568
-653
-724
-600
-754
-917
-1194
-1489
-1580
-1732
-1747
-1654
-1656
-1674
-1706
-1778
-1573
-1381
-1153
-686
-348
37
418
722
1073
1353
1773
2230
2772
3470
3858
4448
4746
5093
5421
5462
5449
5095
4879
4512
4158
3801
3394
2858
2347
1875
1428
920
363
-27
-305
-202
-189
-461
-497
-725
-1099
-1020
-1008
-889
-635
-862
-868
-872
-1193
-1267
-1272
-1392
-1392
-1507
-1737
-1760
-1896
-1991
-2011
-2072
-2081
-2098
-2051
-1964
-1931
-1745
-1865
-1616
-1528
-1494
-1189
-1091
-898
-675
-677
-602
-267
-394
-127
-1
-128
149
49
-69
97
-200
-274
-253
-458
-398
-491
-801
-751
-889
-1149
-1195
-1355
-1262
-1227
-1319
-1254
-1337
-1320
-1212
-1012
-740
-466
-273
-124
118
368
775
975
1395
1877
2067
2695
3319
3880
4465
4812
4813
5016
4999
4928
4846
4826
4532
4238
3939
3290
2804
2342
1719
1241
826
391
437
150
-173
-251
-825
-1124
-1251
-1525
-1316
-1261
-1512
-1512
-1808
-2179
-2120
-2256
-2106
-1885
-2012
-2043
-2147
-2230
-2146
-2134
-2092
-2051
-2011
-1922
-1827
-1714
-1674
-1629
-1646
-1536
-1485
-1270
-1155
-979
-848
-788
-704
-627
-559
-398
-146
-162
15
-35
-152
-83
-151
-212
-155
-310
-391
-406
-704
-676
-705
-921
-1006
-1175
-1190
-1110
-1238
-1159
-1274
-1289
-1180
-1151
-871
-706
-381
-256
-23
118
491
660
1115
1662
2033
2701
3096
3475
4128
4520
4683
4830
4613
4577
4496
4500
4491
4161
3878
3291
2941
2656
2226
1678
1209
924
654
556
86
-111
-497
-902
-1098
-1511
-1519
-1598
-1695
-1674
-1862
-2218
-2508
-2676
-2676
-2374
-2457
-2489
-2493
-2592
-2461
-2415
-2281
-1996
-1775
-1527
-1406
-1262
-1273
-1148
-1432
-1340
-1008
-1219
-768
-708
-373
-385
-755
-728
-819
-740
-593
-324
-408
-288
-709
-1094
-1047
-1224
-1034
-741
-786
-798
-1069
-1518
-1574
-1458
-1260
-880
-801
-933
-1221
-1832
-1595
-1519
-1178
-765
-759
-390
-356
-44
482
1156
1755
2194
2918
3858
4511
5562
6483
7325
8042
7987
7400
6436
5605
5308
5460
5911
5652
4292
2257
261
-610
-751
-847
-1006
-1780
-3059
-4397
-5245
-5303
-5166
-5042
-4725
-4459
-4343
-4347
-4463
-4167
-3603
-2684
-1282
-146
283
194
-97
99
1041
2077
2895
3248
3018
2766
2538
2522
2691
2837
2768
2567
2308
1469
512
-205
-900
-1070
-1201
-1824
-2675
-3993
-5280
-6061
-6306
-5953
-5936
-6192
-6393
-6790
-6758
-6090
-5519
-4776
-3899
-3370
-2791
-2264
-1756
-1143
-436
455
1212
1791
2205
2485
3007
3571
4087
4451
4720
4791
4962
5294
5544
5792
5964
6324
6791
7594
8490
9279
9809
9000
6717
4706
3104
2095
2504
2583
1986
-260
-4339
-6571
-7213
-6837
-5764
-5548
-5973
-7011
-8478
-8535
-7172
-5827
-3826
-1892
-1077
-451
-791
-545
1075
2887
5227
7039
7322
6745
5804
4982
5471
6303
7000
6835
5521
3664
1834
384
-178
-402
-658
-1507
-3003
-4619
-6431
-7745
-7986
-7792
-7329
-7081
-8181
-8685
-9181
-9356
-7608
-6294
-4951
-3982
-4119
-3653
-2881
-1900
-24
1147
1985
2533
1956
1834
2116
2229
2973
3208
2813
2182
1095
634
763
1210
1605
1544
1219
816
521
926
1513
2343
3164
3777
4676
5565
6896
8305
8793
7431
5686
3976
2708
3315
3925
4133
2462
-1346
-4168
-5314
-5231
-4305
-3704
-4129
-5162
-6864
-7717
-6638
-5588
-3739
-1879
-1353
-1075
-1453
-1371
-178
1488
3471
5230
5628
5071
4313
3552
3867
4759
5814
5949
4817
3245
1407
566
417
699
981
-144
-1828
-3571
-5035
-5771
-5744
-5532
-5629
-6311
-7676
-8247
-8664
-8195
-6824
-5913
-4954
-4750
-4978
-4407
-3498
-2112
-476
590
1114
1264
966
1027
1388
2151
2711
2585
2308
1614
1074
1242
1721
2240
2347
2095
1837
1690
2018
2791
3604
4583
5344
5926
7062
8080
8934
8194
6076
4506
2843
2630
3356
3451
2630
-560
-4237
-5798
-5917
-5061
-4042
-4422
-5460
-7062
-8580
-7859
-6348
-4513
-2568
-1890
-1834
-2049
-2098
-937
1108
3132
4970
5697
5236
4501
3901
3984
5121
6287
6746
5740
3986
2340
1119
1024
1205
1317
736
-967
-2825
-4350
-5345
-5410
-4917
-5044
-5802
-6982
-8478
-8502
-8001
-6832
-5333
-5062
-5010
-5143
-5266
-4025
-2511
-1168
85
72
-167
80
185
1220
2418
2738
2756
2087
1520
1676
2049
2954
3518
3488
3261
2876
2895
3463
4306
5481
6431
7108
7808
8320
9139
8967
7625
6283
4301
2816
2745
2863
2808
725
-3081
-5781
-7110
-7176
-6047
-5540
-5974
-7405
-9460
-9738
-8323
-6339
-3890
-2586
-2297
-2472
-2609
-1598
539
3017
5038
5916
5623
5107
4739
4930
5965
7127
7681
7035
5485
3361
2329
1907
1887
2333
1515
16
-2084
-4258
-5199
-5380
-5218
-4907
-5941
-7279
-8672
-9739
-9172
-8026
-6883
-5906
-6042
-6126
-5780
-5086
-3365
-1648
-346
555
655
815
901
1363
2479
3353
3820
3763
3123
2584
2410
2860
3729
4202
4162
3542
3012
2977
3590
4609
5647
6368
6850
7400
8089
8399
6932
5237
3302
1786
1947
2475
2930
1482
-2401
-5829
-7561
-7497
-5597
-4258
-4342
-5853
-8895
-10122
-8824
-6134
-2612
-637
-782
-1935
-3204
-2762
-17
3179
5878
6915
5688
4116
3346
3528
5035
6710
7320
6701
4397
2136
1050
488
1335
1701
1246
-48
-2327
-4143
-5228
-5471
-4911
-4533
-5019
-6065
-7579
-8520
-8574
-7788
-6181
-5116
-4900
-5163
-5403
-4905
-3619
-1824
-297
563
555
472
578
979
2104
2955
3266
3198
2713
2338
2265
2488
3178
3578
3485
3189
2826
2810
3212
4044
5133
6063
6714
7429
8138
8312
6988
5383
3358
1961
2007
2508
3273
1910
-1591
-5138
-7532
-7946
-6229
-4295
-3465
-4725
-7994
-10060
-9910
-7439
-3468
-587
160
-1211
-3360
-3698
-1599
1930
5553
7168
6271
4312
2736
2803
4751
6992
8280
7606
5221
2783
1545
1583
2722
3213
2652
808
-2075
-3570
-4383
-3895
-3244
-3530
-4533
-6206
-7760
-7930
-7680
-6815
-5748
-5841
-5705
-5891
-5746
-4632
-3626
-2341
-1362
-1031
-383
100
502
1275
1745
2156
2410
2357
2556
2731
2637
2570
2513
2631
2844
3001
3284
3448
3343
3428
3793
4437
5441
6280
7293
8092
7954
6458
4721
2681
1434
1273
1851
2742
1508
-1592
-4972
-7452
-8117
-6813
-5120
-3678
-4471
-7216
-9280
-9709
-7823
-4421
-1442
132
-363
-2363
-3089
-1886
973
4394
6387
6440
5209
3531
3006
4131
5862
7398
7412
5800
3888
2454
1934
2473
2868
2638
1467
-604
-2141
-3019
-3166
-2984
-3274
-4022
-5198
-6329
-6764
-6594
-6220
-5878
-5885
-5942
-5726
-5287
-4447
-3585
-2843
-2161
-1704
-1079
-249
468
1160
1632
1801
2018
2154
2453
2767
2758
2735
2484
2431
2679
2868
2993
2990
2709
2531
2595
3110
3858
4377
4816
5082
5570
5948
5681
4837
3353
1471
443
281
968
1413
419
-1623
-4091
-6080
-6701
-5849
-4335
-3147
-3638
-5037
-6232
-6594
-5690
-3762
-1652
-258
-184
-781
-867
-518
671
2339
3771
4572
4452
3907
3766
3877
4176
4518
4458
4081
3632
3120
2833
2577
2011
1211
187
-707
-1409
-1688
-2205
-2524
-3119
-4134
-4874
-5368
-5303
-5082
-4964
-4990
-4885
-5148
-4973
-4456
-3801
-2800
-2146
-1623
-1245
-939
-482
196
1054
1832
2218
2274
2204
1968
1884
2002
2170
2392
2351
2018
1753
1533
1540
1622
1761
1794
1673
1504
1548
1938
2437
3172
3739
4143
4089
3485
2586
1686
1024
707
700
883
719
18
-1018
-2231
-3195
-3555
-3331
-2656
-2041
-2072
-2429
-2845
-3033
-2722
-2007
-1081
-247
-48
-73
57
429
1128
1850
2321
2393
2095
1871
2043
2364
2682
2782
2358
1626
929
586
818
1198
1285
773
-177
-1176
-1810
-2217
-1900
-1698
-1769
-2208
-2801
-3128
-3140
-2873
-2524
-2376
-2578
-2706
-2857
-2405
-1856
-1388
-1056
-943
-855
-669
-400
241
665
831
703
478
467
578
693
864
761
344
56
-74
246
583
710
608
257
-53
-96
19
421
785
962
1182
1436
1816
2349
2922
3400
3662
3568
3179
2599
1899
1571
1425
1774
2068
1708
1033
73
-960
-1579
-1709
-1474
-1058
-1099
-1213
-1521
-1857
-1903
-1697
-1373
-911
-769
-701
-425
-134
308
711
984
1060
694
461
676
1007
1331
1294
984
483
-117
-481
-348
-212
-237
-627
-1184
-1725
-2033
-2007
-1710
-1401
-1430
-1695
-2118
-2275
-2165
-1679
-1185
-920
-932
-1306
-1472
-1218
-701
41
435
388
84
-306
-329
-67
385
828
856
623
320
12
-120
-221
-171
-85
-235
-376
-580
-778
-920
-1088
-1060
-959
-927
-901
-953
-865
-691
-326
118
602
938
1279
1702
2202
2955
3434
3722
3489
3032
2569
2336
2368
2699
2867
2649
2053
1369
791
479
437
409
330
-37
-485
-730
-720
-531
-387
-482
-801
-1257
-1500
-1299
-780
-317
-123
-231
-617
-1012
-1079
-673
-310
-178
-402
-777
-1083
-1094
-919
-582
-354
-491
-808
-1016
-920
-625
-217
211
444
242
-156
-552
-670
-526
-252
97
307
261
-3
-167
-108
22
47
122
134
78
3
-190
-271
-411
-716
-938
-1050
-1164
-1240
-1459
-1572
-1431
-1251
-1141
-1250
-1402
-1458
-1459
-1194
-833
-535
-267
-248
-173
-79
113
398
805
1158
1493
1825
2072
2369
2594
2913
3175
3384
3351
3193
2818
2341
2041
1915
1844
1839
1721
1533
1040
321
-238
-657
-740
-687
-601
-590
-714
-1051
-1313
-1383
-1396
-1259
-1186
-1108
-1062
-1120
-1090
-911
-653
-456
-410
-542
-775
-1055
-1121
-1007
-554
-94
278
374
225
75
-91
-68
127
457
617
635
482
255
105
41
215
471
677
544
211
-198
-502
-595
-455
-184
-77
-265
-878
-1509
-1827
-1869
-1511
-1058
-861
-1007
-1417
-1688
-1744
-1520
-1080
-755
-638
-859
-1022
-901
-721
-371
-30
127
123
86
31
146
393
572
783
960
1070
1183
1184
1243
1392
1552
1723
1939
2202
2337
2278
2030
1813
1595
1433
1341
1255
1022
762
510
324
244
225
61
-272
-668
-1137
-1288
-1177
-866
-574
-442
-567
-737
-926
-955
-837
-645
-350
-210
-193
-160
-86
33
199
272
302
219
137
119
118
205
358
469
569
598
510
312
66
-172
-412
-464
-358
-235
-215
-409
-684
-960
-1077
-1039
-949
-902
-989
-1169
-1391
-1443
-1342
-1131
-922
-889
-950
-1210
-1367
-1326
-1110
-826
-623
-590
-631
-672
-538
-375
-206
-65
24
33
-30
5
133
272
395
556
643
657
627
595
589
670
796
941
1058
1225
1297
1387
1440
1542
1659
1669
1633
1461
1152
763
501
405
505
522
442
240
-85
-276
-402
-453
-332
-268
-354
-469
-444
-222
65
357
537
470
242
91
141
343
655
829
730
468
154
64
133
268
406
273
-80
-458
-694
-741
-660
-504
-427
-449
-660
-886
-1055
-1235
-1222
-1155
-1116
-1046
-1043
-1119
-1117
-1064
-1087
-1096
-962
-898
-891
-947
-984
-1030
-934
-744
-464
-286
-261
-241
-323
-399
-444
-310
-130
38
54
-1
-35
-97
-73
-26
141
264
249
210
121
40
96
186
452
697
787
742
568
447
403
652
1027
1434
1643
1587
1424
1322
1286
1357
1517
1506
1277
928
616
459
401
525
838
951
787
405
-33
-345
-389
-126
224
355
263
43
-109
-100
36
238
301
151
-102
-307
-479
-500
-441
-384
-370
-431
-501
-618
-770
-1011
-1207
-1345
-1445
-1390
-1301
-1245
-1298
-1389
-1416
-1276
-1145
-1002
-980
-994
-957
-884
-739
-554
-293
-183
-48
-51
-49
-74
-164
-127
-111
-71
-105
-267
-440
-554
-582
-495
-345
-287
-511
-786
-907
-852
-689
-430
-145
53
14
-95
-146
-38
309
710
1056
1088
934
720
659
853
1269
1798
2064
2117
2004
1887
1939
2056
2187
2133
1882
1399
955
652
494
483
421
364
201
24
-88
-170
-233
-409
-569
-655
-656
-591
-440
-276
-229
-202
-196
-179
-157
-119
-150
-211
-316
-532
-613
-597
-531
-437
-490
-604
-839
-1010
-1114
-1122
-1036
-1043
-1061
-1158
-1169
-1111
-939
-834
-724
-785
-934
-907
-877
-767
-615
-608
-662
-714
-845
-788
-627
-519
-484
-548
-622
-729
-734
-709
-630
-525
-498
-457
-409
-349
-271
-122
16
180
359
397
456
444
470
498
643
808
979
1030
972
959
977
1178
1315
1569
1741
1996
2210
2349
2481
2552
2538
2152
1722
1222
722
334
58
-67
-82
-153
-305
-392
-448
-383
-342
-432
-586
-805
-841
-773
-528
-209
31
156
197
233
305
366
397
313
13
-281
-520
-562
-362
-198
-113
-141
-291
-413
-470
-472
-401
-367
-504
-764
-1098
-1290
-1441
-1496
-1479
-1507
-1583
-1739
-1747
-1623
-1447
-1205
-1137
-1165
-1183
-1271
-1195
-1014
-882
-711
-747
-802
-731
-665
-588
-447
-209
-116
-32
13
60
126
296
497
675
595
512
438
428
531
575
689
686
675
712
840
1156
1559
2030
2440
2654
2834
3121
3364
3551
3488
3176
2603
1783
1037
435
-27
-360
-664
-935
-1134
-1303
-1380
-1305
-1212
-1227
-1374
-1670
-1831
-1763
-1510
-1082
-589
-172
182
462
756
1069
1292
1383
1325
1085
790
545
363
362
399
310
222
74
-63
-154
-212
-267
-404
-694
-1094
-1362
-1505
-1427
-1258
-1226
-1340
-1556
-1828
-1963
-1965
-1847
-1716
-1818
-1972
-2071
-1959
-1625
-1067
-505
-182
-178
-345
-566
-640
-592
-470
-410
-613
-823
-997
-891
-424
275
804
1172
1196
1054
981
938
979
1131
1212
1170
1062
989
1218
1565
2043
2553
2980
3217
3368
3710
4134
4382
4278
3764
2815
1626
496
-359
-896
-1303
-1859
-2298
-2600
-2699
-2458
-2146
-1743
-1551
-1649
-1930
-2101
-1938
-1369
-669
65
651
1135
1571
1993
2555
2970
3155
2905
2370
1664
1002
467
-35
-329
-689
-1162
-1663
-2089
-2207
-2197
-2132
-2121
-2285
-2551
-2861
-3046
-2906
-2374
-1954
-1590
-1275
-1122
-880
-574
-160
191
250
113
-181
-414
-449
-435
-215
-33
-74
-302
-686
-989
-1252
-1340
-1461
-1707
-2053
-2365
-2387
-2165
-1661
-935
-302
268
720
1136
1642
2036
2326
2554
2571
2493
2468
2578
2849
3241
3631
4086
4584
5153
5848
6454
6528
6017
4842
2994
1006
-935
-2559
-3489
-4370
-4915
-4950
-4790
-4249
-3593
-2716
-1781
-1218
-1067
-1140
-1008
-834
-412
304
1093
2021
2762
3429
4082
4522
4732
4702
4146
3115
1758
356
-847
-1887
-2644
-3070
-3250
-3490
-3622
-3500
-3357
-3229
-3057
-2894
-2818
-2935
-3039
-2970
-2696
-2200
-1628
-839
-23
618
1125
1445
1551
1495
1204
840
264
-343
-800
-1189
-1468
-1819
-1929
-1998
-2174
-2289
-2426
-2548
-2834
-3115
-3194
-3062
-2557
-1806
-780
265
1108
1916
2598
3349
3983
4459
4630
4341
3927
3530
3551
3920
4546
5343
6092
6790
7479
7961
7750
6754
4919
2249
-697
-3614
-5781
-7124
-8160
-8390
-7947
-6931
-5454
-3793
-1723
80
1236
1577
1583
1555
1373
1601
2029
2578
3206
3653
4167
4712
5099
5264
4891
3779
1894
-216
-2187
-3921
-5274
-6208
-6626
-6780
-6719
-6048
-4853
-3519
-2224
-1273
-751
-544
-568
-589
-299
191
588
856
1141
1295
1313
1360
1272
958
307
-588
-1579
-2620
-3390
-3877
-4136
-4127
-4050
-3880
-3747
-3505
-3258
-3015
-2662
-2439
-2210
-1927
-1536
-908
133
1367
2551
3563
4407
4971
5373
5560
5643
5415
4970
4658
4442
4541
4986
5716
6743
7863
8347
7856
6637
4234
990
-2283
-5720
-8198
-10057
-11487
-11453
-10511
-8651
-5943
-2922
190
2975
4716
5494
5687
5216
4642
4161
3781
3588
3417
3547
3784
4039
4357
4404
4278
3068
1055
-1175
-3824
-6220
-8178
-9456
-9697
-9460
-8596
-7056
-5115
-2803
-597
1343
2743
3365
3315
2947
2467
1968
1602
1450
1345
1158
1105
994
832
305
-531
-1679
-3232
-4794
-6156
-7114
-7539
-7454
-6899
-5870
-4564
-3112
-1607
-294
612
1100
1297
1205
921
733
773
974
1379
2142
3110
4110
5018
5634
6048
6062
5551
4900
4175
3476
3155
3196
3863
4963
6148
6705
6485
5538
3179
497
-2324
-5381
-7568
-9637
-11132
-11235
-10418
-8323
-5174
-1764
1799
4728
6458
7490
7647
7112
6293
5297
4150
2881
2056
1584
1447
1825
2194
2708
2810
1798
308
-1523
-3703
-5675
-7461
-8703
-9352
-9492
-8662
-6887
-4464
-1655
1205
3582
5034
5585
5503
4902
3879
2667
1388
336
-778
-1788
-2347
-2820
-3001
-3279
-3662
-4238
-5145
-5895
-6402
-6603
-6385
-5808
-4940
-3884
-2681
-1351
-13
1100
1738
1968
1746
1297
851
688
831
1255
1864
2697
3734
4709
5705
6311
6577
6331
5742
5159
4437
4040
4027
4420
5187
5992
6136
5523
4182
1405
-1654
-4844
-8046
-10209
-12183
-13275
-12793
-11488
-8813
-5093
-1002
3287
6796
9203
10480
10610
10023
8889
7496
5721
3713
2260
1059
370
353
545
1063
1194
237
-988
-2639
-4594
-6343
-7999
-9172
-9795
-9814
-8759
-6642
-3790
-416
2899
5590
7067
7603
7428
6465
5120
3195
1070
-964
-2991
-4401
-5086
-5253
-4929
-4586
-4493
-4697
-5223
-5736
-6071
-6218
-6115
-5559
-4694
-3638
-2275
-643
1148
2653
3625
4102
3974
3335
2533
1833
1346
1006
884
1098
1595
2417
3500
4489
5167
5285
5001
4545
3971
3618
3530
3789
4366
5165
5894
5747
5102
3628
974
-1590
-4632
-7488
-9429
-11543
-12350
-11755
-10263
-7201
-3666
215
4158
7246
9519
10733
10987
10495
9142
7381
5034
2712
1166
-112
-699
-737
-581
34
155
-368
-1036
-2339
-3925
-5616
-7325
-8537
-9368
-9386
-8308
-6372
-3673
-643
2560
5078
6554
7325
7317
6494
5060
3051
961
-1101
-3098
-4423
-5180
-5451
-5234
-4926
-4778
-4926
-5250
-5520
-5665
-5691
-5440
-4857
-4076
-3115
-1808
-315
1193
2479
3403
3807
3610
3027
2314
1573
984
686
714
920
1365
1996
2739
3481
3978
4226
4162
3913
3652
3361
3216
3544
4155
5203
6472
6974
6588
5411
2938
153
-2747
-5692
-7740
-10005
-11615
-11742
-11026
-8761
-5331
-1327
2910
6345
8881
10326
10698
10375
9298
7804
5722
3133
1028
-722
-1787
-1903
-1642
-780
-182
-330
-706
-1650
-2984
-4281
-5819
-7199
-8414
-9141
-8791
-7491
-5267
-2407
678
3508
5390
6498
6984
6664
5846
4366
2470
308
-1976
-3746
-4961
-5620
-5828
-5540
-5282
-5219
-5233
-5248
-5033
-4771
-4519
-4047
-3501
-2882
-2017
-961
284
1475
2430
2991
3005
2677
2256
1788
1276
772
565
545
665
1011
1535
2293
2877
3252
3421
3375
3365
3470
3681
4057
4677
5565
6771
7791
7901
7339
5810
3037
231
-2920
-5750
-7841
-9939
-10897
-10817
-9868
-7432
-4131
-298
3546
6603
8827
9890
10043
9465
8334
6952
4808
2547
696
-1023
-1943
-2150
-1876
-1105
-627
-731
-1218
-2318
-3570
-4782
-6070
-7207
-8176
-8378
-7887
-6737
-4758
-2169
809
3492
5387
6624
6988
6660
5767
4315
2470
531
-1460
-3138
-4364
-5278
-5593
-5483
-5280
-5096
-4849
-4628
-4495
-4390
-4253
-3945
-3526
-3143
-2592
-1800
-999
-198
550
1138
1469
1668
1706
1618
1495
1312
1292
1331
1456
1755
2138
2537
2874
3090
3262
3356
3544
3972
4544
5140
5775
6569
7517
8247
8062
7220
5452
2574
-443
-3627
-6286
-8266
-10124
-10850
-10717
-9696
-7410
-4381
-775
2716
5556
7600
8638
8871
8431
7528
6289
4434
2486
808
-717
-1582
-1784
-1524
-837
-520
-568
-878
-1712
-2663
-3783
-5049
-6315
-7401
-7944
-7789
-6998
-5467
-3433
-1051
1183
2995
4568
5662
6151
5946
5216
3905
2193
353
-1268
-2651
-3842
-4811
-5399
-5750
-5931
-5787
-5445
-4886
-4401
-3931
-3449
-3057
-2677
-2173
-1590
-1086
-662
-221
182
444
685
963
1324
1654
2010
2338
2557
2792
3068
3172
3213
3279
3373
3361
3242
3185
3393
3814
4345
5092
6005
7106
8046
8246
7747
6437
4012
1259
-1669
-4563
-6889
-8939
-10143
-10501
-10036
-8396
-6022
-3059
102
3018
5483
7093
7857
7912
7420
6536
5191
3604
2056
570
-531
-1064
-1217
-857
-354
-74
-10
-389
-1131
-2094
-3242
-4476
-5781
-6844
-7552
-7743
-7389
-6371
-4720
-2672
-596
1456
3230
4509
5362
5695
5448
4614
3358
1799
90
-1727
-3427
-4811
-5757
-6283
-6366
-5967
-5315
-4555
-3790
-3122
-2545
-2129
-1782
-1484
-1356
-1258
-1189
-1094
-929
-546
93
920
1778
2639
3463
4163
4659
4964
5159
5231
5060
4737
4300
3874
3560
3440
3572
3886
4437
5185
6057
6615
6581
5845
4337
2199
-195
-2696
-4948
-6961
-8603
-9600
-9902
-9311
-7963
-5778
-3155
-273
2356
4479
6000
6878
7307
7194
6647
5629
4285
2841
1386
228
-572
-855
-583
-317
-143
-117
-497
-1011
-1629
-2338
-3311
-4498
-5642
-6642
-7352
-7662
-7341
-6390
-5034
-3463
-1776
-72
1477
2878
3900
4429
4414
3819
2888
1709
324
-1106
-2395
-3329
-3945
-4287
-4330
-4124
-3721
-3244
-2763
-2402
-2157
-2009
-1942
-2008
-2089
-2141
-2006
-1723
-1247
-543
281
1237
2263
3252
4131
4894
5451
5747
5780
5579
5176
4795
4506
4248
4073
4035
4208
4560
5049
5336
5381
5001
3984
2483
699
-1275
-3045
-4681
-6108
-7163
-7833
-7808
-7175
-6011
-4326
-2341
-260
1565
3085
4182
4919
5355
5378
5106
4442
3602
2656
1675
740
125
-15
139
350
416
332
110
-151
-457
-850
-1406
-2136
-3070
-4145
-5103
-5689
-5883
-5622
-4966
-4235
-3334
-2450
-1413
-324
682
1464
1830
1871
1588
1019
347
-293
-762
-1068
-1332
-1483
-1565
-1468
-1341
-1203
-1092
-1208
-1387
-1619
-1948
-2241
-2482
-2518
-2381
-2146
-1717
-1221
-487
306
1125
1859
2390
2925
3168
3318
3331
3187
3070
2919
2820
2827
2867
2856
2918
3102
3445
3818
4068
4141
3884
3346
2700
2013
1434
853
252
-382
-1075
-1588
-1923
-2055
-1871
-1484
-979
-524
-237
5
250
521
693
803
810
587
183
-231
-612
-836
-881
-702
-447
-309
-161
-78
9
50
9
-43
-156
-471
-1030
-1648
-2214
-2699
-2978
-2999
-2844
-2602
-2274
-1876
-1371
-798
-251
293
628
775
664
401
99
-183
-337
-482
-670
-924
-1195
-1436
-1652
-1857
-1925
-2101
-2279
-2577
-2849
-2990
-3104
-3035
-2896
-2615
-2239
-1839
-1338
-710
-113
427
848
1134
1278
1344
1440
1399
1388
1294
1160
1037
924
895
905
998
1023
1122
1271
1420
1689
1901
2177
2503
2763
3126
3447
3616
3682
3693
3619
3500
3339
3076
2778
2415
2144
1987
1814
1626
1404
1223
1043
800
546
266
5
-343
-583
-751
-959
-1049
-1141
-1261
-1358
-1446
-1419
-1319
-1362
-1484
-1747
-2049
-2387
-2588
-2555
-2467
-2358
-2229
-2096
-2011
-1910
-1719
-1387
-1081
-779
-526
-362
-237
-134
11
187
193
134
-107
-470
-887
-1267
-1567
-1800
-1980
-2203
-2307
-2446
-2504
-2381
-2194
-1860
-1514
-1161
-785
-439
-72
268
520
694
773
818
781
711
599
491
354
176
105
9
15
87
209
351
450
591
831
1144
1442
1718
1914
2202
2443
2599
2811
2913
2961
2914
2877
2804
2684
2559
2475
2419
2289
2081
1839
1604
1420
1274
1103
941
725
509
247
57
-144
-177
-187
-294
-377
-507
-572
-658
-810
-1081
-1266
-1570
-1820
-1896
-1889
-1773
-1651
-1606
-1617
-1648
-1643
-1589
-1524
-1389
-1272
-1127
-1069
-925
-797
-592
-401
-322
-354
-515
-787
-1091
-1310
-1598
-1827
-1954
-2087
-2145
-2230
-2182
-1898
-1621
-1267
-938
-599
-215
106
427
652
795
860
872
815
712
552
348
32
-278
-537
-776
-916
-949
-940
-936
-868
-769
-556
-167
351
846
1312
1615
1896
2065
2190
2313
2342
2262
2136
1921
1757
1605
1451
1402
1403
1436
1384
1439
1533
1622
1740
1807
1847
1854
1831
1719
1539
1349
1129
949
787
616
436
255
87
-137
-302
-495
-649
-682
-795
-837
-846
-931
-1058
-1177
-1294
-1368
-1468
-1479
-1439
-1398
-1391
-1339
-1219
-1121
-1030
-987
-1027
-1105
-1290
-1526
-1768
-1953
-2104
-2188
-2264
-2275
-2229
-2129
-1942
-1612
-1210
-910
-540
-165
208
497
743
881
973
973
905
829
707
465
266
14
-214
-453
-619
-635
-602
-587
-590
-518
-423
-166
70
426
738
972
1103
1173
1325
1413
1443
1414
1325
1185
909
740
607
480
313
169
93
34
77
267
615
937
1301
1518
1723
1915
2091
2203
2233
2112
1998
1794
1520
1336
1091
885
730
527
313
161
56
-9
-26
-46
-174
-367
-567
-789
-967
-1059
-1073
-1181
-1320
-1366
-1405
-1384
-1291
-1128
-984
-1010
-1127
-1373
-1563
-1784
-1875
-1932
-1952
-1988
-2067
-2058
-1976
-1749
-1377
-959
-638
-358
-176
-79
29
129
204
331
433
363
241
104
18
-53
-75
-33
-14
-24
2
16
32
197
459
714
894
1003
1073
1149
1185
1206
1241
1172
1047
871
677
456
323
122
81
-7
-168
-278
-357
-387
-381
-277
19
358
618
881
1115
1266
1448
1600
1803
1901
1873
1828
1761
1660
1555
1440
1376
1273
1055
809
595
367
180
114
-32
-148
-336
-564
-705
-843
-971
-1068
-1137
-1178
-1138
-1095
-971
-879
-755
-648
-665
-678
-705
-749
-845
-904
-906
-952
-957
-981
-972
-933
-827
-711
-619
-513
-497
-451
-413
-457
-511
-487
-501
-461
-486
-481
-465
-444
-506
-519
-475
-447
-380
-345
-220
-25
103
284
519
702
893
1028
1100
1148
1092
1001
875
806
723
643
566
403
285
142
8
-8
-49
-116
-186
-271
-236
-180
2
208
384
553
615
709
803
942
1002
1113
1134
1111
1085
972
907
876
846
739
631
519
403
288
215
142
130
62
-64
-164
-319
-458
-499
-460
-381
-383
-345
-272
-160
-66
-63
34
44
-31
-132
-290
-397
-414
-437
-520
-531
-591
-696
-690
-703
-702
-704
-741
-786
-856
-930
-895
-819
-682
-547
-514
-379
-281
-198
-129
-147
-139
-152
-155
-104
-50
3
115
205
316
425
571
689
771
774
767
696
558
496
394
317
225
84
-68
-138
-192
-198
-194
-191
-186
-162
-81
43
201
399
598
675
689
656
617
713
764
788
845
803
698
627
519
453
327
141
53
-155
-323
-381
-404
-410
-369
-401
-455
-498
-538
-593
-539
-457
-344
-163
-109
32
150
249
391
459
526
555
522
478
449
422
409
382
308
197
24
-182
-320
-427
-571
-667
-770
-906
-1005
-1023
-975
-824
-734
-630
-531
-422
-359
-365
-370
-308
-289
-224
-124
-99
-26
36
143
243
382
544
668
698
638
637
578
571
552
505
453
334
214
53
-84
-255
-315
-396
-514
-577
-597
-535
-462
-288
-97
80
190
255
311
441
485
566
642
694
705
591
517
397
334
192
97
96
-51
-180
-232
-304
-316
-374
-429
-509
-657
-715
-755
-727
-630
-530
-386
-268
-109
39
178
322
376
417
491
475
439
374
314
360
315
285
182
91
-3
-86
-133
-205
-248
-334
-369
-408
-446
-424
-361
-285
-228
-178
-133
-68
-33
-53
-54
-41
-58
-85
-93
-85
-90
-87
-48
10
36
122
216
256
279
401
449
504
552
528
502
380
271
94
-70
-197
-300
-399
-460
-472
-431
-349
-198
-27
84
170
202
255
265
307
346
377
375
274
291
271
183
127
41
29
4
-1
11
-62
-99
-241
-348
-377
-424
-413
-411
-459
-505
-442
-330
-141
3
122
214
210
186
212
188
228
178
128
62
-78
-176
-240
-252
-333
-353
-272
-303
-295
-303
-301
-193
-124
-98
-16
59
109
127
178
240
256
290
224
146
118
78
7
20
-13
-17
14
37
8
-35
-27
-10
6
74
123
93
72
57
121
140
120
109
69
-73
-238
-324
-433
-403
-356
-304
-248
-153
-15
118
289
421
566
659
715
755
762
709
673
607
515
438
338
200
71
-85
-150
-110
-159
-208
-321
-373
-441
-447
-376
-346
-328
-304
-296
-265
-151
-55
47
171
237
236
212
140
122
109
45
-13
-111
-166
-301
-383
-448
-496
-495
-452
-440
-443
-473
-489
-455
-377
-218
-136
-60
-9
-1
-38
12
71
84
43
28
-42
-91
-39
15
55
114
157
186
182
185
230
212
239
280
266
173
110
56
-11
-61
-98
-269
-379
-479
-527
-586
-597
-513
-468
-386
-270
-52
150
385
630
799
981
1090
1163
1244
1205
1211
1153
1070
830
596
428
217
84
-72
-189
-314
-407
-498
-510
-510
-467
-435
-435
-403
-377
-325
-199
-105
-76
4
28
41
88
90
103
58
-27
-153
-227
-250
-291
-325
-351
-409
-445
-496
-541
-478
-457
-403
-380
-388
-412
-374
-309
-260
-179
-92
-60
-94
-108
-69
-82
-40
-57
-43
-15
-3
48
91
172
244
351
379
361
349
380
358
341
349
329
318
251
107
-18
-146
-282
-379
-497
-654
-787
-851
-768
-726
-629
-489
-290
-31
248
498
729
939
1071
1204
1207
1287
1273
1251
1075
872
621
338
166
-21
-213
-311
-336
-442
-430
-488
-416
-366
-282
-176
-160
-110
23
76
164
221
262
302
274
290
179
94
-28
-147
-220
-310
-394
-463
-457
-497
-434
-471
-492
-434
-481
-533
-642
-649
-655
-700
-625
-570
-427
-338
-265
-179
-126
-83
-44
31
52
39
95
177
152
182
286
386
457
516
534
559
506
512
482
524
503
447
376
289
212
157
42
-92
-164
-322
-464
-527
-559
-626
-584
-507
-401
-217
5
267
491
730
883
958
1023
1075
1057
968
914
735
500
228
11
-149
-248
-340
-430
-492
-522
-534
-478
-401
-297
-167
-99
-27
43
131
185
327
413
460
467
468
405
253
145
13
-91
-238
-326
-386
-473
-510
-636
-720
-705
-748
-737
-753
-807
-822
-854
-863
-837
-771
-736
-685
-575
-451
-385
-258
-168
-37
35
23
124
213
223
317
381
375
423
418
440
412
362
316
327
302
302
304
255
231
197
179
112
49
-3
-122
-226
-362
-424
-459
-438
-377
-292
-189
-111
99
326
485
640
729
775
823
773
700
678
543
400
183
-16
-197
-338
-438
-455
-438
-412
-403
-405
-406
-351
-259
-128
-21
40
105
128
222
290
390
468
510
438
371
257
142
25
-71
-176
-354
-473
-594
-719
-724
-674
-690
-680
-666
-655
-604
-604
-573
-459
-402
-309
-248
-212
-159
-121
-19
48
86
88
142
149
235
304
396
441
439
412
356
410
329
296
248
211
202
195
178
195
255
284
261
270
285
193
148
87
23
-49
-125
-124
-147
-115
-23
100
234
409
551
668
744
810
796
781
716
623
477
353
187
1
-120
-301
-367
-444
-460
-459
-411
-369
-297
-229
-251
-198
-100
1
75
160
206
306
392
505
567
604
598
558
465
306
158
86
-14
-149
-277
-407
-503
-553
-549
-576
-546
-580
-587
-576
-568
-499
-398
-318
-281
-267
-269
-247
-214
-156
-99
-25
14
25
78
103
130
155
254
333
378
401
450
439
424
461
407
352
271
273
226
213
142
76
38
-23
5
-53
-103
-128
-152
-197
-159
-93
6
117
211
363
508
680
782
801
847
862
807
758
647
504
301
117
-66
-223
-361
-474
-522
-596
-655
-685
-630
-602
-574
-545
-471
-433
-411
-340
-269
-167
-82
-6
72
187
225
274
352
294
233
163
53
-39
-160
-287
-392
-525
-601
-625
-637
-618
-588
-502
-444
-397
-343
-291
-235
-240
-276
-325
-347
-357
-360
-301
-273
-231
-167
-63
76
221
323
439
562
571
569
473
448
365
295
232
191
120
95
101
30
11
-37
18
45
-22
-88
-87
-131
-109
-71
-66
64
123
211
360
507
678
735
832
831
794
726
630
544
446
274
92
-188
-367
-477
-584
-613
-631
-608
-609
-603
-487
-377
-307
-216
-175
-150
-142
-168
-137
-71
-20
-40
-76
-111
-130
-113
-137
-140
-217
-271
-330
-369
-437
-502
-530
-620
-623
-598
-535
-489
-395
-266
-218
-121
-75
14
88
120
130
102
25
-42
-123
-144
-129
-136
-101
-9
48
111
204
299
359
400
383
300
181
72
11
-53
-151
-183
-236
-306
-318
-308
-257
-167
-39
-54
3
23
23
97
152
234
346
412
525
687
736
869
944
927
890
784
648
530
411
255
11
-156
-376
-516
-616
-722
-708
-732
-609
-387
-339
-201
9
130
264
322
345
347
381
312
231
169
54
-46
-135
-190
-221
-220
-216
-289
-316
-372
-449
-431
-473
-541
-556
-598
-620
-578
-530
-480
-388
-237
-191
-79
25
88
118
114
102
43
-25
-132
-148
-160
-113
6
124
248
325
471
633
684
757
758
638
494
344
169
-24
-118
-197
-312
-355
-388
-400
-347
-275
-206
-82
-14
13
45
68
149
207
271
359
472
555
594
604
595
593
520
381
256
138
11
-159
-299
-459
-620
-741
-799
-824
-789
-705
-577
-425
-302
-141
26
162
295
317
299
258
195
143
44
-91
-282
-378
-501
-571
-533
-496
-454
-433
-396
-403
-362
-342
-411
-394
-364
-421
-436
-423
-425
-443
-347
-197
-84
19
28
87
104
89
106
18
-92
-128
-97
-76
-47
104
195
324
425
494
570
579
664
595
482
349
196
-39
-172
-285
-363
-439
-479
-420
-402
-332
-220
-153
-22
75
110
267
374
515
583
674
749
803
875
804
794
694
575
438
285
150
3
-134
-296
-451
-549
-596
-654
-666
-649
-617
-556
-434
-349
-216
-41
74
169
289
347
341
321
261
152
19
-104
-221
-364
-515
-552
-535
-539
-510
-467
-370
-367
-334
-327
-305
-302
-325
-367
-400
-407
-403
-318
-246
-126
-44
53
115
176
210
244
226
192
136
127
135
219
274
303
466
554
592
606
604
574
548
513
415
264
96
-37
-145
-245
-294
-298
-309
-325
-316
-253
-236
-96
6
87
207
274
378
485
619
707
698
754
753
656
601
543
384
252
119
11
-120
-190
-291
-378
-378
-451
-523
-534
-535
-498
-444
-364
-206
-99
9
130
253
338
380
343
353
269
139
97
-32
-154
-247
-313
-336
-380
-383
-342
-365
-286
-315
-364
-357
-377
-389
-418
-465
-500
-454
-425
-372
-236
-121
-28
111
158
266
328
345
358
324
297
309
324
388
448
486
529
505
572
572
548
573
478
330
222
123
38
-101
-172
-156
-216
-242
-225
-216
-125
-35
0
82
204
337
414
472
572
654
740
814
810
775
724
676
535
392
285
193
66
-70
-141
-239
-254
-284
-340
-344
-399
-467
-441
-376
-351
-284
-203
-77
15
101
190
249
305
329
349
306
233
130
52
-60
-167
-187
-307
-376
-412
-408
-447
-429
-489
-566
-603
-653
-656
-730
-734
-679
-647
-637
-531
-414
-280
-127
-30
49
151
205
261
302
332
307
337
348
375
405
409
465
395
415
349
346
324
215
118
24
5
-72
-115
-156
-163
-175
-194
-181
-91
-34
45
147
148
236
372
422
492
598
657
740
793
778
733
642
576
482
348
205
87
-9
-115
-232
-258
-289
-279
-322
-355
-382
-389
-346
-296
-262
-151
-34
40
160
224
238
282
330
381
367
375
315
178
86
22
-68
-180
-206
-303
-420
-454
-566
-655
-676
-702
-780
-775
-813
-845
-770
-746
-696
-631
-517
-385
-305
-196
-53
63
114
177
247
269
274
271
286
317
272
243
229
217
201
187
182
122
139
63
-7
10
-25
-1
41
-19
-47
-4
-5
10
-50
65
125
157
225
312
379
479
561
615
682
720
709
694
601
612
531
416
371
210
140
99
64
-40
-97
-148
-214
-228
-232
-291
-338
-340
-347
-311
-192
-136
-106
-44
-5
40
88
148
163
200
151
91
55
-11
-19
-74
-93
-130
-202
-239
-307
-398
-447
-500
-515
-517
-494
-534
-557
-516
-489
-419
-353
-252
-154
-104
-25
15
115
211
244
374
422
393
421
436
424
497
494
478
407
384
372
285
336
297
257
218
171
141
107
46
11
-6
-22
-64
-74
2
15
71
79
137
197
291
355
453
475
499
529
528
495
452
463
380
356
256
222
169
171
94
56
26
-83
-83
-127
-142
-169
-195
-177
-175
-160
-176
-125
-107
-106
-93
-95
-80
-103
-60
-40
-12
-21
-77
-82
-125
-157
-201
-163
-226
-300
-349
-447
-505
-562
-575
-610
-561
-601
-658
-588
-502
-434
-370
-286
-257
-247
-175
-127
-77
59
133
182
216
259
259
294
331
306
363
400
350
323
268
292
303
286
294
233
186
150
137
114
120
74
95
108
70
110
147
200
241
246
287
315
352
411
400
376
318
289
249
226
172
146
60
7
17
-25
-15
-11
-34
-107
-140
-158
-152
-155
-155
-164
-187
-207
-224
-266
-248
-217
-191
-171
-176
-115
-110
-63
-62
-55
-43
-89
-111
-106
-95
-214
-241
-227
-293
-343
-379
-481
-493
-473
-506
-511
-536
-505
-480
-472
-426
-421
-334
-304
-259
-129
-70
-11
39
123
151
200
283
370
420
457
470
540
507
513
528
523
564
468
379
301
271
239
145
122
64
27
-33
-6
32
43
138
191
213
227
293
376
456
491
534
511
531
531
518
458
440
440
365
382
346
251
219
198
158
121
118
70
52
-21
-79
-105
-131
-160
-218
-267
-283
-314
-335
-316
-332
-230
-196
-200
-179
-132
-79
-69
-104
-57
-31
-78
-110
-87
-58
-85
-85
-135
-199
-200
-247
-315
-330
-322
-376
-401
-396
-377
-325
-256
-252
-184
-178
-141
-50
30
88
163
259
302
365
395
450
466
498
560
559
540
531
484
440
388
300
276
218
167
126
82
48
11
0
-7
-12
-31
28
73
110
176
174
230
370
376
408
366
313
327
303
221
196
169
69
24
30
-5
-27
-24
-32
-16
-9
-62
-93
-76
-103
-142
-162
-188
-244
-239
-269
-279
-273
-234
-189
-158
-122
-170
-133
-137
-128
-71
-89
-146
-191
-212
-177
-179
-228
-213
-214
-248
-248
-275
-303
-332
-357
-338
-353
-392
-370
-303
-264
-216
-182
-89
-62
-9
130
203
271
292
393
454
484
539
591
626
620
596
573
551
490
437
342
295
262
206
143
164
139
116
151
123
125
140
170
203
209
236
264
276
327
304
310
314
273
264
189
181
113
46
18
-112
-136
-185
-190
-171
-192
-141
-112
-88
-59
-51
-17
-16
-57
-70
-88
-161
-165
-216
-210
-209
-193
-169
-148
-47
-45
-40
-40
-42
-56
-40
-72
-115
-146
-166
-157
-182
-209
-226
-234
-270
-275
-256
-253
-262
-294
-290
-285
-281
-253
-251
-225
-165
-95
-4
33
114
173
267
308
354
411
462
473
433
476
453
428
366
281
237
178
74
22
1
1
5
7
28
94
113
147
167
200
216
242
259
239
282
254
303
320
368
355
362
334
320
273
177
153
99
54
-13
-78
-135
-71
-123
-84
-78
-85
-20
-15
-43
-30
-52
-119
-147
-146
-135
-164
-181
-168
-146
-151
-125
-60
-101
-119
-52
-38
-31
-2
-1
7
-73
-171
-329
-572
-639
-497
-135
112
169
-127
-727
-1264
-1480
-1188
-571
-14
265
174
-165
-540
-628
-455
-78
326
472
447
176
-104
-184
-16
235
508
696
575
351
242
201
302
306
204
-191
-690
-895
-804
-205
472
898
1047
901
805
901
1217
1604
1792
1799
1639
1498
1307
1170
986
830
841
791
666
507
409
300
239
223
77
-182
-384
-446
-354
-164
-49
-62
-180
-275
-264
-183
-88
13
-47
-161
-234
-342
-370
-373
-375
-465
-594
-733
-836
-897
-896
-910
-971
-1142
-1316
-1422
-1480
-1431
-1345
-1277
-1234
-1224
-1194
-1084
-924
-680
-468
-306
-183
-42
93
255
441
726
1049
1291
1527
1687
1921
2220
2413
2679
2923
3060
3238
3368
3475
3664
3869
4083
4404
4634
4860
5171
5360
5431
4732
3045
732
-2015
-4266
-5263
-5214
-4199
-3263
-3185
-3550
-4372
-4893
-4789
-4189
-2805
-1243
293
1753
3077
4089
4685
4908
4512
3658
2801
2257
2368
2673
2801
2471
1185
-564
-2647
-4461
-5519
-6082
-6055
-5842
-5679
-5537
-5476
-5218
-4920
-4459
-3864
-3147
-2145
-1211
-130
868
1376
1585
1332
842
518
305
331
281
24
-599
-1302
-1999
-2547
-2722
-2660
-2327
-1966
-1547
-966
-323
457
1291
2137
2953
3747
4640
5510
6562
7575
8487
9152
9434
9514
9501
8365
5876
2583
-2043
-5929
-8271
-9327
-8153
-7098
-6848
-7022
-8253
-8791
-8677
-7726
-5347
-2711
33
2482
4718
6580
8142
9236
8935
8148
6654
5152
4771
4407
4414
4098
2542
412
-2646
-5716
-7885
-9190
-9472
-9019
-8195
-7234
-5990
-4829
-3808
-2839
-2181
-1432
-509
562
2095
3590
4869
5596
5254
4297
2934
1481
320
-733
-1708
-2704
-3847
-4827
-5480
-5795
-5855
-5670
-5592
-5311
-4679
-3704
-2308
-818
544
1715
2424
3103
3875
4657
5638
6371
6724
6751
6515
6108
5767
5579
5507
5390
5219
4923
4571
4330
4351
3653
1577
-1319
-5464
-9303
-11225
-11547
-9310
-6547
-4648
-3280
-3283
-3242
-2648
-1617
375
2637
4699
6438
7842
9029
9842
10190
9242
7311
4604
1538
-460
-1706
-2024
-1798
-2155
-3112
-4899
-7172
-8757
-9528
-9296
-7971
-6220
-4281
-2232
-187
1476
2825
3490
3510
3283
2804
2735
3151
3575
4041
3803
2742
1191
-895
-2749
-4221
-5364
-6004
-6353
-6359
-5885
-5133
-4284
-3427
-2792
-2256
-1658
-1032
11
1253
2453
3429
3804
3702
3322
2948
2766
2851
3010
3124
3129
2964
2934
3040
3260
3713
4079
4403
4736
4987
5472
6208
6362
5042
2560
-1322
-5701
-8539
-9943
-8890
-6412
-4747
-3344
-3241
-3659
-3520
-3443
-2133
-347
1361
3121
4594
6181
7622
8770
8891
7736
5371
2374
75
-1408
-1855
-1236
-832
-990
-2093
-4233
-6075
-7401
-8037
-7642
-6786
-5493
-3855
-2165
-307
1286
2338
2688
2509
1832
1269
1375
2048
3128
3889
3826
2949
1204
-714
-2435
-3843
-4644
-5155
-5452
-5511
-5219
-4795
-4064
-3370
-2837
-2386
-2088
-1632
-987
-189
810
1684
2197
2404
2305
2168
2137
2375
2791
3352
3806
4116
4507
4697
4893
5141
5406
5655
5778
5974
6277
6768
6561
4712
1862
-2665
-7475
-10421
-11891
-10457
-7852
-5953
-4091
-3870
-3899
-3634
-3299
-1725
114
2008
3895
5717
7454
9029
10240
9991
8420
5665
2230
-334
-2054
-2549
-1846
-1359
-1398
-2466
-4568
-6333
-7665
-8151
-7555
-6631
-5154
-3283
-1363
725
2644
3869
4311
3958
2764
1831
1589
1867
2876
3396
3223
2219
137
-1882
-3748
-5146
-5867
-6344
-6515
-6397
-6075
-5359
-4241
-3185
-2180
-1390
-920
-338
412
1447
2604
3418
3637
3386
2649
2073
1890
2009
2545
3058
3316
3381
3422
3436
3719
4015
4337
4594
4778
5049
5450
6102
6901
6659
4514
1188
-3752
-8368
-10934
-11686
-9578
-7020
-5141
-3750
-3892
-3927
-3778
-3230
-1650
68
1944
3801
5724
7618
9343
10421
9751
7810
4588
1220
-1058
-2450
-2349
-1529
-1209
-1544
-2971
-4999
-6540
-7690
-8055
-7582
-6654
-5011
-2991
-804
1394
3021
3941
3989
3139
2009
1338
1259
1859
2737
3154
2921
1833
160
-1580
-3146
-4267
-4925
-5415
-5587
-5458
-5018
-4154
-3265
-2482
-1806
-1430
-973
-382
381
1440
2299
2704
2456
1838
1109
685
702
1107
1664
2025
2267
2343
2421
2681
3152
3578
3902
4153
4245
4527
5186
6117
7311
7839
6424
3473
-858
-6068
-9587
-11324
-10758
-8213
-6304
-4517
-3810
-3964
-3591
-3264
-2150
-497
1084
2769
4512
6447
8287
9916
10252
9006
6427
2874
54
-1737
-2382
-1729
-1217
-1193
-1897
-3581
-5179
-6347
-7090
-7007
-6526
-5566
-3968
-1829
598
2811
4424
4724
4253
3142
1909
1575
1590
2162
2724
2456
1865
563
-833
-2089
-3364
-4397
-5616
-6570
-6983
-6786
-5760
-4239
-2859
-2141
-1763
-1654
-1464
-556
472
1703
2579
2717
2531
2146
1966
2141
2498
2849
2798
2458
2128
2035
2327
2794
3215
3325
3175
2872
2813
3311
4291
5514
6798
7422
6188
3472
-580
-5448
-8775
-10497
-10212
-7985
-6159
-4206
-3048
-2771
-2224
-1899
-1140
-105
920
2254
3802
5721
7627
9245
9717
8562
6257
2934
41
-2064
-3224
-3063
-2544
-2162
-2179
-2970
-3923
-4982
-6133
-6720
-6842
-6189
-4746
-2587
62
2560
4490
5148
4781
3552
1994
863
134
76
458
703
915
521
-248
-1263
-2675
-4231
-5845
-7189
-7568
-6846
-5361
-3398
-1723
-708
-213
-282
-405
-148
288
1077
1803
2144
2459
2521
2516
2534
2258
1882
1332
840
640
973
1739
2668
3384
3635
3544
3285
3110
3335
4115
5288
6660
7831
7712
5845
2718
-2097
-6594
-9658
-11019
-9689
-7710
-5470
-3304
-2374
-1636
-1476
-1454
-852
-146
919
2249
4106
6279
8530
10087
10109
8643
5617
1962
-1223
-3591
-4329
-3791
-2911
-2133
-2257
-3173
-4461
-5998
-7067
-7500
-7308
-6305
-4514
-2016
1018
3850
5633
6155
5148
3088
1195
-241
-588
31
767
1529
1580
1028
4
-1596
-3280
-5030
-6552
-7567
-7552
-6707
-5022
-2965
-1454
-386
-12
-92
-149
-58
481
1354
2135
2843
3284
3360
3266
2916
2401
1841
1214
820
819
1109
1612
2150
2507
2648
2555
2526
2863
3519
4556
5932
7306
7851
6639
4086
-130
-4877
-8245
-10409
-9802
-7858
-5907
-3585
-2539
-1801
-1286
-1196
-526
195
1097
2256
3737
5567
7582
9344
9820
8809
6201
2603
-663
-3300
-4636
-4446
-3833
-3004
-2785
-3480
-4265
-5423
-6311
-6669
-6781
-6238
-5089
-3125
-299
2651
5123
6440
6431
5057
3078
1214
-4
-237
6
558
911
746
185
-708
-2045
-3592
-5293
-6760
-7615
-7573
-6419
-4372
-2126
-291
918
1189
945
533
317
576
1070
1539
1994
2109
2060
2066
1951
1820
1655
1290
970
966
1272
2055
2880
3560
4028
4230
4415
4716
5222
6030
7091
8043
7661
5689
2448
-2353
-6682
-9772
-11171
-9890
-8303
-6421
-4585
-3845
-2824
-2200
-1456
-178
853
1983
3090
4443
6154
8117
9554
9770
8534
5683
2295
-895
-3467
-4385
-4304
-3836
-3244
-3490
-4039
-4795
-5922
-6469
-6713
-6708
-6021
-4686
-2387
702
3911
6427
7475
6898
4981
2296
6
-1122
-1132
-347
694
1159
1091
476
-666
-2190
-4080
-5916
-7287
-7951
-7501
-5862
-3555
-1192
626
1461
1271
529
-212
-473
-185
488
1362
2086
2574
2862
2905
2756
2439
1850
1262
968
941
1457
2284
3209
3904
4213
4176
4020
4054
4391
5147
6231
6948
6072
3916
271
-4456
-7877
-10344
-10441
-8746
-7155
-4780
-3235
-2136
-967
-357
653
1422
1936
2503
3309
4718
6469
8300
9134
8651
6616
3262
52
-2827
-4636
-4914
-4732
-4164
-3839
-4190
-4446
-5007
-5690
-5960
-6324
-6247
-5328
-3527
-674
2460
5178
6840
7011
5837
3948
2047
532
8
70
482
1046
1201
1046
385
-973
-2810
-5018
-6874
-8026
-8170
-7022
-4923
-2494
-445
934
1405
1134
596
261
390
710
1294
1892
2337
2724
2865
2820
2600
1927
1095
400
177
465
1150
2087
2857
3215
3224
3120
3007
3276
3967
4964
6389
7276
6583
4621
977
-3586
-7153
-9696
-9779
-8216
-6544
-4387
-3111
-2305
-1502
-1209
-421
288
816
1545
2567
4087
5943
7917
8867
8582
6706
3686
698
-1937
-3562
-3777
-3570
-3157
-2957
-3341
-3815
-4579
-5371
-5818
-6203
-6103
-5375
-3731
-1113
1801
4405
6108
6539
5551
3843
1967
447
-36
141
746
1434
1589
1382
615
-772
-2470
-4462
-6231
-7355
-7642
-6806
-5086
-3075
-1205
47
494
428
32
-245
-159
149
815
1584
2209
2729
3058
3091
2714
2138
1485
975
891
1110
1692
2312
2794
2993
2906
2886
2934
3192
3833
4814
6018
6808
6097
4245
760
-3605
-6935
-9208
-9085
-7501
-5880
-3793
-2738
-2014
-1339
-997
-206
487
1247
1998
2988
4366
5960
7792
8600
8252
6479
3657
887
-1750
-3405
-3790
-3760
-3295
-2977
-3253
-3641
-4429
-5156
-5622
-6138
-6162
-5321
-3560
-1017
1863
4365
5921
6161
4999
3205
1391
77
-199
-19
595
1174
1290
1186
407
-783
-2341
-4213
-5926
-7250
-7649
-7002
-5263
-3152
-1126
322
607
417
-117
-520
-367
94
789
1478
1984
2387
2650
2716
2571
2272
1753
1340
1140
1313
1889
2568
3186
3471
3523
3600
3727
4004
4708
5586
6562
6519
4961
2511
-1468
-5178
-7782
-9045
-7930
-6619
-4924
-3273
-2533
-1638
-1099
-383
509
1166
1875
2595
3829
5357
7236
8733
8929
7964
5495
2526
-202
-2477
-3440
-3539
-3419
-3140
-3355
-3825
-4386
-5240
-5840
-6280
-6513
-6108
-4839
-2616
182
3086
5146
5867
5066
3191
1098
-431
-708
-197
792
1720
1945
1779
1029
-27
-1454
-3163
-4920
-6592
-7440
-7440
-6250
-4317
-2392
-735
-54
-103
-488
-842
-753
-241
603
1442
2152
2687
2921
3114
3074
2854
2397
1911
1611
1560
2059
2735
3375
3725
3751
3610
3386
3583
4116
4971
6260
6599
5544
3372
-511
-4525
-7478
-9111
-8226
-6602
-4863
-2978
-2191
-1484
-1038
-715
16
651
1293
1941
3057
4430
6223
7864
8331
7590
5214
2152
-671
-3008
-3922
-3767
-3325
-2716
-2714
-3156
-3747
-4627
-5197
-5553
-5791
-5549
-4663
-2950
-559
2033
4069
5135
4941
3541
1881
279
-522
-387
24
831
1254
1236
1038
236
-917
-2417
-4198
-5731
-6768
-6947
-5986
-4353
-2493
-903
-26
156
-59
-407
-493
-174
377
1184
1863
2386
2900
3289
3525
3440
3044
2608
2326
2248
2448
2905
3445
3805
3987
3859
3840
3998
4454
5169
5915
6028
4643
2277
-1321
-5083
-7664
-8913
-8026
-6347
-4715
-3054
-2399
-1943
-1591
-1259
-396
444
1417
2363
3592
5068
6603
7947
8195
7260
4948
2030
-431
-2349
-3033
-2826
-2480
-2274
-2558
-3252
-4074
-4939
-5453
-5648
-5631
-5247
-4384
-2711
-533
1755
3693
4672
4570
3438
2048
851
202
392
793
1395
1590
1346
908
53
-1073
-2555
-4118
-5541
-6494
-6631
-6017
-4719
-3324
-2038
-1175
-791
-592
-491
-138
378
976
1655
2235
2844
3402
3848
4214
4192
3925
3450
3014
2804
2766
2878
2964
3074
3007
3073
3304
3696
4311
4975
5365
4433
2409
-580
-4166
-6715
-8121
-7850
-6230
-4716
-2998
-2015
-1491
-1060
-828
-224
441
1264
2165
3240
4467
5777
7058
7439
6843
5163
2547
53
-1979
-3131
-3128
-2810
-2281
-2208
-2824
-3457
-4288
-4902
-5244
-5391
-5119
-4455
-3380
-1831
101
1939
3152
3551
2897
1667
539
-288
-328
-24
496
1003
981
623
61
-657
-1610
-2807
-4086
-5123
-5568
-5374
-4589
-3568
-2544
-1718
-1219
-786
-432
36
518
881
1221
1518
1866
2437
2985
3444
3732
3651
3363
2860
2503
2466
2560
2822
2855
2885
3033
3282
3700
4284
5069
5640
5229
3459
837
-2666
-5540
-7270
-7652
-6372
-4993
-3592
-2478
-2057
-1450
-886
-242
448
980
1505
2270
3427
4710
6224
7181
7081
5963
3682
1247
-791
-2316
-2723
-2511
-2147
-1953
-2261
-2839
-3536
-4233
-4715
-4959
-5074
-4778
-3999
-2656
-811
1193
2717
3461
3251
2344
1308
502
284
460
885
1257
1272
963
456
-187
-986
-2060
-3331
-4662
-5569
-5829
-5302
-4351
-3433
-2640
-2147
-1673
-1110
-524
250
923
1312
1569
1798
2198
2779
3501
4040
4187
3916
3395
2830
2493
2456
2539
2669
2690
2587
2592
2876
3398
4098
4842
5158
4406
2496
-274
-3518
-5975
-7185
-7026
-5616
-4228
-2908
-1981
-1516
-881
-469
155
715
1040
1579
2263
3468
4904
6356
7162
6831
5450
3157
889
-937
-1983
-2017
-1711
-1323
-1264
-1711
-2357
-3193
-3915
-4582
-5093
-5363
-5158
-4306
-2847
-962
899
2263
2751
2256
1244
262
-359
-333
12
608
1115
1295
1334
1030
545
-280
-1543
-2953
-4329
-5144
-5165
-4521
-3531
-2681
-2127
-1958
-1806
-1647
-1217
-606
-72
476
796
1242
1846
2584
3307
3751
3893
3683
3191
2828
2688
2759
3012
3217
3151
2955
2786
2911
3357
3973
4634
5044
4386
2662
98
-3159
-5675
-7013
-6955
-5548
-4139
-2735
-1702
-1181
-641
-324
137
609
973
1477
2264
3446
4711
6165
7049
6790
5466
3147
962
-975
-2190
-2308
-1930
-1368
-1194
-1561
-2292
-3218
-4157
-4916
-5440
-5694
-5476
-4689
-3315
-1364
606
2038
2659
2250
1287
212
-492
-380
188
1017
1754
2005
2015
1569
850
-190
-1654
-3150
-4443
-5214
-5308
-4757
-3921
-3107
-2598
-2408
-2301
-2134
-1752
-1101
-422
310
1020
1669
2288
2945
3618
3991
4070
3891
3534
3218
3128
3192
3343
3405
3317
2999
2727
2671
2913
3465
4082
4620
4308
2911
563
-2674
-5319
-6971
-7077
-5630
-4046
-2437
-1379
-943
-593
-513
-150
289
696
1163
1829
2837
4045
5539
6510
6686
5619
3393
1036
-1037
-2346
-2479
-1979
-1134
-746
-1082
-1825
-2974
-4107
-5015
-5596
-5863
-5766
-5172
-3873
-1955
91
1719
2543
2239
1167
-110
-994
-888
-104
981
2067
2580
2535
1969
1083
-64
-1464
-2825
-4049
-4820
-5136
-4822
-4087
-3363
-2823
-2757
-2840
-2854
-2607
-1939
-1041
55
1092
1868
2531
3034
3434
3775
3937
3903
3731
3555
3438
3426
3458
3549
3472
3298
2990
2757
2828
3263
3887
4526
4564
3428
1285
-1822
-4698
-6568
-7082
-5702
-4079
-2421
-1343
-1149
-773
-967
-709
-185
265
878
1325
2185
3251
4520
5655
6103
5486
3581
1408
-627
-1949
-2082
-1625
-652
-60
-307
-1053
-2328
-3573
-4580
-5337
-5520
-5466
-5142
-4128
-2509
-606
975
1816
1721
858
-261
-1095
-1088
-476
488
1583
2207
2439
2073
1429
535
-743
-2117
-3384
-4158
-4499
-4215
-3582
-2926
-2378
-2442
-2648
-2883
-2826
-2271
-1447
-329
606
1405
2021
2495
2959
3291
3594
3703
3658
3441
3314
3390
3464
3607
3635
3447
3161
2939
2997
3316
3908
4635
4876
4276
2678
-13
-2918
-5348
-6682
-6136
-4689
-2883
-1624
-1336
-1165
-1474
-1483
-1315
-919
-216
311
1150
2122
3289
4413
5101
5227
4267
2673
854
-685
-1123
-897
82
1032
1267
778
-516
-2014
-3520
-4677
-5257
-5361
-5225
-4678
-3733
-2467
-1264
-423
-174
-552
-1265
-2112
-2390
-2090
-1046
413
1634
2571
2867
2459
1682
496
-646
-1617
-2205
-2461
-2379
-2143
-2016
-1883
-2098
-2376
-2674
-2950
-2876
-2674
-2126
-1399
-521
486
1335
2040
2434
2721
2845
3052
3337
3652
4081
4337
4460
4357
4180
3985
3791
3714
3794
4037
4320
4431
4130
3131
1268
-1158
-3687
-5546
-5952
-5197
-3520
-1963
-1160
-1097
-1817
-2456
-2841
-2570
-1863
-1090
-229
560
1592
2520
3231
3693
3540
3075
2114
1199
622
388
864
1554
2319
2706
2399
1388
-238
-2041
-3524
-4271
-4382
-4032
-3355
-2699
-2137
-1938
-2125
-2590
-3258
-4058
-4505
-4361
-3499
-2013
-323
1274
2302
2643
2299
1530
631
-139
-570
-586
-279
-24
133
94
-346
-960
-1661
-2174
-2430
-2367
-2142
-1805
-1304
-777
-115
503
1033
1463
1613
1666
1812
2101
2531
3022
3353
3471
3442
3292
3080
2866
2769
2910
3078
3180
3146
2720
1767
418
-986
-2035
-2408
-2026
-1055
16
629
550
-75
-878
-1638
-1980
-1890
-1591
-1210
-810
-370
-23
192
227
120
-156
-370
-464
-395
-88
294
682
959
1103
1145
1175
1045
640
102
-509
-1092
-1436
-1520
-1227
-818
-504
-318
-562
-1093
-1763
-2400
-2834
-2835
-2401
-1643
-753
46
546
724
471
5
-459
-758
-843
-791
-581
-368
-176
-111
-129
-199
-398
-622
-860
-1101
-1151
-1042
-714
-302
63
327
386
362
188
56
-7
48
185
190
187
103
-119
-349
-455
-525
-566
-502
-389
-165
183
626
1128
1620
2060
2403
2619
2924
3193
3348
3479
3438
3280
2982
2605
2123
1591
1036
536
83
-287
-660
-962
-1167
-1316
-1421
-1540
-1503
-1410
-1231
-968
-740
-479
-191
26
204
230
120
-89
-312
-616
-867
-958
-990
-861
-783
-753
-859
-1111
-1538
-1944
-2248
-2244
-1957
-1447
-873
-427
-126
-145
-264
-528
-625
-648
-608
-388
-294
-143
-48
-38
18
-42
-140
-263
-468
-640
-686
-565
-382
-115
89
134
70
-100
-318
-426
-444
-313
-200
-90
-73
-204
-382
-529
-651
-588
-372
-86
291
677
1158
1670
2129
2533
2843
3112
3320
3520
3701
3835
3823
3617
3185
2595
1928
1237
630
181
-181
-520
-769
-1027
-1229
-1434
-1615
-1788
-1861
-1810
-1557
-1154
-760
-404
-135
61
183
210
234
97
-45
-204
-412
-621
-680
-663
-605
-549
-613
-747
-1042
-1376
-1636
-1575
-1320
-932
-502
-192
-1
-60
-273
-549
-787
-965
-1014
-955
-848
-676
-603
-549
-583
-698
-666
-697
-673
-514
-286
19
323
523
638
675
562
342
110
-114
-279
-320
-278
-233
-338
-501
-790
-1153
-1517
-1634
-1495
-1141
-631
-92
470
891
1307
1571
1824
2028
2224
2665
3147
3666
4149
4512
4578
4381
3765
2895
1847
804
112
-285
-428
-395
-329
-456
-817
-1404
-2128
-2694
-3021
-2988
-2725
-2194
-1498
-839
-192
225
459
422
191
-66
-199
-176
48
416
795
1064
1042
788
346
-170
-763
-1184
-1241
-1000
-537
-21
400
496
239
-292
-966
-1582
-1979
-2083
-2012
-1762
-1520
-1268
-1013
-921
-909
-1035
-1131
-1008
-777
-389
101
499
758
765
630
447
175
-83
-310
-515
-629
-618
-660
-749
-951
-1215
-1395
-1545
-1440
-1208
-790
-338
75
552
957
1336
1653
1889
2061
2282
2492
2880
3343
3702
3907
3798
3581
3320
3062
2938
2746
2327
1601
529
-702
-1682
-2231
-2266
-1898
-1483
-1210
-1252
-1579
-2106
-2523
-2586
-2381
-1766
-948
-96
599
1017
1201
1100
887
588
525
631
852
1042
1115
1049
899
766
686
605
295
-83
-660
-1192
-1456
-1494
-1315
-1090
-1056
-1341
-1794
-2407
-2943
-3207
-3053
-2571
-1852
-1096
-486
-42
112
56
-62
-126
-45
161
394
495
475
363
167
-104
-450
-883
-1340
-1839
-2295
-2498
-2450
-2196
-1791
-1445
-1116
-942
-698
-363
-9
637
1221
1762
2170
2464
2805
3125
3381
3578
3573
3365
3088
2780
2475
2282
2229
2331
2386
2358
2150
1676
939
-10
-1099
-2130
-2769
-2812
-2305
-1473
-798
-477
-625
-1126
-1609
-1905
-1824
-1360
-772
-145
436
831
1075
1222
1202
1123
908
768
660
626
722
883
1019
1162
1131
756
248
-551
-1398
-2084
-2499
-2597
-2351
-1992
-1808
-1840
-2001
-2293
-2583
-2734
-2617
-2326
-1860
-1219
-560
11
406
606
545
349
100
-57
-144
-146
-111
-138
-249
-511
-839
-1244
-1702
-2085
-2275
-2337
-2185
-1862
-1438
-918
-426
41
393
697
901
1107
1392
1685
2126
2623
2997
3221
3264
3113
2854
2581
2342
2347
2363
2401
2543
2640
2875
2948
2743
2115
817
-830
-2451
-3551
-3743
-3112
-1992
-1045
-632
-860
-1602
-2414
-2951
-2996
-2585
-1724
-688
332
1247
1790
2130
2162
2054
1942
1860
1833
1810
1699
1664
1646
1629
1526
1076
306
-907
-2196
-3297
-3961
-4050
-3676
-3131
-2630
-2333
-2335
-2572
-2879
-3032
-2940
-2514
-1756
-852
10
613
995
1130
1070
954
724
441
28
-329
-608
-747
-704
-709
-786
-1073
-1550
-2054
-2430
-2565
-2293
-1830
-1127
-402
309
962
1318
1609
1839
2190
2513
2888
3273
3440
3440
3322
3299
3298
3297
3241
3154
3046
2975
2994
3141
3138
2896
2142
797
-765
-2341
-3256
-3428
-2915
-2019
-1233
-853
-999
-1613
-2286
-2794
-2778
-2281
-1490
-519
450
1214
1648
1922
1973
2017
2022
1953
1887
1693
1438
1306
1194
1210
1119
674
-77
-1141
-2325
-3371
-4142
-4435
-4233
-3732
-3119
-2640
-2341
-2347
-2665
-2968
-3022
-2745
-2057
-1100
-178
503
938
1198
1207
1197
1011
735
378
-56
-300
-423
-314
-218
-154
-340
-803
-1330
-1901
-2366
-2441
-2208
-1668
-973
-274
494
960
1285
1471
1630
1948
2226
2575
2889
3113
3190
3199
3183
3082
2983
2866
2729
2677
2668
2834
3031
3085
2813
2052
798
-651
-2007
-2789
-2771
-2191
-1340
-621
-378
-642
-1203
-1868
-2276
-2289
-1883
-1176
-379
483
1213
1687
1845
1824
1635
1439
1289
1121
1005
859
707
619
507
342
-44
-708
-1527
-2523
-3312
-3743
-3750
-3287
-2625
-1920
-1436
-1419
-1680
-2095
-2493
-2583
-2274
-1597
-800
-2
530
841
839
773
547
262
8
-272
-389
-398
-347
-190
-30
-62
-200
-529
-868
-1231
-1444
-1416
-1193
-778
-145
533
1164
1568
1736
1769
1640
1578
1621
1784
2026
2247
2272
2155
1883
1582
1449
1447
1629
1828
2013
2264
2506
2635
2679
2535
1998
1112
92
-824
-1334
-1368
-981
-484
-135
-122
-476
-972
-1511
-1871
-2027
-1755
-1190
-501
176
691
1006
1040
983
888
884
854
738
633
446
215
84
-44
-129
-326
-739
-1241
-1741
-2106
-2267
-2155
-1937
-1737
-1600
-1592
-1702
-1797
-1940
-2024
-1938
-1758
-1397
-949
-509
-88
76
138
90
33
30
48
23
-27
-50
-121
-214
-323
-409
-533
-588
-620
-703
-739
-765
-688
-333
116
684
1194
1531
1696
1693
1582
1462
1513
1623
1680
1741
1654
1553
1456
1320
1410
1512
1665
1854
1979
2163
2355
2517
2594
2507
2059
1322
332
-658
-1309
-1581
-1396
-997
-597
-394
-542
-890
-1268
-1555
-1624
-1450
-1111
-665
-132
336
680
872
937
796
569
404
207
108
6
-157
-270
-386
-460
-575
-642
-769
-1064
-1401
-1756
-2119
-2382
-2434
-2345
-2227
-2010
-1865
-1764
-1636
-1524
-1341
-1135
-872
-661
-470
-255
5
293
565
701
726
551
236
-107
-402
-524
-571
-583
-557
-524
-517
-464
-340
-134
36
190
396
549
678
797
1027
1324
1560
1738
1741
1617
1415
1171
1084
1105
1257
1593
1989
2377
2667
2848
3026
3101
3054
2887
2480
1916
1102
145
-694
-1292
-1452
-1262
-892
-580
-485
-688
-1080
-1441
-1657
-1577
-1280
-816
-234
333
813
998
980
840
603
435
384
313
229
-8
-250
-408
-559
-601
-597
-662
-811
-1114
-1561
-2006
-2343
-2483
-2403
-2233
-1960
-1683
-1496
-1304
-1150
-1041
-985
-864
-753
-614
-435
-178
148
386
580
623
510
227
-92
-367
-606
-714
-718
-701
-615
-471
-269
-63
37
156
238
331
428
564
738
934
1158
1382
1566
1639
1631
1503
1435
1289
1214
1241
1472
1795
2185
2542
2887
3074
3135
3162
2972
2529
1757
840
-227
-1074
-1603
-1640
-1405
-1067
-686
-513
-536
-686
-886
-1030
-1056
-972
-730
-280
97
488
710
756
774
597
524
365
118
-162
-448
-679
-768
-754
-644
-516
-506
-666
-992
-1417
-1740
-2054
-2206
-2129
-1961
-1649
-1354
-1126
-1006
-941
-953
-939
-890
-791
-620
-495
-311
-139
-133
-129
-153
-252
-413
-535
-673
-814
-959
-1055
-1045
-951
-660
-349
-114
81
217
314
480
606
790
1007
1100
1225
1201
1248
1346
1389
1497
1588
1660
1703
1732
1793
1889
2017
2187
2398
2564
2732
2871
2676
2208
1457
402
-681
-1524
-1887
-1841
-1476
-950
-465
-241
-91
-96
-176
-288
-357
-343
-278
-105
1
167
190
251
283
260
207
-12
-358
-769
-1142
-1345
-1294
-1103
-865
-787
-791
-880
-1048
-1193
-1347
-1476
-1517
-1445
-1282
-1013
-775
-647
-664
-737
-838
-843
-717
-535
-299
-172
-106
-175
-362
-560
-717
-848
-865
-783
-710
-644
-556
-564
-546
-390
-210
23
287
485
633
842
1018
1203
1294
1409
1440
1362
1288
1133
1122
1110
1147
1308
1435
1646
1776
1879
2001
2023
2059
2155
2341
2558
2640
2435
1877
1001
65
-781
-1290
-1326
-1054
-591
-91
207
355
403
376
350
334
321
304
282
224
88
-108
-294
-381
-359
-335
-366
-529
-713
-1057
-1319
-1418
-1362
-1205
-1111
-1026
-1044
-1131
-1173
-1163
-1182
-1166
-1093
-1029
-887
-823
-766
-687
-700
-758
-708
-660
-583
-466
-389
-316
-313
-321
-366
-472
-682
-800
-861
-868
-710
-589
-404
-157
104
343
522
639
655
683
712
831
1016
1146
1297
1332
1361
1418
1455
1417
1340
1296
1248
1248
1262
1349
1471
1568
1726
1908
2051
2159
2261
2259
2099
1684
1026
230
-533
-1127
-1356
-1242
-941
-443
-86
203
310
263
236
218
236
339
388
273
47
-299
-571
-711
-765
-634
-542
-476
-514
-695
-894
-1082
-1173
-1220
-1212
-1345
-1421
-1500
-1526
-1518
-1503
-1378
-1238
-1118
-936
-732
-593
-469
-443
-413
-409
-390
-373
-393
-405
-417
-340
-306
-188
-128
-223
-273
-418
-529
-629
-620
-505
-293
-10
310
556
713
760
679
607
558
652
706
865
991
1111
1178
1303
1368
1389
1384
1287
1227
1120
1087
1029
1019
1085
1134
1270
1340
1489
1603
1539
1332
1024
542
59
-370
-698
-712
-584
-326
-64
156
327
341
350
409
446
498
532
427
199
-178
-645
-913
-1108
-1165
-1087
-1003
-934
-880
-865
-839
-827
-902
-1016
-1169
-1303
-1435
-1493
-1490
-1440
-1400
-1266
-1097
-834
-531
-337
-175
-52
0
-115
-220
-340
-457
-560
-607
-619
-550
-495
-405
-345
-312
-217
-188
-307
-431
-464
-408
-268
-59
174
378
475
449
493
571
647
734
817
856
939
1134
1220
1426
1540
1621
1591
1424
1240
1025
935
806
874
1047
1244
1460
1636
1710
1698
1565
1368
1094
725
468
216
127
124
140
285
353
342
344
276
217
242
241
328
342
334
273
69
-180
-470
-766
-911
-1014
-1093
-1050
-1063
-994
-926
-948
-1011
-1131
-1287
-1470
-1613
-1623
-1613
-1493
-1351
-1186
-1005
-822
-702
-589
-507
-493
-496
-514
-513
-465
-423
-421
-421
-485
-579
-595
-552
-459
-376
-335
-342
-359
-414
-452
-444
-452
-360
-162
71
250
424
548
656
691
760
845
951
1096
1271
1387
1456
1561
1600
1648
1602
1472
1299
1069
931
891
914
1001
1142
1263
1415
1479
1334
1164
816
574
365
282
351
350
379
363
285
163
33
-126
-194
-202
-304
-269
-274
-296
-348
-467
-589
-681
-809
-843
-825
-849
-822
-791
-778
-775
-822
-956
-1016
-1178
-1262
-1342
-1342
-1309
-1311
-1260
-1228
-1116
-1041
-983
-948
-920
-841
-808
-770
-694
-648
-454
-272
-166
-126
-129
-176
-298
-371
-293
-226
-117
-23
1
-12
-107
-212
-265
-195
-2
226
442
566
638
709
793
867
1006
1080
1192
1263
1307
1406
1465
1613
1622
1576
1484
1375
1294
1224
1243
1258
1293
1440
1436
1428
1331
1138
957
724
568
567
587
643
630
547
391
83
-69
-264
-422
-428
-403
-401
-484
-611
-778
-906
-998
-961
-868
-761
-688
-690
-701
-725
-728
-815
-882
-1001
-1130
-1269
-1393
-1446
-1516
-1535
-1490
-1441
-1343
-1298
-1222
-1196
-1109
-971
-871
-741
-628
-560
-466
-331
-199
-114
-82
-62
-105
-244
-339
-264
-287
-240
-194
-210
-175
-152
-129
-67
11
104
285
434
613
779
917
1050
1187
1279
1318
1395
1459
1468
1466
1442
1421
1385
1374
1416
1395
1354
1314
1303
1261
1147
1118
1098
1048
926
800
673
606
488
436
437
385
369
317
147
-88
-303
-528
-621
-615
-611
-629
-687
-815
-937
-986
-1007
-932
-861
-754
-728
-696
-765
-832
-836
-885
-904
-975
-1022
-1175
-1296
-1416
-1514
-1545
-1533
-1440
-1396
-1304
-1209
-1174
-1120
-965
-939
-825
-692
-604
-447
-355
-215
-121
-55
5
-7
-40
-92
-98
-101
-98
-19
81
200
292
363
399
422
461
505
608
756
900
989
1112
1206
1255
1271
1303
1292
1285
1284
1194
1154
1135
1142
1152
1209
1252
1268
1285
1207
1173
1095
1031
999
899
770
672
598
504
436
334
225
70
-35
-180
-349
-494
-653
-750
-720
-641
-687
-719
-808
-878
-924
-883
-760
-735
-659
-626
-690
-696
-793
-892
-882
-937
-983
-1070
-1178
-1248
-1370
-1443
-1475
-1472
-1440
-1399
-1344
-1242
-1096
-973
-822
-723
-575
-471
-421
-319
-216
-167
-105
-20
38
119
170
120
56
-31
-107
-109
-91
45
193
294
383
452
484
491
479
558
631
731
835
899
979
1008
1019
972
938
894
861
832
834
834
820
890
1022
1074
1147
1109
1106
1077
994
929
876
867
844
793
664
521
353
179
61
-100
-177
-301
-396
-443
-499
-459
-441
-404
-461
-523
-560
-606
-634
-649
-674
-673
-650
-709
-728
-823
-842
-884
-951
-968
-996
-1036
-1120
-1154
-1225
-1246
-1224
-1192
-1181
-1124
-1117
-1034
-964
-875
-699
-568
-411
-333
-228
-192
-189
-154
-87
37
127
251
286
303
212
108
101
62
64
180
350
520
628
677
716
714
694
647
664
726
778
893
983
999
1044
989
1032
980
890
843
796
881
958
1103
1186
1321
1364
1346
1301
1229
1205
1134
1128
1115
1112
1083
1002
846
637
460
345
224
106
63
-32
-58
-111
-105
-81
-101
-170
-230
-316
-408
-448
-446
-427
-547
-654
-799
-902
-1015
-1072
-1084
-1096
-1081
-1097
-1094
-1108
-1156
-1164
-1171
-1179
-1185
-1186
-1105
-1127
-1083
-998
-863
-790
-749
-688
-680
-695
-664
-535
-471
-347
-315
-327
-238
-203
-141
-122
-84
-40
-44
10
81
230
333
430
522
568
584
535
448
427
394
397
428
495
549
553
540
436
437
480
500
538
603
705
807
907
978
1026
1032
954
980
950
1006
1018
967
882
749
618
511
426
362
275
143
98
-86
-110
-77
-69
-19
-15
-49
-107
-86
-79
-73
-55
-63
-139
-202
-288
-394
-511
-553
-631
-738
-846
-969
-1062
-1111
-1160
-1234
-1222
-1178
-1167
-1159
-1159
-1153
-1137
-1045
-928
-845
-820
-826
-825
-867
-869
-777
-758
-697
-650
-581
-537
-483
-362
-283
-182
-106
-86
-118
-148
-182
-175
-122
28
117
191
250
275
233
226
244
255
333
410
518
607
667
685
765
806
818
829
856
875
935
938
922
928
905
878
819
896
790
774
719
649
597
583
535
456
396
297
235
216
182
224
281
366
468
446
408
318
378
335
359
399
325
224
111
18
-56
-145
-318
-462
-626
-750
-734
-710
-740
-700
-699
-733
-782
-808
-895
-906
-906
-876
-783
-725
-688
-733
-781
-833
-807
-809
-886
-857
-807
-761
-740
-731
-560
-453
-405
-362
-340
-335
-360
-349
-360
-353
-310
-289
-235
-264
-257
-267
-270
-246
-254
-183
-148
-75
63
260
389
458
511
570
576
616
671
720
735
747
738
760
726
696
735
706
622
512
523
445
445
431
387
375
295
229
256
330
462
572
616
667
628
612
627
678
703
741
722
682
673
631
557
498
355
257
131
-37
-106
-201
-195
-177
-217
-282
-303
-404
-505
-584
-635
-577
-539
-435
-430
-477
-499
-598
-641
-708
-761
-730
-807
-803
-767
-722
-633
-583
-532
-492
-465
-469
-491
-540
-595
-676
-719
-756
-783
-782
-765
-725
-711
-680
-638
-598
-572
-468
-398
-329
-231
-145
-112
-4
41
42
71
105
71
63
46
57
67
123
166
163
201
164
187
195
210
225
258
269
245
262
314
389
476
600
661
709
692
632
626
613
657
721
713
699
748
804
796
774
721
612
469
272
205
186
229
292
357
358
299
243
138
82
29
-9
-31
-20
-23
-52
-77
-114
-189
-243
-251
-304
-359
-440
-426
-336
-243
-176
-171
-126
-113
-159
-223
-288
-366
-396
-455
-519
-591
-636
-675
-725
-745
-735
-716
-708
-678
-632
-652
-592
-511
-533
-491
-404
-302
-231
-169
-83
-28
-18
-44
-44
-12
4
30
64
24
45
56
37
16
1
-18
-60
-62
-95
-110
-53
32
102
224
332
479
531
560
567
548
528
554
560
618
735
814
867
845
796
693
502
448
436
406
399
480
498
460
380
276
246
156
91
32
-17
-30
-39
-73
-186
-214
-179
-168
-164
-178
-168
-186
-154
-90
-21
5
46
116
101
100
30
-82
-141
-155
-224
-266
-275
-361
-438
-498
-568
-602
-577
-592
-535
-517
-524
-531
-559
-572
-528
-468
-375
-281
-208
-194
-182
-141
-165
-169
-145
-108
-87
-80
-46
-9
42
82
74
89
30
-28
-51
-75
-74
-58
2
102
112
178
215
234
266
302
303
291
328
359
431
529
547
581
620
598
589
537
489
486
487
523
621
618
587
495
417
349
297
259
190
124
96
13
-48
-129
-208
-192
-254
-291
-234
-188
-128
-78
-114
-54
-42
4
63
82
114
62
55
-43
-118
-231
-262
-294
-319
-368
-450
-496
-537
-522
-545
-552
-539
-548
-522
-527
-481
-410
-388
-318
-266
-249
-241
-195
-139
-123
-74
5
2
41
67
58
43
56
106
90
78
34
-38
-111
-174
-156
-125
-60
-3
99
173
187
151
179
215
196
260
340
380
438
523
531
500
461
452
430
537
567
634
638
633
617
569
549
441
365
301
173
50
-67
-131
-169
-240
-261
-364
-409
-437
-480
-373
-310
-286
-227
-220
-179
-199
-223
-116
-93
-46
-36
-60
-152
-243
-306
-294
-253
-311
-245
-293
-360
-387
-448
-458
-459
-498
-469
-454
-427
-387
-343
-292
-296
-317
-282
-311
-275
-218
-159
-92
-13
73
112
131
176
146
176
157
162
163
110
141
61
22
54
23
-10
-16
18
101
143
166
164
128
116
148
208
260
333
395
416
434
415
426
484
545
626
661
716
732
704
682
630
559
470
379
324
233
169
115
21
-6
-68
-123
-211
-276
-307
-348
-298
-217
-90
-29
-12
7
-27
15
70
94
137
96
65
71
49
-23
-45
-50
-96
-122
-160
-185
-219
-318
-326
-343
-334
-335
-332
-341
-308
-277
-326
-300
-309
-245
-247
-256
-175
-230
-170
-37
-3
83
143
186
189
192
163
144
124
101
93
119
78
70
17
-4
-6
14
44
31
58
29
38
109
185
247
275
326
436
439
437
464
524
560
572
628
652
671
741
779
762
720
609
553
484
339
259
234
178
121
73
-9
-61
-176
-193
-240
-259
-165
-132
-62
13
26
42
50
121
153
142
101
120
91
23
14
35
118
101
88
65
-40
-62
-82
-151
-119
-124
-167
-179
-237
-278
-252
-284
-306
-291
-305
-343
-356
-293
-271
-232
-167
-117
-53
15
101
165
269
288
297
268
195
155
153
146
131
116
48
-6
-5
-6
2
-33
-60
-60
-74
-56
-18
63
115
180
240
249
282
347
354
396
416
497
576
600
618
628
602
592
512
446
351
231
173
84
92
84
27
13
10
-60
-105
-100
-97
-75
11
32
29
105
98
122
125
92
110
11
-25
-71
-81
-29
-28
9
28
-17
-69
-146
-154
-128
-145
-168
-127
-155
-198
-205
-259
-256
-334
-326
-334
-358
-302
-281
-257
-205
-157
-134
-124
-117
-72
-7
42
67
92
113
103
83
87
99
66
28
42
21
8
-7
9
-36
-81
-107
-181
-194
-124
-32
-70
-47
48
102
144
145
175
198
180
246
280
301
352
359
404
389
404
466
449
382
353
325
259
262
246
246
205
159
144
117
138
131
116
152
93
81
28
15
6
12
-25
-46
-41
-109
-95
-68
-50
12
97
79
134
117
105
89
71
105
163
149
81
77
-33
-84
-141
-249
-302
-353
-320
-352
-351
-312
-211
-190
-112
-73
-85
-39
5
67
79
153
226
264
285
291
242
179
173
177
231
213
168
156
95
56
-1
-31
-75
-79
-45
-53
3
-7
9
38
24
119
131
174
225
263
293
323
321
360
368
392
445
423
364
306
242
151
199
221
229
183
142
125
135
96
20
41
14
16
-46
-103
-80
-121
-84
-62
-134
-166
-138
-211
-105
-1
58
129
154
166
139
160
113
126
131
160
189
120
118
29
-77
-167
-254
-368
-370
-357
-371
-349
-322
-258
-279
-236
-246
-203
-219
-198
-86
-27
42
77
130
152
203
201
176
120
81
87
98
128
92
80
71
1
-10
-43
-52
-6
-39
19
48
51
79
93
119
141
183
260
262
281
286
299
346
352
415
469
472
413
383
341
278
306
318
308
272
204
151
141
198
186
152
156
57
16
-63
-138
-100
-117
-100
-153
-124
-118
-142
-103
-19
56
83
116
142
159
171
170
190
216
201
224
219
155
84
-14
-94
-120
-181
-222
-252
-265
-277
-307
-278
-287
-251
-248
-218
-211
-181
-158
-131
-128
-93
11
9
-32
-4
-29
-55
-44
-91
-83
-75
-88
-89
-65
-89
-86
-90
-159
-168
-156
-132
-142
-128
-102
-84
-15
-9
33
29
48
103
85
153
212
255
278
263
297
282
276
327
287
316
270
294
299
248
284
245
291
301
301
196
151
87
38
16
-41
-62
-46
-86
-65
-38
-9
24
25
18
82
126
119
154
165
199
273
288
299
263
300
270
192
113
18
-32
-85
-125
-169
-158
-200
-195
-177
-241
-294
-268
-245
-214
-204
-190
-139
-103
-108
-96
-74
-129
-115
-115
-186
-108
-33
-45
-5
-45
-55
-33
-41
-10
-38
-72
-64
-55
-59
-67
-39
-83
-50
-30
-32
42
23
14
-30
71
166
142
167
222
204
258
273
251
289
275
279
308
309
277
247
287
311
292
301
292
248
128
37
-11
-35
-47
-87
-81
-111
-152
-125
-166
-131
-115
-55
49
61
33
76
119
152
174
225
229
154
128
53
55
-1
-61
-89
-173
-187
-181
-228
-269
-244
-307
-295
-296
-281
-251
-215
-151
-199
-150
-142
-112
-124
-98
-96
-98
-104
-82
-74
-80
-134
-128
-114
-141
-96
-117
-100
-142
-83
-46
-55
-43
0
21
5
-14
-37
-10
-9
0
-8
9
42
121
141
139
172
193
280
266
292
335
315
320
401
382
401
408
365
425
421
447
420
337
325
245
188
166
57
55
-25
-56
-92
-95
-129
-164
-154
-162
-130
-86
-70
-64
-21
9
34
49
97
101
71
38
-17
-56
-30
-102
-114
-117
-153
-147
-199
-174
-184
-212
-230
-241
-180
-142
-147
-165
-122
-143
-188
-169
-174
-168
-141
-117
-95
-151
-89
-68
-80
-75
-61
-51
-37
2
26
-13
-19
-20
-90
-34
-46
-69
-55
-65
-99
-88
-94
-123
-98
-82
-44
-37
-9
38
94
129
146
155
197
283
333
326
339
389
379
377
381
368
371
360
319
292
200
124
94
55
56
12
-18
-56
-59
-119
-137
-103
-116
-65
7
9
64
95
113
127
118
102
144
109
16
-4
-45
-6
-33
-36
-69
-130
-176
-166
-166
-178
-164
-113
-103
-104
-82
-149
-124
-143
-160
-181
-241
-266
-296
-320
-312
-251
-243
-250
-231
-213
-145
-93
-80
-69
-68
-61
-77
-71
-40
-42
-39
-17
-39
-50
28
-31
-23
8
-37
-36
-39
-57
-73
-1
-6
29
68
81
72
70
88
155
230
279
292
239
298
321
376
358
353
347
275
274
243
206
171
142
100
102
78
47
-5
-54
-62
-22
28
14
33
67
87
98
116
72
51
55
2
-5
1
-26
-14
-18
-2
-16
-55
-81
-121
-110
-139
-74
-74
-98
-135
-119
-146
-174
-196
-176
-205
-202
-163
-183
-202
-224
-156
-166
-137
-127
-87
-23
-12
11
71
104
136
192
149
138
92
137
188
154
139
97
72
94
120
97
66
6
30
57
69
94
106
204
258
238
281
286
291
