360
375
372
369
401
406
457
503
536
595
620
657
685
728
807
849
942
1005
1113
1157
1273
1318
1306
1363
1354
1364
1327
1311
1292
1228
1207
1087
1000
992
869
746
668
598
459
296
171
97
30
-63
-126
-169
-265
-321
-357
-437
-430
-471
-537
-591
-665
-722
-787
-857
-934
-950
-1019
-1111
-1191
-1288
-1270
-1287
-1304
-1324
-1326
-1290
-1305
-1261
-1216
-1198
-1173
-1099
-1098
-1080
-1042
-1005
-956
-943
-915
-886
-875
-858
-804
-772
-717
-672
-584
-487
-433
-354
-295
-205
-181
-89
-23
-12
72
78
103
171
164
219
161
234
295
240
282
314
361
385
429
422
447
460
431
475
502
476
455
457
444
417
409
453
445
475
463
495
487
521
585
578
639
662
734
771
824
832
945
1019
1052
1127
1206
1276
1288
1344
1329
1387
1443
1387
1414
1373
1296
1249
1172
1120
977
895
786
688
563
421
326
237
121
28
-57
-176
-204
-292
-337
-378
-457
-489
-539
-560
-671
-700
-740
-840
-894
-948
-1014
-1106
-1142
-1198
-1231
-1313
-1362
-1369
-1383
-1362
-1378
-1399
-1300
-1211
-1248
-1189
-1163
-1112
-1072
-1028
-926
-966
-920
-875
-836
-782
-758
-708
-722
-659
-566
-538
-468
-347
-249
-194
-160
-51
15
84
111
142
174
229
243
244
256
268
314
346
363
361
416
399
400
407
411
425
411
424
449
399
404
432
383
379
384
416
426
388
434
447
463
527
567
564
577
649
682
733
784
875
927
995
1044
1147
1136
1224
1286
1296
1352
1352
1372
1359
1349
1382
1289
1250
1186
1118
1071
942
838
697
635
536
394
289
161
90
26
-82
-138
-201
-250
-278
-360
-365
-386
-451
-529
-576
-667
-693
-742
-840
-849
-921
-980
-1061
-1182
-1169
-1209
-1276
-1283
-1296
-1266
-1303
-1243
-1218
-1184
-1184
-1129
-1026
-1017
-944
-903
-865
-850
-808
-796
-758
-765
-736
-695
-649
-632
-560
-514
-455
-433
-358
-254
-207
-166
-91
-3
39
55
96
111
132
173
183
210
147
209
197
148
206
296
289
280
313
290
301
298
321
289
314
334
360
366
353
371
403
413
437
414
457
486
515
540
608
648
684
744
799
856
980
1077
1120
1228
1192
1283
1346
1417
1439
1389
1426
1389
1391
1437
1351
1300
1204
1129
1031
930
812
678
584
516
369
287
217
114
68
-84
-149
-174
-197
-243
-331
-381
-410
-477
-544
-583
-625
-727
-788
-831
-922
-964
-1042
-1165
-1181
-1237
-1223
-1235
-1241
-1220
-1267
-1217
-1179
-1151
-1094
-1024
-1006
-980
-924
-894
-849
-808
-771
-751
-725
-747
-699
-654
-615
-581
-609
-521
-450
-368
-309
-237
-187
-133
-105
-64
-20
51
128
137
137
197
231
255
252
266
282
248
256
275
295
275
281
250
200
258
260
256
290
245
252
238
270
289
326
284
299
342
335
378
408
494
542
607
681
740
808
834
910
991
1069
1150
1236
1305
1325
1366
1386
1410
1389
1386
1403
1367
1361
1314
1244
1118
1027
955
865
769
632
512
392
292
195
92
-60
-100
-179
-223
-259
-378
-421
-474
-499
-535
-607
-637
-731
-766
-775
-872
-923
-986
-1040
-1070
-1162
-1178
-1187
-1176
-1227
-1248
-1245
-1203
-1220
-1211
-1113
-1107
-1029
-981
-947
-911
-832
-771
-748
-731
-684
-658
-640
-605
-579
-547
-520
-464
-463
-424
-337
-260
-193
-174
-130
-14
55
65
140
145
147
183
157
170
184
191
161
241
223
191
225
219
245
169
169
171
230
212
258
-25
-90
-218
-500
-268
-168
44
137
212
302
370
502
631
745
812
925
1006
1095
1081
1209
1307
1422
1557
1641
1746
1824
1899
1943
1973
1963
1979
1914
1849
1768
1552
1390
1193
938
718
514
338
190
99
45
-66
-108
-114
-167
-192
-216
-265
-287
-330
-421
-487
-537
-635
-727
-778
-866
-893
-960
-940
-931
-925
-820
-804
-753
-729
-719
-701
-727
-747
-754
-739
-783
-834
-897
-944
-908
-934
-960
-898
-874
-893
-804
-761
-740
-718
-742
-706
-698
-677
-671
-715
-715
-759
-714
-702
-667
-622
-571
-496
-449
-361
-331
-205
-131
-57
29
51
96
172
160
201
236
234
210
256
323
316
377
386
428
494
539
602
688
827
903
1035
1148
1276
1425
1574
1751
1869
2095
2327
2525
2746
2981
3184
3388
3444
3533
3600
3506
3351
3034
2647
2167
1587
928
232
-418
-1098
-1729
-2163
-2528
-2721
-2783
-2690
-2500
-2170
-1811
-1384
-913
-504
-156
124
349
430
415
362
259
142
31
-171
-206
-207
-186
-105
0
108
193
304
430
424
325
226
18
-251
-519
-853
-1144
-1442
-1767
-1929
-2036
-2020
-1989
-1899
-1730
-1496
-1302
-1092
-922
-811
-754
-746
-710
-814
-921
-1017
-1071
-1153
-1207
-1181
-1179
-1103
-997
-855
-726
-613
-475
-402
-328
-249
-213
-195
-189
-176
-153
-123
-93
-33
82
160
284
399
543
599
697
880
973
1109
1207
1416
1567
1699
1876
2056
2254
2515
2679
2944
3207
3582
3897
4108
4366
4511
4621
4558
4367
3944
3354
2635
1771
765
-290
-1355
-2454
-3420
-4172
-4784
-5103
-5202
-5107
-4708
-4129
-3319
-2443
-1543
-636
191
891
1460
1865
2123
2243
2102
1923
1697
1409
1171
938
817
725
682
661
679
656
659
600
386
145
-234
-604
-1074
-1594
-2126
-2644
-3101
-3433
-3653
-3712
-3668
-3502
-3215
-2750
-2195
-1674
-1144
-655
-256
72
319
423
467
397
244
61
-155
-347
-543
-767
-880
-1013
-1105
-1133
-1150
-1124
-1113
-1075
-998
-924
-828
-734
-610
-423
-317
-178
11
236
438
686
915
1165
1426
1625
1865
2042
2241
2460
2612
2711
2921
3120
3302
3555
3788
4064
4290
4549
4750
4865
4894
4731
4389
3847
3055
2146
1084
-177
-1396
-2679
-4058
-5106
-5895
-6394
-6529
-6549
-6198
-5550
-4712
-3600
-2396
-1215
-24
952
1805
2534
2995
3339
3408
3295
3062
2705
2424
2094
1757
1524
1215
1007
869
704
666
451
246
-14
-463
-900
-1318
-1897
-2473
-3079
-3643
-4134
-4490
-4615
-4653
-4512
-4219
-3810
-3227
-2590
-1939
-1277
-673
-141
301
595
867
1012
1030
1037
893
744
560
311
93
-172
-446
-695
-957
-1169
-1341
-1521
-1631
-1829
-1925
-1908
-1845
-1787
-1594
-1360
-1087
-697
-279
196
613
1145
1536
1940
2366
2632
2937
3222
3384
3569
3679
3847
4080
4315
4593
4856
5102
5217
5321
5387
5236
4737
4012
3065
1906
614
-964
-2539
-4120
-5753
-7075
-8010
-8544
-8627
-8390
-7768
-6690
-5350
-3780
-2044
-379
1298
2668
3733
4688
5306
5662
5659
5345
4869
4248
3612
2886
2203
1666
1063
581
289
-28
-228
-479
-806
-1068
-1499
-1962
-2400
-2946
-3476
-3957
-4462
-4797
-4992
-4950
-4695
-4297
-3720
-3000
-2119
-1125
-281
509
1275
1857
2262
2437
2456
2332
1909
1516
1027
458
7
-472
-988
-1402
-1767
-1968
-2114
-2264
-2242
-2279
-2260
-2137
-2022
-1782
-1554
-1289
-935
-615
-201
247
723
1233
1777
2199
2567
2977
3342
3657
3860
3980
4024
4055
4148
4232
4371
4485
4627
4769
4813
4974
4913
4630
4096
3296
2197
923
-494
-2120
-3844
-5678
-7322
-8542
-9336
-9679
-9538
-8972
-8018
-6520
-4773
-2778
-665
1312
3143
4591
5761
6655
7105
7085
6695
6029
5051
3989
2996
1910
983
159
-583
-1163
-1523
-1725
-1849
-1976
-2162
-2348
-2565
-2826
-3175
-3541
-3857
-4147
-4378
-4420
-4213
-3837
-3272
-2638
-1800
-819
239
1235
2071
2749
3197
3507
3460
3152
2673
2047
1146
287
-617
-1386
-2012
-2648
-3066
-3314
-3412
-3369
-3170
-2864
-2485
-2098
-1748
-1421
-1021
-650
-256
69
327
677
1023
1349
1661
2005
2225
2489
2694
2801
3055
3113
3080
3089
3035
3029
3064
3146
3372
3614
3917
4196
4396
4742
4947
4804
4343
3583
2500
1220
-257
-2043
-3936
-5793
-7635
-8930
-9705
-10028
-9813
-9153
-7964
-6272
-4357
-2154
186
2314
4127
5633
6748
7510
7702
7438
6763
5647
4462
3106
1828
641
-402
-1272
-1997
-2433
-2668
-2720
-2642
-2635
-2619
-2583
-2569
-2690
-2837
-2992
-3221
-3376
-3464
-3395
-3138
-2740
-2169
-1445
-619
289
1220
2014
2659
3130
3335
3281
2926
2422
1671
786
-163
-1147
-1962
-2712
-3231
-3577
-3823
-3713
-3432
-2983
-2408
-1793
-1157
-596
-36
463
918
1312
1612
1749
1860
1997
2016
2059
2106
2086
2025
1949
1888
1815
1819
1725
1711
1676
1670
1831
2104
2452
2900
3392
3939
4475
5014
5510
5754
5565
4914
3998
2662
1185
-539
-2592
-4659
-6718
-8499
-9747
-10440
-10542
-10135
-9239
-7771
-5793
-3615
-1217
1129
3237
5048
6295
7253
7705
7669
7106
6067
4822
3434
1973
648
-506
-1430
-2209
-2748
-2965
-2958
-2846
-2708
-2575
-2499
-2393
-2384
-2555
-2699
-2883
-3082
-3220
-3260
-3072
-2698
-2111
-1423
-657
238
1220
2111
2772
3248
3376
3306
2929
2265
1424
321
-773
-1893
-2875
-3635
-4208
-4463
-4505
-4297
-3777
-3106
-2274
-1368
-540
254
951
1491
1956
2259
2455
2522
2397
2350
2296
2133
2012
1903
1827
1722
1622
1538
1503
1511
1414
1361
1362
1511
1689
2016
2459
2982
3643
4252
4820
5424
5798
5747
5331
4512
3278
1863
119
-1949
-4000
-6235
-8152
-9450
-10387
-10698
-10334
-9657
-8200
-6274
-4144
-1622
779
3045
4997
6414
7498
8068
8051
7525
6443
5119
3644
2068
559
-815
-1968
-2907
-3637
-3900
-3936
-3843
-3568
-3362
-3031
-2735
-2585
-2539
-2522
-2622
-2681
-2717
-2824
-2493
-2136
-1695
-1025
-340
501
1434
2181
2844
3257
3416
3322
2876
2249
1283
224
-952
-2181
-3262
-4109
-4753
-5110
-5261
-5056
-4510
-3880
-2956
-1975
-984
70
910
1632
2315
2741
3075
3229
3216
3176
2983
2801
2571
2306
2082
1878
1650
1440
1316
1182
1180
1101
1167
1369
1575
2059
2575
3175
3915
4628
5299
5861
6184
6071
5554
4747
3457
1924
158
-2094
-4179
-6364
-8354
-9497
-10388
-10676
-10207
-9433
-7892
-5969
-3847
-1251
1128
3339
5289
6649
7788
8339
8233
7597
6476
5126
3543
1856
334
-1162
-2368
-3287
-4033
-4316
-4395
-4293
-4088
-3879
-3549
-3176
-3003
-2820
-2732
-2780
-2754
-2760
-2525
-2202
-1787
-1213
-524
279
1155
2066
2841
3401
3712
3831
3561
3017
2144
1013
-268
-1655
-2984
-4146
-5107
-5775
-6115
-6225
-5892
-5194
-4340
-3225
-2050
-895
261
1284
2166
2909
3452
3784
3873
3807
3722
3472
3227
2924
2505
2263
1963
1745
1540
1339
1246
1132
1142
1286
1567
1845
2263
2823
3440
4066
4812
5351
5627
5650
5264
4599
3450
2030
396
-1604
-3597
-5715
-7573
-8779
-9653
-9948
-9640
-8998
-7568
-5625
-3517
-1057
1333
3522
5421
6779
8002
8580
8482
7936
6821
5428
3887
2211
573
-941
-2276
-3354
-4214
-4608
-4650
-4605
-4441
-4240
-3948
-3588
-3329
-3060
-2860
-2872
-2823
-2619
-2444
-1983
-1483
-946
-225
595
1518
2483
3249
3813
4101
4051
3783
3143
2208
1038
-433
-1997
-3506
-4827
-5811
-6518
-7007
-7078
-6759
-6053
-5047
-3912
-2584
-1286
-69
1057
2071
2839
3409
3812
3919
3883
3754
3558
3319
3067
2760
2437
2194
2049
1918
1772
1710
1669
1749
1826
2177
2567
2963
3449
3826
4371
4929
5212
5134
4722
3996
2871
1493
-47
-1958
-3840
-5826
-7657
-8689
-9515
-9755
-9352
-8717
-7273
-5333
-3296
-767
1641
3816
5867
7228
8363
9080
9015
8497
7340
5989
4414
2622
941
-724
-2143
-3353
-4372
-4832
-4989
-5020
-4796
-4622
-4284
-3912
-3668
-3413
-3124
-2993
-2962
-2838
-2753
-2382
-1876
-1412
-659
184
1065
2155
2959
3693
4279
4408
4358
3926
3201
2247
1009
-505
-1966
-3451
-4738
-5814
-6597
-6967
-7042
-6724
-6190
-5252
-4091
-2914
-1706
-465
645
1770
2573
3164
3549
3741
3868
3723
3535
3260
3000
2638
2343
2018
1831
1726
1588
1582
1624
1774
2077
2512
2965
3472
3998
4495
4951
5250
5222
4840
4198
3182
1832
331
-1522
-3393
-5275
-7182
-8483
-9347
-9878
-9580
-9081
-7885
-6029
-4121
-1763
680
2923
5048
6716
8013
8980
9192
8973
8091
6878
5478
3754
2077
439
-1158
-2399
-3515
-4240
-4582
-4803
-4690
-4468
-4178
-3812
-3504
-3218
-2973
-2892
-2759
-2665
-2573
-2329
-2094
-1683
-1078
-371
494
1331
2215
3070
3676
4069
4147
3944
3482
2623
1523
303
-1152
-2503
-3849
-4962
-5777
-6357
-6574
-6389
-5934
-5225
-4269
-3186
-1970
-838
240
1185
1990
2643
3047
3269
3416
3360
3244
3092
2901
2784
2637
2514
2449
2349
2421
2505
2626
2948
3199
3506
3883
4140
4459
4727
4770
4521
3908
3214
2148
848
-560
-2415
-4132
-5834
-7571
-8623
-9360
-9719
-9328
-8789
-7566
-5756
-3955
-1619
717
2822
4930
6477
7873
8820
9084
8983
8268
7238
5929
4280
2672
1005
-624
-2022
-3280
-4092
-4561
-4912
-4940
-4816
-4510
-4005
-3652
-3252
-2839
-2548
-2201
-2013
-1868
-1546
-1352
-1001
-616
-231
468
1156
1792
2503
2971
3405
3643
3518
3330
2765
1909
876
-320
-1396
-2558
-3724
-4600
-5377
-5752
-5792
-5651
-5130
-4446
-3579
-2501
-1512
-406
680
1430
2128
2697
3079
3409
3480
3448
3377
3233
3072
2935
2868
2835
2767
2783
2978
3128
3533
3960
4262
4666
4927
5165
5298
5051
4471
3722
2559
1100
-288
-2069
-3971
-5720
-7554
-8903
-9680
-10230
-10083
-9567
-8607
-6927
-5148
-2985
-637
1571
3723
5464
6915
8134
8788
8830
8488
7728
6560
5066
3469
1916
271
-1222
-2604
-3715
-4397
-4904
-5173
-5190
-5071
-4664
-4214
-3816
-3233
-2764
-2329
-1905
-1586
-1199
-819
-549
-169
248
718
1341
1796
2265
2723
2955
3169
3189
2971
2637
2001
1266
284
-651
-1538
-2537
-3443
-4198
-4705
-4947
-4982
-4756
-4249
-3607
-2745
-1850
-877
111
959
1656
2285
2785
3182
3356
3361
3373
3239
3103
2860
2690
2561
2503
2413
2498
2766
3100
3643
4117
4539
5006
5415
5702
5775
5462
4810
3809
2458
953
-758
-2754
-4714
-6682
-8365
-9461
-10243
-10432
-10083
-9320
-7872
-6087
-4047
-1706
596
2799
4701
6260
7638
8458
8692
8551
7867
6820
5437
3841
2330
739
-814
-2121
-3289
-4073
-4655
-5108
-5139
-5087
-4827
-4457
-4129
-3682
-3172
-2815
-2446
-2098
-1781
-1344
-950
-625
-206
300
728
1249
1721
2132
2561
2775
2860
2844
2547
2182
1522
738
18
-823
-1714
-2595
-3297
-3878
-4285
-4431
-4413
-4091
-3671
-3117
-2311
-1364
-464
499
1274
1968
2724
3278
3752
3974
4117
4147
4059
3875
3725
3589
3298
3070
2920
2926
3174
3395
3707
4122
4502
4932
5267
5396
5178
4676
3761
2532
1135
-643
-2534
-4521
-6640
-8328
-9536
-10466
-10706
-10378
-9689
-8201
-6461
-4321
-1762
638
2993
5104
6801
8204
9051
9272
8942
8108
6939
5366
3594
1822
21
-1672
-3151
-4379
-5104
-5606
-5846
-5693
-5354
-4855
-4325
-3750
-3153
-2586
-2229
-1860
-1610
-1438
-1119
-906
-714
-317
72
603
1260
1739
2378
2802
2950
3120
3022
2748
2177
1293
312
-796
-1916
-3024
-4081
-5000
-5569
-5940
-5967
-5690
-5044
-4220
-3226
-2003
-791
499
1633
2601
3553
4266
4768
5055
5174
5205
5141
4896
4609
4347
4113
3948
3863
3926
4141
4340
4609
4921
5181
5394
5368
4978
4406
3480
2231
840
-962
-2834
-4759
-6785
-8275
-9425
-10270
-10311
-10067
-9137
-7630
-5877
-3582
-1105
1265
3591
5624
7371
8788
9480
9723
9342
8495
7237
5650
3865
2047
57
-1748
-3375
-4711
-5487
-6079
-6351
-6301
-6016
-5518
-4908
-4207
-3441
-2866
-2368
-1966
-1659
-1289
-1115
-882
-612
-417
-30
457
966
1606
2194
2615
3067
3324
3502
3478
3170
2633
1797
802
-309
-1623
-2766
-3903
-5054
-5846
-6436
-6632
-6475
-6121
-5325
-4376
-3193
-1856
-457
1003
2306
3501
4496
5247
5706
6002
6040
5877
5643
5213
4779
4320
3929
3760
3589
3709
3882
4067
4454
4783
4934
4886
4569
3988
3028
1755
349
-1420
-3366
-5314
-7198
-8497
-9472
-10069
-9979
-9468
-8293
-6499
-4527
-2142
411
2726
4960
6784
8335
9439
9829
9603
8915
7771
6291
4465
2498
566
-1416
-3174
-4577
-5586
-6279
-6622
-6631
-6332
-5761
-5035
-4293
-3445
-2757
-2152
-1597
-1287
-952
-770
-692
-595
-505
-311
-31
271
742
1217
1703
2156
2522
2876
3028
2877
2571
2078
1329
474
-633
-1752
-2834
-3900
-4759
-5528
-5910
-6011
-5909
-5502
-4795
-3853
-2781
-1523
-197
1059
2299
3501
4418
5256
5863
6153
6274
6177
5993
5696
5331
4986
4767
4506
4302
4219
4228
4312
4372
4137
3719
3232
2392
1373
162
-1423
-2982
-4838
-6654
-7891
-8973
-9567
-9630
-9410
-8380
-6821
-5051
-2622
-138
2399
4844
6789
8687
9979
10718
10822
10268
9290
7796
5954
3906
1581
-636
-2698
-4604
-5994
-7089
-7754
-7986
-7902
-7348
-6580
-5688
-4575
-3573
-2560
-1679
-1093
-505
21
323
555
687
880
1135
1285
1673
1997
2292
2689
2892
3015
3066
2838
2495
1814
1003
79
-1106
-2325
-3475
-4627
-5600
-6355
-6877
-7007
-6898
-6359
-5521
-4468
-3213
-1823
-395
1107
2429
3701
4895
5766
6430
6821
7038
7048
6880
6629
6353
6041
5709
5335
5049
4755
4457
4117
3498
2854
1983
825
-411
-1831
-3555
-5140
-6915
-8446
-9355
-10170
-10431
-10121
-9365
-7923
-6096
-3908
-1340
1184
3685
6020
8083
9848
10986
11497
11516
10933
9927
8301
6430
4368
2080
-184
-2368
-4298
-5855
-7118
-8046
-8520
-8644
-8363
-7874
-7193
-6229
-5287
-4342
-3492
-2655
-1686
-1006
-386
137
594
1105
1628
2137
2762
3267
3771
4203
4484
4838
4882
4681
4319
3626
2784
1799
520
-795
-2243
-3671
-4938
-6094
-6872
-7433
-7692
-7546
-7049
-6153
-5006
-3638
-2059
-449
1269
2825
4329
5689
6723
7524
7941
8289
8336
8228
8071
7629
7185
6694
6045
5484
4892
4022
3108
2006
619
-741
-2272
-3950
-5706
-7482
-9262
-10540
-11366
-11888
-11720
-11208
-10035
-8235
-6136
-3429
-607
2162
4915
7351
9525
11225
12234
12621
12372
11512
10149
8243
6182
3895
1469
-877
-3197
-4995
-6457
-7624
-8308
-8695
-8595
-8168
-7676
-6911
-6024
-5143
-4345
-3667
-2928
-2290
-1760
-1290
-807
-341
251
855
1434
2245
2931
3620
4283
4832
5261
5397
5269
4913
4230
3356
2235
983
-379
-1728
-3026
-4244
-5215
-5797
-6141
-6146
-5877
-5312
-4396
-3439
-2266
-949
303
1534
2640
3613
4515
5172
5712
6108
6362
6641
6851
7057
7134
7157
7177
7108
6941
6551
5770
4834
3511
1784
31
-2057
-4414
-6747
-9140
-11003
-12423
-13486
-13674
-13333
-12228
-10420
-8138
-5326
-2185
971
4059
6818
9286
11204
12521
13132
12858
12125
10705
8765
6539
4045
1559
-902
-3253
-5099
-6583
-7609
-8167
-8495
-8216
-7710
-7031
-6124
-5249
-4368
-3652
-3059
-2594
-2189
-1880
-1645
-1394
-1139
-732
-270
266
1009
1646
2362
3128
3652
4156
4432
4343
4044
3435
2663
1644
365
-924
-2241
-3376
-4453
-5194
-5587
-5650
-5295
-4689
-3666
-2408
-1049
411
1811
3155
4305
5191
5859
6203
6303
6166
5817
5458
5058
4735
4417
4124
4073
4129
4274
4468
4388
4144
3751
2930
1910
605
-1117
-2979
-5228
-7334
-9045
-10561
-11437
-11857
-11672
-10643
-9122
-6932
-4211
-1305
1748
4563
7228
9542
11215
12302
12477
12045
10930
9191
7149
4709
2132
-407
-2933
-5002
-6733
-7981
-8639
-8983
-8793
-8195
-7352
-6332
-5226
-4089
-3131
-2359
-1714
-1282
-897
-794
-769
-643
-701
-444
-127
310
981
1515
2188
2896
3390
3853
3907
3719
3300
2440
1507
191
-1290
-2789
-4239
-5476
-6526
-7150
-7387
-7175
-6465
-5402
-3872
-2070
-166
1896
3823
5594
7167
8373
9132
9497
9492
9067
8415
7639
6715
5844
4885
4039
3448
3033
2769
2445
1994
1613
925
-66
-1026
-2360
-3929
-5681
-7502
-8956
-10104
-10853
-10968
-10582
-9451
-7699
-5489
-2714
286
3389
6230
8752
10943
12472
13340
13367
12597
11221
9137
6736
4008
1149
-1550
-4192
-6408
-8121
-9272
-9789
-9922
-9641
-8974
-7973
-6783
-5544
-4339
-3225
-2293
-1549
-946
-530
-95
183
348
593
892
1306
1822
2267
2685
3045
3395
3630
3581
3354
2863
2024
986
-250
-1588
-2976
-4325
-5553
-6658
-7406
-7886
-7871
-7477
-6804
-5638
-4294
-2660
-746
1096
2919
4604
6039
7231
8252
8883
9152
9132
8922
8528
8012
7532
6924
6382
5753
5252
4863
4369
3588
2590
1406
-223
-1795
-3600
-5631
-7598
-9716
-11382
-12526
-13138
-12873
-12122
-10623
-8366
-5709
-2447
1018
4516
7712
10423
12616
14081
14885
14780
13789
12203
9856
7191
4290
1322
-1463
-4110
-6364
-7986
-9134
-9686
-9717
-9350
-8705
-7925
-6924
-5926
-4926
-4080
-3333
-2745
-2180
-1692
-1119
-561
108
884
1632
2590
3512
4435
5202
5627
5855
5716
5281
4522
3322
1877
115
-1746
-3553
-5317
-6788
-8052
-8899
-9276
-9248
-8629
-7674
-6329
-4758
-2964
-1054
768
2507
4062
5268
6288
6985
7413
7550
7405
7138
6713
6230
5804
5546
5347
5217
5246
5352
5450
5535
5252
4559
3589
1927
91
-1950
-4466
-6844
-9293
-11505
-12915
-13909
-13856
-12919
-11410
-8921
-6032
-2662
978
4574
7766
10353
12356
13494
13916
13618
12452
10658
8395
5720
3111
563
-1774
-3709
-5315
-6400
-7061
-7344
-7177
-6873
-6487
-6084
-5787
-5470
-5202
-4940
-4826
-4632
-4387
-3912
-3127
-2201
-1009
328
1739
3252
4681
5999
7081
7574
7692
7261
6384
5149
3497
1572
-520
-2648
-4646
-6420
-7783
-8739
-9260
-9303
-9042
-8230
-7066
-5699
-4155
-2557
-931
589
1992
3233
4280
5141
5778
6186
6508
6702
6708
6650
6602
6502
6469
6444
6404
6376
6340
6150
5809
5370
4364
3076
1355
-851
-2935
-5237
-7538
-9551
-11543
-12828
-13337
-13115
-11973
-10192
-7833
-4964
-1834
1492
4672
7593
9799
11371
12206
12250
11811
10559
8842
6820
4513
2273
214
-1579
-2994
-4025
-4834
-5304
-5532
-5558
-5384
-5373
-5351
-5433
-5583
-5701
-5737
-5622
-5381
-4871
-4253
-3274
-1983
-440
1178
2790
4218
5419
6426
6996
7136
6753
5903
4679
3294
1576
-108
-1728
-3234
-4531
-5587
-6254
-6563
-6580
-6364
-5937
-5375
-4570
-3698
-2890
-2016
-1169
-338
464
1285
2103
2889
3692
4328
4961
5543
5993
6381
6583
6821
6898
6890
6832
6705
6558
6314
5933
5342
4377
3145
1652
-268
-2209
-4198
-6336
-8208
-9950
-11212
-11687
-11574
-10647
-9210
-7286
-4780
-2092
714
3478
5985
8036
9382
10210
10471
10199
9357
8048
6439
4586
2774
1094
-565
-1899
-3007
-3980
-4722
-5395
-5906
-6198
-6482
-6714
-6871
-7028
-6963
-6591
-6016
-5140
-4051
-2795
-1232
355
1962
3587
4766
5764
6429
6389
6258
5516
4338
3074
1341
-149
-1609
-3036
-3953
-4769
-5288
-5446
-5409
-5124
-4741
-4190
-3727
-3248
-2809
-2452
-1950
-1570
-1069
-493
69
829
1640
2520
3525
4387
5151
5852
6336
6728
6925
6819
6673
6453
6170
5819
5397
5013
4586
4145
3382
2223
1022
-595
-2211
-3873
-5683
-7184
-8749
-9850
-10256
-10136
-9168
-7685
-5883
-3571
-1054
1570
4112
6351
8166
9350
9849
9766
9223
8260
6907
5318
3582
1895
453
-857
-1846
-2588
-3256
-3817
-4360
-4892
-5280
-5769
-6317
-6896
-7421
-7686
-7647
-7253
-6402
-5173
-3718
-1904
35
2059
4164
5791
7037
7826
7822
7532
6625
5212
3644
1583
-381
-2190
-3886
-5050
-5855
-6365
-6390
-6238
-5800
-5238
-4564
-3872
-3294
-2775
-2378
-1823
-1354
-808
-238
399
1225
1996
2799
3675
4536
5275
5869
6227
6505
6529
6538
6438
6138
5910
5580
5261
5028
4715
4425
3759
2603
1305
-490
-2311
-4206
-6225
-7940
-9590
-10768
-11185
-10979
-9771
-7955
-5700
-3048
-257
2602
5290
7614
9356
10402
10670
10237
9298
8063
6523
4851
3016
1351
6
-1123
-1843
-2309
-2714
-2984
-3396
-3933
-4462
-5153
-5821
-6565
-7325
-7824
-7956
-7663
-6873
-5572
-3943
-2032
19
2102
4051
5589
6860
7390
7394
7035
5897
4714
3113
1360
-77
-1614
-2830
-3642
-4288
-4554
-4558
-4587
-4426
-4305
-4206
-4085
-3934
-3858
-3726
-3485
-3007
-2227
-1377
-199
1052
2301
3553
4654
5572
6314
6676
6658
6423
5994
5399
4823
4345
3954
3748
3641
3779
4017
4336
4485
4039
3202
1762
-87
-2032
-4215
-6351
-8424
-10236
-11389
-11686
-11010
-9346
-7090
-4434
-1491
1450
4244
6830
8795
10027
10479
9982
8940
7545
5953
4360
2714
1252
56
-817
-1375
-1593
-1667
-1796
-2090
-2746
-3581
-4597
-5601
-6572
-7472
-8129
-8409
-8146
-7221
-5724
-3868
-1755
427
2476
4286
5594
6362
6562
6119
5169
3955
2394
944
-443
-1664
-2352
-2837
-2969
-2842
-2598
-2242
-1962
-1978
-2167
-2583
-3098
-3668
-4144
-4517
-4567
-4242
-3556
-2460
-1076
627
2340
3939
5378
6472
7243
7595
7451
6991
6264
5395
4577
3848
3347
3055
3045
3267
3642
4066
4093
3659
2642
1006
-907
-3068
-5351
-7300
-9252
-10680
-11272
-11089
-9809
-7740
-5072
-2106
820
3495
5801
7593
8890
9426
9131
8231
6923
5366
3980
2827
1810
1013
514
184
67
-35
-341
-816
-1767
-3112
-4694
-6346
-7822
-8900
-9578
-9720
-9163
-7884
-5908
-3429
-763
1802
4018
5643
6683
6922
6609
5642
4140
2452
609
-986
-2169
-2909
-3136
-2894
-2378
-1674
-1090
-571
-214
-285
-737
-1524
-2524
-3581
-4503
-5166
-5306
-5015
-4205
-2989
-1526
276
2155
3887
5411
6563
7291
7496
7351
6977
6316
5503
4747
4157
3805
3675
3753
4103
4498
4910
4960
4488
3481
1836
-383
-2902
-5369
-7675
-9572
-11031
-11742
-11591
-10382
-8284
-5614
-2623
353
2956
5091
6646
7645
8113
7933
7314
6288
5146
4108
3424
3083
2936
3048
3053
2881
2509
1761
680
-832
-2777
-5094
-7524
-9646
-11128
-11807
-11674
-10627
-8904
-6516
-3656
-689
2136
4549
6218
6982
6917
6110
4821
3308
1747
282
-949
-1807
-2206
-2137
-1658
-1017
-438
-137
-274
-802
-1574
-2586
-3634
-4723
-5698
-6322
-6489
-6072
-5141
-3671
-2019
-260
1419
2905
4206
5261
5988
6419
6456
6146
5783
5403
5198
5032
5049
5166
5361
5632
5826
6021
6055
5712
4792
3098
883
-1755
-4373
-6713
-8636
-9902
-10747
-10843
-10273
-8838
-6595
-4019
-1319
987
2803
4091
4764
5076
5175
5054
4714
4214
3729
3452
3631
4098
4660
5216
5353
5062
4179
2827
1169
-797
-2966
-5355
-7710
-9711
-10914
-11197
-10582
-9093
-7170
-4982
-2650
-434
1658
3227
4313
4651
4167
3347
2203
1312
600
204
20
-178
40
312
705
962
1015
769
-91
-1288
-2693
-3980
-5057
-5770
-6131
-6319
-6069
-5426
-4400
-3033
-1609
-140
1058
2004
2850
3455
4046
4600
5045
5378
5528
5735
5946
6235
6588
6811
7001
6868
6694
6393
5877
5125
3762
1978
-385
-3007
-5333
-7283
-8573
-9407
-9853
-9683
-8950
-7508
-5517
-3223
-921
1106
2683
3712
4240
4554
4673
4792
4810
4623
4335
4148
4202
4360
4556
4640
4429
3787
2628
995
-796
-2632
-4368
-5975
-7443
-8592
-9174
-8995
-8041
-6500
-4697
-2846
-1163
329
1569
2451
2997
3208
2978
2352
1504
775
351
308
523
607
714
735
615
403
42
-458
-1153
-2072
-3088
-4002
-4668
-4935
-4791
-4417
-3876
-3277
-2606
-1785
-976
-134
576
1204
1703
2114
2497
2943
3521
4148
4778
5255
5589
5883
6169
6439
6580
6622
6539
6317
5963
5288
4134
2442
360
-2006
-4333
-6256
-7763
-8738
-9259
-9298
-8693
-7478
-5717
-3588
-1470
397
1916
2918
3563
3869
4050
4198
4298
4357
4323
4379
4564
4810
5045
5066
4773
4084
2878
1226
-712
-2730
-4632
-6307
-7587
-8455
-8814
-8518
-7683
-6400
-4818
-3161
-1689
-531
302
925
1290
1553
1763
1905
1943
2002
2189
2536
2880
3181
3242
2838
2097
1136
34
-1229
-2401
-3544
-4461
-5111
-5425
-5423
-5059
-4394
-3609
-2845
-2182
-1598
-1056
-494
34
624
1289
1980
2715
3479
4184
4877
5430
5832
6098
6071
5914
5621
5373
5096
4925
4902
4863
4745
4335
3362
1881
-137
-2433
-4584
-6367
-7652
-8452
-8802
-8657
-7841
-6440
-4459
-2307
-233
1520
2690
3267
3380
3213
3043
3084
3088
3207
3324
3569
4009
4544
5018
5197
4928
4125
2857
1008
-1007
-3078
-4848
-6232
-7189
-7582
-7551
-7126
-6278
-5165
-4032
-2854
-2005
-1488
-1240
-1212
-1206
-959
-550
59
901
1731
2583
3359
4009
4407
4383
3896
3007
1752
320
-1141
-2433
-3432
-4061
-4316
-4262
-4068
-3780
-3447
-3142
-2779
-2466
-2187
-1903
-1517
-1054
-310
686
1806
3004
4088
5152
5917
6435
6745
6855
6948
6917
6793
6593
6508
6491
6415
6101
5219
3670
1418
-1206
-3873
-6155
-7925
-9036
-9583
-9591
-8994
-7883
-6244
-4266
-2190
-240
1276
2127
2486
2426
2365
2451
2872
3582
4295
4887
5360
5672
5804
5801
5438
4745
3488
1773
-190
-2268
-4091
-5425
-6170
-6323
-6109
-5740
-5258
-4793
-4419
-4107
-3812
-3679
-3626
-3526
-3289
-2892
-2164
-1256
-98
1222
2490
3601
4197
4317
3970
3331
2558
1740
886
68
-679
-1338
-1806
-2083
-2138
-2117
-2191
-2355
-2711
-3101
-3441
-3577
-3391
-2863
-2000
-974
97
1153
2219
3227
4054
4674
5008
5092
5020
4926
4957
5153
5527
6065
6657
7189
7479
7094
5943
4046
1618
-1058
-3406
-5237
-6473
-7004
-7051
-6650
-5888
-4890
-3688
-2526
-1559
-903
-608
-607
-808
-955
-883
-360
610
1974
3443
4717
5672
6083
6020
5568
4845
3840
2621
1287
-43
-1204
-2083
-2696
-2936
-2814
-2535
-2208
-2059
-2219
-2741
-3496
-4340
-4971
-5273
-5078
-4512
-3802
-2953
-2115
-1373
-742
-154
413
782
972
895
666
438
422
658
1033
1485
1824
1882
1536
971
244
-611
-1492
-2214
-2821
-3153
-3155
-2942
-2399
-1603
-643
386
1230
1841
2214
2239
2180
2029
1860
1746
1864
2157
2659
3308
4045
4748
5327
5657
5575
5078
4084
2677
1041
-563
-1771
-2462
-2497
-2052
-1350
-576
105
483
554
404
-89
-712
-1411
-2008
-2428
-2525
-2400
-2048
-1426
-736
68
849
1396
1632
1561
1237
771
276
-132
-423
-414
-191
233
712
1215
1594
1774
1712
1327
749
-28
-875
-1742
-2548
-3082
-3265
-3166
-2868
-2433
-1974
-1588
-1276
-1041
-1003
-1139
-1397
-1667
-1868
-1855
-1487
-913
-170
541
1086
1406
1403
1155
692
71
-576
-1276
-1886
-2312
-2469
-2383
-2042
-1471
-872
-311
86
192
97
-148
-365
-570
-664
-576
-329
126
781
1542
2248
2914
3375
3605
3634
3557
3315
3020
2757
2653
2647
2793
3004
3066
3135
2956
2593
2032
1447
861
334
-86
-500
-867
-1105
-1221
-1243
-1159
-1099
-979
-925
-882
-875
-889
-867
-919
-893
-765
-528
-192
216
612
925
1210
1293
1318
1175
913
546
107
-336
-786
-1213
-1548
-1802
-1980
-2020
-1975
-1811
-1653
-1440
-1161
-952
-812
-619
-517
-399
-272
-103
9
195
280
247
121
-122
-430
-709
-853
-1038
-1156
-1225
-1305
-1362
-1453
-1426
-1353
-1284
-1292
-1348
-1426
-1532
-1641
-1723
-1707
-1517
-1209
-803
-307
127
604
1065
1475
1842
2050
2230
2363
2407
2485
2519
2537
2485
2494
2485
2521
2526
2555
2537
2414
2158
1804
1516
1164
805
464
209
-37
-131
-49
-51
-115
-220
-428
-647
-926
-1096
-1218
-1201
-1025
-762
-395
-47
411
830
1154
1469
1647
1690
1506
1179
716
118
-453
-1111
-1628
-1943
-2187
-2345
-2300
-2307
-2271
-2223
-2105
-1920
-1640
-1383
-1074
-657
-319
31
320
639
856
969
933
791
567
365
84
-127
-379
-633
-811
-1026
-1200
-1397
-1483
-1538
-1569
-1607
-1666
-1717
-1679
-1625
-1511
-1300
-1027
-681
-338
-63
216
457
627
742
841
935
1016
1106
1260
1482
1654
1801
1944
2003
2057
2103
2030
1958
1784
1533
1311
1219
1181
1187
1209
1280
1222
1140
1105
929
781
607
403
216
0
-187
-320
-443
-404
-311
-220
-101
35
235
446
632
736
714
658
520
300
64
-214
-513
-826
-1083
-1257
-1438
-1506
-1557
-1592
-1672
-1701
-1678
-1653
-1614
-1559
-1443
-1317
-1132
-902
-588
-326
14
311
479
558
528
455
357
247
99
-106
-283
-511
-680
-821
-884
-944
-969
-979
-965
-929
-860
-692
-519
-353
-164
8
210
351
445
511
597
626
631
646
638
666
651
739
834
868
806
823
769
701
607
481
364
311
298
356
475
585
666
822
840
883
866
815
835
772
658
573
490
507
641
768
956
1084
1236
1326
1380
1367
1306
1272
1079
905
647
327
-34
-377
-704
-1036
-1321
-1501
-1587
-1610
-1612
-1612
-1538
-1451
-1387
-1274
-1098
-1020
-921
-858
-820
-765
-702
-633
-509
-359
-254
-189
-137
-126
-159
-172
-154
-169
-302
-462
-648
-738
-822
-804
-803
-723
-574
-479
-331
-181
-54
33
123
188
244
264
286
291
341
469
535
631
813
862
899
914
961
924
857
775
618
502
357
247
101
21
-50
-53
2
44
112
113
60
60
141
137
177
145
153
190
211
273
363
502
677
849
946
1038
1090
1100
1174
1240
1305
1285
1195
1008
802
567
260
-15
-265
-489
-729
-879
-969
-1060
-1108
-1164
-1205
-1227
-1185
-1178
-1148
-1094
-993
-886
-755
-568
-397
-167
11
193
259
222
128
-29
-157
-362
-531
-742
-939
-1045
-1131
-1089
-1034
-971
-817
-591
-528
-426
-348
-289
-232
-155
-56
50
168
245
302
271
349
411
435
487
460
482
476
441
438
451
434
423
437
347
249
148
113
9
-23
-27
12
48
50
41
58
93
91
110
107
126
109
115
161
277
378
565
803
973
1082
1200
1193
1243
1227
1156
1032
776
488
206
-62
-300
-465
-588
-656
-702
-740
-721
-652
-616
-578
-609
-608
-619
-573
-498
-422
-267
-109
-4
48
195
283
295
292
220
145
24
-106
-236
-321
-387
-524
-613
-649
-675
-681
-692
-682
-645
-666
-666
-616
-626
-595
-536
-447
-271
-116
79
252
325
458
620
776
924
970
999
947
877
745
630
510
443
324
154
34
-97
-164
-251
-261
-183
-62
22
26
78
55
64
7
-116
-130
-107
-217
-253
-245
-175
5
195
436
667
863
974
1116
1142
1219
1192
1149
1027
812
493
210
-69
-341
-527
-682
-768
-830
-901
-912
-929
-983
-924
-852
-745
-705
-608
-495
-343
-131
56
231
303
383
408
451
424
341
213
69
-77
-200
-274
-312
-302
-270
-217
-216
-198
-242
-268
-327
-443
-615
-808
-947
-1058
-1052
-1021
-900
-716
-552
-332
-86
189
424
683
851
1046
1152
1215
1221
1195
1238
1184
1153
1016
868
692
526
351
206
53
-43
-26
-51
-96
-130
-156
-236
-264
-330
-404
-507
-536
-462
-382
-271
-138
92
284
479
662
737
803
889
858
846
877
791
635
534
380
245
43
-98
-186
-311
-480
-613
-707
-871
-995
-1009
-980
-930
-841
-754
-590
-374
-240
-36
81
130
179
145
73
-11
6
-2
-5
-11
30
58
170
222
253
298
284
299
213
141
-35
-208
-343
-517
-604
-662
-667
-578
-523
-447
-415
-341
-237
-132
9
71
157
249
322
448
593
653
724
786
792
760
655
638
563
437
403
307
168
108
48
23
-6
-119
-209
-315
-425
-464
-468
-429
-293
-154
3
161
281
399
465
552
599
612
578
552
487
459
433
333
287
182
37
-68
-231
-405
-540
-672
-805
-974
-964
-971
-924
-783
-645
-498
-316
-172
-62
92
161
191
221
222
202
219
200
211
244
204
149
55
-26
-78
-151
-226
-331
-375
-433
-507
-586
-553
-543
-539
-467
-378
-298
-123
5
78
135
169
197
248
233
271
301
226
340
387
391
440
478
483
447
361
275
167
80
-6
-58
-141
-215
-253
-326
-393
-382
-403
-452
-440
-426
-427
-351
-227
-82
148
342
544
659
775
818
843
859
842
743
657
610
476
347
255
178
107
36
-94
-207
-365
-545
-672
-753
-862
-893
-889
-810
-688
-579
-416
-260
-150
-31
78
141
205
297
319
324
357
389
431
442
394
381
360
237
168
47
-25
-141
-221
-318
-490
-646
-747
-796
-910
-866
-832
-680
-507
-387
-203
-36
129
314
495
600
669
764
819
828
808
799
773
783
791
712
573
372
173
44
-124
-206
-275
-369
-420
-493
-634
-695
-685
-694
-735
-720
-656
-582
-483
-349
-154
87
355
617
807
961
1076
1127
1188
1186
1131
1067
953
846
730
558
395
192
-16
-262
-559
-825
-1023
-1176
-1342
-1378
-1374
-1288
-1112
-917
-661
-437
-213
-29
102
239
374
456
530
524
470
431
435
384
356
294
202
187
37
-72
-178
-225
-304
-407
-518
-654
-737
-849
-916
-941
-947
-852
-748
-568
-424
-242
-40
201
414
578
753
897
1001
1055
1073
1070
1074
1020
954
841
716
553
399
214
77
-47
-158
-250
-423
-564
-650
-780
-876
-935
-996
-950
-887
-812
-665
-488
-313
-76
221
444
623
772
901
973
1069
1108
1167
1201
1241
1236
1129
1112
999
825
563
298
-17
-351
-611
-844
-1056
-1246
-1366
-1388
-1320
-1188
-1028
-827
-624
-475
-281
-42
163
351
523
624
727
718
724
687
643
591
506
424
347
199
34
-169
-334
-492
-692
-900
-1087
-1204
-1275
-1308
-1287
-1133
-933
-686
-437
-151
86
339
583
765
919
1062
1098
1156
1154
1148
1138
1059
1078
963
911
783
645
460
288
57
-137
-295
-505
-685
-901
-1040
-1147
-1219
-1200
-1145
-1040
-946
-814
-633
-443
-153
79
303
520
723
872
985
1052
1122
1126
1153
1203
1110
1083
1005
856
640
326
5
-250
-516
-789
-1035
-1228
-1333
-1407
-1452
-1341
-1164
-959
-687
-513
-370
-215
-21
109
260
423
482
552
542
569
583
570
549
513
494
379
238
86
-125
-298
-495
-681
-836
-977
-1050
-1188
-1196
-1100
-1038
-889
-662
-397
-113
175
413
670
873
959
1059
1165
1181
1150
1127
1136
1123
1097
1061
990
930
797
672
542
404
267
68
-181
-331
-551
-721
-878
-973
-1017
-1057
-1011
-994
-847
-618
-432
-236
-9
184
396
645
824
965
1063
1174
1225
1238
1223
1153
1118
1008
866
611
395
30
-298
-625
-900
-1057
-1254
-1386
-1443
-1448
-1341
-1214
-1011
-781
-591
-352
-106
96
264
391
513
583
703
764
796
775
718
624
561
443
348
217
10
-230
-451
-656
-925
-1094
-1308
-1437
-1542
-1518
-1498
-1378
-1194
-932
-613
-301
26
316
521
773
899
971
1059
1172
1170
1145
1085
1040
982
883
889
773
705
598
464
323
197
33
-97
-298
-480
-625
-816
-938
-1050
-1067
-991
-945
-805
-698
-531
-306
-143
51
222
405
591
738
812
973
1008
1080
1094
1002
959
827
693
478
240
-57
-315
-564
-758
-876
-1016
-1114
-1145
-1166
-1042
-917
-796
-585
-414
-236
-65
57
179
358
443
537
622
700
795
832
865
855
814
713
600
457
296
96
-125
-388
-589
-817
-995
-1130
-1292
-1326
-1367
-1286
-1221
-1096
-905
-691
-438
-246
-32
192
407
581
712
821
1005
1092
1165
1163
1177
1199
1173
1178
1097
1002
853
659
456
231
37
-142
-363
-527
-678
-842
-939
-936
-943
-961
-873
-780
-633
-405
-222
43
268
482
656
813
916
978
1061
1064
1032
967
877
828
683
479
294
8
-204
-446
-674
-898
-1050
-1154
-1242
-1266
-1227
-1096
-881
-698
-495
-248
-96
86
208
334
429
507
588
607
683
699
713
743
655
559
399
326
98
-76
-276
-482
-669
-841
-953
-1106
-1136
-1140
-1153
-1085
-981
-875
-692
-545
-395
-230
-49
109
235
366
472
550
608
690
725
753
768
774
749
699
653
528
390
368
285
190
70
-66
-195
-349
-464
-616
-726
-784
-786
-740
-701
-582
-416
-288
-146
112
328
495
639
744
891
964
1038
1068
1080
1015
991
904
798
627
382
140
-104
-349
-600
-797
-1009
-1143
-1153
-1213
-1156
-1025
-915
-716
-528
-396
-224
-124
7
132
246
431
544
678
740
812
866
813
835
729
602
412
239
-6
-254
-417
-615
-740
-894
-1007
-1056
-1066
-1053
-1065
-990
-803
-706
-544
-370
-198
36
178
367
514
694
763
865
930
980
1002
927
901
775
693
591
523
377
261
80
-40
-235
-423
-568
-706
-755
-855
-902
-883
-827
-725
-547
-370
-202
-1
144
332
516
604
731
864
974
1084
1098
1156
1147
1142
1059
881
750
548
384
193
-26
-275
-508
-731
-888
-1019
-1131
-1106
-1102
-1085
-1038
-961
-844
-694
-585
-456
-265
-93
77
238
428
558
676
725
824
817
754
655
560
431
271
148
-5
-134
-281
-419
-497
-603
-687
-695
-732
-752
-748
-710
-628
-520
-443
-237
-103
36
186
347
467
507
651
698
793
827
877
919
988
1033
988
910
798
683
471
292
52
-138
-337
-551
-714
-891
-984
-1050
-1026
-989
-950
-788
-692
-529
-371
-191
-4
233
423
632
801
967
1121
1114
1169
1086
984
887
736
523
352
190
-45
-223
-357
-532
-622
-753
-906
-1004
-1091
-1136
-1182
-1121
-1073
-1022
-886
-781
-578
-445
-250
3
228
389
540
687
720
738
750
788
709
662
567
415
256
122
-88
-195
-292
-453
-580
-689
-703
-769
-724
-610
-521
-373
-215
-80
96
225
328
456
516
645
640
717
768
803
832
888
933
987
991
898
834
732
592
375
188
-23
-231
-417
-577
-738
-868
-959
-997
-973
-919
-849
-723
-618
-479
-257
-39
152
395
518
719
899
967
1015
996
869
750
648
502
350
208
66
-162
-297
-440
-607
-716
-818
-883
-1032
-1136
-1204
-1260
-1199
-1110
-1033
-905
-757
-628
-436
-245
-75
68
211
353
477
541
602
638
624
612
592
496
409
281
81
-110
-278
-449
-659
-765
-871
-915
-927
-911
-865
-775
-663
-527
-402
-266
-143
-39
96
204
188
-4
-269
-499
-571
-272
371
1153
1663
1731
1312
712
307
225
384
676
849
830
570
130
-491
-1124
-1571
-1639
-1281
-678
-100
233
169
-97
-390
-558
-476
-73
450
1032
1464
1593
1632
1370
1075
838
710
776
922
1103
1075
957
666
271
-87
-350
-462
-480
-474
-490
-491
-501
-555
-627
-737
-819
-814
-747
-601
-322
-98
111
157
111
101
66
126
186
358
485
560
427
214
-64
-358
-551
-691
-758
-809
-834
-969
-1063
-1225
-1359
-1316
-1245
-1146
-988
-742
-511
-296
-172
-148
-104
-40
82
231
446
637
854
1065
1183
1320
1385
1409
1472
1519
1580
1543
1521
1425
1239
1033
810
670
623
612
609
764
844
917
978
872
675
462
258
108
71
14
-14
-65
-201
-373
-626
-776
-818
-843
-734
-606
-535
-490
-541
-498
-504
-517
-437
-342
-172
-62
135
185
167
117
84
152
127
128
126
52
-122
-218
-349
-466
-525
-594
-624
-680
-767
-848
-897
-972
-1056
-1169
-1320
-1414
-1503
-1519
-1528
-1487
-1452
-1439
-1371
-1329
-1143
-970
-736
-540
-398
-253
-169
-116
-61
-16
30
167
259
313
281
255
204
236
243
267
318
379
374
260
148
-2
-139
-258
-331
-456
-496
-550
-571
-607
-666
-658
-618
-524
-368
-207
-9
178
392
544
737
967
1192
1383
1611
1783
1895
2003
1985
1908
1773
1479
1158
716
331
107
-93
-303
-561
-877
-1197
-1544
-1812
-1943
-1908
-1750
-1529
-1333
-1172
-1103
-1030
-900
-711
-410
-140
153
436
653
803
922
895
888
840
843
741
539
420
163
-121
-422
-692
-878
-1073
-1240
-1451
-1547
-1652
-1663
-1635
-1614
-1542
-1499
-1472
-1372
-1266
-1034
-867
-695
-504
-423
-231
-154
-61
139
337
513
702
780
844
858
808
761
748
679
555
454
350
178
38
16
70
96
123
163
255
452
710
995
1340
1587
1861
2031
2015
1914
1540
1226
961
792
852
913
791
487
-57
-673
-1241
-1580
-1651
-1530
-1323
-1231
-1330
-1477
-1630
-1635
-1451
-1116
-688
-346
-18
132
221
389
571
856
1111
1339
1504
1509
1510
1367
1240
1137
974
796
606
336
-44
-332
-595
-871
-1076
-1301
-1488
-1649
-1817
-1906
-1918
-1879
-1718
-1561
-1363
-1244
-1120
-893
-677
-389
-92
212
516
747
868
1048
1176
1293
1408
1528
1581
1589
1519
1342
1183
970
785
536
250
-73
-313
-610
-818
-936
-1079
-1187
-1312
-1449
-1553
-1476
-1423
-1250
-1061
-875
-689
-488
-334
-166
71
302
584
814
1021
1058
1074
1017
990
929
855
825
720
620
494
325
130
-47
-236
-427
-598
-680
-768
-867
-931
-976
-998
-995
-927
-889
-786
-662
-502
-427
-258
-166
-32
63
143
227
265
447
471
466
434
360
292
175
33
-32
-64
-190
-272
-383
-479
-532
-526
-506
-480
-419
-335
-265
-172
-88
21
155
212
338
442
529
601
679
769
810
784
731
694
611
537
395
260
174
33
-77
-221
-331
-425
-459
-471
-405
-355
-363
-388
-388
-388
-293
-167
-25
167
297
410
502
556
545
560
600
563
581
522
491
414
295
191
39
-82
-212
-352
-439
-566
-680
-721
-790
-834
-857
-828
-777
-718
-610
-481
-322
-208
-77
9
114
187
318
434
505
613
656
706
720
685
585
531
373
245
140
-43
-235
-368
-499
-658
-772
-852
-897
-921
-930
-883
-852
-772
-734
-657
-492
-276
-129
28
193
278
454
619
767
901
1017
1099
1046
971
915
789
673
581
562
450
375
244
42
-104
-229
-319
-386
-411
-483
-513
-505
-543
-531
-502
-407
-308
-154
-5
157
275
370
502
520
608
738
813
809
812
783
723
648
572
498
374
254
80
-68
-166
-322
-459
-532
-559
-611
-648
-670
-678
-647
-641
-563
-483
-450
-383
-329
-246
-152
-106
11
105
170
224
232
198
182
129
86
7
-63
-164
-253
-320
-335
-393
-415
-391
-402
-359
-392
-335
-270
-246
-200
-138
-40
57
167
291
451
575
622
679
756
800
789
812
750
685
566
538
471
365
324
265
146
39
-43
-132
-232
-320
-344
-289
-289
-335
-336
-296
-239
-157
-51
68
136
276
304
384
424
453
540
552
579
600
622
533
531
440
345
251
137
29
-143
-272
-375
-491
-591
-641
-712
-759
-783
-757
-706
-687
-643
-571
-452
-352
-270
-171
-61
33
129
214
303
410
471
481
418
373
308
235
162
48
-49
-174
-272
-349
-426
-539
-612
-644
-679
-726
-721
-715
-706
-615
-519
-392
-236
-124
47
157
279
394
483
539
583
655
644
600
556
503
398
421
411
333
300
175
131
2
-64
-114
-176
-226
-290
-285
-311
-329
-360
-280
-250
-183
-96
-60
2
67
119
202
257
333
368
432
490
473
498
507
450
477
380
261
203
76
-25
-134
-232
-288
-313
-335
-365
-392
-445
-428
-434
-406
-323
-275
-204
-163
-65
-17
-13
36
57
111
173
209
297
248
216
158
58
-5
-103
-178
-263
-292
-383
-370
-410
-467
-498
-545
-539
-554
-532
-477
-370
-263
-154
18
132
233
307
383
437
475
580
596
626
655
628
571
502
454
428
415
360
304
246
176
74
-46
-143
-230
-276
-300
-189
-173
-124
-44
-18
20
26
54
114
289
364
418
477
494
536
504
487
499
439
459
474
420
335
202
20
-123
-298
-449
-546
-569
-621
-633
-611
-632
-691
-737
-722
-639
-520
-465
-324
-220
-162
-51
-20
74
102
214
306
327
333
360
328
277
236
165
95
0
17
-68
-127
-156
-261
-383
-469
-537
-607
-617
-641
-589
-544
-462
-365
-328
-244
-177
-101
-60
33
156
298
371
412
405
391
435
491
461
472
498
452
400
291
181
64
-44
-110
-173
-201
-148
-165
-169
-222
-288
-244
-243
-257
-231
-162
-82
-27
40
103
120
198
295
409
474
568
590
594
572
505
371
201
134
11
-100
-186
-228
-307
-394
-482
-535
-598
-658
-701
-685
-613
-512
-419
-359
-295
-204
-132
-25
98
157
233
298
371
407
430
406
382
268
251
243
145
49
-25
-113
-278
-385
-456
-530
-606
-615
-631
-563
-519
-451
-369
-308
-222
-129
-68
13
198
323
371
397
476
506
547
608
706
684
642
578
447
385
235
149
-13
-94
-131
-207
-266
-305
-370
-378
-369
-355
-349
-424
-343
-367
-345
-289
-231
-121
-18
103
232
307
416
498
521
557
584
563
515
489
393
344
308
181
90
46
-21
-107
-216
-316
-447
-479
-540
-595
-614
-588
-523
-470
-444
-372
-262
-210
-129
-2
60
111
216
270
297
349
348
316
313
272
213
135
81
-13
-159
-208
-288
-357
-375
-427
-476
-486
-454
-424
-381
-308
-231
-175
-97
45
113
193
295
390
496
505
524
551
503
488
438
371
374
303
243
132
77
-17
-68
-148
-211
-243
-236
-229
-257
-290
-297
-275
-270
-245
-192
-167
-106
15
52
136
172
318
410
440
496
558
569
516
506
481
472
367
277
251
132
54
-58
-170
-273
-370
-483
-584
-589
-600
-609
-621
-512
-488
-489
-486
-418
-315
-194
-49
71
173
225
253
229
251
272
312
356
327
327
326
234
115
10
-108
-142
-193
-277
-296
-336
-392
-434
-461
-533
-529
-503
-404
-304
-230
-159
-38
74
150
287
353
431
519
544
630
689
716
678
645
567
488
468
424
404
362
320
209
138
65
-3
-44
-142
-182
-189
-217
-203
-194
-229
-229
-163
-169
-39
118
213
309
358
424
434
465
577
570
601
594
523
465
347
236
111
31
-54
-161
-249
-316
-392
-432
-453
-509
-533
-508
-485
-404
-350
-269
-191
-143
-102
-59
54
96
160
215
322
337
333
342
245
184
97
10
-81
-148
-176
-200
-263
-335
-406
-443
-467
-442
-451
-382
-318
-274
-204
-146
-73
-5
57
158
189
284
394
459
499
508
523
466
456
396
346
271
216
134
139
143
102
41
-13
-60
-124
-146
-184
-180
-193
-236
-216
-223
-173
-122
-85
17
110
171
266
317
375
419
477
434
435
486
423
440
400
353
285
227
154
37
-57
-132
-215
-304
-321
-397
-450
-550
-551
-568
-553
-491
-446
-360
-313
-220
-131
-74
-23
77
209
300
333
326
344
348
278
258
225
172
142
66
-34
-81
-120
-262
-354
-388
-389
-465
-487
-424
-441
-390
-321
-296
-229
-101
-9
66
172
296
343
498
569
568
572
546
496
464
424
347
340
341
289
223
229
118
57
28
-78
-91
-148
-146
-192
-266
-268
-260
-212
-168
-75
-19
48
141
246
325
350
359
381
364
424
466
502
529
498
438
380
297
221
172
73
-4
-121
-183
-243
-310
-371
-429
-486
-468
-446
-390
-376
-334
-260
-217
-157
-88
-117
-33
68
133
220
258
275
222
151
113
77
7
1
-98
-187
-199
-288
-379
-492
-528
-574
-614
-587
-607
-605
-559
-560
-539
-499
-456
-367
-254
-89
59
194
235
225
254
308
368
349
356
336
339
316
279
276
249
198
160
119
54
-16
-108
-197
-296
-327
-370
-379
-347
-343
-268
-186
-108
-84
-2
81
113
185
269
363
403
508
542
519
534
522
493
405
326
268
176
66
31
-69
-200
-289
-383
-447
-483
-538
-613
-605
-610
-575
-566
-553
-489
-446
-380
-211
-129
-57
40
100
131
128
130
183
212
198
223
154
125
85
26
13
-35
-90
-144
-209
-267
-303
-358
-404
-437
-464
-460
-385
-348
-275
-179
-93
-3
70
120
210
244
296
357
380
419
408
422
407
391
360
353
285
228
181
102
3
-88
-125
-179
-256
-276
-245
-213
-214
-182
-136
-88
-44
-30
17
122
216
274
332
411
494
516
552
567
568
529
522
496
413
408
298
210
138
67
-55
-176
-221
-291
-377
-421
-472
-482
-469
-500
-491
-473
-368
-315
-255
-166
-92
15
105
177
201
205
212
198
199
215
253
199
179
119
55
2
-70
-168
-281
-369
-414
-449
-503
-521
-564
-574
-557
-526
-489
-427
-392
-273
-156
-117
-54
22
67
124
211
299
400
435
442
468
407
371
310
244
185
125
68
-3
-81
-160
-223
-296
-335
-347
-338
-311
-290
-273
-266
-223
-163
-124
-43
55
138
187
250
315
334
364
369
419
420
360
340
255
235
200
121
40
19
-70
-153
-206
-271
-280
-354
-358
-375
-362
-327
-303
-267
-223
-152
-98
-3
22
62
82
59
88
80
92
55
67
22
4
-7
-55
-102
-143
-169
-256
-279
-332
-361
-414
-398
-415
-407
-412
-385
-282
-212
-138
-66
12
69
98
119
220
256
358
391
429
477
412
456
404
351
283
223
171
95
29
-56
-140
-218
-201
-280
-321
-383
-440
-440
-409
-355
-371
-355
-279
-200
-154
-74
-2
63
138
149
172
237
273
271
346
315
319
323
256
234
190
121
51
34
-87
-159
-223
-364
-451
-497
-538
-537
-524
-488
-424
-396
-350
-281
-224
-165
-69
-17
49
116
156
181
264
272
290
280
276
277
254
227
163
102
40
-62
-115
-168
-266
-337
-360
-350
-381
-367
-366
-343
-350
-332
-302
-183
-101
5
82
120
242
240
275
299
334
411
427
453
442
409
347
282
238
185
134
45
-10
-79
-145
-154
-200
-249
-259
-292
-297
-281
-227
-176
-96
-14
2
41
70
127
177
216
236
287
282
282
261
253
210
149
155
92
28
-31
-130
-195
-241
-292
-336
-406
-464
-490
-477
-434
-394
-358
-304
-259
-210
-168
-134
-67
-31
62
101
162
174
170
192
226
186
176
181
124
99
4
-8
-67
-151
-181
-212
-270
-299
-379
-377
-378
-318
-265
-243
-184
-110
-51
26
106
171
236
282
327
372
401
409
429
422
410
439
423
340
279
187
127
84
42
-44
-103
-125
-211
-265
-324
-315
-374
-360
-378
-343
-284
-240
-231
-177
-62
-23
55
152
195
268
358
388
399
392
396
345
341
350
276
201
148
87
-20
-144
-216
-338
-428
-417
-452
-479
-444
-434
-431
-402
-345
-349
-331
-231
-181
-115
-84
-32
-6
40
128
162
200
155
155
155
152
130
55
35
-24
-86
-142
-201
-254
-331
-396
-408
-425
-368
-345
-339
-308
-248
-188
-152
-61
-26
70
102
163
241
280
337
337
378
396
401
358
362
351
323
338
315
239
202
157
90
51
4
-39
-45
-65
-99
-63
-54
-69
-9
5
14
70
115
148
147
221
274
273
297
267
281
267
250
250
220
184
135
63
45
12
-38
-94
-162
-198
-204
-203
-233
-212
-209
-234
-224
-179
-145
-82
-75
-59
-13
30
43
93
123
81
73
116
101
88
109
81
27
-25
-110
-127
-141
-247
-272
-341
-419
-392
-403
-423
-430
-434
-393
-368
-322
-249
-225
-164
-149
-137
-57
-3
91
111
147
164
227
233
249
285
293
278
241
192
135
123
71
34
-26
-70
-97
-104
-105
-132
-132
-85
-76
-95
-40
8
59
135
162
184
239
280
257
323
347
379
459
430
394
383
330
297
202
149
79
30
-54
-78
-82
-145
-236
-252
-293
-279
-205
-206
-184
-162
-121
-130
-108
-66
-58
-57
-25
31
52
28
80
85
113
96
74
41
49
64
39
6
-98
-131
-177
-255
-303
-305
-384
-364
-371
-402
-361
-393
-380
-419
-376
-294
-296
-279
-190
-117
-62
-57
-11
49
55
108
110
221
240
277
292
226
208
166
143
110
69
-13
-38
-123
-219
-226
-222
-239
-259
-229
-227
-196
-173
-110
-58
13
86
127
209
243
311
377
422
428
