-71
-56
-53
-93
-65
-109
-55
-73
-106
-104
-129
-117
-96
-126
-143
-131
-129
-209
-160
-148
-168
-166
-230
-131
-145
-108
-130
-147
-127
-121
-95
-87
-76
-71
-45
-32
-31
-18
28
18
-30
-6
-21
-21
-44
-57
-33
-34
11
7
4
26
50
7
-18
50
-3
-12
-52
-46
-29
7
17
-36
-21
-2
-9
-21
-22
-37
-67
-80
-73
-99
-103
-122
-134
-125
-104
-113
-152
-84
-67
-104
-91
-83
-162
-148
-45
-52
-101
-61
-76
-116
-124
-109
-100
-119
-127
-94
-70
-80
-98
-100
-98
-108
-138
-153
-143
-182
-121
-108
-112
-118
-126
-124
-82
-75
-66
-78
-103
-70
-105
-114
-44
-62
-56
-67
-106
-87
-106
-104
-107
-130
-141
-110
-118
-113
-61
-103
-86
-102
-119
-106
-107
-53
-49
-67
-71
-86
-71
-74
-91
-70
-97
-102
-140
-106
-123
-100
-128
-123
-71
-85
-99
-78
-91
-126
-110
-129
-73
-158
-167
-169
-199
-163
-176
-212
-227
-293
-463
-788
-1246
-1465
-1562
-1351
-1192
-1102
-1137
-957
-527
-17
91
-275
-915
-1347
-1170
-448
387
725
594
200
-54
-142
-111
-139
-67
-16
192
287
162
-144
-452
-530
-323
-128
55
44
1
18
-3
23
1
73
261
605
732
786
729
611
690
752
864
907
943
936
982
1022
1008
911
744
677
681
833
879
778
564
356
334
378
447
341
222
78
42
137
124
28
-65
-196
-147
-103
-93
-100
-171
-110
-157
-210
-274
-438
-503
-372
-335
-354
-409
-504
-550
-497
-445
-422
-485
-477
-582
-629
-595
-558
-481
-520
-514
-537
-583
-598
-577
-616
-610
-595
-557
-474
-446
-431
-483
-514
-494
-450
-302
-320
-307
-295
-242
-159
-126
3
65
105
166
244
379
437
493
572
632
715
770
932
1081
1272
1363
1387
1414
1358
1458
1596
1778
1918
1954
1962
2000
2062
2158
2182
2239
2317
2371
2484
2491
2469
2249
1940
1527
1053
546
-82
-641
-1161
-1474
-1620
-1792
-2093
-2516
-2841
-3018
-3008
-2788
-2501
-2246
-1938
-1651
-1292
-1030
-801
-519
-273
87
348
613
821
920
934
866
719
429
99
-200
-502
-848
-1237
-1662
-1967
-2225
-2447
-2698
-2929
-3175
-3269
-3189
-2995
-2824
-2640
-2434
-2250
-2023
-1765
-1546
-1346
-1145
-918
-550
-360
-290
-257
-289
-251
-132
55
50
-2
-90
-159
-87
-64
-66
53
88
105
158
192
297
409
532
736
882
995
1112
1243
1376
1589
1825
1997
2151
2198
2386
2541
2673
2874
3051
3214
3332
3401
3527
3704
3816
3769
3370
2508
1355
103
-903
-1391
-1260
-946
-844
-1333
-2253
-3011
-3631
-3641
-3244
-2768
-2351
-2116
-1749
-1238
-603
-107
14
-60
-119
102
624
1280
1838
2087
1946
1534
1086
609
269
84
7
-50
-202
-465
-859
-1286
-1667
-2005
-2241
-2455
-2576
-2578
-2431
-2133
-1926
-1832
-1894
-1966
-1915
-1558
-1072
-590
-226
-95
-128
-221
-260
-229
-131
-15
45
3
-87
-182
-281
-456
-489
-588
-607
-575
-383
-145
-52
14
-72
-109
-95
206
520
870
1057
1063
1063
981
1094
1117
1166
1156
1147
1162
1164
1171
1066
1028
957
920
935
919
950
1094
1316
1600
1847
2002
2149
2298
2588
2779
2723
2330
1634
992
551
560
760
981
914
353
-378
-1076
-1387
-1418
-1365
-1352
-1518
-1675
-1694
-1409
-1038
-800
-835
-1186
-1495
-1565
-1230
-630
-123
60
-74
-457
-782
-817
-765
-652
-572
-594
-663
-711
-575
-416
-344
-408
-673
-914
-1046
-971
-701
-431
-350
-509
-743
-937
-1005
-889
-742
-666
-712
-895
-1012
-1100
-1034
-857
-773
-800
-931
-1033
-1021
-870
-686
-578
-562
-682
-701
-681
-575
-297
-118
-123
-150
-221
-242
-129
88
269
358
347
230
167
118
148
215
280
279
265
201
170
316
450
475
435
400
390
504
780
1064
1305
1497
1563
1684
1877
2151
2466
2631
2639
2473
2139
1686
1299
1006
820
722
514
294
10
-461
-893
-1333
-1701
-2017
-2167
-2230
-2251
-2104
-1873
-1522
-1244
-1059
-1015
-1049
-982
-735
-348
54
250
200
-11
-295
-494
-574
-580
-533
-565
-591
-624
-554
-557
-621
-802
-963
-1053
-1050
-935
-804
-711
-721
-876
-936
-952
-989
-934
-933
-869
-843
-799
-702
-676
-735
-786
-845
-770
-677
-563
-463
-457
-393
-296
-160
-90
-16
72
177
311
376
374
252
190
197
256
477
579
621
578
630
640
793
971
1030
1146
1250
1433
1597
1815
2025
2180
2347
2473
2729
3013
3385
3793
4098
4318
4204
3837
3103
2116
1037
-1
-665
-951
-808
-808
-1221
-2093
-3252
-4234
-4707
-4648
-4262
-3873
-3502
-3031
-2533
-1937
-1474
-1223
-1133
-849
-247
624
1545
2273
2837
2986
2870
2576
2181
1731
1368
1162
971
808
508
-14
-668
-1415
-2165
-2867
-3446
-3764
-3763
-3523
-3270
-3227
-3356
-3633
-3687
-3362
-2777
-1987
-1282
-681
-229
115
340
455
500
517
545
680
802
778
577
202
-220
-604
-949
-1152
-1227
-1236
-1211
-1163
-1183
-1271
-1212
-1019
-593
-71
383
741
1022
1345
1595
1940
2275
2586
2851
3164
3470
3683
3923
4100
4227
4400
4742
5158
5555
5908
6153
6097
5306
3501
1006
-1781
-3612
-4172
-3567
-2638
-2685
-3644
-5394
-6916
-7523
-7421
-6599
-5665
-4564
-3141
-1627
-112
806
1187
1226
1132
1447
2152
3264
4510
5430
5851
5328
4069
2513
1110
282
-174
-460
-812
-1557
-2413
-3294
-4179
-4972
-5763
-6319
-6477
-6106
-5295
-4348
-3501
-2975
-2757
-2514
-2076
-1327
-211
1018
2100
2812
2964
2705
2203
1818
1621
1548
1507
1172
591
-118
-862
-1499
-2102
-2692
-3146
-3388
-3219
-2908
-2607
-2401
-2334
-2147
-1741
-872
192
1311
2321
3028
3550
3863
4208
4663
5105
5534
5729
5752
5782
5797
5917
5968
5944
5742
5460
5257
4844
3926
2128
-676
-3756
-6086
-6978
-6462
-5351
-4775
-5092
-6117
-7112
-7423
-6994
-5829
-4341
-2713
-1013
678
2236
3432
4104
4273
4118
3914
3910
4276
4965
5512
5603
4763
3186
1210
-719
-2144
-3167
-3785
-4281
-4724
-5197
-5756
-6282
-6809
-7227
-7354
-7117
-6453
-5389
-4054
-2551
-1192
-190
493
810
1108
1660
2426
3323
4005
4188
3758
2806
1824
980
445
51
-499
-1142
-1922
-2597
-3034
-3329
-3481
-3650
-3708
-3632
-3275
-2593
-1816
-919
-140
582
1321
2110
2971
3806
4596
5249
5620
5908
6159
6432
6643
6842
6980
7093
7111
6965
6781
6616
6357
5542
3652
671
-2955
-6045
-7649
-7627
-6572
-5696
-5823
-6814
-8045
-8609
-8211
-7037
-5338
-3586
-1660
348
2274
3879
4864
5257
5183
4838
4658
4754
5219
5767
5982
5482
4015
1890
-427
-2406
-3718
-4491
-5028
-5600
-6248
-6769
-7111
-7258
-7367
-7471
-7390
-6943
-5963
-4451
-2851
-1226
67
908
1526
1881
2294
2771
3380
4060
4338
4107
3370
2271
1250
443
-34
-523
-1222
-1936
-2726
-3299
-3695
-3938
-4126
-4242
-4020
-3533
-2858
-2041
-1274
-558
147
830
1638
2510
3421
4403
5181
5663
5800
5766
5721
5772
5890
5907
6010
6001
6085
6232
6342
6414
6166
5281
3467
630
-2676
-5652
-7247
-7210
-6066
-4913
-4801
-5490
-6735
-7498
-7345
-6414
-4852
-3011
-1074
1017
2847
4335
5237
5324
4985
4438
4072
4056
4442
4964
5282
4974
3651
1528
-846
-2966
-4402
-5131
-5486
-5749
-6116
-6463
-6632
-6818
-6973
-7084
-7109
-6630
-5606
-4031
-2210
-620
609
1427
1814
1955
2181
2662
3301
3901
4216
4062
3450
2450
1424
546
-193
-787
-1388
-1965
-2472
-2961
-3414
-3798
-4008
-4087
-3924
-3475
-2820
-1895
-971
-90
556
984
1469
2115
3134
4297
5313
5907
5999
5762
5517
5415
5583
5831
6073
6160
6101
6020
5916
5859
5677
5069
3659
1265
-1968
-5045
-7113
-7575
-6722
-5524
-4953
-5379
-6301
-7018
-7019
-6200
-4729
-2948
-1078
934
2874
4405
5357
5605
5358
4858
4407
4218
4314
4534
4754
4477
3411
1572
-766
-2940
-4565
-5450
-5925
-6132
-6279
-6569
-6780
-6934
-6971
-6860
-6618
-6050
-5115
-3812
-2220
-631
782
1708
2188
2380
2416
2562
2912
3395
3756
3723
3232
2311
1201
213
-501
-978
-1431
-1937
-2604
-3275
-3736
-3968
-4001
-3825
-3570
-3091
-2527
-1755
-868
-38
663
1068
1575
2175
3000
4045
5005
5592
5706
5457
5155
4965
4999
5215
5558
5954
6094
6214
6164
5980
5655
4877
3429
896
-2415
-5540
-7447
-7584
-6504
-5204
-4890
-5673
-6842
-7722
-7532
-6305
-4402
-2097
28
2067
3716
4837
5579
5780
5747
5399
5055
4835
4905
5149
5155
4498
2898
574
-1950
-4058
-5409
-5882
-6011
-6052
-6260
-6739
-7088
-7326
-7217
-6692
-5912
-4862
-3595
-2134
-751
528
1460
1983
2270
2485
2658
2911
3329
3607
3510
2903
1920
785
-289
-931
-1300
-1470
-1830
-2423
-3108
-3775
-4181
-4319
-4104
-3710
-3152
-2527
-1745
-802
61
856
1478
2007
2493
3171
4084
5084
5841
6173
5974
5419
4977
4729
4851
5079
5295
5514
5541
5514
5439
5254
4742
3507
1244
-1950
-5304
-7614
-8086
-7154
-5465
-4519
-4850
-5841
-6937
-7057
-6153
-4364
-1943
463
2811
4641
5832
6515
6574
6249
5617
4902
4459
4340
4631
4772
4143
2559
109
-2611
-5013
-6581
-7143
-7071
-6671
-6386
-6378
-6515
-6654
-6463
-5918
-5087
-3904
-2537
-968
640
1888
2618
2711
2361
2157
2089
2305
2561
2651
2435
1615
549
-672
-1695
-2352
-2589
-2658
-2799
-3049
-3426
-3822
-4103
-4171
-4074
-3659
-2857
-1912
-999
-247
332
836
1351
1863
2423
3161
3909
4678
5259
5424
5246
4767
4309
4044
4157
4431
4682
5022
5154
5329
5485
5493
5366
4513
2588
-353
-3853
-6809
-8088
-7576
-6053
-4675
-4511
-5290
-6438
-7128
-6664
-5190
-2861
-237
2229
4289
5634
6398
6647
6452
5918
5179
4605
4375
4463
4459
3876
2453
252
-2340
-4753
-6610
-7561
-7552
-7075
-6465
-6120
-6183
-6280
-6216
-5680
-4661
-3339
-1792
-353
926
1882
2360
2580
2665
2590
2412
2267
2125
1936
1666
1075
79
-1064
-2224
-3032
-3379
-3448
-3387
-3419
-3589
-3838
-4107
-4199
-4022
-3390
-2329
-1243
-309
313
798
1197
1724
2278
2704
3182
3638
4164
4742
5182
5320
5136
4691
4234
3947
4063
4458
4994
5511
5773
5835
5792
5775
5604
4783
2627
-742
-4706
-7766
-8662
-7682
-5742
-4366
-4214
-5229
-6687
-7531
-7012
-5073
-1968
1148
3666
5323
6166
6627
6707
6401
5774
4925
4248
4010
4046
4094
3414
1861
-655
-3592
-6314
-8009
-8342
-7594
-6461
-5655
-5455
-5627
-5888
-5763
-4939
-3662
-1849
21
1573
2673
3210
3209
2880
2312
1961
1743
1605
1819
1691
1242
239
-1240
-2513
-3573
-3976
-3799
-3459
-3032
-3049
-3369
-3855
-4321
-4259
-3712
-2702
-1631
-717
-172
105
460
857
1268
1759
2226
2707
3211
3712
4258
4480
4473
4204
3865
3690
3715
4004
4435
4941
5220
5548
5829
6159
6638
6810
6189
3881
53
-4331
-7718
-8671
-7691
-5794
-4296
-4345
-5397
-7101
-8241
-7871
-5874
-2512
953
3611
5513
6401
6803
6778
6244
5760
5068
4713
4595
4587
4476
3624
1855
-884
-4114
-6752
-8164
-8140
-7143
-6169
-5405
-5423
-5929
-6266
-6173
-5027
-3137
-889
1125
2460
3119
3210
3006
2709
2400
2094
2036
1951
1812
1610
836
-166
-1549
-2935
-3907
-4315
-4000
-3481
-2959
-2892
-3329
-3911
-4436
-4446
-3710
-2441
-972
45
596
650
524
672
929
1527
2120
2632
2979
3080
3139
3224
3229
3212
3089
3020
3029
3206
3642
4021
4432
4663
4777
5011
5539
6446
7347
7478
5996
2512
-1958
-6010
-8216
-7979
-6349
-4340
-3435
-4039
-5758
-7812
-8418
-7097
-4116
-399
2710
5000
6267
6521
6336
5730
5282
4908
4606
4624
4632
4630
3969
2369
-213
-3371
-6138
-7805
-8103
-7196
-5933
-4989
-4878
-5727
-6564
-6753
-5604
-3416
-933
1332
2771
3407
3447
3266
3225
3260
3161
2772
2077
1570
1054
635
-67
-1280
-2724
-4292
-5207
-5270
-4673
-3881
-3633
-3884
-4488
-5002
-4835
-3741
-2204
-758
98
378
363
571
1037
1597
2255
2521
2608
2438
2180
2148
2327
2659
2912
2918
2689
2353
2323
2639
2988
3402
3670
4015
4537
5182
6122
7044
7790
7810
6605
3628
-401
-4326
-6894
-7027
-5855
-4142
-3195
-3777
-5368
-7427
-8388
-7401
-4856
-1296
1988
4282
5525
5654
5191
4658
4430
4450
4554
4773
4709
4323
3402
1537
-729
-3271
-5444
-6687
-7120
-6569
-5675
-5058
-5086
-5906
-6720
-6881
-5995
-4100
-1769
569
2247
3118
3451
3354
3377
3506
3549
3446
3026
2422
1688
647
-580
-1850
-3218
-4376
-5004
-5217
-4899
-4658
-4688
-4909
-5008
-4677
-4010
-2934
-1764
-664
88
591
925
1252
1628
2012
2312
2474
2496
2370
2153
1821
1807
1872
2170
2501
2627
2617
2415
2077
1939
2187
2818
3861
4658
5193
5600
5970
6583
7355
7663
6646
3608
-660
-4656
-6890
-6720
-5108
-3011
-2042
-2858
-5067
-7623
-8592
-7313
-4221
-447
2679
4649
5149
4589
3810
3321
3482
3957
4438
4569
4326
3787
2633
965
-1078
-3209
-4976
-6079
-6391
-5821
-4993
-4525
-4877
-5818
-6608
-6571
-5309
-3142
-488
1766
3106
3104
2398
1761
1724
2595
3494
4331
4204
3059
1450
-568
-2088
-2980
-3662
-4108
-4439
-4719
-4743
-4847
-5053
-5177
-5156
-4710
-3598
-2042
-230
1257
1718
1622
1037
824
1212
1908
2911
3447
3373
2594
1445
651
569
1041
1806
2337
2363
2062
1527
1016
1051
1568
2378
3110
3495
3867
4378
5004
5946
7179
8064
7737
5275
1266
-2942
-5840
-6295
-4925
-2716
-1076
-1384
-3642
-6838
-9093
-8797
-6181
-2245
1565
3884
4554
3704
2310
1620
2038
3195
4458
5269
5284
4599
3259
1577
-180
-1846
-3366
-4600
-5346
-5234
-4732
-4438
-4693
-5710
-6729
-7070
-6278
-4326
-1786
557
1903
2002
1400
822
1043
1929
3298
4404
4720
4131
2728
1024
-528
-1580
-2489
-3129
-3740
-4060
-4259
-4589
-5036
-5423
-5586
-5395
-4612
-3288
-1546
-9
789
865
532
340
611
1284
2312
3260
3651
3239
2084
1043
586
725
1419
2150
2640
2696
2202
1501
1059
1013
1422
1884
2526
3208
3747
4311
4976
6041
7219
7762
7068
4442
693
-2836
-5013
-4818
-3259
-1171
-194
-1316
-4006
-7219
-8969
-8126
-5176
-1154
2447
4106
3772
2048
494
201
1405
3410
5293
6332
6075
4600
2437
574
-654
-1487
-2068
-2612
-3146
-3436
-3871
-4454
-5111
-5926
-6416
-6517
-5718
-3974
-1876
-2
1004
1080
564
-86
71
965
2431
4056
4721
4501
3087
1115
-884
-2476
-3045
-2919
-2466
-2105
-2350
-3251
-4347
-5365
-5666
-5247
-4066
-2360
-928
-149
-84
-482
-672
-388
321
1285
2132
2443
2178
1567
1152
1246
1521
1983
2240
2306
2193
1789
1437
1219
1366
1596
1855
2042
2430
2948
3322
3752
4370
5300
6427
7272
6933
4814
1329
-2266
-4627
-4787
-3153
-856
445
-276
-2888
-6257
-8450
-8206
-5599
-1772
1591
3207
2825
1073
-543
-942
207
2366
4476
5565
5255
3845
2049
733
127
-76
-223
-653
-1383
-2245
-3202
-3800
-4248
-4581
-4887
-5127
-5002
-4457
-3508
-2323
-1353
-804
-800
-1037
-774
165
1678
2966
3724
3530
2465
989
-280
-821
-505
122
467
184
-948
-2643
-4285
-5105
-5004
-4092
-2939
-2028
-1705
-1986
-2520
-2779
-2380
-1454
-337
647
1260
1510
1426
1314
1438
1777
2180
2443
2554
2505
2427
2238
2125
2112
2118
2239
2284
2427
2602
2666
2779
3117
3953
5257
6598
7445
6733
4140
575
-2926
-4634
-4090
-1964
627
1666
432
-2650
-6411
-8573
-8108
-5269
-1068
2329
3691
2612
11
-2234
-2815
-1303
1691
4736
6456
6274
4331
1870
194
-343
127
920
1244
935
-130
-1543
-2876
-3945
-4495
-4802
-4837
-4544
-4106
-3607
-3165
-2855
-2824
-2720
-2364
-1672
-337
983
2100
2562
2261
1658
775
422
704
1089
1612
1589
952
-163
-1693
-2753
-3184
-2936
-2288
-1700
-1592
-2167
-3116
-3913
-3962
-3302
-2023
-816
-101
55
-257
-481
-318
350
1462
2460
3061
3183
2976
2644
2275
2339
2779
3400
3795
3754
3471
2942
2511
2452
2976
4190
5638
6668
6483
4623
1484
-1969
-4376
-4844
-3532
-1173
627
744
-1118
-4271
-7077
-8110
-6975
-4009
-390
2128
2717
1265
-1005
-2627
-2653
-878
2027
4734
6152
5633
3683
1392
-246
-514
373
1780
2669
2273
572
-1634
-3604
-4776
-5017
-4526
-3750
-3221
-3272
-3745
-4364
-4701
-4571
-4024
-2957
-1546
-171
793
1167
1083
594
207
229
806
1723
2378
2782
2523
1724
544
-615
-1159
-1095
-736
-446
-540
-1132
-2201
-3305
-4012
-4085
-3476
-2623
-1936
-1563
-1564
-1822
-1851
-1370
-293
1077
2237
2985
3186
2956
2708
2699
3263
4181
4912
5100
4739
4050
3239
2701
2780
3497
4475
5324
5647
5113
3380
782
-1959
-3732
-4160
-3245
-1585
-220
79
-1187
-3637
-5966
-7217
-6688
-4409
-1404
1164
2181
1266
-740
-2598
-3313
-2153
440
3433
5446
5641
4157
1903
-13
-743
-39
1645
3079
3283
2063
-131
-2383
-3995
-4461
-3827
-2720
-2046
-2167
-3023
-4153
-4977
-5190
-4523
-3187
-1872
-1067
-921
-1209
-1462
-1479
-1048
47
1318
2249
2465
2221
1816
1303
988
988
1239
1421
1203
575
-251
-1110
-1887
-2396
-2541
-2461
-2347
-2410
-2552
-2622
-2542
-2127
-1415
-478
464
1146
1623
1942
2356
2832
3348
4016
4579
4834
4695
4363
3903
3371
2922
2662
2717
2894
3083
3331
3534
3326
2323
659
-1039
-2091
-2334
-1757
-549
488
774
-70
-1665
-3186
-4144
-4075
-3004
-1262
256
838
268
-1081
-2457
-3285
-2853
-1443
523
2033
2471
1894
523
-807
-1460
-1065
142
1350
2079
1888
829
-620
-1776
-2138
-1784
-933
-241
-67
-498
-1499
-2521
-3196
-3176
-2617
-1906
-1402
-1304
-1611
-2042
-2255
-2085
-1432
-707
-113
189
483
718
794
935
932
922
821
601
400
297
129
-173
-649
-1231
-1692
-1960
-2018
-1795
-1361
-965
-645
-463
-286
-79
261
625
1067
1508
1907
2262
2489
2570
2443
2134
1759
1428
1137
979
986
1083
1137
958
758
664
640
684
1034
1471
1617
1543
1169
932
892
1115
1500
1853
2067
1792
1180
450
-181
-552
-586
-360
-253
-314
-740
-1459
-2232
-2823
-2870
-2666
-2322
-1964
-1698
-1598
-1819
-2132
-2216
-2105
-1744
-1211
-627
21
311
309
105
-314
-578
-597
-314
64
411
540
394
39
-310
-412
-418
-313
-213
-189
-247
-313
-338
-213
-56
116
-36
-260
-391
-508
-427
-370
-260
-201
-381
-803
-1060
-1238
-1183
-970
-771
-548
-453
-448
-519
-508
-312
26
349
602
762
830
859
959
1028
1139
1176
1081
1023
893
703
491
409
444
441
451
378
249
-55
-393
-583
-603
-419
-111
194
439
614
736
836
1056
1358
1694
1990
2197
2292
2210
2020
1695
1359
1108
930
746
559
314
92
-272
-626
-811
-838
-852
-949
-1050
-1131
-1218
-1337
-1392
-1272
-1056
-848
-750
-741
-908
-1130
-1353
-1476
-1410
-1143
-812
-596
-634
-799
-968
-1115
-1105
-976
-691
-512
-437
-294
-60
285
538
623
538
382
221
139
274
495
719
796
478
-89
-578
-825
-821
-632
-387
-295
-506
-991
-1440
-1599
-1463
-1133
-777
-510
-455
-532
-632
-536
-330
-70
248
479
623
687
699
657
635
593
569
650
713
710
608
335
14
-243
-282
-153
136
398
487
461
319
293
364
457
527
532
465
344
146
44
130
244
411
496
564
656
750
735
800
840
783
779
710
591
391
101
-168
-268
-296
-308
-362
-560
-837
-1189
-1392
-1477
-1360
-1064
-844
-782
-902
-1110
-1303
-1406
-1342
-1143
-762
-412
-132
119
257
249
166
214
336
564
792
971
1052
1007
804
538
211
-45
-236
-338
-387
-508
-659
-989
-1397
-1800
-2108
-2166
-1939
-1567
-1126
-829
-778
-873
-943
-801
-403
183
769
1167
1176
902
515
250
142
329
640
813
698
373
-97
-570
-895
-1019
-914
-691
-467
-327
-273
-323
-385
-436
-365
-316
-156
131
345
497
474
427
427
446
562
740
1025
1286
1391
1285
1017
734
476
319
248
206
28
-275
-647
-926
-1041
-1034
-973
-846
-836
-950
-1159
-1345
-1295
-1148
-909
-726
-575
-436
-405
-484
-449
-255
-30
254
506
658
865
1004
1076
1071
1101
1101
1122
1143
1083
1067
930
765
456
76
-360
-667
-809
-925
-1051
-1250
-1589
-1925
-2069
-1974
-1614
-1159
-714
-393
-129
-82
-26
122
285
606
887
1094
1219
1143
876
543
142
-158
-282
-235
-158
-114
-227
-565
-969
-1390
-1560
-1356
-884
-391
-44
42
-137
-354
-610
-671
-552
-123
368
517
527
389
213
106
160
296
543
677
696
628
463
219
-68
-189
-309
-417
-522
-688
-765
-801
-785
-706
-598
-536
-519
-613
-776
-944
-936
-665
-239
201
407
328
-10
-430
-668
-529
-74
520
892
956
711
353
38
-27
192
515
793
792
618
414
262
62
-66
-85
-259
-454
-586
-605
-572
-492
-483
-552
-643
-597
-439
-159
230
563
772
798
681
529
431
415
436
494
512
422
168
-244
-671
-1008
-1084
-985
-694
-476
-436
-577
-863
-1091
-1156
-903
-451
80
419
505
368
133
-9
-4
194
453
664
741
637
488
226
-3
-83
44
266
378
359
244
-105
-492
-779
-960
-876
-716
-595
-649
-797
-998
-1188
-1177
-990
-732
-536
-457
-450
-433
-277
-52
196
427
501
448
224
73
46
168
450
733
926
861
584
198
-124
-215
-120
165
423
562
452
76
-387
-885
-1079
-973
-602
-308
-86
-97
-317
-587
-864
-831
-606
-324
-26
271
444
497
475
441
311
126
-41
-36
113
368
546
481
122
-429
-985
-1273
-1175
-725
-141
310
410
64
-407
-843
-921
-630
-76
433
749
746
524
199
-91
-210
-182
22
115
177
179
185
79
-38
-89
-93
42
159
337
403
274
207
-33
-116
-34
-22
-17
-77
-206
-477
-649
-682
-659
-564
-493
-505
-643
-808
-883
-804
-621
-427
-306
-339
-536
-731
-822
-635
-268
155
387
336
123
-138
-221
-14
406
785
992
843
553
185
-68
-143
24
364
513
477
259
-15
-304
-544
-699
-674
-608
-458
-314
-191
-207
-316
-440
-639
-695
-683
-503
-265
-11
127
132
-20
-303
-546
-644
-514
-235
147
500
749
706
471
126
-106
-127
98
511
770
952
697
268
-243
-698
-941
-898
-695
-517
-403
-459
-633
-909
-995
-853
-515
-15
453
648
682
554
427
453
643
915
1160
1131
997
779
529
292
195
108
-47
-192
-397
-593
-776
-904
-1034
-1178
-1281
-1336
-1317
-1263
-1182
-1026
-820
-601
-349
-134
45
157
180
280
399
592
883
996
1068
965
794
596
508
549
622
623
507
309
-86
-448
-750
-781
-718
-582
-456
-450
-511
-671
-796
-818
-784
-668
-578
-429
-220
-120
-1
29
-55
-166
-351
-406
-312
-100
282
520
590
521
281
76
-69
-51
87
308
417
315
44
-280
-572
-840
-994
-984
-932
-867
-784
-732
-744
-776
-704
-532
-290
48
307
467
521
455
477
567
813
1033
1160
1167
920
654
335
178
118
154
101
-68
-363
-730
-1053
-1263
-1307
-1259
-1153
-1075
-975
-938
-896
-894
-791
-582
-365
-121
90
194
247
220
302
364
481
632
686
728
672
533
310
145
60
10
11
-26
-123
-410
-680
-788
-751
-602
-469
-369
-331
-366
-414
-393
-270
-53
93
254
358
306
247
197
121
32
-68
-147
-122
-70
-45
-22
-41
-124
-233
-390
-447
-355
-268
-118
-125
-150
-199
-310
-348
-355
-280
-178
-17
121
164
160
132
127
167
300
400
555
582
503
349
222
268
365
527
584
534
343
93
-73
-259
-314
-291
-236
-286
-385
-455
-599
-734
-863
-844
-725
-542
-308
-121
-61
-121
-195
-215
-203
-55
155
331
383
309
190
117
109
164
286
297
225
63
-118
-278
-313
-339
-316
-288
-384
-562
-689
-690
-600
-461
-342
-230
-192
-114
-64
87
300
407
514
554
610
591
534
486
354
177
-57
-226
-301
-359
-372
-401
-499
-644
-761
-877
-914
-807
-700
-567
-499
-448
-400
-335
-151
15
270
505
587
734
731
707
631
583
572
522
538
452
370
289
86
-74
-236
-337
-344
-316
-269
-225
-298
-447
-641
-800
-832
-703
-445
-197
-79
-147
-299
-505
-617
-551
-308
6
276
284
97
-186
-452
-602
-527
-365
-137
9
-52
-181
-404
-524
-505
-371
-160
-8
39
48
-28
-128
-142
-108
-40
68
141
166
107
17
1
-59
14
129
225
306
360
365
290
256
276
299
307
293
245
109
-44
-223
-508
-659
-795
-809
-765
-773
-818
-863
-903
-884
-839
-762
-582
-419
-248
-121
42
207
423
669
891
993
937
829
610
541
513
472
456
331
146
-76
-233
-341
-496
-657
-751
-841
-880
-735
-583
-490
-318
-376
-516
-590
-530
-288
66
375
545
617
379
138
-101
-161
-55
137
334
245
-5
-363
-702
-907
-896
-787
-627
-549
-554
-669
-741
-691
-569
-318
-40
211
394
415
428
466
521
592
717
813
830
829
765
688
638
530
474
432
412
392
382
383
337
314
303
235
162
74
-23
-60
-148
-281
-450
-602
-710
-720
-715
-678
-576
-608
-673
-703
-653
-460
-253
-4
226
345
341
371
494
619
700
693
565
416
229
133
78
42
-17
-226
-413
-621
-660
-677
-719
-747
-775
-792
-790
-711
-459
-263
-173
-95
-41
26
121
301
475
610
613
530
360
126
-23
-71
-118
-122
-161
-299
-468
-718
-919
-1117
-1148
-1044
-874
-704
-617
-537
-486
-357
-193
-4
222
460
685
782
849
890
867
865
897
891
861
772
675
566
427
282
81
-52
-134
-126
-143
-36
15
-67
-194
-285
-305
-313
-215
-144
-153
-247
-344
-470
-472
-406
-343
-214
-144
-176
-220
-272
-211
-27
160
292
429
383
208
134
166
285
415
444
396
156
-99
-373
-510
-520
-483
-387
-349
-364
-446
-530
-639
-650
-608
-400
-179
-5
133
175
226
295
339
368
443
466
432
472
459
328
191
11
-155
-278
-343
-384
-419
-469
-564
-714
-839
-852
-833
-748
-651
-511
-366
-254
-112
15
158
270
374
459
561
706
864
959
953
901
812
680
600
599
533
486
368
187
55
-94
-151
-193
-152
-117
-119
-152
-167
-149
-162
-72
-36
55
64
30
-42
-118
-107
-11
118
204
255
136
39
-47
-88
-42
63
147
165
133
-27
-179
-281
-263
-165
-61
-71
-129
-269
-482
-579
-542
-395
-164
15
72
27
-168
-291
-281
-129
108
276
384
267
109
-49
-169
-129
-112
17
16
-50
-163
-298
-337
-434
-435
-499
-527
-506
-493
-467
-453
-439
-494
-517
-467
-371
-296
-192
-85
-23
34
86
115
159
136
197
279
338
456
501
472
385
326
232
136
129
153
122
75
-28
-201
-302
-379
-377
-289
-210
-103
-52
-106
-129
-178
-197
-158
22
171
286
339
206
173
100
111
185
295
269
141
25
-178
-289
-337
-331
-315
-326
-428
-571
-736
-757
-638
-457
-298
-215
-277
-397
-515
-502
-375
-163
100
265
323
289
213
137
77
165
242
299
302
155
-16
-216
-327
-438
-469
-456
-464
-498
-610
-699
-750
-794
-816
-754
-647
-453
-223
-82
-37
-5
22
105
219
353
477
560
612
600
575
526
451
376
371
351
374
313
247
160
46
-39
-89
-174
-207
-210
-218
-266
-309
-305
-359
-364
-320
-239
-141
-50
-20
-17
-56
-87
-68
16
141
261
365
329
268
178
126
139
147
207
266
237
113
-45
-211
-369
-448
-446
-356
-329
-343
-403
-507
-591
-656
-624
-576
-501
-447
-395
-395
-335
-182
-35
108
234
299
307
316
349
373
418
427
387
258
81
-24
-96
-188
-245
-340
-420
-488
-630
-676
-705
-705
-696
-624
-517
-400
-294
-165
-41
63
87
36
9
105
248
348
434
429
402
314
158
67
57
101
186
215
176
72
-115
-241
-264
-258
-141
5
118
154
105
-31
-142
-191
-175
-75
63
142
75
-22
-161
-316
-318
-303
-147
-24
10
-27
-139
-215
-301
-320
-216
-96
-10
78
40
-31
-152
-264
-253
-177
-47
41
126
59
-102
-264
-440
-519
-480
-356
-220
-210
-198
-255
-359
-395
-376
-268
-103
82
162
225
193
104
28
-57
-86
-93
-97
-56
-38
-133
-212
-307
-396
-426
-442
-321
-216
-104
-89
-87
-109
-138
-69
-21
49
122
112
95
59
34
-54
-111
-118
-145
-200
-256
-352
-427
-442
-434
-372
-371
-351
-406
-433
-460
-410
-211
-57
151
264
290
288
233
156
141
192
240
296
341
274
200
57
-157
-212
-244
-156
-149
-163
-192
-338
-449
-567
-578
-543
-419
-284
-233
-225
-257
-298
-278
-209
-57
86
191
202
112
54
-11
-71
-77
5
55
86
76
7
-84
-110
-108
-91
-21
42
136
153
103
68
2
-84
-146
-156
-124
-119
-150
-120
-132
-195
-254
-290
-299
-242
-137
-21
98
184
133
65
-37
-106
-59
34
178
203
201
119
-13
-123
-180
-187
-186
-174
-182
-320
-388
-501
-526
-524
-501
-423
-440
-485
-434
-336
-256
-51
52
73
67
32
-29
-49
25
139
222
207
215
126
-3
-126
-235
-290
-258
-164
-139
-119
-206
-306
-417
-555
-503
-335
-181
-73
-42
-41
-88
-151
-156
-58
83
216
252
200
79
-44
-216
-300
-330
-281
-161
-147
-149
-220
-292
-350
-347
-318
-204
-109
-35
1
10
-7
-50
-61
-111
-113
-129
-104
-43
9
22
23
-42
-98
-165
-151
-13
66
118
145
91
-27
-100
-138
-115
-68
32
30
14
-23
-122
-136
-171
-212
-289
-306
-334
-306
-265
-234
-176
-225
-264
-253
-304
-284
-242
-178
-21
-6
-21
-31
-31
1
-38
-56
-29
22
71
64
-20
-85
-173
-244
-336
-329
-289
-251
-236
-287
-285
-274
-289
-259
-156
-60
20
43
1
29
32
16
104
212
247
298
193
67
-96
-191
-223
-264
-257
-176
-114
-130
-216
-343
-451
-507
-429
-320
-181
-70
19
-53
-102
-110
-76
-1
59
165
225
310
338
322
331
236
149
172
171
197
314
290
258
196
27
-98
-175
-201
-161
-50
30
-1
-53
-134
-194
-199
-181
-157
-97
-28
-16
3
-10
-35
4
-1
18
67
81
80
32
49
26
46
105
72
-1
-61
-136
-227
-226
-169
-153
-129
-133
-198
-310
-427
-462
-461
-357
-225
-166
-109
-207
-229
-303
-320
-222
-110
17
109
123
86
22
-39
-68
-38
8
91
105
-1
-87
-228
-297
-312
-340
-250
-175
-178
-208
-271
-322
-332
-253
-136
17
20
38
86
124
213
229
314
394
426
464
458
447
443
413
374
294
251
163
165
171
101
29
-49
-125
-224
-298
-335
-276
-247
-274
-225
-253
-284
-220
-181
-65
55
101
93
153
165
118
112
129
138
155
206
196
89
10
-56
-134
-118
-114
-112
-123
-203
-294
-439
-445
-470
-456
-365
-280
-261
-335
-372
-349
-344
-303
-173
-12
53
41
15
-59
-61
-14
36
88
106
136
62
-54
-124
-167
-112
-49
-34
-53
-155
-292
-394
-425
-398
-365
-284
-186
-188
-230
-255
-307
-295
-195
-109
14
150
210
233
276
235
210
256
285
329
384
450
478
427
398
325
184
161
92
96
146
203
204
139
46
-85
-148
-222
-167
-53
33
134
138
124
99
83
92
125
149
226
247
283
297
237
235
216
163
130
63
-16
-56
-82
-104
-121
-93
-178
-233
-331
-414
-425
-444
-429
-333
-194
-138
-90
-162
-195
-222
-260
-140
-2
108
257
263
175
1
-91
-111
-124
-44
-12
18
-12
-108
-152
-246
-339
-266
-227
-226
-228
-244
-257
-297
-322
-297
-243
-237
-156
-98
-81
-30
36
75
55
62
110
79
59
93
41
1
-44
-31
-69
-85
-32
-45
-68
-120
-168
-217
-225
-136
-46
27
80
46
16
-69
-142
-121
-39
72
170
218
205
207
145
64
76
71
94
106
92
86
50
-17
-84
-141
-179
-231
-287
-299
-289
-286
-294
-309
-321
-328
-310
-252
-206
-177
-145
-116
-75
22
70
129
161
87
78
27
17
125
205
245
238
100
-91
-228
-311
-274
-198
-132
-52
-108
-220
-328
-426
-412
-385
-257
-197
-143
-123
-210
-176
-214
-222
-143
-26
123
155
242
272
208
168
135
159
122
122
184
147
103
-15
-115
-198
-252
-242
-187
-223
-159
-155
-191
-207
-291
-303
-256
-137
-40
59
71
75
71
47
61
135
180
251
347
377
397
311
278
296
248
225
183
122
84
-3
-84
-150
-210
-251
-324
-327
-365
-381
-346
-330
-267
-213
-182
-159
-158
-104
-48
-19
53
147
209
234
232
174
101
33
10
0
21
33
40
-15
-110
-201
-254
-230
-212
-186
-95
-71
-76
-88
-101
-80
-145
-120
-57
-49
-79
-42
-141
-129
-150
-154
-107
-39
-18
-2
13
-53
-32
-56
-68
-70
-41
-5
-5
-1
-33
-77
-114
-180
-154
-110
-144
-66
-69
-45
-82
-133
-104
-116
-36
9
89
115
85
-6
-71
-79
-14
91
142
184
145
90
-6
-55
-71
-35
-5
-28
-32
-133
-157
-250
-354
-286
-223
-250
-234
-247
-241
-247
-248
-202
-142
-106
-48
48
13
39
57
28
15
57
74
62
3
-115
-157
-215
-311
-323
-227
-183
-189
-232
-237
-225
-218
-178
-134
-28
39
149
187
205
226
219
190
223
256
222
256
215
179
123
103
59
10
-9
-61
-123
-138
-191
-237
-271
-329
-335
-346
-334
-268
-318
-279
-179
-193
-141
-103
-50
45
105
197
249
293
390
413
398
354
355
322
290
236
169
113
70
29
-32
-68
-96
-112
-140
-169
-185
-182
-136
-139
-146
-159
-196
-275
-268
-237
-153
5
43
12
43
2
-11
12
94
161
251
241
184
107
-27
9
-3
5
-11
-70
-116
-248
-351
-380
-379
-377
-367
-312
-278
-278
-268
-273
-177
-128
-68
14
99
149
219
300
332
347
302
285
301
336
335
337
265
153
25
-32
-83
-73
-112
-149
-232
-314
-433
-484
-519
-501
-467
-503
-436
-389
-333
-282
-193
-102
-26
24
133
229
303
397
492
524
485
426
338
260
258
231
147
35
-63
-183
-329
-357
-410
-417
-414
-475
-531
-485
-453
-426
-411
-341
-313
-285
-274
-266
-150
-77
2
73
88
46
-15
-39
-54
-60
24
47
36
-87
-106
-242
-319
-321
-378
-316
-300
-367
-441
-436
-462
-501
-510
-496
-458
-429
-365
-313
-231
-165
-161
-142
-92
-10
80
201
281
307
272
270
274
283
281
293
264
221
132
48
-30
-98
-119
-186
-156
-165
-201
-305
-402
-444
-412
-358
-297
-225
-127
-61
-40
59
135
180
249
319
383
460
502
536
521
529
491
451
376
309
217
146
95
-35
-133
-193
-264
-339
-371
-344
-255
-250
-239
-213
-214
-173
-108
-124
-93
-22
35
89
137
205
213
158
113
36
-14
-57
-75
-71
-97
-132
-236
-305
-405
-433
-423
-399
-351
-292
-274
-299
-239
-255
-286
-272
-239
-145
-75
-2
12
-18
-5
-9
1
14
82
116
128
187
193
201
201
161
141
135
136
130
127
91
42
11
-17
-46
-56
-48
-26
-40
-56
-86
-137
-83
-106
-82
-1
80
129
148
154
100
97
195
294
299
272
251
282
271
186
99
62
56
46
-8
-72
-125
-180
-242
-271
-287
-259
-280
-264
-230
-178
-124
-71
-19
-27
21
9
22
26
10
12
1
6
-2
-22
-79
-180
-224
-233
-288
-342
-402
-437
-447
-477
-500
-478
-487
-457
-373
-327
-250
-227
-188
-124
-79
-45
-44
-50
-37
26
25
26
-5
-73
-66
-110
-85
-105
-51
-74
-102
-144
-130
-100
-105
-72
-94
-110
-107
-123
-138
-119
-130
-121
-95
-57
-43
-5
18
31
-8
-3
19
65
139
176
207
155
133
110
92
69
122
163
161
125
20
-60
-144
-174
-159
-153
-148
-192
-216
-282
-333
-342
-293
-237
-191
-183
-169
-147
-110
-62
-37
22
75
115
90
92
41
-4
16
-76
-91
-90
-155
-237
-289
-300
-379
-405
-404
-390
-380
-404
-363
-310
-285
-282
-214
-135
-98
-38
12
26
73
96
101
58
104
103
103
88
28
23
-27
-45
-60
-78
-77
-112
-137
-142
-182
-171
-137
-58
-43
-62
-118
-98
-89
-100
-52
9
56
51
40
21
39
57
104
86
87
51
46
69
80
70
61
73
20
-1
-21
-57
-25
24
-29
-86
-155
-145
-188
-240
-220
-130
-80
-112
-128
-156
-175
-140
-70
23
93
59
57
41
5
27
94
96
103
69
15
-95
-180
-204
-249
-234
-260
-268
-324
-335
-356
-357
-325
-325
-287
-230
-214
-159
-61
-27
-22
-14
27
68
115
186
199
235
218
173
118
49
58
68
77
1
3
-29
-101
-130
-142
-154
-141
-146
-207
-191
-155
-104
-46
-35
-26
11
-18
13
22
23
43
41
46
9
10
13
-21
41
-9
-56
-89
-135
-168
-201
-168
-213
-221
-242
-282
-287
-294
-262
-198
-203
-206
-192
-202
-200
-161
-92
-39
8
-9
-26
-37
-60
-14
44
106
140
164
138
133
43
16
30
5
-17
-50
-93
-177
-244
-326
-310
-331
-312
-299
-303
-321
-313
-284
-268
-198
-151
-94
-92
-100
-95
-38
-29
19
56
36
23
41
107
56
-14
-36
-74
-104
-141
-145
-166
-164
-159
-221
-247
-272
-262
-174
-208
-122
-89
-85
-28
-19
15
32
73
100
163
165
105
99
59
63
50
-1
4
-4
-12
-100
-126
-178
-232
-261
-288
-279
-292
-299
-371
-409
-376
-286
-255
-230
-201
-212
-184
-180
-174
-126
-64
-17
35
59
41
58
51
-10
18
1
-28
5
-9
-3
-82
-105
-133
-103
-71
-81
-166
-180
-230
-292
-258
-270
-238
-219
-198
-182
-185
-190
-142
-68
-37
0
47
77
143
138
121
142
121
121
84
63
85
19
66
29
-46
-99
-158
-154
-161
-140
-171
-174
-145
-145
-156
-88
-51
-60
23
65
120
169
165
233
275
315
301
279
291
267
190
88
73
19
30
9
-47
-74
-137
-177
-267
-259
-269
-278
-267
-241
-231
-223
-213
-246
-225
-219
-143
-122
-113
-124
-96
-157
-159
-91
-66
-33
-89
-113
-152
-136
-210
-196
-187
-248
-260
-221
-224
-266
-290
-353
-360
-326
-338
-290
-279
-272
-253
-287
-305
-302
-244
-194
-152
-103
-83
-135
-66
-27
-46
19
104
109
65
61
57
73
43
59
21
10
40
-3
-49
-59
-58
-66
-95
-115
-42
-19
-45
-35
-30
-24
-8
-43
20
59
100
170
170
226
239
223
251
250
229
176
157
137
89
37
-26
-35
-121
-163
-197
-241
-255
-293
-332
-325
-314
-314
-272
-269
-254
-196
-175
-165
-136
-89
-50
-68
-28
-2
-4
11
-10
-7
-50
-40
-49
-70
-120
-141
-181
-203
-175
-187
-191
-185
-154
-163
-199
-269
-246
-179
-146
-136
-161
-143
-161
-145
-156
-110
-38
-34
29
18
4
-12
-34
-57
30
24
32
36
26
-14
-44
-18
-13
-15
-5
-14
-63
-46
-22
-53
-37
-1
-34
-22
-59
-49
-61
-29
-33
5
28
1
39
3
49
12
45
86
63
58
17
9
-43
-26
-59
-104
-111
-127
-175
-243
-252
-276
-240
-274
-215
-203
-201
-209
-222
-149
-103
-90
-51
-71
-71
-5
-98
-59
-12
-16
-1
-13
-32
-75
-102
-163
-214
-178
-200
-232
-216
-292
-307
-318
-311
-316
-246
-212
-226
-234
-218
-152
-127
-95
-70
-48
-62
-49
-65
-52
-19
3
11
-24
-50
-65
-64
-124
-136
-100
-74
-43
-80
-52
-57
-61
-83
-107
-52
-8
-4
34
46
20
2
-7
15
28
87
97
63
71
94
58
69
34
1
58
60
90
73
73
78
40
-12
-15
7
-38
-16
-49
-103
-91
-146
-197
-198
-249
-218
-217
-239
-270
-237
-213
-204
-205
-160
-158
-116
-78
-50
-44
-67
-14
8
-32
-49
13
22
8
-19
26
56
22
-29
-20
-21
-52
-69
-80
-84
-105
-91
-69
-35
-37
-35
-38
-72
-19
65
131
125
162
63
63
72
23
55
24
6
-16
-43
-78
-126
-105
-94
-95
-60
-57
-79
-105
-113
-102
-63
-16
22
34
81
94
58
105
128
148
144
78
141
173
138
135
121
126
111
124
110
89
112
113
90
51
54
40
60
57
109
113
88
72
32
55
34
44
46
57
32
13
21
-14
7
18
-9
-30
-47
-33
-55
-60
-92
-65
-77
-117
-142
-143
-152
-145
-157
-125
-137
-185
-181
-181
-179
-177
-175
-133
-119
-160
-125
-89
-67
-38
-24
-15
21
-2
2
-3
20
24
-25
-6
-67
-109
-101
-103
-136
-129
-148
-200
-212
-231
-206
-220
-212
-150
-112
-107
-126
-190
-144
-98
-77
-20
25
71
119
118
104
134
161
123
134
150
130
116
117
108
95
22
10
27
-13
-1
-35
-31
-32
-58
-75
-51
-15
-13
9
-33
1
34
44
16
36
114
27
85
53
35
24
-17
-25
-41
-64
-60
-31
-41
-90
-108
-81
-105
-81
-113
-122
-182
-122
-57
-66
-11
-5
-21
-24
-29
-38
-6
-12
18
16
70
47
71
73
34
39
47
42
36
34
51
70
31
35
-4
-15
-37
-15
-60
-62
-26
-31
-51
-61
-75
-34
-14
17
101
75
74
44
52
30
63
91
135
138
122
147
110
61
43
77
46
94
83
29
-2
18
-50
-85
-65
-104
-151
-157
-85
-118
-79
-98
-81
-47
-56
-14
-46
25
47
-15
0
-19
-17
-26
1
-13
-35
-60
-123
-123
-112
-93
-66
-90
-84
-117
-116
-111
-135
-152
-116
-105
-74
-79
-61
-26
-4
44
70
92
99
105
65
68
101
169
186
176
183
183
151
112
85
62
52
47
-4
-21
-51
-34
-35
-81
-104
-131
-142
-139
-94
-90
-75
-65
-73
-79
-40
-20
-2
13
51
64
60
85
91
133
157
157
187
177
142
86
50
40
46
14
26
45
58
53
26
26
10
-8
44
73
30
37
-14
17
25
8
39
7
70
56
30
3
-22
-4
33
23
24
19
54
67
18
21
-21
-32
-17
-26
-24
-46
-45
-62
-79
-68
-70
-36
-38
-53
-19
36
14
35
72
44
99
149
148
178
223
222
151
185
181
195
227
223
220
195
167
94
86
44
75
92
56
27
-25
-50
-67
-60
-78
-71
-13
-23
-15
-29
-38
-57
-37
-20
-21
51
54
93
56
-8
8
25
22
23
35
12
29
-1
-35
-63
-69
-85
-62
-23
-69
-36
-98
-132
-90
-40
-61
1
1
-14
-10
6
0
37
55
43
2
-5
-47
-39
-37
-77
-91
-106
-123
-94
-141
-148
-115
-194
-187
-195
-227
-186
-149
-144
-77
-107
-136
-141
-123
-111
-78
-38
5
54
84
88
107
105
118
175
183
195
201
187
172
131
155
165
153
170
196
169
75
102
90
88
75
86
94
66
14
-24
-32
-20
-32
-23
-102
-123
-343
-854
-1155
-1413
-1057
-382
-130
-334
-1033
-1531
-1360
-304
838
1495
1234
420
-15
147
594
711
247
-508
-927
-892
-534
-175
-103
-314
-467
-298
-13
307
532
492
448
318
163
83
30
19
2
-32
-246
-384
-450
-252
153
481
711
692
661
708
804
1000
1318
1319
1224
1010
855
949
1022
954
761
620
493
425
341
290
324
365
369
171
-216
-364
-260
-155
-116
-311
-629
-779
-811
-720
-644
-655
-781
-935
-1038
-986
-805
-648
-555
-639
-812
-869
-810
-638
-473
-498
-615
-715
-758
-675
-459
-263
-233
-224
-270
-345
-168
34
276
596
603
703
810
967
1125
1264
1488
1569
1728
1843
2030
2261
2527
2675
2777
2941
3109
3417
3791
4240
4679
4879
4914
4658
3786
2369
475
-1217
-2129
-2395
-2094
-1834
-2004
-2697
-3679
-4761
-5230
-5055
-4347
-3259
-2241
-1181
-433
168
715
989
1188
1509
1832
2293
2866
3450
3961
4005
3536
2564
1355
114
-674
-958
-964
-1040
-1443
-2187
-3187
-4287
-5117
-5770
-6035
-5998
-5925
-5586
-5206
-4636
-3922
-3251
-2728
-2326
-1770
-906
140
1097
1730
1843
1510
1030
640
651
771
807
817
429
114
-175
-375
-198
103
563
967
1180
1487
1902
2397
3001
3690
4437
5319
6226
7336
8487
9485
9365
7566
4329
287
-2555
-3918
-3671
-2625
-2128
-2552
-4243
-6801
-8898
-9771
-9287
-7590
-5720
-3928
-2212
-803
562
1743
2321
2809
2849
2872
3648
4870
6574
7780
7859
6834
4679
2159
-68
-1487
-1940
-1953
-2049
-2600
-3573
-4820
-5979
-6775
-7273
-7079
-6718
-6073
-5117
-4001
-2451
-1329
-773
-952
-1563
-1706
-1213
81
1660
2671
2677
1641
133
-965
-1228
-931
-416
-197
-432
-980
-1811
-2331
-2457
-2300
-1934
-1776
-1410
-895
-148
783
1552
2180
2563
2767
3122
3813
4983
6456
7716
8516
8780
8816
8952
9338
9192
7497
4334
-456
-4537
-7084
-7925
-6923
-6075
-5534
-6387
-8532
-10529
-11396
-10342
-7704
-4617
-1686
711
2537
4057
5604
6991
7959
8335
7703
6988
6507
6814
7643
7847
7220
5123
1574
-2118
-5269
-6834
-6905
-6467
-6094
-6424
-7175
-7864
-8217
-7930
-6920
-5704
-4495
-3410
-2349
-816
936
2460
3308
3235
2601
1984
1680
2016
2531
2835
2464
1127
-516
-2010
-2994
-3269
-2918
-2556
-2297
-2547
-2873
-2945
-2562
-1750
-960
-313
283
857
1442
2425
3339
4487
5285
5680
6063
6521
7421
8457
9429
10170
10523
10444
9459
6922
3266
-1434
-5378
-8071
-9244
-8736
-7993
-6986
-7015
-8111
-9415
-10356
-9842
-7984
-5245
-1830
1271
3997
6028
7373
8479
8916
8966
8244
7386
6688
6253
6264
6208
5673
4162
1346
-2104
-5542
-8171
-9419
-9602
-8925
-8041
-7400
-7026
-6913
-6545
-5795
-4682
-3114
-1485
180
1832
3149
4313
4731
4589
3697
2522
1619
826
609
421
266
-262
-1162
-2287
-3477
-4416
-4801
-4738
-4225
-3526
-2880
-2353
-2070
-1663
-1197
-409
422
1268
1954
2570
3297
4001
4654
5087
5346
5555
5796
6209
6888
7559
8206
8652
9052
9032
7742
4976
465
-4244
-7995
-10047
-10017
-8868
-7170
-6056
-6397
-7293
-8363
-8540
-7215
-5004
-1975
1054
3750
6023
7718
8826
9455
9155
8147
6654
5078
3978
3479
3444
3407
2767
790
-2093
-5457
-8281
-9862
-10269
-9425
-7986
-6569
-5366
-4546
-3860
-2924
-1977
-942
108
951
2028
3196
4233
5086
5083
4207
2744
827
-603
-1544
-1904
-1823
-2126
-2690
-3523
-4619
-5293
-5516
-5105
-4164
-3254
-2292
-1618
-936
-227
374
956
1578
2071
2480
2932
3497
4264
4903
5256
5291
5080
4940
5082
5406
6033
6681
7197
7595
7961
8035
7277
5021
1024
-3657
-7973
-10457
-10806
-9519
-7347
-5761
-5293
-6076
-7308
-7726
-6910
-4855
-1966
937
3584
5750
7529
8927
9712
9700
8739
6896
4732
3001
2122
2201
2522
2259
830
-1772
-5076
-7992
-9861
-10269
-9429
-8049
-6551
-5190
-3954
-2714
-1471
-203
877
1503
2033
2559
3266
4282
5037
5050
4130
2186
26
-1821
-2973
-3058
-2911
-2850
-3289
-4145
-4874
-5220
-4789
-3749
-2608
-1653
-1155
-789
-286
487
1354
1970
2194
2068
1778
1716
2025
2721
3566
4194
4438
4287
4081
4016
4285
4890
5614
6155
6671
7265
7705
7568
6137
2735
-1943
-6698
-10118
-11316
-10557
-8394
-6044
-4678
-4770
-5855
-6703
-6485
-5007
-2514
353
3138
5440
7301
8876
9964
10330
9516
7549
4931
2397
805
370
817
1252
789
-1048
-3953
-6948
-9110
-9977
-9526
-8252
-6611
-4871
-3226
-1637
-124
1254
2319
2789
2818
2805
2919
3498
4037
4202
3561
1932
-69
-2108
-3556
-4312
-4556
-4583
-4764
-4978
-5172
-5089
-4412
-3387
-2177
-1307
-810
-455
-25
666
1457
2082
2309
2108
1685
1353
1458
2167
3169
4076
4488
4479
4283
4196
4367
4992
5809
6583
7259
7680
7880
7371
5629
2151
-2401
-7057
-10443
-11888
-11425
-9435
-7170
-5624
-5275
-5722
-6144
-5763
-4423
-2106
627
3408
5941
8053
9874
11082
11406
10522
8445
5632
2748
616
-404
-507
-245
-582
-1901
-4175
-6740
-8801
-9902
-9818
-8771
-7003
-4960
-2843
-807
1030
2657
3779
4188
3906
3310
2962
2936
3158
3217
2713
1478
-495
-2653
-4423
-5617
-6163
-6179
-6093
-5881
-5474
-4797
-3811
-2595
-1463
-595
-97
165
507
977
1560
2181
2467
2421
2127
1664
1547
2003
2703
3429
3919
4167
4316
4278
4429
4817
5420
6182
6776
7387
7874
7644
6179
2807
-1866
-6773
-10477
-12215
-11897
-9953
-7627
-5765
-5087
-5214
-5378
-4963
-3625
-1665
594
3174
5564
7781
9750
11146
11710
10893
8741
5657
2320
-317
-1790
-2102
-1731
-1620
-2321
-3972
-6167
-8176
-9456
-9783
-8991
-7264
-5044
-2562
-230
1948
3778
5083
5579
5269
4425
3246
2473
1572
1152
646
-299
-1449
-3153
-4478
-5731
-6548
-6809
-6855
-6329
-5384
-4411
-2969
-1707
-472
371
675
853
758
874
1149
1489
1724
1933
1958
1905
1859
2160
2663
3314
3842
4259
4502
4627
5002
5407
6007
6709
7650
8481
8770
7844
4892
422
-4840
-9487
-12162
-12787
-11397
-9061
-6970
-5589
-5329
-5296
-4953
-4094
-2426
-501
1805
4371
6850
9239
11266
12408
12286
10494
7511
3985
741
-1430
-2257
-2156
-1847
-1920
-3169
-5051
-7225
-8955
-9630
-9443
-8347
-6548
-4371
-1817
708
2981
4733
5529
5413
4511
3466
2689
2438
2474
2252
1308
-427
-2633
-4915
-6689
-7507
-7771
-7434
-7010
-6429
-5382
-4235
-2619
-851
655
1664
2059
2011
2050
2177
2611
2942
2926
2617
1860
1074
731
1008
1778
2740
3494
3972
4123
4227
4441
4961
5596
6203
6874
7286
7681
7346
5704
2356
-2391
-7230
-10905
-12675
-12244
-10276
-7770
-5516
-4301
-3783
-3488
-2897
-1710
-86
1880
4043
6157
8302
10128
11454
11934
10922
8489
4900
1086
-2108
-4002
-4584
-4158
-3561
-3697
-4766
-6429
-8033
-9141
-9361
-8774
-7199
-5015
-2399
281
2738
4998
6364
6665
5888
4477
3131
2283
1900
1739
1331
208
-1571
-3883
-5949
-7398
-8146
-8044
-7711
-7107
-6238
-5159
-3594
-1795
-25
1320
2071
2255
2259
2341
2441
2580
2531
2128
1415
703
322
509
1199
2228
3167
3850
4014
3977
3947
4008
4497
5125
5860
6595
7401
7857
7422
5272
1443
-3230
-7964
-10966
-12367
-11687
-9444
-7061
-4868
-3823
-3468
-3061
-2644
-1545
81
1837
3998
5981
7937
9675
10761
10951
9792
7143
3697
63
-2846
-4403
-4689
-4128
-3593
-3691
-4680
-5957
-7373
-8284
-8462
-7862
-6346
-4372
-1985
596
3112
5377
6676
6809
6056
4485
3041
2001
1419
1154
556
-570
-2389
-4488
-6335
-7593
-8127
-8110
-7758
-6957
-5827
-4266
-2471
-477
1404
2653
3315
3352
3241
3043
2902
2702
2314
1770
984
322
102
477
1409
2492
3352
3822
3775
3606
3527
3785
4582
5563
6664
7442
8186
8443
7467
4921
796
-3767
-8144
-10950
-11915
-10939
-8494
-6062
-4223
-3429
-3416
-3363
-3024
-1983
-329
1678
4011
6040
7842
9312
10108
10054
8704
6129
2917
-306
-2744
-3918
-3883
-3286
-2915
-3267
-4302
-5712
-7123
-7932
-7922
-7030
-5445
-3591
-1437
865
3132
5126
6356
6509
5748
4251
2703
1458
635
195
-398
-1443
-2944
-4480
-5737
-6559
-6911
-6942
-6739
-6218
-5372
-4040
-2186
-101
1870
3165
3815
3707
3289
2701
2116
1852
1513
1232
789
459
461
874
1685
2572
3224
3540
3472
3353
3391
3938
4906
5970
7038
7849
8264
7798
6110
2686
-1501
-6080
-9675
-11723
-12020
-10304
-7874
-5458
-3873
-3332
-3272
-3257
-2986
-1818
-176
2083
4318
6344
8182
9451
10042
9474
7729
4965
1828
-1127
-3054
-3730
-3395
-2755
-2493
-3213
-4526
-6066
-7393
-7891
-7631
-6466
-4784
-2806
-600
1641
3768
5452
6032
5888
4799
3332
2234
1434
1338
1229
881
-439
-2329
-4447
-6534
-7489
-8098
-7663
-6713
-5796
-4409
-3119
-1360
622
2036
3330
3601
3335
2996
2271
1998
1641
1428
1132
480
-6
-187
187
1100
2346
3412
3977
4063
3853
3847
4324
5175
6217
7128
7961
8060
7206
4920
1265
-2859
-7133
-10124
-11787
-11650
-9924
-7714
-5578
-4240
-3648
-3415
-3198
-2537
-1259
532
2735
4924
6940
8624
9840
10291
9560
7739
5011
2025
-660
-2385
-2991
-2928
-2726
-2999
-3840
-5091
-6465
-7362
-7637
-7262
-6219
-4895
-2965
-751
1582
3947
5569
6307
6076
5068
3874
2669
1900
1572
1337
884
-186
-1669
-3458
-5240
-6671
-7648
-7963
-7705
-6976
-5640
-3895
-1648
485
2152
3192
3409
3154
2607
2199
1927
1777
1563
1101
544
87
93
713
1530
2473
3285
3641
3667
3591
3641
4170
4961
5792
6495
7209
7414
6876
4977
1648
-2432
-6854
-9942
-11794
-11631
-9915
-7821
-5703
-4495
-3984
-3679
-3456
-2717
-1302
420
2624
4656
6635
8417
9732
10399
9999
8379
5903
3082
474
-1324
-2277
-2520
-2496
-2804
-3675
-4942
-6468
-7457
-7930
-7744
-6716
-5321
-3412
-1226
1073
3343
5138
6172
6194
5413
4228
2923
1953
1306
827
396
-258
-1096
-2351
-3848
-5570
-7144
-8335
-8977
-8604
-7373
-5226
-2728
-364
1487
2475
2791
2683
2359
2112
1983
1872
1793
1566
1327
1140
1210
1535
1968
2341
2577
2620
2479
2642
3189
4044
5056
5914
6488
7061
7271
6975
5766
2892
-757
-5120
-8664
-10694
-11129
-9614
-7684
-5782
-4613
-4364
-4224
-4045
-3336
-1754
-32
2160
4207
6120
7983
9466
10420
10309
9028
6789
4088
1406
-619
-1648
-2004
-2188
-2661
-3902
-5436
-7010
-8132
-8429
-8198
-7237
-5913
-4330
-2461
-431
1807
3820
5240
5869
5649
4866
3844
2814
2085
1545
1131
546
-315
-1480
-2966
-4607
-6398
-7785
-8653
-8732
-7798
-6060
-3698
-1277
706
2148
2741
2943
2918
2767
2652
2417
2287
2033
1798
1825
1941
2078
2202
2191
1962
1774
1721
2002
2721
3677
4815
5660
6116
6404
6756
6924
6504
4693
1445
-2509
-6664
-9301
-10394
-9808
-7983
-6358
-5058
-4710
-4799
-4421
-3577
-1956
70
1984
3905
5479
7100
8678
9990
10621
10246
8665
6146
3357
822
-889
-1825
-2385
-3060
-4078
-5438
-6652
-7732
-8110
-8029
-7579
-6590
-5554
-4012
-1994
369
2743
4722
5769
6066
5562
4668
3783
3009
2652
2166
1493
556
-617
-1948
-3340
-4877
-6412
-7767
-8465
-8249
-7090
-5109
-2824
-613
906
1906
2335
2438
2514
2489
2440
2194
1898
1760
1714
1833
2046
2121
2113
1747
1382
1231
1426
2158
3100
4195
5106
5689
5945
6465
6925
6975
6029
3417
-125
-4366
-7904
-9725
-10036
-8736
-7011
-5770
-4967
-4870
-4555
-3747
-2516
-736
952
2523
4068
5667
7345
8950
10058
10274
9265
7121
4277
1446
-773
-2206
-3067
-3672
-4373
-5413
-6429
-7343
-7932
-7952
-7645
-6956
-6009
-4764
-2970
-699
1819
4143
5765
6557
6479
5645
4611
3571
2747
2095
1571
892
105
-1114
-2914
-4892
-7457
-9053
-9987
-9830
-8093
-6311
-3633
-1356
326
1843
2312
2872
3108
2729
2633
2290
2234
2336
2366
2650
2546
2266
1813
1334
920
1022
1486
2100
3023
3739
4424
4956
5190
5726
6179
6498
6055
4101
1156
-2538
-6059
-8315
-9408
-8986
-7774
-6676
-5652
-5143
-4765
-4018
-2948
-1446
221
1786
3412
4951
6420
7842
8993
9484
9093
7594
5462
2970
450
-1375
-2651
-3535
-4184
-4940
-5779
-6493
-7168
-7303
-7131
-6713
-5946
-5012
-3612
-1765
422
2799
4878
6196
6649
6159
5271
4155
3145
2411
1647
1083
408
-572
-2010
-3543
-5518
-7311
-8188
-8719
-7785
-6380
-4261
-1860
-38
1835
2774
3176
3359
2949
2676
2514
2295
2397
2423
2441
2218
1854
1399
976
558
394
640
981
1882
2737
3741
4648
5106
5439
5598
5802
6081
5724
4285
1815
-1663
-4918
-7354
-8666
-8453
-7593
-6513
-5583
-5172
-4663
-3900
-2732
-1104
403
1849
3114
4149
5303
6547
7730
8612
8576
7420
5399
2819
314
-1672
-2975
-3603
-3922
-4378
-4927
-5603
-6056
-6143
-6016
-5619
-5248
-4598
-3471
-1884
297
2754
4799
6202
6359
5641
4489
3066
1937
991
280
-183
-610
-1148
-1743
-2528
-3428
-4566
-5661
-6361
-6386
-5636
-4176
-2307
-475
976
1736
2019
1963
1852
1808
1774
1889
1978
1910
1842
1749
1769
1810
1718
1521
1292
1273
1478
2005
2899
3872
4700
5092
5232
5242
5448
5921
5949
5068
2739
-785
-4483
-7559
-9351
-9323
-8287
-6734
-5473
-4925
-4496
-4001
-3056
-1589
-67
1396
2638
3579
4744
6060
7584
8789
9028
8050
5839
2931
67
-2034
-3173
-3361
-3160
-3171
-3667
-4478
-5313
-5927
-6224
-6061
-5568
-4819
-3779
-2337
-427
1790
3800
5082
5396
4690
3541
2129
1031
506
174
105
-148
-620
-1168
-1926
-2797
-3712
-4649
-5179
-5347
-4998
-4110
-2871
-1364
-256
510
843
904
876
822
832
925
1129
1153
1262
1318
1400
1648
1632
1550
1476
1604
2071
2647
3454
4145
4560
4710
4544
4574
4836
5413
6000
5683
4145
1191
-2723
-6164
-8753
-9758
-9168
-7899
-6245
-5103
-4465
-3756
-2994
-1842
-490
741
1936
2953
3978
5252
6827
8221
8972
8447
6577
3949
1136
-1033
-2349
-2698
-2463
-2369
-2667
-3466
-4492
-5262
-5643
-5738
-5487
-5117
-4459
-3443
-1937
39
2066
3598
4371
4059
3181
2029
960
354
146
169
181
92
-270
-753
-1480
-2365
-3194
-4024
-4660
-4855
-4499
-3762
-2657
-1456
-508
67
228
317
318
406
606
739
1041
1286
1559
1867
2178
2448
2581
2728
2778
2924
3226
3643
4034
4243
4239
4162
4187
4399
4867
5377
5455
4276
1905
-1732
-5380
-8111
-9699
-9438
-8241
-6432
-4818
-3943
-3180
-2573
-1723
-537
501
1611
2585
3614
4903
6278
7666
8549
8404
7093
4896
2304
128
-1373
-2052
-2069
-2058
-2220
-2708
-3545
-4310
-4818
-5180
-5222
-5106
-4679
-3813
-2564
-784
1144
2902
3989
4297
3815
3019
2122
1261
647
-47
-316
-960
-1463
-2200
-3016
-3442
-4188
-4489
-4750
-4588
-4008
-3121
-1881
-811
201
906
1053
1210
1049
897
730
583
583
616
1018
1467
2050
2587
3037
3391
3542
3789
3946
3980
3940
3744
3602
3653
3907
4485
5130
5696
5318
3687
906
-3002
-6113
-8478
-9311
-8570
-7325
-5360
-4003
-3163
-2515
-2131
-1395
-687
33
1100
2143
3490
4951
6434
7664
8282
7777
6324
4359
2001
265
-962
-1625
-1616
-1695
-1796
-2230
-3149
-3894
-4817
-5545
-5836
-5884
-5290
-4309
-2955
-1221
423
1805
2706
2828
2433
1752
978
480
142
149
272
299
178
-368
-1199
-2256
-3364
-4184
-4633
-4540
-3870
-2981
-1965
-1067
-342
178
440
659
792
827
689
585
603
752
1044
1334
1724
2046
2329
2525
2662
2907
3006
3030
2977
2884
2939
2969
3128
3385
3613
4214
4813
5090
4504
2816
-143
-3385
-6013
-7951
-8019
-7167
-5468
-3805
-2978
-2391
-2308
-2090
-1440
-750
258
1268
2174
3292
4407
5801
6978
7514
6977
5470
3210
865
-718
-1546
-1241
-613
-304
-518
-1560
-2912
-4182
-5299
-5840
-6191
-6073
-5456
-4579
-3009
-1134
750
2082
2478
2031
1253
395
-57
25
365
761
864
506
-51
-800
-1634
-2423
-3165
-3659
-3924
-3706
-3121
-2159
-959
176
899
1099
769
184
-332
-709
-724
-462
146
773
1450
2118
2693
3060
3204
3060
2841
2658
2630
2891
3181
3615
3945
4207
4363
4482
4716
4913
4961
3944
2135
-681
-3930
-6016
-7559
-7286
-6356
-5214
-3907
-3482
-3072
-2844
-2522
-1625
-760
321
1553
2655
4085
5462
6770
7681
7802
6791
5103
3086
1145
172
-231
-25
267
-7
-809
-2364
-4265
-5720
-6859
-7255
-7237
-6793
-5715
-4443
-2703
-971
516
1417
1660
1231
736
258
216
600
1002
1688
1742
1549
1067
118
-802
-1878
-2905
-3440
-3744
-3382
-2538
-1575
-390
196
368
3
-702
-1287
-1670
-1583
-1096
-393
407
1075
1523
1900
2125
2266
2429
2585
2800
3022
3124
3388
3590
3728
3808
3848
3869
3868
3940
4226
4601
4779
3866
2118
-778
-3745
-5789
-7186
-6743
-5809
-4315
-2986
-2558
-2438
-2655
-2582
-1839
-1004
277
1575
2752
4116
5221
6268
6839
6833
5869
4393
2584
1183
583
462
752
755
29
-1350
-3253
-5147
-6404
-7233
-7308
-7049
-6442
-5384
-4117
-2486
-935
314
1045
1086
738
421
521
1177
2205
2940
3179
2612
1063
-532
-2534
-3881
-4613
-4956
-4376
-3745
-2632
-1620
-748
-104
-29
-320
-857
-1427
-1554
-1297
-762
-92
442
755
699
611
595
932
1484
2160
2757
3135
3439
3563
3586
3541
3258
3045
2839
2673
2956
3367
4213
5031
5594
5189
3576
938
-2438
-4925
-6496
-6352
-5304
-4120
-2884
-2544
-2707
-2906
-3145
-2506
-1490
-412
798
1798
3149
4396
5546
6409
6674
6238
5153
3601
2147
1294
876
801
684
43
-1068
-2637
-4326
-5677
-6694
-7075
-6930
-6490
-5634
-4496
-3154
-1661
-437
340
617
454
319
395
1022
1985
2955
3519
3369
2192
404
-1289
-2802
-3482
-3718
-3507
-2924
-2466
-1923
-1562
-1376
-1188
-1353
-1678
-2002
-2228
-1957
-1445
-769
-223
75
178
47
11
259
809
1565
2383
3017
3441
3608
3571
3485
3387
3110
2785
2277
1971
1946
2292
3085
4081
5016
5683
5731
4705
2851
96
-2472
-4435
-5300
-5011
-4208
-3134
-2251
-1756
-1689
-1864
-2106
-1898
-1496
-611
446
1616
2884
4095
5040
5511
5264
4321
3064
1533
468
-116
3
464
802
645
-220
-1593
-3245
-4545
-5478
-5763
-5629
-5082
-4263
-3333
-2364
-1570
-1093
-882
-919
-1014
-837
-458
386
1363
2397
3104
3096
2503
1401
65
-1281
-2254
-2751
-2682
-2289
-1903
-1643
-1585
-1764
-2026
-2404
-2875
-3174
-3156
-2703
-1980
-1087
-307
321
721
867
839
828
942
1398
2104
2860
3556
3855
3888
3582
2994
2288
1709
1375
1388
1712
2322
3096
3852
4575
5041
5208
4897
3962
2453
318
-1773
-3257
-3576
-2955
-1817
-951
-648
-980
-1761
-2311
-2732
-2621
-2223
-1551
-689
179
859
1341
1618
1746
1766
1578
1317
845
505
479
840
1406
1887
1942
1404
420
-835
-1850
-2525
-2886
-3063
-3226
-3252
-3153
-2885
-2519
-2227
-1974
-1893
-1919
-1876
-1594
-1002
-141
655
1289
1457
1167
558
-263
-1009
-1715
-2013
-2011
-1894
-1641
-1353
-1162
-1108
-1128
-1173
-1205
-1242
-1304
-1227
-997
-553
-32
431
779
891
737
533
374
342
351
389
613
838
1251
1568
1820
1930
1888
1726
1560
1586
1804
2229
2872
3601
4231
4702
5005
5062
4869
4412
3481
2302
836
-443
-1185
-1335
-958
-521
-398
-852
-1765
-2908
-3709
-3867
-3426
-2552
-1792
-1340
-1087
-840
-415
167
809
1264
1454
1289
1003
747
736
982
1203
1264
942
376
-269
-826
-1242
-1393
-1267
-1039
-852
-783
-758
-758
-814
-859
-837
-884
-807
-844
-975
-1123
-1280
-1303
-1138
-839
-491
-187
-100
-315
-625
-934
-1027
-846
-496
-141
34
-19
-297
-587
-855
-1007
-1004
-990
-1076
-1168
-1393
-1590
-1591
-1509
-1304
-1075
-810
-541
-311
16
306
610
826
1048
1281
1527
1807
2021
2241
2328
2225
1980
1633
1201
803
412
105
-167
-359
-482
-564
-607
-613
-524
-267
91
592
1158
1649
1994
2106
2120
2011
2039
2105
2257
2486
2572
2431
1972
1300
555
-163
-740
-1102
-1400
-1657
-1884
-1978
-2024
-1975
-1840
-1603
-1315
-1140
-1018
-1002
-926
-879
-763
-726
-690
-628
-623
-613
-636
-583
-547
-582
-542
-427
-263
-6
165
291
344
384
319
294
241
225
120
-83
-371
-686
-965
-1296
-1531
-1723
-1804
-1879
-1924
-1949
-1888
-1697
-1417
-1077
-703
-423
-170
-7
88
258
570
979
1361
1720
1814
1714
1456
1052
746
587
478
367
152
-60
-350
-680
-1013
-1282
-1367
-1363
-1263
-1106
-786
-462
-30
449
886
1320
1708
2056
2339
2480
2552
2632
2665
2713
2711
2692
2639
2474
2229
1783
1230
633
70
-323
-535
-485
-266
-123
-215
-485
-976
-1455
-1877
-2109
-2146
-2126
-1931
-1683
-1261
-755
-197
230
494
443
292
165
188
436
713
984
1102
1010
776
591
395
176
-150
-536
-1025
-1429
-1607
-1518
-1264
-1080
-1025
-1176
-1328
-1384
-1312
-1034
-677
-403
-278
-171
44
329
777
1168
1214
910
315
-353
-886
-1000
-707
-268
117
110
-311
-930
-1495
-1942
-2189
-2179
-1876
-1516
-1128
-857
-585
-327
-142
33
114
395
730
1142
1643
2068
2330
2266
1971
1431
944
671
552
579
616
702
694
690
701
693
737
758
838
990
1174
1452
1785
2179
2448
2580
2408
1961
1135
157
-711
-1250
-1262
-848
-307
73
89
-274
-770
-1267
-1506
-1556
-1496
-1402
-1306
-1151
-810
-363
32
224
52
-414
-962
-1217
-1079
-560
46
461
612
399
-4
-390
-572
-665
-541
-353
1
389
681
960
1029
924
637
194
-243
-520
-647
-627
-613
-661
-827
-1157
-1524
-1891
-2070
-2148
-2222
-2293
-2341
-2357
-2285
-2025
-1562
-953
-352
160
462
671
778
765
687
628
589
544
449
374
177
-37
-230
-403
-511
-623
-640
-589
-434
-176
220
635
998
1232
1219
1155
947
755
564
500
566
797
1139
1507
1834
2088
2291
2395
2614
2876
3165
3556
3897
4048
3717
2799
1429
-34
-1223
-1950
-2192
-2119
-2226
-2646
-3133
-3487
-3467
-3195
-2968
-2911
-3076
-3302
-3148
-2459
-1453
-293
643
1264
1544
1630
1863
2186
2539
2972
3360
3539
3428
2931
2235
1333
449
-247
-943
-1616
-2344
-2956
-3357
-3423
-3287
-3050
-2963
-2947
-2940
-2749
-2244
-1407
-409
473
1086
1389
1398
1190
820
383
21
-90
23
151
171
-250
-955
-1606
-2128
-2216
-1994
-1707
-1414
-1353
-1292
-1176
-883
-534
-362
-321
-500
-700
-828
-636
-200
377
1005
1361
1623
1550
1235
908
777
878
1094
1385
1530
1547
1485
1507
1586
1639
1661
1571
1448
1463
1812
2454
3204
3859
4082
3753
2803
1301
-307
-1751
-2680
-3061
-2925
-2370
-1850
-1428
-1441
-1644
-1874
-2058
-1989
-1658
-1103
-379
347
969
1436
1520
1460
1119
594
68
-239
-370
-302
-84
341
794
1066
1095
801
270
-321
-748
-915
-785
-518
-272
-168
-366
-722
-1079
-1410
-1580
-1693
-1704
-1700
-1621
-1482
-1274
-878
-494
-164
-47
-66
-282
-414
-401
-301
-142
-127
-379
-780
-1163
-1435
-1486
-1370
-1172
-1087
-1023
-942
-845
-657
-429
-174
-75
-105
-254
-266
-169
108
496
958
1349
1555
1566
1442
1272
1135
1047
916
769
555
381
204
48
-57
-135
-212
-315
-305
-91
446
1192
2016
2792
3364
3733
3927
3988
3806
3318
2451
1400
255
-624
-1134
-1258
-1330
-1466
-1847
-2481
-3020
-3343
-3288
-2843
-2205
-1430
-780
-231
170
590
890
1159
1423
1486
1533
1426
1332
1389
1571
1724
1641
1205
440
-538
-1405
-1950
-2032
-1798
-1425
-1163
-1097
-1198
-1355
-1518
-1551
-1456
-1287
-1087
-842
-589
-313
-117
55
207
188
143
-102
-429
-763
-1044
-1219
-1298
-1299
-1267
-1356
-1464
-1490
-1498
-1411
-1199
-984
-756
-718
-685
-568
-416
-209
-123
-150
-322
-469
-591
-633
-453
-187
147
468
675
806
869
943
981
1035
1168
1326
1439
1482
1537
1461
1373
1209
1040
810
557
447
448
619
885
1202
1531
1904
2208
2477
2613
2507
2175
1592
880
258
-94
-103
114
421
534
239
-242
-835
-1322
-1576
-1640
-1606
-1494
-1367
-1154
-869
-552
-287
-176
-109
-125
-179
-130
39
253
525
826
976
1058
859
465
63
-403
-714
-837
-746
-606
-537
-628
-797
-1010
-1259
-1396
-1482
-1416
-1332
-1162
-916
-666
-448
-430
-367
-434
-544
-673
-854
-1060
-1282
-1349
-1388
-1327
-1156
-1068
-1014
-972
-916
-783
-518
-154
149
428
694
973
1075
1130
1213
1103
831
585
294
116
-20
-26
-69
-164
-256
-425
-595
-771
-821
-757
-480
-120
253
596
838
1019
1070
1192
1341
1572
1879
2091
2316
2384
2360
2260
2196
2180
2176
2245
2306
2368
2294
1990
1466
790
12
-607
-1053
-1124
-917
-710
-631
-811
-1121
-1447
-1681
-1712
-1515
-1119
-759
-540
-371
-237
-121
34
214
368
546
571
623
694
776
862
947
1005
984
814
520
137
-293
-699
-966
-1117
-1234
-1276
-1342
-1487
-1679
-1787
-1847
-1763
-1586
-1306
-883
-539
-317
-100
133
384
570
623
572
287
20
-242
-443
-441
-508
-684
-961
-1321
-1626
-1850
-1798
-1536
-1239
-926
-676
-575
-504
-493
-482
-228
4
327
625
758
928
985
1026
998
873
702
549
308
160
189
388
624
791
731
615
456
363
393
427
626
711
888
1050
1197
1342
1462
1567
1580
1542
1545
1638
1766
1883
1896
1665
1256
708
180
-266
-521
-591
-611
-571
-524
-557
-562
-625
-646
-635
-639
-677
-720
-807
-806
-683
-582
-458
-362
-297
-238
-268
-207
-74
75
272
361
551
749
912
977
920
688
313
-29
-303
-581
-745
-970
-1193
-1427
-1634
-1774
-1812
-1766
-1625
-1538
-1373
-1097
-822
-438
-33
305
602
702
721
659
594
502
418
294
-30
-386
-764
-1085
-1271
-1286
-1207
-1116
-1085
-1093
-1114
-1138
-1055
-828
-533
-296
-111
-14
-45
-17
112
322
538
762
875
914
828
658
481
392
398
452
510
554
580
589
601
603
636
764
896
1091
1374
1645
1898
2110
2226
2257
2151
2041
1907
1863
1791
1585
1257
711
159
-362
-665
-857
-892
-789
-650
-495
-423
-343
-259
-145
-39
50
127
196
195
107
51
-81
-208
-415
-513
-511
-467
-406
-366
-264
-173
-42
10
99
104
74
-42
-235
-375
-403
-364
-329
-375
-464
-625
-882
-1131
-1329
-1470
-1442
-1283
-1008
-674
-431
-181
-59
36
103
45
44
-50
-181
-309
-484
-579
-757
-944
-1213
-1462
-1631
-1819
-1938
-1988
-1900
-1656
-1388
-1086
-834
-669
-531
-410
-224
-1
246
598
894
1233
1491
1683
1753
1704
1559
1269
900
592
323
100
100
3
-8
1
125
256
361
509
612
867
1112
1456
1801
2086
2340
2431
2458
2433
2360
2247
2032
1587
948
228
-456
-992
-1222
-1225
-1116
-991
-951
-1012
-1093
-1144
-1088
-851
-553
-225
16
272
386
430
449
397
265
86
-178
-411
-550
-618
-612
-594
-485
-351
-315
-387
-433
-501
-501
-486
-465
-383
-320
-293
-265
-277
-349
-466
-659
-939
-1164
-1311
-1339
-1283
-1102
-888
-711
-615
-580
-471
-447
-479
-437
-333
-253
-136
-78
-101
-192
-346
-516
-598
-748
-934
-1039
-1144
-1237
-1266
-1215
-1105
-977
-796
-656
-446
-210
160
522
837
1084
1277
1445
1493
1557
1497
1393
1187
976
737
439
236
76
-7
18
92
169
269
386
556
791
898
1105
1164
1323
1383
1439
1592
1689
1804
1716
1530
1102
747
263
-277
-751
-1099
-1203
-1195
-1078
-869
-707
-527
-394
-313
-193
-20
229
468
722
889
946
924
726
445
118
-315
-785
-1104
-1323
-1453
-1445
-1394
-1411
-1374
-1386
-1407
-1354
-1275
-1002
-664
-314
158
538
815
958
983
959
781
458
235
-14
-223
-325
-445
-475
-580
-719
-827
-1007
-1248
-1364
-1392
-1376
-1297
-1224
-1078
-969
-817
-716
-660
-568
-560
-536
-539
-576
-571
-511
-462
-493
-512
-445
-311
-186
4
204
355
544
654
694
687
757
748
670
611
494
330
121
23
-34
3
69
28
-9
-96
-153
-121
43
345
734
1034
1197
1253
1274
1376
1572
1834
2009
2082
2070
1936
1777
1553
1245
828
273
-347
-796
-1002
-987
-811
-588
-465
-388
-354
-380
-390
-367
-210
-24
225
429
532
508
386
238
88
-30
-193
-427
-617
-851
-935
-856
-686
-467
-297
-231
-314
-364
-362
-296
-162
-12
73
114
145
99
31
-92
-227
-383
-546
-674
-790
-911
-911
-886
-854
-805
-718
-677
-726
-778
-796
-839
-799
-667
-575
-465
-479
-554
-711
-789
-855
-844
-841
-868
-890
-964
-1033
-1041
-914
-793
-622
-392
-106
137
367
575
742
845
901
854
809
754
664
644
697
740
690
444
247
6
-227
-233
-195
-80
51
186
270
404
611
872
1153
1408
1618
1778
1893
1976
2016
2108
2035
1934
1813
1612
1391
1154
887
501
294
45
-142
-271
-309
-268
-170
-27
80
116
140
58
-21
-152
-257
-330
-435
-508
-582
-595
-650
-681
-721
-823
-875
-915
-820
-629
-503
-339
-206
-125
3
95
135
120
-68
-249
-494
-679
-813
-911
-994
-1074
-1093
-1209
-1225
-1352
-1398
-1483
-1559
-1493
-1440
-1228
-1019
-839
-668
-486
-449
-387
-321
-340
-334
-310
-274
-262
-246
-234
-297
-362
-375
-374
-378
-378
-366
-293
-122
53
279
461
526
572
471
315
223
168
143
199
238
274
307
373
443
469
483
467
434
351
368
471
657
934
1253
1486
1614
1654
1511
1526
1492
1466
1443
1426
1396
1280
1157
880
693
496
389
292
229
155
68
-35
-50
-21
18
84
151
181
182
210
240
183
140
29
-152
-357
-559
-710
-825
-863
-884
-917
-959
-1026
-1106
-1092
-1028
-853
-660
-539
-509
-474
-464
-420
-307
-240
-141
-148
-251
-351
-475
-606
-657
-730
-824
-890
-1013
-1093
-1193
-1222
-1168
-1130
-977
-830
-769
-637
-527
-428
-399
-393
-378
-402
-408
-464
-464
-500
-469
-327
-246
-190
-198
-133
-17
103
304
507
701
780
817
758
582
426
241
227
220
275
380
385
358
266
157
70
-73
-163
-146
-89
34
213
476
714
895
1104
1173
1242
1291
1344
1406
1469
1492
1445
1325
1133
908
733
651
575
599
612
519
301
143
-39
-203
-372
-448
-500
-441
-388
-346
-251
-193
-161
-182
-138
-145
-174
-239
-219
-204
-187
-149
-64
-74
-101
-186
-376
-553
-599
-581
-576
-470
-415
-408
-448
-463
-506
-495
-494
-577
-716
-883
-1016
-1129
-1217
-1244
-1300
-1378
-1314
-1296
-1191
-1046
-881
-688
-530
-341
-200
-121
-40
-26
-37
-165
-210
-179
-174
-254
-308
-399
-509
-535
-568
-533
-480
-378
-282
-202
-200
-248
-249
-220
-153
-17
169
290
494
597
668
717
653
595
515
477
448
456
531
620
668
628
532
440
457
485
549
646
680
735
752
785
772
758
748
748
716
750
787
786
793
848
891
878
926
931
892
754
702
635
636
652
632
568
443
340
287
199
153
152
127
108
103
98
64
18
-39
-171
-343
-391
-518
-583
-597
-610
-657
-587
-505
-540
-538
-570
-593
-601
-586
-572
-559
-607
-672
-771
-817
-888
-916
-932
-985
-1042
-1026
-1036
-1042
-976
-978
-997
-952
-914
-833
-809
-759
-732
-747
-696
-634
-499
-515
-519
-568
-551
-509
-392
-243
-69
175
227
257
299
188
140
137
179
310
492
629
681
682
647
561
486
485
413
359
311
265
316
400
474
598
705
773
774
797
793
925
1053
1094
1224
1198
1246
1224
1275
1296
1199
1103
950
806
675
606
522
389
212
124
32
6
21
124
238
298
377
484
556
665
734
745
811
829
765
646
522
421
303
231
93
-83
-276
-453
-622
-777
-905
-979
-1035
-1098
-1199
-1280
-1277
-1286
-1238
-1211
-1130
-1110
-1035
-994
-917
-782
-709
-637
-552
-563
-611
-709
-789
-812
-869
-857
-845
-862
-924
-986
-1041
-1056
-1051
-1047
-1016
-1015
-960
-928
-852
-687
-575
-469
-314
-201
-102
45
129
201
203
267
332
403
541
680
838
945
1091
1125
1151
1089
1069
953
883
736
534
443
284
177
43
-19
-30
-36
-14
63
210
267
429
627
779
963
1080
1176
1174
1247
1208
1188
1175
1157
1130
1118
1040
890
762
560
448
350
328
248
173
120
45
-14
-56
-98
-249
-351
-460
-457
-403
-315
-180
-134
-48
32
41
20
-11
-63
-47
-82
-88
-104
-146
-172
-274
-351
-511
-650
-739
-869
-1004
-1009
-1008
-1015
-1038
-1074
-1078
-1084
-1114
-1096
-1027
-1015
-927
-941
-870
-786
-780
-767
-736
-722
-695
-542
-362
-208
-35
124
241
241
199
200
153
98
107
83
23
-89
-187
-295
-395
-439
-473
-410
-353
-349
-302
-171
-99
54
272
435
537
709
749
806
899
953
1035
1025
1021
964
823
783
658
590
538
491
438
424
372
364
400
378
411
407
485
500
539
554
565
514
587
697
748
827
788
760
705
666
594
510
476
429
364
301
228
198
160
123
102
44
-14
-59
-131
-217
-256
-200
-161
-45
-7
-4
-2
-69
-146
-186
-166
-137
-59
-38
7
17
51
150
183
214
179
108
71
-7
-52
-178
-305
-453
-615
-716
-751
-820
-857
-921
-1036
-1013
-982
-900
-815
-704
-594
-507
-428
-442
-317
-192
-22
152
261
350
364
315
198
159
45
-19
-156
-319
-419
-502
-585
-686
-788
-911
-935
-1029
-1033
-993
-857
-730
-568
-368
-257
-101
3
39
80
219
419
573
767
881
914
870
770
621
525
443
383
404
302
260
177
77
24
-57
-97
-117
-176
-201
-172
-116
-108
-47
-22
-51
-12
45
113
152
240
405
555
644
704
765
804
873
869
851
802
762
665
591
488
351
210
26
-102
-226
-293
-304
-341
-335
-265
-281
-260
-199
-121
-128
-85
-24
23
161
177
234
207
209
241
189
156
83
55
25
17
-26
-45
-25
-52
-60
-99
-116
-131
-185
-164
-149
-123
-61
-87
-131
-149
-138
-157
-202
-113
-180
-213
-153
-201
-228
-301
-364
-458
-545
-584
-655
-680
-613
-509
-358
-313
-216
-158
-112
-44
-16
46
1
-2
-36
-99
-158
-156
-194
-210
-198
-248
-223
-218
-171
-83
44
154
88
44
38
24
59
171
266
280
273
166
53
-66
-57
-56
-72
-42
-77
-17
-5
87
194
268
304
284
217
161
199
316
391
477
489
531
517
501
466
410
369
315
262
194
142
55
74
44
16
1
-16
-93
-117
-110
-87
-40
-26
-4
-28
9
26
78
101
18
5
-39
-87
-64
-42
-5
62
36
13
-10
-62
-70
-30
-7
-31
-82
-104
-105
-95
-83
-55
-110
-148
-210
-247
-301
-394
-441
-454
-437
-443
-469
-419
-306
-156
-11
146
174
163
180
164
249
281
413
491
518
492
455
399
285
230
172
91
11
-109
-140
-147
-132
-85
-140
-181
-207
-283
-252
-215
-176
-10
94
173
186
185
175
100
64
-1
-6
-33
-33
-15
-4
21
9
24
19
47
22
46
81
88
151
258
253
222
218
169
136
103
37
11
-57
-93
-148
-244
-263
-398
-460
-444
-404
-342
-255
-196
-137
-72
-34
20
61
86
161
211
228
197
195
187
194
163
79
-57
-143
-214
-265
-253
-180
-128
-124
-100
-151
-109
-121
-61
35
106
185
187
186
184
142
170
215
253
233
178
161
170
213
235
310
295
330
371
355
360
352
391
424
422
446
419
370
306
249
200
119
56
0
-93
-86
-166
-197
-131
-111
-42
-1
6
-23
27
84
107
179
185
196
235
189
174
115
45
13
-59
-149
-326
-459
-538
-603
-662
-588
-544
-486
-410
-437
-429
-416
-416
-311
-269
-214
-98
-108
-98
-113
-149
-196
-210
-253
-385
-476
-518
-532
-508
-404
-306
-285
-296
-320
-376
-305
-185
-65
16
86
116
117
95
59
15
52
51
26
25
48
95
155
221
222
290
302
307
342
331
390
417
470
492
464
479
426
375
275
160
86
51
61
13
-10
22
-9
-13
19
48
98
141
257
319
381
420
457
481
481
467
431
377
317
243
179
146
115
24
-112
-199
-235
-254
-244
-241
-248
-226
-212
-196
-181
-151
-111
-23
29
59
102
98
131
118
84
-37
-73
-133
-175
-234
-314
-314
-357
-354
-341
-341
-360
-331
-354
-362
-320
-271
-151
-106
-74
-49
-72
-55
-12
45
95
126
172
158
145
167
128
194
242
282
287
264
259
324
412
460
539
539
511
447
362
274
247
213
190
203
126
59
-17
-14
22
101
168
218
247
255
313
337
335
375
380
412
408
425
385
304
249
175
90
7
-148
-255
-280
-373
-407
-402
-376
-291
-254
-206
-181
-174
-169
-175
-177
-112
-63
15
54
21
50
31
3
-4
-30
-58
-89
-178
-260
-314
-374
-419
-408
-384
-373
-377
-399
-389
-361
-273
-258
-250
-198
-244
-255
-281
-273
-152
-129
-143
-146
-157
-225
-232
-203
-201
-159
-116
-83
-1
-3
19
53
118
131
163
130
53
61
-8
-24
-28
-124
-187
-223
-309
-385
-400
-384
-284
-240
-177
-61
-21
74
132
192
254
253
314
401
385
398
441
355
339
223
151
97
37
28
9
45
72
86
50
76
48
28
41
30
-6
-8
38
9
78
105
120
36
-10
-50
-117
-128
-148
-105
-108
-78
-95
-49
86
87
56
89
121
133
190
297
385
466
471
386
290
223
137
23
-8
23
-50
-123
-219
-271
-268
-292
-250
-224
-158
-121
-39
-2
55
152
195
258
263
246
214
236
206
167
108
64
73
73
21
-34
-59
-153
-197
-255
-242
-236
-225
-185
-118
-122
-150
-76
-98
-116
-178
-227
-245
-180
-162
-111
-109
-113
-157
-194
-240
-220
-137
-177
-86
-38
-4
35
30
77
107
169
204
236
282
273
292
314
263
185
190
146
42
22
28
23
17
65
107
122
173
252
274
305
340
272
312
322
321
282
262
244
200
148
114
52
4
12
64
60
83
141
193
219
282
314
331
358
348
375
334
336
285
255
234
80
7
-95
-154
-203
-266
-252
-275
-304
-330
-351
-420
-421
-427
-399
-399
-407
-348
-333
-286
-200
-166
-145
-105
-139
-195
-219
-199
-230
-232
-203
-242
-266
-323
-373
-393
-394
-371
-403
-411
-380
-316
-307
-300
-289
-197
-258
-309
-272
-278
-202
-231
-179
-186
-162
-146
-165
-153
-196
-162
-131
-38
80
143
208
286
329
411
420
421
434
407
422
398
367
330
301
272
232
135
40
-18
5
25
40
11
-1
42
111
248
290
345
393
423
425
468
485
492
499
474
441
369
335
278
279
289
320
276
231
198
180
134
117
117
110
152
153
138
108
66
19
-3
-65
-153
-221
-199
-256
-278
-314
-311
-337
-399
-400
-388
-334
-346
-307
-295
-217
-177
-170
-245
-278
-246
-307
-319
-375
-394
-371
-339
-374
-420
-456
-462
-544
-555
-570
-531
-430
-461
-370
-317
-289
-267
-267
-231
-211
-182
-178
-173
-156
-166
-146
-133
-138
-127
-114
-105
-149
-123
-98
-116
-62
-5
-26
56
130
177
262
283
276
292
304
290
373
387
358
335
278
248
216
165
191
145
121
114
72
93
97
165
207
245
277
304
317
331
342
351
370
318
311
248
197
134
6
16
-29
-58
-66
-111
-95
-108
-70
-40
-46
4
11
34
-5
7
-16
-95
-134
-190
-272
-296
-288
-304
-276
-352
-399
-452
-499
-504
-472
-459
-435
-406
-322
-254
-219
-112
-119
-106
-84
-156
-217
-256
-270
-287
-312
-347
-373
-399
-424
-497
-551
-600
-565
-503
-501
-494
-465
-390
-296
-215
-183
-119
-113
-144
-117
-102
-50
-11
16
-2
7
-20
-86
-95
-144
-176
-190
-228
-248
-199
-154
-91
-52
-35
11
59
88
109
126
149
154
195
221
205
198
202
147
146
126
140
184
111
147
122
162
164
197
230
244
255
259
237
243
228
246
221
217
236
262
266
206
184
152
124
132
96
70
76
89
73
90
109
72
74
59
23
37
24
-2
-32
-90
-101
-142
-194
-229
-251
-325
-378
-395
-362
-347
-285
-267
-278
-249
-178
-95
-66
-23
-45
-29
-91
-139
-135
-180
-202
-279
-324
-357
-390
-441
-469
-454
-489
-459
-386
-395
-384
-348
-292
-189
-98
-48
12
91
49
77
77
16
7
-70
-63
-73
-115
-106
-83
-101
-142
-170
-134
-117
-127
-136
-35
65
115
195
213
217
211
268
347
350
352
390
390
372
409
391
364
318
235
248
206
169
170
171
191
220
275
242
255
242
213
244
201
211
230
201
209
187
176
120
57
5
-81
-88
-68
-85
-90
-65
-86
-110
-84
-94
-110
-102
-62
-80
-119
-193
-212
-282
-332
-383
-474
-482
-525
-542
-575
-563
-536
-548
-521
-442
-433
-331
-295
-263
-200
-156
-95
-62
-63
-93
-113
-145
-206
-246
-257
-371
-378
-440
-519
-504
-565
-590
-629
-604
-605
-565
-488
-404
-348
-340
-295
-225
-151
-140
-91
-42
8
19
74
60
62
37
57
42
21
58
60
160
175
188
257
262
253
273
318
294
256
246
259
223
243
242
224
211
216
196
182
198
238
278
329
404
469
540
535
561
555
528
479
451
415
396
372
342
279
201
99
-10
-90
-137
-151
-217
-201
-214
-207
-188
-167
-137
-112
-81
-68
-23
30
110
128
139
154
107
72
22
-25
-89
-115
-170
-243
-295
-320
-341
-323
-355
-422
-417
-423
-405
-379
-336
-307
-314
