75
114
165
143
157
126
118
149
126
115
101
106
116
125
100
97
72
52
26
-8
7
45
39
9
17
33
1
-8
-8
-31
-16
-27
-40
-19
6
19
-8
14
24
49
49
5
59
35
53
30
78
53
53
78
52
76
89
108
87
99
109
108
105
127
128
128
157
176
150
137
130
127
108
100
84
74
15
21
19
53
113
56
43
27
-7
26
3
-2
-12
-5
-10
-51
-48
-61
-19
0
-24
-13
7
-2
-32
9
23
35
26
50
73
49
38
65
79
62
99
117
99
104
111
68
79
83
69
66
86
55
68
75
42
17
-2
39
65
68
39
76
55
57
42
61
41
41
26
63
110
40
97
84
61
47
-4
12
-7
-50
-60
-193
-459
-731
-911
-799
-396
-12
79
-35
-298
-458
-307
138
604
916
923
645
296
-95
-469
-673
-674
-382
2
498
703
547
253
-82
-181
-102
97
221
219
175
51
-77
-162
-312
-315
-244
-78
89
65
-137
-610
-1108
-1401
-1282
-786
-178
395
624
605
457
332
327
296
247
152
52
-19
-40
7
6
22
160
437
684
787
844
759
642
764
805
763
646
371
139
47
97
289
290
141
-124
-324
-269
-189
-97
-54
-195
-253
-113
79
283
479
592
712
768
795
769
732
745
773
745
604
415
200
97
138
289
394
308
148
-61
-57
81
210
288
207
71
16
46
35
19
35
-13
-7
31
-7
51
74
83
111
68
-138
-293
-414
-354
-145
62
101
-112
-379
-497
-481
-340
-260
-312
-425
-536
-573
-410
-170
-67
-124
-345
-448
-475
-365
-188
-102
-100
-224
-349
-460
-538
-507
-344
-215
-161
-197
-352
-465
-425
-244
-48
117
155
79
157
267
486
751
845
917
930
1044
1162
1283
1413
1423
1493
1469
1511
1627
1716
1867
1887
1865
1848
1662
1474
1377
1319
1315
1255
1133
931
728
469
293
99
-113
-341
-670
-916
-1092
-1239
-1326
-1340
-1350
-1293
-1328
-1414
-1375
-1262
-1078
-815
-587
-448
-360
-276
-182
-90
84
146
240
137
18
-93
-279
-475
-684
-824
-1117
-1438
-1828
-2197
-2541
-2919
-3248
-3388
-3316
-3129
-2842
-2576
-2360
-2261
-2205
-1978
-1711
-1328
-893
-580
-402
-375
-504
-624
-645
-604
-479
-373
-289
-196
-74
56
122
158
161
208
302
547
769
861
890
889
855
902
1026
1133
1353
1587
1722
1939
2019
2052
2236
2419
2782
3051
3320
3392
3365
3365
3419
3521
3552
3412
2853
1837
510
-772
-1587
-1829
-1590
-1168
-1005
-1258
-1955
-2718
-3279
-3358
-2926
-2187
-1362
-675
-175
226
520
692
861
925
1002
1089
1243
1420
1575
1678
1523
1259
853
289
-300
-859
-1193
-1285
-1150
-966
-904
-1009
-1249
-1466
-1600
-1589
-1403
-1210
-942
-617
-376
-130
-32
-36
-215
-452
-516
-493
-394
-297
-305
-342
-471
-585
-639
-603
-627
-695
-656
-625
-548
-501
-491
-637
-635
-632
-557
-391
-209
-87
-80
-59
-128
-92
6
102
155
256
251
239
237
202
202
115
136
208
273
293
344
359
418
427
454
463
473
525
576
748
982
1189
1304
1382
1371
1416
1567
1879
2203
2434
2615
2789
2825
2775
2566
2159
1691
1159
724
538
597
713
759
602
300
-147
-609
-942
-1115
-1078
-903
-747
-575
-486
-452
-429
-485
-615
-748
-811
-814
-722
-537
-382
-218
-136
-203
-301
-416
-569
-704
-663
-577
-414
-234
-197
-218
-308
-463
-572
-684
-672
-646
-636
-565
-535
-470
-424
-460
-506
-551
-588
-588
-515
-503
-536
-529
-497
-434
-392
-356
-347
-365
-447
-470
-453
-385
-270
-221
-131
-160
-166
-222
-198
-196
-203
-218
-305
-376
-400
-339
-284
-200
-133
-146
-224
-235
-278
-251
-226
-182
-152
-67
-25
-25
-7
1
-7
-64
-91
-87
-7
126
297
420
539
636
689
744
858
969
1081
1264
1467
1765
1951
2038
2062
2010
2007
1997
1940
1819
1573
1318
1050
824
691
559
441
301
78
-196
-535
-801
-936
-991
-973
-872
-717
-599
-495
-456
-441
-481
-524
-548
-462
-332
-184
-60
35
-5
-155
-237
-333
-356
-377
-404
-331
-264
-291
-280
-308
-416
-530
-611
-606
-584
-599
-541
-529
-530
-433
-431
-444
-491
-607
-635
-571
-449
-402
-407
-497
-550
-529
-500
-489
-493
-544
-569
-537
-480
-321
-300
-310
-369
-449
-368
-206
-44
54
51
-60
-147
-141
-115
131
240
275
237
28
-9
78
234
447
564
451
386
248
185
374
679
1054
1281
1339
1224
1121
1127
1381
1901
2451
2907
3169
3226
3209
3263
3338
3180
2676
1816
693
-195
-634
-541
-185
0
-260
-1041
-2036
-2834
-3127
-3024
-2573
-2153
-1688
-1344
-985
-575
-247
-56
-32
-59
-105
87
521
1033
1481
1690
1558
1115
530
-79
-494
-721
-674
-398
-268
-267
-531
-921
-1250
-1446
-1408
-1391
-1367
-1356
-1279
-1094
-850
-676
-768
-1114
-1505
-1716
-1595
-1271
-845
-583
-586
-830
-1047
-1226
-1301
-1204
-1005
-863
-758
-767
-937
-1104
-1332
-1449
-1416
-1295
-1126
-925
-698
-526
-372
-311
-226
-213
-114
116
423
801
1032
1126
1038
917
807
797
970
1304
1628
1867
1976
1945
1907
1922
2060
2428
2893
3453
4037
4574
5018
5308
5504
5628
5362
4469
2735
340
-2004
-3532
-3933
-3326
-2509
-2257
-2946
-4268
-5510
-6214
-5954
-5047
-3903
-2565
-1225
149
1443
2326
2889
3002
2903
2845
3040
3427
4001
4609
4851
4627
3709
2179
316
-1388
-2542
-2985
-3041
-2981
-3178
-3642
-4171
-4609
-4754
-4785
-4701
-4441
-3856
-2895
-1666
-476
446
921
922
667
439
360
392
667
919
896
512
-184
-1075
-1801
-2209
-2328
-2390
-2491
-2674
-2935
-3110
-3210
-3108
-3016
-2857
-2489
-1988
-1315
-630
-121
241
508
802
1169
1713
2315
2772
3166
3270
3185
2883
2478
2178
2021
2163
2474
2619
2648
2407
2263
2227
2366
2987
3681
4474
5259
5963
6494
6484
5582
3513
403
-2634
-4627
-5023
-3880
-2470
-1606
-2029
-3430
-4966
-6169
-6325
-5765
-4598
-2929
-1131
704
2251
3161
3510
3358
2925
2484
2249
2348
2863
3633
4352
4599
3874
2160
-172
-2486
-4046
-4541
-4268
-3690
-3384
-3456
-3672
-3865
-3931
-3926
-3757
-3432
-2789
-1779
-383
1102
2283
3055
3184
2748
2012
1293
908
934
1062
1136
639
-350
-1473
-2515
-3035
-3216
-3226
-3225
-3257
-3261
-3141
-2915
-2640
-2476
-2352
-1999
-1442
-671
73
743
1187
1408
1517
1645
1916
2267
2794
3282
3397
3202
2663
1949
1262
928
1016
1293
1653
1877
2009
1948
2064
2559
3324
4346
5360
6321
6984
7254
6812
5380
2859
-317
-3078
-4694
-4629
-3581
-2538
-2240
-3225
-4880
-6352
-7143
-6855
-5904
-4491
-2714
-986
772
2167
3089
3453
3334
3085
2788
2726
2870
3388
4154
4736
4785
3855
1943
-502
-2712
-4049
-4278
-3803
-3269
-3202
-3507
-3919
-4214
-4275
-4295
-4318
-4044
-3375
-2076
-280
1406
2606
2987
2685
2159
1536
1193
1205
1317
1464
1149
307
-898
-2187
-3121
-3522
-3534
-3404
-3429
-3595
-3630
-3555
-3258
-2823
-2510
-2083
-1561
-905
-45
674
1242
1510
1465
1456
1544
1923
2445
3006
3391
3464
3150
2392
1576
913
649
845
1189
1504
1524
1339
1099
1045
1447
2306
3464
4788
6128
7365
8390
8665
7635
5253
1724
-1660
-3880
-4256
-2951
-1484
-870
-1805
-3933
-6238
-7817
-8197
-7534
-6213
-4310
-2320
-362
1266
2330
2769
2594
2319
2127
2218
2789
3712
4889
5902
6201
5419
3401
818
-1624
-3104
-3360
-2827
-2192
-2174
-2699
-3554
-4278
-4611
-4719
-4580
-4349
-3593
-2324
-699
894
1923
2018
1356
559
78
412
1373
2408
2818
2236
773
-1024
-2565
-3348
-3226
-2767
-2327
-2433
-2779
-3277
-3719
-3854
-3732
-3254
-2580
-1713
-804
28
563
805
756
678
768
1140
1814
2658
3535
4068
3982
3377
2466
1687
1402
1594
2097
2519
2468
2100
1626
1307
1532
2170
3037
3890
4569
5256
6224
7179
7474
6308
3372
-361
-3499
-4685
-3628
-1681
-165
-434
-2446
-4974
-7023
-7641
-6993
-5683
-3958
-2282
-709
690
1629
2197
2312
2221
2041
1983
2177
2691
3615
4575
5197
4765
3082
602
-1856
-3338
-3512
-2801
-1891
-1740
-2502
-3643
-4587
-4834
-4605
-4040
-3392
-2801
-1932
-755
620
1733
2107
1690
758
89
40
918
2198
3055
2860
1278
-996
-2979
-4093
-3933
-3079
-2370
-2082
-2468
-3162
-3861
-4198
-4017
-3453
-2566
-1472
-420
446
1025
1205
1122
994
998
1188
1702
2437
3312
3895
4022
3546
2658
1848
1445
1714
2374
2962
3086
2679
1902
1354
1299
1880
2951
4094
5245
6206
6951
7206
6344
4088
623
-2691
-4797
-4948
-3297
-1428
-388
-1187
-3333
-5772
-7581
-7853
-6767
-4780
-2417
-377
1074
1973
2273
2271
2126
2017
1998
2199
2675
3406
4221
4628
4210
2710
424
-1947
-3702
-4399
-4040
-3195
-2439
-2351
-2997
-4054
-5026
-5318
-4762
-3523
-1905
-464
729
1678
2352
2800
2728
2276
1500
1062
1369
2320
3499
3698
2677
273
-2707
-5000
-6039
-5702
-4591
-3594
-3173
-3471
-4309
-5133
-5491
-5090
-3822
-2046
-178
1415
2164
2255
1838
1369
1200
1237
1693
2452
3106
3629
3618
2993
2036
994
465
605
1304
2266
2862
2760
2089
1196
731
980
2021
3525
5059
6338
7296
7815
7741
6474
3931
313
-3081
-4903
-4790
-3045
-1405
-903
-2029
-4443
-6852
-8442
-8509
-6925
-4369
-1360
1060
2531
3014
2741
2523
2372
2637
2965
3422
4101
4694
5045
4596
3207
1054
-1409
-3363
-4464
-4608
-3996
-3155
-2650
-2949
-3875
-4996
-5651
-5186
-3524
-1362
822
2214
2932
3139
3191
3122
2877
2564
2180
2323
2758
3459
3612
2573
403
-2610
-5448
-7162
-7393
-6301
-4812
-3806
-3694
-4541
-5584
-6098
-5525
-3981
-1783
495
2224
3116
3059
2352
1527
1151
1286
1828
2452
2830
2702
2157
1309
416
-260
-458
-7
840
1835
2452
2475
1954
1301
877
1013
1861
3186
4748
6232
7481
8383
8814
7856
5187
1085
-3179
-5615
-5750
-3840
-1675
-807
-1698
-4387
-7320
-9438
-9904
-8120
-4897
-1190
1737
3255
3595
3069
2608
2416
2614
3241
4120
5145
5803
5631
4477
2250
-364
-2834
-4729
-5502
-5389
-4395
-3361
-3063
-3674
-5030
-6222
-6416
-5148
-2757
33
2534
4072
4528
4191
3431
2636
2207
2201
2469
2915
3283
3218
2429
726
-1714
-4545
-6896
-8080
-7810
-6535
-5008
-4070
-4147
-4803
-5507
-5443
-4210
-2020
640
2852
4026
4130
3401
2480
1705
1452
1761
2174
2471
2264
1486
372
-721
-1132
-953
-206
638
1307
1818
1928
1920
1812
1847
2284
3030
4289
5705
7111
8309
9110
9440
8341
5210
660
-3752
-6068
-5867
-3991
-2057
-1619
-2858
-5558
-8569
-10504
-10364
-7814
-3895
-81
2459
3299
3197
2747
2462
2501
2728
3566
4615
5700
6239
5513
3722
996
-2011
-4530
-5958
-5928
-4865
-3704
-3232
-3944
-5361
-6675
-7113
-6250
-4138
-1247
1560
3678
4780
4912
4429
3645
2939
2626
2596
2946
3516
3792
3461
2057
-282
-3026
-5546
-7010
-7141
-6250
-5100
-4518
-4658
-5333
-5820
-5656
-4585
-2697
-359
1936
3350
3661
3316
2531
1987
1847
1999
2464
2803
2795
2048
825
-498
-1499
-1687
-1120
-31
1110
1897
2057
1708
1156
890
1324
2314
3763
5282
6579
7619
8427
9233
9705
8886
5895
1292
-3455
-6214
-5954
-3933
-1708
-1036
-2632
-5834
-9492
-11598
-10981
-7736
-3247
696
2948
3501
3100
2442
2236
2501
3265
4400
5398
6139
6244
5379
3732
1261
-1757
-4364
-5902
-5736
-4560
-3429
-3050
-4039
-5827
-7438
-7900
-6590
-3719
-392
2438
4057
4432
4154
3787
3613
3556
3632
3789
3838
3952
3853
3178
1791
-482
-3321
-5898
-7434
-7475
-6241
-4807
-4053
-4449
-5602
-6598
-6616
-5172
-2573
300
2641
3538
3199
2418
1735
1651
2003
2442
2833
2853
2454
1695
601
-327
-908
-993
-537
206
969
1482
1522
1187
823
827
1362
2315
3503
4880
6101
6970
7758
8495
9200
8900
6404
2224
-2369
-5392
-5625
-4159
-1972
-831
-1783
-4443
-7990
-10513
-10306
-7511
-3306
453
2621
3330
2934
2258
2163
2618
3543
4706
5320
5481
5107
4079
2696
729
-1618
-3600
-4881
-5055
-4422
-3868
-3813
-4631
-6095
-7360
-7548
-6158
-3414
-372
2044
3339
3401
3042
2742
2830
3401
4045
4472
4332
3919
3387
2549
1392
-394
-2574
-4681
-6251
-6600
-5973
-5017
-4365
-4668
-5446
-6179
-6182
-4991
-2902
-493
1472
2366
2276
1761
1376
1707
2350
3091
3537
3287
2468
1330
497
265
581
1094
1579
1828
1791
1436
856
498
529
1149
2100
3022
3953
4769
5501
6304
7184
8188
8411
6624
3125
-1132
-4152
-4551
-3439
-1395
-133
-888
-3139
-6427
-9001
-9182
-7029
-3340
251
2327
2846
1986
869
338
909
2421
4256
5493
5791
5244
3809
2048
100
-1800
-2979
-3531
-3359
-2730
-2506
-2779
-4006
-5848
-7227
-7570
-6197
-3394
-439
1810
2750
2453
1838
1451
1861
3197
4403
4921
4707
3666
2794
2068
1282
545
-861
-2527
-4174
-5507
-5720
-5449
-5029
-4844
-5442
-5954
-6091
-5545
-3922
-1966
-359
534
618
466
621
1292
2345
3276
3617
3499
2672
1723
1034
658
956
1313
1590
1682
1620
1599
1429
1272
1242
1226
1442
1745
2237
3282
4601
5893
6984
7797
8288
7718
5244
1691
-1976
-3881
-3602
-2261
-485
211
-860
-3546
-6994
-9209
-8954
-6318
-2361
1049
2862
2745
1409
-163
-734
212
2255
4568
5895
6039
5015
3195
1272
-587
-2099
-2797
-2904
-2421
-2040
-2280
-3147
-4830
-6705
-8030
-8070
-6485
-3909
-1335
432
1015
616
-125
-290
641
2635
4761
6211
6462
5644
4319
2955
1914
1257
616
-172
-1384
-2973
-4408
-5719
-6565
-6862
-6852
-6526
-5966
-5316
-4391
-3406
-2445
-1508
-716
201
1151
2090
2970
3556
3735
3557
3043
2589
2289
2155
2162
1945
1568
1168
820
716
888
1271
1705
1800
1407
809
660
1211
2552
4282
5973
7587
8782
8941
7201
3793
199
-2479
-2988
-1922
-199
1315
970
-1237
-4950
-8481
-9676
-8334
-5059
-1258
1476
2492
1460
-563
-2008
-1777
180
3026
5670
6919
6700
5090
2731
628
-818
-1095
-622
-38
265
-358
-1786
-3825
-6022
-7355
-7559
-6550
-4796
-3042
-1707
-1139
-1248
-1519
-1507
-853
736
2775
4564
5794
5949
5257
4177
2991
2373
2089
1792
1157
-125
-1709
-3369
-4920
-5873
-6191
-6099
-5835
-5806
-5898
-5708
-5217
-4363
-3168
-1862
-420
639
1296
1671
1955
2490
3091
3651
4029
3950
3609
3032
2394
1873
1371
990
857
1078
1383
1477
1144
667
188
116
624
1728
3408
5259
7070
8358
8334
6351
3213
53
-1920
-1835
-448
1764
3095
2168
-844
-5043
-8256
-8990
-7353
-3999
-546
1526
1628
-210
-2587
-3845
-3170
-668
2675
5421
6717
6104
3904
1488
-271
-581
456
1857
2785
2429
621
-1917
-4506
-5926
-5902
-4996
-3792
-2888
-2672
-2920
-3297
-3436
-2837
-1994
-747
739
2101
3298
3953
4032
3904
3460
3080
2854
2696
2548
1949
797
-744
-2488
-3921
-4739
-4957
-4880
-5029
-5493
-6187
-6651
-6637
-5846
-4395
-2532
-928
-159
-169
-416
-266
562
1959
3513
4505
4679
4010
2810
1883
1411
1443
1724
1953
2070
1839
1262
733
309
102
45
295
989
2274
3816
5430
6770
7114
5957
3653
953
-1026
-1297
-397
1596
3101
2819
658
-2927
-6184
-7793
-7284
-4788
-1562
829
1369
-219
-2733
-4578
-4595
-2634
759
3985
5905
5630
3449
863
-903
-797
1042
3458
5153
4801
2398
-900
-3788
-4975
-4358
-2589
-865
-243
-1111
-2776
-4337
-4987
-4327
-2959
-1097
563
1535
1855
1542
1279
1174
1257
1565
2097
2658
2638
1967
855
-512
-1784
-2704
-2938
-2577
-2103
-2118
-2826
-3853
-4897
-5504
-5174
-3868
-2054
-549
14
-322
-920
-1235
-820
324
2053
3666
4436
4273
3341
2321
1627
1440
2007
2733
3164
3101
2482
1736
906
364
342
1028
2225
3540
4641
5310
5144
3882
2119
206
-782
-632
264
1841
2668
2169
247
-2478
-4819
-6024
-5565
-3640
-1216
278
202
-1351
-3411
-4973
-5233
-3561
-639
2239
3910
3564
1810
-356
-1716
-1278
719
3398
5307
5311
3438
593
-2110
-3451
-2908
-1126
774
1477
669
-1260
-3588
-5076
-5117
-3674
-1427
412
1207
800
-336
-1346
-1795
-1290
92
1717
2902
2980
1906
436
-938
-1718
-1680
-1049
-160
143
-356
-1417
-2730
-3687
-4004
-3481
-2420
-1362
-708
-710
-1139
-1587
-1683
-1279
-375
517
1214
1754
1936
1765
1367
1057
1074
1223
1430
1747
1944
1792
1217
517
-199
-681
-597
-44
868
1746
2343
2623
2671
2609
2523
2533
2710
2653
2574
2430
2379
2328
2043
1442
443
-613
-1481
-1965
-2035
-1795
-1560
-1642
-2250
-3206
-4090
-4574
-4306
-3364
-2095
-1067
-795
-1091
-1549
-1827
-1595
-788
377
1626
2324
2210
1600
695
-127
-516
-149
863
1970
2522
2245
1292
-21
-1017
-1253
-619
559
1612
2250
1977
897
-351
-1225
-1262
-638
208
821
772
-14
-1227
-2348
-2936
-2821
-2289
-1632
-1261
-1393
-1728
-2084
-2249
-2231
-1811
-1200
-615
-161
216
490
463
298
201
254
485
823
1201
1572
1472
1002
490
204
97
93
175
238
1
-489
-925
-1180
-1098
-728
-82
393
476
235
-43
22
462
1210
2176
3024
3427
3481
3196
2765
2299
2064
2273
2590
2812
2747
2294
1429
326
-745
-1401
-1535
-1291
-806
-440
-541
-1234
-2162
-2699
-2815
-2496
-1782
-1020
-410
-311
-593
-1116
-1602
-1762
-1663
-1245
-592
75
477
438
34
-458
-716
-676
-275
454
1197
1682
1665
1336
1010
724
658
763
1011
1145
1028
786
438
9
-432
-623
-633
-667
-807
-1034
-1226
-1323
-1310
-1233
-1070
-935
-919
-930
-830
-637
-383
-92
60
170
226
216
284
319
332
400
432
505
531
535
315
-110
-561
-799
-886
-753
-503
-186
82
141
-29
-276
-440
-426
-120
468
1020
1370
1555
1316
876
300
59
227
763
1369
1868
1954
1562
927
202
-211
-260
56
625
1053
1176
894
267
-392
-807
-814
-478
-9
419
562
400
14
-507
-829
-1041
-1026
-835
-505
-108
148
75
-194
-424
-541
-515
-343
-17
321
462
471
387
326
299
322
325
290
202
99
-2
-43
-113
-301
-509
-691
-756
-777
-703
-651
-655
-750
-897
-959
-912
-710
-430
-155
-60
-28
-109
-173
-178
-92
121
238
489
586
571
352
106
58
63
46
-15
-78
-169
-296
-474
-571
-524
-407
-337
-328
-382
-372
-318
-92
118
318
579
767
896
765
568
433
430
612
977
1302
1475
1284
767
41
-541
-743
-622
-245
171
431
406
86
-352
-637
-660
-357
141
700
1017
1095
907
395
-29
-401
-418
-212
56
289
318
213
-143
-464
-591
-496
-262
-25
190
227
120
-64
-167
-4
269
489
618
504
320
89
-102
-186
-155
-102
-163
-221
-333
-401
-471
-578
-652
-681
-759
-911
-1063
-1016
-861
-562
-283
-208
-274
-493
-739
-775
-522
-143
354
767
987
919
549
231
-47
-168
-76
119
350
419
264
-20
-265
-508
-631
-666
-523
-194
149
365
398
393
282
194
121
156
285
527
795
977
1016
846
573
221
-127
-393
-472
-417
-286
-108
-58
-127
-403
-757
-999
-953
-661
-141
359
635
837
782
583
322
198
261
542
949
1305
1472
1280
780
295
95
162
389
672
857
835
515
135
-152
-240
-149
19
128
210
217
88
-112
-271
-326
-311
-200
-141
-9
17
33
27
-93
-189
-368
-536
-754
-894
-886
-717
-463
-310
-286
-518
-937
-1174
-1179
-836
-277
297
695
770
495
51
-222
-256
-65
301
566
546
262
-101
-512
-731
-765
-676
-449
-115
163
276
278
167
-9
-157
-37
149
427
689
859
884
715
497
149
-144
-362
-449
-534
-622
-839
-1007
-1111
-1158
-1131
-1145
-1216
-1325
-1299
-1082
-665
-203
179
321
244
33
-104
-3
321
794
1277
1505
1425
1082
676
498
454
647
860
1022
909
704
398
87
8
-65
-106
-204
-185
-152
-66
-51
-35
-86
-194
-237
-280
-227
-101
1
61
115
118
168
111
-49
-329
-545
-511
-401
-235
-95
-31
-226
-435
-595
-610
-340
53
438
655
643
373
62
-105
15
289
476
483
268
-103
-481
-730
-838
-765
-551
-298
-135
-26
38
135
186
214
139
166
320
626
1033
1403
1585
1459
1040
406
-79
-376
-412
-323
-134
-206
-529
-1043
-1547
-1927
-2056
-1834
-1543
-1217
-1034
-893
-827
-777
-756
-695
-556
-336
40
459
738
904
905
823
732
644
727
787
936
909
796
606
484
381
318
283
202
68
-115
-176
-116
-27
126
185
85
19
-75
-127
-123
-89
-34
87
64
-13
-121
-276
-358
-439
-466
-436
-391
-310
-358
-374
-330
-241
-54
233
514
663
814
883
874
751
681
710
865
884
828
613
321
-30
-329
-578
-765
-696
-549
-412
-318
-227
-149
-142
-158
-191
-166
-25
290
640
949
1218
1265
1137
820
456
204
138
178
189
214
64
-241
-644
-1074
-1290
-1349
-1209
-993
-802
-664
-622
-751
-880
-915
-871
-682
-402
-45
215
351
317
266
274
296
324
423
601
679
631
518
388
219
35
24
75
108
113
52
20
9
-68
-90
13
172
305
424
443
265
-39
-312
-393
-332
-197
-145
-223
-384
-566
-767
-866
-872
-793
-665
-551
-391
-176
49
200
242
269
373
434
493
645
791
988
997
849
581
274
78
-24
-129
-178
-257
-363
-435
-524
-531
-486
-467
-490
-547
-628
-552
-277
23
338
589
694
606
435
287
212
282
255
312
317
207
-51
-299
-573
-733
-838
-851
-648
-439
-210
-99
-128
-252
-390
-498
-460
-203
112
444
609
541
241
24
55
190
409
625
728
561
250
-33
-198
-214
-78
81
242
270
182
29
-71
-126
-107
15
203
438
664
703
540
287
-34
-269
-415
-364
-308
-325
-447
-662
-871
-1059
-1086
-1107
-1082
-995
-845
-640
-385
-88
143
270
294
264
217
208
418
716
949
962
868
599
265
-22
-203
-204
-112
-15
-7
-46
-155
-303
-410
-496
-493
-464
-313
-47
173
404
538
592
492
326
234
189
233
245
204
162
85
-70
-330
-552
-770
-972
-1000
-864
-602
-293
-55
50
-33
-136
-169
-56
268
639
1030
1186
1078
808
535
332
298
445
651
731
567
180
-262
-654
-907
-895
-745
-451
-296
-251
-361
-502
-600
-606
-477
-280
56
329
494
489
359
82
-156
-271
-278
-178
-187
-260
-449
-710
-908
-1068
-1083
-1000
-940
-833
-703
-577
-403
-249
-43
114
262
337
366
401
471
546
611
633
575
425
247
40
-142
-228
-230
-160
-108
-133
-219
-329
-371
-337
-275
-148
-12
203
302
465
554
535
582
554
438
325
226
140
72
-42
-138
-290
-487
-722
-918
-1004
-1041
-975
-878
-742
-573
-413
-333
-222
-103
75
315
623
818
913
982
923
886
900
1017
1100
1110
933
693
322
-32
-313
-445
-451
-371
-230
-269
-417
-578
-672
-685
-515
-257
44
291
439
441
356
243
127
80
80
102
131
100
-123
-458
-727
-962
-1139
-1199
-1060
-832
-680
-562
-533
-512
-469
-327
-65
159
458
725
855
856
754
590
498
461
465
447
374
327
284
184
86
-43
-181
-266
-308
-288
-147
-30
44
97
112
119
191
325
477
623
688
633
481
249
31
-66
-8
-5
-25
-170
-514
-790
-1053
-1168
-1070
-934
-781
-633
-557
-525
-477
-313
-41
223
457
665
774
821
874
978
1084
1145
1213
1111
914
623
319
92
-25
-60
-53
-17
-102
-233
-398
-521
-518
-374
-88
200
445
555
583
502
435
362
336
392
427
410
311
194
-35
-283
-567
-815
-1003
-1085
-979
-830
-700
-583
-527
-494
-488
-419
-244
44
279
490
608
666
647
611
549
495
431
399
414
363
303
190
0
-186
-354
-495
-582
-567
-491
-419
-292
-194
-136
-44
60
137
248
399
484
508
448
367
331
324
362
289
197
7
-247
-459
-599
-647
-690
-695
-723
-754
-776
-749
-682
-484
-293
-188
-101
-9
121
221
455
696
803
885
822
715
603
433
322
199
65
13
-9
-103
-238
-449
-549
-586
-549
-462
-331
-213
-176
-112
-49
-12
15
20
50
113
173
239
283
224
61
-171
-407
-542
-633
-616
-584
-479
-458
-496
-553
-532
-404
-290
-133
87
212
286
331
344
351
364
353
301
246
278
297
278
260
154
-40
-249
-410
-507
-435
-376
-401
-426
-408
-390
-277
-134
-17
130
163
210
155
183
275
376
499
493
464
348
97
-140
-281
-355
-391
-377
-331
-410
-503
-606
-691
-717
-636
-498
-345
-164
32
188
199
262
335
421
531
671
793
838
736
580
400
220
149
119
143
123
38
-109
-316
-423
-436
-378
-220
-149
-93
-69
-97
-94
-38
19
104
197
279
342
417
325
134
58
-154
-256
-266
-319
-296
-342
-385
-427
-426
-355
-258
-124
-12
64
165
250
377
462
516
511
532
507
449
493
554
514
380
243
100
-30
-165
-261
-299
-359
-369
-390
-402
-397
-372
-334
-246
-211
-238
-211
-172
-72
10
120
227
279
202
124
61
-51
-117
-150
-130
-72
-76
-110
-212
-336
-510
-573
-541
-442
-239
-64
41
97
183
131
158
298
449
586
690
701
601
473
354
246
205
234
211
197
129
25
-78
-151
-205
-192
-144
-107
-45
36
90
77
-23
-88
-9
122
227
289
343
268
164
-17
-162
-239
-283
-317
-316
-319
-462
-555
-596
-531
-440
-324
-209
-172
-73
95
181
240
353
370
374
316
308
311
286
222
157
53
-7
-84
-281
-479
-561
-677
-718
-703
-651
-572
-534
-531
-596
-595
-600
-533
-469
-234
-129
10
109
95
65
-19
-73
-153
-208
-198
-71
49
93
62
-28
-145
-292
-316
-255
-136
32
150
191
153
49
-9
30
100
290
467
552
560
512
364
224
108
54
116
161
278
260
163
92
-73
-149
-122
-92
72
193
318
313
188
113
33
85
187
297
414
519
444
303
200
51
-6
-96
-74
-65
-75
-89
-190
-277
-313
-260
-191
-61
25
156
213
187
218
296
319
393
445
449
447
365
296
279
257
177
88
-15
-138
-268
-294
-309
-188
-165
-149
-236
-338
-480
-549
-514
-435
-301
-296
-240
-216
-244
-369
-476
-543
-538
-479
-350
-182
-55
27
-1
-76
-255
-345
-288
-164
58
266
431
454
382
204
70
47
100
295
465
605
591
528
296
36
-112
-184
-119
-73
14
92
101
-8
-177
-358
-413
-318
-149
91
291
308
230
131
34
66
156
267
412
505
532
447
265
137
44
7
67
137
251
217
182
73
-10
-35
-74
-30
102
212
236
250
188
180
128
173
192
167
178
140
163
152
88
51
-56
-177
-204
-168
-115
1
48
107
72
-44
-114
-112
-89
-31
11
17
-40
-115
-217
-261
-266
-297
-314
-393
-539
-628
-688
-666
-519
-331
-228
-207
-291
-339
-397
-331
-129
52
200
287
226
145
51
-55
17
96
272
371
403
296
175
12
-122
-188
-162
-41
8
40
11
-102
-211
-380
-375
-261
-102
26
62
48
-107
-195
-238
-206
-61
136
235
300
225
49
-113
-194
-197
-68
78
237
334
291
245
167
95
152
291
403
566
631
600
545
452
379
359
298
258
286
273
216
141
7
-39
-106
-211
-235
-226
-150
-76
0
15
-34
-54
-58
34
148
230
321
301
258
123
8
-27
-13
19
-19
-116
-246
-456
-583
-648
-627
-551
-462
-412
-355
-381
-407
-402
-347
-275
-189
-97
-42
33
-10
46
-37
-44
30
118
227
219
166
95
20
-4
65
134
211
231
211
95
-27
-80
-142
-65
30
125
235
175
28
-89
-100
-20
65
210
239
260
225
107
-7
-166
-176
-115
-5
114
145
201
177
112
78
135
286
394
489
531
553
478
451
506
486
572
580
561
449
386
264
150
104
4
-29
-130
-156
-168
-131
-40
-42
-109
-177
-224
-213
-126
49
214
283
203
133
-6
-108
-99
-2
112
184
131
-1
-157
-355
-434
-482
-358
-228
-116
-49
-108
-183
-230
-277
-215
-101
12
53
117
50
-68
-131
-188
-176
-87
23
54
38
-21
-127
-202
-168
-81
23
44
-5
-120
-156
-186
-116
-67
-21
45
-4
-48
-120
-69
-37
28
103
142
132
44
-50
-177
-235
-276
-219
-168
-167
-68
-83
-111
-160
-207
-159
-75
83
246
395
451
386
300
203
163
248
405
493
586
529
393
235
57
-18
-24
21
60
100
132
83
-44
-144
-206
-243
-178
-103
1
100
137
154
95
-39
-21
16
91
143
178
193
138
25
-117
-168
-236
-228
-109
-66
-34
3
-22
-66
-134
-138
-79
-19
62
139
94
93
62
-15
-71
-126
-75
-46
46
51
-6
-49
-145
-148
-164
-143
-117
-174
-231
-316
-313
-335
-326
-322
-337
-387
-403
-350
-330
-215
-137
-100
-93
-104
-136
-211
-214
-226
-149
-108
-76
-10
-5
8
-38
-24
-45
-35
35
98
200
275
335
338
308
253
226
267
306
372
468
494
452
372
292
235
268
264
269
241
196
183
123
75
69
52
12
2
-22
7
16
1
29
80
131
155
169
120
67
46
50
62
72
18
-24
-123
-158
-151
-92
6
22
-38
-47
-33
-77
-46
20
125
113
76
-9
-28
-4
-2
43
103
139
114
115
95
109
80
87
120
95
16
-89
-103
-99
-125
-111
-177
-213
-269
-291
-301
-302
-226
-182
-157
-149
-126
-154
-227
-228
-178
-108
-62
-57
-37
-44
-52
-23
-36
11
86
97
105
67
74
49
84
169
233
271
204
194
153
166
254
295
325
382
408
320
303
235
219
223
240
250
263
214
158
82
-34
-88
-123
-155
-150
-55
-7
-48
-5
-61
-129
-140
-109
-48
51
97
97
95
-5
-43
-41
47
101
181
136
92
123
145
137
187
150
105
35
16
45
9
86
106
113
112
51
17
75
94
128
169
134
96
90
33
3
-12
-83
-104
-167
-265
-244
-193
-184
-202
-199
-162
-211
-267
-264
-246
-249
-241
-122
-102
-138
-169
-217
-231
-215
-172
-54
14
-105
-180
-279
-326
-325
-258
-157
-60
-43
-128
-217
-312
-222
-151
-30
101
199
179
117
110
45
51
135
232
278
331
312
266
159
189
125
73
82
69
51
22
37
27
19
-34
-45
-8
54
26
95
88
88
142
138
129
120
168
145
169
158
186
175
185
198
137
142
90
131
113
125
130
94
103
124
202
179
207
175
169
137
95
121
132
116
21
-17
-102
-152
-217
-221
-191
-225
-229
-238
-244
-301
-276
-261
-259
-179
-111
-44
-20
72
133
153
161
156
161
185
218
185
132
104
32
-84
-176
-125
-81
-43
-81
-130
-198
-293
-321
-290
-180
-104
-14
54
50
68
123
147
193
272
317
332
312
301
302
284
291
243
155
159
148
107
103
88
71
138
105
90
104
91
144
100
81
149
147
140
187
194
171
157
112
100
61
17
39
60
21
0
-4
29
61
70
70
92
147
202
256
317
353
380
353
311
264
260
266
194
169
55
-58
-163
-239
-256
-311
-322
-330
-403
-461
-465
-481
-444
-438
-317
-234
-166
-58
16
37
27
64
122
258
322
388
393
347
306
202
135
60
27
5
-15
-65
-151
-273
-347
-378
-372
-340
-255
-233
-253
-238
-161
-160
-85
-22
4
24
33
-9
-27
-32
-62
-85
-99
-79
-94
-122
-157
-240
-256
-266
-269
-195
-140
-97
-60
-93
-133
-85
-130
-92
28
14
50
96
73
-22
-116
-175
-219
-222
-203
-164
-200
-167
-128
-143
-96
-61
44
115
187
274
287
275
318
318
349
318
338
407
351
309
223
134
49
-26
-117
-143
-140
-224
-252
-328
-402
-419
-433
-395
-349
-247
-141
-50
26
49
62
59
112
155
190
240
275
279
205
213
186
150
120
37
-42
-62
-72
-159
-168
-176
-167
-177
-169
-155
-164
-108
-43
55
92
57
44
13
33
-12
19
55
12
-16
-85
-92
-198
-238
-255
-299
-263
-280
-267
-164
-220
-161
-85
-69
41
82
124
169
165
165
185
174
182
140
76
59
-13
0
12
-40
-46
-1
-76
-113
-49
-13
67
162
242
287
324
336
378
387
400
456
483
440
493
456
394
330
173
127
52
-23
-52
-51
-104
-145
-187
-264
-393
-391
-367
-309
-248
-158
-160
-150
-117
-56
-21
30
45
43
59
84
101
94
79
-49
-123
-177
-176
-216
-202
-253
-270
-256
-275
-257
-285
-222
-199
-163
-94
-64
-49
-40
-42
-63
-93
-66
-30
-70
-46
-79
-156
-222
-284
-338
-338
-326
-321
-272
-243
-304
-276
-230
-201
-158
-123
-22
7
21
29
27
45
58
108
62
-10
-67
-137
-143
-117
-93
-57
-99
-178
-228
-232
-194
-181
-114
-25
26
77
69
83
122
141
145
125
170
185
228
191
157
97
-1
-112
-178
-177
-180
-151
-197
-296
-429
-500
-495
-406
-325
-235
-173
-186
-162
-190
-153
-66
-8
38
61
34
-23
-41
-81
-50
-15
-51
-78
-113
-94
-132
-174
-147
-163
-180
-153
-111
-130
-157
-55
-70
3
78
37
24
3
21
27
68
114
51
27
-77
-130
-153
-160
-163
-156
-122
-109
-158
-202
-177
-163
-80
-21
14
46
42
-37
-36
1
75
152
191
187
138
10
-62
-130
-141
-96
-92
-104
-136
-145
-226
-219
-150
-134
-92
-109
-74
-39
-16
34
54
20
48
67
103
131
110
157
126
13
5
-41
-61
-38
-70
-58
-156
-286
-256
-299
-217
-123
-64
-14
2
36
25
96
152
204
277
277
268
222
229
204
187
204
222
179
172
135
30
-9
-67
-72
-76
-78
-78
-72
-39
-56
-89
-47
-40
-34
-5
-13
23
-6
-5
13
-11
-73
-85
-96
-95
-71
-79
-137
-153
-171
-184
-193
-208
-169
-179
-98
-61
-79
-138
-159
-160
-98
-61
-9
58
59
9
-74
-129
-131
-117
-92
-18
-81
-130
-194
-226
-248
-269
-193
-217
-204
-204
-192
-198
-150
-141
-179
-142
-135
-57
-40
-10
-24
-38
-48
-101
-84
-73
-45
-44
-61
-144
-183
-206
-180
-160
-146
-85
-85
-66
-84
-44
20
80
94
118
117
132
172
112
78
102
74
109
127
66
76
-17
-35
-50
-76
-80
-53
-41
-30
-43
-65
-47
-21
-45
14
81
121
107
86
74
54
58
20
39
-5
14
-9
3
-27
-102
-149
-191
-225
-234
-202
-204
-144
-147
-167
-160
-175
-138
-109
-41
17
69
73
53
36
-17
9
8
23
24
18
-29
-70
-82
-162
-200
-207
-194
-212
-188
-183
-172
-229
-239
-210
-246
-223
-181
-152
-148
-134
-120
-159
-200
-178
-185
-165
-165
-155
-162
-206
-200
-222
-200
-152
-138
-102
-83
-37
-5
24
25
28
66
126
133
157
179
161
74
59
69
23
60
43
48
-11
-39
-56
-66
-28
-27
-18
-51
-90
-97
-84
-124
-115
-71
-32
-31
-12
0
-15
-48
-92
-45
-36
-49
-49
-58
-67
-99
-118
-166
-180
-156
-214
-233
-236
-206
-173
-153
-182
-174
-163
-129
-101
-89
-40
-9
33
44
-9
-30
3
-54
-78
-83
-100
-136
-171
-222
-221
-195
-153
-141
-103
-113
-93
-77
-102
-57
-40
-2
32
39
-3
16
-33
-79
-119
-143
-137
-105
-85
-88
-133
-202
-236
-275
-227
-172
-134
-42
-48
-60
-72
-65
-63
-31
58
103
156
127
98
49
21
8
55
79
52
8
-26
-90
-144
-132
-149
-63
-85
-92
-81
-91
-100
-128
-108
-66
-29
-1
25
16
-61
-119
-108
-126
-81
-62
-19
-21
-39
-39
-142
-145
-190
-206
-154
-243
-196
-166
-179
-177
-184
-169
-195
-136
-66
-63
-31
-38
-28
-27
-27
1
-41
-107
-117
-177
-196
-213
-200
-183
-170
-147
-193
-162
-152
-184
-150
-104
-40
17
66
53
26
-2
-26
-42
-10
9
-2
12
28
-17
-68
-92
-100
-72
-137
-121
-97
-76
-38
-19
17
36
45
34
101
118
172
165
151
161
138
106
46
75
95
58
27
28
-3
-25
-9
-39
-16
-2
-12
-14
-29
1
31
37
64
86
126
177
154
166
100
54
75
77
31
39
31
3
52
44
31
8
-15
-11
-53
-49
-33
-44
-40
-20
-23
-72
-67
-33
-48
-16
33
-11
1
-13
-67
-63
-119
-149
-206
-208
-207
-236
-265
-270
-242
-252
-263
-262
-225
-211
-172
-153
-115
-56
-38
25
6
5
22
32
-2
-62
-55
-79
-86
-127
-128
-140
-168
-178
-173
-170
-173
-138
-94
-51
-68
-70
-77
-69
-11
45
87
98
133
80
35
15
-25
-18
-7
-28
-2
-13
-81
-126
-143
-69
-52
20
52
32
52
24
-3
-17
-12
84
147
202
206
213
180
108
88
122
112
87
91
39
-19
-90
-67
-121
-148
-114
-95
-53
-79
-83
-68
-49
-23
-17
12
38
51
22
14
-12
-9
8
-89
-79
-64
-102
-111
-139
-173
-219
-222
-246
-270
-266
-241
-245
-245
-226
-258
-209
-224
-191
-183
-165
-139
-145
-170
-170
-152
-209
-263
-252
-240
-281
-257
-282
-290
-306
-289
-275
-237
-249
-193
-167
-154
-99
-108
-60
-94
-44
1
41
12
-37
-3
-44
-60
-98
-116
-93
-123
-129
-139
-227
-188
-165
-138
-72
-76
-10
12
-20
12
44
90
143
146
133
156
155
135
133
112
137
132
135
118
66
8
22
-20
-20
-212
-545
-792
-1046
-788
-224
240
464
332
-23
-334
-682
-1007
-1311
-1615
-1654
-1510
-1037
-520
-222
-39
100
292
518
573
289
-128
-241
-129
160
429
412
294
220
149
352
596
697
746
623
622
608
688
673
569
467
411
425
477
457
263
191
152
155
252
295
350
391
485
607
620
546
491
495
550
600
625
529
413
274
176
54
-187
-409
-637
-792
-808
-863
-969
-1090
-1220
-1231
-1279
-1285
-1300
-1351
-1320
-1202
-1048
-934
-868
-843
-818
-783
-686
-569
-475
-426
-494
-512
-531
-517
-464
-522
-565
-551
-414
-323
-251
-216
-170
-69
89
301
564
749
1000
1310
1559
1909
2144
2387
2608
2844
3070
3253
3497
3652
3873
4106
4395
4693
5003
5285
5578
5834
5634
4490
2364
-220
-2683
-4173
-4715
-4421
-3793
-3698
-4101
-5024
-5945
-6166
-5753
-4614
-2983
-1261
400
1624
2607
3315
3732
3962
3896
3843
3847
3947
4208
4248
3830
2768
1104
-747
-2554
-3843
-4554
-4822
-4929
-5377
-5747
-6299
-6611
-6499
-6246
-5557
-4778
-3891
-2830
-1887
-953
-155
300
743
878
984
1170
1344
1414
1228
714
-170
-1113
-1822
-2113
-2067
-1889
-1772
-1808
-2075
-2266
-2242
-1809
-1100
-272
524
1184
1895
2469
3046
3808
4531
5207
5889
6426
7055
7703
8366
9015
9494
9840
9348
7027
3446
-1281
-5565
-7795
-8880
-8175
-7103
-6756
-7010
-8565
-9887
-10278
-9510
-7216
-4219
-1015
2084
4431
6137
7345
8092
8350
8271
7726
7209
7049
6702
6470
5665
3796
1253
-2066
-5324
-7592
-9006
-9149
-8766
-8364
-8028
-7992
-7818
-7340
-6479
-5071
-3409
-1688
48
1531
2829
3930
4494
4553
4046
3028
2236
1571
1043
709
-86
-1304
-2774
-4186
-4867
-4993
-4716
-4225
-3815
-3553
-3351
-3139
-2494
-1491
-440
508
1311
1990
2568
3028
3445
3846
4059
4215
4347
4466
4718
4877
5129
5196
5011
4937
4771
4746
5018
5538
6245
6222
4412
1265
-3146
-7205
-9424
-10091
-8670
-6625
-4965
-3984
-4356
-4819
-4900
-4263
-2503
-241
2273
4744
6556
7853
8669
8868
8322
7087
5343
3527
1988
916
599
346
-322
-1594
-3867
-6260
-8480
-9911
-9804
-8846
-7275
-5584
-4190
-2873
-1629
-684
251
1004
1613
2302
2835
3565
4203
4383
4011
2874
1174
-443
-1831
-2607
-2754
-2978
-3226
-3797
-4495
-4850
-4793
-4076
-2937
-1830
-934
-474
-281
-73
281
724
1215
1542
1789
1963
2009
2243
2485
2648
2814
2763
2769
2888
3139
3781
4284
4685
4819
4774
4885
5242
6041
7083
7544
6251
3069
-1515
-6001
-8849
-9904
-8915
-6708
-4933
-4046
-4477
-5405
-5736
-5362
-3743
-1390
1162
3769
5735
7252
8328
8678
8418
7309
5582
3634
1965
883
432
286
-226
-1355
-3501
-6101
-8386
-9900
-10004
-9045
-7538
-5789
-4257
-2885
-1500
-321
891
1830
2283
2671
2801
3059
3588
3911
3829
3009
1567
-35
-1580
-2674
-3233
-3702
-4012
-4495
-4971
-5006
-4776
-4088
-3151
-2258
-1430
-895
-589
-81
436
1063
1673
1925
2054
2019
1872
1999
2145
2441
2766
2800
2799
2746
2816
3083
3419
3769
3913
3919
3984
4097
4529
5237
6212
7004
6894
5172
1925
-2296
-6363
-8836
-9624
-8592
-6724
-5112
-4147
-4252
-4724
-4793
-4321
-2759
-488
2027
4528
6395
7737
8622
8781
8212
6889
4974
2992
1287
100
-360
-519
-984
-2107
-4042
-6333
-8225
-9338
-9186
-7980
-6325
-4486
-2975
-1544
-166
1114
2106
2767
2926
2735
2695
2495
2674
2965
2785
2301
1010
-403
-1712
-2866
-3302
-3701
-4072
-4338
-4563
-4337
-3683
-2708
-1592
-725
-161
23
114
465
971
1583
2079
2308
2181
1925
1587
1435
1480
1507
1511
1514
1446
1644
1983
2359
2767
2919
3100
3034
3066
3291
3757
4597
5463
6517
7282
6930
4802
1140
-3265
-7017
-9117
-9481
-8024
-5744
-3811
-2731
-2795
-3302
-3417
-2953
-1438
611
2846
5106
6824
8055
8662
8617
7627
5873
3563
1342
-467
-1615
-1951
-1982
-2138
-2901
-4403
-6187
-7728
-8630
-8500
-7506
-5730
-3482
-1214
867
2572
3414
3811
3505
2740
2328
1862
2027
2436
2586
2408
1365
-111
-1675
-3291
-4228
-4889
-5338
-5425
-5453
-4875
-4056
-3112
-2102
-1394
-918
-578
-287
226
1054
1779
2216
2397
2211
1759
1315
1070
1154
1226
1442
1607
1627
1754
1670
1747
1879
2112
2412
2536
2797
3068
3550
4349
5291
6643
7798
7901
6201
2647
-1928
-6220
-8935
-9700
-8364
-6072
-3997
-2769
-2756
-3200
-3431
-3139
-1795
233
2512
4813
6533
7869
8666
8803
8162
6494
4245
1936
-250
-1803
-2475
-2644
-2650
-3028
-4055
-5632
-7255
-8406
-8709
-8064
-6612
-4382
-1915
523
2451
3543
3996
3590
2776
1741
987
690
794
1060
1107
629
-385
-1644
-3046
-4227
-5158
-5748
-6122
-5946
-5231
-3852
-2297
-1043
-146
262
384
412
619
1065
1582
1909
1957
1648
1213
654
227
46
63
179
344
526
887
1270
1698
2132
2525
3018
3402
3803
4279
4919
5837
6938
8118
9232
9106
6950
3128
-1926
-6457
-9440
-10603
-9473
-7300
-5113
-3572
-3231
-3182
-3216
-2791
-1402
465
2741
4996
6829
8335
9259
9498
8888
7280
4879
2063
-682
-2904
-3994
-4253
-4019
-3839
-4401
-5555
-7205
-8713
-9214
-8778
-7091
-4421
-1504
1330
3637
4970
5504
5123
4248
3217
1984
1267
865
584
672
377
-133
-933
-2265
-3583
-5172
-6551
-7455
-7584
-6513
-4762
-2734
-842
355
915
1029
862
877
1031
1323
1711
1914
1903
1683
1172
631
35
-528
-823
-806
-396
383
1253
2090
2794
3137
3265
3264
3386
3668
4169
4959
6015
7498
8914
9750
8749
5755
1151
-4340
-8539
-11182
-11292
-9161
-6615
-3973
-2557
-2236
-2206
-2479
-1924
-586
1104
3278
5260
6972
8481
9360
9526
8723
6741
3776
501
-2629
-4688
-5326
-5006
-4108
-3777
-4304
-5434
-7121
-8277
-8598
-7866
-5747
-3098
-166
2496
4424
5685
6098
5701
4705
3424
2059
1017
359
64
-112
-286
-667
-1605
-2738
-4155
-5549
-6666
-7122
-6744
-5629
-3973
-2250
-787
223
720
801
694
664
778
872
1066
1299
1336
1201
892
370
-85
-430
-602
-415
82
726
1438
2064
2481
2898
3007
3105
3164
3373
3977
4828
6019
7352
8700
9443
8393
5467
1057
-4298
-8421
-11083
-11523
-9797
-7564
-4966
-3451
-2853
-2426
-2323
-1728
-607
803
2668
4553
6406
8156
9614
10173
9466
7448
4329
984
-2299
-4514
-5307
-5166
-4345
-3903
-4187
-5003
-6489
-7583
-7912
-7432
-5758
-3356
-494
2468
4815
6363
7055
6670
5643
4047
2254
1034
95
-345
-322
-605
-704
-1362
-2701
-3930
-5781
-7119
-7835
-7739
-6215
-4459
-2346
-396
691
1438
1464
1383
1526
1517
1793
2071
2184
2189
1943
1630
1273
748
130
-428
-766
-737
-560
-213
394
950
1430
1724
1848
2152
2670
3514
4790
6310
8077
9625
10306
9341
6634
2323
-3017
-7233
-10197
-10949
-9743
-7822
-5382
-3852
-2999
-2451
-2357
-1780
-962
139
1998
3823
5888
7899
9474
10232
9748
7947
4949
1457
-1936
-4296
-5303
-5182
-4360
-3864
-4037
-4788
-6164
-7149
-7717
-7351
-5743
-3558
-711
2138
4571
6375
7122
7080
6077
4451
2706
1122
257
-249
-358
-351
-816
-1600
-3033
-4576
-6006
-7294
-7625
-7178
-5832
-3905
-2011
-288
994
1797
2113
2131
2026
1775
1516
1280
1158
1064
1005
837
404
-99
-798
-1376
-1640
-1594
-1114
-540
151
866
1488
2033
2562
3293
4102
5182
6334
7397
8668
9723
10254
9290
6432
2195
-3226
-7867
-11094
-12245
-11140
-9143
-6663
-4857
-3827
-3092
-2613
-1901
-732
724
2561
4469
6390
8380
10107
11024
10707
9081
6139
2693
-871
-3625
-4982
-5423
-5069
-4815
-4986
-5508
-6504
-7268
-7637
-7332
-6058
-4084
-1454
1510
4294
6528
7578
7625
6712
4880
3090
1260
184
-370
-821
-843
-1276
-1923
-2936
-4354
-5649
-6791
-7395
-7247
-6309
-4788
-3047
-1237
439
1713
2242
2333
2087
1595
1187
706
659
849
1039
1176
936
488
-151
-904
-1283
-1326
-1020
-494
78
887
1756
2512
3226
3901
4650
5344
6159
7076
8225
9543
10227
9295
6526
2075
-3478
-8009
-11204
-11987
-10711
-8534
-5943
-4193
-3032
-2177
-1692
-944
92
1326
3030
4680
6548
8535
10192
11041
10621
8735
5757
2198
-1439
-3985
-5370
-5650
-5324
-5140
-5147
-5510
-6329
-6963
-7259
-6948
-5759
-3988
-1486
1372
4174
6508
7850
7877
6930
4878
2655
818
-645
-1268
-1654
-1813
-1986
-2445
-3152
-4088
-5346
-6565
-7489
-7714
-6952
-5503
-3441
-1196
842
2307
2851
2638
2040
1155
446
109
312
876
1351
1575
1419
839
99
-638
-1225
-1362
-1194
-673
220
1237
2394
3279
3864
4471
4995
5567
6362
7430
8861
10133
10197
8362
4800
-286
-5251
-9166
-11380
-11008
-9485
-7137
-4977
-3648
-2569
-1984
-1367
-343
565
1912
3442
4938
6800
8510
9800
10256
9479
7304
4261
755
-2439
-4519
-5638
-5649
-5385
-5280
-5247
-5769
-6253
-6534
-6586
-5893
-4717
-2933
-461
2201
4791
6646
7615
7413
6171
4273
1966
188
-1176
-1977
-2276
-2500
-2619
-3146
-3972
-4962
-6226
-7210
-7788
-7532
-6388
-4772
-2472
-16
2190
3589
4049
3758
2869
1775
857
447
520
895
1247
1253
937
359
-495
-1134
-1548
-1513
-1147
-572
450
1657
2919
4074
4958
5648
6099
6660
7320
8485
9780
10417
9483
6690
2330
-2865
-7292
-10507
-11432
-10602
-8841
-6778
-5256
-4059
-3065
-2231
-1108
48
1130
2477
3796
5519
7419
9172
10420
10550
9147
6532
3061
-499
-3165
-4825
-5333
-5188
-5066
-5138
-5536
-6181
-6583
-6885
-6655
-5790
-4447
-2436
-45
2560
5124
6977
7792
7504
5970
3810
1566
-313
-1371
-2016
-2143
-2065
-2239
-2580
-3459
-4622
-5813
-6920
-7324
-6708
-5281
-3072
-682
1585
3317
4001
3766
2924
1783
805
155
27
353
813
1078
955
457
-268
-1127
-1746
-1965
-1890
-1249
-313
1001
2399
3678
4699
5332
5764
6148
6657
7578
8839
9974
9670
7558
3906
-1202
-5828
-9609
-11573
-11314
-10166
-7995
-6213
-4761
-3334
-2431
-1244
-31
1034
2261
3479
5020
6887
8882
10490
11074
10268
7949
4755
1139
-1827
-3812
-4876
-4970
-5005
-5162
-5480
-6078
-6316
-6521
-6331
-5715
-4738
-3099
-970
1612
4241
6498
7910
8136
6997
4736
2251
-258
-1961
-2452
-2649
-2020
-1773
-1972
-2587
-3986
-5249
-6568
-7293
-6789
-5530
-3474
-996
1331
3271
4056
3886
2934
1491
-3
-1027
-1365
-1020
-250
417
709
345
-493
-1442
-2262
-2431
-2117
-1446
-360
786
2264
3486
4487
5265
5622
6046
6617
7460
8774
10087
10620
9254
6164
1198
-4061
-8343
-11403
-11802
-11006
-9162
-7087
-5721
-4301
-3140
-2013
-523
685
1945
3231
4566
6352
8259
10080
11180
11189
9448
6644
3151
-191
-2623
-4310
-4899
-5049
-5380
-5593
-6112
-6556
-6742
-6828
-6393
-5731
-4497
-2608
-281
2425
5095
7089
8001
7600
5960
3804
1495
-107
-937
-1011
-683
-397
-546
-1306
-2537
-4136
-5706
-7000
-7422
-6903
-5564
-3599
-1361
588
1954
2492
2258
1480
421
-404
-882
-740
-247
260
734
805
324
-426
-1111
-1542
-1686
-1516
-859
143
1488
2889
4136
4869
5165
5296
5409
5858
6598
7858
9270
9951
8784
5906
1315
-3870
-8097
-11199
-11885
-11173
-9436
-7243
-5571
-3976
-2495
-1299
-26
968
1776
2825
3801
5356
7359
9293
10619
10913
9540
6970
3617
18
-2656
-4468
-5274
-5443
-5537
-5424
-5584
-5895
-5877
-5981
-5923
-5528
-4797
-3150
-859
1729
4567
6829
8067
7965
6356
3929
1584
-553
-1521
-1477
-1099
-412
-545
-1175
-2489
-4388
-6071
-7452
-7904
-7283
-5893
-3679
-1244
942
2603
3286
2978
2000
564
-694
-1282
-1297
-589
303
1008
1282
805
-93
-973
-1806
-1937
-1668
-949
284
1567
2979
4084
4775
4983
5114
5083
5436
6040
7138
8697
9744
9272
6936
2830
-2491
-6989
-10590
-11806
-11129
-9425
-6992
-5166
-3511
-2003
-932
192
1049
1770
2608
3420
4909
6909
9043
10578
11071
9962
7489
4060
327
-2573
-4538
-5544
-5687
-5708
-5566
-5475
-5712
-5716
-5948
-6001
-5855
-5312
-3929
-1750
923
3763
6155
7448
7369
5768
3669
1338
-446
-1100
-1201
-612
-120
-100
-420
-1370
-2707
-4354
-5855
-6804
-6914
-6250
-4703
-2490
-173
1689
2585
2435
1561
297
-658
-1087
-846
-17
812
1551
1879
1614
1043
213
-468
-798
-978
-617
183
1462
2858
4087
4895
5167
5120
4892
4835
5225
6090
7289
8546
9291
8235
5548
1191
-3953
-8042
-11129
-11834
-10872
-8911
-6278
-4407
-2708
-1426
-778
-112
449
1093
2040
3261
5044
7165
9007
10160
10333
9005
6617
3356
-138
-2731
-4578
-5494
-5511
-5347
-4922
-4974
-5424
-5808
-6409
-6807
-6747
-5967
-4345
-2052
546
3291
5558
6728
6658
5431
3704
1713
10
-924
-1105
-777
-371
-268
-563
-1395
-2845
-4444
-5802
-6570
-6630
-5866
-4294
-2198
-189
1215
1828
1575
816
-233
-1141
-1460
-1181
-431
338
1148
1595
1603
1280
758
280
-56
-172
199
994
2095
3170
4015
4546
4685
4413
4138
4024
4435
5276
6348
7557
8259
7104
4327
110
-4627
-8139
-10723
-10857
-9582
-7492
-5026
-3250
-1690
-656
-248
190
704
1291
2084
3166
4841
6966
8845
9899
10002
8485
5775
2274
-1280
-3723
-5217
-5554
-5092
-4613
-4226
-4540
-5339
-5987
-6647
-6879
-6590
-5515
-3644
-1217
1452
4096
6153
6976
6593
4937
2895
907
-288
-314
130
929
1171
762
-144
-1621
-3206
-4741
-5987
-6669
-6748
-6072
-4571
-2726
-911
329
894
695
76
-521
-640
-284
465
1362
1909
2253
2085
1797
1411
966
613
236
35
136
775
1754
2840
3791
4328
4265
3949
3555
3598
4146
5116
6389
7539
7647
5916
2944
-1459
-5372
-8382
-9958
-9239
-7775
-5450
-3383
-1954
-707
-204
-36
262
644
1368
2309
3750
5684
7763
9157
9700
9017
6857
4016
541
-2263
-3910
-4698
-4506
-4055
-3778
-3896
-4694
-5529
-6294
-6750
-6572
-5861
-4314
-2137
327
2776
4984
6315
6508
5665
3782
1879
176
-629
-373
50
784
821
220
-867
-2410
-3873
-5236
-6175
-6397
-6051
-5003
-3478
-1859
-403
470
729
347
-145
-591
-599
-271
342
1116
1594
1858
1699
1349
847
226
-169
-328
-288
145
861
1836
2820
3435
3668
3466
3196
3063
3249
3976
5129
6453
7623
7870
6231
3299
-1134
-5177
-8046
-9544
-8761
-7253
-4942
-3086
-2148
-1657
-1631
-1709
-1448
-904
43
1491
3248
5263
7245
8582
9015
8378
6360
3816
820
-1573
-2804
-3299
-2996
-2570
-2585
-3075
-4272
-5584
-6646
-7296
-7058
-6160
-4517
-2401
-43
2125
4068
5250
5388
4679
3255
1674
594
4
302
866
1271
1302
437
-678
-2295
-3914
-5138
-5995
-6087
-5583
-4570
-3060
-1638
-384
262
253
-253
-880
-1269
-1302
-841
-60
782
1334
1577
1377
1037
602
298
288
509
843
1377
2123
2932
3638
3949
4076
3891
3484
3216
3403
4066
5081
6347
7448
7336
5431
1997
-2543
-6286
-8834
-9467
-8179
-6238
-4001
-2651
-2050
-1854
-1909
-1772
-1277
-348
920
2503
4326
6300
8017
9042
8997
7802
5495
2712
11
-1829
-2612
-2633
-2165
-1999
-2403
-3484
-5057
-6493
-7463
-7691
-6969
-5585
-3553
-1387
869
2819
4310
5076
4993
4293
3082
1828
837
528
740
1097
1314
1043
109
-1290
-2911
-4366
-5468
-5908
-5608
-4857
-3684
-2333
-1103
-344
-48
-300
-767
-1084
-1155
-836
-259
548
1293
1653
1650
1356
943
630
426
576
882
1340
1909
2467
3024
3347
3462
3242
2923
2467
2185
2448
3283
4495
5820
6953
7527
6632
4318
616
-3445
-6332
-8029
-7609
-6234
-4284
-2519
-1842
-1837
-2367
-2832
-2741
-1989
-722
1117
3004
4795
6188
7008
7223
6755
5447
3736
1810
104
-777
-1194
-1119
-922
-1261
-2172
-3757
-5611
-6802
-7386
-7065
-5852
-4426
-2689
-1104
217
1486
2411
3001
3194
2849
2379
1925
1592
1592
1525
1273
685
-226
-1298
-2378
-3227
-3896
-4260
-4407
-4192
-3731
-3098
-2325
-1633
-1087
-879
-989
-1200
-1303
-1220
-941
-425
139
533
666
651
643
677
827
1131
1549
1843
2166
2419
2771
3036
3167
3113
2730
2265
1771
1782
2199
3088
4108
4913
5672
6060
5613
4129
1606
-1644
-4259
-6154
-6410
-5545
-4075
-2490
-1873
-1749
-2154
-2639
-2680
-2010
-724
818
2279
3456
4369
4938
5263
5348
4910
4122
2854
1391
348
-383
-544
-418
-606
-1232
-2453
-4001
-5261
-5840
-5701
-4981
-4013
-3029
-2127
-1370
-493
423
1155
1573
1338
793
207
-37
270
884
1434
1550
1101
194
-876
-1897
-2589
-2942
-3010
-2811
-2641
-2398
-2173
-1974
-1861
-1892
-1959
-2209
-2466
-2486
-2125
-1446
-665
-2
473
666
691
616
741
1215
1737
2308
2729
3047
3210
3164
2974
2686
2311
1919
1554
1448
1689
2124
2838
3722
4589
5316
5864
5699
4669
2582
-266
-2909
-4771
-5081
-4272
-2650
-1223
-697
-1029
-1915
-2589
-2881
-2544
-1905
-882
37
995
1966
2709
3420
3804
3820
3431
2523
1342
415
-116
24
593
1137
1241
606
-603
-1974
-3116
-3583
-3461
-3154
-2826
-2581
-2273
-1832
-1484
-1248
-1197
-1462
-1794
-1859
-1568
-719
323
1194
1573
1343
635
-323
-1057
-1515
-1705
-1631
-1380
-1098
-946
-1007
-1163
-1491
-1933
-2357
-2668
-2731
-2479
-2115
-1684
-1127
-606
-241
-48
67
107
264
633
1160
1770
2222
2423
2496
2358
2187
1962
1800
1592
1444
1414
1515
1812
2281
2927
3546
4169
4611
4870
4912
4539
3678
2223
409
-1179
-2029
-2143
-1523
-594
57
15
-793
-2047
-3235
-3689
-3336
-2327
-1150
-256
259
400
370
366
555
818
1129
1125
836
434
208
267
665
1284
1669
1785
1261
436
-534
-1294
-1641
-1607
-1251
-877
-793
-1022
-1474
-1968
-2327
-2281
-1998
-1583
-1231
-1056
-978
-934
-702
-543
-311
-63
-70
-134
-331
-507
-606
-678
-881
-1083
-1223
-1358
-1500
-1639
-1712
-1743
-1628
-1448
-1173
-787
-396
-186
-61
-51
-85
-153
-156
-84
72
280
402
438
413
374
433
559
826
1171
1496
1657
1649
1632
1399
1168
858
583
410
397
751
1273
1687
1937
2055
2002
2061
2205
2363
2562
2579
2406
2023
1628
1389
1299
1413
1443
1269
786
169
-399
-758
-909
-894
-709
-650
-691
-915
-1121
-1209
-1208
-1110
-1000
-885
-774
-706
-702
-656
-652
-846
-1000
-1180
-1297
-1203
-998
-679
-363
-186
-167
-158
-273
-366
-405
-513
-455
-401
-254
-20
188
276
88
-349
-850
-1287
-1519
-1537
-1496
-1398
-1398
-1439
-1478
-1348
-1092
-775
-647
-638
-746
-955
-981
-793
-536
-329
-169
-10
32
101
197
312
615
775
896
1046
1242
1323
1380
1288
1181
1046
886
875
944
1157
1328
1357
1163
936
633
421
363
439
699
1018
1312
1572
1679
1691
1749
1830
2025
2224
2335
2341
2208
1933
1526
1303
1199
1183
1170
1051
713
131
-515
-1148
-1553
-1671
-1664
-1656
-1646
-1869
-2133
-2308
-2311
-2091
-1630
-1030
-452
107
487
741
780
739
600
409
341
354
453
559
611
523
282
-103
-489
-817
-1068
-1330
-1532
-1772
-1997
-2055
-1999
-1786
-1517
-1286
-1176
-1113
-1031
-972
-764
-548
-374
-316
-297
-366
-413
-319
-202
-123
-38
87
98
118
201
190
159
102
14
69
116
142
275
484
623
620
466
309
169
33
-67
-92
26
45
132
259
373
434
512
526
542
600
643
900
1279
1763
2305
2851
3286
3484
3443
3320
3237
3133
3003
2729
2297
1644
764
-123
-794
-1244
-1441
-1525
-1710
-1878
-2183
-2414
-2470
-2339
-1912
-1398
-984
-747
-646
-602
-461
-111
333
745
1057
1176
1143
892
538
238
-40
-262
-396
-468
-544
-692
-1025
-1342
-1647
-1730
-1619
-1295
-793
-379
-77
-43
-151
-303
-390
-390
-256
-165
-142
-156
-122
-43
77
95
-7
-168
-452
-684
-729
-605
-386
-183
-94
-78
-159
-211
-275
-325
-389
-502
-601
-635
-584
-506
-411
-374
-314
-260
-100
61
270
513
498
548
625
683
970
1263
1613
1875
1976
2000
1794
1406
978
629
512
606
784
964
1012
876
726
473
409
655
1122
1888
2721
3305
3385
2911
1932
920
11
-428
-378
11
355
358
-63
-809
-1568
-2264
-2622
-2768
-2819
-2844
-2768
-2555
-2144
-1514
-902
-417
-190
-240
-468
-547
-352
155
912
1658
2115
2216
1996
1502
988
451
178
154
264
453
525
545
324
-137
-557
-883
-1058
-1071
-971
-890
-716
-625
-504
-378
-350
-509
-872
-1250
-1614
-1934
-2047
-1832
-1561
-1157
-863
-692
-670
-694
-763
-826
-687
-289
276
926
1421
1727
1791
1651
1534
1286
1021
690
404
140
-48
-23
56
192
147
-122
-548
-1050
-1352
-1500
-1228
-668
-34
634
995
1178
1215
1228
1297
1377
1631
1850
2245
2637
2946
3247
3464
3508
3286
2703
1701
364
-1066
-2246
-2773
-2660
-2155
-1593
-1420
-1703
-2523
-3392
-3894
-3973
-3517
-2677
-1774
-1019
-363
21
323
514
679
848
1081
1312
1470
1698
1906
2117
2302
2428
2309
2001
1386
571
-170
-658
-839
-711
-550
-540
-846
-1545
-2360
-3060
-3491
-3483
-3100
-2506
-1798
-1163
-690
-282
-120
-42
59
197
453
656
924
1074
1207
1207
1109
933
515
-37
-743
-1432
-1884
-2082
-2042
-1746
-1441
-1338
-1374
-1497
-1567
-1515
-1385
-1041
-511
106
698
1173
1480
1688
1698
1701
1663
1503
1303
1023
828
729
644
687
726
656
417
79
-210
-332
-220
152
689
1224
1778
2144
2363
2443
2312
1896
988
-134
-1338
-2190
-2335
-1764
-792
42
362
-9
-817
-1644
-2091
-1968
-1347
-434
419
1005
1328
1352
1296
1179
999
893
902
909
941
908
824
726
599
484
207
-211
-780
-1321
-1664
-1665
-1328
-792
-258
79
187
88
-135
-392
-491
-317
34
483
896
1135
1143
804
283
-191
-535
-752
-875
-996
-1215
-1573
-1797
-1884
-1836
-1762
-1774
-1875
-2006
-1938
-1702
-1216
-632
-181
133
209
176
54
-72
-122
-38
110
275
401
398
326
152
61
53
153
230
164
-21
-221
-382
-465
-441
-350
-165
-112
-134
-182
-150
-51
160
551
971
1453
1894
2305
2738
3187
3655
4090
4413
4447
3976
3075
1776
386
-722
-1267
-1232
-956
-631
-540
-923
-1596
-2383
-2979
-3193
-3069
-2594
-1924
-1206
-567
-138
186
413
658
994
1325
1639
1790
1845
1782
1910
2191
2341
2380
1949
1215
227
-676
-1303
-1645
-1718
-1795
-1806
-1927
-2061
-2188
-2367
-2496
-2485
-2395
-2196
-1784
-1248
-761
-367
-109
-7
-26
-68
-164
-261
-425
-503
-515
-526
-520
-623
-788
-1011
-1201
-1369
-1361
-1207
-1035
-904
-846
-784
-864
-912
-994
-1045
-948
-862
-687
-611
-632
-671
-662
-529
-266
151
499
814
923
906
948
1022
1242
1388
1600
1610
1597
1532
1476
1554
1584
1669
1772
1868
1988
2240
2494
2702
2880
2928
2846
2653
2111
1196
79
-950
-1611
-1814
-1407
-721
-160
166
-23
-529
-1072
-1331
-1190
-670
-27
682
1156
1252
1148
831
555
348
233
197
151
10
-41
-87
1
133
292
292
42
-354
-806
-1138
-1210
-1003
-791
-540
-410
-558
-752
-999
-1259
-1434
-1626
-1709
-1700
-1515
-1221
-890
-587
-463
-508
-773
-1108
-1469
-1734
-1763
-1632
-1285
-986
-809
-781
-900
-1164
-1333
-1338
-1156
-919
-581
-298
7
265
443
655
685
647
531
394
236
204
306
482
678
782
725
552
373
206
113
84
163
268
337
492
534
496
502
512
571
737
1064
1330
1629
1967
2318
2726
3011
3284
3520
3667
3883
4076
4092
3844
3004
1845
479
-822
-1719
-2056
-1980
-1699
-1450
-1496
-1879
-2503
-2937
-3111
-2768
-2128
-1275
-483
123
601
840
1005
1047
1134
1170
1209
1153
1090
1033
840
761
642
501
239
-192
-661
-1083
-1465
-1727
-1840
-1878
-1784
-1736
-1739
-1803
-1880
-1961
-1994
-1881
-1652
-1410
-1103
-783
-511
-271
19
325
533
786
875
859
747
521
230
-7
-161
-317
-533
-691
-788
-915
-1067
-1139
-1083
-1080
-1088
-1039
-977
-951
-971
-893
-803
-719
-552
-389
-218
-30
157
373
590
871
1198
1527
1739
1853
1837
1705
1579
1415
1369
1377
1320
1163
807
452
120
-42
-9
149
425
621
818
1035
1189
1479
1778
2142
2390
2471
2330
1769
984
130
-553
-853
-859
-606
-470
-597
-921
-1379
-1829
-2146
-2139
-1922
-1566
-1049
-608
-345
-232
-211
-173
-119
32
167
290
249
180
145
219
400
584
674
512
166
-223
-536
-602
-570
-425
-246
-132
-59
-84
-104
-240
-375
-543
-674
-793
-829
-751
-564
-274
11
306
405
321
84
-359
-715
-957
-1091
-1068
-999
-987
-1008
-1086
-1130
-1042
-947
-814
-622
-500
-324
-130
11
252
399
522
652
608
531
317
54
-195
-294
-255
-21
288
509
607
557
404
237
219
208
279
412
552
753
974
1243
1395
1471
1405
1320
1251
1190
1272
1357
1529
1666
1709
1799
1938
2082
2139
1969
1415
551
-456
-1382
-1972
-2031
-1726
-1162
-742
-627
-818
-1180
-1504
-1724
-1667
-1323
-838
-226
453
943
1331
1414
1365
1235
1055
916
853
801
827
879
914
989
937
829
428
-12
-467
-839
-1073
-1066
-1012
-865
-665
-557
-512
-724
-900
-1099
-1154
-998
-723
-377
-80
126
276
401
435
470
385
242
80
-137
-260
-340
-484
-685
-986
-1316
-1655
-1903
-2027
-2052
-1987
-1838
-1578
-1336
-1062
-874
-759
-630
-514
-326
-98
234
508
707
929
1087
1078
997
981
856
659
427
225
57
-93
-156
-239
-321
-356
-385
-368
-384
-374
-359
-282
-55
230
581
949
1211
1448
1560
1665
1812
2032
2343
2623
2776
2778
2471
1830
1015
244
-243
-494
-378
-133
42
36
-221
-583
-957
-1148
-1169
-980
-686
-419
-208
-54
10
35
18
-39
-43
-106
-95
-52
51
221
417
589
758
765
681
529
306
126
48
24
20
84
107
61
-157
-417
-771
-1082
-1340
-1481
-1437
-1294
-1137
-1055
-999
-972
-1037
-1087
-1094
-1082
-1051
-987
-888
-768
-713
-666
-600
-607
-615
-656
-692
-837
-963
-1074
-1111
-1020
-890
-718
-566
-433
-457
-539
-635
-768
-742
-688
-479
-260
-5
260
418
561
593
586
464
312
171
178
263
514
782
1068
1199
1194
1112
988
899
867
925
1068
1189
1317
1541
1679
1862
1898
1871
1838
1826
1874
1975
1952
1771
1319
636
6
-400
-481
-336
-80
116
170
64
-116
-334
-468
-473
-441
-414
-342
-297
-283
-292
-335
-298
-291
-312
-356
-463
-635
-700
-567
-225
189
619
848
783
500
55
-218
-390
-377
-216
17
182
182
81
-125
-448
-750
-993
-1170
-1223
-1213
-1105
-1038
-884
-821
-786
-794
-867
-1014
-1178
-1301
-1321
-1275
-1149
-986
-810
-629
-570
-544
-576
-615
-622
-538
-455
-231
-21
172
350
403
476
468
465
526
560
660
739
767
763
728
709
659
595
387
202
-5
-188
-310
-346
-265
-109
-14
22
64
117
253
445
759
1158
1488
1837
2069
2241
2398
2530
2612
2709
2798
2817
2744
2604
2426
2039
1504
864
155
-471
-895
-1236
-1322
-1296
-1238
-1186
-1140
-1110
-1177
-1260
-1303
-1307
-1256
-1067
-733
-326
53
347
575
650
613
512
390
325
249
289
421
467
550
548
401
158
-64
-407
-716
-959
-1124
-1122
-1082
-1023
-988
-984
-1064
-1165
-1253
-1281
-1252
-1143
-1109
-1063
-977
-795
-616
-341
-175
-186
-304
-434
-576
-645
-539
-408
-251
-140
-77
-75
-185
-378
-492
-652
-732
-725
-656
-452
-223
-47
66
138
138
196
309
467
623
769
936
993
1010
912
787
537
289
185
132
180
215
240
259
210
183
194
221
312
424
589
756
970
1233
1381
1494
1581
1630
1638
1647
1712
1779
1852
2012
2078
1990
1741
1275
699
47
-458
-802
-890
-856
-791
-768
-863
-1070
-1342
-1553
-1724
-1735
-1584
-1387
-1075
-757
-525
-334
-224
-114
-20
62
168
306
411
481
648
766
906
1035
1099
1016
841
655
380
123
-40
-130
-193
-289
-457
-653
-945
-1209
-1373
-1488
-1547
-1560
-1511
-1440
-1316
-1108
-831
-627
-479
-423
-368
-251
-125
115
384
619
798
857
808
581
331
41
-116
-220
-234
-107
-33
-35
-161
-319
-502
-678
-708
-653
-524
-338
-204
5
220
365
417
394
347
175
78
28
109
262
455
684
728
667
600
581
565
594
646
707
688
627
595
521
522
642
658
693
673
669
734
877
1010
1133
1250
1219
1146
878
574
269
1
-155
-226
-239
-88
16
47
122
134
90
-11
-57
-119
-83
19
193
363
436
367
225
120
-16
-88
-146
-142
-116
-51
62
217
269
307
279
157
-8
-107
-90
-51
76
113
53
-97
-364
-594
-833
-975
-1031
-974
-867
-754
-687
-757
-888
-1042
-1100
-1113
-1012
-921
-857
-713
-562
-390
-294
-218
-248
-343
-433
-550
-544
-521
-371
-248
-217
-181
-199
-238
-266
-351
-410
-374
-317
-196
-85
-9
11
6
-76
-158
-202
-262
-303
-331
-282
-96
147
387
600
732
732
669
617
633
678
814
968
1073
1226
1322
1378
1425
1388
1235
1144
1024
962
1061
1092
1235
1263
1290
1277
1237
1159
972
735
495
287
76
-70
-99
-68
-40
72
87
42
-10
2
33
161
189
237
198
63
-83
-222
-297
-282
-178
-76
-13
2
-35
-152
-279
-305
-324
-374
-348
-313
-278
-246
-235
-290
-351
-490
-624
-738
-792
-829
-834
-770
-757
-748
-821
-916
-1035
-1140
-1171
-1182
-1137
-1042
-908
-788
-690
-619
-540
-554
-597
-668
-727
-704
-645
-506
-282
-108
101
240
280
291
215
198
229
305
311
306
332
369
381
426
441
436
335
251
216
146
260
414
690
830
933
949
845
723
612
562
507
514
542
614
641
603
617
536
579
624
706
834
971
1154
1244
1410
1481
1587
1539
1434
1393
1289
1238
1121
1118
1065
948
813
640
374
184
65
-137
-278
-432
-562
-688
-721
-762
-785
-746
-723
-659
-603
-593
-504
-463
-383
-249
-144
-74
-71
-83
-60
-75
-123
-190
-275
-380
-529
-658
-791
-892
-1049
-1162
-1283
-1397
-1415
-1346
-1262
-1238
-1204
-1161
-1215
-1200
-1128
-1008
-802
-556
-401
-290
-187
-95
-69
-71
-50
-39
-43
-25
106
163
291
406
509
525
441
279
129
23
-109
-253
-260
-177
-140
-27
25
48
-2
-64
-130
-109
17
249
579
881
1111
1192
1205
1034
870
702
551
543
591
675
766
748
625
446
244
98
-32
-52
-74
30
165
338
495
601
599
616
585
568
552
593
645
697
736
813
849
790
681
454
303
114
46
-24
-17
22
-31
-108
-274
-486
-662
-773
-842
-787
-721
-648
-528
-426
-388
-400
-429
-433
-427
-418
-388
-311
-238
-219
-142
-153
-230
-355
-440
-486
-485
-403
-327
-193
-96
-67
-34
-19
-66
-119
-174
-229
-215
-189
-147
-117
-102
-121
-203
-256
-309
-281
-220
-106
-53
69
125
107
162
215
174
118
122
22
20
77
146
239
327
347
295
233
227
168
192
180
175
231
229
303
297
245
186
157
115
88
111
184
276
351
429
449
431
413
322
174
83
-15
-77
-65
-23
69
173
155
84
50
35
5
6
69
148
229
309
352
357
344
318
400
402
445
366
320
260
115
71
37
75
145
154
136
132
130
171
178
206
238
205
134
4
-108
-187
-207
-204
-215
-193
-211
-262
-349
-398
-375
-304
-242
-191
-109
-133
-181
-252
-240
-198
-194
-186
-188
-165
-203
-193
-181
-189
-144
-103
-69
-103
-102
-212
-280
-342
-447
-439
-432
-421
-447
-477
-570
-663
-723
-673
-535
-406
-284
-182
-101
-31
46
117
207
312
409
390
372
304
298
273
301
318
303
270
111
7
-99
-138
-165
-155
-204
-301
-453
-597
-687
-659
-570
-511
-387
-244
-202
-130
-38
6
117
230
363
407
397
552
659
731
810
829
787
723
582
391
293
235
137
178
234
212
179
126
34
-64
-163
-185
-110
-86
-55
-7
18
54
32
34
59
-13
-129
-208
-243
-228
-131
12
126
235
343
353
320
300
240
243
238
264
328
321
337
309
216
109
20
-93
-190
-291
-344
-342
-377
-378
-431
-468
-480
-507
-474
-412
-352
-209
-80
7
125
250
253
213
170
123
106
118
213
280
303
321
293
157
-3
-150
-257
-328
-345
-254
-205
-49
69
105
128
70
-28
-134
-175
-186
-121
0
123
204
238
200
78
-74
-202
-320
-356
-344
-266
-164
-97
-4
41
75
65
46
-11
-45
42
96
141
204
169
136
114
22
-13
-78
-89
-54
6
131
214
255
224
184
80
-1
-83
-150
-190
-155
-101
-44
3
51
34
-53
-87
-183
-236
-240
-189
-166
-31
18
-1
36
-2
-83
-170
-172
-132
-84
-51
13
117
143
109
98
16
-132
-288
-347
-404
-364
-300
-213
-211
-275
-402
-534
-580
-576
-458
-258
-73
17
149
216
239
273
213
247
272
348
443
466
596
569
496
479
345
207
75
-35
-76
-79
-30
14
27
22
-27
-128
-256
-307
-398
-420
-380
-292
-153
-79
10
21
-68
-165
-269
-378
-381
-338
-228
-101
56
171
296
377
321
261
204
114
100
50
40
49
72
150
125
91
-43
-211
-384
-524
-613
-634
-535
-428
-366
-363
-412
-433
-483
-504
-424
-290
-98
15
115
197
191
193
224
157
64
77
-8
-49
-44
-79
-107
-125
-213
-366
-527
-625
-633
-620
-482
-440
-310
-198
-164
-114
-138
-73
-11
15
62
109
175
260
327
376
381
338
326
338
338
317
291
255
253
266
315
326
304
281
98
-22
-27
-8
-6
10
40
-41
-83
-102
-182
-256
-252
-288
-264
-199
-113
-4
113
197
244
191
162
134
110
144
192
222
202
163
122
25
-126
-243
-372
-431
-489
-491
-515
-462
-391
-362
-353
-332
-407
-497
-484
-446
-344
-215
-106
-51
-53
-101
-131
-228
-345
-375
-400
-381
-360
-349
-316
-259
-267
-309
-343
-382
-390
-423
-355
-285
-209
-96
-105
-83
-81
-91
-23
33
97
96
104
95
118
106
120
149
149
125
102
110
101
155
171
262
359
338
298
202
68
1
2
27
118
203
247
271
223
170
136
102
66
60
51
123
158
243
378
350
350
303
227
178
157
159
102
97
15
-44
-100
-201
-310
-369
-406
-446
-447
-470
-437
-393
-284
-245
-293
-308
-318
-284
-266
-222
-161
-16
56
41
22
-107
-234
-371
-423
-424
-405
-411
-405
-404
-444
-507
-559
-620
-687
-757
-777
-689
-583
-488
-431
-373
-371
-436
-436
-399
-326
-214
-96
64
134
190
235
203
107
68
11
-64
-39
-40
65
188
269
336
368
338
226
167
98
59
44
63
46
93
81
86
76
39
25
12
47
56
76
138
212
272
338
330
368
339
332
402
385
409
400
300
274
181
105
64
38
24
-58
-121
-149
-124
-134
-87
-6
-14
-29
-4
-33
-69
-74
-126
-135
-140
-100
-67
-30
-63
-178
-272
-340
-344
-408
-406
-421
-417
-421
-468
-472
-453
-475
-544
-623
-649
-665
-658
-561
-529
-468
-483
-447
-424
-492
-544
-537
-483
-421
-351
-225
-131
-105
-128
-193
-280
-338
-336
-260
-180
-10
109
215
258
201
100
-5
-78
-112
-147
-145
-99
-64
13
36
61
78
94
14
-21
-16
72
220
347
463
562
585
551
531
508
496
545
548
574
611
573
556
459
359
224
196
128
72
39
-21
52
64
89
161
151
118
42
-16
-69
-32
96
223
330
419
464
439
412
364
359
353
381
422
419
382
355
276
187
126
-20
-133
-236
-349
-374
-420
-459
-466
-494
-584
-648
-688
-703
-667
-597
-511
-391
-267
-134
-98
-98
-117
-100
-125
-88
-28
113
199
263
305
250
176
125
37
-60
-115
-173
-198
-263
-293
-327
-468
-529
-578
-579
-536
-500
-421
-387
-263
-204
-113
-14
64
96
45
39
56
138
148
140
178
124
108
118
50
13
-73
-119
-140
-150
-158
-136
-123
-89
-80
-42
-20
-48
-51
-43
20
68
125
160
171
166
110
98
83
49
20
12
-25
-67
-74
-76
-95
-125
-181
-263
-321
-353
-307
-243
-152
-27
45
61
28
-30
-35
0
71
146
235
283
348
325
301
263
236
155
49
16
-44
-120
-117
-58
-47
-57
-135
-229
-345
-411
-437
-434
-395
-352
-323
-317
-345
-401
-427
-406
-339
-246
-177
-98
-66
-7
95
100
118
106
105
149
123
138
146
124
118
33
-22
-141
-243
-304
-381
-447
-497
-533
-538
-612
-630
-569
-570
-554
-497
-480
-360
-225
-130
-48
66
163
196
240
214
213
157
206
203
181
159
107
113
108
90
84
-17
-82
-74
-126
-136
-61
32
56
58
52
50
14
-4
7
-5
33
162
263
346
387
409
422
354
278
278
295
327
403
457
541
559
513
508
404
320
256
147
85
110
101
89
5
8
-19
-111
-156
-186
-217
-259
-237
-224
-165
-140
-63
-13
-6
30
0
-8
9
42
63
90
98
33
-6
-60
-123
-235
-300
-335
-347
-367
-371
-302
-355
-319
-324
-368
-385
-406
-387
-383
-322
-229
-155
-85
-46
-88
-140
-165
-225
-212
-213
-169
-154
-226
-265
-288
-370
-416
-440
-422
-413
-389
-335
-306
-270
-267
-219
-180
-144
-121
-63
18
2
34
118
182
237
336
337
346
297
242
264
308
346
366
396
435
444
400
381
313
310
265
230
199
227
208
171
179
179
170
182
178
173
208
216
269
321
394
413
462
496
474
524
496
482
439
429
386
329
269
160
71
-37
-139
-234
-286
-315
-393
-376
-408
-435
-376
-427
-424
-440
-427
-399
-332
-214
-160
-85
-9
45
49
27
26
19
-85
-110
-124
-144
-157
-209
-269
-321
-390
-470
-520
-587
-572
-556
-560
-483
-477
-431
-400
-351
-343
-295
-207
-160
-118
-79
-50
-22
94
105
155
197
171
143
130
134
150
225
224
201
152
112
35
-24
-20
-54
-45
-31
19
6
51
62
89
171
188
207
220
279
326
418
546
607
695
738
774
739
704
665
705
703
679
647
582
556
499
429
372
316
260
206
161
131
140
176
132
112
126
81
31
-3
-18
4
66
117
201
216
169
183
50
-3
-30
-111
-115
-107
-166
-216
-195
-217
-266
-349
-375
-399
-413
-434
-393
-334
-340
-314
-298
-277
-238
-207
-169
-172
-171
-134
-72
-62
-68
-86
-60
-77
-75
-65
-90
-77
-73
-59
-75
-8
-11
-43
-38
-75
-101
-76
-99
-145
-130
-116
-118
-81
-93
-90
-39
-30
3
4
64
125
179
216
300
332
392
460
461
471
480
482
483
460
402
376
361
343
329
312
279
232
190
170
142
149
186
212
230
234
181
147
150
99
118
232
248
264
286
290
277
260
181
136
52
-19
-61
-167
-154
-153
-194
-225
-287
-361
-363
-401
-415
-408
-450
-439
-418
-487
-461
-428
-459
-424
-347
-296
-279
-240
-208
-222
-195
-132
-129
-101
-25
-67
-71
-40
-15
34
74
53
-17
-57
-130
-188
-248
-223
-287
-249
-239
-320
-318
-300
-283
-298
-275
-330
-284
-212
-112
-29
-25
13
25
79
81
151
210
198
267
288
267
276
245
232
223
158
178
146
73
71
74
51
44
27
51
29
8
55
75
109
150
236
304
312
348
427
370
351
394
366
321
283
332
327
289
258
259
255
224
142
92
67
54
48
-5
-26
-7
-17
-69
-85
-120
-104
-80
-16
26
35
95
79
47
88
45
65
61
20
-8
10
9
18
34
19
11
-17
-17
-44
-71
-93
-49
-43
-35
-36
-15
-29
-20
-26
12
-6
-11
18
37
19
25
29
20
36
41
45
56
76
88
82
85
106
81
36
-22
-60
-105
-145
-151
-195
-206
-261
-295
-279
-299
-312
-318
-331
-341
-308
-275
-230
-195
-117
-33
20
-8
51
91
93
143
132
117
131
109
89
75
64
44
-13
-85
-179
-192
-173
-216
-136
-84
-74
-76
-94
-54
-78
-41
-22
63
58
57
160
163
197
206
244
244
226
162
137
153
120
115
115
141
143
105
21
-20
-71
-49
-88
-57
-50
-81
-76
-139
-87
-146
-125
-137
-114
-81
-123
-99
-76
-62
-59
9
5
26
72
79
110
206
238
230
266
275
221
145
123
69
76
69
20
-18
-126
-187
-251
-326
-361
-349
-333
-338
-327
-341
-346
-348
-317
-285
-277
-243
-240
-170
-189
-205
-195
-239
-225
-229
-271
-286
-265
-323
-364
-380
-391
-368
-390
-384
-351
-316
-251
-179
-144
-120
-87
-49
-37
16
99
121
171
198
197
188
240
237
217
213
187
216
212
161
156
172
176
184
164
200
191
157
202
207
182
184
142
138
163
172
185
189
160
132
141
63
107
149
180
229
265
246
286
265
299
300
249
261
237
198
181
163
107
131
80
-19
-99
-135
-159
-183
-150
-125
-120
-131
-70
-43
-15
2
38
80
98
99
100
101
94
99
109
79
26
-31
-107
-180
-297
-357
-384
-428
-496
-540
-598
-601
-581
-597
-545
-516
-485
-461
-374
-345
-263
-190
-147
-87
-100
-97
-44
47
57
83
100
131
87
64
76
48
60
75
104
128
136
125
152
142
145
203
208
268
272
309
362
316
335
355
348
328
336
301
309
346
354
314
339
398
396
389
402
358
288
267
291
252
264
268
227
154
109
47
-40
-63
-152
-212
-201
-185
-195
-226
-210
-220
-241
-242
-260
-269
-252
-202
-184
-181
-238
-256
-223
-227
-233
-253
-264
-302
-312
-330
-332
-342
-343
-372
-435
-352
-385
-395
-413
-417
-366
-381
-339
-371
-333
-332
-315
-295
-303
-298
-245
-210
-228
-245
-206
-168
-166
-166
-170
-164
-134
-131
-108
-81
-50
-17
4
21
43
85
54
15
-10
12
-4
10
6
34
48
91
128
85
129
128
143
126
171
203
235
266
325
325
243
235
194
237
163
186
178
156
138
47
29
-45
-96
-127
-125
-133
-143
-127
-109
-88
-102
-71
-74
-62
-67
-93
-93
-53
-75
-56
-86
-67
-56
-54
-68
-153
-197
-219
-191
-259
-215
-257
-273
-302
-269
-279
-322
-332
-301
-267
-336
-279
-252
-203
-178
-101
-74
-61
-56
-48
-1
-17
107
170
157
150
158
152
121
124
90
65
34
-4
-63
-65
-64
-116
-130
-127
-200
-177
-165
-163
-133
-124
-74
-32
-16
-40
-20
42
89
125
145
180
195
197
216
204
166
106
87
-1
-9
-70
-77
-42
-71
-65
-131
-122
-164
-198
-169
-180
-111
-90
-64
-23
-7
2
12
61
67
57
113
102
83
48
29
-22
-12
-7
1
-15
-57
-84
-150
-154
-132
-126
-158
-131
-144
-175
-203
-196
-170
-162
-172
-166
-169
-159
-149
-160
-162
-175
-169
-152
-114
-100
-104
-93
-78
-48
-35
-41
-54
-78
-86
-51
-51
-29
-21
-35
-24
-26
-13
6
-42
-34
-27
-11
83
125
122
159
179
169
230
200
218
234
269
265
310
309
290
314
265
226
212
199
173
168
137
145
72
63
5
-10
-32
-66
-69
-107
-66
-42
-43
-32
-82
-107
-169
-131
-89
-118
-141
-128
-125
-138
-131
-161
-132
-92
-88
-107
-95
-89
-77
-72
-44
-20
-20
-17
-31
