-255
-321
-471
-642
-766
-821
-628
-154
388
686
741
437
3
-254
-271
-1
339
578
474
210
-89
-347
-375
-195
124
277
225
-53
-431
-782
-976
-1172
-1545
-1990
-2372
-2094
-1166
161
1454
2069
1782
944
162
-91
299
988
1484
1484
935
66
-619
-838
-563
134
745
920
596
-63
-651
-874
-482
132
594
611
168
-250
-482
-300
58
279
257
-3
-238
-228
88
404
464
95
-556
-1174
-1361
-901
-179
545
851
655
211
-119
-217
99
578
938
1087
755
195
-231
-383
-339
-72
12
-57
-307
-559
-530
-283
160
331
232
-34
-240
-281
4
355
538
491
120
-296
-558
-548
-376
-379
-426
-615
-669
-428
-190
135
202
337
304
422
598
675
679
525
493
279
137
24
9
69
214
235
41
-161
-461
-530
-499
-374
-285
-318
-299
-261
-112
11
111
139
134
174
107
92
144
123
120
81
98
11
-167
-325
-363
-291
-135
11
-31
-169
-310
-406
-336
-186
-120
-106
-114
-122
-67
39
156
222
287
288
227
121
38
75
132
186
191
95
-71
-260
-305
-221
-150
-99
-179
-272
-255
-162
-68
-2
84
158
183
197
207
150
58
41
169
318
437
518
608
777
919
1052
1147
1117
1117
1167
1274
1489
1538
1489
1365
1253
1224
1175
1185
1113
1043
1001
922
795
617
444
217
27
-134
-368
-524
-754
-875
-920
-1040
-1192
-1378
-1545
-1550
-1452
-1368
-1353
-1419
-1481
-1527
-1446
-1367
-1157
-1017
-1018
-1113
-1185
-1239
-1226
-1161
-1164
-1159
-1229
-1298
-1418
-1401
-1387
-1417
-1417
-1498
-1520
-1542
-1440
-1259
-1101
-959
-921
-961
-969
-911
-638
-364
-86
92
164
249
308
479
673
923
1147
1274
1419
1486
1680
1892
2073
2229
2349
2448
2552
2681
2852
3047
3141
3266
3362
3422
3545
3611
3714
3678
3464
3155
2756
2193
1415
315
-934
-2056
-2712
-2784
-2575
-2435
-2625
-3151
-3692
-4063
-4028
-3566
-2927
-2154
-1410
-819
-265
201
624
1011
1324
1569
1695
1815
1945
2136
2316
2392
2146
1590
647
-340
-996
-1388
-1375
-1297
-1469
-1809
-2323
-2855
-3138
-3254
-3229
-3160
-3103
-3001
-2822
-2456
-2057
-1667
-1409
-1277
-1168
-1019
-662
-199
303
688
744
474
140
-155
-249
-186
-85
-83
-320
-710
-1094
-1319
-1342
-1261
-1164
-1021
-983
-942
-763
-535
-277
-16
246
451
647
833
1048
1331
1648
1855
2056
2169
2205
2370
2604
2876
3062
3064
3009
2914
2940
3134
3514
3845
4033
4144
4051
3594
2764
1582
184
-985
-1747
-1812
-1349
-977
-949
-1561
-2498
-3375
-3888
-3824
-3402
-2817
-2181
-1479
-864
-291
84
304
370
435
564
721
996
1292
1649
1942
2091
1922
1361
522
-366
-1036
-1248
-1026
-705
-535
-724
-1176
-1677
-2067
-2199
-2165
-2063
-1928
-1872
-1669
-1398
-1016
-708
-587
-607
-764
-864
-900
-690
-386
-145
-52
-112
-326
-652
-891
-977
-939
-753
-572
-514
-568
-649
-714
-737
-594
-387
-156
-5
29
83
145
170
194
225
172
193
281
454
636
721
724
511
355
272
323
480
644
747
828
746
661
649
755
991
1303
1643
1918
2148
2408
2620
2865
3069
3021
2695
2019
1367
824
683
845
1075
1179
796
87
-767
-1463
-1845
-1882
-1711
-1572
-1562
-1531
-1478
-1334
-1099
-864
-772
-800
-794
-757
-582
-253
139
386
374
171
-173
-470
-769
-906
-808
-615
-320
-148
-6
-65
-208
-435
-634
-743
-745
-603
-390
-216
-80
-54
-143
-261
-439
-615
-781
-798
-764
-674
-593
-613
-658
-728
-852
-955
-1021
-1020
-977
-920
-798
-670
-622
-651
-680
-680
-639
-521
-268
-134
-85
-17
-78
-23
43
147
249
233
186
101
65
9
3
41
29
84
185
270
298
337
324
359
459
591
785
953
1202
1403
1582
1744
1928
2122
2368
2671
2854
3016
3041
2837
2419
1872
1335
939
720
656
661
572
327
-194
-715
-1272
-1652
-1880
-1994
-1973
-1888
-1722
-1458
-1172
-1026
-974
-915
-827
-621
-277
239
750
1044
1262
1197
1020
724
368
50
-180
-277
-191
-74
-66
-76
-267
-593
-869
-968
-904
-843
-769
-690
-650
-531
-464
-422
-504
-747
-960
-1134
-1126
-945
-730
-562
-600
-778
-918
-1011
-1035
-962
-889
-826
-719
-654
-563
-522
-635
-639
-654
-617
-463
-404
-330
-341
-296
-179
-53
27
-28
-70
-129
15
323
511
637
523
367
411
704
1131
1457
1670
1614
1520
1377
1507
1802
2140
2510
2758
2917
3032
3159
3485
3850
4043
3864
3082
1876
574
-427
-760
-465
59
225
-301
-1349
-2568
-3468
-3736
-3501
-3124
-2869
-2691
-2489
-1998
-1316
-715
-360
-295
-364
-293
195
976
1873
2643
2912
2757
2273
1616
1047
593
417
341
317
228
-26
-399
-830
-1143
-1500
-1836
-2129
-2331
-2253
-1928
-1388
-791
-466
-543
-788
-1102
-1055
-684
-262
206
383
248
43
-153
-216
-295
-454
-614
-762
-916
-1051
-1066
-1071
-1095
-1170
-1322
-1544
-1631
-1565
-1409
-1182
-898
-822
-1036
-1264
-1375
-1246
-976
-609
-383
-252
-91
63
471
873
1332
1747
2096
2470
2792
3031
3247
3592
3934
4302
4611
4849
5114
5481
5877
6176
6255
5817
4581
2668
320
-1865
-3247
-3652
-3346
-3017
-3207
-4070
-5301
-6391
-6839
-6623
-5877
-4891
-3625
-2207
-837
489
1480
2107
2399
2535
2761
3213
3874
4596
5221
5515
5180
4264
2871
1271
-15
-876
-1341
-1602
-2000
-2601
-3226
-3790
-4230
-4568
-4889
-5116
-5057
-4574
-3581
-2344
-1145
-269
182
372
556
877
1395
2035
2563
2859
2761
2277
1586
905
286
-257
-847
-1467
-2070
-2563
-2931
-3210
-3547
-3831
-4073
-4122
-3801
-3180
-2434
-1749
-1258
-901
-595
-191
309
888
1498
1929
2235
2388
2339
2264
2212
2263
2301
2304
2312
2203
2196
2326
2498
2736
2916
3059
3342
3859
4681
5513
6179
6402
5996
4736
2699
199
-2142
-3578
-3870
-3210
-2490
-2442
-3253
-4459
-5562
-6049
-5848
-5169
-4073
-2747
-1123
547
1972
2883
3189
3035
2716
2459
2481
2877
3491
4149
4469
4071
2919
1286
-514
-1983
-2824
-3163
-3212
-3243
-3380
-3512
-3616
-3721
-3766
-3810
-3765
-3463
-2851
-1843
-601
741
1833
2352
2441
2177
1737
1610
1717
1838
1978
1766
1081
136
-866
-1709
-2289
-2785
-3226
-3675
-3935
-3939
-3764
-3402
-3065
-2798
-2575
-2209
-1712
-956
-165
638
1314
1633
1793
1833
1897
2086
2313
2527
2657
2597
2458
2286
2118
1983
1873
1820
1781
1879
2048
2365
2862
3414
4103
4865
5536
6012
6156
5571
4061
1715
-977
-3169
-4200
-3875
-2903
-2138
-2283
-3357
-4777
-5950
-6261
-5796
-4704
-3303
-1700
-127
1263
2304
2931
3210
3106
2862
2565
2504
2708
3240
3912
4084
3466
2074
85
-1810
-3178
-3824
-3867
-3620
-3469
-3537
-3768
-4077
-4182
-4134
-3809
-3236
-2420
-1452
-423
618
1531
2327
2723
2835
2608
2393
2415
2552
2650
2423
1687
478
-843
-2028
-2852
-3473
-3909
-4230
-4476
-4596
-4650
-4566
-4402
-4059
-3476
-2706
-1904
-1047
-273
475
1142
1677
2061
2183
2245
2313
2502
2722
2851
2783
2493
2131
1898
1759
1686
1671
1511
1419
1353
1507
1910
2515
3311
4085
4827
5392
5863
6050
5633
4257
2022
-614
-2805
-3732
-3370
-2277
-1571
-1808
-2993
-4628
-5995
-6529
-6065
-4794
-3141
-1340
198
1254
1952
2289
2538
2688
2861
2918
2962
3203
3662
4115
4179
3488
2013
70
-1765
-2935
-3390
-3272
-3044
-2999
-3262
-3739
-4217
-4399
-4237
-3592
-2651
-1620
-528
370
1097
1590
1910
2090
2015
2098
2448
2917
3350
3488
2938
1657
0
-1666
-2861
-3423
-3596
-3558
-3691
-4136
-4748
-5326
-5597
-5431
-4862
-3951
-2936
-1976
-914
-45
642
1116
1315
1514
1765
2201
2745
3194
3364
3146
2572
1899
1338
1092
1296
1693
2016
2013
1692
1395
1258
1607
2380
3264
4186
5095
5904
6511
6717
6011
4195
1369
-1645
-3630
-4051
-3050
-1677
-1006
-1606
-3282
-5336
-6844
-7202
-6363
-4571
-2475
-536
812
1518
1771
1903
2172
2542
2790
3043
3316
3685
4168
4425
3977
2716
868
-1070
-2528
-3302
-3356
-3003
-2813
-2938
-3556
-4520
-5333
-5510
-4854
-3444
-1845
-514
396
951
1467
1956
2302
2343
2111
1883
2214
2918
3802
4140
3526
1874
-312
-2374
-3776
-4159
-3975
-3510
-3384
-3815
-4805
-5907
-6477
-6257
-5298
-3843
-2460
-1320
-462
152
612
938
1309
1664
2183
2683
3226
3547
3559
3297
2653
1926
1322
1144
1619
2402
3041
3207
2719
2035
1652
1952
2895
4331
5743
6760
7268
7043
5926
3757
995
-1756
-3470
-3843
-3045
-1928
-1402
-1959
-3382
-5273
-6730
-7247
-6593
-4720
-2320
72
1689
2215
2163
1874
1720
1950
2504
3208
3927
4519
4721
4296
3156
1551
-153
-1754
-2841
-3377
-3454
-3230
-3069
-3345
-4059
-5039
-5779
-5786
-4879
-3177
-1349
285
1425
2047
2218
2223
2401
2707
2944
3153
3193
3158
3120
2923
2451
1319
-395
-2238
-3673
-4445
-4634
-4555
-4504
-4647
-5063
-5481
-5728
-5408
-4486
-3097
-1591
-413
292
687
1014
1294
1734
2189
2656
3042
3162
3029
2670
2087
1467
1064
842
870
1152
1641
2147
2381
2242
1938
1773
2056
3000
4355
5735
6952
7745
7697
6422
3874
554
-2525
-3964
-3759
-2522
-1277
-1082
-2059
-3846
-5824
-7186
-7353
-6191
-3931
-1403
634
1776
2057
1935
1801
1780
2000
2395
3090
3983
4657
4695
3847
2298
316
-1544
-3008
-3757
-3850
-3476
-3027
-3102
-3823
-4891
-5736
-5775
-4964
-3477
-1656
79
1534
2539
2916
2902
2931
3096
3483
3953
3968
3724
3165
2269
1585
515
-626
-1785
-3026
-3646
-4256
-4606
-4660
-5007
-5335
-5800
-6117
-5715
-4679
-3046
-1373
-203
376
546
640
902
1527
2207
2995
3540
3496
3033
2083
1285
693
232
104
-17
114
460
860
1261
1327
1236
1339
1660
2439
3547
4865
6312
7522
8351
8220
6667
3931
667
-2057
-3284
-3053
-2034
-1246
-1503
-2861
-4911
-6986
-8067
-7707
-5891
-3272
-856
825
1613
1767
1722
1696
1869
2414
3285
4344
5104
5322
4843
3658
1924
-55
-1857
-3086
-3460
-3210
-2834
-2878
-3645
-4805
-5826
-6302
-5892
-4564
-2643
-580
1115
2185
2675
2786
2860
3169
3661
4198
4641
4794
4370
3396
1913
227
-1039
-2334
-3128
-3614
-4085
-4163
-4762
-5369
-5944
-6683
-6679
-6256
-5252
-3597
-2025
-444
469
764
1009
1056
1461
2073
2767
3607
3962
3635
2827
1617
581
-103
-450
-406
-224
71
311
611
618
673
880
1298
2156
3167
4602
6008
7278
8327
8866
8581
6886
3969
723
-1926
-2876
-2548
-1434
-697
-1550
-3245
-5965
-8189
-8871
-8009
-5328
-2453
-274
1028
1238
1170
1073
1208
1926
2816
4056
5034
5391
5180
4269
2935
1107
-799
-2292
-3102
-3121
-2899
-2839
-3367
-4616
-5879
-6884
-6987
-5903
-4003
-1702
161
1356
1876
2061
2257
2732
3492
4438
5171
5525
5214
4226
2920
1202
-15
-1188
-2266
-2822
-3562
-3817
-4387
-5224
-5800
-6529
-6771
-6459
-5738
-4340
-2740
-1336
-281
247
651
1073
1621
2381
3064
3606
3959
3738
2965
2161
1291
726
379
33
-177
-515
-606
-534
-367
64
415
791
1303
1889
2839
4104
5607
6945
8020
8693
8322
6593
3777
715
-1583
-2358
-2082
-1226
-756
-1527
-3370
-5941
-8019
-8625
-7584
-5144
-2554
-650
508
789
757
716
1002
1887
3003
4103
4745
4899
4583
3664
2361
794
-683
-1787
-2404
-2482
-2534
-2768
-3461
-4710
-5880
-6572
-6248
-4867
-2946
-994
506
1343
1651
1729
1970
2770
3807
4984
5709
5704
4766
3497
2014
592
-126
-1095
-1624
-2301
-3215
-3813
-4993
-5851
-6400
-7040
-6745
-6330
-5314
-3710
-2536
-1200
-508
-171
420
1011
2041
3030
3748
4116
3936
3137
2215
1481
1092
1082
1043
809
437
-122
-574
-633
-389
244
851
1456
1928
2403
3207
4284
5525
6799
7742
8081
7155
4822
1989
-651
-1937
-2007
-1364
-525
-752
-2080
-4292
-6597
-7717
-7379
-5448
-3101
-1152
55
269
192
-103
152
1113
2392
3709
4381
4549
4131
3202
2189
925
-232
-1044
-1661
-1889
-2115
-2467
-3078
-4254
-5464
-6305
-6269
-5306
-3682
-1776
-202
783
1045
1032
1211
1814
3071
4458
5492
5783
4877
3754
2267
1049
712
30
-380
-1387
-2662
-3729
-5160
-5734
-6095
-6161
-5847
-5730
-5268
-4557
-3749
-2796
-1901
-965
-173
740
1603
2338
2942
3168
3222
2688
2105
1674
1260
1328
1320
1245
1042
411
19
-355
-294
259
739
1342
1712
2094
2611
3429
4598
5918
7235
7914
7657
5824
2957
287
-1647
-1952
-1257
-313
293
-757
-2804
-5335
-7284
-7371
-6020
-3609
-1271
152
678
343
-233
-387
313
1685
3194
4372
4771
4648
3758
2498
1391
244
-377
-837
-1177
-1417
-1976
-2642
-3714
-5055
-6036
-6373
-5770
-4334
-2648
-1135
-286
-97
-270
-285
276
1549
3316
4721
5466
5354
4558
3444
2216
1474
1010
479
-107
-992
-1988
-3121
-4336
-5401
-6233
-6632
-6562
-6123
-5235
-4223
-3353
-2675
-2268
-1836
-1113
65
1466
2736
3485
3638
3146
2267
1543
1178
1357
1628
1724
1661
1280
735
288
85
248
713
1206
1731
2176
2604
3369
4216
5296
6335
7211
7732
7149
5318
2795
349
-1292
-1519
-993
-39
191
-922
-2979
-5450
-6968
-6933
-5399
-3088
-914
229
353
-402
-1130
-1058
14
1768
3556
4620
4759
4095
2773
1608
616
148
43
-137
-540
-1030
-1822
-2754
-4022
-5247
-5826
-5845
-4934
-3593
-2142
-905
-335
-284
-406
-269
484
2014
3842
5269
5759
4848
3374
1715
425
329
399
563
117
-1193
-2804
-4759
-6059
-6431
-6191
-5421
-4749
-4275
-3890
-3718
-3396
-2740
-1931
-923
236
1233
2160
2671
2837
2906
2551
2260
1960
1713
1768
1731
1733
1805
1588
1289
993
881
1023
1253
1560
1916
2391
2915
3668
4589
5559
6487
6617
5510
3129
351
-1660
-2224
-1596
-181
936
686
-982
-3657
-5894
-6597
-5471
-3047
-433
1175
1381
320
-1084
-1837
-1414
253
2203
3675
4217
3737
2549
1208
110
-353
-358
-224
-310
-679
-1288
-2066
-2926
-3917
-4581
-4849
-4517
-3584
-2365
-1200
-412
-255
-374
-377
4
1074
2576
4059
4973
5024
4483
3431
2435
1883
1685
1595
1212
390
-841
-2280
-3665
-4599
-5116
-5337
-5407
-5449
-5315
-5035
-4672
-4056
-3314
-2508
-1659
-768
202
1080
1903
2538
2837
2871
2711
2451
2160
1825
1537
1182
871
620
449
382
365
336
190
61
62
381
1096
2109
3398
4657
5788
6709
7115
6430
4573
2267
229
-821
-639
336
1447
1529
-39
-2663
-5577
-7194
-6964
-5053
-2269
-204
566
-170
-1823
-3086
-3068
-1496
945
3205
4551
4643
3563
1924
613
171
572
1245
1551
1292
317
-1149
-2684
-3886
-4453
-4459
-4134
-3625
-2980
-2360
-1955
-1754
-1706
-1523
-1018
26
1466
2952
4146
4717
4590
3917
3051
2504
2319
2374
2226
1733
846
-647
-2279
-3666
-4590
-5070
-5202
-5134
-5076
-5093
-5044
-4850
-4419
-3784
-2843
-1782
-616
470
1248
1917
2316
2443
2496
2503
2452
2260
2031
1684
1297
971
676
553
478
309
160
49
-3
274
638
1371
2332
3371
4553
5573
6342
6599
5781
4158
2201
477
-85
165
1004
1641
1165
-442
-2964
-5342
-6414
-6027
-4271
-2120
-679
-357
-1282
-2697
-3408
-2837
-1093
1393
3315
4276
3972
2650
1294
542
751
1753
2632
2913
2185
451
-1428
-2994
-3696
-3598
-3035
-2485
-2198
-2282
-2607
-2949
-3016
-2432
-1466
-310
982
2083
2939
3409
3437
3414
3154
2682
2361
2019
1742
1559
1120
474
-569
-1995
-3322
-4533
-5087
-5100
-4736
-4111
-3946
-4036
-4324
-4584
-4305
-3266
-1749
-206
920
1523
1580
1365
1267
1558
2089
2561
2698
2454
1980
1377
942
817
918
932
796
513
179
154
470
1094
1984
2892
3689
4319
4873
5449
5758
5234
3995
2369
808
118
26
620
1211
775
-625
-3043
-5237
-6398
-6185
-4619
-2675
-1339
-1136
-2029
-3382
-4082
-3583
-1801
693
2792
3866
3536
2114
815
208
752
2035
3125
3406
2505
648
-1264
-2705
-3144
-2653
-1859
-1232
-1284
-2003
-2994
-3665
-3560
-2651
-1363
13
1084
1560
1589
1318
1328
1757
2322
2933
3300
3217
2653
1828
898
135
-540
-1137
-1613
-2181
-2715
-3334
-3820
-4158
-4409
-4409
-4234
-3824
-3177
-2422
-1661
-1128
-696
-280
136
597
1121
1726
2094
2197
2089
1889
1699
1538
1564
1680
1642
1344
873
458
287
388
730
1294
1966
2442
2913
3464
4130
4983
5718
5920
5299
4030
2477
1228
593
755
1438
1690
899
-751
-2965
-4924
-6055
-5845
-4513
-2973
-1863
-1868
-2822
-3986
-4553
-3931
-2248
-21
1885
2804
2437
1394
425
113
776
1924
2985
3212
2415
925
-536
-1483
-1571
-1018
-382
-160
-731
-1712
-2655
-3032
-2577
-1584
-490
274
383
62
-326
-508
-80
713
1506
2023
1904
1207
207
-678
-1079
-1047
-863
-627
-868
-1502
-2394
-3135
-3432
-3451
-3034
-2397
-1870
-1520
-1414
-1420
-1361
-1156
-705
-143
373
724
818
834
782
817
1042
1328
1503
1572
1459
1151
851
681
685
834
1019
1144
1172
1106
1175
1601
2172
2814
3556
4240
4796
4925
4570
3931
3043
2208
1745
1656
1735
1625
1089
-77
-1680
-3214
-4308
-4612
-4159
-3345
-2646
-2490
-2925
-3647
-4172
-4129
-3139
-1654
-84
908
1040
562
-149
-486
-213
611
1668
2317
2221
1668
828
59
-240
-94
344
741
619
341
-76
-451
-619
-465
-256
-161
-219
-377
-520
-603
-535
-344
-233
-207
-309
-497
-806
-1049
-1015
-870
-746
-848
-1096
-1377
-1730
-1934
-1842
-1489
-1060
-761
-588
-689
-845
-865
-695
-292
135
478
613
507
273
88
143
435
659
687
565
214
-143
-429
-454
-237
26
251
246
124
29
56
281
544
849
1203
1451
1675
1877
2270
2776
3191
3459
3693
3820
3548
3050
2404
1806
1300
866
725
557
216
-272
-942
-1720
-2504
-2917
-2720
-2290
-1808
-1397
-1384
-1719
-2274
-2745
-2616
-2065
-1314
-551
-104
-92
-397
-663
-680
-435
130
682
992
844
493
193
81
219
556
859
933
779
431
136
-19
-83
-57
136
211
158
-124
-578
-856
-939
-894
-723
-544
-510
-831
-1299
-1718
-1858
-1671
-1317
-911
-670
-786
-1061
-1313
-1293
-1048
-627
-54
261
270
52
-150
-227
-234
-49
124
156
-13
-262
-420
-536
-537
-376
-132
5
5
30
168
355
479
694
831
871
828
875
1032
1236
1308
1350
1291
1032
698
429
334
290
341
509
579
452
381
423
539
610
791
944
1014
948
975
1079
1170
1132
995
785
464
258
70
-2
-7
26
-10
-199
-409
-573
-607
-435
-309
-269
-231
-262
-341
-364
-244
-134
-6
49
-17
-119
-304
-488
-609
-696
-666
-632
-604
-658
-781
-879
-1012
-1058
-1035
-992
-950
-990
-1038
-990
-831
-709
-508
-337
-206
-125
-139
-107
-28
98
121
164
139
92
52
-12
-96
-225
-364
-597
-726
-791
-783
-806
-721
-636
-539
-392
-202
30
208
329
464
598
668
799
1007
1248
1446
1573
1575
1440
1125
906
637
415
356
268
221
142
-131
-385
-572
-806
-801
-648
-448
-255
-119
-57
6
170
312
434
567
738
663
680
697
704
728
675
611
498
314
206
251
319
355
317
290
196
72
94
307
447
497
523
433
291
164
33
-2
-31
-48
-71
-174
-440
-662
-785
-918
-933
-1001
-1038
-1203
-1447
-1590
-1585
-1464
-1194
-885
-650
-460
-444
-415
-285
-57
173
333
403
422
363
340
305
193
86
-127
-397
-597
-717
-715
-654
-623
-607
-673
-618
-432
-199
167
438
612
623
520
571
710
964
1234
1466
1488
1336
947
548
242
163
146
194
187
-57
-314
-602
-782
-849
-720
-517
-328
-198
-99
21
55
88
209
312
348
439
532
687
847
952
989
790
603
354
247
286
452
648
601
453
251
21
-73
-78
64
263
430
460
454
382
268
217
173
227
278
354
334
200
53
-160
-327
-457
-534
-671
-765
-944
-1206
-1348
-1440
-1376
-1217
-944
-796
-694
-619
-467
-365
-332
-235
-115
8
108
260
380
385
141
-176
-584
-889
-930
-757
-526
-416
-468
-641
-841
-908
-747
-338
172
619
774
725
617
571
645
910
1184
1316
1186
877
464
-25
-291
-346
-337
-414
-623
-911
-1227
-1474
-1531
-1361
-1128
-894
-751
-667
-619
-476
-292
-86
199
452
648
770
904
993
1058
1100
1118
1011
937
810
683
551
411
311
208
92
-31
-71
-154
-207
-145
-43
77
128
258
352
351
263
255
312
303
299
276
229
68
-54
-168
-274
-346
-418
-518
-678
-818
-840
-759
-556
-234
11
159
276
362
397
453
540
637
798
879
888
835
648
458
176
-180
-405
-534
-555
-499
-530
-545
-645
-734
-722
-543
-300
21
313
519
646
663
712
836
972
1217
1323
1265
1073
806
514
270
161
45
-116
-435
-720
-1063
-1304
-1396
-1353
-1222
-1078
-1019
-1017
-1130
-1157
-1043
-880
-577
-244
-35
65
126
173
245
395
574
730
831
786
686
501
308
169
167
197
245
326
276
189
74
-15
-1
109
302
508
671
629
567
467
228
136
77
27
24
-49
-169
-311
-512
-724
-935
-1144
-1325
-1399
-1290
-972
-625
-308
-81
67
102
61
132
278
560
906
1223
1358
1329
1056
656
265
4
-91
-99
-128
-232
-428
-679
-909
-1095
-1108
-961
-794
-583
-421
-346
-237
-77
101
348
617
799
874
835
805
712
602
611
583
509
336
80
-227
-555
-793
-978
-952
-801
-635
-542
-571
-760
-874
-892
-835
-591
-350
-53
137
189
165
35
-26
66
242
460
577
565
466
143
-116
-230
-216
-99
164
397
346
197
-37
-123
-58
86
316
565
785
716
556
340
71
-137
-174
-94
-56
-138
-305
-527
-814
-1064
-1223
-1285
-1253
-1117
-930
-665
-437
-230
-29
74
144
187
298
475
687
837
1024
1134
1025
759
395
157
-27
-74
-42
12
-75
-268
-486
-632
-707
-660
-498
-301
-178
-102
-67
-59
93
250
457
576
601
534
396
313
181
181
210
284
156
-18
-330
-671
-874
-996
-871
-639
-435
-348
-326
-421
-505
-532
-356
-105
152
338
453
525
538
537
545
598
547
529
509
421
357
263
159
31
-136
-195
-159
-47
62
166
197
205
166
115
203
313
487
632
656
499
276
47
-72
-125
-115
-80
-126
-309
-578
-825
-1055
-1136
-1126
-918
-716
-573
-471
-411
-313
-206
-85
113
273
410
469
574
713
741
732
684
554
359
276
160
127
130
136
39
-131
-235
-348
-282
-203
-54
50
89
92
49
84
132
261
357
354
290
155
-17
-109
-80
-75
-72
-86
-212
-399
-609
-741
-756
-669
-527
-349
-218
-184
-194
-241
-191
-17
143
322
517
636
695
675
646
682
662
632
587
504
401
193
54
-87
-242
-369
-380
-333
-292
-232
-180
-123
10
127
254
308
385
466
509
573
556
497
384
228
71
-66
-161
-246
-381
-504
-700
-902
-995
-958
-874
-783
-611
-471
-389
-333
-263
-149
11
149
258
400
420
425
406
371
315
215
163
42
-28
-101
-96
-104
-177
-277
-355
-348
-282
-152
22
272
348
413
375
394
463
526
652
693
684
552
370
183
112
28
-38
-84
-227
-445
-654
-838
-899
-852
-692
-585
-530
-420
-421
-395
-241
-99
54
253
396
571
727
816
800
789
686
620
568
508
508
463
327
124
-53
-254
-357
-340
-239
-107
-23
5
-10
7
69
223
377
527
592
561
400
277
197
103
57
-4
-70
-267
-521
-764
-1002
-1094
-1055
-911
-740
-628
-586
-597
-568
-505
-310
-42
198
400
500
471
454
442
405
440
457
434
360
308
131
-31
-170
-266
-334
-329
-300
-313
-257
-224
-160
-125
-27
14
119
235
365
548
626
659
520
419
306
232
250
223
189
134
-47
-226
-399
-563
-690
-672
-614
-577
-511
-506
-488
-457
-332
-241
-142
-42
140
330
520
675
769
763
713
593
453
440
380
373
353
205
25
-174
-307
-394
-360
-235
-152
-66
-51
37
72
95
170
284
482
551
570
530
433
359
306
206
166
53
-162
-434
-683
-825
-878
-791
-609
-430
-328
-375
-417
-414
-330
-79
212
482
675
732
656
473
352
304
324
381
395
321
174
11
-234
-447
-556
-601
-560
-514
-423
-321
-288
-263
-251
-256
-148
-36
171
379
507
564
479
369
281
205
170
234
231
131
-34
-281
-455
-601
-595
-513
-511
-562
-548
-603
-623
-533
-428
-255
-119
-36
53
156
256
447
675
746
709
602
492
401
279
296
287
261
202
71
-101
-365
-445
-422
-353
-172
-34
96
109
131
106
178
269
277
447
534
570
559
493
391
219
47
-86
-213
-334
-355
-393
-434
-447
-440
-438
-367
-300
-177
-31
98
237
388
492
540
625
589
572
516
448
386
382
337
245
122
-64
-275
-449
-564
-575
-510
-425
-301
-255
-275
-388
-427
-362
-226
-14
180
348
357
285
255
193
173
264
357
341
220
105
-128
-268
-407
-458
-440
-476
-518
-528
-583
-576
-559
-435
-325
-212
-155
-121
-9
116
320
490
693
714
700
607
522
462
440
476
494
451
347
175
36
-97
-153
-147
-91
-10
61
128
116
134
146
72
70
111
194
286
371
400
310
180
20
-125
-241
-292
-275
-248
-238
-236
-288
-358
-389
-335
-226
-63
123
258
362
383
372
384
442
533
605
665
644
581
427
291
112
16
-17
-90
-148
-207
-272
-341
-372
-394
-409
-403
-413
-372
-317
-286
-225
-185
-116
-81
-67
-80
-122
-140
-54
-54
-36
-46
-95
-205
-348
-415
-410
-313
-239
-221
-256
-305
-403
-354
-295
-182
-85
6
65
95
127
168
277
326
411
461
403
308
244
143
109
77
-12
-43
-111
-138
-150
-187
-182
-152
-6
87
136
147
164
147
187
241
312
372
367
327
238
235
102
10
-85
-130
-150
-179
-169
-151
-213
-286
-366
-388
-318
-203
12
117
214
259
215
274
288
269
367
470
553
585
540
436
284
121
15
-30
-30
-19
2
-9
-70
-126
-249
-288
-283
-267
-153
-83
-78
-134
-185
-203
-183
-132
-109
-155
-160
-188
-200
-162
-137
-112
-90
-128
-130
-159
-151
-120
-130
-146
-141
-129
-82
-33
-8
65
51
88
135
147
123
141
225
288
281
240
176
111
18
-33
-67
-75
-62
-58
-89
-151
-205
-192
-85
0
83
145
149
157
191
228
290
300
314
329
284
193
173
86
-70
-160
-191
-160
-114
-142
-136
-217
-284
-314
-265
-207
-106
78
179
160
161
113
86
135
204
326
390
401
311
305
194
63
34
40
65
143
171
113
13
-72
-99
-132
-135
-118
-112
-30
-79
-172
-217
-278
-321
-327
-303
-279
-261
-261
-309
-391
-404
-382
-291
-221
-158
-130
-124
-153
-158
-74
-26
45
136
160
197
224
298
327
343
425
383
420
381
401
363
344
321
255
131
-31
-77
-164
-228
-257
-325
-360
-343
-362
-307
-266
-233
-180
-116
-96
-38
-29
6
64
177
212
193
205
126
39
-8
-24
22
74
78
90
69
7
-59
-88
-28
12
118
138
189
221
131
76
42
93
115
158
168
185
114
-25
-92
-132
-156
-104
-1
-6
1
4
-9
-43
-55
-60
-25
71
161
203
146
138
50
-42
-122
-114
-104
-75
-81
-140
-257
-386
-436
-455
-369
-283
-218
-175
-269
-317
-389
-390
-287
-169
-68
-16
43
-33
-74
8
127
246
347
438
425
281
192
197
132
189
219
225
120
-21
-152
-309
-435
-498
-464
-398
-366
-360
-318
-333
-307
-299
-264
-226
-169
-112
-51
-10
2
49
13
71
98
135
180
205
183
181
183
209
190
182
231
246
230
273
337
307
350
348
338
329
277
233
229
169
51
0
-25
-16
-60
-44
-49
-85
-121
-141
-136
-55
-33
-12
31
32
58
82
155
158
133
68
-1
-34
-66
-44
-45
-15
-78
-134
-208
-281
-302
-263
-167
-119
-81
-165
-244
-347
-385
-327
-231
-123
-109
-54
-57
-49
-25
46
188
254
279
269
219
199
180
217
210
203
176
119
84
42
-17
-25
-90
-199
-229
-248
-212
-171
-87
-108
-137
-178
-251
-244
-228
-137
-91
-78
-127
-161
-172
-170
-100
-23
19
56
63
-27
34
94
154
259
352
360
330
291
243
265
342
437
414
384
351
232
190
134
30
30
63
75
56
-2
-56
-61
-61
-123
-66
-40
-17
-30
-41
-29
-13
2
-5
33
-24
-68
-119
-139
-126
-78
-87
-93
-124
-202
-298
-290
-249
-212
-122
-81
-121
-177
-223
-260
-245
-223
-154
-71
-52
16
-37
-23
33
-5
61
124
164
200
178
133
99
6
-7
-90
-112
-97
-108
-108
-148
-164
-227
-294
-260
-175
-83
-27
50
2
-86
-106
-131
-86
-17
35
47
32
-14
-75
-53
-71
-7
36
25
13
-13
-7
12
37
80
120
179
143
113
137
160
236
299
322
352
271
251
250
197
212
198
147
103
54
-60
-43
-32
-6
22
-36
-65
-156
-198
-163
-97
-17
-3
-33
-75
-123
-149
-136
-100
-41
-14
-4
-123
-239
-217
-171
-136
-66
-44
-40
-104
-122
-127
-155
-148
-113
-79
-72
-56
-53
25
57
119
188
184
196
216
185
189
190
153
68
57
29
-73
-90
-88
-51
-68
-98
-191
-246
-227
-169
-46
17
86
105
66
23
31
17
129
216
240
212
142
79
74
59
108
130
132
104
58
33
-9
67
105
147
165
163
144
85
132
163
254
341
349
371
364
306
225
239
253
300
328
283
209
155
137
136
126
120
101
76
37
15
9
23
42
50
57
38
18
59
116
152
194
181
144
78
23
-9
47
72
92
93
34
11
-93
-105
-69
-70
0
14
29
-8
16
79
70
171
156
169
207
214
208
219
166
114
99
17
8
-86
-114
-96
-150
-160
-206
-258
-270
-235
-221
-150
-131
-96
-127
-115
-136
-111
-41
-9
12
-40
30
-13
-1
-38
-15
-11
-62
-92
-132
-131
-132
-114
-64
-37
-33
-74
-72
-95
-32
63
137
275
284
300
220
126
125
164
273
289
303
327
201
130
66
-3
4
9
-21
-51
-92
-142
-138
-150
-113
-87
-81
-90
-87
-116
-81
-6
30
136
102
48
44
-35
11
20
87
107
67
44
-2
-7
-42
-13
40
36
64
116
45
75
163
159
187
228
301
282
269
233
198
198
91
7
-56
-106
-138
-171
-163
-208
-241
-305
-342
-303
-268
-199
-114
-68
-49
-57
-61
-27
53
77
152
205
216
221
212
217
149
159
108
72
69
24
-5
-27
-28
-62
-73
-79
-111
-105
-65
0
94
186
260
228
255
277
290
315
290
345
428
446
399
365
301
229
215
133
99
123
86
123
158
111
85
36
34
11
9
74
106
195
197
179
118
116
87
73
109
118
124
129
97
26
-54
-88
-74
-64
9
78
140
170
216
202
182
223
206
267
294
314
353
352
272
209
118
1
-40
-101
-86
-79
-112
-148
-221
-274
-342
-346
-305
-256
-149
-108
-102
-120
-91
-28
-8
88
186
228
282
293
283
247
228
227
202
232
139
85
45
-13
-95
-108
-130
-217
-182
-215
-242
-225
-230
-167
-62
-50
15
52
54
90
49
58
130
178
199
226
218
149
49
-10
-35
-62
11
45
17
3
-55
-90
-74
-57
-17
83
93
152
127
140
99
64
55
31
55
40
49
-10
7
-83
-84
-101
-198
-170
-118
-46
21
100
99
155
225
250
278
333
461
484
515
498
452
372
287
194
159
112
73
-4
-60
-63
-194
-258
-326
-344
-352
-373
-334
-251
-246
-223
-163
-179
-92
-17
46
93
182
221
248
249
209
203
183
152
111
150
157
133
82
-6
-60
-97
-102
-88
-40
-14
-22
-25
-40
-44
18
107
137
117
104
75
66
61
67
118
69
28
43
-46
-107
-154
-220
-146
-104
-106
-56
-60
-89
-119
-87
38
67
111
159
155
144
97
112
88
65
80
39
-20
-92
-106
-151
-233
-210
-219
-242
-223
-187
-134
-104
-24
4
114
147
226
317
364
373
451
502
449
465
390
386
316
311
263
211
130
37
13
-39
-107
-173
-162
-192
-189
-144
-133
-143
-74
-69
-11
85
100
153
178
171
208
264
203
187
177
180
176
153
140
115
75
42
-16
-10
-26
-36
16
31
58
68
102
106
130
122
153
185
161
174
164
163
100
99
65
31
17
-45
-32
-62
-66
-67
-50
-55
-47
-78
-67
-33
-6
123
171
181
175
180
163
183
183
239
299
252
150
105
49
-22
-85
-123
-154
-212
-176
-188
-196
-162
-117
-64
-17
4
74
164
223
267
321
367
367
374
387
350
354
333
310
280
217
178
84
73
0
-79
-116
-146
-129
-102
-128
-113
-52
-84
-44
18
20
46
113
159
136
149
135
86
81
53
30
47
61
-16
-76
-109
-194
-234
-219
-192
-144
-161
-147
-200
-193
-129
-135
-57
-12
23
40
35
53
39
71
113
117
116
59
11
-66
-110
-175
-153
-158
-208
-207
-210
-185
-149
-105
-62
22
68
99
78
107
128
120
128
145
117
118
74
-2
-118
-121
-117
-160
-135
-164
-142
-176
-197
-202
-169
-147
-108
-90
-46
41
58
100
154
232
255
197
219
181
157
144
156
141
66
-5
-97
-118
-139
-132
-141
-140
-180
-229
-261
-191
-83
-28
67
95
99
72
125
117
171
158
170
155
58
46
75
95
93
100
61
0
-63
-127
-153
-135
-127
-94
-97
-47
-59
-80
-70
-34
-41
3
21
-1
-17
-33
45
47
79
101
102
66
20
-3
-14
-1
14
61
44
9
-16
32
59
82
140
128
138
125
175
250
266
305
292
284
265
224
172
137
108
146
104
90
-3
-64
-48
-57
-57
-92
-70
-54
-28
-34
52
69
89
85
85
136
128
167
156
128
141
80
29
-9
14
-9
-51
-44
-107
-155
-131
-114
-133
-92
-83
-45
-3
31
43
43
71
113
149
158
199
205
135
95
103
97
113
143
155
99
15
6
-38
-68
-6
6
52
55
58
61
-6
30
48
91
107
92
70
8
-8
51
72
66
49
10
-31
-89
-126
-158
-184
-161
-148
-157
-186
-234
-232
-230
-209
-182
-178
-142
-118
-90
-94
-53
-19
35
35
-25
-42
-49
-73
-94
-76
-135
-155
-155
-158
-244
-248
-294
-256
-215
-213
-168
-168
-143
-160
-142
-126
-115
-86
-74
-47
-53
-102
-152
-169
-170
-138
-96
-106
-117
-99
-169
-204
-162
-153
-122
-137
-93
-19
-12
21
17
18
36
40
69
87
96
142
99
107
77
20
47
22
49
59
79
80
87
17
63
75
41
74
-25
-11
28
32
40
49
72
73
9
40
65
47
49
24
65
-10
-33
-23
-110
-97
-98
-137
-133
-153
-146
-198
-192
-163
-208
-155
-130
-112
-98
-90
-75
-19
-47
-39
-12
-37
-22
-70
-53
-49
-35
-37
-55
-90
-84
-69
-86
-61
-47
-74
-88
-134
-66
-75
-120
-139
-132
-108
-126
-134
-96
-75
-112
-160
-183
-223
-220
-200
-166
-143
-199
-201
-165
-147
-133
-119
-97
-16
1
-42
-40
-26
-35
-22
13
31
15
-10
-25
-42
-62
-65
-53
-35
-4
-4
-25
-2
-24
-34
-40
-53
-22
10
11
36
72
83
60
22
84
75
56
60
64
96
94
84
52
46
62
18
-12
8
30
11
-3
-4
-61
-65
-93
-97
-72
-41
-35
-36
1
-3
10
2
11
-7
-32
-45
-100
-119
-102
-92
-113
-99
-121
-143
-150
-170
-165
-111
-66
-46
-29
-37
19
18
42
45
31
25
-46
-90
-72
-74
-90
-96
-123
-168
-159
-186
-156
-185
-185
-158
-184
-144
-185
-130
-83
-49
-87
-69
-40
-53
-32
-12
58
49
16
-5
-12
-28
-78
-53
-65
-86
-76
-89
-82
-85
-46
-52
-28
-45
-82
-40
-42
-15
29
80
95
52
18
-39
-75
-27
-22
45
47
-16
-12
-54
-93
-176
-121
-147
-109
-66
-37
-65
-75
-72
-88
-102
-82
-105
-105
-79
-124
-96
-103
-146
-165
-132
-176
-165
-209
-222
-260
-255
-253
-291
-276
-264
-246
-284
-261
-217
-185
-153
-109
-109
-52
-48
-18
-31
-35
-11
-51
4
-51
-93
-77
-115
-171
-215
-210
-189
-239
-247
-177
-143
-180
-176
-149
-143
-116
-75
-55
-32
-72
-78
-116
-73
-18
-29
-64
-97
-110
-118
-138
-162
-179
-192
-216
-157
-119
-102
-116
-105
-56
-48
-5
-16
-16
-13
34
66
66
91
64
23
-4
-14
46
58
57
14
20
5
-44
-7
-32
-46
-48
-14
28
-11
-14
-50
-32
1
26
104
137
140
118
85
115
86
111
121
98
78
-3
-17
-32
-70
-71
-56
-70
-75
-118
-117
-102
-61
-37
-10
46
69
73
133
97
96
60
80
117
85
90
51
65
-19
-45
-67
-73
-89
-107
-100
-121
-156
-121
-137
-126
-74
-122
-90
6
19
21
81
44
34
47
86
89
26
22
-13
-60
-88
-173
-177
-158
-184
-174
-152
-161
-140
-134
-156
-126
-88
-66
-39
-25
-24
12
-20
-3
11
-14
32
68
34
-4
40
-40
-36
-58
-87
-62
-84
-10
-38
-25
-30
-24
-23
-21
36
52
109
99
127
153
139
134
122
106
121
110
72
54
-8
-86
-140
-127
-143
-118
-182
-145
-157
-200
-138
-142
-142
-110
-30
-29
-67
-85
-37
-65
-73
-12
7
9
-33
-51
-105
-154
-182
-200
-208
-207
-242
-238
-224
-299
-274
-269
-280
-226
-251
-187
-168
-149
-128
-116
-100
-95
-82
-97
-57
-51
-83
-36
-122
-179
-107
-142
-144
-142
-158
-184
-154
-144
-164
-108
-100
-30
-10
-27
8
24
33
36
34
79
118
75
64
99
39
7
0
-54
-33
-40
-51
-49
-100
-129
-120
-161
-121
-85
-91
-46
-32
-22
-11
9
24
69
92
82
75
82
65
11
-1
10
-12
-24
-29
-97
-76
-30
-19
-18
-7
-29
-10
20
-7
42
40
51
57
8
37
20
55
46
47
17
17
14
-48
-61
-62
-15
-64
-97
-114
-190
-154
-156
-130
-113
-106
-51
-42
-33
-72
-29
-45
12
52
59
84
92
69
11
55
57
44
39
29
-53
-33
-37
-16
-30
3
14
-46
-10
25
24
0
-15
-1
50
20
31
20
96
113
71
35
14
-15
-7
10
-17
-23
-51
-62
-75
-90
-79
-35
-50
-25
-42
-39
-11
-55
-60
-18
48
14
35
45
-13
-44
-23
-59
-26
-34
-41
-81
-93
-73
-72
-32
-69
-55
-51
-16
-18
7
-23
9
24
34
82
52
63
60
67
51
59
33
1
35
36
32
29
4
-3
-37
-50
-50
-80
-57
-74
-111
-168
-138
-142
-128
-180
-212
-193
-245
-168
-156
-162
-199
-205
-166
-185
-166
-116
-140
-158
-169
-154
-199
-177
-165
-133
-88
-69
-95
-61
-51
-58
-46
-35
23
25
74
58
49
27
27
-7
-11
9
14
67
28
63
-11
-72
-71
-41
10
2
-49
-98
-102
-86
-125
-78
-83
-81
-41
-40
-36
-62
-57
-48
-9
-10
-1
-59
-63
-103
-120
-79
-106
-75
-99
-39
-41
-53
-27
-32
-37
-19
28
54
70
56
49
65
83
57
77
97
19
35
20
29
-35
-66
-11
2
13
-12
-29
-65
-94
-54
-86
-66
-49
-52
-67
-82
-132
-137
-120
-107
-138
-201
-181
-133
-119
-170
-201
-162
-175
-141
-160
-153
-155
-187
-127
-132
-131
-106
-38
-66
-24
3
-9
24
41
67
83
21
35
46
28
61
77
64
67
63
26
4
-18
-14
1
38
8
73
72
16
-1
24
46
-15
5
-46
-16
-28
-45
-50
-39
-42
-17
-6
-22
-22
-32
-31
-15
31
-2
45
60
24
53
22
-1
39
50
117
97
64
59
39
53
78
62
84
83
61
68
29
-9
21
-16
-47
-9
-35
-62
-74
-75
-113
-108
-70
-56
-65
-78
-90
-127
-143
-125
-107
-86
-92
-85
-96
-70
-85
-120
-118
-114
-127
-142
-107
-131
-154
-123
-112
-100
-122
-103
-97
-111
-92
-82
-87
-78
-72
-57
-46
-52
-53
-63
-44
-71
-68
-99
-82
-37
-30
-42
-82
-61
-98
-20
-2
-33
-17
49
46
27
11
5
7
-28
-71
-60
-74
-89
-95
-123
-97
-74
-64
-68
-71
-82
-88
-95
-59
-47
-51
-56
-22
-47
-39
-39
-22
22
51
-10
-3
55
24
39
7
-11
7
-7
-53
-58
-62
-93
-68
-70
-97
-87
-104
-132
-99
-108
-93
-76
-119
-87
-102
-102
-112
-79
-65
-65
-81
-78
-58
-122
-70
-55
-71
-96
-108
-114
-123
-149
-124
-127
-41
-63
-91
-42
-54
-22
-51
-33
-32
29
25
-5
17
40
2
-14
-31
-26
-63
-99
-114
-113
-125
-107
-123
-86
-69
-86
-47
-34
-4
-15
45
30
15
25
52
81
88
100
82
96
81
32
11
44
35
-33
-17
-63
-94
-48
-12
-32
-46
-26
-54
-9
38
34
45
54
65
91
91
94
103
95
93
130
81
36
48
37
12
19
-4
5
8
-54
-40
-40
-5
-40
-18
5
2
30
22
43
16
21
78
76
96
103
91
122
88
75
48
37
3
-42
-10
-15
-12
2
-39
-7
40
41
21
34
17
30
39
47
52
105
65
37
4
-51
-36
-62
-70
-108
-89
-93
-137
-140
-167
-217
-209
-188
-216
-184
-129
-134
-150
-85
-101
-88
-64
-38
-26
-48
-37
-21
2
35
10
1
-12
-6
8
-23
-17
-48
-52
-34
-30
-10
-15
-21
-3
41
64
80
85
91
120
183
196
195
159
168
153
140
133
89
56
61
20
-8
-58
-103
-107
-129
-86
-102
-153
-133
-118
-153
-113
-99
-78
-41
-23
10
-22
-1
-41
-103
-125
-242
-445
-818
-1081
-1031
-543
141
537
479
18
-228
-65
340
627
494
86
-161
-12
399
581
-140
-1247
-2067
-1744
-534
512
636
-208
-919
-797
-3
730
523
-451
-1386
-1749
-1398
-1001
-1005
-1418
-1681
-1404
-907
-426
-176
-11
357
757
1095
1004
781
625
642
786
849
726
692
725
700
675
465
262
151
79
49
119
127
189
223
89
-118
-177
-106
152
469
708
739
770
753
766
724
757
838
991
955
671
345
312
476
669
580
87
-430
-767
-637
-389
-298
-480
-834
-1056
-1065
-1024
-909
-841
-805
-728
-716
-835
-861
-735
-622
-618
-685
-760
-759
-632
-547
-581
-488
-533
-542
-504
-463
-297
-97
140
316
435
445
554
718
955
1298
1559
1713
1728
1892
2176
2487
2727
2836
2937
2971
3163
3483
3780
4224
4612
4841
4816
4747
4657
4297
3514
2092
257
-1476
-2557
-2880
-2737
-2573
-2815
-3437
-4452
-5460
-5756
-5431
-4384
-3214
-2301
-1481
-722
151
982
1551
1956
2198
2429
2923
3449
3961
4400
4384
3801
2688
1386
226
-465
-804
-970
-1335
-2066
-2900
-3888
-4775
-5493
-6008
-6187
-6052
-5744
-5182
-4578
-3930
-3348
-2886
-2446
-1954
-1379
-617
367
1302
1969
1926
1502
863
372
295
374
470
404
171
-88
-391
-688
-769
-652
-341
167
733
1240
1829
2394
2974
3712
4428
5280
6178
7211
8286
9304
9935
9538
7556
4280
566
-2390
-3834
-4101
-3709
-3534
-4115
-5522
-7602
-9629
-10567
-10154
-8563
-6589
-4648
-2740
-919
736
2050
2852
3316
3670
4129
4881
5925
7186
8226
8428
7435
5422
2989
702
-965
-1938
-2424
-2779
-3330
-4292
-5593
-6883
-7840
-8296
-8184
-7699
-7036
-6055
-4984
-3711
-2278
-997
-90
331
452
683
1362
2357
3312
3680
3162
1969
654
-315
-765
-806
-848
-1188
-1854
-2755
-3489
-3667
-3377
-2886
-2312
-1816
-1350
-701
8
810
1630
2334
2954
3581
4184
4955
5871
6780
7647
8252
8611
8873
9271
9745
9959
9261
6926
2958
-1733
-5691
-8060
-8630
-7994
-7238
-7056
-7789
-9155
-10414
-10685
-9577
-7218
-4398
-1642
768
2983
5141
6880
8091
8744
8695
8127
7484
6989
6939
7215
7220
6401
4261
1169
-2048
-4860
-6726
-7593
-7865
-7853
-7977
-8285
-8509
-8508
-8037
-7092
-5860
-4611
-3326
-1928
-303
1524
3137
4371
4867
4764
4369
3940
3716
3601
3403
2829
1693
46
-1468
-2680
-3498
-3830
-4044
-4288
-4653
-5025
-5035
-4662
-3913
-2926
-2018
-1259
-443
400
1336
2362
3313
4165
4741
5037
5248
5511
5940
6494
6979
7271
7489
7701
7892
8178
8431
8335
7308
4833
970
-3521
-7421
-9637
-10023
-9053
-7713
-6829
-6743
-7436
-8294
-8512
-7507
-5242
-2224
794
3535
5798
7502
8666
9311
9518
9122
8249
7078
5800
4907
4506
4207
3399
1591
-1055
-4144
-7109
-9334
-10448
-10328
-9400
-8365
-7479
-6844
-6194
-5316
-4024
-2472
-830
800
2120
3143
3937
4599
5123
5384
5166
4531
3602
2496
1474
445
-670
-1825
-2987
-3986
-4856
-5508
-5851
-5890
-5705
-5327
-4929
-4507
-3835
-2935
-1799
-559
664
1704
2459
2989
3452
4056
4612
5195
5526
5545
5518
5581
5720
5913
6023
6057
6110
6156
6240
6343
6389
5897
4241
1204
-2730
-6588
-9353
-10448
-10076
-8673
-7075
-6053
-5814
-6187
-6472
-5839
-4252
-1794
913
3406
5627
7365
8613
9339
9530
9195
8181
6584
4789
3105
2033
1425
891
-55
-1761
-4114
-6740
-8921
-10175
-10246
-9474
-8269
-6954
-5721
-4353
-2960
-1557
-214
1135
2237
3023
3424
3557
3710
3883
4161
4058
3485
2402
990
-278
-1509
-2565
-3415
-4285
-4885
-5344
-5538
-5235
-4870
-4286
-3657
-3196
-2516
-1797
-911
139
1075
2095
2740
3160
3326
3282
3352
3402
3555
3716
3905
3958
3973
3868
3869
3978
4249
4758
5228
5639
5864
6031
5775
4696
2341
-1069
-4819
-8070
-9929
-10364
-9335
-7425
-5652
-4501
-4375
-4688
-4532
-3729
-1878
579
3041
5410
7160
8342
9074
9301
9063
8037
6178
3975
1811
191
-756
-1209
-1612
-2347
-3730
-5732
-7838
-9488
-10006
-9470
-8252
-6500
-4586
-2743
-1005
487
1956
3353
4218
4589
4254
3645
3339
3059
3197
3219
2837
2120
618
-1016
-2670
-4094
-4925
-5521
-5792
-5682
-5547
-5081
-4396
-3663
-2755
-2015
-1390
-915
-423
211
1140
2088
2829
3192
3087
2868
2514
2381
2593
2860
3192
3460
3459
3529
3554
3789
4435
5023
5730
6164
6265
6398
6119
5238
3121
-323
-4100
-7581
-9826
-10501
-9661
-7649
-5577
-4111
-3625
-3640
-3339
-2584
-962
1079
3363
5659
7343
8655
9414
9715
9522
8380
6376
3835
1238
-908
-2442
-3198
-3408
-3634
-4265
-5529
-7020
-8307
-8917
-8650
-7702
-6078
-3979
-1826
259
2164
3724
4961
5510
5204
4354
3160
2046
1204
856
951
920
496
-404
-1811
-3271
-4682
-5975
-6691
-6914
-6557
-5634
-4520
-3166
-1845
-821
-95
364
680
936
1128
1509
2007
2521
2867
2890
2512
1976
1542
1282
1227
1297
1474
1672
2114
2787
3510
4369
5339
6203
6909
7258
7187
6834
5457
2975
-310
-4088
-7194
-9246
-9973
-9154
-7468
-5621
-4248
-3721
-3227
-2690
-1757
-170
1665
3799
5738
7195
8301
9145
9546
9315
8087
6019
3406
567
-1942
-3642
-4595
-4885
-4940
-5279
-5862
-6678
-7402
-7761
-7748
-7123
-5796
-4032
-1751
612
2925
5013
6239
6637
5975
4778
3341
1945
848
-29
-503
-836
-1406
-1903
-2744
-3723
-4810
-6137
-6881
-7156
-6726
-5445
-3822
-1804
68
1198
1871
1896
1781
1550
1342
1326
1397
1485
1489
1462
1260
934
691
527
543
635
912
1402
2076
3069
4093
5164
6247
7206
7776
8140
8259
7888
6617
3817
100
-3947
-7460
-9792
-10730
-10010
-8311
-6427
-4933
-4030
-3251
-2288
-1189
340
2045
3855
5721
7257
8688
9775
10339
10100
8843
6518
3562
420
-2381
-4364
-5420
-5689
-5694
-5840
-6190
-6751
-7261
-7420
-7354
-6779
-5554
-3758
-1505
1059
3614
5933
7391
7788
7118
5746
4120
2335
913
-112
-741
-1223
-1870
-2438
-3039
-3910
-4982
-6230
-7135
-7424
-6964
-5727
-3993
-1815
299
1817
2678
2907
2652
2142
1458
976
729
603
601
662
783
791
545
262
75
88
480
1202
2102
3163
4264
5295
6388
7483
8103
8600
8816
8435
7356
4833
1294
-2666
-6435
-9008
-10448
-10435
-9119
-7536
-5864
-4572
-3507
-2384
-1373
-144
1404
3019
4740
6370
7806
9079
9935
10019
9117
7204
4500
1418
-1667
-4085
-5515
-6194
-6264
-6136
-6178
-6305
-6621
-6894
-6869
-6500
-5439
-3905
-1918
560
3125
5518
7287
8006
7692
6749
5146
3309
1545
95
-804
-1396
-1953
-2356
-2841
-3558
-4453
-5691
-6633
-7134
-7112
-6322
-4960
-3111
-967
823
2229
3059
3100
2738
1821
969
451
231
421
752
1081
1422
1409
1240
1053
850
980
1277
1861
2728
3536
4483
5551
6508
7498
7991
8093
7953
6959
4885
1626
-2227
-6177
-9232
-11011
-11341
-10324
-8734
-6991
-5463
-4136
-2769
-1455
-78
1557
3055
4724
6170
7563
8974
10030
10632
10202
8673
6241
3098
-234
-3191
-5356
-6509
-6913
-6819
-6618
-6601
-6691
-6809
-6737
-6459
-5736
-4531
-2774
-529
2031
4749
7161
8487
8876
8052
6346
4436
2236
679
-395
-1292
-1874
-2418
-2984
-3425
-4331
-5305
-6199
-7067
-7296
-7167
-6259
-4417
-2177
185
2084
3236
3816
3539
2766
1919
1012
466
192
258
598
1044
1227
1241
1008
671
388
233
517
1157
2080
3151
4211
5208
6055
6544
7107
7437
7528
6851
4854
1735
-1975
-5815
-8729
-10364
-10602
-9511
-7976
-6291
-4963
-3816
-2533
-1176
236
1769
3123
4427
5655
6779
8065
9155
9619
9306
7843
5364
2408
-802
-3596
-5499
-6510
-6768
-6570
-6402
-6242
-6191
-6105
-5842
-5535
-4758
-3638
-2017
167
2615
5109
7291
8572
8810
8039
6225
4279
2052
275
-860
-1848
-2262
-2655
-2983
-3106
-3816
-4712
-5682
-6746
-7149
-7108
-6071
-4074
-1868
444
2302
3400
3750
3241
2181
1109
241
-217
-251
-60
351
764
893
841
369
-217
-608
-813
-387
340
1347
2607
3745
4777
5575
6225
6925
7559
7941
7888
6696
4134
614
-3495
-7024
-9292
-10329
-9867
-8610
-7141
-5613
-4384
-3172
-1794
-614
783
2106
3366
4716
5864
7172
8393
9269
9522
8723
6848
4222
1066
-1857
-4044
-5386
-6018
-6117
-6127
-6118
-6103
-6130
-5817
-5523
-5029
-4049
-2817
-1123
997
3286
5533
7313
8285
8283
6969
5263
3074
956
-551
-1880
-2304
-2548
-2700
-2690
-3318
-4092
-5084
-6336
-7074
-7311
-6702
-5191
-3128
-677
1471
2867
3483
3259
2381
1321
347
-304
-528
-468
-192
253
531
589
384
1
-267
-612
-588
-152
617
1821
2860
3918
4965
5801
6583
7292
7926
8535
8288
6809
3942
-13
-4000
-7322
-9513
-10179
-9467
-8176
-6708
-5565
-4459
-3044
-1749
-304
1190
2538
3843
4839
5907
7290
8598
9635
9847
8894
6891
3978
757
-2100
-4329
-5608
-6184
-6359
-6413
-6376
-6400
-6263
-6092
-5863
-5220
-4316
-3036
-1316
836
3336
5759
7516
8442
8351
7268
5413
3327
1276
-317
-1549
-2324
-2727
-3039
-3297
-4013
-5024
-6083
-6982
-7506
-7437
-6724
-5159
-3117
-894
1014
2289
2969
2919
2346
1502
794
276
6
-11
218
456
652
677
483
197
-254
-624
-743
-444
308
1309
2474
3533
4565
5471
6409
7459
8293
9197
9461
8416
5972
2174
-2067
-5832
-8591
-9848
-9690
-8806
-7506
-6210
-4988
-3562
-2167
-703
699
1805
2821
3788
4835
6433
8188
9625
10286
9653
7751
4882
1452
-1554
-3815
-5258
-5960
-6410
-6562
-6575
-6683
-6611
-6346
-6007
-5410
-4682
-3618
-1934
170
2718
5222
7285
8538
8675
7673
6066
4050
2128
678
-753
-1688
-2537
-3302
-3959
-4734
-5587
-6419
-7184
-7637
-7662
-7050
-5632
-3803
-1633
360
2026
3138
3578
3447
3099
2557
1922
1385
860
560
507
397
308
122
-231
-695
-1223
-1498
-1395
-845
81
1110
2149
3199
4270
5460
6803
8207
9416
10350
10241
8709
5923
1846
-2498
-6231
-8977
-10165
-10214
-9589
-8170
-6953
-5593
-4092
-2859
-1491
-343
747
2046
3331
4881
6795
8548
9884
10266
9467
7603
4899
1894
-801
-2989
-4524
-5488
-6339
-6823
-6936
-6911
-6517
-6066
-5687
-5198
-4663
-3705
-2012
152
2817
5413
7370
8473
8401
7441
6010
4313
2575
905
-692
-2030
-3279
-4287
-4980
-5441
-5777
-6195
-6661
-7015
-7059
-6532
-5281
-3297
-997
1222
2919
4035
4560
4345
3757
2921
2034
1124
316
-264
-545
-631
-727
-878
-1105
-1459
-1900
-2184
-2078
-1418
-366
927
2410
3827
5188
6502
7782
8978
9899
10631
10571
9093
6235
2141
-2290
-6014
-8928
-10399
-10436
-9650
-8296
-7100
-5904
-4397
-3020
-1557
-41
1293
2613
3921
5384
7239
9112
10505
11010
10412
8704
6047
2825
-206
-2690
-4690
-5890
-6594
-6877
-6781
-6724
-6467
-6169
-5893
-5360
-4769
-3674
-1846
402
2996
5515
7513
8707
8869
8012
6202
4077
1690
-319
-2020
-3426
-4016
-4586
-4607
-4655
-4972
-5181
-5808
-6191
-6026
-5496
-3926
-1828
396
2617
4094
5022
5009
4218
3034
1492
32
-1203
-2047
-2407
-2276
-2061
-1864
-1710
-1886
-2130
-2395
-2346
-1677
-585
1024
2798
4445
6045
7173
8267
9270
10156
10884
11198
11143
9875
7107
3054
-1889
-6227
-9562
-11713
-12161
-11751
-10523
-9097
-7792
-5939
-4102
-2256
-501
1170
2687
4128
5722
7642
9632
11176
11897
11544
9863
7094
3719
211
-2526
-4705
-6157
-6937
-7519
-7702
-7762
-7649
-7117
-6471
-5756
-4850
-3792
-2244
-183
2264
4928
7297
8756
9191
8427
6817
4576
2143
62
-1913
-3077
-3947
-4485
-4550
-4695
-4849
-5259
-5939
-6157
-6220
-5772
-4445
-2737
-557
1364
2880
3837
4001
3376
2193
696
-742
-1818
-2591
-2790
-2499
-2002
-1592
-1465
-1520
-1617
-1739
-1372
-461
910
2492
3974
5330
6472
7178
7795
8357
8928
9593
9849
9994
9603
8041
5078
848
-3969
-8322
-11752
-13690
-13825
-12685
-10782
-8506
-6404
-4119
-2081
-420
1358
2805
4261
5730
7165
9031
10830
11986
12421
11540
9344
6170
2273
-1401
-4293
-6485
-7657
-8131
-8257
-8027
-7731
-7329
-6658
-6097
-5521
-4719
-3735
-2008
245
2848
5660
7773
8828
8570
7098
5327
3253
1453
146
-944
-1827
-2747
-3405
-3895
-4155
-4392
-4801
-5178
-5685
-5866
-5550
-4614
-2840
-981
718
1918
2336
2256
1454
451
-399
-1098
-1643
-1998
-2064
-1821
-1478
-1196
-721
-296
48
403
938
1809
2901
4020
5004
5889
6467
6659
6769
6927
7265
7642
8001
8339
8537
7764
5472
1974
-2565
-7152
-10864
-13241
-13377
-12056
-9949
-7343
-5174
-3145
-1361
26
1421
2787
3911
5090
6199
7559
9126
10443
11055
10664
8913
5956
2425
-1158
-3890
-5748
-6818
-7100
-7181
-7155
-6979
-6794
-6276
-5782
-5396
-4862
-4317
-3348
-1653
512
3214
5738
7392
7944
7347
5731
3925
2120
606
-190
-1130
-1734
-2127
-2583
-2556
-2838
-3374
-4015
-5119
-5951
-6358
-5995
-4557
-2783
-923
620
1407
1463
961
65
-670
-1195
-1613
-1603
-1442
-799
46
812
1589
2042
2187
2137
2056
2324
2884
3564
4304
4761
5066
4983
4699
4579
4627
4836
5146
5544
6066
6399
5906
4036
1140
-2727
-6697
-9527
-11421
-11252
-9849
-7875
-5436
-3577
-1879
-316
788
1981
2973
3667
4457
5135
6147
7465
8630
9391
9227
7735
5183
1963
-1409
-3967
-5725
-6792
-6986
-7091
-6938
-6631
-6505
-6105
-5935
-5980
-5755
-5268
-4074
-1853
936
4043
6564
7880
8029
7031
5497
3914
2666
1766
1063
403
-337
-1117
-1817
-2480
-3387
-4472
-5756
-7076
-7940
-7970
-7058
-5278
-3247
-1458
-279
141
142
-152
-420
-422
-213
208
731
1319
2091
2791
3305
3406
3014
2461
1702
1205
1166
1468
2047
2516
2839
2827
2369
1846
1605
1725
2293
3233
4479
5971
7507
8565
8124
6051
2499
-2064
-6086
-9055
-10168
-9334
-7697
-5499
-3582
-2230
-986
-222
238
772
1060
1520
2268
3488
5433
7612
9426
10196
9403
7081
3873
282
-2817
-4860
-6107
-6426
-6345
-6298
-6061
-5996
-5881
-5657
-5653
-5482
-5125
-4323
-2593
-120
2794
5651
7418
8198
8001
6820
5555
4235
2990
1903
635
-639
-1679
-2467
-2940
-3472
-4213
-5200
-6505
-7641
-8218
-7970
-6778
-4918
-3052
-1428
-286
414
797
1140
1613
2070
2564
2856
3019
3124
3132
2973
2636
2002
1111
17
-812
-1129
-956
-448
163
704
902
937
952
1299
2130
3291
4843
6409
7826
9210
10317
10752
9770
6998
2896
-2088
-6470
-9496
-10630
-9729
-7970
-6030
-4608
-3776
-3106
-2546
-1984
-1060
-104
1082
2374
3973
5964
7987
9593
10043
9126
6767
3525
127
-2662
-4483
-5270
-5364
-5114
-5025
-4961
-5020
-5146
-5173
-5342
-5401
-5188
-4437
-2820
-407
2476
5283
7208
7967
7421
6125
4491
2929
1734
633
-280
-1144
-2048
-2632
-3113
-3656
-4275
-5361
-6463
-7447
-7939
-7372
-5941
-3816
-1631
-5
1056
1601
1722
1721
1714
1865
2008
1856
1665
1392
1214
976
637
231
-277
-806
-1019
-931
-383
493
1381
2264
2725
3029
3388
3872
4495
5191
5921
6677
7363
8157
8980
9341
8186
5295
930
-4047
-8131
-10920
-11458
-10170
-8130
-5855
-4211
-3133
-2115
-1341
-532
203
826
1725
2708
4181
6220
8343
9817
10123
8796
6123
2821
-568
-3121
-4576
-5083
-4798
-4461
-4325
-4191
-4413
-4605
-4912
-5435
-5798
-5688
-4822
-3013
-337
2496
5175
6682
6833
5958
4343
2760
1433
532
70
-470
-875
-1286
-1675
-1922
-2548
-3593
-4927
-6302
-7263
-7379
-6449
-4760
-2782
-1137
-180
259
301
282
424
756
1136
1305
1224
1085
1010
1103
1088
979
622
114
-314
-462
31
898
2059
3078
3530
3476
3075
2726
2594
2739
3343
4081
5107
6098
7073
8246
9063
8586
6201
2300
-2608
-6782
-9603
-10441
-9015
-6850
-4625
-3162
-2756
-2506
-2384
-2138
-1524
-811
232
1517
2996
5061
7472
9279
10014
9153
6788
3651
400
-2175
-3377
-3445
-2948
-2421
-2615
-3138
-3975
-4842
-5586
-6382
-6848
-6855
-6168
-4523
-1950
1110
3991
5818
6273
5496
3662
1828
415
7
344
684
1050
1056
719
193
-584
-1813
-3226
-5044
-6646
-7619
-7695
-6491
-4681
-2759
-1247
-651
-475
-616
-914
-707
-298
354
1020
1467
1918
2294
2503
2408
1966
1304
677
152
-44
222
903
1655
2108
2191
2067
1778
1612
1657
2102
2781
3648
4451
5299
6422
7468
8718
9088
7702
4771
274
-4137
-7283
-9076
-8676
-7171
-5515
-4138
-3775
-3663
-3331
-2940
-2165
-1229
-312
806
2134
3786
5952
7940
9017
9071
7539
5075
2281
-298
-1707
-2230
-2335
-2249
-2658
-3433
-4421
-5496
-6104
-6522
-6868
-6867
-6371
-5197
-3204
-819
1751
3854
4876
4891
4190
3332
2820
2562
2659
2828
2658
2151
1191
206
-931
-2430
-4330
-6233
-7937
-8812
-8668
-7620
-5783
-3946
-2520
-1649
-1247
-874
-370
249
973
1587
2106
2337
2443
2626
2617
2297
1528
562
-374
-978
-992
-430
631
1697
2333
2411
2136
1755
1460
1426
1770
2259
2743
3269
3995
4991
6086
7258
8251
8883
8227
5873
2524
-1654
-4995
-6995
-7833
-6936
-5765
-4491
-3498
-3376
-3069
-2741
-2435
-1814
-1388
-700
479
2112
4168
6305
7828
8393
7717
5610
2980
528
-1299
-2060
-2298
-2174
-1836
-2113
-2479
-3248
-4159
-4942
-6000
-6694
-6859
-6189
-4577
-2283
256
2631
4044
4398
3959
2932
1978
1412
1000
891
869
557
709
484
-82
-741
-2415
-4194
-6077
-7501
-7578
-7038
-5490
-3599
-2132
-868
-335
-203
-68
-118
-10
150
376
713
1106
1655
2164
2330
2086
1682
1147
752
669
992
1743
2254
2531
2547
2216
1865
1535
1422
1465
1586
1751
2045
2584
3584
4662
5868
7062
8057
8616
7533
5309
1957
-1563
-3993
-5625
-5718
-5087
-4272
-3284
-3218
-3350
-3502
-3540
-3120
-2759
-2199
-1342
-152
1397
3186
4906
6053
6534
5907
4397
2682
1114
323
-69
-218
-302
-774
-1475
-2543
-3715
-4503
-5321
-6082
-6614
-6835
-6310
-5134
-3419
-1485
109
971
1323
1267
1143
1361
1795
2483
2980
3085
2944
2507
1816
907
-411
-2051
-3738
-5324
-6340
-6659
-6120
-5086
-4091
-3280
-2798
-2540
-2083
-1417
-422
746
1828
2615
3014
3179
3032
2734
2490
2078
1537
1040
540
249
252
539
798
1010
1069
891
577
351
380
721
1153
1596
1965
2659
3541
4760
6221
7505
8971
9757
9917
8465
5849
2077
-1833
-4611
-6607
-6807
-6537
-5748
-4916
-4817
-4660
-4882
-5089
-4831
-4470
-3703
-2493
-893
1619
4145
6387
7799
8082
7159
5450
3475
1719
743
94
-65
-260
-791
-1501
-2492
-3581
-4721
-6086
-7368
-8295
-8542
-7777
-6254
-4017
-1646
405
1638
2099
2064
1920
1980
2180
2673
2797
2742
2544
2113
1853
1424
547
-730
-2700
-4509
-5965
-6493
-5964
-4917
-3383
-2286
-1481
-935
-642
-221
265
581
619
403
328
363
769
1363
1849
2104
1796
1269
639
462
686
1232
1919
2320
2518
2507
2441
2431
2489
2486
2260
1995
1847
1984
2769
3963
5226
6388
7154
7421
6567
4794
2089
-1125
-3450
-5231
-5289
-4554
-3655
-2584
-2437
-2387
-2917
-3558
-3988
-4110
-3652
-2784
-1570
-153
1483
3280
4801
5691
5672
4723
3378
1896
942
416
394
669
676
382
-519
-1743
-3279
-4716
-5919
-6727
-7036
-6959
-6241
-5028
-3471
-1977
-830
-259
-38
-2
76
422
1104
2071
3092
4025
4668
4833
4449
3739
2433
840
-868
-2373
-3479
-4126
-4231
-4119
-3920
-3978
-4175
-4341
-4416
-4227
-3758
-3029
-2135
-1125
-20
1001
1956
2549
2773
2750
2418
2066
1879
2069
2486
3011
3436
3435
2983
2219
1330
550
105
-56
30
189
565
998
1650
2507
3419
4479
5370
6120
6743
7177
7050
6171
4287
1718
-864
-2958
-3832
-4091
-3929
-3882
-4397
-4983
-5529
-5506
-5238
-4581
-3827
-3213
-2350
-1408
-2
1568
3019
4149
4793
4814
4208
3248
2341
1553
1210
1280
1196
917
10
-1172
-2469
-3423
-4168
-4821
-5426
-6018
-6274
-5863
-4677
-3185
-1722
-705
-227
-138
-71
383
1210
2351
3362
4072
4450
4400
4143
3459
2379
785
-1228
-3051
-4508
-5151
-5086
-4572
-4032
-3765
-3626
-3709
-3653
-3441
-2939
-2130
-1119
-5
983
1844
2490
2877
3115
2999
2694
2284
1986
1889
1928
2198
2446
2539
2304
1758
1097
519
278
324
436
553
544
519
658
1250
2195
3253
4246
4944
5514
5856
6014
5839
4875
3172
1071
-880
-2091
-2429
-1875
-1308
-1185
-1839
-3155
-4281
-5063
-5142
-4786
-4289
-3923
-3706
-3151
-2239
-758
752
1828
2278
1885
1195
598
576
1081
1797
2574
2894
2716
2130
1289
342
-521
-1206
-1784
-2336
-2679
-2776
-2486
-1948
-1438
-1056
-1033
-1074
-1241
-1362
-1174
-712
-64
659
1224
1636
1856
1746
1420
805
-26
-800
-1379
-1625
-1622
-1406
-1215
-1206
-1260
-1328
-1294
-1091
-816
-551
-260
21
222
579
919
1222
1327
1303
1030
519
51
-292
-372
-325
-59
156
310
175
-73
-346
-599
-810
-921
-796
-654
-338
4
350
677
962
1152
1216
1368
1541
1789
2177
2651
3010
3293
3431
3542
3569
3489
3138
2454
1548
465
-438
-1006
-1176
-1008
-796
-618
-670
-1109
-1551
-1975
-2090
-2004
-1823
-1730
-1732
-1790
-1933
-1830
-1522
-1021
-568
-261
-54
74
218
370
517
599
533
315
159
179
379
667
898
1075
1000
797
596
408
292
210
165
96
33
6
75
237
434
440
109
-489
-1226
-1779
-1996
-1817
-1401
-956
-572
-440
-446
-563
-687
-865
-1012
-1182
-1317
-1263
-944
-457
67
465
506
354
33
-249
-393
-404
-436
-400
-403
-455
-421
-346
-245
-113
-64
-159
-173
-217
-43
63
284
522
570
660
611
567
456
309
189
100
105
219
363
552
701
827
1021
1145
1275
1430
1511
1640
1800
2119
2578
3016
3032
2685
1983
921
20
-547
-555
-242
77
87
-288
-959
-1701
-2191
-2394
-2364
-2391
-2429
-2391
-2165
-1445
-356
800
1855
2338
2246
1898
1337
1071
1180
1506
1908
2097
2089
1908
1600
1137
426
-412
-1439
-2357
-2933
-3117
-2675
-1988
-1299
-879
-772
-776
-731
-613
-469
-296
-115
51
348
818
1317
1783
1895
1408
546
-467
-1415
-2084
-2428
-2519
-2545
-2509
-2341
-2135
-1865
-1627
-1465
-1404
-1346
-1134
-754
-182
391
904
1113
1035
743
346
-35
-311
-336
-198
115
478
784
994
1040
927
815
694
503
394
313
267
346
419
534
637
633
621
647
705
670
678
788
1107
1522
1974
2318
2570
2807
3060
3143
3026
2569
1741
709
-119
-420
-177
502
1120
1438
1299
684
-36
-548
-734
-872
-1049
-1267
-1489
-1492
-1262
-752
-221
125
93
-282
-782
-1144
-1147
-862
-239
514
1182
1611
1751
1818
1594
1277
902
460
170
-56
-189
-334
-542
-885
-1249
-1560
-1985
-2350
-2628
-2797
-2772
-2612
-2264
-1798
-1338
-988
-742
-448
-192
47
151
168
31
-297
-734
-1110
-1374
-1569
-1600
-1520
-1350
-1161
-972
-749
-615
-432
-215
-52
39
114
78
-1
-29
-7
84
140
172
104
49
65
107
263
353
490
459
365
282
326
464
623
727
879
1032
1208
1485
1774
2103
2504
2974
3452
3920
4323
4631
4925
5379
5571
5516
4793
3204
961
-1393
-3210
-3901
-3540
-2628
-1865
-1729
-2251
-3031
-3596
-3588
-3039
-2308
-1544
-940
-379
420
1476
2589
3455
3624
3284
2521
1625
924
609
636
913
1097
865
134
-1160
-2524
-3702
-4326
-4426
-4154
-3805
-3506
-3367
-3022
-2378
-1616
-857
-554
-630
-788
-738
-277
656
1533
2161
2447
2270
1934
1515
1093
654
76
-431
-935
-1377
-1783
-2176
-2509
-2812
-2985
-2927
-2831
-2690
-2731
-2732
-2448
-1962
-1192
-426
129
339
431
462
598
868
1066
1346
1499
1659
1902
2096
2301
2294
1971
1536
1030
619
341
158
79
165
374
604
854
1153
1460
1859
2417
3032
3647
4144
4606
4949
5206
5506
5680
5611
4888
3494
1454
-753
-2727
-4040
-4492
-4262
-3699
-3218
-2873
-2656
-2567
-2551
-2438
-2288
-1977
-1466
-775
117
984
1743
2228
2371
2219
1732
1146
643
244
51
103
216
272
-26
-572
-1276
-1983
-2499
-2792
-2805
-2811
-2670
-2392
-1883
-1208
-535
76
428
552
464
362
363
405
612
895
1073
1157
1042
801
468
-72
-702
-1331
-1904
-2396
-2738
-2887
-2879
-2748
-2539
-2261
-1975
-1712
-1511
-1329
-1107
-806
-363
11
304
470
387
270
181
118
78
59
28
77
164
328
586
829
1018
1052
936
777
602
466
499
688
1051
1324
1592
1725
1719
1783
1822
1984
2205
2372
2551
2731
3050
3498
3878
4262
4372
3927
2936
1345
-651
-2619
-3972
-4479
-4176
-3413
-2754
-2495
-2675
-2952
-3127
-2861
-2280
-1459
-701
-95
584
1321
2093
2709
3048
3035
2680
1995
1320
671
133
-119
-288
-339
-515
-844
-1335
-1949
-2407
-2627
-2549
-2299
-1946
-1693
-1440
-1102
-625
140
764
1197
1341
1207
972
727
566
484
367
148
-72
-309
-401
-459
-607
-945
-1436
-2089
-2781
-3363
-3880
-4175
-4196
-3820
-3080
-2047
-1079
-349
71
137
86
114
363
756
1071
1259
1207
1040
865
713
611
440
250
108
-33
-26
96
325
562
655
585
407
97
-145
-301
-299
-70
168
388
465
529
607
813
1117
1514
1907
2160
2390
2563
2893
3293
3714
4150
4439
4433
3947
3023
1656
89
-1262
-2142
-2397
-2116
-1676
-1490
-1662
-2185
-2823
-3155
-3115
-2687
-2046
-1408
-698
-161
476
1111
1787
2306
2505
2477
2052
1511
1042
794
925
1272
1628
1736
1479
839
-111
-1088
-1847
-2283
-2402
-2333
-2225
-2099
-2022
-1988
-1890
-1729
-1607
-1557
-1511
-1443
-1232
-832
-289
267
666
946
968
674
225
-351
-868
-1253
-1374
-1322
-1273
-1203
-1265
-1450
-1575
-1599
-1411
-1189
-909
-704
-567
-440
-241
-8
198
273
152
-56
-351
-535
-561
-368
-148
87
304
467
566
569
463
380
325
285
178
65
-55
-209
-307
-249
-87
194
483
661
686
682
701
819
1094
1428
1752
2022
2220
2416
2522
2676
2867
3098
3259
3249
3136
2789
2279
1589
973
331
-202
-547
-845
-1076
-1294
-1508
-1598
-1579
-1504
-1296
-1050
-812
-612
-462
-375
-347
-372
-346
-234
-86
174
454
680
788
790
699
607
589
574
499
458
263
-12
-386
-771
-1007
-1218
-1226
-1251
-1248
-1318
-1357
-1307
-1298
-1150
-988
-866
-788
-743
-711
-584
-450
-337
-156
-133
-323
-568
-845
-1100
-1270
-1372
-1341
-1151
-889
-632
-371
-261
-200
-208
-147
-64
5
127
124
74
-47
-155
-233
-285
-341
-389
-374
-380
-332
-216
-87
72
189
188
160
38
24
-26
-38
-38
67
225
410
659
787
872
868
852
815
858
962
1225
1498
1798
2123
2348
2377
2312
2282
2249
2393
2575
2707
2807
2769
2641
2443
1958
1324
454
-507
-1261
-1706
-1792
-1610
-1310
-1156
-1188
-1381
-1587
-1619
-1533
-1347
-1142
-932
-739
-532
-309
-15
226
369
507
555
603
603
605
552
594
646
590
577
505
298
49
-147
-397
-573
-695
-807
-866
-925
-870
-881
-922
-841
-847
-849
-794
-757
-654
-546
-425
-415
-498
-627
-787
-984
-1090
-1188
-1253
-1281
-1190
-1086
-902
-728
-604
-471
-363
-198
-124
16
198
289
425
491
573
599
538
394
211
14
-119
-240
-342
-333
-377
-282
-137
38
202
198
73
-41
-136
-91
156
437
711
969
1141
1221
1287
1278
1298
1245
1197
1232
1287
1462
1622
1832
1951
2102
2170
2261
2190
1986
1881
1668
1540
1449
1193
777
121
-651
-1258
-1563
-1554
-1346
-1044
-943
-956
-1054
-1085
-967
-708
-384
-175
59
160
261
398
535
767
939
1080
1136
1099
966
816
703
659
778
838
798
568
178
-326
-788
-1146
-1342
-1565
-1860
-2087
-2356
-2430
-2372
-2216
-2112
-1997
-1869
-1666
-1360
-967
-478
-123
160
441
673
852
971
928
641
218
-192
-535
-689
-743
-780
-987
-1155
-1314
-1456
-1454
-1362
-1149
-1044
-894
-818
-701
-477
-245
0
184
435
690
862
962
1019
1011
913
801
664
528
241
-69
-338
-541
-697
-798
-808
-783
-726
-679
-448
-159
117
399
697
986
1395
1760
2077
2406
2559
2582
2565
2492
2366
2265
2154
2063
1966
1942
1807
1599
1220
553
-177
-852
-1367
-1449
-1211
-794
-351
32
252
371
442
425
439
470
466
409
400
391
370
268
60
-100
-266
-390
-605
-859
-1058
-1241
-1272
-1128
-871
-635
-402
-300
-354
-413
-418
-427
-421
-427
-433
-429
-450
-558
-665
-750
-882
-994
-1067
-1154
-1138
-1113
-1110
-1060
-1096
-1095
-1147
-1213
-1199
-1130
-962
-697
-440
-197
-21
79
125
251
285
314
209
45
-121
-275
-376
-473
-664
-913
-1149
-1391
-1451
-1479
-1307
-1109
-828
-629
-426
-105
163
437
624
738
696
634
582
622
748
941
1225
1390
1452
1292
1142
1034
891
842
851
859
768
728
736
846
1113
1406
1684
1885
2006
2011
2035
2108
2306
2401
2456
2387
2098
1663
1147
587
125
-206
-472
-557
-628
-701
-848
-1004
-1169
-1271
-1304
-1192
-1043
-795
-528
-266
-39
76
105
100
135
130
124
54
-5
-166
-295
-345
-477
-550
-653
-802
-971
-1143
-1320
-1406
-1325
-1238
-1093
-979
-856
-765
-741
-701
-677
-720
-729
-782
-807
-829
-891
-845
-892
-956
-1075
-1229
-1362
-1476
-1511
-1497
-1402
-1264
-1066
-924
-768
-620
-544
-420
-296
-184
-103
-13
44
85
240
356
465
560
640
619
563
515
422
362
308
183
10
-182
-254
-349
-396
-282
-194
-51
141
298
444
482
491
547
641
827
986
1164
1241
1309
1334
1460
1618
1727
1795
1814
1785
1628
1517
1488
1562
1649
1662
1597
1510
1311
1094
912
613
302
-21
-346
-612
-757
-760
-630
-438
-257
-211
-176
-200
-224
-278
-239
-239
-184
-87
-70
-16
-134
-343
-537
-830
-1093
-1329
-1482
-1478
-1410
-1325
-1288
-1191
-1212
-1224
-1213
-1201
-1098
-1025
-922
-806
-680
-498
-324
-230
-211
-303
-470
-583
-682
-738
-790
-784
-772
-788
-824
-771
-723
-652
-644
-702
-726
-749
-732
-618
-457
-313
-191
-150
-125
-53
-21
26
144
237
354
318
278
233
171
183
245
305
390
436
362
284
113
-25
-88
-88
-66
43
148
187
185
173
163
67
79
-6
-88
-98
-12
201
474
687
839
892
921
969
1055
1285
1543
1870
2115
2295
2352
2278
2231
2096
1906
1670
1352
1024
740
386
75
-260
-622
-845
-1121
-1344
-1523
-1629
-1527
-1325
-1042
-753
-478
-317
-281
-227
-155
-101
-54
-29
-78
-148
-173
-269
-380
-519
-726
-949
-1131
-1180
-1102
-981
-909
-869
-879
-921
-915
-894
-710
-568
-461
-361
-373
-363
-370
-397
-465
-486
-527
-565
-697
-784
-820
-895
-895
-900
-901
-941
-984
-978
-903
-797
-616
-388
-226
-87
32
112
213
241
326
434
443
493
535
567
479
333
204
29
-138
-310
-392
-490
-591
-756
-869
-850
-726
-547
-378
-199
-117
-44
41
144
322
568
819
865
854
794
689
618
612
630
697
805
839
884
896
890
885
960
1004
998
877
791
717
697
817
883
924
831
632
360
114
-45
-135
-169
-197
-222
-249
-267
-263
-227
-182
-135
-120
-153
-195
-263
-375
-388
-355
-286
-199
-150
-171
-155
-193
-336
-478
-650
-829
-918
-955
-929
-872
-822
-802
-723
-687
-705
-748
-870
-997
-1101
-1130
-1115
-973
-813
-753
-727
-792
-898
-1022
-1076
-1107
-1040
-930
-798
-659
-513
-398
-305
-204
-189
-227
-281
-254
-193
-103
10
129
193
211
162
62
-33
-94
-62
-35
41
60
143
133
80
19
-144
-188
-224
-169
-123
-26
101
171
208
295
390
447
544
541
571
615
769
812
908
989
1060
1086
1029
1025
1053
1205
1258
1318
1226
1034
881
773
758
727
765
733
621
511
427
313
306
361
379
306
242
172
84
97
124
121
105
62
-36
-82
-156
-198
-165
-84
-39
-51
-121
-241
-308
-429
-586
-678
-781
-787
-754
-604
-431
-297
-227
-251
-336
-497
-655
-742
-768
-740
-703
-678
-682
-800
-889
-1072
-1232
-1390
-1478
-1501
-1437
-1229
-995
-750
-528
-338
-266
-265
-279
-305
-285
-168
-94
6
38
36
-20
-112
-212
-254
-390
-500
-525
-509
-417
-289
-108
50
127
158
109
43
-37
-46
35
264
493
654
733
683
631
530
487
323
192
46
-142
-216
-238
-224
-97
110
279
490
584
600
598
541
652
765
971
1151
1269
1257
1153
1027
928
880
794
643
530
428
389
413
466
488
316
136
-80
-266
-416
-415
-344
-218
-29
115
214
303
273
286
283
248
231
144
48
-71
-147
-268
-333
-471
-725
-947
-1162
-1266
-1255
-1203
-1062
-891
-727
-602
-571
-551
-622
-692
-728
-755
-782
-721
-712
-702
-639
-589
-501
-499
-474
-493
-561
-577
-626
-572
-532
-510
-502
-493
-464
-444
-439
-477
-444
-384
-271
-176
13
108
89
73
77
59
74
74
45
-98
-244
-273
-352
-405
-380
-290
-287
-237
-196
-156
-67
107
252
415
527
586
585
522
518
550
630
694
737
748
718
698
681
658
649
586
521
464
403
390
431
476
512
528
514
481
410
300
308
349
428
515
561
672
716
790
828
888
842
769
579
386
292
120
42
-3
-67
-99
-191
-314
-404
-470
-540
-646
-586
-582
-547
-459
-463
-428
-385
-327
-304
-304
-396
-425
-432
-409
-391
-351
-318
-322
-371
-451
-549
-608
-662
-777
-747
-716
-699
-632
-566
-549
-555
-582
-636
-708
-687
-618
-548
-511
-499
-459
-452
-401
-424
-402
-385
-416
-407
-396
-397
-342
-276
-193
-105
-34
100
126
176
127
5
-1
19
-5
41
111
247
267
171
93
33
-28
-85
-78
-18
-7
-55
-35
-61
3
76
208
342
438
441
417
414
417
426
409
365
320
261
192
208
205
121
116
55
-27
-145
-212
-181
-130
-44
138
231
264
285
317
491
621
736
797
810
741
666
624
594
546
485
429
350
251
141
10
-132
-201
-266
-322
-290
-266
-258
-279
-295
-328
-367
-374
-393
-268
-109
27
123
202
294
350
335
321
247
110
-40
-121
-147
-189
-343
-480
-616
-807
-913
-965
-1006
-1065
-1010
-993
-982
-940
-945
-956
-957
-905
-788
-696
-563
-427
-307
-197
-127
-61
-25
-3
32
44
5
-16
-66
-134
-167
-259
-376
-447
-556
-666
-740
-805
-915
-920
-798
-671
-573
-424
-301
-248
-181
-178
-210
-257
-340
-298
-236
-183
-8
71
158
147
149
208
138
185
222
287
358
526
626
677
738
771
726
710
742
801
871
935
936
964
1024
903
808
645
542
436
346
289
248
280
379
425
502
551
560
552
600
567
537
514
454
518
586
607
497
423
347
276
191
97
132
81
35
21
-3
35
17
46
38
72
95
33
121
168
208
217
197
163
65
-49
-134
-244
-359
-440
-517
-559
-640
-640
-697
-758
-772
-871
-832
-790
-775
-708
-698
-650
-572
-539
-471
-340
-224
-137
-76
-60
-139
-219
-300
-325
-401
-511
-517
-563
-605
-627
-539
-505
-556
-607
-668
-760
-838
-887
-769
-616
-487
-342
-247
-145
-77
-4
91
217
330
417
491
543
578
620
592
659
671
694
714
767
832
896
949
966
943
898
808
758
694
590
552
494
455
408
323
268
257
257
285
239
255
255
355
476
541
531
556
540
536
583
565
581
531
467
354
246
138
48
12
-20
-47
-40
-11
35
55
98
147
164
106
44
-31
-104
-197
-303
-371
-463
-514
-527
-551
-607
-665
-762
-801
-869
-814
-738
-699
-542
-380
-294
-187
-87
-56
-45
-16
-14
-31
-30
-21
-67
-153
-231
-337
-480
-546
-603
-664
-635
-625
-576
-513
-470
-391
-370
-334
-304
-248
-204
-88
51
99
202
256
267
254
210
152
83
75
9
-4
8
-9
13
-33
-76
-36
6
40
101
171
204
308
423
459
544
632
720
806
823
779
673
573
552
487
442
358
306
166
39
-68
-135
-85
-86
-86
-83
-58
-10
54
168
321
441
517
525
534
625
620
614
568
560
460
406
327
136
60
-39
-152
-109
-53
-25
28
28
2
-66
-125
-117
-169
-203
-295
-344
-417
-402
-321
-219
-145
-182
-174
-211
-225
-243
-239
-134
-36
64
208
320
407
416
396
320
264
169
75
14
-22
-3
-41
-79
-148
-267
-349
-402
-425
-424
-407
-385
-330
-253
-176
-65
-80
-94
-110
-148
-120
-74
-14
49
75
47
34
1
-17
-60
-167
-177
-154
-78
-1
148
201
215
269
184
153
82
51
63
26
109
92
124
166
179
214
280
271
276
298
286
383
473
548
512
460
448
397
358
317
319
311
356
370
349
328
266
209
134
107
81
41
-16
-55
-104
-146
-172
-133
-127
-11
33
41
58
74
157
183
206
211
217
208
236
219
262
229
155
71
-90
-146
-302
-367
-345
-386
-359
-330
-337
-326
-312
-261
-281
-259
-242
-192
-141
-113
-71
-44
-23
-150
-240
-288
-296
-368
-451
-522
-562
-543
-533
-513
-543
-545
-526
-542
-528
-471
-399
-354
-267
-223
-258
-256
-254
-241
-272
-271
-267
-286
-354
-419
-419
-395
-309
-257
-110
-65
11
81
136
267
378
530
627
677
786
771
848
825
850
887
789
700
578
456
326
266
215
189
138
79
9
-32
-30
7
22
40
122
207
328
463
563
690
756
865
894
912
914
881
828
770
735
623
491
402
274
183
3
-146
-236
-317
-385
-399
-382
-433
-355
-293
-230
-180
-158
-66
34
23
8
-9
-30
74
120
133
115
56
-28
-173
-235
-337
-379
-394
-510
-609
-607
-673
-731
-800
-834
-767
-758
-772
-781
-742
-649
-587
-488
-389
-304
-329
-341
-343
-287
-235
-207
-161
-154
-172
-119
-49
-40
57
46
63
100
137
155
165
191
185
188
199
188
108
112
90
82
128
157
165
171
117
119
124
96
135
151
195
221
289
399
475
574
652
669
700
711
737
790
804
808
788
732
693
596
493
404
263
227
135
33
2
43
-20
-28
-9
41
112
123
216
241
263
276
290
300
239
166
106
85
4
-95
-167
-242
-249
-349
-445
-440
-487
-577
-598
-661
-694
-647
-645
-576
-526
-508
-457
-361
-265
-167
-144
-144
-119
-147
-214
-230
-254
-273
-323
-378
-462
-559
-609
-674
-632
-630
-595
-525
-488
-386
-327
-254
-202
-168
-146
-149
-120
-134
-115
-66
-57
-41
-9
-8
-37
12
3
-11
-33
35
51
71
165
176
237
264
321
351
359
385
388
406
358
339
329
287
320
302
281
271
273
313
275
261
295
355
366
395
430
429
463
497
524
517
504
469
433
333
248
208
158
107
23
-66
-190
-258
-314
-410
-385
-458
-515
-459
-432
-411
-339
-266
-254
-212
-108
-49
-4
48
48
86
148
113
64
9
-15
-11
-33
-34
-92
-147
-143
-206
-228
-210
-245
-277
-287
-351
-407
-362
-385
-296
-290
-350
-363
-419
-462
-460
-413
-382
-394
-392
-420
-443
-350
-293
-229
-235
-245
-209
-238
-236
-192
-129
-111
-107
-162
-159
-138
-143
-127
-160
-167
-172
-191
-188
-180
-160
-103
-17
61
108
99
106
134
121
174
248
334
348
392
418
426
402
388
367
341
313
225
193
214
165
146
171
107
38
-18
-34
-67
-82
-86
-115
-101
-147
-155
-143
-102
-29
34
97
111
124
91
113
118
133
138
121
68
34
-78
-126
-128
-144
-117
-131
-62
-49
-70
-110
-134
-167
-134
-71
-6
78
176
160
105
135
175
172
133
73
35
-46
-65
-61
-85
-101
-160
-204
-284
-351
-415
-442
-480
-455
-460
-460
-450
-448
-439
-438
-458
-398
-385
-336
-326
-259
-253
-243
-197
-218
-188
-157
-183
-182
-181
-183
-172
-132
-88
-82
-99
-78
-81
-101
-69
-130
-101
-77
-121
-158
-102
-68
-101
-56
-14
22
10
40
42
-2
46
63
63
114
118
88
35
23
88
139
143
192
204
199
191
193
192
193
192
197
137
64
94
76
4
-20
-12
-20
-61
-88
-51
-1
79
58
106
129
180
229
213
289
289
300
282
290
229
152
159
137
138
137
95
18
-24
-108
-112
-91
-80
-47
-88
-80
-105
-199
-235
-197
-243
-268
-297
-228
-206
-246
-257
-318
-335
-387
-403
-388
-399
-421
-411
-408
-407
-420
-446
-440
-484
-478
-491
-486
-494
-480
-406
-356
-339
-378
-428
-495
-469
-442
-445
-425
-398
-362
-294
-280
-227
-203
-128
-146
-127
-88
-66
-21
-50
-2
37
68
67
83
91
140
158
202
222
229
191
184
183
183
223
226
249
278
200
221
339
340
387
343
392
391
373
357
405
512
533
522
450
416
348
266
237
226
213
168
130
159
78
104
144
129
161
115
33
-52
-77
-20
20
43
62
80
97
48
36
37
-10
-49
-83
-71
-82
-82
-65
-45
-32
-31
-38
-99
-145
-212
-264
-312
-364
-376
-398
-358
-361
-376
-416
-478
-461
-519
-539
-527
-563
-520
-473
-502
-414
-374
-324
-279
-261
-276
-285
-328
-344
-292
-288
-244
-241
-197
-232
-272
-332
-321
-320
-351
-259
-289
-253
-259
-241
-126
-9
54
87
89
47
33
89
123
193
254
252
260
247
260
277
277
265
322
338
313
284
247
196
188
189
231
235
213
188
174
238
258
240
248
249
239
211
166
169
164
150
177
154
88
39
18
6
-9
-15
-41
-94
-93
-145
-97
-69
-44
-54
-47
-48
-95
-60
-64
-111
-75
-82
-137
-105
-111
-97
-161
-211
-237
-255
-313
-343
-336
-371
-402
-398
-431
-485
-455
-469
-463
-462
-413
-377
-405
-339
-301
-285
-306
-265
-219
-196
-161
-151
-99
-105
-119
-114
-154
-166
-212
-187
-204
-204
-272
-318
-338
-294
-249
-255
-137
-86
-134
-89
-31
-22
39
105
180
243
266
283
328
298
258
185
156
127
58
-5
-12
-7
11
12
2
4
3
11
60
106
126
200
268
300
298
240
222
248
289
289
241
294
233
246
165
118
131
79
15
-99
-130
-174
-161
-164
-159
-160
-131
-122
-122
-96
-58
-1
60
13
30
57
8
31
-5
-53
-63
-126
-137
-173
-147
-115
-134
-114
-123
-126
-98
-100
-117
-130
-136
-153
-137
-139
-118
-108
-94
-105
-98
-112
-153
-150
-124
-161
-142
-135
-143
-123
-120
-75
-48
-7
0
0
31
49
39
40
55
50
9
-49
-148
-190
-189
-214
-251
-300
-346
-395
-411
-433
-440
-397
-379
-402
-363
-304
-267
-248
-216
-218
-220
-234
-212
-191
-205
-208
-201
-139
-177
-193
-194
-211
-213
-231
-228
-173
-193
-179
-176
-153
-67
-103
-116
-113
-57
5
24
102
89
102
142
167
212
221
253
225
237
237
242
221
204
204
165
137
120
176
131
157
165
175
200
185
182
219
231
214
226
215
273
260
231
253
230
179
129
142
159
123
107
104
75
47
27
12
6
-37
-63
-58
-60
-62
-22
43
45
26
20
11
32
44
33
1
-21
-64
-63
-59
-78
-166
-218
-197
-246
-243
-291
-296
-327
-279
-287
-337
-311
-339
-280
-284
-271
-290
-263
-249
-232
-212
-212
-231
-256
-227
-222
-263
-286
-285
-285
-283
-275
-239
-222
-156
-122
-48
11
62
134
188
158
198
250
224
277
298
278
244
198
159
124
85
72
33
-19
-21
-9
-17
-7
63
49
84
98
108
163
217
269
358
427
488
493
480
468
438
436
414
368
327
365
266
213
209
132
92
74
57
47
37
90
54
65
130
123
177
156
166
137
134
99
78
134
144
120
91
62
-5
-59
-129
-144
-166
-171
-177
-152
-146
-159
-179
-173
-104
-77
-105
-101
-101
-102
-83
-70
-82
-103
-157
-192
-245
-333
-324
-369
-348
-337
-258
-227
-307
-232
-196
-161
-138
-157
-152
-173
-156
-147
-136
-71
-25
-39
-54
-96
-114
-161
-138
-110
-131
-118
-63
-66
-42
3
-9
22
120
153
159
207
207
192
226
270
241
223
231
180
177
192
160
101
93
83
62
53
70
125
145
167
187
192
168
155
211
222
250
248
231
259
260
259
276
250
192
208
162
125
83
35
38
61
71
26
40
39
14
34
12
33
26
61
35
48
51
-19
44
-12
-27
-50
-51
5
-7
9
3
-1
-20
-4
-15
-30
-12
-57
-92
-93
-61
-42
-86
-72
-118
-138
-189
-248
-219
-234
-215
-208
-191
-172
-195
-188
-162
-170
-174
-174
-158
-236
-208
-165
-100
-46
-45
-8
14
19
18
47
-7
0
107
130
139
144
193
206
153
156
149
147
161
139
50
140
205
192
202
196
155
135
118
110
112
94
68
100
151
144
210
249
263
264
251
240
270
299
340
321
303
322
283
215
177
109
61
49
-51
-53
-98
-94
-126
-143
-106
-99
-27
22
31
46
80
141
164
198
247
234
230
203
204
154
132
114
105
70
28
-27
-83
-99
-142
-151
-178
-190
-224
-222
-170
-122
-43
-18
29
14
39
39
50
46
53
72
42
18
-45
-96
-100
-142
-196
-246
-254
-265
-305
-290
-334
-321
-274
-302
-192
-142
-120
-67
-63
-25
-12
-17
-15
-30
0
-23
-25
-1
-75
-77
-111
-109
-143
-197
-177
-155
-189
-183
-182
-141
-84
-94
-43
-73
-45
-35
-18
7
1
67
87
83
144
146
104
67
56
57
45
44
66
41
16
62
48
65
43
52
70
50
63
53
84
128
135
134
166
159
190
229
253
256
238
217
223
200
192
201
183
147
79
94
107
48
50
89
78
61
48
-18
41
5
-1
68
71
14
31
76
2
22
46
5
-10
-85
-142
-114
-92
-89
-70
-79
-131
-127
-205
-241
-241
-272
-288
-290
-276
-286
-274
-217
-153
-110
-92
-68
-65
-49
-32
-76
-62
-25
-43
-106
-105
