-11
1
8
-16
-15
-6
-14
-19
-42
-39
-28
-6
-17
-38
-11
-18
2
-28
-8
-28
21
-4
0
25
-22
22
16
0
-25
2
27
25
45
49
38
23
36
69
62
58
90
52
82
104
69
49
76
73
108
41
46
65
8
13
11
40
47
44
21
34
6
-2
11
31
41
28
25
53
41
70
44
41
64
52
89
87
125
82
96
113
45
90
72
56
43
89
93
96
91
85
76
50
37
35
31
64
49
41
14
-22
-37
-56
-107
-238
-422
-600
-817
-975
-929
-549
67
756
1281
1436
1244
696
103
-287
-408
-265
76
450
666
612
335
-22
-321
-442
-334
-78
240
347
326
90
-247
-537
-690
-754
-782
-772
-872
-1070
-1212
-1132
-720
-81
698
1270
1517
1380
915
335
-75
-180
-31
320
670
786
628
310
-64
-303
-330
-156
105
321
380
316
163
-106
-399
-461
-523
-420
-445
-480
-688
-870
-840
-592
-18
478
896
875
653
158
-181
-351
-291
41
252
354
262
57
-311
-442
-357
1
463
803
965
916
781
580
521
496
567
676
639
614
499
368
325
295
225
229
103
25
-60
-6
46
136
191
81
97
-60
12
37
96
113
111
-5
-90
-162
-199
-334
-431
-731
-1061
-1179
-1316
-905
-452
266
861
1212
1258
976
661
508
613
822
1026
1020
790
370
53
-89
-121
72
188
190
115
-134
-410
-523
-502
-237
6
36
-55
-250
-519
-643
-618
-345
-19
277
507
428
382
192
152
228
347
465
264
56
-223
-294
-210
85
295
385
271
111
-66
-139
-52
73
221
227
100
-173
-334
-532
-450
-352
-252
-246
-390
-451
-557
-460
-312
-132
-52
33
4
-29
-5
-42
-3
3
65
48
34
-24
-24
37
126
217
236
200
155
115
120
187
257
327
377
379
399
420
481
555
668
879
1043
1144
1125
1119
1049
1095
1230
1390
1506
1526
1446
1192
1061
866
762
767
745
747
574
356
101
-128
-267
-331
-476
-611
-916
-1182
-1341
-1444
-1463
-1354
-1223
-1195
-1271
-1399
-1480
-1612
-1519
-1323
-1102
-821
-710
-773
-934
-1118
-1271
-1217
-1163
-1037
-1012
-1078
-1167
-1269
-1331
-1371
-1388
-1450
-1382
-1384
-1360
-1310
-1171
-911
-686
-460
-424
-527
-511
-415
-175
181
518
720
743
604
515
604
796
1097
1405
1530
1552
1536
1638
1794
1925
2044
2199
2325
2348
2452
2470
2543
2713
2899
3111
3225
3328
3325
3279
3219
3050
2789
2392
1701
742
-400
-1541
-2458
-2845
-2753
-2362
-1986
-1992
-2326
-2876
-3434
-3614
-3330
-2703
-1787
-801
84
641
888
981
942
1031
1113
1306
1461
1550
1556
1429
1340
1193
953
513
-146
-866
-1538
-2028
-2197
-2115
-1939
-1744
-1668
-1916
-2298
-2746
-3103
-3232
-3115
-2645
-2006
-1341
-890
-708
-736
-867
-935
-850
-651
-401
-121
44
128
164
50
-177
-379
-647
-863
-934
-925
-770
-539
-304
-172
-159
-171
-213
-277
-232
-161
125
377
597
801
837
848
745
741
740
794
941
1048
1281
1405
1572
1596
1646
1597
1525
1590
1643
2013
2236
2587
2818
3101
3392
3538
3675
3428
2881
1907
715
-363
-1114
-1310
-959
-301
192
251
-247
-1186
-2167
-2881
-3137
-2749
-1867
-872
95
702
791
499
-46
-584
-942
-914
-560
-103
305
617
723
640
353
-115
-584
-970
-1218
-1253
-1031
-668
-301
-48
71
-36
-344
-691
-1043
-1273
-1336
-1163
-804
-417
-85
58
-77
-419
-780
-1107
-1236
-1223
-1082
-905
-791
-628
-603
-615
-704
-845
-941
-953
-857
-701
-511
-313
-170
-83
-13
-42
-85
-151
-187
-119
-36
85
238
271
236
155
57
-58
-40
-70
-52
-20
-77
-41
-89
-71
-93
-90
-17
37
85
147
272
380
478
677
866
1075
1317
1549
1776
1993
2165
2337
2510
2596
2674
2655
2506
2300
1914
1530
1167
826
744
794
894
881
734
369
-138
-671
-1081
-1337
-1384
-1157
-763
-360
-110
-23
-255
-582
-951
-1262
-1310
-1163
-865
-559
-343
-310
-423
-625
-848
-954
-978
-972
-845
-646
-426
-210
-97
-103
-166
-372
-529
-694
-687
-668
-595
-455
-376
-317
-347
-464
-600
-750
-803
-760
-695
-637
-483
-396
-368
-337
-425
-499
-523
-542
-480
-407
-313
-127
-10
66
151
117
62
75
94
110
242
254
275
362
359
346
265
227
192
194
259
275
383
420
436
508
476
503
516
545
545
587
627
685
800
865
974
1135
1288
1550
1801
2017
2242
2411
2478
2428
2251
1855
1357
842
463
357
480
654
733
624
247
-289
-847
-1347
-1579
-1546
-1278
-817
-387
38
249
224
21
-292
-532
-646
-508
-233
57
281
327
197
-62
-373
-685
-971
-1097
-1098
-982
-714
-501
-317
-248
-381
-539
-726
-847
-944
-975
-875
-782
-538
-409
-374
-384
-534
-755
-954
-1013
-977
-863
-766
-612
-509
-477
-538
-686
-866
-1039
-1137
-1070
-901
-715
-588
-564
-535
-513
-455
-396
-333
-284
-203
-91
49
274
484
625
671
661
604
619
726
868
1006
1176
1197
1257
1294
1258
1402
1546
1826
2112
2340
2479
2590
2746
2892
3174
3538
3867
4126
4140
3792
2925
1656
128
-1345
-2442
-2776
-2514
-2012
-1553
-1651
-2263
-3180
-4017
-4530
-4498
-3895
-2954
-1765
-462
588
1323
1690
1821
1845
1758
1819
1916
2092
2412
2654
2860
2928
2649
1942
881
-375
-1519
-2233
-2560
-2420
-2033
-1623
-1397
-1485
-1818
-2296
-2736
-3003
-2919
-2488
-1651
-796
-56
394
452
330
49
-150
-236
-273
-188
-101
62
170
137
-41
-486
-1049
-1586
-1964
-2089
-2012
-1832
-1613
-1426
-1291
-1218
-1166
-1214
-1276
-1165
-997
-633
-208
195
543
690
877
975
1154
1414
1628
1855
2049
2170
2279
2368
2474
2647
2823
2998
3187
3381
3649
3972
4402
4897
5461
5812
5815
5228
3846
1770
-808
-3179
-4841
-5372
-4953
-3974
-3107
-2967
-3519
-4532
-5407
-5734
-5278
-4164
-2578
-742
1079
2473
3430
3969
4159
4195
3981
3693
3318
3016
2908
3006
3206
3320
2832
1671
-111
-2157
-3939
-5150
-5550
-5362
-4608
-3843
-3219
-2944
-2903
-3057
-3165
-3062
-2607
-1819
-739
467
1587
2543
3124
3349
2974
2383
1556
752
59
-393
-474
-502
-524
-806
-1366
-2171
-3006
-3796
-4227
-4258
-3955
-3355
-2735
-2145
-1593
-1197
-915
-599
-300
35
480
860
1258
1610
1914
2082
2152
2251
2170
1978
1780
1586
1424
1409
1405
1514
1693
1809
2040
2299
2589
3050
3700
4425
5273
6010
6639
6915
6675
5648
3724
1057
-2006
-4502
-5964
-6096
-5165
-3849
-2939
-2871
-3682
-4881
-5815
-5958
-5311
-3827
-1848
341
2339
3738
4607
4911
4777
4451
3936
3270
2685
2216
2046
2170
2410
2413
1787
388
-1653
-3795
-5678
-6873
-7145
-6489
-5184
-3769
-2507
-1729
-1540
-1708
-1931
-1935
-1453
-469
788
2104
3213
3958
4257
4068
3426
2465
1147
-197
-1370
-2195
-2511
-2443
-2132
-2036
-2268
-2827
-3607
-4360
-4817
-4768
-4146
-3137
-1894
-687
275
867
1082
1180
1131
1140
1261
1421
1680
1952
2233
2381
2318
2110
1733
1229
806
503
338
325
546
818
1144
1587
1979
2430
3002
3682
4541
5555
6537
7345
7707
7379
6097
3869
898
-2233
-4784
-6213
-6204
-5231
-3996
-3211
-3297
-4211
-5382
-6298
-6525
-5901
-4411
-2250
171
2327
3924
4944
5290
5178
4708
4103
3502
2904
2476
2307
2422
2668
2606
1988
672
-1240
-3354
-5283
-6606
-7069
-6628
-5450
-3929
-2433
-1337
-872
-883
-1213
-1380
-1150
-414
799
2138
3451
4384
4732
4488
3715
2587
1167
-269
-1547
-2480
-3044
-3221
-3124
-2896
-2790
-2923
-3390
-3982
-4522
-4679
-4378
-3568
-2299
-876
455
1422
1880
1956
1813
1487
1292
1143
1218
1422
1588
1737
1696
1469
1078
449
-107
-534
-710
-631
-392
20
551
1099
1714
2364
3014
3757
4616
5584
6628
7638
8365
8713
8234
6782
4290
925
-2456
-5166
-6444
-6361
-5339
-4079
-3473
-3743
-4774
-6038
-7004
-7195
-6411
-4661
-2206
412
2830
4588
5469
5738
5448
4918
4351
3787
3282
2955
2863
3015
3122
2902
2127
682
-1269
-3446
-5411
-6821
-7331
-6937
-5736
-3987
-2198
-897
-326
-492
-936
-1364
-1234
-406
995
2513
3854
4840
5149
4850
3939
2661
1123
-419
-1732
-2688
-3167
-3276
-3213
-3073
-3083
-3318
-3761
-4343
-4859
-5038
-4666
-3799
-2488
-890
604
1699
2346
2498
2326
1972
1671
1513
1595
1787
1950
1999
1855
1327
535
-307
-1087
-1490
-1569
-1279
-733
-125
542
1215
1803
2396
3010
3724
4574
5617
6752
7862
8863
9412
9329
8075
5553
1955
-1902
-5261
-7245
-7540
-6597
-5162
-4104
-3903
-4565
-5664
-6750
-7305
-6922
-5390
-2932
-6
2722
4908
6103
6547
6415
5902
5322
4591
3796
3031
2547
2325
2256
2147
1661
615
-1022
-3191
-5457
-7410
-8545
-8519
-7354
-5337
-2961
-1017
92
348
-19
-436
-567
-71
1046
2540
3971
5050
5515
5380
4598
3352
1733
7
-1789
-3380
-4458
-5047
-5008
-4565
-4033
-3648
-3558
-3883
-4337
-4753
-4760
-4065
-2675
-755
1196
2822
3822
4034
3676
2940
2236
1753
1513
1592
1775
1870
1726
1296
606
-157
-873
-1372
-1578
-1438
-873
-96
820
1796
2731
3561
4358
5141
5947
6789
7738
8712
9442
9639
8648
6219
2428
-1891
-5777
-8274
-8948
-8203
-6775
-5578
-5000
-5153
-5761
-6368
-6567
-5978
-4506
-2261
371
3002
5166
6698
7554
7914
7663
6942
5702
4124
2493
1203
533
351
422
263
-443
-1772
-3653
-5846
-7769
-8959
-9027
-7813
-5643
-2988
-507
1353
2433
2765
2757
2650
2722
3068
3644
4316
4875
5129
5031
4426
3345
1727
-382
-2724
-5004
-6731
-7760
-7847
-7206
-6138
-4934
-3974
-3334
-3059
-2912
-2677
-2113
-1079
417
2132
3568
4495
4806
4521
3736
2668
1590
585
-175
-659
-936
-1009
-1013
-1109
-1210
-1414
-1730
-1956
-2021
-1740
-1065
-33
1412
2859
4179
5315
6449
7521
8543
9550
10326
10786
10349
8587
5252
579
-4373
-8397
-10585
-10806
-9783
-8255
-7021
-6478
-6428
-6664
-6628
-5989
-4652
-2481
264
3021
5456
7396
8897
9862
10169
9638
8243
6043
3446
1034
-775
-1765
-2069
-2028
-2184
-2897
-4215
-5943
-7756
-9106
-9434
-8686
-6805
-4154
-1253
1564
3785
5270
6036
6156
5835
5306
4681
4262
3941
3584
3312
2901
2187
959
-891
-3170
-5766
-8046
-9558
-10077
-9510
-8169
-6268
-4185
-2296
-892
139
768
1160
1555
2000
2537
3149
3679
4036
4082
3789
3021
1852
466
-925
-1938
-2525
-2657
-2322
-1747
-1242
-794
-651
-606
-621
-490
10
778
1796
3091
4481
5993
7466
8888
10168
11206
11820
11518
9655
6016
832
-4823
-9510
-12284
-12673
-11352
-9239
-7018
-5565
-4973
-5018
-5339
-5073
-3994
-1969
743
3523
6156
8338
9974
11014
11153
10236
8209
5272
1814
-1392
-3881
-5308
-5476
-4937
-4255
-4133
-4842
-6149
-7644
-8733
-8866
-7994
-6046
-3231
-95
2913
5477
7262
8247
8376
7655
6296
4647
2997
1608
707
194
23
-280
-1045
-2531
-4749
-7318
-9541
-10752
-10737
-9579
-7564
-5009
-2327
74
1889
3039
3643
3779
3654
3291
2768
2302
2022
1844
1812
1759
1392
741
-267
-1405
-2401
-3019
-3048
-2456
-1487
-418
390
890
1132
1294
1475
1823
2266
2930
3803
4874
6158
7503
8870
10125
11060
11395
10233
7004
2032
-4141
-9795
-13662
-15078
-14035
-11636
-8629
-5847
-4095
-3218
-3065
-2895
-2110
-874
1040
3168
5367
7539
9450
11006
11759
11352
9541
6334
2167
-2194
-5866
-8177
-8689
-7867
-6472
-5001
-4268
-4412
-5149
-6182
-6655
-6174
-4633
-2173
600
3441
6056
8158
9496
9883
9178
7622
5259
2527
-19
-2093
-3188
-3369
-2922
-2563
-2779
-3906
-5768
-7743
-9275
-9748
-9020
-7140
-4349
-1362
1470
3541
4748
5237
4945
4174
3015
1653
483
-364
-731
-606
-292
101
134
-280
-996
-1882
-2558
-2820
-2466
-1598
-463
764
1832
2740
3284
3694
3957
4069
4348
4780
5478
6455
7482
8622
9638
10165
9860
7698
3712
-1841
-7855
-12511
-15240
-15432
-13481
-10584
-7118
-4338
-2564
-1435
-822
57
1187
2433
3859
5313
6768
8056
9111
9979
10179
9430
7256
3751
-516
-4812
-8187
-10221
-10539
-9548
-7846
-5978
-4708
-4066
-3964
-4088
-3764
-2996
-1526
492
2679
4954
7023
8534
9478
9435
8370
6490
3725
753
-2160
-4438
-5597
-5745
-5314
-4604
-4257
-4530
-5078
-5927
-6449
-6369
-5720
-4116
-2063
260
2572
4182
5309
5630
5108
3979
2205
362
-1103
-2145
-2395
-2070
-1376
-576
-96
-69
-454
-1170
-1868
-2289
-2385
-1798
-871
332
1859
3207
4466
5584
6147
6480
6546
6539
6925
7480
8373
9459
10152
9968
7885
3831
-1778
-7978
-12837
-15787
-16229
-14434
-11261
-7289
-4070
-1689
-96
827
1734
2390
3104
4192
5280
6547
7711
8803
9634
9714
8753
6313
2773
-1359
-5334
-8434
-10230
-10417
-9434
-7805
-5924
-4535
-3538
-2966
-2673
-2147
-1539
-498
1014
2711
4604
6326
7725
8516
8390
7236
5138
2439
-581
-3348
-5507
-6820
-6965
-6614
-5979
-5282
-4966
-4639
-4650
-4636
-4274
-3776
-2693
-1237
364
2040
3335
4289
4586
4168
3212
1833
432
-692
-1399
-1656
-1486
-1106
-666
-300
-136
-195
-466
-958
-1442
-1821
-1921
-1710
-1096
30
1396
2885
4391
5607
6592
7257
7746
8193
8638
9209
9719
9949
9559
7652
4119
-602
-6056
-10508
-13599
-14809
-13914
-11951
-8688
-5592
-3029
-678
887
2322
3310
3780
4314
4665
5160
5801
6565
7474
7938
7452
5536
2543
-1050
-4716
-7770
-9806
-10379
-9663
-8227
-6304
-4504
-2846
-1571
-918
-371
10
474
1257
2244
3587
5085
6340
7289
7459
6644
5108
2675
33
-2619
-4958
-6288
-6944
-6938
-6411
-5666
-4844
-4201
-3768
-3406
-3184
-2928
-2458
-1752
-567
938
2350
3472
4101
3949
3175
1780
394
-587
-1161
-1091
-681
-38
738
1148
1238
1006
475
-162
-842
-1320
-1493
-1210
-520
510
1708
2921
4034
4836
5446
6037
6649
7507
8503
9502
10125
9972
8168
4581
-393
-5885
-10177
-13101
-13897
-12672
-10196
-6714
-3814
-1604
202
1252
2322
2996
3424
4017
4394
4850
5361
6072
6916
7196
6423
4413
1394
-2163
-5620
-8404
-9875
-9804
-8774
-7121
-5238
-3652
-2240
-1104
-429
294
835
1276
1846
2152
2930
3897
4811
5635
5751
5164
3746
1596
-888
-3287
-5231
-6233
-6459
-6063
-5251
-4420
-3722
-3211
-2900
-2491
-2101
-1800
-1286
-859
-298
309
691
1197
1494
1450
1091
269
-603
-1289
-1767
-1724
-1159
-171
918
1695
2056
2074
1752
1120
365
-258
-563
-439
-65
673
1635
2670
3674
4450
5150
5714
6213
6771
7442
8114
8676
8666
7179
4306
26
-4991
-8924
-12040
-12945
-11941
-9890
-6396
-3470
-887
1336
2546
3766
4321
4266
4379
4067
3959
4175
4619
5436
6065
5715
4335
1788
-1672
-5223
-8258
-10064
-10255
-9332
-7620
-5381
-3387
-1416
47
1008
1994
2440
2665
2670
2529
2904
3466
4246
5156
5444
5068
3917
1705
-722
-3279
-5390
-6556
-7140
-6786
-6040
-4861
-3622
-2620
-1634
-1046
-503
-459
-560
-521
-514
-8
395
875
1285
1077
557
-579
-1744
-2537
-3000
-2661
-1999
-873
324
1359
2095
2354
2287
1745
972
239
-221
-138
309
1160
2255
3179
4047
4523
4881
5317
5762
6460
7109
7925
8312
7824
5697
2199
-2355
-6973
-10188
-12375
-12306
-10803
-8196
-4823
-2187
242
2182
3450
4574
4930
4948
4980
4569
4449
4488
4769
5293
5228
4288
2413
-340
-3545
-6615
-8940
-9951
-9754
-8872
-7432
-5677
-3870
-1910
-307
1052
2257
2880
3186
3100
2922
3158
3536
4095
4499
4462
3881
2594
725
-1476
-3540
-5131
-6129
-6472
-6191
-5390
-4501
-3531
-2524
-1601
-625
4
296
185
-140
-370
-541
-546
-325
-132
-105
-334
-875
-1367
-1917
-2240
-2352
-2051
-1344
-485
467
1282
2174
2717
2867
2684
2200
1571
888
394
374
839
1793
3048
4293
5639
6716
7413
7863
7983
7821
7211
5001
1721
-2534
-6871
-9838
-11869
-11734
-9986
-7465
-4177
-1888
67
1792
2822
4030
4757
5311
5706
5548
5366
5161
5201
5500
5422
4473
2685
49
-3178
-6312
-8702
-9821
-9552
-8547
-7099
-5413
-3956
-2373
-1062
179
1580
2541
3236
3499
3381
3482
3579
3740
3942
3917
3522
2557
949
-1101
-3178
-4961
-6095
-6474
-6107
-5036
-3842
-2662
-1486
-572
188
616
595
512
186
-232
-477
-773
-732
-630
-670
-849
-1393
-1852
-2289
-2587
-2413
-1962
-1071
-116
803
1734
2459
2982
3137
2922
2552
2084
1550
1034
886
1022
1512
2186
2842
3771
4682
5592
6401
7121
7651
7479
5889
2713
-1442
-6229
-9705
-11889
-12182
-10241
-7549
-3940
-1025
965
2666
3509
4175
4602
4496
4588
4322
3973
4012
4281
4994
5413
4989
3535
1047
-2266
-5706
-8406
-9874
-9790
-8675
-7069
-5136
-3446
-1896
-636
150
1152
1992
2491
2890
2819
3026
3386
3763
3989
3885
3169
1752
7
-2350
-3936
-5146
-5553
-5111
-4708
-3653
-2787
-2188
-1234
-563
456
1404
1699
1904
1421
808
220
-484
-843
-1079
-1518
-2062
-2721
-3213
-3287
-3144
-2623
-1734
-783
199
1057
1681
2392
2983
3331
3427
3235
2964
2511
2039
1910
2020
2397
2830
3217
3675
4040
4595
5075
5717
6379
6616
5619
2890
-921
-5845
-9729
-12302
-13068
-11226
-8472
-4672
-1208
1322
3607
4898
5750
6231
5857
5492
4583
3551
3075
2964
3577
4225
4212
3402
1506
-1432
-4762
-7675
-9465
-9862
-9345
-8005
-6160
-4313
-2463
-796
559
1915
2922
3302
3263
2675
2184
2038
2070
2647
3142
3133
2652
1071
-962
-3097
-5076
-6051
-6324
-5906
-4854
-3823
-2570
-1318
-2
1410
2455
3031
3017
2419
1601
819
156
6
-49
-235
-774
-1844
-2893
-3850
-4350
-4158
-3469
-2423
-1246
-183
856
1988
3103
4077
4512
4651
4363
3595
2930
2522
2592
3240
4214
5207
6147
6686
6760
6490
5979
5526
4407
2002
-1287
-5643
-9581
-12416
-14150
-13327
-11037
-7560
-3523
-573
2172
4253
5607
6724
7016
7162
6955
5929
4931
4213
3993
4124
3840
2967
1513
-980
-3952
-6781
-8959
-9720
-9377
-8394
-6798
-5069
-3337
-1695
-427
921
2239
2978
3433
3379
3160
3226
3055
3163
3053
2696
1894
63
-1818
-4042
-5454
-6254
-6520
-5829
-5108
-4005
-3009
-2189
-921
265
1450
2440
2940
3235
2969
2569
2093
1678
1455
1051
255
-850
-2021
-3020
-3745
-3973
-3696
-3034
-2232
-1390
-636
53
917
1647
2291
2759
2988
3028
2873
2763
3044
3660
4555
5476
6177
6898
7221
7475
7490
7325
7110
5806
3101
-774
-5549
-9850
-12840
-14520
-13562
-11327
-8085
-4551
-1999
547
2675
4397
5921
6680
6999
6794
5734
4749
4125
4075
4473
4421
3615
2058
-498
-3556
-6379
-8367
-8926
-8489
-7689
-6452
-5132
-3864
-2514
-1366
21
1441
2350
2905
2767
2506
2473
2539
2870
3052
2975
2274
928
-1239
-3263
-4741
-5803
-5948
-6036
-5562
-4894
-4506
-3605
-2634
-1211
471
1587
2583
2910
2753
2462
1921
1762
1814
1809
1427
706
-163
-1033
-1878
-2436
-2510
-2303
-1857
-1514
-1168
-630
54
880
1548
2002
2203
2196
1971
1748
1764
2276
3107
4107
5287
6451
7372
7920
8001
8033
7751
6948
4970
1596
-2410
-6920
-10386
-12792
-13285
-11725
-9326
-6039
-3206
-835
1473
3118
4643
5697
6080
6206
5455
4424
3772
3544
3880
4142
3884
2969
1101
-1566
-4400
-6674
-7904
-7984
-7538
-6715
-5471
-4286
-3039
-1767
-503
877
1802
2111
2006
1583
1378
1417
1792
2432
2921
3051
2186
748
-1212
-2975
-4162
-5058
-5112
-5062
-4723
-4382
-4155
-3396
-2472
-1371
-324
351
863
955
857
880
985
1367
1713
1570
1118
342
-466
-1165
-1635
-1597
-1266
-830
-529
-310
33
569
1176
1756
2212
2281
2194
1767
1343
1302
1604
2370
3229
4112
4952
5599
6143
6459
6867
7417
7427
6592
4183
615
-3783
-7972
-10892
-12415
-11616
-9630
-6855
-3956
-1760
474
2253
3734
5079
5597
5701
5098
3887
3095
2709
3019
3694
3931
3735
2561
237
-2644
-5272
-6997
-7690
-7558
-6894
-5856
-4730
-3587
-2385
-1287
-4
1000
1391
1377
857
584
743
1239
2236
2883
3243
2697
1365
-74
-1936
-2866
-3659
-3918
-3814
-4138
-4094
-4330
-4035
-3142
-2188
-902
-16
433
510
236
142
218
576
1075
1305
999
393
-300
-1078
-1383
-1373
-1122
-627
-361
-111
248
716
1464
2067
2438
2696
2577
2202
1692
1458
1668
2176
2898
3647
4294
4968
5445
5722
6083
6512
6843
6702
5445
2665
-906
-5224
-8609
-10786
-11532
-10200
-8271
-5578
-3022
-938
1233
2978
4544
5609
5844
5620
4711
3460
2715
2547
3017
3644
3874
3440
2117
-84
-2589
-4736
-6157
-6689
-6791
-6469
-5778
-4956
-3704
-2268
-758
828
1727
1916
1538
730
269
279
765
1640
2454
2627
2502
1416
282
-779
-2043
-2333
-3033
-3394
-3552
-4111
-3993
-3735
-2960
-1773
-902
-73
174
52
65
2
225
663
933
912
568
-17
-487
-895
-1047
-871
-722
-457
-334
-232
182
835
1616
2284
2609
2635
2339
1900
1571
1512
1936
2608
3179
3895
4398
4780
5203
5413
5942
6414
6902
6826
5448
2831
-775
-4862
-8129
-10413
-11124
-10013
-8181
-5590
-3328
-1200
905
2586
4114
4981
5194
4993
4152
3141
2548
2604
3255
3985
4332
4051
2818
668
-1723
-3887
-5389
-6188
-6617
-6504
-6037
-5382
-4431
-3219
-1704
-254
600
935
650
154
-52
70
822
1991
2909
3410
2970
1855
519
-861
-1774
-2555
-2893
-3199
-3657
-3954
-4178
-3854
-3044
-1998
-956
-309
-80
-233
-495
-567
-274
304
860
1164
1095
742
215
-359
-656
-887
-830
-654
-566
-264
168
793
1449
1967
2286
2280
1885
1372
1004
1014
1421
1992
2737
3551
4200
4801
5351
5813
6351
6865
7151
6922
5512
2860
-683
-4752
-7810
-9966
-10517
-9453
-7642
-5032
-2935
-1037
754
2106
3337
3989
4133
4020
3424
2755
2514
2785
3525
4307
4678
4468
3381
1456
-775
-2762
-4176
-5030
-5542
-5650
-5552
-5254
-4586
-3701
-2475
-1205
-474
-87
-176
-455
-568
-399
357
1370
2287
2998
3071
2662
1938
862
-10
-784
-1495
-2089
-2792
-3379
-3674
-3740
-3218
-2479
-1727
-1072
-966
-993
-1192
-1347
-1124
-626
10
627
1071
1173
1168
887
670
411
179
44
-192
-232
10
412
1067
1612
2025
2199
1958
1616
1156
909
956
1121
1671
2190
2881
3608
4311
5091
5775
6562
6994
7182
6241
4114
895
-2902
-6035
-8531
-9489
-9025
-7609
-5249
-3363
-1517
133
1283
2341
2703
2886
2815
2260
1708
1504
1965
2968
4076
4965
5346
4776
3187
1096
-1094
-2775
-3969
-4790
-5080
-5182
-4997
-4581
-4003
-3048
-2069
-1405
-927
-957
-1181
-1296
-1214
-430
707
1956
3147
3801
3879
3315
2504
1357
446
-438
-1362
-1997
-2888
-3343
-3553
-3420
-2785
-2310
-1770
-1549
-1663
-1849
-2155
-2045
-1520
-840
127
868
1322
1625
1587
1508
1187
915
693
463
268
358
575
1025
1505
1875
2144
2113
1913
1584
1169
929
728
773
911
1152
1763
2454
3459
4586
5568
6391
6859
7139
6470
4691
2132
-1282
-3867
-6313
-7561
-7270
-6388
-4452
-3137
-1912
-798
-319
224
366
643
1053
940
949
1228
1918
3021
4139
5149
5900
5805
4677
2933
908
-969
-2502
-3822
-4495
-4862
-5151
-5143
-5081
-4524
-3840
-3254
-2722
-2436
-2219
-2105
-1787
-1073
132
1459
2847
3903
4480
4660
3923
3072
2037
939
-14
-992
-1689
-2301
-2608
-2734
-2718
-2548
-2520
-2747
-3122
-3465
-3649
-3464
-2911
-1951
-803
274
1159
1772
2055
2027
1723
1293
861
467
253
270
652
1173
1773
2407
2707
2684
2423
1881
1320
760
228
-107
-219
-174
186
742
1720
2790
3766
4651
5286
5860
6136
5701
4628
2815
279
-1682
-3839
-4944
-5071
-4851
-3692
-3365
-2812
-2520
-2476
-2058
-1905
-1270
-703
-267
275
928
1888
3112
4384
5500
6296
6267
5421
4029
2079
263
-1438
-2862
-3641
-4392
-4826
-5070
-5125
-4887
-4710
-4452
-4027
-3704
-3464
-3063
-2579
-1584
-328
1127
2697
3855
4580
4567
3928
3189
2200
1225
593
45
-277
-678
-1177
-1574
-2053
-2387
-2847
-3254
-3479
-3731
-3698
-3494
-2850
-1925
-853
148
1035
1672
1835
1783
1452
1231
1049
969
1104
1435
1949
2458
2904
3280
3380
3173
2624
1907
1173
226
-418
-836
-980
-770
-424
224
942
1722
2529
3149
3893
4535
5167
5543
5207
4617
2989
1531
-229
-1800
-2534
-3532
-3489
-3867
-3906
-3636
-3682
-3104
-2753
-2073
-1450
-917
-356
242
1110
1976
3116
4061
4988
5433
5053
4405
3149
1660
220
-1225
-2172
-3028
-3632
-4044
-4542
-4698
-4918
-4863
-4623
-4327
-3777
-3287
-2678
-1785
-804
275
1331
2142
2763
2911
2643
2325
1883
1502
1269
951
763
433
-161
-665
-1299
-1780
-2155
-2536
-2704
-2932
-2993
-2886
-2640
-2071
-1520
-968
-525
-289
-42
92
343
730
1201
1757
2258
2643
2872
2928
2918
2874
2659
2271
1792
1204
527
17
-316
-533
-572
-567
-415
-274
8
559
1315
2484
3606
4802
5928
6837
7379
7040
6182
4238
2089
-416
-2913
-4526
-5985
-6021
-6039
-5483
-4439
-3698
-2542
-1948
-1087
-375
123
505
725
1183
1524
2128
2781
3566
4100
4054
3789
2823
1835
645
-558
-1403
-2262
-2877
-3459
-3996
-4252
-4419
-4157
-3766
-3227
-2696
-2381
-2010
-1942
-1602
-1181
-566
93
725
1399
1720
1980
1988
1887
1708
1350
973
442
-112
-524
-971
-1224
-1388
-1466
-1454
-1549
-1662
-1880
-1932
-2039
-2120
-1981
-1707
-1144
-506
280
1012
1725
2332
2694
2907
2925
2807
2537
2198
1779
1363
1007
555
224
-143
-440
-645
-852
-944
-1040
-925
-752
-282
338
1122
2089
3064
4118
4883
5444
5783
5762
5575
4886
3835
2400
605
-977
-2706
-3758
-4490
-4608
-4151
-3715
-2766
-2064
-1239
-561
-162
279
297
225
-76
-203
-354
-312
45
459
1195
1532
1787
1704
1342
973
251
-201
-731
-1098
-1271
-1436
-1279
-1289
-1282
-1346
-1386
-1430
-1637
-1685
-1699
-1534
-1355
-1056
-644
-191
383
772
1176
1417
1587
1526
1276
908
480
48
-399
-704
-957
-1094
-1201
-1414
-1512
-1594
-1566
-1322
-872
-286
245
774
1156
1356
1389
1388
1323
1261
1211
1085
881
639
387
103
-181
-392
-565
-700
-644
-551
-410
-130
123
423
740
978
1178
1492
1704
1791
1823
1698
1451
1256
1020
950
944
977
1154
1352
1703
2002
2351
2823
3194
3397
3285
2778
2208
1273
384
-367
-1044
-1410
-1919
-2202
-2474
-2564
-2416
-2236
-1872
-1617
-1413
-1409
-1466
-1439
-1299
-853
-271
381
897
1339
1643
1592
1591
1460
1268
1074
781
475
121
-85
-258
-282
-180
-109
-87
-127
-153
-278
-401
-506
-618
-716
-891
-1112
-1191
-1299
-1274
-1289
-1232
-1104
-962
-758
-583
-337
-33
427
864
1167
1377
1455
1252
878
474
69
-300
-701
-1106
-1446
-1760
-1942
-2013
-1877
-1512
-1000
-496
-89
311
605
816
1005
1244
1537
1710
1675
1549
1327
1010
565
122
-178
-451
-700
-935
-1074
-1028
-958
-644
-145
382
899
1166
1387
1300
1209
1118
951
914
861
771
573
390
276
219
232
374
539
592
575
391
172
75
32
99
72
11
-150
-337
-504
-582
-497
-388
-255
-164
-118
-148
-229
-297
-238
-81
93
244
356
473
569
586
519
511
490
310
10
-342
-772
-1093
-1342
-1393
-1285
-1055
-670
-263
134
482
806
1033
1237
1210
1069
918
653
427
105
-225
-500
-843
-1272
-1738
-2134
-2390
-2343
-2031
-1617
-1174
-744
-426
-66
248
537
865
1129
1403
1536
1530
1466
1312
1037
683
341
-60
-397
-715
-918
-971
-960
-712
-331
83
488
821
967
934
817
564
340
142
-12
-176
-275
-321
-390
-407
-492
-594
-742
-916
-1132
-1249
-1270
-1196
-862
-523
-159
173
338
390
295
232
203
221
339
401
417
462
524
670
830
1119
1344
1506
1580
1483
1364
1207
1113
926
766
524
251
-61
-497
-860
-1163
-1274
-1337
-1246
-1137
-903
-666
-401
-36
273
621
815
950
1111
1138
1153
1089
932
639
196
-337
-934
-1448
-1741
-1868
-1753
-1373
-1021
-693
-375
-196
-142
-81
9
157
293
433
607
782
944
927
938
854
569
296
-84
-539
-843
-1058
-990
-719
-377
-33
255
515
644
620
556
396
177
-117
-359
-586
-749
-699
-638
-443
-255
-142
-155
-268
-321
-406
-486
-411
-318
-190
-50
-32
-87
-189
-269
-280
-335
-393
-447
-524
-637
-778
-804
-591
-338
23
419
756
1040
1155
1284
1289
1240
1188
998
619
319
-40
-323
-551
-697
-663
-628
-575
-477
-400
-339
-232
-72
95
312
413
449
577
624
668
654
608
433
139
-345
-727
-1024
-1261
-1258
-1126
-867
-578
-338
-196
-166
-103
-82
-17
93
272
458
611
742
812
867
913
902
857
765
547
400
222
117
135
248
351
432
601
624
592
488
322
77
-189
-531
-865
-1135
-1333
-1422
-1381
-1234
-1037
-772
-558
-443
-334
-122
-28
180
377
540
608
525
387
214
98
-38
-114
-242
-381
-540
-766
-894
-931
-857
-559
-209
131
401
623
731
801
804
822
756
602
335
-43
-409
-702
-868
-940
-820
-783
-662
-568
-577
-477
-276
-54
172
317
442
423
354
273
254
195
143
144
3
-107
-263
-348
-381
-415
-334
-272
-240
-206
-230
-271
-290
-308
-228
-164
-82
14
32
52
-11
-101
-183
-237
-263
-174
0
220
458
716
913
1142
1184
1173
1166
1065
1019
906
820
607
392
78
-302
-710
-1066
-1359
-1537
-1645
-1720
-1597
-1439
-1236
-1025
-722
-384
-129
66
211
265
249
180
166
171
190
322
296
211
158
22
-68
-183
-220
-187
-156
-18
83
263
454
633
769
787
704
482
259
-8
-227
-375
-430
-429
-473
-524
-559
-598
-530
-463
-237
-58
66
108
-5
-104
-265
-427
-525
-544
-511
-436
-435
-307
-166
24
174
211
232
145
-12
-189
-266
-246
-118
14
129
263
268
151
-94
-288
-568
-886
-1071
-1183
-1185
-1038
-765
-349
138
570
994
1159
1338
1289
1220
1120
1070
1080
1041
995
827
599
321
41
-286
-613
-895
-1138
-1349
-1475
-1524
-1333
-998
-663
-255
41
199
229
129
11
-101
-140
-144
-31
11
26
64
96
217
306
407
514
484
315
184
65
75
170
345
505
527
486
338
216
86
-24
-132
-175
-238
-354
-426
-427
-352
-185
-13
41
78
25
-60
-227
-372
-472
-515
-533
-577
-574
-595
-534
-361
-132
102
297
362
361
237
110
1
-50
23
171
366
522
620
605
455
218
-51
-398
-760
-1017
-1191
-1190
-996
-652
-184
275
622
876
991
936
902
793
832
831
833
819
774
812
796
699
547
302
8
-298
-667
-1006
-1264
-1254
-1091
-728
-358
-51
201
287
230
98
14
-52
-91
-65
-4
11
77
189
315
373
497
530
493
472
397
338
293
293
336
416
437
415
366
355
374
407
348
223
104
-67
-286
-384
-340
-215
-38
65
149
92
-45
-208
-339
-465
-518
-553
-659
-655
-643
-606
-487
-333
-161
-13
54
74
69
1
-70
-116
-97
-30
123
189
243
222
147
38
-163
-368
-591
-694
-831
-788
-661
-500
-163
149
408
513
565
580
431
325
249
222
178
140
81
52
56
15
-4
-53
-85
-198
-301
-450
-564
-595
-517
-353
-137
120
359
492
498
458
342
198
56
-71
-171
-254
-274
-284
-191
-73
1
40
60
77
33
17
66
148
194
301
376
365
392
427
443
462
508
466
440
398
304
254
268
281
233
238
148
-3
-133
-252
-338
-399
-406
-426
-389
-351
-303
-210
-190
-91
-63
-27
45
65
233
346
410
485
434
304
174
70
-83
-213
-299
-410
-578
-772
-927
-1000
-954
-768
-538
-211
143
358
571
652
764
809
831
763
689
591
472
376
246
185
154
77
-72
-283
-483
-685
-888
-923
-859
-730
-622
-481
-292
-105
65
173
264
401
385
364
324
212
139
164
235
259
306
289
174
83
8
-53
-54
14
96
101
111
118
86
72
126
130
280
341
339
320
267
296
314
409
481
499
461
416
301
140
-35
-186
-326
-430
-597
-684
-709
-695
-515
-296
-126
-16
55
6
-74
-46
-9
208
426
611
752
812
721
587
418
172
-39
-309
-585
-811
-970
-975
-925
-759
-501
-281
-128
35
80
152
222
302
455
529
578
588
509
521
428
396
388
360
215
8
-240
-476
-637
-748
-740
-672
-537
-453
-331
-241
-128
-61
-18
-14
57
25
-49
-58
-27
117
295
409
456
416
354
257
108
-21
-117
-117
-105
-55
-60
-44
-34
116
167
142
121
81
48
-5
76
190
405
578
707
807
823
704
526
356
157
27
-122
-281
-352
-439
-434
-322
-228
-152
-86
-108
-167
-230
-334
-249
-104
91
375
511
678
733
739
632
537
396
173
-57
-355
-581
-782
-808
-759
-618
-430
-313
-230
-267
-290
-218
-215
-103
-4
127
229
222
351
360
473
564
575
557
502
304
75
-153
-379
-466
-510
-499
-513
-524
-543
-552
-530
-456
-346
-293
-190
-171
-132
-134
-30
94
226
360
433
442
401
335
239
117
119
71
-10
-54
-151
-164
-215
-157
-125
-111
-110
-117
-180
-247
-282
-241
-174
-77
124
278
493
622
629
572
492
351
86
-69
-247
-335
-362
-326
-226
-134
-74
-84
-181
-352
-608
-686
-662
-565
-345
-84
154
366
559
689
678
611
488
279
122
-42
-102
-104
-44
54
73
126
93
-39
-142
-261
-342
-450
-531
-540
-447
-302
-250
-26
118
318
527
514
466
427
347
312
338
336
317
303
202
107
27
-116
-229
-396
-480
-605
-679
-655
-677
-591
-380
-213
-47
98
250
359
428
472
500
489
492
473
434
361
327
326
301
203
135
2
-162
-299
-449
-499
-491
-389
-280
-147
-35
163
313
418
543
597
604
489
340
166
38
13
36
102
181
252
272
271
147
-10
-181
-359
-486
-576
-633
-514
-431
-256
-126
43
87
172
204
98
129
144
199
278
461
499
628
584
526
412
228
57
-155
-324
-495
-641
-726
-722
-663
-541
-365
-152
-36
74
99
113
150
197
255
318
381
405
374
310
221
106
-38
-206
-336
-451
-543
-620
-622
-504
-459
-422
-327
-300
-277
-223
-137
0
143
251
334
327
213
156
104
144
194
215
237
152
24
-125
-285
-394
-416
-371
-353
-304
-259
-246
-105
13
149
237
269
246
138
110
35
36
55
175
318
395
444
403
353
236
174
90
-5
-114
-263
-398
-500
-536
-625
-563
-508
-540
-473
-479
-350
-213
-116
135
302
410
500
594
618
622
468
419
351
198
50
-139
-321
-421
-446
-407
-436
-353
-236
-202
-107
-129
-51
46
100
188
234
293
313
299
305
309
278
180
74
45
-50
-170
-175
-135
-118
-62
45
23
65
29
62
82
102
159
146
154
105
95
35
93
138
160
88
55
51
-66
-81
-100
-109
-32
10
42
77
41
2
28
100
98
113
114
91
87
93
109
155
192
221
213
154
186
181
166
183
214
164
74
-49
-184
-374
-512
-617
-703
-690
-685
-638
-531
-403
-250
-93
55
204
311
360
354
381
383
382
378
342
268
173
60
-78
-162
-232
-236
-254
-264
-274
-296
-261
-269
-200
-144
-54
-10
2
24
-78
-118
-119
-153
-131
-126
-201
-196
-212
-185
-126
-82
-52
-64
-16
28
50
70
98
195
224
249
241
171
141
68
70
33
39
95
48
20
-62
-160
-248
-299
-278
-273
-194
-115
-73
-108
-157
-135
-151
-169
-215
-225
-206
-163
-89
32
165
273
331
364
350
271
216
192
171
130
192
222
190
154
55
-62
-182
-309
-399
-462
-400
-345
-249
-136
-85
-4
52
61
30
-22
-50
-59
-96
-60
-57
-17
-2
-10
-5
-22
19
7
56
66
127
181
140
204
201
206
183
172
146
108
18
-15
-12
-73
-85
-166
-238
-260
-280
-356
-409
-384
-349
-340
-320
-280
-219
-98
-2
83
109
123
131
79
98
22
28
60
66
115
91
95
86
28
-73
-111
-132
-166
-99
-47
-36
-9
-7
0
0
11
-3
-51
-47
-63
-35
14
87
182
230
230
150
144
99
24
-62
-105
-105
-116
-142
-195
-242
-240
-227
-199
-110
-52
14
80
156
246
370
381
359
370
338
234
104
45
-52
-146
-175
-231
-210
-233
-264
-281
-300
-299
-279
-232
-171
-86
-44
54
138
258
337
360
349
236
177
60
0
-43
-17
-11
-44
-67
-134
-204
-252
-295
-369
-437
-517
-550
-493
-438
-316
-157
26
164
184
174
159
152
135
119
167
142
123
134
55
5
-55
-111
-128
-131
-152
-177
-248
-324
-368
-360
-283
-182
-120
-13
103
182
284
357
428
500
486
456
396
267
206
91
-11
-54
-159
-253
-404
-516
-673
-769
-791
-803
-743
-594
-387
-228
-26
139
302
388
447
509
479
431
350
279
259
200
162
131
140
190
149
108
63
29
-14
-68
-126
-125
-62
5
116
162
265
333
335
364
301
221
201
176
179
196
179
184
157
145
26
-126
-212
-337
-450
-557
-645
-640
-547
-539
-385
-195
-94
0
82
139
169
215
213
201
133
82
-13
-123
-174
-211
-186
-179
-261
-385
-485
-593
-663
-714
-687
-604
-483
-305
-183
10
132
292
369
473
552
579
560
456
447
413
359
296
216
87
-44
-191
-414
-565
-662
-719
-692
-632
-542
-424
-214
-53
36
184
258
308
365
387
434
438
414
446
389
376
370
300
289
268
218
112
66
66
-2
-35
-61
-113
-80
-36
30
102
139
129
177
182
217
272
357
389
488
487
481
500
406
313
173
9
-217
-374
-514
-554
-620
-657
-621
-561
-473
-382
-283
-136
-12
122
192
220
311
307
286
256
230
174
154
141
40
-35
-155
-322
-470
-544
-645
-676
-644
-565
-432
-320
-175
-64
21
160
327
374
358
386
387
373
396
352
343
339
236
96
-59
-210
-354
-495
-567
-615
-595
-494
-446
-363
-247
-213
-167
-120
-58
-30
1
-8
103
152
187
280
278
332
353
398
359
390
335
223
118
72
3
-134
-157
-280
-336
-323
-367
-363
-322
-240
-142
-7
116
237
367
457
528
554
569
469
417
272
135
18
-128
-164
-258
-333
-350
-319
-304
-297
-284
-223
-142
-59
31
111
201
273
254
278
347
384
320
273
206
93
-5
-73
-159
-277
-277
-281
-247
-198
-198
-106
-41
-20
57
113
97
79
62
82
94
63
63
79
80
39
-25
-61
-70
-153
-177
-251
-314
-302
-306
-296
-251
-248
-225
-219
-281
-254
-304
-278
-244
-206
-119
-12
35
70
117
128
133
171
226
222
236
233
255
221
186
129
38
10
-101
-164
-196
-272
-237
-156
-101
-85
27
122
197
271
299
379
369
330
250
137
74
-25
-95
-157
-160
-73
-69
-74
-82
-110
-109
-114
-106
-32
29
100
194
236
319
361
367
404
378
344
266
115
33
-7
-87
-127
-136
-89
-94
-54
-8
63
91
110
103
80
106
71
87
42
36
22
14
-34
-115
-153
-237
-251
-235
-221
-201
-150
-129
-63
3
23
12
-6
-20
-119
-208
-304
-323
-356
-370
-308
-258
-196
-163
-97
-43
-20
45
151
149
144
210
181
132
132
106
84
101
105
29
-19
-83
-109
-98
-87
-33
-12
28
64
120
136
237
246
172
179
147
104
-14
-22
-58
-103
-112
-136
-116
-211
-217
-199
-161
-130
-148
-121
-130
-71
-53
18
79
93
128
188
189
93
23
-8
-55
-89
-75
-81
-26
-13
51
124
155
274
349
406
408
351
274
268
209
169
118
25
-20
-92
-144
-217
-278
-272
-315
-302
-242
-205
-155
-50
50
133
166
151
128
108
74
34
-15
-63
-47
-49
-12
-23
-11
-32
-46
-56
-30
-51
-67
-69
-68
-57
-84
-79
-124
-106
-26
-46
-15
-32
-63
-62
5
15
14
60
83
69
13
46
82
71
11
9
-63
-128
-136
-211
-249
-257
-275
-282
-275
-245
-219
-202
-162
-140
-100
-90
-60
18
14
55
70
37
14
39
-24
-93
-152
-233
-305
-340
-309
-311
-236
-131
17
116
222
420
477
512
546
538
550
509
381
369
303
247
150
57
-54
-200
-273
-344
-372
-391
-398
-399
-393
-342
-225
-3
34
69
140
118
131
155
130
159
202
236
246
204
242
224
177
135
73
26
0
-38
-85
-73
-21
-19
-60
-97
-181
-165
-184
-236
-249
-292
-250
-237
-171
-77
-13
42
31
36
11
-23
-102
-125
-193
-233
-241
-226
-184
-148
-183
-211
-241
-232
-233
-268
-224
-205
-195
-190
-158
-108
-41
7
39
37
11
-77
-154
-211
-284
-327
-416
-448
-467
-419
-368
-368
-258
-102
74
207
280
389
434
502
588
590
652
636
604
512
379
307
178
75
-6
-85
-177
-255
-283
-267
-283
-213
-177
-131
-127
-91
-65
-76
-52
-50
-16
48
134
140
224
257
284
326
269
269
181
114
62
-10
-64
-48
-68
-46
-8
-64
-64
-104
-148
-172
-189
-235
-204
-210
-175
-196
-122
-18
8
51
37
9
-87
-149
-211
-191
-231
-258
-272
-245
-209
-231
-214
-191
-140
-165
-153
-150
-183
-163
-164
-74
-3
52
93
120
155
137
78
-72
-114
-202
-282
-352
-448
-462
-478
-458
-414
-327
-262
-193
-128
-60
30
82
173
266
295
363
399
375
314
235
167
73
-14
-120
-180
-239
-257
-234
-215
-183
-163
-158
-208
-249
-257
-306
-247
-185
-218
-86
4
65
106
122
186
215
208
168
107
89
57
-16
6
-14
-22
-8
-37
-24
-53
-103
-131
-186
-178
-170
-211
-240
-215
-168
-193
-98
-26
14
18
19
14
-40
-84
-100
-108
-130
-73
-102
-118
-170
-185
-202
-185
-122
-157
-192
-257
-235
-191
-194
-176
-100
-14
39
71
49
26
-1
-73
-107
-149
-177
-221
-254
-281
-260
-179
-203
-199
-194
-192
-181
-149
-176
-127
-5
59
119
126
104
16
20
-69
-90
-157
-204
-191
-195
-177
-114
-87
-20
31
22
-44
-123
-170
-189
-176
-202
-195
-106
-71
-59
-32
4
84
46
81
100
94
91
57
65
98
111
136
161
187
175
151
154
93
12
8
-20
-47
-102
-142
-132
-130
-132
-146
-150
-176
-210
-236
-301
-279
-262
-255
-182
-111
-64
-69
-80
-46
-35
-73
-54
-88
-105
-129
-107
-151
-199
-123
-142
-90
-37
-37
-34
-78
-62
-69
-84
-71
-74
-65
-94
-39
-80
-24
14
37
42
-10
3
-29
-25
-14
29
45
119
114
67
20
-34
-108
-169
-220
-249
-200
-206
-216
-205
-164
-135
-100
-73
-78
-87
-119
-135
-167
-194
-159
-179
-151
-101
-90
-50
-71
-32
-6
-56
-37
-43
-73
-71
-14
69
88
141
157
206
134
193
233
237
266
224
210
177
143
64
72
19
-31
-62
-91
-80
-136
-168
-149
-155
-134
-139
-132
-125
-112
-69
-43
14
47
31
24
-65
-64
-65
-126
-151
-157
-154
-192
-131
-157
-121
-123
-179
-216
-209
-210
-206
-142
-170
-127
-55
2
40
39
66
80
40
21
15
54
106
115
46
-42
-116
-126
-134
-108
-125
-173
-185
-222
-180
-190
-216
-141
-208
-181
-163
-156
-167
-142
-96
-107
-74
-113
-144
-118
-99
-88
-56
-105
-109
-81
-119
-116
-130
-154
-124
-100
-45
-26
36
19
100
126
88
155
155
198
208
230
203
151
121
71
59
15
-5
-61
-123
-155
-193
-145
-86
-65
-12
22
42
45
83
100
68
74
58
52
86
38
20
22
16
29
9
-13
-10
1
-79
-55
-71
-148
-160
-176
-191
-179
-215
-133
-101
-38
81
75
61
74
99
82
84
110
123
109
111
104
91
42
-35
-89
-174
-232
-233
-257
-240
-162
-172
-154
-128
-134
-94
-157
-103
-83
-88
-84
-113
-27
-29
3
34
16
-1
-93
-93
-40
-54
-61
-87
-67
-13
-28
47
27
41
57
45
79
82
85
111
113
124
87
51
28
-35
-71
-100
-87
-112
-147
-97
-108
-93
-31
-50
-10
-6
28
69
80
76
145
167
120
84
75
42
23
35
44
58
46
33
64
131
124
118
82
26
13
-40
-72
-85
-69
-59
-33
19
23
72
77
83
103
90
93
129
120
85
92
77
32
47
67
1
-41
-82
-121
-139
-132
-121
-116
-97
-95
-80
-21
-48
-59
7
-43
-44
-27
-60
-93
-55
-52
-33
-56
-68
-74
-110
-100
-124
-162
-150
-125
-97
-123
1
30
47
123
101
135
99
134
113
96
40
27
22
-27
-58
-106
-120
-108
-177
-190
-119
-167
-184
-158
-158
-115
-84
-42
16
19
37
2
48
43
70
52
-16
9
6
-9
-11
-43
-55
-21
-14
43
9
44
65
50
7
4
6
19
-12
56
107
101
145
147
157
161
238
202
196
163
183
178
130
127
93
63
19
-30
-70
-94
-114
-112
-45
-40
-12
16
16
62
47
47
69
104
132
174
161
150
139
113
72
56
40
-7
25
-10
-45
-64
-85
-74
-82
-64
-53
-82
-26
36
106
143
151
218
167
176
148
115
101
114
134
98
60
20
-36
-120
-131
-146
-140
-86
-68
-66
27
50
78
111
132
135
120
117
73
50
69
34
81
80
49
85
86
119
135
96
48
17
30
6
-1
0
27
65
51
83
110
134
115
112
89
129
141
114
166
141
169
172
171
141
122
72
14
26
-16
-37
-66
-74
-120
-84
-76
-102
-121
-110
-21
-63
-35
16
10
28
67
73
81
67
77
48
25
30
4
-57
-30
-50
-80
-98
-84
-85
-77
-90
-144
-95
-58
-62
-58
-41
-9
-27
-48
-40
-32
-23
-29
-44
-83
-27
-67
-112
-91
-71
-110
-134
-76
-46
-85
-98
-27
21
50
38
-8
-11
0
-44
-76
-57
-132
