-17
-50
-47
-25
-27
-17
-19
-20
-44
-47
-8
-33
-21
-9
-58
-26
-1
9
-3
-17
-12
-51
-5
-18
-44
-43
-54
-27
-71
-55
-102
-94
-127
-105
-48
-93
-110
-109
-41
-25
-17
-49
-19
-42
-48
-58
-97
-63
-63
-47
-50
-38
-61
-21
-11
-41
-3
-1
25
-24
-50
-83
-110
-209
-350
-522
-709
-883
-935
-707
-265
357
858
1152
1049
670
192
-189
-298
-123
235
563
731
660
353
-51
-321
-418
-339
-78
183
329
335
131
-115
-347
-430
-386
-203
35
164
178
88
-65
-265
-321
-200
-115
85
299
390
382
202
61
-36
-73
20
136
248
317
267
67
-81
-134
-174
-117
-21
21
54
38
-14
-99
-154
-175
-138
-64
-25
-2
-51
-173
-304
-364
-365
-378
-312
-245
-222
-208
-268
-448
-607
-711
-623
-272
255
810
1157
1221
1029
580
312
138
95
67
-17
-123
-274
-179
15
353
649
833
885
834
609
301
-180
-814
-1214
-1166
-599
183
639
572
81
-436
-674
-488
-15
387
549
540
310
93
-140
-397
-672
-922
-856
-741
-411
0
179
291
308
395
550
579
537
351
214
126
267
313
298
122
-236
-400
-396
-292
-104
-135
-264
-333
-354
-128
208
461
588
450
211
73
106
294
333
331
163
47
-108
-130
-10
71
240
261
317
191
-2
-158
-232
-106
116
223
246
38
-47
-170
-46
-28
162
61
-55
-69
-122
177
224
343
230
80
-17
-142
-121
-7
88
177
250
148
110
94
9
63
25
50
20
-68
-177
-216
-265
-218
-175
-242
-287
-378
-356
-284
-213
-167
-225
-333
-311
-213
-47
-39
-58
-133
-199
-121
-78
-39
-91
-158
-308
-352
-370
-339
-284
-236
-227
-295
-278
-371
-475
-424
-293
-81
114
147
18
-184
-317
-222
-51
214
277
185
89
-1
100
220
290
333
370
457
510
635
698
831
951
1133
1248
1204
1117
1088
1222
1342
1576
1701
1783
1702
1698
1568
1490
1423
1310
1212
988
920
780
686
549
331
-12
-389
-721
-979
-1122
-1128
-1078
-1071
-1127
-1213
-1291
-1303
-1262
-1228
-1078
-961
-777
-552
-295
-98
-4
15
-122
-292
-497
-705
-864
-993
-1086
-1117
-1254
-1462
-1709
-1943
-2069
-2160
-2075
-1977
-1853
-1725
-1619
-1524
-1421
-1288
-1215
-1194
-1161
-1116
-971
-832
-628
-401
-317
-264
-247
-238
-204
-131
-68
124
306
490
694
785
761
633
475
402
567
924
1314
1611
1723
1783
1778
1843
2156
2540
2790
2966
2997
2992
3019
3179
3502
3817
4047
3948
3598
2913
2013
848
-413
-1525
-2394
-2755
-2615
-2278
-2040
-2181
-2683
-3332
-3897
-4036
-3673
-2977
-2071
-1081
-203
517
1097
1364
1407
1421
1369
1435
1552
1720
1825
1853
1876
1740
1430
849
-12
-861
-1674
-2133
-2198
-1998
-1691
-1512
-1504
-1731
-2021
-2336
-2430
-2446
-2315
-1964
-1463
-949
-431
-39
54
-106
-369
-632
-781
-780
-628
-394
-203
-69
-24
-117
-386
-729
-1012
-1138
-1134
-951
-735
-581
-466
-452
-529
-577
-546
-557
-504
-369
-160
10
209
296
339
240
176
44
-69
10
58
144
274
382
521
634
576
530
428
479
569
797
1090
1310
1442
1594
1713
1968
2218
2400
2660
2870
3113
3279
3472
3539
3357
2849
1978
883
-70
-716
-884
-612
-163
124
22
-572
-1373
-2167
-2619
-2713
-2376
-1702
-1058
-557
-154
69
62
-8
-165
-288
-399
-375
-213
-9
248
467
637
594
472
203
-206
-534
-761
-733
-554
-259
104
310
313
157
-253
-614
-943
-1088
-1030
-869
-662
-506
-437
-483
-600
-786
-898
-994
-1054
-1119
-984
-805
-679
-485
-441
-437
-527
-659
-676
-726
-675
-497
-345
-182
-71
-12
-53
-70
-151
-290
-371
-338
-294
-246
-98
-92
-89
-171
-289
-365
-457
-466
-442
-339
-245
-164
-123
-151
-156
-141
-95
29
178
338
477
627
699
807
924
1090
1281
1506
1754
1936
2251
2489
2697
2927
3077
3161
3092
2845
2387
1668
911
269
-115
-129
31
202
117
-349
-1037
-1808
-2456
-2742
-2699
-2388
-1936
-1509
-1020
-622
-341
-154
-108
-149
-254
-293
-259
-105
148
428
605
689
609
316
-76
-518
-857
-914
-725
-346
74
379
359
130
-289
-791
-1118
-1304
-1261
-1064
-856
-610
-531
-460
-430
-518
-703
-894
-988
-1078
-933
-746
-437
-192
-75
-56
-201
-363
-531
-638
-667
-553
-316
-54
134
240
218
71
-69
-108
-136
-15
91
175
190
201
166
199
178
129
80
4
-41
-206
-216
-195
-6
184
448
632
674
610
514
495
726
1082
1531
1938
2150
2357
2563
2870
3288
3703
4040
4240
4112
3643
2824
1689
600
-323
-820
-765
-462
-261
-424
-1066
-2019
-2923
-3479
-3499
-3174
-2654
-2039
-1439
-832
-285
214
551
633
602
495
481
642
959
1348
1643
1840
1792
1549
949
172
-629
-1185
-1401
-1267
-922
-692
-615
-820
-1152
-1502
-1782
-1978
-2069
-2053
-1888
-1565
-1053
-583
-333
-298
-535
-870
-1135
-1226
-1137
-929
-663
-382
-208
-138
-262
-546
-863
-1163
-1308
-1305
-1174
-923
-756
-713
-718
-718
-678
-664
-594
-509
-363
-130
111
349
583
663
686
714
750
851
1025
1193
1392
1473
1490
1445
1486
1507
1573
1791
2126
2456
2805
3084
3194
3506
3930
4527
5140
5626
5699
5055
3596
1390
-1105
-3351
-4812
-5037
-4289
-3226
-2584
-2793
-3698
-4850
-5539
-5368
-4520
-3289
-1975
-676
619
1960
3215
4043
4455
4329
3770
3234
2771
2581
2774
3198
3560
3544
2877
1515
-423
-2443
-4021
-4922
-4987
-4637
-4137
-3728
-3428
-3254
-3087
-3018
-3029
-2950
-2686
-2024
-973
344
1548
2484
2940
2867
2350
1646
864
124
-362
-546
-454
-294
-353
-786
-1575
-2545
-3394
-3948
-4125
-4015
-3723
-3136
-2511
-1865
-1312
-988
-828
-726
-551
-232
289
905
1429
1838
2149
2393
2385
2226
2019
1742
1629
1585
1639
1724
1744
1715
1683
1700
1784
2006
2261
2669
3379
4193
5032
5832
6442
6710
6554
5546
3649
937
-2151
-4707
-6141
-5894
-4603
-3128
-2455
-2960
-4191
-5594
-6367
-6174
-5161
-3516
-1644
161
1906
3340
4431
4932
4945
4609
3984
3269
2605
2134
2176
2564
3043
3081
2333
583
-1944
-4387
-6212
-6910
-6679
-5841
-4824
-3967
-3224
-2649
-2367
-2229
-2217
-2080
-1556
-666
620
1959
3135
3864
4139
3970
3291
2233
935
-378
-1416
-1928
-2008
-1793
-1683
-1869
-2423
-3170
-3806
-4222
-4293
-4102
-3567
-2847
-2066
-1229
-525
16
321
478
669
824
956
1160
1336
1565
1859
2047
2075
1860
1469
1017
638
415
305
327
401
582
853
1169
1570
2050
2530
3158
4016
5062
6291
7412
8220
8555
8102
6611
4063
692
-2716
-5427
-6691
-6398
-5083
-3704
-3247
-3856
-5215
-6542
-7247
-6981
-5829
-3966
-1787
435
2552
4236
5294
5674
5449
4903
4177
3470
2867
2485
2541
2875
3301
3249
2224
257
-2328
-4940
-6847
-7639
-7404
-6459
-5091
-3735
-2572
-1812
-1525
-1619
-1830
-1798
-1228
-66
1431
2877
4012
4683
4844
4473
3560
2260
599
-1083
-2485
-3276
-3440
-3121
-2676
-2534
-2735
-3357
-4064
-4604
-4791
-4487
-3686
-2455
-1156
81
1040
1579
1695
1591
1528
1412
1382
1431
1558
1735
1897
1918
1715
1187
503
-212
-741
-953
-919
-674
-343
-7
408
909
1373
1997
2635
3359
4263
5341
6492
7650
8661
9386
9495
8514
6219
2711
-1507
-5289
-7658
-8063
-6878
-5164
-4009
-4011
-5085
-6549
-7668
-7900
-7034
-5269
-2937
-347
2171
4222
5742
6492
6656
6307
5686
4826
3911
3143
2652
2662
2967
3162
2657
1226
-1144
-3925
-6396
-8048
-8613
-8150
-6882
-5162
-3421
-2016
-1205
-973
-1133
-1226
-876
67
1426
2893
4142
4927
5220
5182
4595
3470
1956
79
-1741
-3254
-4137
-4348
-4106
-3686
-3371
-3354
-3676
-4257
-4814
-5009
-4602
-3539
-2003
-280
1193
2053
2410
2296
1959
1651
1389
1299
1366
1582
1731
1781
1563
1122
476
-125
-668
-1016
-1115
-988
-593
-68
558
1319
2001
2602
3193
3842
4704
5663
6753
7931
9034
9832
10189
9527
7412
3917
-594
-5044
-8161
-9294
-8504
-6731
-5191
-4631
-5157
-6308
-7298
-7634
-7013
-5512
-3280
-630
2068
4492
6266
7236
7513
7175
6421
5370
4079
2830
1964
1585
1739
2109
1832
723
-1355
-3997
-6565
-8477
-9425
-9225
-7949
-6026
-3769
-1738
-351
171
69
-143
-4
636
1765
2975
4021
4831
5232
5155
4630
3430
1686
-448
-2664
-4448
-5628
-5995
-5687
-4961
-4149
-3449
-3169
-3338
-3621
-3759
-3438
-2474
-1071
516
1980
3107
3666
3721
3343
2698
1966
1329
875
663
631
656
590
339
64
-363
-764
-1140
-1425
-1436
-1209
-668
167
1161
2141
3160
4146
5120
6038
6945
7800
8716
9619
10246
10307
9102
6283
2011
-2911
-7173
-9773
-10308
-9153
-7495
-6236
-5777
-6099
-6608
-6917
-6591
-5502
-3634
-1236
1444
3989
6118
7548
8380
8592
8161
7031
5323
3276
1337
253
-194
-132
-39
-433
-1580
-3491
-5802
-7902
-9458
-9964
-9190
-7281
-4585
-1796
436
1852
2488
2609
2726
2959
3358
3769
4192
4555
4761
4604
4047
3021
1456
-509
-2822
-5140
-7173
-8424
-8463
-7566
-6016
-4318
-3052
-2366
-2074
-1896
-1532
-912
-21
1134
2334
3453
4240
4529
4272
3521
2494
1435
490
-276
-725
-903
-745
-464
-300
-284
-480
-710
-949
-1045
-927
-653
-106
810
1872
3155
4412
5501
6494
7411
8327
9087
9729
9971
9586
7976
4962
552
-4358
-8506
-11104
-11516
-10420
-8787
-7450
-6728
-6527
-6384
-6072
-5196
-3662
-1531
912
3436
5673
7359
8667
9380
9539
8881
7357
5022
2344
-6
-1685
-2562
-2823
-2969
-3231
-3847
-4995
-6434
-7945
-9036
-9204
-8205
-6132
-3278
-349
2169
4009
5062
5449
5370
5018
4613
4318
4053
3676
3218
2575
1750
653
-761
-2599
-4741
-6962
-8795
-9765
-9645
-8453
-6543
-4272
-2231
-541
486
1026
1229
1410
1685
1975
2426
2793
3038
3147
3057
2620
1801
689
-463
-1443
-2013
-2093
-1865
-1413
-881
-326
121
351
395
282
230
244
571
1309
2429
3769
5216
6709
7968
8972
9685
10114
10141
9627
8012
5030
743
-4377
-8809
-11604
-12385
-11273
-9367
-7401
-5979
-5363
-5019
-4818
-4134
-2550
-360
2300
4793
6695
8104
9166
9824
9809
8906
6973
4282
1213
-1721
-3903
-5150
-5477
-5084
-4683
-4666
-5265
-6356
-7258
-7759
-7498
-6362
-4541
-2031
759
3391
5554
6808
7343
7148
6354
5265
3994
2819
1805
986
358
-326
-1138
-2241
-3721
-5405
-7182
-8594
-9353
-9187
-8006
-6132
-3787
-1373
815
2503
3407
3692
3487
2981
2393
1744
1345
1129
1186
1410
1452
1212
517
-445
-1479
-2300
-2689
-2669
-2007
-1044
-36
844
1347
1648
1775
1686
1639
1623
1779
2356
3275
4526
5994
7438
8820
9871
10400
10297
9325
7248
3743
-984
-6282
-10634
-13102
-13645
-12127
-9786
-7220
-4977
-3859
-3259
-2981
-2370
-1022
821
3214
5507
7375
8959
9894
10207
9601
8009
5608
2365
-1102
-4417
-6970
-8169
-8076
-6967
-5833
-5124
-4935
-5317
-5796
-6148
-5860
-4575
-2724
-237
2426
4843
6965
8183
8674
8255
6860
5051
2980
1157
-291
-1298
-1894
-2350
-2795
-3546
-4631
-6043
-7358
-8268
-8474
-7802
-6250
-4133
-1762
516
2370
3617
4177
4298
3807
2969
1950
892
224
-190
-240
-14
113
91
-157
-859
-1683
-2492
-3011
-2946
-2334
-1211
-3
1167
2034
2514
2777
2647
2488
2282
2195
2389
2769
3591
4579
5724
6851
7632
8113
8175
7828
7106
5404
2435
-1585
-6522
-10612
-13100
-13915
-12464
-10160
-7083
-4179
-2519
-1268
-675
199
1585
2902
4784
6584
8044
9180
9545
9466
8730
7205
4872
1716
-1848
-5267
-7786
-9087
-9099
-8021
-6686
-5424
-4600
-4378
-4258
-4198
-3665
-2501
-918
1193
3295
5387
7131
8098
8378
7884
6614
4738
2616
489
-1382
-2793
-3772
-4305
-4672
-5139
-5719
-6542
-7221
-7520
-7285
-6228
-4636
-2656
-472
1548
3278
4401
4901
4911
4269
3176
1812
460
-680
-1424
-1845
-1927
-1654
-1463
-1501
-1766
-2166
-2399
-2455
-2104
-1439
-551
444
1334
2153
2757
3228
3578
3806
3953
3991
4052
4209
4585
5358
6284
7159
7873
8248
8133
7419
5697
2513
-1873
-6977
-11376
-14148
-15037
-13612
-11044
-7505
-4063
-1837
-124
755
1471
2432
3215
4465
5955
7323
8569
9220
9323
8878
7384
4776
1417
-2372
-6040
-8939
-10622
-10721
-9493
-7590
-5670
-4131
-3233
-2594
-2312
-2013
-1188
-6
1849
3747
5543
7119
8017
8442
7867
6517
4594
2209
-188
-2471
-4317
-5383
-5807
-5685
-5391
-5329
-5393
-5774
-6013
-5984
-5385
-4017
-2340
-337
1545
3180
4479
5120
5217
4610
3466
2011
395
-943
-1974
-2431
-2373
-2053
-1551
-1358
-1471
-1730
-2131
-2279
-2145
-1693
-884
82
1130
2004
2711
3422
4023
4442
4614
4607
4638
4659
4798
5196
5706
6355
6922
7232
7279
6982
5896
3782
292
-4337
-9088
-12711
-14715
-14627
-12646
-9457
-5549
-2401
-46
1424
2338
3217
3836
4515
5536
6604
7656
8406
8719
8757
7950
6006
3075
-615
-4548
-8098
-10695
-11691
-11092
-9352
-7098
-5055
-3485
-2362
-1732
-1385
-869
-15
1332
2980
4435
5972
7185
7778
8038
7035
5431
3402
697
-1705
-4173
-5923
-6646
-6788
-6241
-5621
-5113
-4764
-4873
-4907
-4532
-3560
-2035
-229
1700
3469
4833
5590
5755
5254
4125
2632
687
-1083
-2503
-3427
-3666
-3381
-2670
-1912
-1442
-1295
-1422
-1624
-1672
-1465
-783
176
1302
2397
3235
4040
4582
5024
5171
5074
4956
4719
4736
4799
5196
5664
6194
6581
6579
6233
5025
2566
-1200
-5913
-10322
-13435
-14943
-14287
-12051
-8739
-4929
-1937
479
2049
2971
3838
4183
4693
5444
6067
6726
7252
7737
8084
7458
5766
2895
-769
-4620
-8308
-10948
-11927
-11118
-9269
-6994
-4792
-3004
-1562
-765
-357
213
950
2084
3305
4498
5950
6975
7618
7385
6328
5018
2696
172
-2715
-5222
-6752
-7750
-7482
-6714
-5587
-4350
-3786
-3523
-3382
-3128
-2413
-1403
70
1760
3320
4535
5115
5209
4713
3682
2152
328
-1412
-2837
-3656
-3985
-3667
-2798
-1904
-1205
-995
-1182
-1466
-1782
-1933
-1477
-572
773
2119
3340
4500
5288
5788
5786
5649
5531
5436
5427
5660
6241
6945
7460
7571
7273
6128
3787
17
-4609
-9191
-12546
-14401
-14431
-12632
-9712
-6095
-3093
-768
1229
2634
3742
4352
4716
5298
5688
6095
6493
6942
7574
7613
6501
4280
1052
-2708
-6596
-9899
-11671
-11580
-10067
-8087
-5922
-3990
-2383
-1125
-275
557
1475
2340
3093
3780
4809
5988
6781
7288
6776
5796
4086
1376
-1431
-4424
-6613
-7901
-8545
-8107
-7169
-5878
-4743
-4034
-3258
-2611
-2049
-1340
-527
760
2081
3184
4174
4825
5113
4669
3527
1855
10
-1646
-3114
-4037
-4074
-3373
-2234
-1351
-689
-364
-428
-721
-1250
-1487
-1205
-570
377
1517
2875
4157
5218
5839
5953
5963
5679
5345
5156
5323
6052
6775
7343
7629
7062
5625
2608
-1567
-6142
-10285
-12925
-14234
-13579
-11289
-8076
-4654
-2078
115
1973
3192
4107
4543
4986
5496
5737
5963
6330
6910
7354
6892
5429
2976
-231
-3882
-7523
-10129
-11193
-10710
-9349
-7580
-5618
-3820
-2461
-1492
-623
526
1656
2595
3362
4078
4953
5811
6456
6903
6802
5906
3988
1184
-1781
-4521
-6723
-8289
-8921
-8707
-7817
-6839
-5901
-4792
-3680
-2481
-1465
-497
589
1649
2570
3310
3967
4581
4852
4421
3346
1818
106
-1680
-3209
-4176
-4150
-3388
-2355
-1361
-630
-17
107
-193
-612
-779
-598
-184
574
1668
3133
4576
5643
6305
6655
6590
6252
5823
5653
5863
6357
6828
7278
7316
6351
3908
-136
-4825
-9175
-12365
-14210
-14054
-12079
-8929
-5406
-2585
-104
2050
3657
4627
4969
5306
5737
5840
5792
5946
6495
7300
7277
6201
4129
1074
-2689
-6598
-9633
-11028
-10825
-9752
-8102
-6125
-4204
-2655
-1608
-688
446
1495
2343
3117
3835
4816
5741
6413
6942
7026
6470
4892
2303
-522
-3230
-5534
-7262
-8182
-8228
-7798
-7213
-6624
-5780
-4535
-3212
-2025
-994
93
1108
1867
2445
3049
3705
4165
4065
3365
2156
670
-903
-2440
-3434
-3797
-3470
-2688
-1837
-875
-5
463
565
363
-19
-324
-360
-108
724
2074
3620
5037
6090
6747
7030
6855
6461
6227
6189
6467
6719
7027
7131
6324
4247
639
-3921
-8354
-11788
-14123
-14365
-12873
-9985
-6307
-3300
-537
1889
3646
4886
5409
5783
6104
5991
5744
5694
6074
6736
6839
6135
4567
1983
-1548
-5425
-8796
-10773
-11054
-10344
-8704
-6472
-4258
-2394
-1081
-93
902
1762
2359
2753
3240
4156
5121
5865
6675
7036
6689
5370
2879
18
-2901
-5425
-7285
-8263
-8244
-7567
-6805
-6047
-5236
-4169
-3114
-2191
-1314
-468
404
1106
1775
2480
3246
3753
3792
3237
2214
762
-815
-2301
-3269
-3523
-3301
-2713
-1996
-1106
-425
68
359
399
349
51
-141
-47
521
1618
2928
4427
5660
6557
7067
7049
6929
6702
6670
6762
6822
7151
7051
6157
3938
378
-3937
-8176
-11495
-13615
-13944
-12654
-10016
-6850
-3834
-875
1717
3699
5071
5740
6187
6345
5947
5617
5547
5980
6499
6485
5833
4374
1933
-1373
-4959
-8036
-9947
-10735
-10444
-9217
-7265
-4922
-2803
-1160
161
1377
2160
2535
2727
3027
3735
4430
5263
6108
6639
6535
5348
3160
415
-2547
-5201
-7154
-8281
-8252
-7688
-6894
-5963
-5014
-3824
-2775
-1887
-1050
-279
389
901
1436
2166
3040
3606
3692
3184
2096
530
-1125
-2474
-3281
-3461
-3220
-2726
-2106
-1388
-749
-321
10
280
430
454
363
525
1054
1940
3132
4439
5744
6811
7363
7464
7391
7197
7093
7031
6926
6867
6093
4147
1093
-3115
-7227
-10558
-12992
-13573
-12810
-10663
-7769
-5396
-2655
-125
2168
4198
5352
6147
6639
6393
5820
5439
5516
6063
6244
5788
4684
2691
-182
-3395
-6318
-8290
-9100
-9173
-8607
-7440
-5983
-4275
-2561
-778
1191
2665
3489
3729
3471
3467
3640
4062
4907
5549
5839
5158
3438
1212
-1409
-3700
-5550
-6710
-6962
-6772
-6425
-5969
-5299
-4234
-3139
-2130
-1216
-460
133
365
562
996
1757
2556
2904
2901
2304
1283
-186
-1836
-2960
-3421
-3332
-2890
-2306
-1534
-834
-427
-94
201
514
685
726
839
1168
1824
2820
4054
5294
6441
7222
7578
7752
7700
7750
7684
7513
7075
5697
3156
-670
-5046
-8893
-11761
-13144
-12723
-11253
-8697
-6162
-3973
-1683
162
2076
3677
4742
5613
5932
5741
5466
5377
5762
6134
6117
5545
4049
1519
-1666
-4816
-7192
-8458
-8790
-8348
-7177
-5792
-4422
-3160
-2030
-576
873
2061
3076
3596
3885
4025
4118
4624
5159
5453
5318
4212
2362
-94
-2637
-4688
-5994
-6447
-6312
-5769
-5233
-4757
-4264
-3621
-2709
-1815
-949
-125
387
762
995
1225
1726
2165
2404
2353
1776
870
-397
-1592
-2443
-2974
-2963
-2661
-2129
-1461
-894
-407
20
391
619
797
888
1110
1538
2130
3075
4245
5546
6846
7873
8697
9151
9119
8879
8275
7180
4930
1548
-2641
-7033
-10327
-12612
-13088
-11793
-9601
-6792
-4603
-2751
-976
335
1681
2836
3894
5002
5483
5565
5513
5594
5877
5896
5499
4583
2932
440
-2614
-5435
-7476
-8520
-8674
-8089
-6826
-5351
-3879
-2603
-1452
3
1129
1980
2667
3117
3724
4089
4384
5025
5514
5670
5101
3743
1857
-552
-2992
-4997
-6312
-6801
-6662
-6279
-5657
-4736
-3718
-2805
-1930
-1286
-707
-333
-229
23
449
1256
1982
2489
2829
2722
2125
1065
-57
-960
-1610
-2068
-2270
-2333
-2103
-1783
-1445
-886
-343
193
404
331
239
326
802
1559
2735
4277
5853
7171
8163
8821
9315
9536
9465
8978
7575
4741
645
-4327
-8802
-11996
-13755
-13185
-11339
-8419
-5462
-3399
-1416
41
1226
2300
3048
3850
4373
4395
4482
4750
5364
6078
6319
5847
4367
1722
-1614
-4850
-7400
-8776
-9152
-8796
-7702
-6392
-5058
-3729
-2535
-1101
276
1364
2152
2545
2943
3364
3871
4771
5766
6488
6529
5591
3840
1492
-1068
-3414
-4989
-5860
-6200
-6204
-6138
-5787
-5334
-4666
-3694
-2745
-1694
-896
-516
-213
-9
445
1189
2049
2912
3339
3231
2689
1807
904
167
-426
-826
-1106
-1266
-1447
-1479
-1309
-967
-520
-156
68
169
237
342
675
1397
2527
3957
5490
6926
8314
9346
10073
10503
10374
9549
7078
3342
-1432
-6471
-10220
-12970
-13427
-12256
-9953
-6962
-4778
-2531
-720
578
1943
2793
3673
4359
4362
4284
4343
4999
6013
6779
7093
6450
4585
1435
-2335
-5788
-8329
-9602
-9904
-9284
-7975
-6628
-5187
-3852
-2389
-758
361
1192
1677
1926
2302
2638
3502
4921
6276
7269
7218
6204
4270
1776
-772
-2973
-4249
-4982
-5116
-5174
-5244
-5047
-4925
-4596
-4147
-3703
-3096
-2761
-2401
-1839
-979
321
1658
2801
3568
3718
3322
2484
1527
945
676
585
486
397
183
-87
-410
-744
-730
-809
-893
-994
-1061
-895
-451
543
1781
3296
4792
6108
7205
8086
8913
9710
10130
10145
8788
5938
1811
-3310
-7602
-11313
-13087
-12810
-11462
-8783
-6526
-4341
-2298
-825
702
1865
2836
3715
3902
3908
3953
4315
5147
6053
6807
6918
5962
3708
582
-2708
-5688
-7820
-9226
-9625
-9104
-8385
-7184
-5733
-4137
-2302
-896
200
1001
1241
1293
1303
1877
2986
4447
5807
6661
6695
5633
3970
1815
-124
-1637
-2865
-3478
-4066
-4494
-4684
-4813
-4600
-4272
-3920
-3605
-3603
-3689
-3715
-3344
-2385
-991
655
2175
3234
3455
3152
2483
1810
1295
1047
1051
1163
1329
1339
1265
1070
896
489
-59
-794
-1414
-1839
-1947
-1424
-440
1099
2944
4730
6416
7877
8950
9870
10258
10278
9325
6767
3420
-1099
-5033
-8318
-10564
-10749
-10193
-8383
-6715
-5404
-3747
-2634
-1294
11
1235
2655
3361
3638
3893
4359
5230
6093
6813
7162
6644
4865
2212
-632
-3379
-5535
-7041
-7962
-8022
-7895
-7558
-6818
-5913
-4518
-3247
-2022
-951
-355
223
584
1243
2423
3728
5067
5909
6267
5711
4635
3154
1609
558
-424
-999
-1704
-2447
-3047
-3764
-4134
-4284
-4326
-4230
-4382
-4449
-4417
-4248
-3453
-2359
-1053
379
1531
2320
2677
2645
2466
2266
2052
1880
1846
1874
2008
2087
2185
2171
1841
1311
280
-824
-1715
-2308
-2392
-1906
-921
623
2285
4036
5742
7197
8519
9525
10284
10325
9073
6516
2881
-1371
-4862
-7773
-9209
-9155
-8286
-6646
-5576
-4517
-3580
-2800
-1820
-931
205
1372
2135
2738
3491
4504
5666
6715
7423
7556
6649
4603
1991
-721
-3257
-5170
-6549
-7179
-7280
-7225
-6919
-6372
-5520
-4498
-3649
-2792
-2140
-1803
-1217
-615
519
2040
3644
5130
6157
6391
5725
4507
2897
1536
181
-740
-1220
-1824
-2032
-2582
-2987
-3225
-3674
-3791
-4056
-4220
-4312
-4508
-4223
-3584
-2548
-1263
-63
1029
1738
2106
2073
1998
2047
2105
2224
2285
2458
2544
2678
2779
2709
2635
2211
1373
312
-889
-1859
-2423
-2477
-1806
-598
978
2900
4765
6608
8104
9348
10194
10241
9109
6620
3183
-801
-4183
-7008
-8327
-8232
-7362
-5878
-4992
-4032
-3243
-2799
-2188
-1713
-831
103
736
1409
2398
3751
5225
6617
7645
8051
7332
5285
2651
-145
-2633
-4660
-6048
-6553
-6647
-6628
-6407
-5974
-5355
-4679
-4082
-3426
-2858
-2492
-2135
-1575
-464
1134
2808
4441
5711
6164
5796
4735
3308
2009
856
230
-190
-590
-1026
-1635
-2181
-2764
-3255
-3717
-4229
-4685
-5230
-5559
-5453
-4767
-3500
-2021
-484
807
1718
2075
2085
2084
2064
2218
2431
2649
2838
2897
2852
2740
2655
2382
1941
1234
400
-524
-1430
-2137
-2456
-2020
-1245
84
1748
3431
5081
6441
7725
8748
9436
9237
7515
4910
1340
-2055
-5188
-7253
-7634
-7311
-6122
-5257
-4429
-3660
-3247
-2743
-2218
-1350
-371
267
766
1438
2487
3741
5065
6432
7396
7387
6141
4011
1511
-974
-3185
-4769
-5517
-5697
-5810
-5856
-5772
-5503
-5192
-4885
-4251
-3615
-3077
-2591
-2023
-1169
-20
1346
2899
4414
5331
5552
5140
4109
3037
1906
1027
511
-69
-546
-1233
-1808
-2395
-2963
-3319
-3635
-3918
-4353
-4805
-5059
-4867
-4194
-3152
-1766
-401
814
1670
2059
2309
2508
2691
2927
3089
3382
3479
3522
3444
3318
3133
2653
2123
1292
413
-565
-1335
-1650
-1483
-752
326
1819
3408
4882
6241
7315
8196
8262
7165
5092
2056
-1071
-3865
-6096
-6854
-6728
-5762
-4699
-3787
-2832
-2346
-1983
-1665
-1184
-524
-84
242
734
1509
2465
3546
4835
6002
6514
5988
4589
2687
477
-1646
-3480
-4635
-5107
-5396
-5363
-5167
-4826
-4341
-4173
-3903
-3614
-3468
-3355
-3257
-2701
-1761
-545
959
2380
3676
4361
4425
4029
3349
2546
1797
1292
752
274
-331
-897
-1345
-1858
-2277
-2759
-3241
-3821
-4522
-5007
-5164
-4852
-4082
-3045
-1809
-703
189
845
1399
2030
2525
2934
3170
3285
3212
3053
2862
2837
2855
2764
2608
2307
1699
954
171
-467
-641
-471
17
854
1976
3196
4432
5625
6678
7327
6881
5294
2797
-47
-2845
-5297
-6462
-6624
-5833
-4728
-3811
-2727
-2031
-1657
-1492
-1271
-790
-614
-534
-292
337
1253
2348
3653
5079
6029
5937
4943
3418
1563
-509
-2369
-3639
-4261
-4651
-4884
-4869
-4640
-4285
-3989
-3700
-3356
-3196
-3318
-3473
-3407
-2893
-2152
-947
549
1997
3256
3943
4099
3828
3355
2809
2356
1733
1132
465
-239
-739
-1243
-1479
-1775
-2147
-2685
-3460
-4131
-4683
-4858
-4697
-4028
-3040
-1928
-875
0
818
1527
2196
2737
3177
3491
3597
3453
3176
2907
2752
2650
2468
2222
1989
1658
1212
720
386
309
422
865
1528
2419
3319
4274
5252
5862
5921
4899
3159
1007
-1351
-3542
-5062
-5580
-5280
-4570
-3862
-2914
-2038
-1487
-1195
-1010
-613
-490
-617
-647
-394
211
944
2014
3467
4730
5311
5107
4279
2915
1179
-659
-2164
-3142
-3809
-4274
-4385
-4200
-3897
-3604
-3305
-2903
-2813
-2980
-3244
-3528
-3540
-3412
-2749
-1653
-383
948
1925
2707
3073
3161
3129
2932
2710
2188
1533
803
94
-492
-1040
-1399
-1642
-2028
-2461
-3049
-3584
-4006
-4258
-4106
-3729
-3072
-2338
-1517
-661
301
1329
2178
3010
3563
3875
4003
3805
3536
3209
2839
2493
2211
1881
1509
1113
761
491
415
513
775
1219
1778
2408
2965
3757
4474
4892
4677
3697
2206
362
-1529
-3100
-3844
-3997
-3521
-3038
-2468
-1704
-1426
-1126
-940
-632
-297
-438
-507
-560
-529
-315
198
1294
2589
3534
3893
3822
3216
2078
729
-565
-1424
-2146
-2737
-3057
-3184
-3087
-2990
-2767
-2362
-2026
-1870
-1951
-2356
-2804
-3197
-3499
-3131
-2461
-1484
-331
564
1473
1865
2178
2310
2279
2220
1852
1482
1024
545
164
-2
-1
-11
-277
-751
-1387
-2194
-2977
-3591
-3879
-3793
-3560
-3065
-2358
-1529
-404
684
1894
2974
3697
4128
4095
3837
3432
2960
2522
2071
1872
1734
1518
1206
872
707
490
521
716
1107
1568
1890
2293
2852
3273
3365
3116
2375
1500
266
-1027
-1908
-2550
-2679
-2780
-2724
-2470
-2314
-2124
-2005
-1639
-1167
-773
-574
-378
-203
-249
-192
47
661
1291
1791
2100
2112
1837
1164
376
-181
-748
-1208
-1540
-1781
-1940
-2295
-2580
-2728
-2647
-2461
-2303
-2228
-2212
-2380
-2597
-2676
-2498
-2109
-1581
-1062
-578
-92
254
649
1042
1532
1913
2050
2159
1957
1630
1241
883
636
318
-2
-453
-1029
-1669
-2367
-2823
-3113
-3242
-3196
-2902
-2491
-1876
-1055
-137
917
1880
2708
3218
3445
3336
2976
2479
2022
1658
1408
1135
814
496
266
85
-36
64
326
705
998
1236
1423
1712
2093
2698
3423
3974
4215
3666
2818
1588
234
-761
-1653
-1916
-2099
-2176
-2102
-2084
-1872
-1775
-1453
-1071
-820
-733
-871
-1064
-1370
-1536
-1488
-1104
-506
-58
430
659
636
524
310
317
322
344
297
154
-86
-476
-740
-838
-860
-837
-916
-1106
-1480
-1931
-2352
-2572
-2548
-2384
-2003
-1746
-1461
-1119
-612
37
708
1376
1895
2137
2085
1809
1383
1025
720
445
180
-158
-575
-1084
-1605
-1972
-2243
-2434
-2469
-2415
-2197
-1836
-1355
-660
165
967
1560
1969
2105
2038
1808
1490
1266
1071
754
455
163
-81
-257
-277
-61
264
586
717
658
446
160
-134
-75
283
894
1670
2369
3031
3516
3932
4118
4013
3539
2777
1813
678
-227
-919
-1239
-1245
-1220
-978
-855
-919
-1149
-1583
-1983
-2335
-2709
-3095
-3420
-3658
-3736
-3523
-2966
-2084
-1059
-9
924
1589
2001
2059
2040
1895
1649
1480
1162
828
373
-101
-483
-693
-676
-584
-534
-650
-912
-1283
-1555
-1650
-1594
-1243
-794
-430
-94
105
321
564
778
864
859
645
322
-81
-517
-805
-981
-985
-952
-888
-916
-1026
-1017
-907
-711
-447
-218
36
167
207
245
261
318
487
561
544
439
281
122
4
21
258
541
904
973
822
511
144
-110
-255
-198
-68
146
202
206
158
130
141
242
431
647
845
1117
1478
1926
2465
3024
3600
4017
4115
3743
3069
2147
1122
119
-870
-1647
-2339
-2954
-3344
-3588
-3621
-3501
-3238
-2876
-2565
-2258
-2034
-1761
-1443
-1095
-631
-79
497
964
1294
1530
1592
1570
1476
1328
1111
758
391
27
-194
-299
-265
-148
-11
97
120
188
231
224
195
103
-69
-301
-621
-868
-1071
-1076
-961
-817
-585
-336
-167
-130
-37
-56
-121
-168
-271
-429
-608
-804
-896
-919
-810
-526
-334
-171
-211
-256
-266
-228
-51
224
629
875
947
814
569
361
182
158
191
213
208
126
-43
-177
-383
-551
-546
-561
-444
-361
-213
24
356
668
1052
1469
1677
1816
1760
1693
1471
1127
792
420
-27
-390
-782
-1092
-1199
-1238
-1087
-846
-626
-456
-296
-177
-65
-10
78
207
232
260
248
288
375
419
552
593
635
648
558
458
425
371
366
412
408
352
202
49
-129
-272
-333
-359
-320
-225
-236
-258
-217
-188
-140
-62
74
217
348
500
641
724
716
660
526
327
9
-354
-677
-967
-1117
-1155
-1137
-1101
-1015
-860
-716
-475
-227
112
399
678
858
850
712
467
280
142
130
217
282
292
302
168
21
-186
-373
-497
-583
-649
-648
-491
-283
27
360
742
1133
1345
1563
1703
1594
1417
1052
698
256
-260
-690
-1060
-1332
-1572
-1730
-1776
-1784
-1754
-1723
-1612
-1484
-1368
-1166
-840
-445
-102
191
468
684
833
962
1084
1190
1258
1246
1242
1166
1123
1134
1138
1174
1166
1088
907
740
488
238
-4
-253
-428
-585
-666
-688
-647
-509
-362
-117
82
260
386
537
689
716
721
752
659
444
193
-103
-405
-677
-766
-833
-864
-794
-785
-739
-633
-416
-131
188
560
910
987
998
952
756
629
502
474
436
448
395
248
43
-146
-294
-407
-513
-561
-602
-586
-497
-460
-327
-94
195
435
667
856
999
1054
1038
997
844
631
288
-35
-362
-656
-863
-973
-920
-966
-992
-944
-992
-1000
-1000
-975
-850
-686
-456
-303
-143
54
252
449
617
814
898
904
792
691
602
524
527
496
523
470
426
314
135
-42
-282
-469
-666
-774
-867
-894
-762
-575
-360
-90
164
379
622
853
979
1023
974
866
742
548
290
13
-245
-472
-623
-753
-816
-948
-1050
-1135
-1164
-989
-741
-402
35
321
621
796
808
842
841
806
735
695
596
431
165
2
-82
-114
-103
-94
-68
-82
-41
-135
-143
-103
-52
85
196
323
457
505
495
439
378
249
6
-214
-522
-780
-943
-1089
-1159
-1125
-1079
-1034
-1015
-976
-931
-774
-571
-391
-262
-269
-250
-221
-131
8
265
555
771
974
1018
969
945
887
772
639
542
488
318
159
40
-4
-110
-206
-343
-551
-740
-1001
-1097
-1194
-1091
-863
-566
-239
137
446
653
852
923
939
877
792
588
351
106
-88
-196
-190
-247
-279
-399
-581
-698
-822
-796
-620
-302
18
347
552
746
810
878
958
1020
1008
906
732
395
0
-304
-451
-448
-310
-182
28
217
296
335
370
458
483
513
591
607
691
711
810
854
918
800
553
261
-102
-462
-699
-843
-925
-920
-886
-910
-926
-939
-915
-812
-749
-667
-607
-574
-565
-538
-405
-114
265
620
932
1085
1117
1081
979
971
936
936
974
961
853
649
410
250
134
-73
-127
-238
-448
-671
-915
-984
-927
-782
-537
-214
63
229
350
498
521
422
337
145
22
-161
-373
-504
-462
-414
-387
-409
-443
-566
-660
-701
-718
-528
-320
-45
185
386
595
672
718
844
842
753
574
353
76
-225
-406
-590
-630
-574
-517
-432
-342
-223
-98
-41
14
156
300
393
410
505
588
693
840
910
938
865
635
385
92
-159
-289
-409
-460
-550
-632
-655
-675
-654
-557
-525
-568
-584
-680
-817
-876
-796
-586
-230
129
444
705
828
909
923
888
864
917
918
846
775
662
549
433
313
139
-50
-225
-404
-603
-719
-716
-626
-464
-306
-109
59
167
231
239
234
218
147
3
-145
-295
-377
-451
-490
-449
-421
-466
-472
-536
-626
-585
-449
-278
-132
30
160
313
431
540
675
775
871
862
698
549
321
102
-13
-116
-164
-185
-173
-217
-210
-212
-168
-186
-200
-196
-154
-130
-11
140
361
580
721
883
911
849
677
539
398
248
150
52
-7
-102
-207
-270
-332
-376
-388
-396
-423
-506
-613
-657
-647
-525
-351
-131
28
190
317
370
447
582
593
641
654
677
672
550
562
512
493
458
362
249
69
-69
-222
-257
-233
-141
-59
44
169
211
183
130
20
-89
-187
-254
-286
-395
-432
-428
-372
-346
-256
-252
-296
-336
-406
-465
-450
-356
-218
-48
19
84
83
116
134
169
279
348
439
478
483
450
366
384
397
366
334
273
198
119
15
-82
-134
-180
-251
-328
-334
-351
-308
-204
-42
111
183
202
238
283
230
117
127
112
68
44
-49
-72
-136
-185
-130
-139
-83
-100
-172
-180
-165
-105
31
155
220
354
358
338
316
253
210
195
279
329
368
373
319
295
274
178
187
197
181
166
150
250
248
311
369
448
487
473
422
330
156
-2
-125
-333
-382
-389
-393
-339
-294
-262
-222
-220
-206
-181
-157
-180
-227
-157
-31
61
93
120
132
118
123
119
98
33
-11
-55
-79
-58
23
151
277
353
424
399
379
350
248
181
115
38
-21
-63
-157
-162
-121
-67
11
63
85
106
24
-3
-65
-153
-171
-188
-184
-251
-267
-297
-361
-432
-520
-524
-513
-540
-574
-556
-470
-349
-215
31
231
425
598
619
623
569
445
354
249
169
142
57
-14
-7
-35
-59
-117
-187
-214
-192
-135
-121
12
157
299
464
565
651
668
559
392
215
-12
-259
-478
-638
-748
-812
-777
-679
-584
-464
-393
-301
-257
-275
-232
-197
-121
-63
45
139
213
267
216
211
202
207
136
85
21
-36
-30
10
35
160
290
369
371
335
310
189
99
-17
-110
-172
-213
-136
-77
15
138
192
296
318
347
368
302
253
252
199
186
172
164
164
127
79
-54
-196
-358
-517
-684
-722
-668
-586
-435
-215
23
264
469
596
712
716
783
680
575
556
469
369
308
274
103
-21
-160
-277
-349
-417
-379
-281
-153
53
223
378
551
742
809
806
827
719
558
292
-5
-247
-414
-542
-669
-697
-697
-644
-595
-528
-566
-448
-363
-268
-144
-76
49
98
173
256
366
356
426
464
412
328
213
130
20
-32
-106
-166
-131
-55
13
61
128
160
72
-33
-120
-179
-291
-305
-322
-276
-218
-77
31
175
300
370
405
314
160
21
-48
-123
-72
-72
-33
-36
-83
-171
-281
-467
-618
-763
-949
-1005
-1022
-947
-707
-344
-14
250
466
629
650
601
484
439
417
380
347
309
221
59
-124
-304
-471
-594
-676
-703
-736
-646
-550
-396
-74
227
467
680
785
789
663
474
305
147
44
-89
-194
-313
-436
-512
-486
-507
-499
-550
-614
-652
-657
-633
-567
-379
-174
8
203
339
431
587
644
635
560
518
470
337
220
168
143
153
165
191
188
188
134
-15
-138
-263
-312
-371
-435
-399
-377
-359
-278
-88
24
148
263
363
388
325
284
270
291
329
392
391
308
176
77
-105
-316
-541
-684
-822
-1010
-1009
-995
-863
-600
-365
38
302
489
660
713
713
685
635
636
628
594
498
382
257
81
-57
-282
-429
-491
-584
-641
-636
-497
-261
67
377
632
806
828
792
674
494
319
175
98
51
-6
-9
-20
-98
-141
-266
-353
-488
-744
-876
-987
-1030
-921
-694
-454
-219
30
240
366
450
473
457
381
412
412
391
420
408
474
461
463
436
345
212
15
-145
-305
-420
-491
-597
-634
-604
-587
-476
-357
-167
-50
17
95
114
136
131
111
195
346
450
551
563
558
430
247
27
-170
-359
-598
-765
-795
-796
-708
-555
-374
-170
10
95
219
287
352
420
484
562
581
623
593
466
397
284
144
35
-88
-205
-322
-382
-412
-365
-197
-27
207
360
477
544
518
500
425
349
289
206
221
212
156
174
218
204
210
182
63
-112
-345
-492
-644
-679
-653
-521
-367
-197
-30
118
229
305
325
344
285
220
267
300
443
562
626
720
746
696
544
399
228
83
-137
-298
-323
-371
-400
-367
-311
-260
-165
-133
-149
-107
-104
-150
-129
-78
88
316
448
537
586
585
523
420
269
124
-33
-204
-302
-347
-337
-343
-238
-145
-35
43
65
96
65
74
29
28
92
115
136
173
164
159
81
-4
-104
-218
-284
-330
-298
-307
-216
-132
17
169
305
396
369
347
271
225
158
104
112
104
149
187
215
232
236
220
143
9
-141
-263
-409
-503
-603
-626
-582
-516
-464
-404
-318
-247
-158
-124
-66
-14
44
146
198
263
343
442
508
572
606
605
561
375
239
45
-117
-240
-295
-335
-365
-288
-227
-229
-192
-178
-210
-280
-333
-369
-377
-332
-231
-121
-1
113
115
128
60
-25
-133
-208
-252
-248
-219
-131
-52
5
118
173
239
232
235
218
200
195
146
124
98
142
163
208
183
141
127
50
1
-62
-86
-140
-81
-43
-25
96
179
247
327
368
275
163
98
48
63
134
187
278
321
382
394
360
422
395
400
429
345
228
164
58
2
-36
-112
-179
-228
-223
-264
-255
-242
-186
-103
-43
35
137
215
232
256
308
359
432
427
432
406
327
294
239
174
139
17
25
49
16
28
48
53
27
-49
-115
-142
-221
-206
-204
-124
-75
-77
-83
-132
-213
-324
-339
-399
-420
-444
-408
-368
-340
-265
-160
-71
-34
24
27
-2
-54
-96
-87
-68
-18
13
58
92
88
55
17
-7
12
7
-1
6
60
60
108
194
191
198
170
104
23
-96
-196
-239
-278
-320
-287
-240
-193
-111
-73
53
113
190
221
176
196
166
149
134
104
105
85
63
23
-47
-98
-117
-119
-109
-14
86
119
153
214
206
257
267
267
255
209
182
116
83
70
70
-8
-27
-58
-69
-64
-80
-75
-32
11
20
48
65
30
44
56
77
64
62
93
30
-40
-124
-222
-245
-294
-356
-297
-301
-258
-147
-80
-11
89
145
165
126
109
27
-23
-34
-80
-105
-111
-131
-118
-137
-123
-157
-146
-108
-106
-66
21
116
226
409
483
561
572
521
443
322
146
17
-52
-117
-160
-236
-282
-269
-252
-232
-155
-85
-23
-36
-7
-33
-80
-115
-89
-61
-23
52
22
-21
-50
-26
-22
50
83
98
114
99
104
115
180
222
320
383
344
366
342
295
211
136
33
-14
9
15
3
14
31
102
165
176
184
164
152
113
93
66
105
96
71
60
26
-71
-104
-175
-291
-299
-299
-315
-305
-243
-147
-26
64
116
186
291
278
272
257
193
98
64
-25
-148
-222
-348
-360
-368
-381
-363
-371
-357
-288
-229
-148
-64
123
215
330
429
412
418
362
341
189
102
-4
-77
-160
-228
-283
-333
-298
-239
-166
-106
-68
-47
-65
-115
-111
-168
-107
-137
-160
-88
-46
-31
35
-2
67
147
119
163
140
144
92
115
135
142
171
152
179
170
168
164
143
46
23
-27
-85
-76
-58
24
139
254
342
405
429
449
418
391
338
334
329
259
201
145
84
28
-15
-68
-148
-214
-278
-304
-274
-208
-122
-24
97
201
252
274
294
304
236
165
105
-16
-89
-165
-189
-175
-160
-138
-130
-164
-184
-200
-224
-193
-136
-61
12
116
176
209
186
131
157
107
59
-43
-115
-210
-256
-321
-285
-268
-277
-194
-166
-158
-172
-200
-254
-214
-217
-214
-232
-231
-169
-93
-17
68
121
140
176
189
236
240
195
209
201
184
190
200
226
192
146
166
122
37
-29
-82
-148
-199
-219
-195
-172
-64
66
169
260
340
357
371
326
235
215
181
141
126
61
38
60
43
32
-14
-63
-86
-127
-170
-150
-129
-51
39
190
267
305
319
306
253
151
36
-50
-153
-251
-264
-260
-235
-176
-151
-124
-38
-67
-50
7
6
75
98
156
252
283
303
247
236
156
62
-1
-102
-171
-184
-215
-231
-188
-176
-124
-138
-165
-225
-337
-363
-379
-403
-396
-314
-247
-164
-64
9
62
122
143
197
261
219
184
111
60
99
75
146
179
184
194
138
77
25
-36
-156
-165
-171
-179
-152
-103
-59
28
138
180
269
325
363
343
353
375
242
215
163
99
25
0
-30
-57
-66
-93
-14
-72
-100
-122
-146
-54
-11
141
271
351
463
505
470
417
329
237
143
40
-44
-110
-122
-151
-93
-60
7
56
80
120
75
69
75
101
96
139
131
185
164
124
124
62
17
-42
-73
-110
-139
-155
-119
-113
-116
-74
-74
-94
-170
-247
-356
-406
-511
-525
-440
-356
-281
-217
-139
-62
-3
23
55
87
93
101
105
91
121
138
146
125
148
71
-14
-111
-106
-163
-260
-259
-249
-197
-182
-150
-23
90
136
235
247
265
314
326
365
337
282
285
255
179
121
53
-35
-50
-112
-138
-146
-170
-186
-174
-61
-5
105
182
265
306
309
320
275
292
244
232
177
173
164
123
95
70
130
149
124
140
182
155
186
198
199
249
253
176
154
105
81
67
32
15
0
-55
-73
-70
-103
-74
-49
-3
24
5
-20
-36
-57
-121
-148
-201
-232
-181
-187
-135
-51
9
88
123
181
225
241
210
164
167
156
163
195
154
133
124
39
7
-102
-160
-235
-292
-306
-308
-284
-219
-153
-65
13
84
162
161
204
217
198
181
199
201
166
158
151
105
9
-27
-43
-125
-160
-247
-248
-280
-291
-265
-209
-135
-80
-36
69
40
19
26
-13
-43
-5
-9
-26
-38
-8
58
17
81
97
122
119
126
92
141
194
227
240
241
201
112
86
36
-48
-92
-99
-130
-128
-162
-181
-182
-184
-53
-60
-49
-90
-159
-174
-265
-277
-316
-334
-312
-306
-223
-209
-209
-192
-185
-142
-50
5
35
63
143
170
170
201
176
163
120
53
-27
-88
-152
-210
-305
-399
-439
-488
-479
-408
-365
-344
-234
-167
-131
-76
-22
25
56
60
54
107
101
93
36
10
6
-34
-58
-152
-194
-256
-264
-278
-301
-237
-192
-165
-111
-153
-149
-162
-224
-241
-245
-232
-212
-206
-165
-118
-64
-47
4
47
99
101
143
191
207
258
248
247
273
246
272
251
164
149
124
95
75
75
95
71
47
43
39
55
46
51
58
26
-18
-83
-163
-197
-172
-215
-186
-219
-216
-187
-127
-59
-34
71
73
125
182
195
221
260
310
353
338
350
288
223
204
141
34
-48
-135
-196
-242
-287
-289
-285
-245
-212
-146
-102
-28
-13
6
28
58
85
17
30
48
23
-37
-58
-27
-22
-46
-114
-105
-160
-177
-109
-98
-58
-38
27
-20
-9
-60
-133
-157
-184
-147
-192
-196
-215
-166
-136
-115
-112
-61
-12
-19
-7
-62
-30
30
26
25
98
81
22
-11
-4
-64
-58
-58
-45
-8
-41
40
40
112
113
119
178
162
137
87
15
-39
9
-36
-39
-52
-64
-74
-159
-138
-76
-75
-48
29
49
72
118
130
108
176
193
263
269
258
199
174
146
67
-3
-73
-160
-256
-302
-362
-378
-357
-320
-260
-204
-121
-71
-14
34
41
21
-2
0
-12
-43
-46
-44
-70
-68
-67
-44
-154
-202
-170
-186
-205
-206
-187
-139
-127
-130
-109
-118
-127
-160
-188
-197
-157
-166
-138
-121
-113
-107
-109
-55
-35
-22
13
8
-17
-62
-80
-29
-11
-68
-114
-102
-144
-122
-147
-137
-135
-82
-80
-40
38
49
157
158
184
204
194
119
30
-27
-90
-64
-59
-95
-64
-19
-46
-53
-51
-41
6
8
40
63
83
146
159
182
218
237
188
141
135
109
90
81
23
-37
-82
-152
-221
-262
-308
-317
-286
-289
-209
-120
-73
-35
-4
9
68
107
109
99
32
35
1
-27
-61
-66
-54
-10
-50
-113
-103
-118
-70
-36
-51
-5
-1
-34
-29
-47
-36
-28
-49
-30
-66
-59
