1.00000000000000000000	0.00000000000000000000	0.00000000000000000000	0.00000000000000000000	0.00000000000000000000	

7.795947e-001	2.204053e-001	0.000000e+000	0.000000e+000	0.000000e+000	
0.000000e+000	7.436008e-001	2.563992e-001	0.000000e+000	0.000000e+000	
0.000000e+000	0.000000e+000	9.016740e-001	9.832599e-002	0.000000e+000	
0.000000e+000	0.000000e+000	0.000000e+000	9.148060e-001	8.519397e-002	
0.000000e+000	0.000000e+000	0.000000e+000	0.000000e+000	1.000000e+000	


1.184156e-001 2.394003e-002 2.732005e-002 1.711874e-001 1.077152e-001 7.666699e-003 1.154336e-002 6.114964e-003 1.490441e-001 3.815342e-002 1.000000e-030 9.875191e-002 8.606295e-002 2.222006e-015 2.310938e-011 1.717294e-002 1.705267e-002 3.415648e-002 2.601706e-003 6.466665e-003 2.529536e-002 1.000000e-030 1.000000e-030 1.000000e-030 2.355824e-002 1.000000e-030 1.000000e-030 1.000000e-030 2.778028e-002 1.000000e-030 1.000000e-030 1.000000e-030 
1.309310e-001 2.355162e-002 3.213605e-002 4.083452e-002 7.520934e-002 1.547718e-002 4.751911e-002 4.737323e-002 6.246326e-002 7.270671e-002 9.969060e-003 1.797968e-002 5.777371e-003 1.774593e-002 2.312050e-002 1.958462e-002 3.276524e-002 9.911004e-002 1.166893e-001 1.540461e-002 2.383664e-002 2.176990e-002 1.082333e-002 1.000000e-030 5.543820e-005 2.788371e-002 1.000000e-030 1.000000e-030 5.576442e-003 3.706242e-003 1.000000e-030 1.000000e-030 
3.183290e-003 7.043799e-003 5.404514e-001 2.794964e-002 5.154653e-006 1.613406e-002 2.013085e-002 2.193411e-002 3.217002e-003 4.545946e-002 1.358328e-009 6.743805e-002 3.299569e-023 3.909709e-002 5.364479e-003 6.835120e-016 1.000000e-030 1.221695e-001 1.626336e-002 8.305038e-024 1.000000e-030 3.917478e-002 1.000000e-030 4.166517e-003 1.000000e-030 8.729275e-003 1.000000e-030 1.000000e-030 8.897772e-003 3.190372e-003 1.000000e-030 1.000000e-030 
1.000000e-030 3.946186e-003 8.645403e-007 2.887531e-002 3.940716e-003 5.472826e-002 1.000000e-030 1.023234e-002 1.000000e-030 7.988155e-003 1.000000e-030 1.901280e-001 6.016646e-002 2.475947e-010 1.000000e-030 3.766114e-001 1.000000e-030 4.039255e-004 1.217990e-002 5.260661e-002 1.000000e-030 1.000000e-030 1.000000e-030 1.602900e-003 1.000000e-030 1.000000e-030 1.000000e-030 5.555551e-003 9.917295e-002 1.000000e-030 1.000000e-030 9.186051e-002 
2.389750e-003 9.080755e-003 9.017930e-003 2.338851e-002 9.662776e-003 5.987222e-002 2.289388e-003 6.656429e-002 1.022256e-002 3.452214e-002 2.748011e-003 3.587618e-002 3.175979e-002 7.689685e-002 1.000000e-030 8.111531e-002 1.108529e-003 1.183832e-002 3.084988e-003 4.546786e-003 1.242867e-003 1.065254e-001 1.000000e-030 1.284195e-001 6.651760e-004 1.072174e-002 1.000000e-030 1.086132e-003 5.992690e-003 1.065030e-001 1.000000e-030 1.628583e-001 
