1.00000000000000000000	0.00000000000000000000	0.00000000000000000000	0.00000000000000000000	0.00000000000000000000	

7.844738e-001	2.155262e-001	0.000000e+000	0.000000e+000	0.000000e+000	
0.000000e+000	7.646777e-001	2.353223e-001	0.000000e+000	0.000000e+000	
0.000000e+000	0.000000e+000	8.483369e-001	1.516631e-001	0.000000e+000	
0.000000e+000	0.000000e+000	0.000000e+000	9.613441e-001	3.865592e-002	
0.000000e+000	0.000000e+000	0.000000e+000	0.000000e+000	1.000000e+000	


5.505553e-002 2.776026e-002 1.686328e-001 2.605013e-002 1.666438e-002 4.657851e-002 1.309138e-002 1.219928e-001 1.000000e-030 1.069495e-002 9.529850e-003 5.069649e-002 1.000000e-030 1.666740e-002 1.000000e-030 8.331677e-002 2.499852e-002 2.045604e-002 1.665953e-001 3.003350e-002 1.000000e-030 1.189852e-012 1.000000e-030 3.332405e-002 1.000000e-030 1.000000e-030 1.000000e-030 8.336085e-003 8.333335e-003 5.283666e-002 1.000000e-030 8.355336e-003 
1.078219e-006 3.145858e-002 1.594225e-001 3.981464e-003 8.912124e-003 1.316888e-001 2.532278e-002 1.692848e-001 1.000000e-030 1.623280e-002 4.897410e-002 8.641138e-015 1.000000e-030 3.827806e-002 9.877386e-003 1.072939e-008 1.000128e-002 4.159369e-002 5.716917e-002 2.533522e-025 1.000000e-030 7.601845e-002 1.000000e-030 8.233123e-002 1.000000e-030 7.896077e-003 8.912124e-003 1.523159e-002 1.000000e-030 1.241900e-002 1.000000e-030 4.499295e-002 
1.832088e-002 7.607827e-002 2.380616e-001 6.322567e-002 1.000000e-030 1.232871e-002 1.821831e-001 3.226967e-002 2.993526e-030 2.911470e-003 2.371815e-002 3.234356e-003 1.000000e-030 6.469066e-003 4.182902e-002 2.105658e-002 1.014260e-001 2.274175e-002 7.884880e-002 2.411260e-002 1.000000e-030 2.237365e-002 3.912551e-003 1.000000e-030 1.000000e-030 1.000000e-030 5.564840e-021 1.000000e-030 4.561677e-003 1.304772e-002 1.000000e-030 7.288681e-003 
3.527932e-003 2.372557e-003 9.080574e-003 3.618952e-003 1.000000e-030 1.834564e-003 1.433713e-001 1.091900e-002 1.857948e-003 1.000000e-030 7.137334e-002 1.000000e-030 1.000000e-030 1.000000e-030 5.670618e-001 1.000000e-030 3.647847e-002 5.779676e-017 2.759741e-003 1.459905e-002 1.000000e-030 1.513928e-003 4.986798e-002 3.639668e-003 1.000000e-030 1.000000e-030 2.588612e-002 1.000000e-030 1.000000e-030 1.000000e-030 5.023663e-002 4.561072e-007 
3.398814e-002 2.964165e-002 3.501272e-002 6.033671e-002 2.130123e-002 8.870428e-002 1.654739e-002 1.857265e-002 3.048833e-002 6.576749e-002 3.913270e-002 5.786425e-002 1.159288e-001 5.449531e-002 9.081512e-003 1.506260e-002 3.478476e-002 3.647809e-002 3.046255e-002 2.154627e-002 4.983472e-003 1.897496e-002 2.985051e-003 9.833373e-004 4.166045e-003 1.289544e-002 3.078555e-020 2.983578e-003 1.033405e-001 3.306004e-002 4.300609e-004 1.000000e-030 
